3675.69280196 8.33559e-17
3677.87552521 1.01209e-16
3680.05824846 6.30421e-17
3682.24097172 8.28621e-17
3684.42369497 8.29938e-17
3686.60641822 6.49144e-17
3688.78914148 1.93653e-17
3690.97186473 2.7363e-17
3693.15458798 5.22827e-17
3695.33731123 9.34908e-17
3697.52003449 9.71181e-17
3699.70275774 4.86753e-17
3701.88548099 1.09339e-16
3704.06820425 9.59155e-17
3706.2509275 7.91733e-17
3708.43365075 8.86762e-17
3710.61637401 7.01651e-17
3712.79909726 6.70522e-17
3714.98182051 4.29995e-17
3717.16454377 5.13245e-17
3719.34726702 7.85903e-17
3721.52999027 7.70074e-17
3723.71271353 6.08847e-17
3725.89543678 5.78354e-17
3728.07816003 4.97354e-17
3730.26088328 5.01224e-17
3732.44360654 1.03034e-16
3734.62632979 1.15577e-16
3736.80905304 7.45833e-17
3738.9917763 6.04108e-17
3741.17449955 8.69575e-17
3743.3572228 9.73089e-17
3745.53994606 7.81419e-17
3747.72266931 5.04164e-17
3749.90539256 4.93389e-17
3752.08811582 7.20836e-17
3754.27083907 9.4514e-17
3756.45356232 7.33338e-17
3758.63628557 3.52391e-17
3760.81900883 6.13333e-17
3763.00173208 8.12656e-17
3765.18445533 7.56531e-17
3767.36717859 7.30133e-17
3769.54990184 7.55647e-17
3771.73262509 6.75836e-17
3773.91534835 6.63877e-17
3776.0980716 6.66149e-17
3778.28079485 1.6617e-17
3780.46351811 3.50581e-17
3782.64624136 7.88534e-17
3784.82896461 1.18367e-17
3787.01168787 3.96945e-17
3789.19441112 6.70352e-17
3791.37713437 5.40196e-17
3793.55985762 6.56961e-17
3795.74258088 8.02612e-17
3797.92530413 8.64567e-17
3800.10802738 6.76875e-17
3802.29075064 7.61099e-17
3804.47347389 7.07952e-17
3806.65619714 6.57601e-17
3808.8389204 8.15436e-17
3811.02164365 1.03363e-16
3813.2043669 1.05515e-16
3815.38709016 8.70433e-17
3817.56981341 9.04653e-17
3819.75253666 7.59998e-17
3821.93525992 5.87329e-17
3824.11798317 8.80055e-17
3826.30070642 1.03408e-16
3828.48342967 5.66726e-17
3830.66615293 5.96076e-17
3832.84887618 5.66577e-17
3835.03159943 4.04252e-17
3837.21432269 8.24987e-17
3839.39704594 7.90206e-17
3841.57976919 6.53224e-17
3843.76249245 8.89367e-17
3845.9452157 8.1296e-17
3848.12793895 7.63846e-17
3850.31066221 6.65573e-17
3852.49338546 7.92232e-17
3854.67610871 8.36962e-17
3856.85883197 5.41057e-17
3859.04155522 3.91045e-17
3861.22427847 6.83578e-17
3863.40700172 9.35134e-17
3865.58972498 6.01287e-17
3867.77244823 8.97604e-17
3869.95517148 8.66373e-17
3872.13789474 8.34512e-17
3874.32061799 8.12051e-17
3876.50334124 2.93833e-17
3878.6860645 5.7454e-17
3880.86878775 6.30321e-17
3883.051511 5.54484e-17
3885.23423426 5.69291e-17
3887.41695751 8.97671e-17
3889.59968076 1.01247e-16
3891.78240402 8.62195e-17
3893.96512727 7.30909e-17
3896.14785052 3.6337e-17
3898.33057377 7.79489e-17
3900.51329703 1.09003e-16
3902.69602028 1.12901e-16
3904.87874353 9.42426e-17
3907.06146679 6.42281e-17
3909.24419004 6.9119e-17
3911.42691329 3.82374e-17
3913.60963655 5.21046e-17
3915.7923598 7.78845e-17
3917.97508305 7.41363e-17
3920.15780631 4.72875e-17
3922.34052956 8.62445e-17
3924.52325281 5.42354e-17
3926.70597606 6.14914e-17
3928.88869932 7.06044e-17
3931.07142257 6.00647e-17
3933.25414582 7.85183e-17
3935.43686908 6.69929e-17
3937.61959233 7.36845e-17
3939.80231558 8.29545e-17
3941.98503884 7.95705e-17
3944.16776209 9.35469e-17
3946.35048534 9.11925e-17
3948.5332086 6.97656e-17
3950.71593185 7.07319e-17
3952.8986551 7.54024e-17
3955.08137836 8.72558e-17
3957.26410161 4.74955e-17
3959.44682486 3.89673e-17
3961.62954811 7.16706e-17
3963.81227137 5.704e-17
3965.99499462 6.75187e-17
3968.17771787 7.87744e-17
3970.36044113 8.32544e-17
3972.54316438 6.29485e-17
3974.72588763 6.31143e-17
3976.90861089 7.01575e-17
3979.09133414 8.46013e-17
3981.27405739 9.55541e-17
3983.45678065 5.71462e-17
3985.6395039 7.86389e-17
3987.82222715 9.51705e-17
3990.00495041 5.39079e-17
3992.18767366 6.37398e-17
3994.37039691 8.93845e-17
3996.55312016 9.32167e-17
3998.73584342 6.85959e-17
4000.91856667 3.46789e-17
4003.10128992 7.81428e-17
4005.28401318 6.35404e-17
4007.46673643 6.339e-17
4009.64945968 8.98681e-17
4011.83218294 6.63729e-17
4014.01490619 4.91315e-17
4016.19762944 7.12483e-17
4018.3803527 4.12869e-17
4020.56307595 7.20852e-17
4022.7457992 7.51191e-17
4024.92852246 5.84625e-17
4027.11124571 4.5609e-17
4029.29396896 8.45665e-17
4031.47669221 6.24037e-17
4033.65941547 8.18874e-17
4035.84213872 7.29199e-17
4038.02486197 6.6545e-17
4040.20758523 7.50631e-17
4042.39030848 6.39811e-17
4044.57303173 1.20981e-16
4046.75575499 6.37441e-17
4048.93847824 6.29321e-17
4051.12120149 8.34579e-17
4053.30392475 7.31048e-17
4055.486648 6.53347e-17
4057.66937125 9.11886e-17
4059.85209451 8.0091e-17
4062.03481776 8.41127e-17
4064.21754101 7.06207e-17
4066.40026426 6.14415e-17
4068.58298752 9.05757e-17
4070.76571077 6.5932e-17
4072.94843402 7.84232e-17
4075.13115728 7.44938e-17
4077.31388053 8.02292e-17
4079.49660378 7.02712e-17
4081.67932704 5.73286e-17
4083.86205029 6.24818e-17
4086.04477354 5.9047e-17
4088.2274968 8.53028e-17
4090.41022005 8.97116e-17
4092.5929433 7.30705e-17
4094.77566656 6.98949e-17
4096.95838981 7.17878e-17
4099.14111306 7.0426e-17
4101.32383631 6.58519e-17
4103.50655957 5.39206e-17
4105.68928282 5.27251e-17
4107.87200607 6.41742e-17
4110.05472933 6.95066e-17
4112.23745258 9.60173e-17
4114.42017583 7.42235e-17
4116.60289909 6.63426e-17
4118.78562234 4.94547e-17
4120.96834559 8.21899e-17
4123.15106885 1.09766e-16
4125.3337921 1.3456e-16
4127.51651535 9.31205e-17
4129.6992386 8.39107e-17
4131.88196186 6.94319e-17
4134.06468511 6.99615e-17
4136.24740836 5.10493e-17
4138.43013162 5.03217e-17
4140.61285487 8.06974e-17
4142.79557812 8.98273e-17
4144.97830138 7.4913e-17
4147.16102463 5.5322e-17
4149.34374788 3.74211e-17
4151.52647114 7.17762e-17
4153.70919439 7.77993e-17
4155.89191764 7.52446e-17
4158.0746409 7.23014e-17
4160.25736415 5.44951e-17
4162.4400874 5.6556e-17
4164.62281065 5.30897e-17
4166.80553391 3.87539e-17
4168.98825716 7.94671e-17
4171.17098041 9.66217e-17
4173.35370367 4.67932e-17
4175.53642692 5.38307e-17
4177.71915017 8.76277e-17
4179.90187343 7.21412e-17
4182.08459668 6.79233e-17
4184.26731993 6.17355e-17
4186.45004319 7.21569e-17
4188.63276644 8.71738e-17
4190.81548969 7.48121e-17
4192.99821295 5.19247e-17
4195.1809362 8.73864e-17
4197.36365945 7.00801e-17
4199.5463827 3.80224e-17
4201.72910596 6.24303e-17
4203.91182921 8.58552e-17
4206.09455246 5.48893e-17
4208.27727572 6.30338e-17
4210.45999897 7.38503e-17
4212.64272222 7.25717e-17
4214.82544548 6.2945e-17
4217.00816873 8.40821e-17
4219.19089198 9.72569e-17
4221.37361524 7.00583e-17
4223.55633849 9.81214e-17
4225.73906174 7.96496e-17
4227.921785 7.47326e-17
4230.10450825 6.59593e-17
4232.2872315 6.20207e-17
4234.46995475 8.38712e-17
4236.65267801 8.22598e-17
4238.83540126 8.63595e-17
4241.01812451 7.8893e-17
4243.20084777 5.25582e-17
4245.38357102 6.44297e-17
4247.56629427 4.85036e-17
4249.74901753 5.21677e-17
4251.93174078 4.40534e-17
4254.11446403 6.45385e-17
4256.29718729 6.18756e-17
4258.47991054 8.42103e-17
4260.66263379 5.82667e-17
4262.84535705 6.58067e-17
4265.0280803 5.59682e-17
4267.21080355 5.48016e-17
4269.3935268 4.78321e-17
4271.57625006 6.62672e-17
4273.75897331 7.81491e-17
4275.94169656 5.78312e-17
4278.12441982 5.22736e-17
4280.30714307 6.23206e-17
4282.48986632 6.01598e-17
4284.67258958 6.6633e-17
4286.85531283 7.52445e-17
4289.03803608 4.43184e-17
4291.22075934 6.39154e-17
4293.40348259 6.81762e-17
4295.58620584 5.18208e-17
4297.76892909 6.72262e-17
4299.95165235 9.25596e-17
4302.1343756 8.19032e-17
4304.31709885 7.9014e-17
4306.49982211 5.75017e-17
4308.68254536 3.81475e-17
4310.86526861 6.12541e-17
4313.04799187 7.37903e-17
4315.23071512 7.77723e-17
4317.41343837 7.0942e-17
4319.59616163 4.10994e-17
4321.77888488 5.30173e-17
4323.96160813 7.46026e-17
4326.14433139 7.48436e-17
4328.32705464 7.21029e-17
4330.50977789 8.46446e-17
4332.69250114 8.12425e-17
4334.8752244 6.68237e-17
4337.05794765 7.77206e-17
4339.2406709 7.11146e-17
4341.42339416 9.53472e-17
4343.60611741 8.66449e-17
4345.78884066 7.06809e-17
4347.97156392 7.81339e-17
4350.15428717 5.71216e-17
4352.33701042 3.7842e-17
4354.51973368 6.33541e-17
4356.70245693 4.49183e-17
4358.88518018 5.11133e-17
4361.06790344 4.74095e-17
4363.25062669 4.83336e-17
4365.43334994 5.70129e-17
4367.61607319 5.10415e-17
4369.79879645 4.17399e-17
4371.9815197 3.25899e-17
4374.16424295 4.21141e-17
4376.34696621 4.87233e-17
4378.52968946 4.4392e-17
4380.71241271 6.36225e-17
4382.89513597 6.87409e-17
4385.07785922 6.08112e-17
4387.26058247 4.7668e-17
4389.44330573 4.46019e-17
4391.62602898 4.81038e-17
4393.80875223 4.7785e-17
4395.99147549 4.02389e-17
4398.17419874 4.40563e-17
4400.35692199 6.29063e-17
4402.53964524 6.35336e-17
4404.7223685 5.23274e-17
4406.90509175 4.49435e-17
4409.087815 6.97707e-17
4411.27053826 8.02819e-17
4413.45326151 8.72534e-17
4415.63598476 1.03425e-16
4417.81870802 9.0231e-17
4420.00143127 1.03775e-16
4422.18415452 1.13958e-16
4424.36687778 1.14487e-16
4426.54960103 1.36001e-16
4428.73232428 1.37248e-16
4430.91504754 1.27633e-16
4433.09777079 1.06192e-16
4435.28049404 9.17538e-17
4437.46321729 9.28443e-17
4439.64594055 8.04751e-17
4441.8286638 6.4365e-17
4444.01138705 7.83672e-17
4446.19411031 8.40622e-17
4448.37683356 1.05561e-16
4450.55955681 9.04245e-17
4452.74228007 1.10623e-16
4454.92500332 9.27717e-17
4457.10772657 5.53671e-17
4459.29044983 7.52062e-17
4461.47317308 6.57524e-17
4463.65589633 4.84634e-17
4465.83861958 3.17682e-17
4468.02134284 6.11958e-17
4470.20406609 7.57621e-17
4472.38678934 8.54668e-17
4474.5695126 9.44438e-17
4476.75223585 1.06012e-16
4478.9349591 5.43264e-17
4481.11768236 6.40243e-17
4483.30040561 9.2539e-17
4485.48312886 7.3597e-17
4487.66585212 7.95e-17
4489.84857537 7.81708e-17
4492.03129862 8.89949e-17
4494.21402188 6.73264e-17
4496.39674513 7.14491e-17
4498.57946838 8.70335e-17
4500.76219163 7.55771e-17
4502.94491489 5.05763e-17
4505.12763814 5.20915e-17
4507.31036139 6.86633e-17
4509.49308465 7.9232e-17
4511.6758079 8.4302e-17
4513.85853115 5.06318e-17
4516.04125441 3.29117e-17
4518.22397766 5.56936e-17
4520.40670091 8.16637e-17
4522.58942417 6.90726e-17
4524.77214742 7.87064e-17
4526.95487067 8.97603e-17
4529.13759393 7.87695e-17
4531.32031718 7.36672e-17
4533.50304043 5.61729e-17
4535.68576368 7.41457e-17
4537.86848694 8.69245e-17
4540.05121019 1.10123e-16
4542.23393344 8.65494e-17
4544.4166567 8.78978e-17
4546.59937995 7.73304e-17
4548.7821032 7.58243e-17
4550.96482646 9.40875e-17
4553.14754971 1.09261e-16
4555.33027296 6.52142e-17
4557.51299622 5.51749e-17
4559.69571947 7.61396e-17
4561.87844272 9.35117e-17
4564.06116598 1.00418e-16
4566.24388923 1.06241e-16
4568.42661248 8.22967e-17
4570.60933573 9.99684e-17
4572.79205899 7.13299e-17
4574.97478224 9.45287e-17
4577.15750549 9.78611e-17
4579.34022875 8.98611e-17
4581.522952 9.80527e-17
4583.70567525 7.87481e-17
4585.88839851 8.98281e-17
4588.07112176 1.02831e-16
4590.25384501 9.33076e-17
4592.43656827 8.68097e-17
4594.61929152 7.40981e-17
4596.80201477 5.62455e-17
4598.98473803 7.29755e-17
4601.16746128 7.66616e-17
4603.35018453 6.14061e-17
4605.53290778 6.39088e-17
4607.71563104 8.84104e-17
4609.89835429 1.18686e-16
4612.08107754 1.38021e-17
4614.2638008 -1.52828e-17
4616.44652405 7.10509e-17
4618.6292473 8.39383e-17
4620.81197056 7.7554e-17
4622.99469381 7.77434e-17
4625.17741706 6.62519e-17
4627.36014032 6.25207e-17
4629.54286357 6.69441e-17
4631.72558682 6.27232e-17
4633.90831007 5.86831e-17
4636.09103333 6.46544e-17
4638.27375658 7.11644e-17
4640.45647983 9.31206e-17
4642.63920309 8.29218e-17
4644.82192634 7.29844e-17
4647.00464959 8.69378e-17
4649.18737285 8.9558e-17
4651.3700961 7.98388e-17
4653.55281935 9.48694e-17
4655.73554261 9.85878e-17
4657.91826586 8.24193e-17
4660.10098911 6.38065e-17
4662.28371237 6.79049e-17
4664.46643562 1.05892e-16
4666.64915887 1.00426e-16
4668.83188212 7.38001e-17
4671.01460538 6.46487e-17
4673.19732863 7.50684e-17
4675.38005188 6.33727e-17
4677.56277514 7.77858e-17
4679.74549839 6.93593e-17
4681.92822164 7.00788e-17
4684.1109449 9.94279e-17
4686.29366815 1.01596e-16
4688.4763914 6.1128e-17
4690.65911466 7.27019e-17
4692.84183791 8.97179e-17
4695.02456116 5.67423e-17
4697.20728442 7.4709e-17
4699.39000767 7.2624e-17
4701.57273092 7.20188e-17
4703.75545417 7.9477e-17
4705.93817743 7.83198e-17
4708.12090068 6.80912e-17
4710.30362393 7.19784e-17
4712.48634719 8.5008e-17
4714.66907044 6.63002e-17
4716.85179369 7.70266e-17
4719.03451695 8.4274e-17
4721.2172402 7.59545e-17
4723.39996345 6.64527e-17
4725.58268671 5.62607e-17
4727.76540996 7.30048e-17
4729.94813321 8.12113e-17
4732.13085647 8.09959e-17
4734.31357972 5.37739e-17
4736.49630297 7.2138e-17
4738.67902622 7.69089e-17
4740.86174948 9.68212e-17
4743.04447273 7.90511e-17
4745.22719598 7.77204e-17
4747.40991924 7.12141e-17
4749.59264249 7.0746e-17
4751.77536574 5.42587e-17
4753.958089 3.69834e-17
4756.14081225 6.43888e-17
4758.3235355 7.52156e-17
4760.50625876 7.53973e-17
4762.68898201 5.1339e-17
4764.87170526 6.3497e-17
4767.05442852 5.1927e-17
4769.23715177 5.84101e-17
4771.41987502 6.09103e-17
4773.60259827 6.22542e-17
4775.78532153 7.83015e-17
4777.96804478 7.26246e-17
4780.15076803 7.37121e-17
4782.33349129 9.02614e-17
4784.51621454 9.80777e-17
4786.69893779 8.04482e-17
4788.88166105 8.1916e-17
4791.0643843 8.65739e-17
4793.24710755 8.36855e-17
4795.42983081 6.83488e-17
4797.61255406 4.50919e-17
4799.79527731 7.68272e-17
4801.97800056 9.57914e-17
4804.16072382 7.68458e-17
4806.34344707 7.30843e-17
4808.52617032 7.98495e-17
4810.70889358 6.39292e-17
4812.89161683 1.0456e-16
4815.07434008 1.09037e-16
4817.25706334 8.13576e-17
4819.43978659 9.18941e-17
4821.62250984 9.21353e-17
4823.8052331 6.14092e-17
4825.98795635 7.67257e-17
4828.1706796 7.4853e-17
4830.35340286 9.53873e-17
4832.53612611 1.02544e-16
4834.71884936 1.00282e-16
4836.90157261 9.92597e-17
4839.08429587 8.27413e-17
4841.26701912 8.87705e-17
4843.44974237 9.08472e-17
4845.63246563 9.71081e-17
4847.81518888 7.91744e-17
4849.99791213 9.70059e-17
4852.18063539 8.04669e-17
4854.36335864 4.70032e-17
4856.54608189 7.43468e-17
4858.72880515 8.85318e-17
4860.9115284 6.92398e-17
4863.09425165 7.51909e-17
4865.27697491 8.19577e-17
4867.45969816 5.98323e-17
4869.64242141 6.9832e-17
4871.82514466 8.34417e-17
4874.00786792 8.2231e-17
4876.19059117 9.09554e-17
4878.37331442 9.06249e-17
4880.55603768 8.84674e-17
4882.73876093 8.61967e-17
4884.92148418 7.74903e-17
4887.10420744 8.30893e-17
4889.28693069 7.73218e-17
4891.46965394 7.88409e-17
4893.6523772 8.71557e-17
4895.83510045 7.22603e-17
4898.0178237 7.38126e-17
4900.20054696 7.33574e-17
4902.38327021 8.01646e-17
4904.56599346 1.10056e-16
4906.74871671 9.36526e-17
4908.93143997 9.01686e-17
4911.11416322 8.0884e-17
4913.29688647 6.98806e-17
4915.47960973 8.98361e-17
4917.66233298 8.28694e-17
4919.84505623 7.44632e-17
4922.02777949 8.74931e-17
4924.21050274 9.96648e-17
4926.39322599 7.64413e-17
4928.57594925 8.76248e-17
4930.7586725 1.18515e-16
4932.94139575 9.76631e-17
4935.12411901 8.73565e-17
4937.30684226 9.4401e-17
4939.48956551 8.06467e-17
4941.67228876 8.99314e-17
4943.85501202 8.9445e-17
4946.03773527 8.81259e-17
4948.22045852 8.04106e-17
4950.40318178 9.61538e-17
4952.58590503 7.76051e-17
4954.76862828 8.29115e-17
4956.95135154 9.40249e-17
4959.13407479 1.02432e-16
4961.31679804 1.0625e-16
4963.4995213 7.1959e-17
4965.68224455 9.16836e-17
4967.8649678 8.84352e-17
4970.04769105 7.36694e-17
4972.23041431 7.03643e-17
4974.41313756 9.92238e-17
4976.59586081 9.12127e-17
4978.77858407 1.02114e-16
4980.96130732 1.11745e-16
4983.14403057 1.02411e-16
4985.32675383 8.4758e-17
4987.50947708 1.02916e-16
4989.69220033 1.01498e-16
4991.87492359 7.16746e-17
4994.05764684 9.74437e-17
4996.24037009 9.90418e-17
4998.42309335 1.05568e-16
5000.6058166 9.89785e-17
5002.78853985 1.14911e-16
5004.9712631 1.08276e-16
5007.15398636 1.0795e-16
5009.33670961 9.49423e-17
5011.51943286 7.58349e-17
5013.70215612 8.55326e-17
5015.88487937 9.84985e-17
5018.06760262 9.28973e-17
5020.25032588 1.10085e-16
5022.43304913 8.39653e-17
5024.61577238 6.49942e-17
5026.79849564 7.45868e-17
5028.98121889 8.8189e-17
5031.16394214 7.25467e-17
5033.3466654 8.30169e-17
5035.52938865 8.3005e-17
5037.7121119 9.16404e-17
5039.89483515 1.03195e-16
5042.07755841 1.07042e-16
5044.26028166 8.20917e-17
5046.44300491 6.97628e-17
5048.62572817 1.1641e-16
5050.80845142 8.96884e-17
5052.99117467 8.4082e-17
5055.17389793 9.65592e-17
5057.35662118 9.54641e-17
5059.53934443 1.02822e-16
5061.72206769 1.12877e-16
5063.90479094 9.2105e-17
5066.08751419 1.04364e-16
5068.27023745 1.05468e-16
5070.4529607 1.02489e-16
5072.63568395 8.7823e-17
5074.8184072 7.59906e-17
5077.00113046 8.42732e-17
5079.18385371 7.71844e-17
5081.36657696 9.44634e-17
5083.54930022 8.55094e-17
5085.73202347 1.18381e-16
5087.91474672 8.64886e-17
5090.09746998 8.33057e-17
5092.28019323 9.28894e-17
5094.46291648 1.02191e-16
5096.64563974 8.94595e-17
5098.82836299 9.30017e-17
5101.01108624 1.03578e-16
5103.1938095 1.06926e-16
5105.37653275 1.04562e-16
5107.559256 1.09633e-16
5109.74197925 1.20627e-16
5111.92470251 1.18711e-16
5114.10742576 1.13235e-16
5116.29014901 9.44748e-17
5118.47287227 9.70463e-17
5120.65559552 8.88099e-17
5122.83831877 1.05089e-16
5125.02104203 9.95576e-17
5127.20376528 9.08644e-17
5129.38648853 9.97001e-17
5131.56921179 9.7095e-17
5133.75193504 1.13981e-16
5135.93465829 1.14955e-16
5138.11738155 9.96804e-17
5140.3001048 1.16907e-16
5142.48282805 1.13236e-16
5144.6655513 1.02765e-16
5146.84827456 9.26496e-17
5149.03099781 1.02391e-16
5151.21372106 1.10409e-16
5153.39644432 1.08558e-16
5155.57916757 9.95149e-17
5157.76189082 1.06415e-16
5159.94461408 1.13492e-16
5162.12733733 1.04838e-16
5164.31006058 9.09355e-17
5166.49278384 8.85963e-17
5168.67550709 1.02091e-16
5170.85823034 9.78915e-17
5173.04095359 8.11364e-17
5175.22367685 8.35802e-17
5177.4064001 7.86051e-17
5179.58912335 8.46751e-17
5181.77184661 8.97174e-17
5183.95456986 9.87378e-17
5186.13729311 1.19223e-16
5188.32001637 1.0725e-16
5190.50273962 1.13413e-16
5192.68546287 1.06745e-16
5194.86818613 8.41613e-17
5197.05090938 1.02349e-16
5199.23363263 1.19431e-16
5201.41635589 1.1025e-16
5203.59907914 1.06128e-16
5205.78180239 1.13987e-16
5207.96452564 1.03488e-16
5210.1472489 9.87648e-17
5212.32997215 8.09598e-17
5214.5126954 7.23234e-17
5216.69541866 8.86174e-17
5218.87814191 1.06742e-16
5221.06086516 9.53732e-17
5223.24358842 1.00717e-16
5225.42631167 9.97279e-17
5227.60903492 1.09818e-16
5229.79175818 9.78207e-17
5231.97448143 8.48535e-17
5234.15720468 1.18665e-16
5236.33992794 1.20256e-16
5238.52265119 9.40394e-17
5240.70537444 7.91098e-17
5242.88809769 9.70473e-17
5245.07082095 7.83584e-17
5247.2535442 7.42816e-17
5249.43626745 1.10793e-16
5251.61899071 1.11945e-16
5253.80171396 1.13974e-16
5255.98443721 1.00427e-16
5258.16716047 8.45894e-17
5260.34988372 1.19201e-16
5262.53260697 7.39901e-17
5264.71533023 7.46608e-17
5266.89805348 9.79624e-17
5269.08077673 9.67249e-17
5271.26349999 8.35465e-17
5273.44622324 9.05019e-17
5275.62894649 9.86684e-17
5277.81166974 1.04819e-16
5279.994393 1.09725e-16
5282.17711625 1.06015e-16
5284.3598395 9.69834e-17
5286.54256276 1.09378e-16
5288.72528601 9.39203e-17
5290.90800926 8.6711e-17
5293.09073252 1.03336e-16
5295.27345577 8.86129e-17
5297.45617902 8.70502e-17
5299.63890228 8.84549e-17
5301.82162553 9.96858e-17
5304.00434878 8.71882e-17
5306.18707204 1.09851e-16
5308.36979529 9.46319e-17
5310.55251854 1.01817e-16
5312.73524179 9.20343e-17
5314.91796505 1.0392e-16
5317.1006883 1.03918e-16
5319.28341155 9.67819e-17
5321.46613481 1.18805e-16
5323.64885806 8.82916e-17
5325.83158131 8.51431e-17
5328.01430457 9.45538e-17
5330.19702782 1.05092e-16
5332.37975107 9.03436e-17
5334.56247433 8.85423e-17
5336.74519758 8.51834e-17
5338.92792083 1.04511e-16
5341.11064408 9.38685e-17
5343.29336734 9.42144e-17
5345.47609059 9.75618e-17
5347.65881384 7.87224e-17
5349.8415371 1.02461e-16
5352.02426035 9.78035e-17
5354.2069836 9.25781e-17
5356.38970686 8.72528e-17
5358.57243011 8.4422e-17
5360.75515336 8.87727e-17
5362.93787662 9.07137e-17
5365.12059987 9.16752e-17
5367.30332312 9.61878e-17
5369.48604638 9.38023e-17
5371.66876963 8.38874e-17
5373.85149288 1.04914e-16
5376.03421613 1.03675e-16
5378.21693939 9.98518e-17
5380.39966264 1.02413e-16
5382.58238589 9.15667e-17
5384.76510915 9.07909e-17
5386.9478324 7.59561e-17
5389.13055565 9.05511e-17
5391.31327891 9.44661e-17
5393.49600216 9.19589e-17
5395.67872541 9.26001e-17
5397.86144867 8.84121e-17
5400.04417192 7.80234e-17
5402.22689517 8.20843e-17
5404.40961843 8.84767e-17
5406.59234168 9.35966e-17
5408.77506493 9.96912e-17
5410.95778818 8.00819e-17
5413.14051144 8.88551e-17
5415.32323469 8.33112e-17
5417.50595794 1.16687e-16
5419.6886812 9.60038e-17
5421.87140445 9.68305e-17
5424.0541277 9.38094e-17
5426.23685096 1.0753e-16
5428.41957421 9.76386e-17
5430.60229746 1.01078e-16
5432.78502072 9.09197e-17
5434.96774397 1.11534e-16
5437.15046722 9.7935e-17
5439.33319048 7.84773e-17
5441.51591373 9.30117e-17
5443.69863698 1.23994e-16
5445.88136023 1.00428e-16
5448.06408349 7.64925e-17
5450.24680674 7.94101e-17
5452.42952999 6.9112e-17
5454.61225325 8.70997e-17
5456.7949765 1.05771e-16
5458.97769975 8.70196e-17
5461.16042301 9.82814e-17
5463.34314626 9.85893e-17
5465.52586951 8.59937e-17
5467.70859277 8.20259e-17
5469.89131602 8.0718e-17
5472.07403927 9.09386e-17
5474.25676253 9.96801e-17
5476.43948578 9.10236e-17
5478.62220903 9.42547e-17
5480.80493228 1.10829e-16
5482.98765554 9.68071e-17
5485.17037879 1.0089e-16
5487.35310204 1.16946e-16
5489.5358253 9.08194e-17
5491.71854855 7.2913e-17
5493.9012718 1.01326e-16
5496.08399506 8.9699e-17
5498.26671831 8.72186e-17
5500.44944156 9.45234e-17
5502.63216482 9.35254e-17
5504.81488807 9.1796e-17
5506.99761132 8.42936e-17
5509.18033457 8.67088e-17
5511.36305783 8.16528e-17
5513.54578108 9.2344e-17
5515.72850433 1.01672e-16
5517.91122759 9.20204e-17
5520.09395084 9.33616e-17
5522.27667409 1.09315e-16
5524.45939735 8.98969e-17
5526.6421206 8.12883e-17
5528.82484385 6.62107e-17
5531.00756711 9.96375e-17
5533.19029036 9.78294e-17
5535.37301361 9.30669e-17
5537.55573687 8.21858e-17
5539.73846012 7.77843e-17
5541.92118337 7.71025e-17
5544.10390662 8.2029e-17
5546.28662988 7.84195e-17
5548.46935313 9.34685e-17
5550.65207638 8.99915e-17
5552.83479964 1.02539e-16
5555.01752289 9.18495e-17
5557.20024614 9.11685e-17
5559.3829694 9.85867e-17
5561.56569265 8.00106e-17
5563.7484159 7.54955e-17
5565.93113916 7.77206e-17
5568.11386241 1.02314e-16
5570.29658566 8.58817e-17
5572.47930892 8.18056e-17
5574.66203217 1.87918e-16
5576.84475542 2.01096e-16
5579.02747867 7.68962e-17
5581.21020193 8.85502e-17
5583.39292518 8.13281e-17
5585.57564843 9.77941e-17
5587.75837169 7.30007e-17
5589.94109494 7.96308e-17
5592.12381819 8.55837e-17
5594.30654145 8.34045e-17
5596.4892647 9.8567e-17
5598.67198795 9.74237e-17
5600.85471121 8.73855e-17
5603.03743446 1.00995e-16
5605.22015771 1.08268e-16
5607.40288097 8.98661e-17
5609.58560422 7.35763e-17
5611.76832747 7.85638e-17
5613.95105072 8.61235e-17
5616.13377398 7.61537e-17
5618.31649723 9.815e-17
5620.49922048 1.03084e-16
5622.68194374 1.03059e-16
5624.86466699 9.92138e-17
5627.04739024 6.31611e-17
5629.2301135 7.8419e-17
5631.41283675 9.45391e-17
5633.59556 6.72899e-17
5635.77828326 8.43322e-17
5637.96100651 1.05018e-16
5640.14372976 8.49721e-17
5642.32645302 7.28106e-17
5644.50917627 9.34989e-17
5646.69189952 9.90837e-17
5648.87462277 9.30156e-17
5651.05734603 1.01587e-16
5653.24006928 9.20731e-17
5655.42279253 9.18101e-17
5657.60551579 8.40433e-17
5659.78823904 8.31965e-17
5661.97096229 9.03932e-17
5664.15368555 8.65554e-17
5666.3364088 8.21394e-17
5668.51913205 8.57192e-17
5670.70185531 1.09139e-16
5672.88457856 9.44083e-17
5675.06730181 7.16934e-17
5677.25002506 8.91458e-17
5679.43274832 7.3796e-17
5681.61547157 -2.72272e-18
5683.79819482 3.66092e-17
5685.98091808 1.01105e-16
5688.16364133 7.78322e-17
5690.34636458 8.95433e-17
5692.52908784 9.65516e-17
5694.71181109 8.4621e-17
5696.89453434 8.47806e-17
5699.0772576 1.00641e-16
5701.25998085 1.0037e-16
5703.4427041 8.3733e-17
5705.62542736 1.07327e-16
5707.80815061 1.03922e-16
5709.99087386 8.50807e-17
5712.17359711 8.65626e-17
5714.35632037 9.13102e-17
5716.53904362 7.7287e-17
5718.72176687 7.41431e-17
5720.90449013 7.44536e-17
5723.08721338 8.29997e-17
5725.26993663 9.7646e-17
5727.45265989 9.9391e-17
5729.63538314 6.09284e-17
5731.81810639 5.09178e-17
5734.00082965 7.73909e-17
5736.1835529 8.11574e-17
5738.36627615 8.31396e-17
5740.54899941 7.95866e-17
5742.73172266 7.46928e-17
5744.91444591 7.11104e-17
5747.09716916 7.27659e-17
5749.27989242 7.7144e-17
5751.46261567 8.20258e-17
5753.64533892 9.0359e-17
5755.82806218 8.6089e-17
5758.01078543 8.77684e-17
5760.19350868 7.58189e-17
5762.37623194 7.67888e-17
5764.55895519 8.15761e-17
5766.74167844 7.70756e-17
5768.9244017 8.41282e-17
5771.10712495 7.7876e-17
5773.2898482 9.62448e-17
5775.47257146 7.72816e-17
5777.65529471 5.85366e-17
5779.83801796 8.20404e-17
5782.02074121 8.33745e-17
5784.20346447 8.98292e-17
5786.38618772 7.63497e-17
5788.56891097 7.7004e-17
5790.75163423 7.29962e-17
5792.93435748 7.76209e-17
5795.11708073 8.64042e-17
5797.29980399 7.48465e-17
5799.48252724 8.27403e-17
5801.66525049 1.03502e-16
5803.84797375 1.00926e-16
5806.030697 8.39314e-17
5808.21342025 7.65981e-17
5810.39614351 8.86217e-17
5812.57886676 7.81792e-17
5814.76159001 9.65408e-17
5816.94431326 9.91833e-17
5819.12703652 9.97965e-17
5821.30975977 9.60151e-17
5823.49248302 7.58425e-17
5825.67520628 8.50557e-17
5827.85792953 8.98782e-17
5830.04065278 9.02571e-17
5832.22337604 8.7718e-17
5834.40609929 9.19417e-17
5836.58882254 9.40965e-17
5838.7715458 8.21904e-17
5840.95426905 6.75223e-17
5843.1369923 7.16774e-17
5845.31971555 8.12688e-17
5847.50243881 8.49418e-17
5849.68516206 1.05408e-16
5851.86788531 9.30881e-17
5854.05060857 1.07463e-16
5856.23333182 8.77473e-17
5858.41605507 7.55224e-17
5860.59877833 9.31966e-17
5862.78150158 9.56992e-17
5864.96422483 9.9641e-17
5867.14694809 9.31933e-17
5869.32967134 8.13894e-17
5871.51239459 7.31128e-17
5873.69511785 8.7881e-17
5875.8778411 8.5821e-17
5878.06056435 9.49473e-17
5880.2432876 8.62279e-17
5882.42601086 7.4668e-17
5884.60873411 7.795e-17
5886.79145736 8.42757e-17
5888.97418062 1.02292e-16
5891.15690387 7.32926e-17
5893.33962712 9.17702e-17
5895.52235038 8.25583e-17
5897.70507363 9.80006e-17
5899.88779688 1.03248e-16
5902.07052014 8.80074e-17
5904.25324339 7.73654e-17
5906.43596664 8.35189e-17
5908.6186899 8.79879e-17
5910.80141315 6.72743e-17
5912.9841364 8.34259e-17
5915.16685965 8.23375e-17
5917.34958291 8.95029e-17
5919.53230616 9.42951e-17
5921.71502941 9.15484e-17
5923.89775267 8.80141e-17
5926.08047592 9.68471e-17
5928.26319917 9.15952e-17
5930.44592243 8.63883e-17
5932.62864568 8.02916e-17
5934.81136893 7.44879e-17
5936.99409219 9.3003e-17
5939.17681544 1.08458e-16
5941.35953869 9.45864e-17
5943.54226195 8.94856e-17
5945.7249852 9.05349e-17
5947.90770845 9.01198e-17
5950.0904317 6.45606e-17
5952.27315496 8.10469e-17
5954.45587821 9.8388e-17
5956.63860146 9.07741e-17
5958.82132472 8.74086e-17
5961.00404797 1.0598e-16
5963.18677122 9.86014e-17
5965.36949448 8.73814e-17
5967.55221773 9.01445e-17
5969.73494098 8.51355e-17
5971.91766424 8.53492e-17
5974.10038749 7.8614e-17
5976.28311074 9.26757e-17
5978.465834 9.03945e-17
5980.64855725 8.81754e-17
5982.8312805 9.35143e-17
5985.01400375 8.84248e-17
5987.19672701 7.79685e-17
5989.37945026 8.69228e-17
5991.56217351 8.68763e-17
5993.74489677 7.56835e-17
5995.92762002 9.10851e-17
5998.11034327 9.59461e-17
6000.29306653 9.9982e-17
6002.47578978 9.7538e-17
6004.65851303 8.37917e-17
6006.84123629 8.4054e-17
6009.02395954 9.44658e-17
6011.20668279 8.70015e-17
6013.38940605 7.68325e-17
6015.5721293 9.09154e-17
6017.75485255 1.04281e-16
6019.9375758 8.74472e-17
6022.12029906 8.65943e-17
6024.30302231 8.17953e-17
6026.48574556 8.73548e-17
6028.66846882 8.78856e-17
6030.85119207 7.53368e-17
6033.03391532 1.01289e-16
6035.21663858 1.00819e-16
6037.39936183 8.60755e-17
6039.58208508 8.80417e-17
6041.76480834 8.10836e-17
6043.94753159 8.86808e-17
6046.13025484 7.4229e-17
6048.31297809 6.93368e-17
6050.49570135 7.49119e-17
6052.6784246 8.87944e-17
6054.86114785 8.92083e-17
6057.04387111 9.58932e-17
6059.22659436 1.0078e-16
6061.40931761 9.08331e-17
6063.59204087 7.8242e-17
6065.77476412 9.97421e-17
6067.95748737 1.00641e-16
6070.14021063 1.00968e-16
6072.32293388 8.60871e-17
6074.50565713 8.62091e-17
6076.68838039 6.87027e-17
6078.87110364 8.19885e-17
6081.05382689 7.45472e-17
6083.23655014 7.80396e-17
6085.4192734 8.76174e-17
6087.60199665 8.62385e-17
6089.7847199 9.00661e-17
6091.96744316 9.34257e-17
6094.15016641 1.08556e-16
6096.33288966 7.49545e-17
6098.51561292 7.59892e-17
6100.69833617 7.33686e-17
6102.88105942 8.61649e-17
6105.06378268 9.16084e-17
6107.24650593 9.32252e-17
6109.42922918 9.49088e-17
6111.61195244 8.02334e-17
6113.79467569 7.57674e-17
6115.97739894 8.6805e-17
6118.16012219 9.34246e-17
6120.34284545 9.70742e-17
6122.5255687 9.50381e-17
6124.70829195 1.07282e-16
6126.89101521 1.06601e-16
6129.07373846 8.91243e-17
6131.25646171 7.01879e-17
6133.43918497 6.53809e-17
6135.62190822 7.76744e-17
6137.80463147 8.07289e-17
6139.98735473 9.09045e-17
6142.17007798 1.02039e-16
6144.35280123 8.40391e-17
6146.53552449 8.91772e-17
6148.71824774 8.521e-17
6150.90097099 9.29384e-17
6153.08369424 9.20805e-17
6155.2664175 1.11706e-16
6157.44914075 9.06521e-17
6159.631864 8.00168e-17
6161.81458726 8.94401e-17
6163.99731051 9.34303e-17
6166.18003376 6.38158e-17
6168.36275702 9.53558e-17
6170.54548027 1.03613e-16
6172.72820352 9.34157e-17
6174.91092678 8.94776e-17
6177.09365003 8.02749e-17
6179.27637328 7.96849e-17
6181.45909654 9.04588e-17
6183.64181979 8.30964e-17
6185.82454304 8.98933e-17
6188.00726629 1.02831e-16
6190.18998955 8.79089e-17
6192.3727128 9.81931e-17
6194.55543605 1.03031e-16
6196.73815931 9.14492e-17
6198.92088256 9.05822e-17
6201.10360581 7.73321e-17
6203.28632907 7.43254e-17
6205.46905232 8.91603e-17
6207.65177557 8.75994e-17
6209.83449883 7.46515e-17
6212.01722208 7.69077e-17
6214.19994533 8.13572e-17
6216.38266858 7.92546e-17
6218.56539184 9.72789e-17
6220.74811509 8.83154e-17
6222.93083834 8.63171e-17
6225.1135616 9.65223e-17
6227.29628485 9.23055e-17
6229.4790081 7.45013e-17
6231.66173136 8.5314e-17
6233.84445461 8.64998e-17
6236.02717786 7.21224e-17
6238.20990112 9.13384e-17
6240.39262437 1.03413e-16
6242.57534762 9.9621e-17
6244.75807088 9.61937e-17
6246.94079413 8.08925e-17
6249.12351738 1.00042e-16
6251.30624063 9.63051e-17
6253.48896389 1.09782e-16
6255.67168714 9.88715e-17
6257.85441039 1.01824e-16
6260.03713365 9.74525e-17
6262.2198569 8.49055e-17
6264.40258015 9.47836e-17
6266.58530341 8.26345e-17
6268.76802666 9.06204e-17
6270.95074991 8.89974e-17
6273.13347317 9.88713e-17
6275.31619642 9.91596e-17
6277.49891967 8.9258e-17
6279.68164293 9.88037e-17
6281.86436618 9.10662e-17
6284.04708943 1.01334e-16
6286.22981268 8.84376e-17
6288.41253594 8.66575e-17
6290.59525919 8.74859e-17
6292.77798244 8.74599e-17
6294.9607057 9.79135e-17
6297.14342895 1.06809e-16
6299.3261522 8.92863e-17
6301.50887546 1.06246e-16
6303.69159871 1.03738e-16
6305.87432196 8.56566e-17
6308.05704522 9.60394e-17
6310.23976847 9.2046e-17
6312.42249172 1.10407e-16
6314.60521498 1.07675e-16
6316.78793823 8.97766e-17
6318.97066148 8.14615e-17
6321.15338473 7.55696e-17
6323.33610799 1.0066e-16
6325.51883124 8.05454e-17
6327.70155449 6.59843e-17
6329.88427775 7.71243e-17
6332.067001 7.56106e-17
6334.24972425 1.00064e-16
6336.43244751 9.17371e-17
6338.61517076 9.38948e-17
6340.79789401 8.62313e-17
6342.98061727 9.9649e-17
6345.16334052 9.46273e-17
6347.34606377 9.74271e-17
6349.52878703 9.68567e-17
6351.71151028 9.69078e-17
6353.89423353 1.01621e-16
6356.07695678 8.7202e-17
6358.25968004 9.79228e-17
6360.44240329 9.73936e-17
6362.62512654 9.25901e-17
6364.8078498 8.58479e-17
6366.99057305 9.89709e-17
6369.1732963 9.05168e-17
6371.35601956 9.22478e-17
6373.53874281 9.78132e-17
6375.72146606 1.02773e-16
6377.90418932 9.37079e-17
6380.08691257 9.56974e-17
6382.26963582 9.3952e-17
6384.45235907 9.31386e-17
6386.63508233 9.30376e-17
6388.81780558 9.36508e-17
6391.00052883 1.04944e-16
6393.18325209 8.22188e-17
6395.36597534 8.51744e-17
6397.54869859 8.89316e-17
6399.73142185 8.92749e-17
6401.9141451 8.34874e-17
6404.09686835 7.7307e-17
6406.27959161 9.20861e-17
6408.46231486 9.52653e-17
6410.64503811 8.91288e-17
6412.82776137 8.59883e-17
6415.01048462 8.37354e-17
6417.19320787 7.42764e-17
6419.37593112 7.89404e-17
6421.55865438 7.43394e-17
6423.74137763 8.75277e-17
6425.92410088 8.61791e-17
6428.10682414 8.17191e-17
6430.28954739 7.38921e-17
6432.47227064 8.08557e-17
6434.6549939 9.23445e-17
6436.83771715 8.17768e-17
6439.0204404 9.62441e-17
6441.20316366 9.13181e-17
6443.38588691 7.31829e-17
6445.56861016 8.47045e-17
6447.75133342 8.58356e-17
6449.93405667 8.55177e-17
6452.11677992 8.28199e-17
6454.29950317 7.86842e-17
6456.48222643 8.55574e-17
6458.66494968 7.92361e-17
6460.84767293 7.89411e-17
6463.03039619 9.15722e-17
6465.21311944 1.02479e-16
6467.39584269 8.0188e-17
6469.57856595 7.06483e-17
6471.7612892 8.12727e-17
6473.94401245 8.92762e-17
6476.12673571 9.46302e-17
6478.30945896 7.65897e-17
6480.49218221 6.83387e-17
6482.67490547 9.57777e-17
6484.85762872 9.34546e-17
6487.04035197 7.93007e-17
6489.22307522 7.43523e-17
6491.40579848 7.9752e-17
6493.58852173 8.41024e-17
6495.77124498 8.54673e-17
6497.95396824 8.38098e-17
6500.13669149 9.04213e-17
6502.31941474 8.51947e-17
6504.502138 6.81102e-17
6506.68486125 8.1353e-17
6508.8675845 9.90082e-17
6511.05030776 9.3745e-17
6513.23303101 8.27978e-17
6515.41575426 7.26239e-17
6517.59847752 8.76943e-17
6519.78120077 7.58083e-17
6521.96392402 7.85043e-17
6524.14664727 8.52904e-17
6526.32937053 7.56198e-17
6528.51209378 7.9027e-17
6530.69481703 7.94623e-17
6532.87754029 7.67449e-17
6535.06026354 8.60557e-17
6537.24298679 8.83351e-17
6539.42571005 7.83064e-17
6541.6084333 9.05921e-17
6543.79115655 8.6364e-17
6545.97387981 9.04537e-17
6548.15660306 8.71088e-17
6550.33932631 9.62226e-17
6552.52204956 8.3974e-17
6554.70477282 7.15336e-17
6556.88749607 6.19698e-17
6559.07021932 7.98004e-17
6561.25294258 8.5722e-17
6563.43566583 8.82632e-17
6565.61838908 9.37149e-17
6567.80111234 8.90169e-17
6569.98383559 7.95991e-17
6572.16655884 8.15943e-17
6574.3492821 7.87727e-17
6576.53200535 7.80647e-17
6578.7147286 8.70269e-17
6580.89745186 8.20373e-17
6583.08017511 7.43078e-17
6585.26289836 8.80295e-17
6587.44562161 7.77489e-17
6589.62834487 7.96828e-17
6591.81106812 8.20405e-17
6593.99379137 7.45415e-17
6596.17651463 8.71094e-17
6598.35923788 7.64175e-17
6600.54196113 8.30789e-17
6602.72468439 9.93679e-17
6604.90740764 8.48395e-17
6607.09013089 7.30719e-17
6609.27285415 8.54044e-17
6611.4555774 8.94356e-17
6613.63830065 8.00988e-17
6615.82102391 8.82927e-17
6618.00374716 7.6582e-17
6620.18647041 7.55844e-17
6622.36919366 8.47267e-17
6624.55191692 7.56522e-17
6626.73464017 7.87956e-17
6628.91736342 8.81898e-17
6631.10008668 8.1713e-17
6633.28280993 6.70453e-17
6635.46553318 7.79429e-17
6637.64825644 8.54956e-17
6639.83097969 9.48725e-17
6642.01370294 1.05231e-16
6644.1964262 1.01553e-16
6646.37914945 9.21336e-17
6648.5618727 8.61899e-17
6650.74459596 8.67636e-17
6652.92731921 8.78167e-17
6655.11004246 8.19338e-17
6657.29276571 7.96607e-17
6659.47548897 9.62177e-17
6661.65821222 8.64494e-17
6663.84093547 7.59748e-17
6666.02365873 8.67506e-17
6668.20638198 8.48252e-17
6670.38910523 7.97677e-17
6672.57182849 8.01148e-17
6674.75455174 7.92043e-17
6676.93727499 9.10481e-17
6679.11999825 9.96788e-17
6681.3027215 9.36334e-17
6683.48544475 8.54716e-17
6685.66816801 6.73959e-17
6687.85089126 7.28197e-17
6690.03361451 8.16854e-17
6692.21633776 8.13358e-17
6694.39906102 8.82343e-17
6696.58178427 8.12505e-17
6698.76450752 9.3603e-17
6700.94723078 9.64365e-17
6703.12995403 9.17161e-17
6705.31267728 1.04615e-16
6707.49540054 9.90366e-17
6709.67812379 8.38226e-17
6711.86084704 7.87166e-17
6714.0435703 8.74265e-17
6716.22629355 8.87422e-17
6718.4090168 7.53268e-17
6720.59174005 7.62979e-17
6722.77446331 9.61475e-17
6724.95718656 7.36386e-17
6727.13990981 7.72552e-17
6729.32263307 8.80687e-17
6731.50535632 9.99908e-17
6733.68807957 9.49956e-17
6735.87080283 8.23517e-17
6738.05352608 8.10278e-17
6740.23624933 8.55226e-17
6742.41897259 9.5923e-17
6744.60169584 8.86725e-17
6746.78441909 8.78083e-17
6748.96714235 8.42671e-17
6751.1498656 9.55995e-17
6753.33258885 8.88285e-17
6755.5153121 8.73953e-17
6757.69803536 9.26717e-17
6759.88075861 8.63489e-17
6762.06348186 9.98431e-17
6764.24620512 9.42078e-17
6766.42892837 9.59011e-17
6768.61165162 8.89665e-17
6770.79437488 9.65743e-17
6772.97709813 8.78398e-17
6775.15982138 7.87296e-17
6777.34254464 9.01192e-17
6779.52526789 8.01601e-17
6781.70799114 4.37848e-17
6783.8907144 4.97077e-17
6786.07343765 8.09335e-17
6788.2561609 8.18455e-17
6790.43888415 8.03657e-17
6792.62160741 7.8717e-17
6794.80433066 8.33376e-17
6796.98705391 9.19525e-17
6799.16977717 7.41398e-17
6801.35250042 8.99923e-17
6803.53522367 9.85077e-17
6805.71794693 7.36857e-17
6807.90067018 8.93233e-17
6810.08339343 8.29564e-17
6812.26611669 7.46113e-17
6814.44883994 8.92041e-17
6816.63156319 8.41415e-17
6818.81428645 8.38243e-17
6820.9970097 8.73727e-17
6823.17973295 6.38468e-17
6825.3624562 8.14713e-17
6827.54517946 9.30018e-17
6829.72790271 9.09849e-17
6831.91062596 8.63049e-17
6834.09334922 8.20726e-17
6836.27607247 8.58959e-17
6838.45879572 9.45112e-17
6840.64151898 7.54386e-17
6842.82424223 7.8137e-17
6845.00696548 6.72986e-17
6847.18968874 8.54082e-17
6849.37241199 8.00645e-17
6851.55513524 7.49787e-17
6853.7378585 8.2677e-17
6855.92058175 9.22302e-17
6858.103305 8.32295e-17
6860.28602825 8.01906e-17
6862.46875151 9.327e-17
6864.65147476 8.14162e-17
6866.83419801 6.01956e-17
6869.01692127 5.22478e-17
6871.19964452 6.14887e-17
6873.38236777 6.21709e-17
6875.56509103 6.82549e-17
6877.74781428 8.45663e-17
6879.93053753 8.20261e-17
6882.11326079 8.35909e-17
6884.29598404 7.40793e-17
6886.47870729 6.87874e-17
6888.66143055 6.87947e-17
6890.8441538 8.78215e-17
6893.02687705 7.21805e-17
6895.2096003 5.22668e-17
6897.39232356 5.75624e-17
6899.57504681 6.26877e-17
6901.75777006 7.76483e-17
6903.94049332 8.55537e-17
6906.12321657 6.0217e-17
6908.30593982 6.88118e-17
6910.48866308 6.56993e-17
6912.67138633 5.96532e-17
6914.85410958 4.79226e-17
6917.03683284 7.51013e-17
6919.21955609 8.16983e-17
6921.40227934 7.50581e-17
6923.58500259 6.4379e-17
6925.76772585 6.51634e-17
6927.9504491 7.20772e-17
6930.13317235 6.01204e-17
6932.31589561 7.56759e-17
6934.49861886 7.46147e-17
6936.68134211 6.54646e-17
6938.86406537 6.5949e-17
6941.04678862 7.00894e-17
6943.22951187 7.51986e-17
6945.41223513 7.3295e-17
6947.59495838 6.74095e-17
6949.77768163 6.98621e-17
6951.96040489 8.33606e-17
6954.14312814 8.25063e-17
6956.32585139 9.13089e-17
6958.50857464 9.05792e-17
6960.6912979 7.2492e-17
6962.87402115 7.29939e-17
6965.0567444 1.06164e-16
6967.23946766 9.63389e-17
6969.42219091 7.80304e-17
6971.60491416 8.34732e-17
6973.78763742 9.69555e-17
6975.97036067 8.9384e-17
6978.15308392 8.17515e-17
6980.33580718 8.72425e-17
6982.51853043 7.54654e-17
6984.70125368 6.48758e-17
6986.88397694 7.38637e-17
6989.06670019 7.34343e-17
6991.24942344 8.81441e-17
6993.43214669 7.34191e-17
6995.61486995 5.5579e-17
6997.7975932 8.21518e-17
6999.98031645 7.39928e-17
7002.16303971 6.62459e-17
7004.34576296 8.36932e-17
7006.52848621 8.68044e-17
7008.71120947 6.66489e-17
7010.89393272 6.90518e-17
7013.07665597 7.51383e-17
7015.25937923 7.318e-17
7017.44210248 8.54555e-17
7019.62482573 7.45093e-17
7021.80754899 8.32015e-17
7023.99027224 8.92059e-17
7026.17299549 6.70432e-17
7028.35571874 7.41921e-17
7030.538442 9.3765e-17
7032.72116525 8.58754e-17
7034.9038885 7.42904e-17
7037.08661176 7.36215e-17
7039.26933501 6.96552e-17
7041.45205826 8.46292e-17
7043.63478152 9.51221e-17
7045.81750477 8.40803e-17
7048.00022802 7.32724e-17
7050.18295128 8.15487e-17
7052.36567453 8.65753e-17
7054.54839778 7.31078e-17
7056.73112104 7.16006e-17
7058.91384429 8.65871e-17
7061.09656754 9.16304e-17
7063.27929079 9.50931e-17
7065.46201405 9.55847e-17
7067.6447373 8.73734e-17
7069.82746055 8.18797e-17
7072.01018381 9.46554e-17
7074.19290706 9.37954e-17
7076.37563031 7.34337e-17
7078.55835357 6.5587e-17
7080.74107682 7.2675e-17
7082.92380007 6.76318e-17
7085.10652333 6.87931e-17
7087.28924658 8.23985e-17
7089.47196983 8.11643e-17
7091.65469308 8.34492e-17
7093.83741634 7.34812e-17
7096.02013959 7.51648e-17
7098.20286284 6.38028e-17
7100.3855861 7.58491e-17
7102.56830935 7.36912e-17
7104.7510326 8.0425e-17
7106.93375586 9.57915e-17
7109.11647911 8.83839e-17
7111.29920236 8.32462e-17
7113.48192562 8.20925e-17
7115.66464887 7.70322e-17
7117.84737212 9.42235e-17
7120.03009538 9.82172e-17
7122.21281863 8.42674e-17
7124.39554188 7.86461e-17
7126.57826513 7.0157e-17
7128.76098839 8.49564e-17
7130.94371164 7.96626e-17
7133.12643489 7.65234e-17
7135.30915815 7.40275e-17
7137.4918814 9.00838e-17
7139.67460465 1.01575e-16
7141.85732791 7.63141e-17
7144.04005116 7.32756e-17
7146.22277441 7.44058e-17
7148.40549767 6.67096e-17
7150.58822092 8.66433e-17
7152.77094417 1.11246e-16
7154.95366743 7.48523e-17
7157.13639068 5.92009e-17
7159.31911393 9.09423e-17
7161.50183718 9.79762e-17
7163.68456044 9.87894e-17
7165.86728369 6.53304e-17
7168.05000694 7.54181e-17
7170.2327302 7.71467e-17
7172.41545345 6.45621e-17
7174.5981767 7.04714e-17
7176.78089996 8.16947e-17
7178.96362321 8.42532e-17
7181.14634646 7.02353e-17
7183.32906972 6.90387e-17
7185.51179297 6.94641e-17
7187.69451622 7.33867e-17
7189.87723948 7.10779e-17
7192.05996273 7.62499e-17
7194.24268598 6.2292e-17
7196.42540923 6.92981e-17
7198.60813249 4.93649e-17
7200.79085574 6.50806e-17
7202.97357899 6.83898e-17
7205.15630225 5.67837e-17
7207.3390255 6.3195e-17
7209.52174875 6.22825e-17
7211.70447201 7.7688e-17
7213.88719526 9.99048e-17
7216.06991851 8.94047e-17
7218.25264177 8.335e-17
7220.43536502 8.03549e-17
7222.61808827 7.87054e-17
7224.80081153 7.75105e-17
7226.98353478 9.49413e-17
7229.16625803 8.28102e-17
7231.34898128 7.84252e-17
7233.53170454 7.59787e-17
7235.71442779 9.48482e-17
7237.89715104 9.79341e-17
7240.0798743 5.572e-17
7242.26259755 6.3089e-17
7244.4453208 8.98484e-17
7246.62804406 7.52606e-17
7248.81076731 8.97705e-17
7250.99349056 8.5136e-17
7253.17621382 8.71094e-17
7255.35893707 9.00105e-17
7257.54166032 8.31294e-17
7259.72438357 6.20337e-17
7261.90710683 7.0076e-17
7264.08983008 8.07187e-17
7266.27255333 6.86354e-17
7268.45527659 8.62653e-17
7270.63799984 8.4436e-17
7272.82072309 6.82315e-17
7275.00344635 6.44162e-17
7277.1861696 7.30914e-17
7279.36889285 7.71388e-17
7281.55161611 8.16443e-17
7283.73433936 8.90228e-17
7285.91706261 8.15803e-17
7288.09978587 7.93978e-17
7290.28250912 7.05361e-17
7292.46523237 7.98074e-17
7294.64795562 8.49468e-17
7296.83067888 8.88771e-17
7299.01340213 9.74443e-17
7301.19612538 8.10287e-17
7303.37884864 8.74652e-17
7305.56157189 9.00598e-17
7307.74429514 7.48851e-17
7309.9270184 7.06857e-17
7312.10974165 9.82725e-17
7314.2924649 8.49375e-17
7316.47518816 7.4095e-17
7318.65791141 5.53886e-17
7320.84063466 7.3462e-17
7323.02335792 8.2462e-17
7325.20608117 6.84711e-17
7327.38880442 8.12367e-17
7329.57152767 9.33988e-17
7331.75425093 8.97321e-17
7333.93697418 9.59519e-17
7336.11969743 8.32737e-17
7338.30242069 7.28738e-17
7340.48514394 1.16282e-16
7342.66786719 1.01416e-16
7344.85059045 7.81061e-17
7347.0333137 9.02473e-17
7349.21603695 1.18651e-16
7351.39876021 9.86852e-17
7353.58148346 9.76228e-17
7355.76420671 9.22147e-17
7357.94692997 9.51229e-17
7360.12965322 1.11813e-16
7362.31237647 7.70067e-17
7364.49509972 8.92185e-17
7366.67782298 8.78164e-17
7368.86054623 8.6705e-17
7371.04326948 9.23036e-17
7373.22599274 8.06607e-17
7375.40871599 8.24429e-17
7377.59143924 9.65631e-17
7379.7741625 1.06544e-16
7381.95688575 9.54915e-17
7384.139609 9.33278e-17
7386.32233226 7.3723e-17
7388.50505551 7.51204e-17
7390.68777876 7.51815e-17
7392.87050202 1.0549e-16
7395.05322527 1.08456e-16
7397.23594852 8.46592e-17
7399.41867177 8.69506e-17
7401.60139503 7.95792e-17
7403.78411828 8.05762e-17
7405.96684153 8.45073e-17
7408.14956479 1.01892e-16
7410.33228804 9.41445e-17
7412.51501129 1.12254e-16
7414.69773455 1.01104e-16
7416.8804578 9.59718e-17
7419.06318105 1.04146e-16
7421.24590431 9.6832e-17
7423.42862756 8.65895e-17
7425.61135081 7.64361e-17
7427.79407406 8.64876e-17
7429.97679732 9.9841e-17
7432.15952057 8.70515e-17
7434.34224382 7.88066e-17
7436.52496708 8.56893e-17
7438.70769033 8.87321e-17
7440.89041358 7.13449e-17
7443.07313684 9.22493e-17
7445.25586009 1.02109e-16
7447.43858334 9.93456e-17
7449.6213066 9.19628e-17
7451.80402985 1.06321e-16
7453.9867531 8.04429e-17
7456.16947636 9.99677e-17
7458.35219961 1.11874e-16
7460.53492286 9.15516e-17
7462.71764611 8.8939e-17
7464.90036937 9.79647e-17
7467.08309262 8.44197e-17
7469.26581587 9.96256e-17
7471.44853913 9.02524e-17
7473.63126238 7.9659e-17
7475.81398563 8.28702e-17
7477.99670889 8.49953e-17
7480.17943214 1.00824e-16
7482.36215539 8.52602e-17
7484.54487865 8.32047e-17
7486.7276019 1.014e-16
7488.91032515 7.60244e-17
7491.09304841 7.1392e-17
7493.27577166 1.01983e-16
7495.45849491 9.14767e-17
7497.64121816 8.62819e-17
7499.82394142 8.4719e-17
7502.00666467 8.24638e-17
7504.18938792 7.83245e-17
7506.37211118 8.5541e-17
7508.55483443 1.0266e-16
7510.73755768 1.08841e-16
7512.92028094 1.03051e-16
7515.10300419 9.10685e-17
7517.28572744 9.28483e-17
7519.4684507 7.50503e-17
7521.65117395 7.17556e-17
7523.8338972 7.57139e-17
7526.01662046 8.92809e-17
7528.19934371 1.11052e-16
7530.38206696 8.80511e-17
7532.56479021 8.65471e-17
7534.74751347 9.0406e-17
7536.93023672 7.63634e-17
7539.11295997 8.77451e-17
7541.29568323 1.19124e-16
7543.47840648 9.50222e-17
7545.66112973 7.30084e-17
7547.84385299 8.8646e-17
7550.02657624 9.60931e-17
7552.20929949 9.7455e-17
7554.39202275 8.43263e-17
7556.574746 8.24006e-17
7558.75746925 8.72249e-17
7560.94019251 9.75411e-17
7563.12291576 8.54031e-17
7565.30563901 1.07146e-16
7567.48836226 8.71491e-17
7569.67108552 9.06011e-17
7571.85380877 8.10268e-17
7574.03653202 9.40471e-17
7576.21925528 8.56369e-17
7578.40197853 8.69559e-17
7580.58470178 8.82832e-17
7582.76742504 9.55298e-17
7584.95014829 9.43863e-17
7587.13287154 1.06493e-16
7589.3155948 9.20056e-17
7591.49831805 9.55674e-17
7593.6810413 8.39624e-17
7595.86376455 7.50192e-17
7598.04648781 6.07173e-17
7600.22921106 4.81189e-17
7602.41193431 3.64639e-17
7604.59465757 2.1552e-17
7606.77738082 3.15153e-17
7608.96010407 3.95698e-17
7611.14282733 3.34019e-17
7613.32555058 3.34107e-17
7615.50827383 4.93198e-17
7617.69099709 6.87077e-17
7619.87372034 6.85218e-17
7622.05644359 6.85591e-17
7624.23916685 6.0415e-17
7626.4218901 4.53936e-17
7628.60461335 3.02231e-17
7630.7873366 4.45235e-17
7632.97005986 6.58816e-17
7635.15278311 5.86296e-17
7637.33550636 5.40766e-17
7639.51822962 5.28869e-17
7641.70095287 4.61707e-17
7643.88367612 6.47443e-17
7646.06639938 7.80621e-17
7648.24912263 5.21705e-17
7650.43184588 6.54233e-17
7652.61456914 6.82992e-17
7654.79729239 6.24785e-17
7656.98001564 7.70459e-17
7659.1627389 7.57091e-17
7661.34546215 7.87621e-17
7663.5281854 7.13311e-17
7665.71090865 6.61521e-17
7667.89363191 6.93449e-17
7670.07635516 6.72471e-17
7672.25907841 6.29302e-17
7674.44180167 7.53872e-17
7676.62452492 8.64719e-17
7678.80724817 7.57707e-17
7680.98997143 7.21182e-17
7683.17269468 9.87665e-17
7685.35541793 8.75862e-17
7687.53814119 9.1242e-17
7689.72086444 1.10421e-16
7691.90358769 9.18206e-17
7694.08631095 8.44627e-17
7696.2690342 8.8361e-17
7698.45175745 5.80036e-17
7700.6344807 9.37734e-17
7702.81720396 8.68508e-17
7704.99992721 7.70022e-17
7707.18265046 6.94188e-17
7709.36537372 9.77664e-17
7711.54809697 8.87904e-17
7713.73082022 9.76002e-17
7715.91354348 8.86975e-17
7718.09626673 9.0128e-17
7720.27898998 8.02149e-17
7722.46171324 8.84295e-17
7724.64443649 9.46421e-17
7726.82715974 9.49842e-17
7729.009883 8.52607e-17
7731.19260625 7.6245e-17
7733.3753295 8.35669e-17
7735.55805275 7.56288e-17
7737.74077601 8.75984e-17
7739.92349926 9.57507e-17
7742.10622251 1.23015e-16
7744.28894577 9.48466e-17
7746.47166902 6.41595e-17
7748.65439227 1.05382e-16
7750.83711553 9.75977e-17
7753.01983878 7.12203e-17
7755.20256203 9.57141e-17
7757.38528529 9.58958e-17
7759.56800854 9.231e-17
7761.75073179 1.05486e-16
7763.93345505 8.02735e-17
7766.1161783 7.79137e-17
7768.29890155 8.09727e-17
7770.4816248 8.33888e-17
7772.66434806 9.37626e-17
7774.84707131 9.15034e-17
7777.02979456 9.28358e-17
7779.21251782 7.93432e-17
7781.39524107 8.10038e-17
7783.57796432 1.00228e-16
7785.76068758 1.08372e-16
7787.94341083 1.10981e-16
7790.12613408 9.61823e-17
7792.30885734 9.67941e-17
7794.49158059 1.00104e-16
7796.67430384 9.1462e-17
7798.85702709 9.05908e-17
7801.03975035 8.34736e-17
7803.2224736 7.2053e-17
7805.40519685 7.45958e-17
7807.58792011 7.53743e-17
7809.77064336 8.61696e-17
7811.95336661 8.75989e-17
7814.13608987 7.67884e-17
7816.31881312 9.38069e-17
7818.50153637 9.3852e-17
7820.68425963 7.64029e-17
7822.86698288 7.77473e-17
7825.04970613 8.63177e-17
7827.23242939 8.47404e-17
7829.41515264 6.88431e-17
7831.59787589 6.65442e-17
7833.78059914 7.29853e-17
7835.9633224 7.32583e-17
7838.14604565 8.15854e-17
7840.3287689 7.43362e-17
7842.51149216 7.83702e-17
7844.69421541 9.40614e-17
7846.87693866 8.33115e-17
7849.05966192 8.67568e-17
7851.24238517 8.08163e-17
7853.42510842 5.92627e-17
7855.60783168 5.32117e-17
7857.79055493 7.8568e-17
7859.97327818 8.36469e-17
7862.15600144 5.64696e-17
7864.33872469 7.7666e-17
7866.52144794 9.5413e-17
7868.70417119 8.87127e-17
7870.88689445 6.55782e-17
7873.0696177 6.20768e-17
7875.25234095 7.63251e-17
7877.43506421 6.83528e-17
7879.61778746 5.71133e-17
7881.80051071 5.13553e-17
7883.98323397 6.82292e-17
7886.16595722 7.32843e-17
7888.34868047 5.75858e-17
7890.53140373 5.84026e-17
7892.71412698 5.01569e-17
7894.89685023 7.05538e-17
7897.07957349 9.7501e-17
7899.26229674 8.81407e-17
7901.44501999 7.54709e-17
7903.62774324 7.35449e-17
7905.8104665 7.178e-17
7907.99318975 7.74804e-17
7910.175913 8.02563e-17
7912.35863626 7.35645e-17
7914.54135951 8.07721e-17
7916.72408276 7.36426e-17
7918.90680602 6.23509e-17
7921.08952927 6.64501e-17
7923.27225252 8.81846e-17
7925.45497578 6.18047e-17
7927.63769903 6.52251e-17
7929.82042228 8.16919e-17
7932.00314554 1.05369e-16
7934.18586879 1.07402e-16
7936.36859204 8.97184e-17
7938.55131529 8.23403e-17
7940.73403855 7.97233e-17
7942.9167618 6.34222e-17
7945.09948505 8.02527e-17
7947.28220831 8.93556e-17
7949.46493156 8.01456e-17
7951.64765481 9.06969e-17
7953.83037807 7.63808e-17
7956.01310132 7.41944e-17
7958.19582457 7.36191e-17
7960.37854783 7.61829e-17
7962.56127108 6.25841e-17
7964.74399433 4.76434e-17
7966.92671758 8.04703e-17
7969.10944084 7.48457e-17
7971.29216409 8.75468e-17
7973.47488734 8.20445e-17
7975.6576106 5.76302e-17
7977.84033385 9.00503e-17
7980.0230571 8.32288e-17
7982.20578036 7.64015e-17
7984.38850361 9.97734e-17
7986.57122686 9.39724e-17
7988.75395012 6.15285e-17
7990.93667337 6.18291e-17
7993.11939662 8.83585e-17
7995.30211988 8.79187e-17
7997.48484313 9.99463e-17
7999.66756638 9.42699e-17
8001.85028963 9.00981e-17
8004.03301289 6.40684e-17
8006.21573614 8.13683e-17
8008.39845939 8.96659e-17
8010.58118265 1.04424e-16
8012.7639059 8.36895e-17
8014.94662915 4.1726e-17
8017.12935241 8.41979e-17
8019.31207566 7.98482e-17
8021.49479891 8.58859e-17
8023.67752217 8.65959e-17
8025.86024542 8.3046e-17
8028.04296867 1.04968e-16
8030.22569193 9.24066e-17
8032.40841518 9.96532e-17
8034.59113843 7.61472e-17
8036.77386168 6.95685e-17
8038.95658494 1.02854e-16
8041.13930819 8.69955e-17
8043.32203144 7.697e-17
8045.5047547 9.10479e-17
8047.68747795 1.06535e-16
8049.8702012 7.45686e-17
8052.05292446 5.5992e-17
8054.23564771 8.33181e-17
8056.41837096 9.34401e-17
8058.60109422 7.97308e-17
8060.78381747 5.54841e-17
8062.96654072 8.03134e-17
8065.14926398 8.108e-17
8067.33198723 5.86824e-17
8069.51471048 7.96729e-17
8071.69743373 9.37357e-17
8073.88015699 7.96833e-17
8076.06288024 8.98778e-17
8078.24560349 9.86129e-17
8080.42832675 9.19433e-17
8082.61105 1.00421e-16
8084.79377325 8.92805e-17
8086.97649651 8.22986e-17
8089.15921976 8.48869e-17
8091.34194301 8.59297e-17
8093.52466627 8.84957e-17
8095.70738952 1.01505e-16
8097.89011277 1.10237e-16
8100.07283603 8.83214e-17
8102.25555928 7.15591e-17
8104.43828253 7.03292e-17
8106.62100578 8.76445e-17
8108.80372904 1.0216e-16
8110.98645229 6.70476e-17
8113.16917554 8.90475e-17
8115.3518988 1.05715e-16
8117.53462205 1.04067e-16
8119.7173453 8.63652e-17
8121.90006856 7.31735e-17
8124.08279181 5.92912e-17
8126.26551506 6.66714e-17
8128.44823832 8.34562e-17
8130.63096157 1.1345e-16
8132.81368482 9.28565e-17
