4000.20     5.27e-17
4003.50     4.96e-17
4006.81     2.16e-17
4010.11     3.25e-17
4013.42     5.69e-17
4016.72     4.04e-17
4020.03     4.81e-17
4023.33     4.99e-17
4026.63     5.49e-17
4029.94     3.87e-17
4033.24     4.71e-17
4036.55     5.85e-17
4039.85     3.30e-17
4043.16     5.40e-17
4046.46     6.32e-17
4049.77     5.29e-17
4053.07     5.71e-17
4056.38     5.92e-17
4059.68     5.87e-17
4062.99     6.17e-17
4066.29     4.97e-17
4069.60     4.69e-17
4072.90     5.48e-17
4076.21     5.85e-17
4079.51     6.25e-17
4082.82     7.17e-17
4086.12     5.20e-17
4089.43     4.59e-17
4092.73     5.04e-17
4096.04     5.04e-17
4099.34     5.43e-17
4102.65     5.71e-17
4105.95     4.80e-17
4109.26     4.46e-17
4112.56     4.80e-17
4115.87     4.11e-17
4119.17     4.56e-17
4122.47     6.27e-17
4125.78     5.80e-17
4129.08     5.37e-17
4132.39     4.85e-17
4135.69     4.91e-17
4139.00     5.59e-17
4142.30     6.71e-17
4145.61     5.34e-17
4148.91     3.91e-17
4152.22     5.22e-17
4155.52     4.10e-17
4158.83     3.18e-17
4162.13     5.44e-17
4165.44     3.04e-17
4168.74     2.50e-17
4172.05     2.57e-17
4175.35     3.50e-17
4178.66     4.00e-17
4181.96     4.94e-17
4185.27     5.88e-17
4188.57     5.55e-17
4191.88     6.53e-17
4195.18     5.75e-17
4198.49     5.76e-17
4201.79     5.41e-17
4205.10     6.24e-17
4208.40     5.72e-17
4211.71     7.09e-17
4215.01     7.57e-17
4218.31     6.53e-17
4221.62     6.57e-17
4224.92     5.90e-17
4228.23     6.43e-17
4231.53     5.46e-17
4234.84     6.21e-17
4238.14     6.31e-17
4241.45     5.77e-17
4244.75     5.46e-17
4248.06     6.34e-17
4251.36     6.22e-17
4254.67     4.60e-17
4257.97     5.81e-17
4261.28     7.08e-17
4264.58     6.47e-17
4267.89     5.76e-17
4271.19     5.61e-17
4274.50     5.70e-17
4277.80     6.30e-17
4281.11     4.71e-17
4284.41     4.94e-17
4287.72     6.56e-17
4291.02     6.12e-17
4294.33     5.29e-17
4297.63     5.43e-17
4300.94     5.39e-17
4304.24     6.19e-17
4307.55     6.34e-17
4310.85     5.73e-17
4314.15     5.54e-17
4317.46     5.69e-17
4320.76     5.36e-17
4324.07     4.13e-17
4327.37     4.56e-17
4330.68     6.88e-17
4333.98     6.70e-17
4337.29     5.91e-17
4340.59     5.85e-17
4343.90     5.73e-17
4347.20     6.27e-17
4350.51     6.35e-17
4353.81     3.65e-17
4357.12     3.53e-17
4360.42     4.05e-17
4363.73     4.57e-17
4367.03     5.05e-17
4370.34     4.85e-17
4373.64     5.02e-17
4376.95     5.25e-17
4380.25     4.75e-17
4383.56     4.25e-17
4386.86     3.41e-17
4390.17     4.64e-17
4393.47     4.32e-17
4396.78     4.40e-17
4400.08     4.78e-17
4403.39     4.90e-17
4406.69     5.40e-17
4409.99     6.43e-17
4413.30     6.34e-17
4416.60     6.30e-17
4419.91     6.18e-17
4423.21     5.33e-17
4426.52     4.80e-17
4429.82     5.57e-17
4433.13     6.55e-17
4436.43     6.99e-17
4439.74     7.02e-17
4443.04     8.53e-17
4446.35     7.95e-17
4449.65     7.81e-17
4452.96     7.93e-17
4456.26     7.06e-17
4459.57     7.97e-17
4462.87     8.35e-17
4466.18     7.90e-17
4469.48     8.28e-17
4472.79     8.39e-17
4476.09     8.05e-17
4479.40     8.19e-17
4482.70     7.34e-17
4486.01     8.27e-17
4489.31     8.07e-17
4492.62     8.67e-17
4495.92     8.34e-17
4499.22     7.90e-17
4502.53     7.68e-17
4505.83     7.23e-17
4509.14     8.01e-17
4512.44     8.72e-17
4515.75     8.27e-17
4519.05     8.35e-17
4522.36     7.92e-17
4525.66     8.53e-17
4528.97     7.99e-17
4532.27     7.14e-17
4535.58     7.04e-17
4538.88     7.75e-17
4542.19     7.08e-17
4545.49     6.83e-17
4548.80     8.69e-17
4552.10     8.26e-17
4555.41     8.24e-17
4558.71     8.06e-17
4562.02     7.89e-17
4565.32     8.10e-17
4568.63     7.50e-17
4571.93     6.50e-17
4575.24     7.07e-17
4578.54     7.24e-17
4581.85     8.14e-17
4585.15     7.86e-17
4588.46     7.29e-17
4591.76     7.53e-17
4595.06     7.42e-17
4598.37     8.29e-17
4601.67     8.24e-17
4604.98     7.49e-17
4608.28     7.91e-17
4611.59     7.71e-17
4614.89     7.67e-17
4618.20     7.68e-17
4621.50     7.63e-17
4624.81     7.53e-17
4628.11     7.89e-17
4631.42     7.93e-17
4634.72     7.51e-17
4638.03     7.85e-17
4641.33     8.17e-17
4644.64     7.40e-17
4647.94     7.12e-17
4651.25     7.35e-17
4654.55     7.59e-17
4657.86     7.85e-17
4661.16     8.07e-17
4664.47     8.17e-17
4667.77     7.51e-17
4671.08     7.47e-17
4674.38     7.20e-17
4677.69     6.57e-17
4680.99     7.25e-17
4684.30     7.76e-17
4687.60     7.51e-17
4690.90     7.22e-17
4694.21     7.60e-17
4697.51     7.38e-17
4700.82     7.38e-17
4704.12     7.61e-17
4707.43     7.71e-17
4710.73     7.72e-17
4714.04     7.28e-17
4717.34     7.43e-17
4720.65     7.35e-17
4723.95     8.25e-17
4727.26     8.45e-17
4730.56     7.65e-17
4733.87     7.96e-17
4737.17     7.32e-17
4740.48     7.24e-17
4743.78     8.36e-17
4747.09     7.62e-17
4750.39     7.50e-17
4753.70     7.48e-17
4757.00     7.16e-17
4760.31     7.02e-17
4763.61     6.55e-17
4766.92     6.59e-17
4770.22     6.40e-17
4773.53     6.48e-17
4776.83     7.17e-17
4780.14     6.97e-17
4783.44     6.65e-17
4786.74     6.73e-17
4790.05     6.88e-17
4793.35     6.92e-17
4796.66     6.39e-17
4799.96     6.99e-17
4803.27     7.54e-17
4806.57     7.44e-17
4809.88     7.27e-17
4813.18     7.60e-17
4816.49     7.85e-17
4819.79     7.64e-17
4823.10     7.81e-17
4826.40     7.97e-17
4829.71     8.62e-17
4833.01     8.95e-17
4836.32     8.25e-17
4839.62     8.29e-17
4842.93     8.39e-17
4846.23     8.68e-17
4849.54     7.84e-17
4852.84     7.83e-17
4856.15     8.33e-17
4859.45     8.98e-17
4862.76     8.51e-17
4866.06     8.38e-17
4869.37     8.51e-17
4872.67     8.48e-17
4875.98     8.40e-17
4879.28     8.40e-17
4882.58     8.91e-17
4885.89     8.38e-17
4889.19     7.31e-17
4892.50     8.54e-17
4895.80     8.48e-17
4899.11     8.46e-17
4902.41     7.80e-17
4905.72     7.43e-17
4909.02     8.85e-17
4912.33     9.05e-17
4915.63     8.71e-17
4918.94     8.76e-17
4922.24     8.83e-17
4925.55     8.21e-17
4928.85     8.86e-17
4932.16     8.77e-17
4935.46     8.86e-17
4938.77     9.29e-17
4942.07     8.43e-17
4945.38     9.24e-17
4948.68     9.22e-17
4951.99     9.22e-17
4955.29     1.01e-16
4958.60     9.69e-17
4961.90     8.95e-17
4965.21     8.94e-17
4968.51     9.73e-17
4971.82     1.02e-16
4975.12     9.67e-17
4978.42     9.40e-17
4981.73     9.86e-17
4985.03     1.02e-16
4988.34     1.03e-16
4991.64     1.00e-16
4994.95     1.04e-16
4998.25     1.04e-16
5001.56     9.71e-17
5004.86     1.02e-16
5008.17     1.08e-16
5011.47     1.10e-16
5014.78     9.40e-17
5018.08     9.77e-17
5021.39     1.05e-16
5024.69     9.97e-17
5028.00     1.03e-16
5031.30     1.05e-16
5034.61     9.78e-17
5037.91     1.00e-16
5041.22     9.95e-17
5044.52     1.02e-16
5047.83     1.01e-16
5051.13     9.39e-17
5054.44     8.93e-17
5057.74     9.91e-17
5061.05     1.05e-16
5064.35     1.03e-16
5067.65     9.74e-17
5070.96     1.02e-16
5074.26     1.04e-16
5077.57     9.85e-17
5080.87     1.02e-16
5084.18     1.04e-16
5087.48     1.07e-16
5090.79     1.09e-16
5094.09     9.70e-17
5097.40     9.15e-17
5100.70     9.91e-17
5104.01     1.05e-16
5107.31     1.05e-16
5110.62     1.05e-16
5113.92     1.01e-16
5117.23     1.04e-16
5120.53     1.11e-16
5123.84     9.78e-17
5127.14     9.60e-17
5130.45     1.07e-16
5133.75     1.05e-16
5137.06     1.01e-16
5140.36     9.58e-17
5143.67     9.36e-17
5146.97     1.02e-16
5150.28     1.05e-16
5153.58     1.04e-16
5156.89     1.00e-16
5160.19     1.02e-16
5163.49     1.01e-16
5166.80     9.39e-17
5170.10     1.03e-16
5173.41     1.06e-16
5176.71     1.04e-16
5180.02     9.17e-17
5183.32     9.43e-17
5186.63     1.07e-16
5189.93     1.07e-16
5193.24     9.89e-17
5196.54     9.95e-17
5199.85     9.97e-17
5203.15     1.01e-16
5206.46     1.03e-16
5209.76     9.81e-17
5213.07     9.65e-17
5216.37     9.86e-17
5219.68     9.81e-17
5222.98     1.02e-16
5226.29     1.04e-16
5229.59     1.05e-16
5232.90     9.99e-17
5236.20     1.03e-16
5239.51     1.04e-16
5242.81     1.03e-16
5246.12     1.01e-16
5249.42     1.02e-16
5252.73     9.96e-17
5256.03     1.01e-16
5259.33     1.07e-16
5262.64     1.01e-16
5265.94     1.06e-16
5269.25     1.04e-16
5272.55     1.01e-16
5275.86     1.02e-16
5279.16     1.02e-16
5282.47     1.05e-16
5285.77     1.02e-16
5289.08     1.08e-16
5292.38     1.10e-16
5295.69     1.10e-16
5298.99     1.08e-16
5302.30     9.92e-17
5305.60     9.52e-17
5308.91     9.92e-17
5312.21     1.06e-16
5315.52     1.02e-16
5318.82     1.03e-16
5322.13     1.07e-16
5325.43     1.04e-16
5328.74     1.02e-16
5332.04     1.06e-16
5335.35     1.05e-16
5338.65     1.03e-16
5341.96     1.03e-16
5345.26     1.02e-16
5348.57     1.01e-16
5351.87     1.09e-16
5355.17     1.04e-16
5358.48     9.89e-17
5361.78     9.80e-17
5365.09     9.84e-17
5368.39     9.96e-17
5371.70     1.04e-16
5375.00     1.02e-16
5378.31     9.90e-17
5381.61     9.97e-17
5384.92     9.53e-17
5388.22     9.16e-17
5391.53     9.43e-17
5394.83     9.30e-17
5398.14     9.47e-17
5401.44     9.71e-17
5404.75     9.35e-17
5408.05     9.63e-17
5411.36     9.59e-17
5414.66     9.75e-17
5417.97     9.71e-17
5421.27     9.45e-17
5424.58     9.94e-17
5427.88     1.09e-16
5431.19     1.03e-16
5434.49     1.05e-16
5437.80     1.09e-16
5441.10     1.07e-16
5444.41     1.03e-16
5447.71     1.01e-16
5451.01     1.00e-16
5454.32     1.01e-16
5457.62     1.04e-16
5460.93     1.08e-16
5464.23     1.09e-16
5467.54     1.02e-16
5470.84     1.07e-16
5474.15     1.08e-16
5477.45     1.05e-16
5480.76     1.06e-16
5484.06     1.08e-16
5487.37     1.05e-16
5490.67     9.37e-17
5493.98     9.81e-17
5497.28     1.03e-16
5500.59     1.12e-16
5503.89     1.08e-16
5507.20     1.10e-16
5510.50     1.08e-16
5513.81     1.02e-16
5517.11     1.03e-16
5520.42     1.01e-16
5523.72     9.98e-17
5527.03     1.03e-16
5530.33     1.07e-16
5533.64     1.07e-16
5536.94     9.95e-17
5540.25     9.23e-17
5543.55     9.73e-17
5546.85     9.48e-17
5550.16     9.24e-17
5553.46     9.90e-17
5556.77     1.01e-16
5560.07     1.09e-16
5563.38     1.03e-16
5566.68     9.21e-17
5569.99     9.83e-17
5573.29     1.03e-16
5576.60     1.02e-16
5579.90     1.07e-16
5583.21     1.00e-16
5586.51     9.71e-17
5589.82     9.63e-17
5593.12     1.01e-16
5596.43     1.06e-16
5599.73     1.01e-16
5603.04     1.02e-16
5606.34     1.05e-16
5609.65     1.05e-16
5612.95     1.10e-16
5616.26     1.02e-16
5619.56     9.15e-17
5622.87     9.66e-17
5626.17     9.70e-17
5629.48     1.01e-16
5632.78     1.02e-16
5636.08     1.01e-16
5639.39     1.06e-16
5642.69     1.08e-16
5646.00     1.03e-16
5649.30     9.48e-17
5652.61     9.26e-17
5655.91     9.85e-17
5659.22     1.01e-16
5662.52     1.05e-16
5665.83     1.08e-16
5669.13     1.00e-16
5672.44     1.01e-16
5675.74     1.07e-16
5679.05     1.02e-16
5682.35     9.96e-17
5685.66     9.71e-17
5688.96     9.62e-17
5692.27     9.80e-17
5695.57     9.72e-17
5698.88     1.01e-16
5702.18     1.01e-16
5705.49     1.02e-16
5708.79     1.03e-16
5712.10     9.71e-17
5715.40     1.02e-16
5718.71     1.06e-16
5722.01     9.72e-17
5725.32     9.28e-17
5728.62     1.02e-16
5731.92     9.54e-17
5735.23     8.65e-17
5738.53     9.09e-17
5741.84     9.22e-17
5745.14     9.31e-17
5748.45     9.74e-17
5751.75     9.71e-17
5755.06     9.30e-17
5758.36     9.02e-17
5761.67     9.30e-17
5764.97     9.21e-17
5768.28     8.66e-17
5771.58     8.48e-17
5774.89     8.64e-17
5778.19     8.87e-17
5781.50     9.73e-17
5784.80     1.02e-16
5788.11     9.71e-17
5791.41     9.29e-17
5794.72     1.02e-16
5798.02     1.02e-16
5801.33     9.59e-17
5804.63     9.56e-17
5807.94     1.01e-16
5811.24     1.03e-16
5814.55     1.07e-16
5817.85     1.05e-16
5821.16     1.05e-16
5824.46     1.05e-16
5827.76     1.03e-16
5831.07     1.05e-16
5834.37     1.01e-16
5837.68     1.02e-16
5840.98     1.07e-16
5844.29     1.03e-16
5847.59     1.08e-16
5850.90     1.07e-16
5854.20     1.06e-16
5857.51     1.09e-16
5860.81     1.15e-16
5864.12     1.08e-16
5867.42     9.90e-17
5870.73     1.02e-16
5874.03     1.07e-16
5877.34     1.07e-16
5880.64     1.03e-16
5883.95     1.03e-16
5887.25     1.10e-16
5890.56     1.16e-16
5893.86     1.13e-16
5897.17     1.07e-16
5900.47     1.12e-16
5903.78     1.11e-16
5907.08     1.03e-16
5910.39     1.11e-16
5913.69     1.14e-16
5917.00     1.10e-16
5920.30     1.13e-16
5923.60     1.17e-16
5926.91     1.11e-16
5930.21     1.01e-16
5933.52     9.80e-17
5936.82     1.03e-16
5940.13     1.08e-16
5943.43     1.06e-16
5946.74     1.04e-16
5950.04     9.97e-17
5953.35     1.04e-16
5956.65     1.08e-16
5959.96     1.15e-16
5963.26     1.14e-16
5966.57     1.09e-16
5969.87     1.12e-16
5973.18     1.17e-16
5976.48     1.13e-16
5979.79     1.05e-16
5983.09     1.07e-16
5986.40     1.09e-16
5989.70     1.07e-16
5993.01     1.06e-16
5996.31     1.05e-16
5999.62     1.09e-16
6002.92     1.11e-16
6006.23     1.12e-16
6009.53     1.01e-16
6012.84     1.01e-16
6016.14     1.05e-16
6019.44     1.00e-16
6022.75     1.05e-16
6026.05     1.11e-16
6029.36     1.06e-16
6032.66     1.09e-16
6035.97     1.07e-16
6039.27     1.10e-16
6042.58     1.12e-16
6045.88     1.10e-16
6049.19     1.13e-16
6052.49     1.13e-16
6055.80     1.11e-16
6059.10     1.05e-16
6062.41     1.07e-16
6065.71     1.10e-16
6069.02     1.11e-16
6072.32     1.07e-16
6075.63     1.01e-16
6078.93     1.09e-16
6082.24     1.13e-16
6085.54     1.15e-16
6088.85     1.19e-16
6092.15     1.17e-16
6095.46     1.10e-16
6098.76     1.06e-16
6102.07     1.12e-16
6105.37     1.11e-16
6108.67     1.09e-16
6111.98     1.14e-16
6115.28     1.14e-16
6118.59     1.08e-16
6121.89     1.10e-16
6125.20     1.11e-16
6128.50     1.11e-16
6131.81     1.21e-16
6135.11     1.19e-16
6138.42     1.14e-16
6141.72     1.14e-16
6145.03     1.20e-16
6148.33     1.20e-16
6151.64     1.16e-16
6154.94     1.20e-16
6158.25     1.18e-16
6161.55     1.10e-16
6164.86     1.07e-16
6168.16     1.08e-16
6171.47     1.08e-16
6174.77     1.09e-16
6178.08     1.10e-16
6181.38     1.07e-16
6184.69     1.11e-16
6187.99     1.10e-16
6191.30     1.04e-16
6194.60     1.03e-16
6197.91     1.08e-16
6201.21     1.13e-16
6204.51     1.13e-16
6207.82     1.11e-16
6211.12     1.11e-16
6214.43     1.14e-16
6217.73     1.13e-16
6221.04     1.09e-16
6224.34     1.03e-16
6227.65     1.04e-16
6230.95     1.07e-16
6234.26     1.11e-16
6237.56     1.14e-16
6240.87     1.06e-16
6244.17     9.96e-17
6247.48     1.04e-16
6250.78     1.08e-16
6254.09     1.07e-16
6257.39     1.08e-16
6260.70     1.10e-16
6264.00     1.11e-16
6267.31     1.13e-16
6270.61     1.12e-16
6273.92     1.08e-16
6277.22     1.05e-16
6280.53     1.05e-16
6283.83     1.10e-16
6287.14     1.13e-16
6290.44     1.13e-16
6293.75     1.13e-16
6297.05     1.08e-16
6300.35     1.07e-16
6303.66     1.06e-16
6306.96     1.02e-16
6310.27     1.09e-16
6313.57     1.10e-16
6316.88     1.10e-16
6320.18     1.07e-16
6323.49     1.06e-16
6326.79     1.04e-16
6330.10     1.04e-16
6333.40     1.03e-16
6336.71     1.02e-16
6340.01     1.08e-16
6343.32     1.12e-16
6346.62     1.05e-16
6349.93     1.03e-16
6353.23     1.12e-16
6356.54     1.10e-16
6359.84     1.02e-16
6363.15     1.10e-16
6366.45     1.13e-16
6369.76     1.06e-16
6373.06     1.02e-16
6376.37     1.05e-16
6379.67     1.06e-16
6382.98     1.10e-16
6386.28     1.13e-16
6389.59     1.13e-16
6392.89     1.14e-16
6396.19     1.06e-16
6399.50     1.05e-16
6402.80     1.09e-16
6406.11     1.08e-16
6409.41     1.00e-16
6412.72     1.03e-16
6416.02     1.07e-16
6419.33     1.06e-16
6422.63     1.09e-16
6425.94     1.15e-16
6429.24     1.15e-16
6432.55     1.10e-16
6435.85     1.08e-16
6439.16     1.09e-16
6442.46     1.10e-16
6445.77     1.06e-16
6449.07     1.09e-16
6452.38     1.12e-16
6455.68     1.14e-16
6458.99     1.12e-16
6462.29     1.08e-16
6465.60     1.05e-16
6468.90     1.09e-16
6472.21     1.13e-16
6475.51     1.09e-16
6478.82     1.05e-16
6482.12     1.05e-16
6485.43     1.06e-16
6488.73     1.06e-16
6492.03     1.08e-16
6495.34     1.13e-16
6498.64     1.13e-16
6501.95     1.06e-16
6505.25     1.05e-16
6508.56     1.10e-16
6511.86     1.07e-16
6515.17     1.06e-16
6518.47     1.08e-16
6521.78     1.06e-16
6525.08     1.08e-16
6528.39     1.07e-16
6531.69     1.08e-16
6535.00     1.03e-16
6538.30     1.02e-16
6541.61     1.09e-16
6544.91     1.07e-16
6548.22     9.99e-17
6551.52     1.01e-16
6554.83     1.01e-16
6558.13     1.01e-16
6561.44     1.04e-16
6564.74     1.06e-16
6568.05     1.11e-16
6571.35     1.07e-16
6574.66     1.03e-16
6577.96     1.07e-16
6581.27     1.12e-16
6584.57     1.12e-16
6587.87     1.12e-16
6591.18     1.14e-16
6594.48     1.12e-16
6597.79     1.04e-16
6601.09     1.05e-16
6604.40     1.04e-16
6607.70     1.08e-16
6611.01     1.13e-16
6614.31     1.11e-16
6617.62     1.09e-16
6620.92     1.07e-16
6624.23     1.05e-16
6627.53     1.05e-16
6630.84     1.05e-16
6634.14     1.06e-16
6637.45     1.06e-16
6640.75     1.09e-16
6644.06     1.11e-16
6647.36     1.04e-16
6650.67     1.05e-16
6653.97     1.05e-16
6657.28     1.07e-16
6660.58     1.05e-16
6663.89     1.04e-16
6667.19     1.06e-16
6670.50     1.05e-16
6673.80     1.04e-16
6677.10     1.08e-16
6680.41     1.05e-16
6683.71     1.06e-16
6687.02     1.07e-16
6690.32     1.05e-16
6693.63     1.01e-16
6696.93     1.03e-16
6700.24     1.03e-16
6703.54     1.02e-16
6706.85     1.08e-16
6710.15     1.19e-16
6713.46     1.15e-16
6716.76     1.04e-16
6720.07     1.08e-16
6723.37     1.10e-16
6726.68     1.14e-16
6729.98     1.15e-16
6733.29     1.13e-16
6736.59     1.10e-16
6739.90     1.13e-16
6743.20     1.15e-16
6746.51     1.11e-16
6749.81     1.07e-16
6753.12     1.06e-16
6756.42     1.07e-16
6759.73     1.07e-16
6763.03     1.08e-16
6766.34     1.14e-16
6769.64     1.11e-16
6772.94     1.07e-16
6776.25     1.07e-16
6779.55     1.09e-16
6782.86     1.09e-16
6786.16     1.05e-16
6789.47     1.08e-16
6792.77     1.11e-16
6796.08     1.08e-16
6799.38     1.06e-16
6802.69     1.05e-16
6805.99     1.08e-16
6809.30     1.03e-16
6812.60     1.04e-16
6815.91     1.08e-16
6819.21     1.08e-16
6822.52     1.04e-16
6825.82     1.01e-16
6829.13     1.02e-16
6832.43     1.01e-16
6835.74     1.03e-16
6839.04     1.03e-16
6842.35     1.04e-16
6845.65     1.07e-16
6848.96     1.03e-16
6852.26     9.98e-17
6855.57     1.00e-16
6858.87     9.82e-17
6862.18     9.53e-17
6865.48     9.41e-17
6868.78     9.21e-17
6872.09     9.40e-17
6875.39     9.43e-17
6878.70     9.66e-17
6882.00     9.77e-17
6885.31     9.71e-17
6888.61     9.83e-17
6891.92     9.40e-17
6895.22     8.91e-17
6898.53     9.03e-17
6901.83     8.84e-17
6905.14     8.80e-17
6908.44     9.16e-17
6911.75     9.17e-17
6915.05     8.97e-17
6918.36     9.18e-17
6921.66     9.26e-17
6924.97     9.23e-17
6928.27     9.09e-17
6931.58     9.22e-17
6934.88     9.68e-17
6938.19     9.90e-17
6941.49     1.03e-16
6944.80     1.04e-16
6948.10     9.80e-17
6951.41     9.51e-17
6954.71     9.83e-17
6958.02     9.72e-17
6961.32     9.37e-17
6964.62     9.41e-17
6967.93     9.85e-17
6971.23     9.54e-17
6974.54     8.96e-17
6977.84     9.58e-17
6981.15     9.97e-17
6984.45     1.02e-16
6987.76     1.04e-16
6991.06     9.75e-17
6994.37     9.72e-17
6997.67     9.87e-17
7000.98     1.04e-16
7004.28     1.10e-16
7007.59     1.07e-16
7010.89     1.03e-16
7014.20     1.01e-16
7017.50     1.03e-16
7020.81     9.69e-17
7024.11     9.85e-17
7027.42     1.03e-16
7030.72     1.00e-16
7034.03     9.99e-17
7037.33     1.00e-16
7040.64     9.65e-17
7043.94     9.81e-17
7047.25     1.03e-16
7050.55     1.04e-16
7053.86     1.04e-16
7057.16     1.02e-16
7060.46     1.03e-16
7063.77     1.01e-16
7067.07     1.00e-16
7070.38     9.91e-17
7073.68     1.01e-16
7076.99     1.06e-16
7080.29     1.05e-16
7083.60     1.03e-16
7086.90     1.05e-16
7090.21     1.02e-16
7093.51     9.79e-17
7096.82     1.04e-16
7100.12     1.11e-16
7103.43     1.01e-16
7106.73     9.59e-17
7110.04     1.03e-16
7113.34     1.04e-16
7116.65     1.01e-16
7119.95     9.79e-17
7123.26     9.75e-17
7126.56     1.04e-16
7129.87     1.07e-16
7133.17     1.06e-16
7136.48     1.02e-16
7139.78     1.01e-16
7143.09     1.00e-16
7146.39     1.01e-16
7149.70     1.03e-16
7153.00     1.02e-16
7156.30     1.01e-16
7159.61     1.04e-16
7162.91     1.00e-16
7166.22     9.86e-17
7169.52     9.91e-17
7172.83     1.02e-16
7176.13     1.01e-16
7179.44     1.02e-16
7182.74     1.04e-16
7186.05     9.95e-17
7189.35     1.01e-16
7192.66     1.01e-16
7195.96     1.02e-16
7199.27     9.89e-17
7202.57     9.42e-17
7205.88     9.92e-17
7209.18     1.05e-16
7212.49     1.02e-16
7215.79     1.01e-16
7219.10     9.78e-17
7222.40     9.65e-17
7225.71     1.04e-16
7229.01     1.03e-16
7232.32     1.00e-16
7235.62     1.02e-16
7238.93     9.84e-17
7242.23     9.88e-17
7245.53     9.66e-17
7248.84     9.39e-17
7252.14     9.99e-17
7255.45     1.02e-16
7258.75     9.87e-17
7262.06     1.00e-16
7265.36     9.37e-17
7268.67     9.50e-17
7271.97     8.87e-17
7275.28     9.15e-17
7278.58     1.02e-16
7281.89     1.05e-16
7285.19     9.89e-17
7288.50     9.39e-17
7291.80     9.10e-17
7295.11     8.63e-17
7298.41     9.38e-17
7301.72     9.83e-17
7305.02     9.75e-17
7308.33     9.60e-17
7311.63     1.01e-16
7314.94     1.00e-16
7318.24     9.74e-17
7321.55     1.03e-16
7324.85     1.05e-16
7328.16     9.56e-17
7331.46     9.61e-17
7334.77     1.10e-16
7338.07     1.03e-16
7341.37     9.34e-17
7344.68     9.12e-17
7347.98     9.07e-17
7351.29     9.30e-17
7354.59     9.51e-17
7357.90     9.37e-17
7361.20     9.28e-17
7364.51     9.21e-17
7367.81     9.20e-17
7371.12     9.86e-17
7374.42     1.02e-16
7377.73     1.02e-16
7381.03     1.01e-16
7384.34     1.01e-16
7387.64     1.00e-16
7390.95     9.63e-17
7394.25     9.94e-17
7397.56     1.03e-16
7400.86     9.58e-17
7404.17     9.46e-17
7407.47     9.74e-17
7410.78     1.00e-16
7414.08     9.99e-17
7417.39     9.93e-17
7420.69     9.92e-17
7424.00     9.99e-17
7427.30     1.04e-16
7430.61     1.02e-16
7433.91     1.02e-16
7437.21     9.95e-17
7440.52     9.58e-17
7443.82     9.44e-17
7447.13     9.62e-17
7450.43     9.89e-17
7453.74     9.74e-17
7457.04     9.48e-17
7460.35     9.42e-17
7463.65     9.39e-17
7466.96     1.00e-16
7470.26     9.44e-17
7473.57     9.46e-17
7476.87     9.16e-17
7480.18     9.02e-17
7483.48     9.36e-17
7486.79     8.89e-17
7490.09     8.73e-17
7493.40     9.47e-17
7496.70     9.45e-17
7500.01     9.36e-17
7503.31     9.98e-17
7506.62     1.01e-16
7509.92     9.49e-17
7513.23     9.56e-17
7516.53     9.92e-17
7519.84     9.97e-17
7523.14     1.01e-16
7526.45     9.68e-17
7529.75     9.56e-17
7533.05     9.33e-17
7536.36     9.36e-17
7539.66     9.85e-17
7542.97     9.32e-17
7546.27     9.10e-17
7549.58     9.53e-17
7552.88     9.85e-17
7556.19     1.03e-16
7559.49     1.01e-16
7562.80     1.05e-16
7566.10     9.69e-17
7569.41     9.74e-17
7572.71     9.73e-17
7576.02     9.69e-17
7579.32     1.00e-16
7582.63     9.93e-17
7585.93     9.65e-17
7714.82     9.69e-17
7718.13     1.03e-16
7721.43     9.65e-17
7724.73     9.87e-17
7728.04     9.30e-17
7731.34     9.33e-17
7734.65     9.39e-17
7737.95     9.54e-17
7741.26     1.02e-16
7744.56     1.02e-16
7747.87     9.75e-17
7751.17     1.03e-16
7754.48     1.03e-16
7757.78     9.86e-17
7761.09     9.66e-17
7764.39     9.97e-17
7767.70     9.53e-17
7771.00     9.39e-17
7774.31     1.03e-16
7777.61     1.06e-16
7780.92     1.02e-16
7784.22     9.84e-17
7787.53     1.05e-16
7790.83     1.00e-16
7794.14     9.45e-17
7797.44     9.59e-17
7800.75     9.75e-17
7804.05     9.57e-17
7807.36     9.86e-17
7810.66     1.06e-16
7813.96     1.01e-16
7817.27     9.41e-17
7820.57     9.88e-17
7823.88     9.68e-17
7827.18     9.75e-17
7830.49     9.69e-17
7833.79     9.16e-17
7837.10     9.44e-17
7840.40     9.99e-17
7843.71     9.61e-17
7847.01     9.50e-17
7850.32     9.42e-17
7853.62     9.19e-17
7856.93     9.36e-17
7860.23     9.21e-17
7863.54     9.02e-17
7866.84     8.91e-17
7870.15     9.02e-17
7873.45     9.39e-17
7876.76     9.41e-17
7880.06     1.01e-16
7883.37     9.96e-17
7886.67     9.71e-17
7889.98     9.67e-17
7893.28     9.19e-17
7896.59     9.00e-17
7899.89     8.70e-17
7903.20     8.34e-17
7906.50     9.20e-17
7909.80     9.18e-17
7913.11     8.40e-17
7916.41     9.16e-17
7919.72     9.33e-17
7923.02     8.73e-17
7926.33     8.45e-17
7929.63     8.08e-17
7932.94     8.33e-17
7936.24     9.19e-17
7939.55     9.52e-17
7942.85     9.23e-17
7946.16     9.05e-17
7949.46     9.17e-17
7952.77     9.28e-17
7956.07     8.73e-17
7959.38     8.13e-17
7962.68     8.28e-17
7965.99     8.56e-17
7969.29     8.55e-17
7972.60     8.56e-17
7975.90     7.94e-17
7979.21     8.51e-17
7982.51     9.16e-17
7985.82     8.92e-17
7989.12     9.07e-17
7992.43     9.39e-17
7995.73     9.12e-17
7999.04     8.49e-17
8002.34     8.45e-17
