3676.64282227 1.41676e-16
3678.82608998 1.36945e-16
3681.00935769 1.40827e-16
3683.1926254 1.50921e-16
3685.37589311 1.33092e-16
3687.55916082 1.31853e-16
3689.74242853 1.34869e-16
3691.92569624 1.50057e-16
3694.10896395 1.34887e-16
3696.29223167 1.06403e-16
3698.47549938 1.30326e-16
3700.65876709 1.29769e-16
3702.8420348 1.3745e-16
3705.02530251 1.23282e-16
3707.20857022 1.6553e-16
3709.39183793 1.28411e-16
3711.57510564 1.57392e-16
3713.75837335 1.50827e-16
3715.94164106 1.08482e-16
3718.12490878 1.79743e-16
3720.30817649 1.27713e-16
3722.4914442 1.57655e-16
3724.67471191 1.52498e-16
3726.85797962 1.73895e-16
3729.04124733 1.19781e-16
3731.22451504 1.48339e-16
3733.40778275 1.27767e-16
3735.59105046 1.27794e-16
3737.77431818 1.41239e-16
3739.95758589 1.5537e-16
3742.1408536 1.42924e-16
3744.32412131 1.45295e-16
3746.50738902 1.20531e-16
3748.69065673 1.45407e-16
3750.87392444 1.44695e-16
3753.05719215 1.33584e-16
3755.24045986 1.6188e-16
3757.42372758 1.60602e-16
3759.60699529 1.56232e-16
3761.790263 1.7112e-16
3763.97353071 1.05626e-16
3766.15679842 1.31029e-16
3768.34006613 1.40319e-16
3770.52333384 1.41734e-16
3772.70660155 1.51144e-16
3774.88986926 1.65486e-16
3777.07313698 1.5243e-16
3779.25640469 1.50198e-16
3781.4396724 1.58707e-16
3783.62294011 1.48902e-16
3785.80620782 1.4789e-16
3787.98947553 1.39921e-16
3790.17274324 1.42909e-16
3792.35601095 1.43108e-16
3794.53927866 1.34222e-16
3796.72254637 1.18851e-16
3798.90581409 1.48459e-16
3801.0890818 1.49988e-16
3803.27234951 1.37189e-16
3805.45561722 1.19675e-16
3807.63888493 1.15964e-16
3809.82215264 1.36474e-16
3812.00542035 1.54636e-16
3814.18868806 1.44186e-16
3816.37195577 1.23029e-16
3818.55522349 1.39409e-16
3820.7384912 1.36383e-16
3822.92175891 1.34799e-16
3825.10502662 1.43497e-16
3827.28829433 1.51696e-16
3829.47156204 1.43891e-16
3831.65482975 1.40682e-16
3833.83809746 1.49705e-16
3836.02136517 1.35548e-16
3838.20463289 1.4236e-16
3840.3879006 1.38473e-16
3842.57116831 1.24638e-16
3844.75443602 1.14763e-16
3846.93770373 1.21598e-16
3849.12097144 1.19575e-16
3851.30423915 1.37464e-16
3853.48750686 1.40152e-16
3855.67077457 1.1318e-16
3857.85404228 8.83242e-17
3860.03731 1.0824e-16
3862.22057771 1.34158e-16
3864.40384542 1.33419e-16
3866.58711313 1.25658e-16
3868.77038084 1.46868e-16
3870.95364855 1.19348e-16
3873.13691626 1.30722e-16
3875.32018397 1.49461e-16
3877.50345168 1.20466e-16
3879.6867194 1.41583e-16
3881.86998711 1.21183e-16
3884.05325482 1.1534e-16
3886.23652253 1.37723e-16
3888.41979024 1.2903e-16
3890.60305795 1.18975e-16
3892.78632566 1.06402e-16
3894.96959337 1.21273e-16
3897.15286108 1.22129e-16
3899.3361288 1.17587e-16
3901.51939651 1.16901e-16
3903.70266422 1.22213e-16
3905.88593193 1.52298e-16
3908.06919964 1.40782e-16
3910.25246735 1.25702e-16
3912.43573506 1.28705e-16
3914.61900277 1.28574e-16
3916.80227048 1.25086e-16
3918.98553819 1.37506e-16
3921.16880591 1.54801e-16
3923.35207362 1.30747e-16
3925.53534133 1.61297e-16
3927.71860904 1.3065e-16
3929.90187675 1.24161e-16
3932.08514446 1.26166e-16
3934.26841217 1.10101e-16
3936.45167988 1.12532e-16
3938.63494759 1.20676e-16
3940.81821531 1.33381e-16
3943.00148302 1.44187e-16
3945.18475073 1.2938e-16
3947.36801844 1.15924e-16
3949.55128615 1.38338e-16
3951.73455386 1.16184e-16
3953.91782157 1.46014e-16
3956.10108928 1.23888e-16
3958.28435699 1.05146e-16
3960.46762471 1.27117e-16
3962.65089242 1.09532e-16
3964.83416013 1.11274e-16
3967.01742784 1.12829e-16
3969.20069555 1.04646e-16
3971.38396326 1.20193e-16
3973.56723097 1.19084e-16
3975.75049868 1.16049e-16
3977.93376639 1.37489e-16
3980.11703411 1.24087e-16
3982.30030182 1.29608e-16
3984.48356953 1.17109e-16
3986.66683724 9.69244e-17
3988.85010495 1.06055e-16
3991.03337266 1.04081e-16
3993.21664037 1.13739e-16
3995.39990808 1.19772e-16
3997.58317579 1.22941e-16
3999.7664435 1.20868e-16
4001.94971122 1.05253e-16
4004.13297893 1.13673e-16
4006.31624664 9.27836e-17
4008.49951435 1.08157e-16
4010.68278206 1.19355e-16
4012.86604977 1.13399e-16
4015.04931748 9.19104e-17
4017.23258519 1.29596e-16
4019.4158529 1.17478e-16
4021.59912062 1.10996e-16
4023.78238833 1.19189e-16
4025.96565604 1.30574e-16
4028.14892375 1.12559e-16
4030.33219146 9.86056e-17
4032.51545917 1.31569e-16
4034.69872688 1.3044e-16
4036.88199459 1.16609e-16
4039.0652623 1.30712e-16
4041.24853002 1.21981e-16
4043.43179773 1.03252e-16
4045.61506544 1.19676e-16
4047.79833315 1.56801e-16
4049.98160086 1.20031e-16
4052.16486857 1.14431e-16
4054.34813628 1.05306e-16
4056.53140399 1.1195e-16
4058.7146717 1.21301e-16
4060.89793941 1.01806e-16
4063.08120713 1.11205e-16
4065.26447484 1.08178e-16
4067.44774255 1.0634e-16
4069.63101026 1.14853e-16
4071.81427797 1.25901e-16
4073.99754568 1.20368e-16
4076.18081339 1.12108e-16
4078.3640811 1.10502e-16
4080.54734881 1.16744e-16
4082.73061653 1.14957e-16
4084.91388424 1.2078e-16
4087.09715195 1.1441e-16
4089.28041966 1.39721e-16
4091.46368737 1.18604e-16
4093.64695508 1.2676e-16
4095.83022279 1.30227e-16
4098.0134905 1.48672e-16
4100.19675821 1.39062e-16
4102.38002593 1.25459e-16
4104.56329364 1.373e-16
4106.74656135 1.30003e-16
4108.92982906 1.26942e-16
4111.11309677 1.28718e-16
4113.29636448 1.21881e-16
4115.47963219 1.1313e-16
4117.6628999 1.08026e-16
4119.84616761 1.22738e-16
4122.02943532 1.25676e-16
4124.21270304 1.06095e-16
4126.39597075 1.35913e-16
4128.57923846 1.36899e-16
4130.76250617 1.14568e-16
4132.94577388 1.18605e-16
4135.12904159 1.27912e-16
4137.3123093 1.10581e-16
4139.49557701 1.05885e-16
4141.67884472 1.10947e-16
4143.86211244 1.07295e-16
4146.04538015 1.07957e-16
4148.22864786 1.18412e-16
4150.41191557 1.17934e-16
4152.59518328 1.10273e-16
4154.77845099 1.05913e-16
4156.9617187 9.53989e-17
4159.14498641 1.07342e-16
4161.32825412 1.14538e-16
4163.51152184 1.27795e-16
4165.69478955 1.12636e-16
4167.87805726 1.10819e-16
4170.06132497 1.11491e-16
4172.24459268 1.07704e-16
4174.42786039 1.08417e-16
4176.6111281 1.09696e-16
4178.79439581 1.05285e-16
4180.97766352 1.22046e-16
4183.16093124 1.3686e-16
4185.34419895 1.25948e-16
4187.52746666 1.22054e-16
4189.71073437 1.27803e-16
4191.89400208 1.20023e-16
4194.07726979 1.1646e-16
4196.2605375 1.10321e-16
4198.44380521 1.12068e-16
4200.62707292 1.00726e-16
4202.81034063 1.12216e-16
4204.99360835 1.138e-16
4207.17687606 1.05794e-16
4209.36014377 1.22603e-16
4211.54341148 1.26948e-16
4213.72667919 1.23577e-16
4215.9099469 1.15196e-16
4218.09321461 1.02923e-16
4220.27648232 1.13291e-16
4222.45975003 1.08754e-16
4224.64301775 8.93222e-17
4226.82628546 1.0032e-16
4229.00955317 1.11201e-16
4231.19282088 1.16695e-16
4233.37608859 1.03974e-16
4235.5593563 9.26994e-17
4237.74262401 1.11813e-16
4239.92589172 1.15462e-16
4242.10915943 9.46549e-17
4244.29242715 1.01912e-16
4246.47569486 1.1067e-16
4248.65896257 1.02687e-16
4250.84223028 1.07083e-16
4253.02549799 1.27811e-16
4255.2087657 1.18523e-16
4257.39203341 1.06406e-16
4259.57530112 9.23284e-17
4261.75856883 9.79868e-17
4263.94183654 1.16331e-16
4266.12510426 1.02391e-16
4268.30837197 1.04693e-16
4270.49163968 1.19645e-16
4272.67490739 9.90737e-17
4274.8581751 1.07486e-16
4277.04144281 1.15228e-16
4279.22471052 1.17753e-16
4281.40797823 1.00919e-16
4283.59124594 1.09571e-16
4285.77451366 8.6091e-17
4287.95778137 1.09297e-16
4290.14104908 1.0466e-16
4292.32431679 8.92354e-17
4294.5075845 8.66822e-17
4296.69085221 1.00929e-16
4298.87411992 1.01997e-16
4301.05738763 8.42288e-17
4303.24065534 9.47538e-17
4305.42392306 8.73811e-17
4307.60719077 9.68652e-17
4309.79045848 8.89999e-17
4311.97372619 1.15382e-16
4314.1569939 1.00909e-16
4316.34026161 8.80413e-17
4318.52352932 1.00203e-16
4320.70679703 9.19952e-17
4322.89006474 1.07495e-16
4325.07333245 1.09342e-16
4327.25660017 1.11005e-16
4329.43986788 1.09651e-16
4331.62313559 1.02978e-16
4333.8064033 9.05717e-17
4335.98967101 1.14444e-16
4338.17293872 9.96471e-17
4340.35620643 1.0398e-16
4342.53947414 9.99394e-17
4344.72274185 9.19561e-17
4346.90600957 1.0074e-16
4349.08927728 7.9518e-17
4351.27254499 8.48727e-17
4353.4558127 8.71922e-17
4355.63908041 9.45415e-17
4357.82234812 8.92648e-17
4360.00561583 9.45143e-17
4362.18888354 7.92561e-17
4364.37215125 8.55671e-17
4366.55541897 9.34412e-17
4368.73868668 9.75033e-17
4370.92195439 1.13455e-16
4373.1052221 9.6068e-17
4375.28848981 9.6723e-17
4377.47175752 1.1961e-16
4379.65502523 1.14502e-16
4381.83829294 1.10746e-16
4384.02156065 1.07108e-16
4386.20482837 9.8714e-17
4388.38809608 8.5091e-17
4390.57136379 7.56103e-17
4392.7546315 6.12441e-17
4394.93789921 6.75064e-17
4397.12116692 9.61008e-17
4399.30443463 1.03113e-16
4401.48770234 1.07822e-16
4403.67097005 1.14905e-16
4405.85423776 8.29071e-17
4408.03750548 7.90251e-17
4410.22077319 9.63446e-17
4412.4040409 1.0836e-16
4414.58730861 1.03198e-16
4416.77057632 1.10825e-16
4418.95384403 1.16297e-16
4421.13711174 1.26656e-16
4423.32037945 1.01111e-16
4425.50364716 9.12484e-17
4427.68691488 1.18761e-16
4429.87018259 1.2161e-16
4432.0534503 9.64324e-17
4434.23671801 1.07476e-16
4436.41998572 1.20445e-16
4438.60325343 1.14209e-16
4440.78652114 1.01228e-16
4442.96978885 1.00882e-16
4445.15305656 1.15778e-16
4447.33632428 1.0423e-16
4449.51959199 1.01587e-16
4451.7028597 1.10247e-16
4453.88612741 1.11308e-16
4456.06939512 1.21457e-16
4458.25266283 1.3512e-16
4460.43593054 1.01992e-16
4462.61919825 8.76315e-17
4464.80246596 1.04053e-16
4466.98573367 1.00934e-16
4469.16900139 1.12866e-16
4471.3522691 1.25098e-16
4473.53553681 1.1566e-16
4475.71880452 1.16654e-16
4477.90207223 1.10276e-16
4480.08533994 9.83114e-17
4482.26860765 1.05684e-16
4484.45187536 1.13047e-16
4486.63514307 1.12614e-16
4488.81841079 1.19302e-16
4491.0016785 1.05304e-16
4493.18494621 1.21901e-16
4495.36821392 1.12834e-16
4497.55148163 1.25923e-16
4499.73474934 1.1547e-16
4501.91801705 1.05979e-16
4504.10128476 1.09988e-16
4506.28455247 1.31847e-16
4508.46782019 1.14861e-16
4510.6510879 1.21209e-16
4512.83435561 1.13893e-16
4515.01762332 1.20357e-16
4517.20089103 1.29663e-16
4519.38415874 1.13592e-16
4521.56742645 1.12144e-16
4523.75069416 1.17218e-16
4525.93396187 1.1278e-16
4528.11722958 1.21319e-16
4530.3004973 1.37663e-16
4532.48376501 1.36987e-16
4534.66703272 1.19127e-16
4536.85030043 1.31668e-16
4539.03356814 1.1725e-16
4541.21683585 1.19512e-16
4543.40010356 1.01694e-16
4545.58337127 1.11367e-16
4547.76663898 1.12484e-16
4549.9499067 1.31055e-16
4552.13317441 1.28576e-16
4554.31644212 1.21499e-16
4556.49970983 1.10785e-16
4558.68297754 1.32778e-16
4560.86624525 1.33723e-16
4563.04951296 1.27683e-16
4565.23278067 1.22946e-16
4567.41604838 1.12354e-16
4569.5993161 1.07546e-16
4571.78258381 1.18125e-16
4573.96585152 1.01558e-16
4576.14911923 1.0127e-16
4578.33238694 1.12826e-16
4580.51565465 1.17848e-16
4582.69892236 1.11249e-16
4584.88219007 1.103e-16
4587.06545778 1.18779e-16
4589.2487255 1.08842e-16
4591.43199321 1.03261e-16
4593.61526092 9.85815e-17
4595.79852863 1.09488e-16
4597.98179634 1.13051e-16
4600.16506405 1.26262e-16
4602.34833176 1.24627e-16
4604.53159947 1.10746e-16
4606.71486718 9.51272e-17
4608.89813489 1.11836e-16
4611.08140261 9.73641e-17
4613.26467032 9.46885e-17
4615.44793803 1.1819e-16
4617.63120574 1.10465e-16
4619.81447345 1.10857e-16
4621.99774116 1.02056e-16
4624.18100887 9.94908e-17
4626.36427658 9.15403e-17
4628.54754429 9.0031e-17
4630.73081201 1.0249e-16
4632.91407972 9.40833e-17
4635.09734743 7.0842e-17
4637.28061514 1.05028e-16
4639.46388285 1.13656e-16
4641.64715056 1.08211e-16
4643.83041827 9.91016e-17
4646.01368598 1.04218e-16
4648.19695369 9.66449e-17
4650.38022141 9.32638e-17
4652.56348912 1.03174e-16
4654.74675683 9.07044e-17
4656.93002454 8.96665e-17
4659.11329225 1.11608e-16
4661.29655996 1.03195e-16
4663.47982767 9.51778e-17
4665.66309538 9.91471e-17
4667.84636309 9.8125e-17
4670.0296308 9.7453e-17
4672.21289852 1.07786e-16
4674.39616623 1.12261e-16
4676.57943394 9.22086e-17
4678.76270165 9.02107e-17
4680.94596936 9.79237e-17
4683.12923707 1.10383e-16
4685.31250478 1.07853e-16
4687.49577249 1.00158e-16
4689.6790402 9.71536e-17
4691.86230792 1.00636e-16
4694.04557563 1.01161e-16
4696.22884334 1.0414e-16
4698.41211105 1.0318e-16
4700.59537876 8.18552e-17
4702.77864647 8.89488e-17
4704.96191418 1.00861e-16
4707.14518189 9.52483e-17
4709.3284496 9.43851e-17
4711.51171732 9.64469e-17
4713.69498503 9.46636e-17
4715.87825274 1.01663e-16
4718.06152045 9.10046e-17
4720.24478816 8.67143e-17
4722.42805587 9.25594e-17
4724.61132358 1.0082e-16
4726.79459129 1.14033e-16
4728.977859 9.62866e-17
4731.16112671 8.74839e-17
4733.34439443 9.36467e-17
4735.52766214 9.72217e-17
4737.71092985 9.99299e-17
4739.89419756 9.75025e-17
4742.07746527 1.09055e-16
4744.26073298 9.84234e-17
4746.44400069 9.462e-17
4748.6272684 9.03945e-17
4750.81053611 9.18854e-17
4752.99380383 9.76045e-17
4755.17707154 9.79395e-17
4757.36033925 9.04042e-17
4759.54360696 9.46056e-17
4761.72687467 9.53192e-17
4763.91014238 8.17736e-17
4766.09341009 1.01924e-16
4768.2766778 9.5018e-17
4770.45994551 8.21481e-17
4772.64321323 8.50642e-17
4774.82648094 9.76232e-17
4777.00974865 1.25238e-16
4779.19301636 1.09378e-16
4781.37628407 1.03685e-16
4783.55955178 1.00759e-16
4785.74281949 8.69037e-17
4787.9260872 9.36418e-17
4790.10935491 9.3905e-17
4792.29262263 1.05627e-16
4794.47589034 1.19646e-16
4796.65915805 8.77921e-17
4798.84242576 9.30223e-17
4801.02569347 9.75054e-17
4803.20896118 9.19991e-17
4805.39222889 9.05907e-17
4807.5754966 9.78444e-17
4809.75876431 8.74409e-17
4811.94203202 1.03119e-16
4814.12529974 1.10513e-16
4816.30856745 9.15802e-17
4818.49183516 1.10872e-16
4820.67510287 1.08005e-16
4822.85837058 9.42358e-17
4825.04163829 1.14433e-16
4827.224906 1.1369e-16
4829.40817371 1.15347e-16
4831.59144142 1.01498e-16
4833.77470914 1.1246e-16
4835.95797685 1.13446e-16
4838.14124456 1.0683e-16
4840.32451227 1.03769e-16
4842.50777998 1.06362e-16
4844.69104769 1.06467e-16
4846.8743154 9.71936e-17
4849.05758311 9.31231e-17
4851.24085082 9.4148e-17
4853.42411854 9.88412e-17
4855.60738625 8.28089e-17
4857.79065396 1.05994e-16
4859.97392167 1.17466e-16
4862.15718938 9.09372e-17
4864.34045709 9.49449e-17
4866.5237248 9.64322e-17
4868.70699251 9.63371e-17
4870.89026022 9.77766e-17
4873.07352793 1.13542e-16
4875.25679565 9.99745e-17
4877.44006336 1.07763e-16
4879.62333107 1.00624e-16
4881.80659878 1.18871e-16
4883.98986649 1.04163e-16
4886.1731342 9.05527e-17
4888.35640191 9.88607e-17
4890.53966962 9.13203e-17
4892.72293733 8.48897e-17
4894.90620505 9.15508e-17
4897.08947276 9.3551e-17
4899.27274047 9.34549e-17
4901.45600818 9.1637e-17
4903.63927589 1.10076e-16
4905.8225436 1.12718e-16
4908.00581131 1.01179e-16
4910.18907902 1.00739e-16
4912.37234673 1.01602e-16
4914.55561445 9.43452e-17
4916.73888216 1.02094e-16
4918.92214987 9.46532e-17
4921.10541758 9.10513e-17
4923.28868529 1.11029e-16
4925.471953 9.74435e-17
4927.65522071 9.93715e-17
4929.83848842 1.04415e-16
4932.02175613 9.46203e-17
4934.20502384 1.11745e-16
4936.38829156 9.3868e-17
4938.57155927 8.01501e-17
4940.75482698 8.78122e-17
4942.93809469 9.93885e-17
4945.1213624 1.05466e-16
4947.30463011 8.8794e-17
4949.48789782 9.79276e-17
4951.67116553 1.02339e-16
4953.85443324 1.03579e-16
4956.03770096 1.03728e-16
4958.22096867 9.83278e-17
4960.40423638 8.62942e-17
4962.58750409 9.51834e-17
4964.7707718 1.05629e-16
4966.95403951 9.98471e-17
4969.13730722 9.18256e-17
4971.32057493 9.86678e-17
4973.50384264 1.10773e-16
4975.68711036 1.1068e-16
4977.87037807 9.66561e-17
4980.05364578 1.00502e-16
4982.23691349 9.51597e-17
4984.4201812 1.00345e-16
4986.60344891 9.85807e-17
4988.78671662 1.07083e-16
4990.96998433 1.11e-16
4993.15325204 1.06579e-16
4995.33651976 1.08284e-16
4997.51978747 1.07926e-16
4999.70305518 1.0892e-16
5001.88632289 1.02969e-16
5004.0695906 9.29935e-17
5006.25285831 1.0816e-16
5008.43612602 1.10803e-16
5010.61939373 1.04542e-16
5012.80266144 9.79952e-17
5014.98592915 8.52227e-17
5017.16919687 9.02538e-17
5019.35246458 1.06902e-16
5021.53573229 9.98443e-17
5023.719 1.0048e-16
5025.90226771 9.90111e-17
5028.08553542 1.12095e-16
5030.26880313 1.02695e-16
5032.45207084 1.01831e-16
5034.63533855 1.00526e-16
5036.81860627 1.09873e-16
5039.00187398 1.09596e-16
5041.18514169 1.02351e-16
5043.3684094 9.96803e-17
5045.55167711 9.30577e-17
5047.73494482 1.04448e-16
5049.91821253 1.14294e-16
5052.10148024 1.19732e-16
5054.28474795 1.19505e-16
5056.46801567 1.05425e-16
5058.65128338 9.72065e-17
5060.83455109 1.05903e-16
5063.0178188 1.2026e-16
5065.20108651 1.11533e-16
5067.38435422 9.52466e-17
5069.56762193 1.11134e-16
5071.75088964 1.13634e-16
5073.93415735 1.16861e-16
5076.11742506 1.11336e-16
5078.30069278 9.99947e-17
5080.48396049 1.06619e-16
5082.6672282 1.01459e-16
5084.85049591 1.00636e-16
5087.03376362 1.11232e-16
5089.21703133 1.04406e-16
5091.40029904 1.00757e-16
5093.58356675 1.16565e-16
5095.76683446 1.13084e-16
5097.95010218 1.29478e-16
5100.13336989 1.2015e-16
5102.3166376 1.15431e-16
5104.49990531 1.12482e-16
5106.68317302 1.11089e-16
5108.86644073 1.30885e-16
5111.04970844 1.27074e-16
5113.23297615 1.2734e-16
5115.41624386 1.09296e-16
5117.59951158 1.23565e-16
5119.78277929 1.18962e-16
5121.966047 1.02233e-16
5124.14931471 1.20839e-16
5126.33258242 1.28249e-16
5128.51585013 1.21138e-16
5130.69911784 1.18384e-16
5132.88238555 1.28489e-16
5135.06565326 1.12818e-16
5137.24892097 1.12978e-16
5139.43218869 1.01669e-16
5141.6154564 1.09948e-16
5143.79872411 1.20661e-16
5145.98199182 1.27425e-16
5148.16525953 1.18208e-16
5150.34852724 1.25218e-16
5152.53179495 1.21621e-16
5154.71506266 1.33104e-16
5156.89833037 1.22183e-16
5159.08159809 1.20596e-16
5161.2648658 1.08007e-16
5163.44813351 1.20462e-16
5165.63140122 1.22559e-16
5167.81466893 1.08692e-16
5169.99793664 1.14159e-16
5172.18120435 1.21345e-16
5174.36447206 1.36377e-16
5176.54773977 1.17518e-16
5178.73100749 1.12477e-16
5180.9142752 1.16811e-16
5183.09754291 1.25652e-16
5185.28081062 1.25686e-16
5187.46407833 1.20781e-16
5189.64734604 1.25628e-16
5191.83061375 1.16128e-16
5194.01388146 1.13542e-16
5196.19714917 1.33368e-16
5198.38041689 1.31318e-16
5200.5636846 1.21902e-16
5202.74695231 1.15521e-16
5204.93022002 1.25764e-16
5207.11348773 1.05228e-16
5209.29675544 1.18756e-16
5211.48002315 1.17094e-16
5213.66329086 1.20599e-16
5215.84655857 1.0647e-16
5218.02982628 1.15852e-16
5220.213094 1.16195e-16
5222.39636171 9.55421e-17
5224.57962942 1.16351e-16
5226.76289713 1.18977e-16
5228.94616484 1.17382e-16
5231.12943255 1.17621e-16
5233.31270026 1.16923e-16
5235.49596797 1.13763e-16
5237.67923568 1.19322e-16
5239.8625034 1.0618e-16
5242.04577111 9.56042e-17
5244.22903882 1.05905e-16
5246.41230653 1.09272e-16
5248.59557424 1.09095e-16
5250.77884195 1.09126e-16
5252.96210966 1.07577e-16
5255.14537737 1.09114e-16
5257.32864508 1.1268e-16
5259.5119128 1.21465e-16
5261.69518051 1.13543e-16
5263.87844822 1.13951e-16
5266.06171593 1.10782e-16
5268.24498364 1.00731e-16
5270.42825135 1.01962e-16
5272.61151906 1.04934e-16
5274.79478677 1.06868e-16
5276.97805448 9.54455e-17
5279.16132219 9.77212e-17
5281.34458991 9.13658e-17
5283.52785762 1.06845e-16
5285.71112533 1.23956e-16
5287.89439304 1.1466e-16
5290.07766075 1.09881e-16
5292.26092846 1.08492e-16
5294.44419617 1.10612e-16
5296.62746388 1.0382e-16
5298.81073159 9.8181e-17
5300.99399931 1.05854e-16
5303.17726702 1.03951e-16
5305.36053473 1.05342e-16
5307.54380244 1.06675e-16
5309.72707015 1.05512e-16
5311.91033786 1.10743e-16
5314.09360557 1.11981e-16
5316.27687328 1.04703e-16
5318.46014099 1.11605e-16
5320.64340871 1.0877e-16
5322.82667642 1.03366e-16
5325.00994413 1.0736e-16
5327.19321184 1.03766e-16
5329.37647955 1.08356e-16
5331.55974726 1.0535e-16
5333.74301497 1.07374e-16
5335.92628268 1.04848e-16
5338.10955039 9.90351e-17
5340.2928181 1.05516e-16
5342.47608582 1.1883e-16
5344.65935353 1.03909e-16
5346.84262124 1.06125e-16
5349.02588895 1.06598e-16
5351.20915666 1.10749e-16
5353.39242437 1.15487e-16
5355.57569208 8.86981e-17
5357.75895979 1.00893e-16
5359.9422275 1.06523e-16
5362.12549522 9.54269e-17
5364.30876293 1.08073e-16
5366.49203064 1.18652e-16
5368.67529835 1.06903e-16
5370.85856606 9.68004e-17
5373.04183377 1.13284e-16
5375.22510148 1.09786e-16
5377.40836919 9.99392e-17
5379.5916369 9.55747e-17
5381.77490462 9.18092e-17
5383.95817233 9.64627e-17
5386.14144004 1.01066e-16
5388.32470775 9.59768e-17
5390.50797546 9.09818e-17
5392.69124317 8.25798e-17
5394.87451088 9.56262e-17
5397.05777859 1.017e-16
5399.2410463 1.0478e-16
5401.42431402 1.05383e-16
5403.60758173 1.00844e-16
5405.79084944 1.02045e-16
5407.97411715 1.06834e-16
5410.15738486 1.01909e-16
5412.34065257 1.01031e-16
5414.52392028 9.48742e-17
5416.70718799 9.76575e-17
5418.8904557 1.06238e-16
5421.07372341 1.05957e-16
5423.25699113 1.0972e-16
5425.44025884 1.10436e-16
5427.62352655 1.17354e-16
5429.80679426 1.03501e-16
5431.99006197 1.08639e-16
5434.17332968 1.09761e-16
5436.35659739 1.02624e-16
5438.5398651 1.10244e-16
5440.72313281 1.01132e-16
5442.90640053 1.0021e-16
5445.08966824 9.98044e-17
5447.27293595 8.48992e-17
5449.45620366 1.00106e-16
5451.63947137 9.92967e-17
5453.82273908 1.11439e-16
5456.00600679 9.40895e-17
5458.1892745 1.02044e-16
5460.37254221 1.03701e-16
5462.55580993 9.85263e-17
5464.73907764 9.88245e-17
5466.92234535 8.93328e-17
5469.10561306 1.01337e-16
5471.28888077 9.82633e-17
5473.47214848 1.05321e-16
5475.65541619 9.92997e-17
5477.8386839 1.00686e-16
5480.02195161 9.16755e-17
5482.20521932 9.74629e-17
5484.38848704 1.09054e-16
5486.57175475 9.04385e-17
5488.75502246 8.81643e-17
5490.93829017 1.02024e-16
5493.12155788 1.13687e-16
5495.30482559 1.02686e-16
5497.4880933 1.07286e-16
5499.67136101 9.29407e-17
5501.85462872 8.12499e-17
5504.03789644 8.97336e-17
5506.22116415 8.68894e-17
5508.40443186 9.32338e-17
5510.58769957 9.36231e-17
5512.77096728 9.48176e-17
5514.95423499 1.00814e-16
5517.1375027 9.2207e-17
5519.32077041 9.17084e-17
5521.50403812 1.01495e-16
5523.68730584 1.05458e-16
5525.87057355 9.5886e-17
5528.05384126 9.02795e-17
5530.23710897 9.86744e-17
5532.42037668 1.01951e-16
5534.60364439 9.57981e-17
5536.7869121 8.60604e-17
5538.97017981 8.73223e-17
5541.15344752 8.88224e-17
5543.33671523 8.15875e-17
5545.51998295 8.33937e-17
5547.70325066 8.88707e-17
5549.88651837 9.55708e-17
5552.06978608 8.46939e-17
5554.25305379 8.66069e-17
5556.4363215 8.11701e-17
5558.61958921 8.22418e-17
5560.80285692 9.06185e-17
5562.98612463 8.40644e-17
5565.16939235 9.35925e-17
5567.35266006 9.48358e-17
5569.53592777 9.84617e-17
5571.71919548 7.94405e-17
5573.90246319 6.3486e-17
5576.0857309 9.73421e-17
5578.26899861 8.80953e-17
5580.45226632 8.18367e-17
5582.63553403 9.18459e-17
5584.81880175 9.06175e-17
5587.00206946 8.49634e-17
5589.18533717 9.20579e-17
5591.36860488 9.11957e-17
5593.55187259 8.34755e-17
5595.7351403 8.86561e-17
5597.91840801 1.01229e-16
5600.10167572 9.5439e-17
5602.28494343 9.84826e-17
5604.46821115 9.62885e-17
5606.65147886 8.83451e-17
5608.83474657 9.60068e-17
5611.01801428 9.03163e-17
5613.20128199 9.49321e-17
5615.3845497 8.09518e-17
5617.56781741 7.77478e-17
5619.75108512 9.5783e-17
5621.93435283 8.62085e-17
5624.11762054 7.67751e-17
5626.30088826 8.28874e-17
5628.48415597 8.70898e-17
5630.66742368 9.27524e-17
5632.85069139 8.68176e-17
5635.0339591 8.84848e-17
5637.21722681 9.03096e-17
5639.40049452 8.52167e-17
5641.58376223 9.37021e-17
5643.76702994 9.07741e-17
5645.95029766 8.98556e-17
5648.13356537 8.63128e-17
5650.31683308 9.57915e-17
5652.50010079 8.55152e-17
5654.6833685 7.76056e-17
5656.86663621 7.2795e-17
5659.04990392 6.62889e-17
5661.23317163 8.37132e-17
5663.41643934 8.83823e-17
5665.59970706 8.26626e-17
5667.78297477 8.73682e-17
5669.96624248 8.41256e-17
5672.14951019 8.36353e-17
5674.3327779 9.21621e-17
5676.51604561 7.96607e-17
5678.69931332 7.50459e-17
5680.88258103 8.46003e-17
5683.06584874 9.7647e-17
5685.24911645 9.02478e-17
5687.43238417 8.45852e-17
5689.61565188 8.98458e-17
5691.79891959 8.48719e-17
5693.9821873 9.09295e-17
5696.16545501 7.88597e-17
5698.34872272 8.61362e-17
5700.53199043 8.15835e-17
5702.71525814 9.13588e-17
5704.89852585 9.54783e-17
5707.08179357 8.57173e-17
5709.26506128 8.96108e-17
5711.44832899 9.77427e-17
5713.6315967 9.84238e-17
5715.81486441 8.88547e-17
5717.99813212 8.32624e-17
5720.18139983 7.81919e-17
5722.36466754 8.47296e-17
5724.54793525 8.39126e-17
5726.73120297 8.46514e-17
5728.91447068 7.7488e-17
5731.09773839 7.62089e-17
5733.2810061 9.25741e-17
5735.46427381 7.75312e-17
5737.64754152 7.71796e-17
5739.83080923 8.01548e-17
5742.01407694 7.47511e-17
5744.19734465 8.08671e-17
5746.38061236 7.80983e-17
5748.56388008 9.13537e-17
5750.74714779 8.82242e-17
5752.9304155 9.8176e-17
5755.11368321 9.8593e-17
5757.29695092 9.64946e-17
5759.48021863 9.75053e-17
5761.66348634 9.13515e-17
5763.84675405 7.72715e-17
5766.03002176 8.83972e-17
5768.21328948 8.39312e-17
5770.39655719 8.11459e-17
5772.5798249 8.08879e-17
5774.76309261 8.6619e-17
5776.94636032 8.29795e-17
5779.12962803 9.2647e-17
5781.31289574 9.97678e-17
5783.49616345 9.16938e-17
5785.67943116 8.85828e-17
5787.86269888 8.09823e-17
5790.04596659 8.68713e-17
5792.2292343 7.80773e-17
5794.41250201 8.35173e-17
5796.59576972 9.36497e-17
5798.77903743 9.35626e-17
5800.96230514 8.63493e-17
5803.14557285 9.02295e-17
5805.32884056 9.01289e-17
5807.51210827 9.44633e-17
5809.69537599 8.95708e-17
5811.8786437 9.09885e-17
5814.06191141 8.28566e-17
5816.24517912 7.22541e-17
5818.42844683 8.48595e-17
5820.61171454 8.39845e-17
5822.79498225 8.24022e-17
5824.97824996 8.8745e-17
5827.16151767 8.69203e-17
5829.34478539 8.49921e-17
5831.5280531 8.37253e-17
5833.71132081 7.18709e-17
5835.89458852 7.21193e-17
5838.07785623 7.39931e-17
5840.26112394 8.68703e-17
5842.44439165 8.29241e-17
5844.62765936 8.43742e-17
5846.81092707 8.70453e-17
5848.99419479 8.83908e-17
5851.1774625 9.2685e-17
5853.36073021 7.95981e-17
5855.54399792 9.2162e-17
5857.72726563 9.41829e-17
5859.91053334 9.07471e-17
5862.09380105 9.91636e-17
5864.27706876 9.62183e-17
5866.46033647 9.79668e-17
5868.64360419 8.86641e-17
5870.8268719 9.17934e-17
5873.01013961 1.00973e-16
5875.19340732 9.99682e-17
5877.37667503 9.69788e-17
5879.55994274 9.23984e-17
5881.74321045 7.7595e-17
5883.92647816 7.75523e-17
5886.10974587 9.14375e-17
5888.29301358 9.10371e-17
5890.4762813 9.74199e-17
5892.65954901 8.62849e-17
5894.84281672 9.34367e-17
5897.02608443 9.25517e-17
5899.20935214 8.37992e-17
5901.39261985 8.37259e-17
5903.57588756 9.71601e-17
5905.75915527 9.3191e-17
5907.94242298 9.66423e-17
5910.1256907 1.01193e-16
5912.30895841 1.05706e-16
5914.49222612 9.18551e-17
5916.67549383 8.90299e-17
5918.85876154 8.72684e-17
5921.04202925 8.98489e-17
5923.22529696 8.89451e-17
5925.40856467 8.73834e-17
5927.59183238 8.29714e-17
5929.7751001 8.67482e-17
5931.95836781 9.80373e-17
5934.14163552 1.02553e-16
5936.32490323 9.65322e-17
5938.50817094 9.1168e-17
5940.69143865 9.04513e-17
5942.87470636 8.43354e-17
5945.05797407 8.81674e-17
5947.24124178 8.25971e-17
5949.42450949 7.8894e-17
5951.60777721 8.60047e-17
5953.79104492 8.54297e-17
5955.97431263 9.58604e-17
5958.15758034 8.54149e-17
5960.34084805 1.02612e-16
5962.52411576 1.01231e-16
5964.70738347 8.83188e-17
5966.89065118 8.43352e-17
5969.07391889 7.97988e-17
5971.25718661 9.64666e-17
5973.44045432 9.41032e-17
5975.62372203 9.11107e-17
5977.80698974 9.74012e-17
5979.99025745 7.89127e-17
5982.17352516 8.86506e-17
5984.35679287 9.71027e-17
5986.54006058 8.60046e-17
5988.72332829 7.76939e-17
5990.90659601 8.11865e-17
5993.08986372 9.02288e-17
5995.27313143 9.55202e-17
5997.45639914 7.89051e-17
5999.63966685 8.76993e-17
6001.82293456 9.1068e-17
6004.00620227 8.72421e-17
6006.18946998 7.50435e-17
6008.37273769 9.50529e-17
6010.5560054 8.59139e-17
6012.73927312 8.06436e-17
6014.92254083 8.32093e-17
6017.10580854 9.2278e-17
6019.28907625 9.55352e-17
6021.47234396 9.14421e-17
6023.65561167 9.6621e-17
6025.83887938 8.51232e-17
6028.02214709 9.55788e-17
6030.2054148 9.69606e-17
6032.38868252 8.07512e-17
6034.57195023 8.67184e-17
6036.75521794 9.82293e-17
6038.93848565 9.45291e-17
6041.12175336 8.46551e-17
6043.30502107 7.77541e-17
6045.48828878 9.42056e-17
6047.67155649 9.35336e-17
6049.8548242 7.78488e-17
6052.03809192 9.00006e-17
6054.22135963 9.59096e-17
6056.40462734 8.89164e-17
6058.58789505 8.55404e-17
6060.77116276 8.25178e-17
6062.95443047 8.72139e-17
6065.13769818 7.70873e-17
6067.32096589 7.2265e-17
6069.5042336 9.28868e-17
6071.68750132 9.02198e-17
6073.87076903 8.29553e-17
6076.05403674 7.87402e-17
6078.23730445 8.16844e-17
6080.42057216 8.95152e-17
6082.60383987 8.59708e-17
6084.78710758 8.24009e-17
6086.97037529 9.12908e-17
6089.153643 7.78073e-17
6091.33691071 9.05837e-17
6093.52017843 7.89737e-17
6095.70344614 9.98221e-17
6097.88671385 8.7048e-17
6100.06998156 8.81135e-17
6102.25324927 1.04902e-16
6104.43651698 1.01647e-16
6106.61978469 8.3529e-17
6108.8030524 7.90228e-17
6110.98632011 8.23029e-17
6113.16958783 1.02553e-16
6115.35285554 9.88039e-17
6117.53612325 8.21252e-17
6119.71939096 9.07056e-17
6121.90265867 9.4822e-17
6124.08592638 8.07649e-17
6126.26919409 9.02758e-17
6128.4524618 1.02913e-16
6130.63572951 7.71826e-17
6132.81899723 7.72934e-17
6135.00226494 8.53788e-17
6137.18553265 1.00058e-16
6139.36880036 9.64234e-17
6141.55206807 8.77291e-17
6143.73533578 9.12356e-17
6145.91860349 1.02266e-16
6148.1018712 9.46072e-17
6150.28513891 1.01628e-16
6152.46840662 8.95796e-17
6154.65167434 7.76865e-17
6156.83494205 8.99961e-17
6159.01820976 8.56145e-17
6161.20147747 8.11996e-17
6163.38474518 8.66504e-17
6165.56801289 8.84907e-17
6167.7512806 8.6012e-17
6169.93454831 8.53028e-17
6172.11781602 8.6017e-17
6174.30108374 8.80966e-17
6176.48435145 8.2685e-17
6178.66761916 9.1591e-17
6180.85088687 8.86208e-17
6183.03415458 8.00228e-17
6185.21742229 8.2838e-17
6187.40069 7.96221e-17
6189.58395771 8.88541e-17
6191.76722542 8.82791e-17
6193.95049314 9.44268e-17
6196.13376085 8.01836e-17
6198.31702856 8.52123e-17
6200.50029627 8.07598e-17
6202.68356398 8.58463e-17
6204.86683169 8.31668e-17
6207.0500994 8.52213e-17
6209.23336711 7.14288e-17
6211.41663482 8.58757e-17
6213.59990253 9.44104e-17
6215.78317025 8.19319e-17
6217.96643796 8.736e-17
6220.14970567 7.76433e-17
6222.33297338 7.8932e-17
6224.51624109 9.41256e-17
6226.6995088 9.46615e-17
6228.88277651 9.33314e-17
6231.06604422 8.92371e-17
6233.24931193 8.26529e-17
6235.43257965 8.59496e-17
6237.61584736 7.79132e-17
6239.79911507 8.02419e-17
6241.98238278 9.54402e-17
6244.16565049 8.37884e-17
6246.3489182 9.14562e-17
6248.53218591 9.6549e-17
6250.71545362 8.54818e-17
6252.89872133 9.04717e-17
6255.08198905 9.79523e-17
6257.26525676 7.84506e-17
6259.44852447 9.14778e-17
6261.63179218 9.34653e-17
6263.81505989 7.90617e-17
6265.9983276 7.76334e-17
6268.18159531 8.29167e-17
6270.36486302 9.12166e-17
6272.54813073 8.10548e-17
6274.73139845 9.35166e-17
6276.91466616 8.87854e-17
6279.09793387 8.42164e-17
6281.28120158 9.38778e-17
6283.46446929 9.14851e-17
6285.647737 9.05043e-17
6287.83100471 8.31551e-17
6290.01427242 7.66424e-17
6292.19754013 9.72677e-17
6294.38080784 7.05955e-17
6296.56407556 5.31698e-17
6298.74734327 8.44757e-17
6300.93061098 9.47352e-17
6303.11387869 9.53388e-17
6305.2971464 1.01157e-16
6307.48041411 9.01263e-17
6309.66368182 8.03942e-17
6311.84694953 8.6969e-17
6314.03021724 7.53511e-17
6316.21348496 7.30922e-17
6318.39675267 8.34259e-17
6320.58002038 8.6276e-17
6322.76328809 8.47069e-17
6324.9465558 8.74983e-17
6327.12982351 8.89294e-17
6329.31309122 9.41961e-17
6331.49635893 8.99421e-17
6333.67962664 9.96025e-17
6335.86289436 9.48149e-17
6338.04616207 8.14064e-17
6340.22942978 8.63874e-17
6342.41269749 8.72623e-17
6344.5959652 7.98201e-17
6346.77923291 8.07683e-17
6348.96250062 8.19151e-17
6351.14576833 9.37382e-17
6353.32903604 8.85548e-17
6355.51230375 9.7486e-17
6357.69557147 1.03422e-16
6359.87883918 7.57023e-17
6362.06210689 9.91738e-17
6364.2453746 1.01278e-16
6366.42864231 9.78027e-17
6368.61191002 9.16723e-17
6370.79517773 7.85071e-17
6372.97844544 8.61637e-17
6375.16171315 8.29688e-17
6377.34498087 8.22194e-17
6379.52824858 9.61837e-17
6381.71151629 9.01334e-17
6383.894784 9.23854e-17
6386.07805171 8.60705e-17
6388.26131942 8.75699e-17
6390.44458713 8.35434e-17
6392.62785484 8.72257e-17
6394.81112255 8.92825e-17
6396.99439027 8.21539e-17
6399.17765798 7.76575e-17
6401.36092569 8.5179e-17
6403.5441934 8.93793e-17
6405.72746111 9.52543e-17
6407.91072882 8.92182e-17
6410.09399653 8.20705e-17
6412.27726424 8.97826e-17
6414.46053195 9.22705e-17
6416.64379966 9.14492e-17
6418.82706738 9.60549e-17
6421.01033509 9.57323e-17
6423.1936028 9.74102e-17
6425.37687051 8.99781e-17
6427.56013822 8.77775e-17
6429.74340593 8.85509e-17
6431.92667364 8.09733e-17
6434.10994135 8.71309e-17
6436.29320906 8.81275e-17
6438.47647678 8.77817e-17
6440.65974449 8.64072e-17
6442.8430122 8.89652e-17
6445.02627991 1.00509e-16
6447.20954762 8.76928e-17
6449.39281533 8.43747e-17
6451.57608304 8.83354e-17
6453.75935075 8.61349e-17
6455.94261846 9.39714e-17
6458.12588618 8.87793e-17
6460.30915389 1.04788e-16
6462.4924216 9.71392e-17
6464.67568931 7.40261e-17
6466.85895702 8.1467e-17
6469.04222473 9.00209e-17
6471.22549244 8.00091e-17
6473.40876015 9.14893e-17
6475.59202786 1.03535e-16
6477.77529558 9.00912e-17
6479.95856329 8.2781e-17
6482.141831 8.56499e-17
6484.32509871 8.43782e-17
6486.50836642 8.83304e-17
6488.69163413 8.47495e-17
6490.87490184 8.06561e-17
6493.05816955 8.78236e-17
6495.24143726 8.02218e-17
6497.42470497 7.89175e-17
6499.60797269 8.22056e-17
6501.7912404 9.0716e-17
6503.97450811 9.92601e-17
6506.15777582 9.95743e-17
6508.34104353 9.26863e-17
6510.52431124 8.93166e-17
6512.70757895 8.96494e-17
6514.89084666 8.83123e-17
6517.07411437 8.04457e-17
6519.25738209 8.65706e-17
6521.4406498 7.99054e-17
6523.62391751 7.05208e-17
6525.80718522 7.83397e-17
6527.99045293 7.9179e-17
6530.17372064 7.0069e-17
6532.35698835 8.79414e-17
6534.54025606 9.05923e-17
6536.72352377 7.33843e-17
6538.90679149 7.89832e-17
6541.0900592 8.36838e-17
6543.27332691 8.53743e-17
6545.45659462 8.66408e-17
6547.63986233 7.97427e-17
6549.82313004 7.48842e-17
6552.00639775 8.76691e-17
6554.18966546 9.6885e-17
6556.37293317 8.98371e-17
6558.55620088 9.14577e-17
6560.7394686 8.60828e-17
6562.92273631 9.20346e-17
6565.10600402 8.52215e-17
6567.28927173 8.62019e-17
6569.47253944 8.63377e-17
6571.65580715 8.53854e-17
6573.83907486 8.189e-17
6576.02234257 9.38815e-17
6578.20561028 9.15087e-17
6580.388878 8.04527e-17
6582.57214571 7.74497e-17
6584.75541342 7.24283e-17
6586.93868113 8.66013e-17
6589.12194884 8.45693e-17
6591.30521655 7.9673e-17
6593.48848426 7.34421e-17
6595.67175197 7.40066e-17
6597.85501968 7.28386e-17
6600.0382874 8.54098e-17
6602.22155511 8.38362e-17
6604.40482282 8.97408e-17
6606.58809053 7.73686e-17
6608.77135824 7.85862e-17
6610.95462595 8.71893e-17
6613.13789366 8.25339e-17
6615.32116137 8.34824e-17
6617.50442908 7.25471e-17
6619.68769679 7.89013e-17
6621.87096451 8.55962e-17
6624.05423222 7.76038e-17
6626.23749993 8.30059e-17
6628.42076764 7.29146e-17
6630.60403535 7.92626e-17
6632.78730306 8.39628e-17
6634.97057077 8.72888e-17
6637.15383848 8.34876e-17
6639.33710619 9.02996e-17
6641.52037391 8.64712e-17
6643.70364162 8.35149e-17
6645.88690933 8.62669e-17
6648.07017704 8.69997e-17
6650.25344475 8.36149e-17
6652.43671246 7.77112e-17
6654.61998017 8.36039e-17
6656.80324788 8.20742e-17
6658.98651559 7.77817e-17
6661.16978331 8.00558e-17
6663.35305102 8.44048e-17
6665.53631873 8.47322e-17
6667.71958644 7.96368e-17
6669.90285415 7.24294e-17
6672.08612186 7.65409e-17
6674.26938957 7.09871e-17
6676.45265728 8.13837e-17
6678.63592499 7.2871e-17
6680.81919271 8.01315e-17
6683.00246042 7.9552e-17
6685.18572813 6.76639e-17
6687.36899584 7.50478e-17
6689.55226355 7.42233e-17
6691.73553126 8.56175e-17
6693.91879897 8.50758e-17
6696.10206668 8.22679e-17
6698.28533439 8.71241e-17
6700.4686021 9.08805e-17
6702.65186982 8.1815e-17
6704.83513753 8.73904e-17
6707.01840524 7.62507e-17
6709.20167295 8.00312e-17
6711.38494066 7.45626e-17
6713.56820837 7.94946e-17
6715.75147608 8.37934e-17
6717.93474379 9.26806e-17
6720.1180115 8.34529e-17
6722.30127922 7.67206e-17
6724.48454693 7.11553e-17
6726.66781464 7.91672e-17
6728.85108235 7.52581e-17
6731.03435006 8.77613e-17
6733.21761777 8.55554e-17
6735.40088548 8.16974e-17
6737.58415319 7.90306e-17
6739.7674209 9.29389e-17
6741.95068862 8.48314e-17
6744.13395633 7.86218e-17
6746.31722404 8.54904e-17
6748.50049175 7.96606e-17
6750.68375946 8.62894e-17
6752.86702717 7.54612e-17
6755.05029488 7.88169e-17
6757.23356259 8.07913e-17
6759.4168303 7.57619e-17
6761.60009801 7.92545e-17
6763.78336573 8.75204e-17
6765.96663344 8.63504e-17
6768.14990115 8.82367e-17
6770.33316886 7.89923e-17
6772.51643657 7.78219e-17
6774.69970428 8.2256e-17
6776.88297199 9.23193e-17
6779.0662397 8.24598e-17
6781.24950741 7.83484e-17
6783.43277513 8.28858e-17
6785.61604284 8.57553e-17
6787.79931055 7.80452e-17
6789.98257826 9.01612e-17
6792.16584597 8.43175e-17
6794.34911368 7.3999e-17
6796.53238139 8.63788e-17
6798.7156491 8.69091e-17
6800.89891681 9.02935e-17
6803.08218453 8.86424e-17
6805.26545224 7.61994e-17
6807.44871995 7.41946e-17
6809.63198766 7.50068e-17
6811.81525537 7.78342e-17
6813.99852308 7.04393e-17
6816.18179079 7.58882e-17
6818.3650585 7.56824e-17
6820.54832621 6.19965e-17
6822.73159392 6.22855e-17
6824.91486164 6.1655e-17
6827.09812935 6.70784e-17
6829.28139706 7.48504e-17
6831.46466477 8.33715e-17
6833.64793248 7.91877e-17
6835.83120019 7.96097e-17
6838.0144679 8.143e-17
6840.19773561 7.76914e-17
6842.38100332 6.55971e-17
6844.56427104 7.60011e-17
6846.74753875 7.52761e-17
6848.93080646 6.61123e-17
6851.11407417 7.34674e-17
6853.29734188 7.41037e-17
6855.48060959 8.18463e-17
6857.6638773 8.32734e-17
6859.84714501 7.86497e-17
6862.03041272 7.78908e-17
6864.21368044 6.05724e-17
6866.39694815 7.89165e-17
6868.58021586 7.39534e-17
6870.76348357 7.82561e-17
6872.94675128 8.34303e-17
6875.13001899 8.78417e-17
6877.3132867 7.96487e-17
6879.49655441 7.70694e-17
6881.67982212 7.72202e-17
6883.86308984 6.41126e-17
6886.04635755 7.46449e-17
6888.22962526 7.26388e-17
6890.41289297 7.09158e-17
6892.59616068 6.65369e-17
6894.77942839 7.51175e-17
6896.9626961 6.66622e-17
6899.14596381 6.3656e-17
6901.32923152 7.33034e-17
6903.51249923 6.82859e-17
6905.69576695 6.53958e-17
6907.87903466 7.19696e-17
6910.06230237 7.24017e-17
6912.24557008 7.64581e-17
6914.42883779 6.97281e-17
6916.6121055 7.46184e-17
6918.79537321 8.51666e-17
6920.97864092 7.08835e-17
6923.16190863 7.11913e-17
6925.34517635 7.32552e-17
6927.52844406 8.3123e-17
6929.71171177 7.64481e-17
6931.89497948 6.74944e-17
6934.07824719 6.30222e-17
6936.2615149 6.85699e-17
6938.44478261 7.80636e-17
6940.62805032 7.66827e-17
6942.81131803 6.77545e-17
6944.99458575 5.87361e-17
6947.17785346 7.2488e-17
6949.36112117 7.92192e-17
6951.54438888 7.35573e-17
6953.72765659 8.38332e-17
6955.9109243 8.74768e-17
6958.09419201 7.01663e-17
6960.27745972 7.09914e-17
6962.46072743 6.79707e-17
6964.64399514 8.19934e-17
6966.82726286 7.51581e-17
6969.01053057 7.15364e-17
6971.19379828 8.22843e-17
6973.37706599 7.73574e-17
6975.5603337 7.60073e-17
6977.74360141 7.6749e-17
6979.92686912 7.88022e-17
6982.11013683 7.63926e-17
6984.29340454 7.65627e-17
6986.47667226 8.43909e-17
6988.65993997 7.05505e-17
6990.84320768 7.29686e-17
6993.02647539 7.35466e-17
6995.2097431 8.00988e-17
6997.39301081 7.63577e-17
6999.57627852 6.77542e-17
7001.75954623 7.58289e-17
7003.94281394 8.3922e-17
7006.12608166 7.40712e-17
7008.30934937 7.75305e-17
7010.49261708 8.92499e-17
7012.67588479 8.2706e-17
7014.8591525 7.56403e-17
7017.04242021 7.27251e-17
7019.22568792 7.12796e-17
7021.40895563 7.70923e-17
7023.59222334 7.95629e-17
7025.77549105 8.54637e-17
7027.95875877 8.45878e-17
7030.14202648 7.39071e-17
7032.32529419 8.53639e-17
7034.5085619 8.76629e-17
7036.69182961 7.07391e-17
7038.87509732 6.30815e-17
7041.05836503 6.84176e-17
7043.24163274 7.2807e-17
7045.42490045 7.20523e-17
7047.60816817 8.3062e-17
7049.79143588 8.21525e-17
7051.97470359 7.83237e-17
7054.1579713 8.86183e-17
7056.34123901 8.34273e-17
7058.52450672 9.6164e-17
7060.70777443 8.79783e-17
7062.89104214 7.49091e-17
7065.07430985 7.08974e-17
7067.25757757 6.56624e-17
7069.44084528 8.2968e-17
7071.62411299 9.30282e-17
7073.8073807 9.19793e-17
7075.99064841 8.40489e-17
7078.17391612 9.07421e-17
7080.35718383 8.28725e-17
7082.54045154 7.92754e-17
7084.72371925 6.87746e-17
7086.90698697 7.41363e-17
7089.09025468 6.86591e-17
7091.27352239 7.94926e-17
7093.4567901 6.71562e-17
7095.64005781 7.29227e-17
7097.82332552 7.59981e-17
7100.00659323 6.97044e-17
7102.18986094 8.11405e-17
7104.37312865 7.74816e-17
7106.55639636 8.77814e-17
7108.73966408 8.91132e-17
7110.92293179 9.35372e-17
7113.1061995 8.99189e-17
7115.28946721 7.90693e-17
7117.47273492 6.71025e-17
7119.65600263 6.59646e-17
7121.83927034 6.82398e-17
7124.02253805 8.0795e-17
7126.20580576 8.6024e-17
7128.38907348 7.31107e-17
7130.57234119 7.64334e-17
7132.7556089 8.20879e-17
7134.93887661 7.92798e-17
7137.12214432 7.62931e-17
7139.30541203 7.76081e-17
7141.48867974 7.59598e-17
7143.67194745 8.78086e-17
7145.85521516 8.03881e-17
7148.03848288 8.34381e-17
7150.22175059 8.17644e-17
7152.4050183 7.28912e-17
7154.58828601 8.69525e-17
7156.77155372 8.02921e-17
7158.95482143 9.03657e-17
7161.13808914 8.81171e-17
7163.32135685 8.92941e-17
7165.50462456 8.07744e-17
7167.68789227 8.52495e-17
7169.87115999 9.25718e-17
7172.0544277 8.5986e-17
7174.23769541 7.37308e-17
7176.42096312 6.46062e-17
7178.60423083 7.30258e-17
7180.78749854 7.48208e-17
7182.97076625 8.09078e-17
7185.15403396 8.61472e-17
7187.33730167 7.44927e-17
7189.52056939 6.61308e-17
7191.7038371 8.86241e-17
7193.88710481 8.20622e-17
7196.07037252 8.5497e-17
7198.25364023 7.53793e-17
7200.43690794 7.27541e-17
7202.62017565 8.64262e-17
7204.80344336 9.17043e-17
7206.98671107 8.73677e-17
7209.16997879 9.35242e-17
7211.3532465 8.0275e-17
7213.53651421 8.58323e-17
7215.71978192 8.9483e-17
7217.90304963 9.70362e-17
7220.08631734 8.407e-17
7222.26958505 8.09213e-17
7224.45285276 8.87277e-17
7226.63612047 8.96198e-17
7228.81938818 9.07471e-17
7231.0026559 7.65347e-17
7233.18592361 7.69286e-17
7235.36919132 9.46615e-17
7237.55245903 1.10293e-16
7239.73572674 9.65895e-17
7241.91899445 7.86517e-17
7244.10226216 9.00727e-17
7246.28552987 9.90779e-17
7248.46879758 8.39156e-17
7250.6520653 8.01255e-17
7252.83533301 8.46555e-17
7255.01860072 7.98079e-17
7257.20186843 7.98585e-17
7259.38513614 8.71883e-17
7261.56840385 7.27408e-17
7263.75167156 6.65479e-17
7265.93493927 7.9106e-17
7268.11820698 6.64294e-17
7270.3014747 6.78161e-17
7272.48474241 5.9614e-17
7274.66801012 8.44363e-17
7276.85127783 9.08921e-17
7279.03454554 8.29084e-17
7281.21781325 7.38564e-17
7283.40108096 6.96309e-17
7285.58434867 8.29782e-17
7287.76761638 9.16631e-17
7289.9508841 8.0872e-17
7292.13415181 9.42814e-17
7294.31741952 9.36917e-17
7296.50068723 9.87609e-17
7298.68395494 9.11123e-17
7300.86722265 9.27058e-17
7303.05049036 8.48631e-17
7305.23375807 8.24263e-17
7307.41702578 9.15025e-17
7309.60029349 8.29519e-17
7311.78356121 8.03497e-17
7313.96682892 9.72535e-17
7316.15009663 7.60015e-17
7318.33336434 8.41567e-17
7320.51663205 9.546e-17
7322.69989976 9.31896e-17
7324.88316747 9.01299e-17
7327.06643518 8.35622e-17
7329.24970289 8.74321e-17
7331.43297061 9.95696e-17
7333.61623832 8.90265e-17
7335.79950603 6.07668e-17
7337.98277374 6.96e-17
7340.16604145 8.83653e-17
7342.34930916 8.33991e-17
7344.53257687 8.02077e-17
7346.71584458 7.47837e-17
7348.89911229 9.06292e-17
7351.08238001 9.90907e-17
7353.26564772 8.79426e-17
7355.44891543 9.51991e-17
7357.63218314 9.32372e-17
7359.81545085 9.27759e-17
7361.99871856 8.3734e-17
7364.18198627 8.3696e-17
7366.36525398 8.64336e-17
7368.54852169 8.39018e-17
7370.7317894 6.15853e-17
7372.91505712 8.67582e-17
7375.09832483 8.2256e-17
7377.28159254 7.82398e-17
7379.46486025 8.70146e-17
7381.64812796 8.41272e-17
7383.83139567 7.59311e-17
7386.01466338 8.43872e-17
7388.19793109 8.25424e-17
7390.3811988 7.65593e-17
7392.56446652 7.73283e-17
7394.74773423 7.34904e-17
7396.93100194 7.84962e-17
7399.11426965 7.13066e-17
7401.29753736 8.55868e-17
7403.48080507 7.83288e-17
7405.66407278 6.53295e-17
7407.84734049 9.01244e-17
7410.0306082 7.16609e-17
7412.21387592 7.05133e-17
7414.39714363 7.30169e-17
7416.58041134 7.92812e-17
7418.76367905 8.63298e-17
7420.94694676 7.60767e-17
7423.13021447 7.15866e-17
7425.31348218 7.30389e-17
7427.49674989 8.31528e-17
7429.6800176 7.02301e-17
7431.86328531 6.91922e-17
7434.04655303 8.16554e-17
7436.22982074 6.26029e-17
7438.41308845 8.06806e-17
7440.59635616 7.40001e-17
7442.77962387 7.55042e-17
7444.96289158 7.01519e-17
7447.14615929 6.75174e-17
7449.329427 6.96792e-17
7451.51269471 7.66837e-17
7453.69596243 7.6752e-17
7455.87923014 6.47186e-17
7458.06249785 5.46216e-17
7460.24576556 5.79693e-17
7462.42903327 6.10353e-17
7464.61230098 6.44247e-17
7466.79556869 7.08367e-17
7468.9788364 8.00654e-17
7471.16210411 7.82399e-17
7473.34537183 7.66314e-17
7475.52863954 8.55658e-17
7477.71190725 7.7529e-17
7479.89517496 7.14967e-17
7482.07844267 7.06585e-17
7484.26171038 8.19038e-17
7486.44497809 7.40992e-17
7488.6282458 8.29312e-17
7490.81151351 8.01358e-17
7492.99478123 6.81687e-17
7495.17804894 7.23606e-17
7497.36131665 7.74016e-17
7499.54458436 7.70672e-17
7501.72785207 7.06933e-17
7503.91111978 6.40058e-17
7506.09438749 7.07919e-17
7508.2776552 7.59415e-17
7510.46092291 7.4931e-17
7512.64419062 8.20952e-17
7514.82745834 8.96124e-17
7517.01072605 7.41278e-17
7519.19399376 5.40752e-17
7521.37726147 7.08567e-17
7523.56052918 7.86624e-17
7525.74379689 6.37666e-17
7527.9270646 6.22733e-17
7530.11033231 7.38293e-17
7532.29360002 7.6593e-17
7534.47686774 6.76536e-17
7536.66013545 7.69699e-17
7538.84340316 7.129e-17
7541.02667087 7.04964e-17
7543.20993858 8.11972e-17
7545.39320629 7.24304e-17
7547.576474 7.18588e-17
7549.75974171 6.37504e-17
7551.94300942 7.01548e-17
7554.12627714 7.4564e-17
7556.30954485 8.98575e-17
7558.49281256 7.31095e-17
7560.67608027 6.7916e-17
7562.85934798 6.52297e-17
7565.04261569 7.69163e-17
7567.2258834 8.21175e-17
7569.40915111 7.69063e-17
7571.59241882 7.29562e-17
7573.77568653 7.99043e-17
7575.95895425 6.86482e-17
7578.14222196 6.35992e-17
7580.32548967 5.78512e-17
7582.50875738 6.17631e-17
7584.69202509 7.57372e-17
7586.8752928 7.18578e-17
7589.05856051 7.2845e-17
7591.24182822 4.73867e-17
7593.42509593 5.09374e-17
7595.60836365 6.05821e-17
7597.79163136 7.49437e-17
7599.97489907 8.25835e-17
7602.15816678 5.39614e-17
7604.34143449 6.27604e-17
7606.5247022 5.51894e-17
7608.70796991 6.32302e-17
7610.89123762 7.00949e-17
7613.07450533 7.42771e-17
7615.25777305 7.17307e-17
7617.44104076 7.2118e-17
7619.62430847 6.57905e-17
7621.80757618 3.04282e-17
7623.99084389 6.37433e-17
7626.1741116 7.79921e-17
7628.35737931 4.87673e-17
7630.54064702 7.20443e-17
7632.72391473 5.19686e-17
7634.90718244 7.09534e-17
7637.09045016 1.01935e-16
7639.27371787 7.76547e-17
7641.45698558 7.58879e-17
7643.64025329 9.22886e-17
7645.823521 8.87644e-17
7648.00678871 7.80539e-17
7650.19005642 8.10402e-17
7652.37332413 6.60736e-17
7654.55659184 7.11467e-17
7656.73985956 7.0015e-17
7658.92312727 6.48252e-17
7661.10639498 7.1832e-17
7663.28966269 7.76574e-17
7665.4729304 6.00192e-17
7667.65619811 6.70606e-17
7669.83946582 8.0468e-17
7672.02273353 7.07658e-17
7674.20600124 7.07138e-17
7676.38926896 6.92757e-17
7678.57253667 6.34076e-17
7680.75580438 6.5654e-17
7682.93907209 5.78526e-17
7685.1223398 6.86608e-17
7687.30560751 6.43558e-17
7689.48887522 7.77928e-17
7691.67214293 6.97929e-17
7693.85541064 6.31425e-17
7696.03867836 6.25305e-17
7698.22194607 7.52851e-17
7700.40521378 8.33937e-17
7702.58848149 9.01233e-17
7704.7717492 6.93267e-17
7706.95501691 7.75511e-17
7709.13828462 9.71274e-17
7711.32155233 6.99867e-17
7713.50482004 6.22303e-17
7715.68808775 7.28988e-17
7717.87135547 6.17904e-17
7720.05462318 6.51088e-17
7722.23789089 6.95281e-17
7724.4211586 6.57865e-17
7726.60442631 6.36967e-17
7728.78769402 7.50731e-17
7730.97096173 7.27367e-17
7733.15422944 6.99805e-17
7735.33749715 7.40459e-17
7737.52076487 7.37628e-17
7739.70403258 7.6457e-17
7741.88730029 8.20825e-17
7744.070568 8.16922e-17
7746.25383571 8.12368e-17
7748.43710342 7.1634e-17
7750.62037113 6.86849e-17
7752.80363884 6.12198e-17
7754.98690655 6.2751e-17
7757.17017427 7.44846e-17
7759.35344198 7.17793e-17
7761.53670969 7.91001e-17
7763.7199774 6.16403e-17
7765.90324511 6.2738e-17
7768.08651282 9.2315e-17
7770.26978053 7.99675e-17
7772.45304824 6.57963e-17
7774.63631595 6.63494e-17
7776.81958366 8.02165e-17
7779.00285138 7.25866e-17
7781.18611909 8.06119e-17
7783.3693868 6.88652e-17
7785.55265451 7.77601e-17
7787.73592222 6.91023e-17
7789.91918993 7.17893e-17
7792.10245764 8.5985e-17
7794.28572535 7.00633e-17
7796.46899306 5.84093e-17
7798.65226078 7.78483e-17
7800.83552849 7.06364e-17
7803.0187962 7.80102e-17
7805.20206391 7.88383e-17
7807.38533162 7.78041e-17
7809.56859933 6.85599e-17
7811.75186704 6.6184e-17
7813.93513475 6.13863e-17
7816.11840246 7.13458e-17
7818.30167018 6.54162e-17
7820.48493789 4.22922e-17
7822.6682056 5.72891e-17
7824.85147331 6.94707e-17
7827.03474102 7.14011e-17
7829.21800873 7.93063e-17
7831.40127644 7.05954e-17
7833.58454415 6.75033e-17
7835.76781186 5.79519e-17
7837.95107957 7.53047e-17
7840.13434729 8.50678e-17
7842.317615 6.63203e-17
7844.50088271 6.04635e-17
7846.68415042 7.15454e-17
7848.86741813 6.58201e-17
7851.05068584 7.98927e-17
7853.23395355 8.26643e-17
7855.41722126 6.69273e-17
7857.60048897 8.41509e-17
7859.78375669 8.84548e-17
7861.9670244 6.25436e-17
7864.15029211 7.53469e-17
7866.33355982 7.38743e-17
7868.51682753 6.60415e-17
7870.70009524 6.74825e-17
7872.88336295 6.28513e-17
7875.06663066 6.50338e-17
7877.24989837 7.32188e-17
7879.43316609 7.87119e-17
7881.6164338 7.04603e-17
7883.79970151 6.61806e-17
7885.98296922 7.17255e-17
7888.16623693 6.89327e-17
7890.34950464 8.15467e-17
7892.53277235 7.1858e-17
7894.71604006 6.24756e-17
7896.89930777 7.31434e-17
7899.08257549 6.66012e-17
7901.2658432 5.17526e-17
7903.44911091 4.34925e-17
7905.63237862 6.15803e-17
7907.81564633 4.98599e-17
7909.99891404 5.18568e-17
7912.18218175 5.66754e-17
7914.36544946 5.31933e-17
7916.54871717 7.20326e-17
7918.73198488 6.51313e-17
7920.9152526 6.43023e-17
7923.09852031 6.81416e-17
7925.28178802 6.97376e-17
7927.46505573 7.38049e-17
7929.64832344 6.8657e-17
7931.83159115 6.69738e-17
7934.01485886 7.5102e-17
7936.19812657 7.49438e-17
7938.38139428 6.94491e-17
7940.564662 6.75115e-17
7942.74792971 7.39851e-17
7944.93119742 8.10274e-17
7947.11446513 7.04058e-17
7949.29773284 6.60474e-17
7951.48100055 6.09688e-17
7953.66426826 7.14147e-17
7955.84753597 6.34804e-17
7958.03080368 6.9505e-17
7960.2140714 6.81558e-17
7962.39733911 8.31536e-17
7964.58060682 8.24771e-17
7966.76387453 4.76369e-17
7968.94714224 6.59572e-17
7971.13040995 7.08913e-17
7973.31367766 8.14316e-17
7975.49694537 5.86543e-17
7977.68021308 6.02605e-17
7979.86348079 6.74937e-17
7982.04674851 7.2613e-17
7984.23001622 8.13366e-17
7986.41328393 6.3726e-17
7988.59655164 3.96601e-17
7990.77981935 5.34076e-17
7992.96308706 7.31691e-17
7995.14635477 5.74784e-17
7997.32962248 6.64357e-17
7999.51289019 7.32814e-17
8001.69615791 7.16963e-17
8003.87942562 6.04577e-17
8006.06269333 6.34629e-17
8008.24596104 8.09188e-17
8010.42922875 6.46004e-17
8012.61249646 6.90453e-17
8014.79576417 8.15162e-17
8016.97903188 5.52874e-17
8019.16229959 6.52927e-17
8021.34556731 7.15149e-17
8023.52883502 8.35855e-17
8025.71210273 6.98505e-17
8027.89537044 5.69064e-17
8030.07863815 6.14204e-17
8032.26190586 6.13863e-17
8034.44517357 7.13061e-17
8036.62844128 7.37273e-17
8038.81170899 7.55108e-17
8040.9949767 7.10325e-17
8043.17824442 6.5953e-17
8045.36151213 6.56862e-17
8047.54477984 7.93808e-17
8049.72804755 7.88399e-17
8051.91131526 7.18893e-17
8054.09458297 7.24671e-17
8056.27785068 8.9549e-17
8058.46111839 8.08476e-17
8060.6443861 7.30702e-17
8062.82765382 7.19665e-17
8065.01092153 6.3913e-17
8067.19418924 7.40084e-17
8069.37745695 6.66741e-17
8071.56072466 6.86804e-17
8073.74399237 6.97572e-17
8075.92726008 6.72497e-17
8078.11052779 5.66585e-17
8080.2937955 5.34986e-17
8082.47706322 7.64883e-17
8084.66033093 6.6114e-17
8086.84359864 8.45675e-17
8089.02686635 5.40259e-17
8091.21013406 8.0221e-17
8093.39340177 8.76189e-17
8095.57666948 6.92677e-17
8097.75993719 6.09032e-17
8099.9432049 6.553e-17
8102.12647262 5.74503e-17
8104.30974033 7.16641e-17
8106.49300804 6.50055e-17
8108.67627575 6.69242e-17
8110.85954346 8.46566e-17
8113.04281117 6.6176e-17
8115.22607888 6.55653e-17
8117.40934659 5.76636e-17
8119.5926143 7.37651e-17
8121.77588201 7.31783e-17
8123.95914973 8.32948e-17
8126.14241744 6.71452e-17
8128.32568515 7.88932e-17
8130.50895286 7.44531e-17
8132.69222057 8.14671e-17
8134.87548828 6.55948e-17
