# TELESCOPE = UH88
# INSTRUMENT = SNIFS
# OBJECT = 2022adm
# CHANNEL = B+R
# EXPNUM = 22_043_048_003
# MJD-OBS = 59622.550833
# DATE-OBS = 2022-02-12T13:12:57
# EXPTIME = 1800.0s
# AIRMASS = 1.16
# FLUXCAL_RMS_B = 0.103 mag
# FLUXCAL_RMS_R = 0.067 mag
# RA = 14:27:51.40
# DEC = 28:10:28.99
# wl fl err
# [A] [erg/s/cm2/A]
3402.860000 1.889850e-16 7.405038e-17
3405.860000 3.304404e-16 7.759037e-17
3408.860000 4.295568e-16 7.149554e-17
3411.860000 3.722296e-16 6.658795e-17
3414.860000 3.163626e-16 7.221861e-17
3417.860000 1.830132e-16 7.202736e-17
3420.860000 3.293043e-16 6.610934e-17
3423.860000 3.121478e-16 6.379678e-17
3426.860000 2.540136e-16 7.114681e-17
3429.860000 1.964767e-16 7.034986e-17
3432.860000 2.314170e-16 6.208933e-17
3435.860000 1.915080e-16 6.132898e-17
3438.860000 2.039844e-16 6.866696e-17
3441.860000 1.875245e-16 6.703443e-17
3444.860000 1.150459e-16 5.811930e-17
3447.860000 1.672678e-16 5.967148e-17
3450.860000 2.108613e-16 6.565075e-17
3453.860000 2.055685e-16 6.283979e-17
3456.860000 2.840535e-16 5.745781e-17
3459.860000 3.306642e-16 6.059063e-17
3462.860000 2.240852e-16 6.381539e-17
3465.860000 1.739719e-16 5.977417e-17
3468.860000 1.608676e-16 5.501338e-17
3471.860000 2.386236e-16 5.994279e-17
3474.860000 2.050325e-16 6.256100e-17
3477.860000 1.497123e-16 5.698617e-17
3480.860000 9.335516e-17 5.301650e-17
3483.860000 1.665272e-16 5.941740e-17
3486.860000 3.157212e-16 6.313226e-17
3489.860000 2.471321e-16 5.596906e-17
3492.860000 2.648632e-16 5.425193e-17
3495.860000 2.745649e-16 6.079535e-17
3498.860000 3.499906e-16 6.093050e-17
3501.860000 3.435674e-16 5.350105e-17
3504.860000 3.219661e-16 5.253139e-17
3507.860000 3.093865e-16 5.889528e-17
3510.860000 2.323315e-16 5.725622e-17
3513.860000 2.601889e-16 5.022234e-17
3516.860000 2.557794e-16 5.104565e-17
3519.860000 2.186818e-16 5.575289e-17
3522.860000 2.283132e-16 5.405571e-17
3525.860000 2.188049e-16 4.795664e-17
3528.860000 2.379319e-16 5.063270e-17
3531.860000 2.154658e-16 5.445109e-17
3534.860000 2.169909e-16 5.159500e-17
3537.860000 2.227447e-16 4.728915e-17
3540.860000 2.426015e-16 5.143159e-17
3543.860000 3.360765e-16 5.512042e-17
3546.860000 3.331649e-16 5.162327e-17
3549.860000 3.178444e-16 4.882424e-17
3552.860000 3.204419e-16 5.394507e-17
3555.860000 2.466106e-16 5.466628e-17
3558.860000 1.840148e-16 4.877814e-17
3561.860000 1.323922e-16 4.645356e-17
3564.860000 2.251257e-16 5.282345e-17
3567.860000 3.546837e-16 5.425329e-17
3570.860000 3.211427e-16 4.755873e-17
3573.860000 2.402493e-16 4.620330e-17
3576.860000 2.312442e-16 5.200877e-17
3579.860000 2.155310e-16 5.141446e-17
3582.860000 1.832062e-16 4.447407e-17
3585.860000 2.584572e-16 4.534526e-17
3588.860000 2.378725e-16 4.943645e-17
3591.860000 2.786786e-16 4.820868e-17
3594.860000 2.918021e-16 4.332844e-17
3597.860000 2.686687e-16 4.530728e-17
3600.860000 2.767081e-16 4.940579e-17
3603.860000 2.665357e-16 4.646959e-17
3606.860000 2.609703e-16 4.247157e-17
3609.860000 2.844767e-16 4.506403e-17
3612.860000 2.898596e-16 4.762280e-17
3615.860000 3.304692e-16 4.418780e-17
3618.860000 3.196432e-16 4.168516e-17
3621.860000 2.432739e-16 4.496326e-17
3624.860000 2.512845e-16 4.698123e-17
3627.860000 1.983953e-16 4.221913e-17
3630.860000 2.463108e-16 4.091706e-17
3633.860000 2.577668e-16 4.550665e-17
3636.860000 2.093591e-16 4.568923e-17
3639.860000 1.800622e-16 4.020543e-17
3642.860000 2.217487e-16 4.019927e-17
3645.860000 2.297611e-16 4.608316e-17
3648.860000 2.959957e-16 4.639226e-17
3651.860000 3.185434e-16 4.048516e-17
3654.860000 2.484452e-16 4.033232e-17
3657.860000 2.332440e-16 4.456653e-17
3660.860000 3.168018e-16 4.434841e-17
3663.860000 2.671900e-16 3.911962e-17
3666.860000 2.769964e-16 4.072128e-17
3669.860000 2.681182e-16 4.379097e-17
3672.860000 1.847714e-16 4.111876e-17
3675.860000 2.104989e-16 3.759345e-17
3678.860000 2.698182e-16 4.046354e-17
3681.860000 2.455453e-16 4.262940e-17
3684.860000 3.159447e-16 4.040832e-17
3687.860000 3.136160e-16 3.749864e-17
3690.860000 2.589044e-16 4.045550e-17
3693.860000 2.205526e-16 4.201627e-17
3696.860000 2.386250e-16 3.861433e-17
3699.860000 2.941642e-16 3.756572e-17
3702.860000 2.867281e-16 4.162891e-17
3705.860000 2.887575e-16 4.263233e-17
3708.860000 2.639641e-16 3.791261e-17
3711.860000 2.204935e-16 3.637330e-17
3714.860000 2.312707e-16 4.181659e-17
3717.860000 2.782497e-16 4.248946e-17
3720.860000 2.338615e-16 3.690463e-17
3723.860000 2.095923e-16 3.675782e-17
3726.860000 2.295783e-16 4.107290e-17
3729.860000 2.362024e-16 4.036946e-17
3732.860000 2.580956e-16 3.627565e-17
3735.860000 2.475033e-16 3.723841e-17
3738.860000 2.620280e-16 4.067077e-17
3741.860000 2.856052e-16 3.924543e-17
3744.860000 2.517573e-16 3.540690e-17
3747.860000 1.615688e-16 3.691607e-17
3750.860000 2.011135e-16 3.947926e-17
3753.860000 2.529099e-16 3.727127e-17
3756.860000 2.911868e-16 3.536678e-17
3759.860000 2.946511e-16 3.848629e-17
3762.860000 2.748596e-16 4.000171e-17
3765.860000 2.646887e-16 3.655241e-17
3768.860000 2.411911e-16 3.454014e-17
3771.860000 2.328986e-16 3.828129e-17
3774.860000 2.547145e-16 3.943893e-17
3777.860000 2.532882e-16 3.551658e-17
3780.860000 2.240829e-16 3.422096e-17
3783.860000 1.709874e-16 3.807549e-17
3786.860000 1.712259e-16 3.823119e-17
3789.860000 2.270321e-16 3.394165e-17
3792.860000 2.406790e-16 3.386711e-17
3795.860000 2.415722e-16 3.761395e-17
3798.860000 2.554295e-16 3.702411e-17
3801.860000 3.045622e-16 3.290876e-17
3804.860000 2.896245e-16 3.381854e-17
3807.860000 2.530431e-16 3.675869e-17
3810.860000 2.593031e-16 3.559148e-17
3813.860000 2.436865e-16 3.186194e-17
3816.860000 2.663534e-16 3.380767e-17
3819.860000 2.810866e-16 3.597967e-17
3822.860000 2.402521e-16 3.327699e-17
3825.860000 2.361813e-16 3.075971e-17
3828.860000 2.449836e-16 3.325006e-17
3831.860000 2.107100e-16 3.463375e-17
3834.860000 2.090302e-16 3.178619e-17
3837.860000 2.513464e-16 3.042981e-17
3840.860000 2.650784e-16 3.356820e-17
3843.860000 2.985801e-16 3.506073e-17
3846.860000 2.446169e-16 3.154183e-17
3849.860000 2.271157e-16 3.082184e-17
3852.860000 2.885952e-16 3.565595e-17
3855.860000 2.751683e-16 3.579451e-17
3858.860000 2.228867e-16 3.101770e-17
3861.860000 2.147718e-16 3.084815e-17
3864.860000 2.059920e-16 3.462903e-17
3867.860000 2.768931e-16 3.478606e-17
3870.860000 2.683598e-16 3.081002e-17
3873.860000 2.543921e-16 3.124313e-17
3876.860000 2.583941e-16 3.447618e-17
3879.860000 2.457974e-16 3.319795e-17
3882.860000 2.208416e-16 2.973831e-17
3885.860000 2.719967e-16 3.143028e-17
3888.860000 2.622585e-16 3.370081e-17
3891.860000 2.586527e-16 3.187418e-17
3894.860000 2.611177e-16 2.921023e-17
3897.860000 2.457107e-16 3.151045e-17
3900.860000 2.645314e-16 3.319712e-17
3903.860000 3.286277e-16 3.138645e-17
3906.860000 2.751279e-16 2.899327e-17
3909.860000 1.726244e-16 3.093541e-17
3912.860000 2.259946e-16 3.225374e-17
3915.860000 2.533749e-16 2.973139e-17
3918.860000 2.456214e-16 2.857324e-17
3921.860000 2.082705e-16 3.165814e-17
3924.860000 2.407428e-16 3.241975e-17
3927.860000 2.780613e-16 2.903408e-17
3930.860000 2.812574e-16 2.842934e-17
3933.860000 2.417163e-16 3.167615e-17
3936.860000 2.124684e-16 3.139572e-17
3939.860000 2.432914e-16 2.783258e-17
3942.860000 2.153591e-16 2.814896e-17
3945.860000 1.687621e-16 3.122522e-17
3948.860000 1.503438e-16 3.040131e-17
3951.860000 1.657865e-16 2.747430e-17
3954.860000 2.045534e-16 2.928577e-17
3957.860000 2.180069e-16 3.180220e-17
3960.860000 1.995342e-16 3.014691e-17
3963.860000 1.592667e-16 2.732459e-17
3966.860000 1.603117e-16 2.903194e-17
3969.860000 1.997370e-16 3.081952e-17
3972.860000 1.820661e-16 2.846194e-17
3975.860000 2.264780e-16 2.756747e-17
3978.860000 2.115558e-16 3.101954e-17
3981.860000 2.294218e-16 3.302453e-17
3984.860000 3.026253e-16 3.110808e-17
3987.860000 3.390613e-16 3.054413e-17
3990.860000 2.648193e-16 3.362106e-17
3993.860000 2.880647e-16 3.418613e-17
3996.860000 3.141774e-16 3.063192e-17
3999.860000 2.468501e-16 2.912641e-17
4002.860000 1.959454e-16 3.232262e-17
4005.860000 2.380292e-16 3.218450e-17
4008.860000 2.030326e-16 2.750202e-17
4011.860000 1.702077e-16 2.738988e-17
4014.860000 2.002628e-16 3.043137e-17
4017.860000 2.206696e-16 2.968392e-17
4020.860000 2.047932e-16 2.604822e-17
4023.860000 2.016981e-16 2.670526e-17
4026.860000 2.011435e-16 2.890512e-17
4029.860000 2.257383e-16 2.777943e-17
4032.860000 2.562384e-16 2.568257e-17
4035.860000 2.442495e-16 2.711146e-17
4038.860000 2.083323e-16 2.826659e-17
4041.860000 2.369466e-16 2.692953e-17
4044.860000 2.634444e-16 2.547389e-17
4047.860000 2.428155e-16 2.761274e-17
4050.860000 2.233871e-16 2.832919e-17
4053.860000 1.919761e-16 2.578780e-17
4056.860000 2.362818e-16 2.518632e-17
4059.860000 2.668324e-16 2.823844e-17
4062.860000 2.288718e-16 2.853018e-17
4065.860000 2.590478e-16 2.594773e-17
4068.860000 2.107646e-16 2.521977e-17
4071.860000 2.188078e-16 2.921339e-17
4074.860000 2.113233e-16 2.940207e-17
4077.860000 1.972359e-16 2.588877e-17
4080.860000 2.127282e-16 2.635040e-17
4083.860000 2.295446e-16 2.983871e-17
4086.860000 2.834150e-16 2.983478e-17
4089.860000 2.947657e-16 2.683958e-17
4092.860000 2.930036e-16 2.797949e-17
4095.860000 2.398777e-16 3.018511e-17
4098.860000 1.922478e-16 2.858156e-17
4101.860000 2.486358e-16 2.615001e-17
4104.860000 2.649705e-16 2.754101e-17
4107.860000 3.006546e-16 2.953028e-17
4110.860000 2.703622e-16 2.753621e-17
4113.860000 2.728899e-16 2.552866e-17
4116.860000 2.250263e-16 2.703038e-17
4119.860000 1.825644e-16 2.796682e-17
4122.860000 1.986516e-16 2.570400e-17
4125.860000 2.120868e-16 2.448801e-17
4128.860000 1.991897e-16 2.690426e-17
4131.860000 2.116030e-16 2.744804e-17
4134.860000 2.481159e-16 2.472435e-17
4137.860000 2.693832e-16 2.431471e-17
4140.860000 2.295417e-16 2.730219e-17
4143.860000 2.238744e-16 2.743875e-17
4146.860000 2.173385e-16 2.403522e-17
4149.860000 1.941677e-16 2.386878e-17
4152.860000 2.396150e-16 2.710317e-17
4155.860000 2.290763e-16 2.627498e-17
4158.860000 2.369862e-16 2.355483e-17
4161.860000 2.157879e-16 2.405486e-17
4164.860000 2.373998e-16 2.683672e-17
4167.860000 1.994972e-16 2.559866e-17
4170.860000 1.919993e-16 2.309495e-17
4173.860000 1.978574e-16 2.437677e-17
4176.860000 2.033824e-16 2.617089e-17
4179.860000 2.155175e-16 2.472686e-17
4182.860000 2.213271e-16 2.289199e-17
4185.860000 2.662890e-16 2.524689e-17
4188.860000 2.496952e-16 2.629835e-17
4191.860000 2.199309e-16 2.399715e-17
4194.860000 1.940532e-16 2.265350e-17
4197.860000 1.723867e-16 2.513745e-17
4200.860000 2.270398e-16 2.628140e-17
4203.860000 2.273875e-16 2.360354e-17
4206.860000 1.775448e-16 2.242349e-17
4209.860000 1.886489e-16 2.554995e-17
4212.860000 1.898512e-16 2.594550e-17
4215.860000 1.729283e-16 2.283509e-17
4218.860000 1.740348e-16 2.267139e-17
4221.860000 1.933723e-16 2.577477e-17
4224.860000 1.979935e-16 2.556714e-17
4227.860000 2.156708e-16 2.259131e-17
4230.860000 2.209506e-16 2.295789e-17
4233.860000 2.327922e-16 2.556143e-17
4236.860000 2.274677e-16 2.481431e-17
4239.860000 2.188040e-16 2.241648e-17
4242.860000 2.491351e-16 2.381864e-17
4245.860000 2.465716e-16 2.543855e-17
4248.860000 2.445106e-16 2.420816e-17
4251.860000 2.395962e-16 2.223414e-17
4254.860000 2.304435e-16 2.384706e-17
4257.860000 2.347219e-16 2.531938e-17
4260.860000 2.385856e-16 2.359306e-17
4263.860000 2.045396e-16 2.191089e-17
4266.860000 2.018658e-16 2.419326e-17
4269.860000 2.320605e-16 2.534176e-17
4272.860000 2.536320e-16 2.314902e-17
4275.860000 2.554135e-16 2.228966e-17
4278.860000 2.645685e-16 2.502101e-17
4281.860000 2.644170e-16 2.537155e-17
4284.860000 2.747550e-16 2.262479e-17
4287.860000 2.761067e-16 2.254869e-17
4290.860000 2.697453e-16 2.532818e-17
4293.860000 2.576510e-16 2.508633e-17
4296.860000 2.561581e-16 2.197921e-17
4299.860000 2.695479e-16 2.248156e-17
4302.860000 2.685918e-16 2.485806e-17
4305.860000 2.347175e-16 2.366321e-17
4308.860000 2.201195e-16 2.108727e-17
4311.860000 2.219775e-16 2.213495e-17
4314.860000 2.347100e-16 2.409254e-17
4317.860000 2.650823e-16 2.321151e-17
4320.860000 2.671359e-16 2.162423e-17
4323.860000 2.433549e-16 2.321837e-17
4326.860000 2.884895e-16 2.501345e-17
4329.860000 2.606845e-16 2.288729e-17
4332.860000 2.317884e-16 2.132968e-17
4335.860000 2.402149e-16 2.363619e-17
4338.860000 2.299758e-16 2.445358e-17
4341.860000 2.446255e-16 2.228512e-17
4344.860000 2.377895e-16 2.114149e-17
4347.860000 2.450261e-16 2.379550e-17
4350.860000 2.523589e-16 2.446538e-17
4353.860000 2.217775e-16 2.175042e-17
4356.860000 2.173049e-16 2.147860e-17
4359.860000 2.648291e-16 2.489750e-17
4362.860000 2.602728e-16 2.490769e-17
4365.860000 2.782281e-16 2.191926e-17
4368.860000 2.945652e-16 2.253162e-17
4371.860000 2.658828e-16 2.459217e-17
4374.860000 2.547514e-16 2.387588e-17
4377.860000 2.345963e-16 2.118167e-17
4380.860000 2.299543e-16 2.194326e-17
4383.860000 2.552868e-16 2.413706e-17
4386.860000 2.458478e-16 2.290353e-17
4389.860000 2.473359e-16 2.081237e-17
4392.860000 2.620738e-16 2.240449e-17
4395.860000 2.400939e-16 2.399610e-17
4398.860000 2.145247e-16 2.224405e-17
4401.860000 2.337343e-16 2.089529e-17
4404.860000 2.160336e-16 2.257144e-17
4407.860000 2.079305e-16 2.351877e-17
4410.860000 2.146391e-16 2.156518e-17
4413.860000 1.982927e-16 2.060793e-17
4416.860000 2.121467e-16 2.327139e-17
4419.860000 1.980807e-16 2.372984e-17
4422.860000 2.172509e-16 2.123626e-17
4425.860000 2.204483e-16 2.097962e-17
4428.860000 2.103592e-16 2.396059e-17
4431.860000 2.093576e-16 2.386243e-17
4434.860000 1.874278e-16 2.062467e-17
4437.860000 1.884051e-16 2.074863e-17
4440.860000 2.183301e-16 2.357528e-17
4443.860000 2.219986e-16 2.319297e-17
4446.860000 2.188753e-16 2.054594e-17
4449.860000 2.025440e-16 2.119375e-17
4452.860000 2.011629e-16 2.311194e-17
4455.860000 1.805553e-16 2.206481e-17
4458.860000 1.817634e-16 1.992670e-17
4461.860000 2.182833e-16 2.140510e-17
4464.860000 2.258299e-16 2.302137e-17
4467.860000 2.273264e-16 2.173093e-17
4470.860000 2.474968e-16 2.047642e-17
4473.860000 2.337685e-16 2.221009e-17
4476.860000 1.963854e-16 2.283160e-17
4479.860000 1.983346e-16 2.101017e-17
4482.860000 2.297461e-16 2.027932e-17
4485.860000 2.399901e-16 2.261706e-17
4488.860000 2.141775e-16 2.295679e-17
4491.860000 2.261997e-16 2.081265e-17
4494.860000 2.386852e-16 2.041923e-17
4497.860000 2.334489e-16 2.318860e-17
4500.860000 2.516671e-16 2.350458e-17
4503.860000 2.611272e-16 2.077228e-17
4506.860000 2.621140e-16 2.086632e-17
4509.860000 2.441361e-16 2.319547e-17
4512.860000 2.067117e-16 2.258328e-17
4515.860000 2.084207e-16 2.010003e-17
4518.860000 1.952619e-16 2.068860e-17
4521.860000 2.064636e-16 2.271639e-17
4524.860000 2.266625e-16 2.199861e-17
4527.860000 2.343859e-16 1.990041e-17
4530.860000 2.229817e-16 2.096134e-17
4533.860000 2.169034e-16 2.242998e-17
4536.860000 2.324793e-16 2.129777e-17
4539.860000 2.292047e-16 1.972238e-17
4542.860000 2.397622e-16 2.150189e-17
4545.860000 2.293382e-16 2.264205e-17
4548.860000 1.998660e-16 2.068494e-17
4551.860000 1.949735e-16 1.948030e-17
4554.860000 1.871277e-16 2.136726e-17
4557.860000 2.008812e-16 2.204574e-17
4560.860000 2.287537e-16 2.028341e-17
4563.860000 2.185582e-16 1.974070e-17
4566.860000 2.075316e-16 2.219723e-17
4569.860000 1.830344e-16 2.219948e-17
4572.860000 1.985442e-16 1.967429e-17
4575.860000 2.013155e-16 1.978294e-17
4578.860000 2.098496e-16 2.246351e-17
4581.860000 2.165277e-16 2.238321e-17
4584.860000 2.167174e-16 1.958363e-17
4587.860000 2.219226e-16 1.995329e-17
4590.860000 2.156407e-16 2.217476e-17
4593.860000 2.249410e-16 2.160806e-17
4596.860000 2.152931e-16 1.936743e-17
4599.860000 1.858334e-16 2.006098e-17
4602.860000 1.742895e-16 2.158332e-17
4605.860000 1.813563e-16 2.047395e-17
4608.860000 2.025801e-16 1.906239e-17
4611.860000 2.272958e-16 2.081231e-17
4614.860000 2.252754e-16 2.204428e-17
4617.860000 2.036381e-16 2.038143e-17
4620.860000 2.009067e-16 1.917225e-17
4623.860000 2.330729e-16 2.134727e-17
4626.860000 2.330794e-16 2.193916e-17
4629.860000 2.089867e-16 1.978523e-17
4632.860000 2.263119e-16 1.929798e-17
4635.860000 2.336842e-16 2.169784e-17
4638.860000 1.786094e-16 2.164098e-17
4641.860000 2.048412e-16 1.925169e-17
4644.860000 2.442015e-16 1.947029e-17
4647.860000 2.245169e-16 2.178519e-17
4650.860000 2.006310e-16 2.153308e-17
4653.860000 2.448088e-16 1.931600e-17
4656.860000 2.220334e-16 1.955325e-17
4659.860000 2.098905e-16 2.168309e-17
4662.860000 2.201995e-16 2.104523e-17
4665.860000 2.332316e-16 1.896934e-17
4668.860000 2.174628e-16 1.971400e-17
4671.860000 2.284401e-16 2.146893e-17
4674.860000 2.251943e-16 2.039077e-17
4677.860000 2.187579e-16 1.884168e-17
4680.860000 2.057597e-16 2.011790e-17
4683.860000 1.944205e-16 2.123576e-17
4686.860000 1.893472e-16 1.961924e-17
4689.860000 2.003166e-16 1.857080e-17
4692.860000 2.227231e-16 2.067970e-17
4695.860000 2.298464e-16 2.156265e-17
4698.860000 2.041862e-16 1.942150e-17
4701.860000 1.914138e-16 1.861263e-17
4704.860000 2.289323e-16 2.120990e-17
4707.860000 2.377303e-16 2.158334e-17
4710.860000 2.192622e-16 1.917168e-17
4713.860000 2.399542e-16 1.921347e-17
4716.860000 2.559701e-16 2.185916e-17
4719.860000 2.162283e-16 2.154151e-17
4722.860000 2.150435e-16 1.891021e-17
4725.860000 2.483236e-16 1.943434e-17
4728.860000 2.129434e-16 2.124027e-17
4731.860000 1.954472e-16 2.066747e-17
4734.860000 2.119513e-16 1.855411e-17
4737.860000 2.579578e-16 1.973659e-17
4740.860000 2.407435e-16 2.116851e-17
4743.860000 2.132282e-16 2.026678e-17
4746.860000 2.130500e-16 1.845251e-17
4749.860000 2.185068e-16 1.984802e-17
4752.860000 2.264036e-16 2.113656e-17
4755.860000 2.346377e-16 1.979873e-17
4758.860000 2.633116e-16 1.872463e-17
4761.860000 2.369654e-16 2.023909e-17
4764.860000 2.006669e-16 2.075036e-17
4767.860000 1.984294e-16 1.914896e-17
4770.860000 2.299690e-16 1.863010e-17
4773.860000 2.528354e-16 2.097583e-17
4776.860000 2.032593e-16 2.099295e-17
4779.860000 2.144348e-16 1.894379e-17
4782.860000 2.382296e-16 1.879576e-17
4785.860000 2.250031e-16 2.128356e-17
4788.860000 2.214646e-16 2.123946e-17
4791.860000 2.387323e-16 1.880519e-17
4794.860000 2.283106e-16 1.888951e-17
4797.860000 2.367302e-16 2.122229e-17
4800.860000 2.277897e-16 2.077067e-17
4803.860000 2.294794e-16 1.848743e-17
4806.860000 2.179753e-16 1.916880e-17
4809.860000 2.462087e-16 2.104718e-17
4812.860000 2.460447e-16 2.044688e-17
4815.860000 2.318098e-16 1.848842e-17
4818.860000 2.242725e-16 1.973418e-17
4821.860000 2.331790e-16 2.117756e-17
4824.860000 2.307946e-16 1.989017e-17
4827.860000 2.148641e-16 1.833840e-17
4830.860000 2.475899e-16 2.019586e-17
4833.860000 2.695835e-16 2.133761e-17
4836.860000 2.636701e-16 1.958384e-17
4839.860000 2.602447e-16 1.873239e-17
4842.860000 2.559163e-16 2.092255e-17
4845.860000 2.466550e-16 2.133273e-17
4848.860000 2.520557e-16 1.928864e-17
4851.860000 2.458377e-16 1.886390e-17
4854.860000 2.627311e-16 2.148660e-17
4857.860000 2.364190e-16 2.121087e-17
4860.860000 2.349704e-16 1.869244e-17
4863.860000 2.313858e-16 1.870203e-17
4866.860000 2.137820e-16 2.074822e-17
4869.860000 2.205511e-16 2.068399e-17
4872.860000 2.136570e-16 1.843278e-17
4875.860000 2.371061e-16 1.931451e-17
4878.860000 2.278713e-16 2.114166e-17
4881.860000 1.961267e-16 2.032359e-17
4884.860000 2.111162e-16 1.852548e-17
4887.860000 2.181646e-16 1.959630e-17
4890.860000 2.254231e-16 2.115636e-17
4893.860000 2.416316e-16 2.013103e-17
4896.860000 2.284639e-16 1.874529e-17
4899.860000 1.960397e-16 2.021802e-17
5202.860000 1.997822e-16 3.059421e-17
5205.860000 2.581534e-16 3.150278e-17
5208.860000 2.578171e-16 3.135508e-17
5211.860000 2.498944e-16 3.207587e-17
5214.860000 2.619786e-16 3.263201e-17
5217.860000 2.545963e-16 3.353914e-17
5220.860000 2.173294e-16 3.365842e-17
5223.860000 1.857516e-16 3.385495e-17
5226.860000 2.294060e-16 3.533295e-17
5229.860000 2.772267e-16 3.654343e-17
5232.860000 2.955463e-16 3.739472e-17
5235.860000 2.825051e-16 3.756474e-17
5238.860000 2.173301e-16 3.662529e-17
5241.860000 2.265708e-16 3.597533e-17
5244.860000 2.616432e-16 3.557490e-17
5247.860000 2.424450e-16 3.454592e-17
5250.860000 2.208405e-16 3.316464e-17
5253.860000 2.189189e-16 3.219741e-17
5256.860000 2.524972e-16 3.133613e-17
5259.860000 2.605056e-16 3.043248e-17
5262.860000 2.334152e-16 2.920835e-17
5265.860000 2.631756e-16 2.851785e-17
5268.860000 1.987890e-16 2.696505e-17
5271.860000 2.086943e-16 2.637023e-17
5274.860000 2.302374e-16 2.595990e-17
5277.860000 2.399985e-16 2.523752e-17
5280.860000 2.492246e-16 2.444396e-17
5283.860000 2.496202e-16 2.396497e-17
5286.860000 2.441587e-16 2.368332e-17
5289.860000 2.351984e-16 2.306144e-17
5292.860000 2.393992e-16 2.257868e-17
5295.860000 2.067872e-16 2.191234e-17
5298.860000 2.065687e-16 2.175404e-17
5301.860000 2.171400e-16 2.159338e-17
5304.860000 2.366005e-16 2.162330e-17
5307.860000 2.294844e-16 2.144155e-17
5310.860000 2.292832e-16 2.137974e-17
5313.860000 2.151316e-16 2.108835e-17
5316.860000 1.910279e-16 2.081156e-17
5319.860000 1.954681e-16 2.080156e-17
5322.860000 2.374945e-16 2.142452e-17
5325.860000 2.598755e-16 2.150477e-17
5328.860000 2.535522e-16 2.141157e-17
5331.860000 2.041196e-16 2.098314e-17
5334.860000 1.829946e-16 2.094301e-17
5337.860000 1.740076e-16 2.119425e-17
5340.860000 1.680003e-16 2.144440e-17
5343.860000 1.770894e-16 2.209693e-17
5346.860000 2.177125e-16 2.289294e-17
5349.860000 2.217284e-16 2.309040e-17
5352.860000 2.105771e-16 2.333184e-17
5355.860000 2.422765e-16 2.396956e-17
5358.860000 2.418925e-16 2.447389e-17
5361.860000 2.520350e-16 2.502166e-17
5364.860000 2.130960e-16 2.425512e-17
5367.860000 2.079213e-16 2.357460e-17
5370.860000 2.375732e-16 2.300775e-17
5373.860000 2.604269e-16 2.266461e-17
5376.860000 2.536395e-16 2.208611e-17
5379.860000 2.279737e-16 2.093177e-17
5382.860000 2.063532e-16 2.023406e-17
5385.860000 1.971262e-16 1.968946e-17
5388.860000 2.048512e-16 1.908164e-17
5391.860000 2.068047e-16 1.869192e-17
5394.860000 2.010201e-16 1.817078e-17
5397.860000 2.040111e-16 1.788391e-17
5400.860000 2.233241e-16 1.764607e-17
5403.860000 2.157890e-16 1.705403e-17
5406.860000 2.016326e-16 1.649348e-17
5409.860000 1.944477e-16 1.612086e-17
5412.860000 2.044149e-16 1.591066e-17
5415.860000 1.997167e-16 1.566228e-17
5418.860000 1.916975e-16 1.540536e-17
5421.860000 1.827473e-16 1.521285e-17
5424.860000 1.818057e-16 1.504640e-17
5427.860000 1.955172e-16 1.500571e-17
5430.860000 1.888550e-16 1.493121e-17
5433.860000 1.916314e-16 1.504928e-17
5436.860000 2.047357e-16 1.517812e-17
5439.860000 2.082398e-16 1.513817e-17
5442.860000 2.044028e-16 1.521524e-17
5445.860000 1.903302e-16 1.520660e-17
5448.860000 1.955324e-16 1.547837e-17
5451.860000 2.074547e-16 1.560558e-17
5454.860000 2.065915e-16 1.585248e-17
5457.860000 1.815160e-16 1.596645e-17
5460.860000 1.749085e-16 1.606141e-17
5463.860000 1.723766e-16 1.630516e-17
5466.860000 1.831688e-16 1.675650e-17
5469.860000 1.805852e-16 1.679311e-17
5472.860000 2.044017e-16 1.740492e-17
5475.860000 2.048567e-16 1.770005e-17
5478.860000 2.021551e-16 1.793793e-17
5481.860000 1.899308e-16 1.802564e-17
5484.860000 1.725901e-16 1.815150e-17
5487.860000 1.681342e-16 1.858118e-17
5490.860000 1.859932e-16 1.866591e-17
5493.860000 1.836780e-16 1.808202e-17
5496.860000 1.759155e-16 1.748657e-17
5499.860000 1.684572e-16 1.689915e-17
5502.860000 1.874626e-16 1.670122e-17
5505.860000 2.318932e-16 1.683248e-17
5508.860000 2.574568e-16 1.664920e-17
5511.860000 2.120447e-16 1.583346e-17
5514.860000 1.920156e-16 1.522350e-17
5517.860000 2.023034e-16 1.494149e-17
5520.860000 1.815295e-16 1.439244e-17
5523.860000 1.738075e-16 1.399135e-17
5526.860000 1.863062e-16 1.385095e-17
5529.860000 1.893388e-16 1.359725e-17
5532.860000 2.020003e-16 1.347370e-17
5535.860000 1.988936e-16 1.325117e-17
5538.860000 1.878491e-16 1.295960e-17
5541.860000 1.899901e-16 1.284467e-17
5544.860000 1.926099e-16 1.278739e-17
5547.860000 1.962587e-16 1.274595e-17
5550.860000 1.839954e-16 1.254438e-17
5553.860000 1.662200e-16 1.230396e-17
5556.860000 1.697609e-16 1.231058e-17
5559.860000 1.839029e-16 1.255824e-17
5562.860000 1.861567e-16 1.258848e-17
5565.860000 1.959483e-16 1.270455e-17
5568.860000 1.989615e-16 1.271603e-17
5571.860000 2.011822e-16 1.306089e-17
5574.860000 2.214975e-16 1.370309e-17
5577.860000 2.164841e-16 1.462356e-17
5580.860000 2.272587e-16 1.643048e-17
5583.860000 2.307571e-16 1.776270e-17
5586.860000 1.875330e-16 1.732400e-17
5589.860000 1.680132e-16 1.574461e-17
5592.860000 1.635207e-16 1.474278e-17
5595.860000 1.709829e-16 1.444879e-17
5598.860000 1.837977e-16 1.451681e-17
5601.860000 2.087190e-16 1.510788e-17
5604.860000 1.882932e-16 1.523472e-17
5607.860000 1.754371e-16 1.535910e-17
5610.860000 1.951892e-16 1.589950e-17
5613.860000 2.015369e-16 1.629752e-17
5616.860000 1.880030e-16 1.590367e-17
5619.860000 1.819193e-16 1.550788e-17
5622.860000 1.788613e-16 1.497475e-17
5625.860000 1.838110e-16 1.461329e-17
5628.860000 1.974104e-16 1.442280e-17
5631.860000 1.931400e-16 1.398143e-17
5634.860000 1.870656e-16 1.349594e-17
5637.860000 1.776304e-16 1.310682e-17
5640.860000 1.732309e-16 1.286056e-17
5643.860000 1.822729e-16 1.262670e-17
5646.860000 1.854088e-16 1.233779e-17
5649.860000 1.869235e-16 1.212430e-17
5652.860000 1.828001e-16 1.189343e-17
5655.860000 1.768873e-16 1.153287e-17
5658.860000 1.799129e-16 1.127665e-17
5661.860000 1.737303e-16 1.107219e-17
5664.860000 1.729895e-16 1.088104e-17
5667.860000 1.822421e-16 1.080748e-17
5670.860000 1.897540e-16 1.076980e-17
5673.860000 1.945685e-16 1.082904e-17
5676.860000 2.017405e-16 1.085041e-17
5679.860000 2.108070e-16 1.081332e-17
5682.860000 2.081278e-16 1.072703e-17
5685.860000 1.983013e-16 1.068317e-17
5688.860000 2.005479e-16 1.079066e-17
5691.860000 1.788970e-16 1.064800e-17
5694.860000 1.703777e-16 1.067323e-17
5697.860000 1.810363e-16 1.087707e-17
5700.860000 1.853440e-16 1.103006e-17
5703.860000 1.820022e-16 1.109724e-17
5706.860000 1.829634e-16 1.124444e-17
5709.860000 1.825444e-16 1.135839e-17
5712.860000 1.637083e-16 1.138872e-17
5715.860000 1.585356e-16 1.156519e-17
5718.860000 1.680667e-16 1.189404e-17
5721.860000 1.754669e-16 1.216031e-17
5724.860000 1.772920e-16 1.249900e-17
5727.860000 1.770617e-16 1.268968e-17
5730.860000 1.619587e-16 1.274018e-17
5733.860000 1.575773e-16 1.293872e-17
5736.860000 1.632468e-16 1.333533e-17
5739.860000 1.748345e-16 1.364977e-17
5742.860000 1.743516e-16 1.341375e-17
5745.860000 1.704830e-16 1.300067e-17
5748.860000 1.649545e-16 1.270694e-17
5751.860000 1.478069e-16 1.225557e-17
5754.860000 1.732950e-16 1.207770e-17
5757.860000 1.983783e-16 1.203681e-17
5760.860000 1.996053e-16 1.178179e-17
5763.860000 1.849802e-16 1.133380e-17
5766.860000 1.943768e-16 1.115138e-17
5769.860000 1.801645e-16 1.083443e-17
5772.860000 1.793936e-16 1.062461e-17
5775.860000 1.748208e-16 1.039068e-17
5778.860000 1.730776e-16 1.013333e-17
5781.860000 1.721595e-16 1.006873e-17
5784.860000 1.682147e-16 9.849449e-18
5787.860000 1.731382e-16 9.728707e-18
5790.860000 1.772581e-16 9.553127e-18
5793.860000 1.872821e-16 9.548794e-18
5796.860000 1.708269e-16 9.331929e-18
5799.860000 1.588898e-16 9.174074e-18
5802.860000 1.594609e-16 9.149897e-18
5805.860000 1.712073e-16 9.241052e-18
5808.860000 1.734421e-16 9.295770e-18
5811.860000 1.667548e-16 9.303034e-18
5814.860000 1.682411e-16 9.414956e-18
5817.860000 1.693174e-16 9.471119e-18
5820.860000 1.649240e-16 9.471159e-18
5823.860000 1.745831e-16 9.658222e-18
5826.860000 1.714887e-16 9.731165e-18
5829.860000 1.733506e-16 9.905492e-18
5832.860000 1.669557e-16 9.998837e-18
5835.860000 1.735879e-16 1.029176e-17
5838.860000 1.698920e-16 1.037441e-17
5841.860000 1.619078e-16 1.049643e-17
5844.860000 1.811677e-16 1.082658e-17
5847.860000 1.972139e-16 1.125878e-17
5850.860000 1.894657e-16 1.134184e-17
5853.860000 1.767944e-16 1.141954e-17
5856.860000 1.666362e-16 1.161369e-17
5859.860000 1.621401e-16 1.179857e-17
5862.860000 1.610844e-16 1.199158e-17
5865.860000 1.727573e-16 1.225786e-17
5868.860000 1.617176e-16 1.204388e-17
5871.860000 1.685252e-16 1.187090e-17
5874.860000 1.871646e-16 1.190046e-17
5877.860000 1.745929e-16 1.139335e-17
5880.860000 1.787463e-16 1.110990e-17
5883.860000 1.708441e-16 1.065735e-17
5886.860000 1.838518e-16 1.059324e-17
5889.860000 1.902637e-16 1.041557e-17
5892.860000 1.851932e-16 1.026967e-17
5895.860000 1.884929e-16 1.022968e-17
5898.860000 1.857357e-16 9.999379e-18
5901.860000 1.835508e-16 9.710841e-18
5904.860000 1.792771e-16 9.438241e-18
5907.860000 1.693799e-16 9.174418e-18
5910.860000 1.755736e-16 9.026934e-18
5913.860000 1.760700e-16 8.908077e-18
5916.860000 1.757422e-16 8.844021e-18
5919.860000 1.667874e-16 8.697051e-18
5922.860000 1.602963e-16 8.526817e-18
5925.860000 1.723446e-16 8.601682e-18
5928.860000 1.772072e-16 8.627052e-18
5931.860000 1.810842e-16 8.637480e-18
5934.860000 1.742551e-16 8.574311e-18
5937.860000 1.705801e-16 8.571108e-18
5940.860000 1.891689e-16 8.748828e-18
5943.860000 1.911602e-16 8.823244e-18
5946.860000 1.818499e-16 8.872604e-18
5949.860000 1.841362e-16 8.974869e-18
5952.860000 1.826168e-16 9.108236e-18
5955.860000 1.872639e-16 9.260336e-18
5958.860000 1.789304e-16 9.268798e-18
5961.860000 1.686952e-16 9.381047e-18
5964.860000 1.742741e-16 9.617624e-18
5967.860000 1.746456e-16 9.805754e-18
5970.860000 1.926411e-16 1.019781e-17
5973.860000 2.002188e-16 1.049886e-17
5976.860000 1.903024e-16 1.060196e-17
5979.860000 1.831348e-16 1.078794e-17
5982.860000 1.716291e-16 1.077617e-17
5985.860000 1.674160e-16 1.095580e-17
5988.860000 1.670327e-16 1.119791e-17
5991.860000 1.740389e-16 1.138246e-17
5994.860000 1.521716e-16 1.095502e-17
5997.860000 1.726559e-16 1.079213e-17
6000.860000 1.737143e-16 1.050099e-17
6003.860000 1.867602e-16 1.033207e-17
6006.860000 1.852144e-16 1.011309e-17
6009.860000 1.890385e-16 1.001543e-17
6012.860000 1.710925e-16 9.567260e-18
6015.860000 1.740881e-16 9.337288e-18
6018.860000 1.689463e-16 9.147228e-18
6021.860000 1.629085e-16 8.926879e-18
6024.860000 1.723978e-16 8.830287e-18
6027.860000 1.777012e-16 8.674878e-18
6030.860000 1.798248e-16 8.565735e-18
6033.860000 1.746575e-16 8.420044e-18
6036.860000 1.644867e-16 8.256246e-18
6039.860000 1.703579e-16 8.191007e-18
6042.860000 1.812707e-16 8.169726e-18
6045.860000 1.799992e-16 8.084450e-18
6048.860000 1.780619e-16 8.010975e-18
6051.860000 1.784126e-16 7.961670e-18
6054.860000 1.765837e-16 7.867927e-18
6057.860000 1.826162e-16 7.889056e-18
6060.860000 1.933048e-16 7.988674e-18
6063.860000 1.882566e-16 7.976196e-18
6066.860000 1.781423e-16 7.949914e-18
6069.860000 1.709972e-16 7.923549e-18
6072.860000 1.704452e-16 8.034682e-18
6075.860000 1.878104e-16 8.306209e-18
6078.860000 1.857042e-16 8.317052e-18
6081.860000 1.790721e-16 8.394866e-18
6084.860000 1.974895e-16 8.702291e-18
6087.860000 2.000512e-16 8.826887e-18
6090.860000 1.802042e-16 8.821574e-18
6093.860000 1.771212e-16 8.984374e-18
6096.860000 1.912733e-16 9.270385e-18
6099.860000 1.834988e-16 9.362881e-18
6102.860000 1.739372e-16 9.456553e-18
6105.860000 1.916569e-16 9.904384e-18
6108.860000 1.916912e-16 1.015915e-17
6111.860000 1.813442e-16 1.024046e-17
6114.860000 1.671450e-16 1.033322e-17
6117.860000 1.902831e-16 1.065021e-17
6120.860000 1.970685e-16 1.047151e-17
6123.860000 1.767995e-16 1.008557e-17
6126.860000 1.688342e-16 9.716883e-18
6129.860000 1.780428e-16 9.541790e-18
6132.860000 1.751875e-16 9.319146e-18
6135.860000 1.748727e-16 9.053229e-18
6138.860000 1.825122e-16 8.989291e-18
6141.860000 1.871574e-16 8.866150e-18
6144.860000 1.934652e-16 8.674108e-18
6147.860000 1.889808e-16 8.434483e-18
6150.860000 1.843949e-16 8.257092e-18
6153.860000 1.811001e-16 8.091448e-18
6156.860000 1.896290e-16 8.050050e-18
6159.860000 1.799954e-16 7.820513e-18
6162.860000 1.795169e-16 7.718748e-18
6165.860000 1.826350e-16 7.647716e-18
6168.860000 1.834576e-16 7.591200e-18
6171.860000 1.842645e-16 7.503062e-18
6174.860000 1.843121e-16 7.442982e-18
6177.860000 1.850080e-16 7.423958e-18
6180.860000 1.973377e-16 7.500675e-18
6183.860000 1.956392e-16 7.491094e-18
6186.860000 1.809271e-16 7.397302e-18
6189.860000 1.829849e-16 7.468031e-18
6192.860000 1.871618e-16 7.520197e-18
6195.860000 1.925302e-16 7.662005e-18
6198.860000 1.863132e-16 7.703173e-18
6201.860000 1.757757e-16 7.688993e-18
6204.860000 1.810326e-16 7.845834e-18
6207.860000 1.837411e-16 7.958846e-18
6210.860000 1.754762e-16 8.032618e-18
6213.860000 1.874327e-16 8.321487e-18
6216.860000 1.829884e-16 8.376436e-18
6219.860000 1.730366e-16 8.432215e-18
6222.860000 1.717552e-16 8.607126e-18
6225.860000 1.895558e-16 8.963004e-18
6228.860000 2.007423e-16 9.300603e-18
6231.860000 1.990775e-16 9.450735e-18
6234.860000 1.881237e-16 9.500614e-18
6237.860000 1.942613e-16 9.851417e-18
6240.860000 1.893000e-16 1.002110e-17
6243.860000 1.743730e-16 9.874968e-18
6246.860000 1.675724e-16 9.597494e-18
6249.860000 1.657850e-16 9.255620e-18
6252.860000 1.802631e-16 9.111441e-18
6255.860000 1.936904e-16 9.018387e-18
6258.860000 1.867394e-16 8.782257e-18
6261.860000 1.765983e-16 8.492010e-18
6264.860000 1.815492e-16 8.423864e-18
6267.860000 1.970688e-16 8.377552e-18
6270.860000 1.904663e-16 8.117482e-18
6273.860000 1.900889e-16 7.919081e-18
6276.860000 2.002396e-16 7.820744e-18
6279.860000 1.916189e-16 7.618664e-18
6282.860000 1.652076e-16 7.251581e-18
6285.860000 1.692631e-16 7.155018e-18
6288.860000 1.868110e-16 7.213518e-18
6291.860000 1.849316e-16 7.141652e-18
6294.860000 1.866212e-16 7.143867e-18
6297.860000 1.872491e-16 7.149916e-18
6300.860000 1.873114e-16 7.280652e-18
6303.860000 1.976580e-16 7.648820e-18
6306.860000 1.924002e-16 7.861775e-18
6309.860000 1.735962e-16 7.694496e-18
6312.860000 1.697017e-16 7.376199e-18
6315.860000 1.645282e-16 7.073816e-18
6318.860000 1.671808e-16 7.017704e-18
6321.860000 1.834499e-16 7.146683e-18
6324.860000 1.911664e-16 7.257745e-18
6327.860000 1.845352e-16 7.287924e-18
6330.860000 1.840511e-16 7.418545e-18
6333.860000 1.841332e-16 7.545140e-18
6336.860000 1.783690e-16 7.655116e-18
6339.860000 1.751647e-16 7.742804e-18
6342.860000 1.760163e-16 7.822525e-18
6345.860000 1.737824e-16 7.959241e-18
6348.860000 1.778490e-16 8.147154e-18
6351.860000 1.776659e-16 8.357395e-18
6354.860000 1.852039e-16 8.636584e-18
6357.860000 1.623184e-16 8.619025e-18
6360.860000 1.768186e-16 8.980684e-18
6363.860000 1.753582e-16 9.283018e-18
6366.860000 1.770340e-16 9.551464e-18
6369.860000 1.965699e-16 9.839361e-18
6372.860000 1.837517e-16 9.554572e-18
6375.860000 1.653965e-16 8.964441e-18
6378.860000 1.598745e-16 8.594033e-18
6381.860000 1.700023e-16 8.349711e-18
6384.860000 1.690126e-16 8.171883e-18
6387.860000 1.623567e-16 7.921419e-18
6390.860000 1.667856e-16 7.835024e-18
6393.860000 1.724389e-16 7.665361e-18
6396.860000 1.694859e-16 7.489595e-18
6399.860000 1.725558e-16 7.362079e-18
6402.860000 1.783625e-16 7.236045e-18
6405.860000 1.769347e-16 7.111397e-18
6408.860000 1.706262e-16 6.925888e-18
6411.860000 1.779255e-16 6.877933e-18
6414.860000 1.765839e-16 6.793992e-18
6417.860000 1.677476e-16 6.624946e-18
6420.860000 1.644808e-16 6.538059e-18
6423.860000 1.662639e-16 6.501969e-18
6426.860000 1.667316e-16 6.490018e-18
6429.860000 1.632141e-16 6.479939e-18
6432.860000 1.638489e-16 6.523917e-18
6435.860000 1.562638e-16 6.470926e-18
6438.860000 1.546873e-16 6.467880e-18
6441.860000 1.677468e-16 6.599325e-18
6444.860000 1.744290e-16 6.653630e-18
6447.860000 1.732156e-16 6.699467e-18
6450.860000 1.705863e-16 6.765753e-18
6453.860000 1.638991e-16 6.787560e-18
6456.860000 1.575166e-16 6.801195e-18
6459.860000 1.584094e-16 6.948081e-18
6462.860000 1.658572e-16 7.150281e-18
6465.860000 1.717445e-16 7.296386e-18
6468.860000 1.714781e-16 7.463681e-18
6471.860000 1.630226e-16 7.568184e-18
6474.860000 1.584017e-16 7.693771e-18
6477.860000 1.677565e-16 7.962917e-18
6480.860000 1.749353e-16 8.157070e-18
6483.860000 1.805307e-16 8.346722e-18
6486.860000 1.800860e-16 8.522683e-18
6489.860000 1.879021e-16 8.745236e-18
6492.860000 1.769047e-16 8.746950e-18
6495.860000 1.641152e-16 8.575532e-18
6498.860000 1.526205e-16 8.299375e-18
6501.860000 1.544011e-16 8.191613e-18
6504.860000 1.610970e-16 8.087609e-18
6507.860000 1.691951e-16 7.947156e-18
6510.860000 1.643977e-16 7.676020e-18
6513.860000 1.553100e-16 7.416714e-18
6516.860000 1.559090e-16 7.218256e-18
6519.860000 1.606863e-16 7.087262e-18
6522.860000 1.570688e-16 6.905712e-18
6525.860000 1.661034e-16 6.855513e-18
6528.860000 1.684345e-16 6.770778e-18
6531.860000 1.739103e-16 6.693003e-18
6534.860000 1.677794e-16 6.567753e-18
6537.860000 1.561267e-16 6.397867e-18
6540.860000 1.603076e-16 6.344224e-18
6543.860000 1.660886e-16 6.314841e-18
6546.860000 1.630533e-16 6.229951e-18
6549.860000 1.562160e-16 6.125990e-18
6552.860000 1.632018e-16 6.121719e-18
6555.860000 1.631777e-16 6.112398e-18
6558.860000 1.579050e-16 6.074455e-18
6561.860000 1.567674e-16 6.071175e-18
6564.860000 1.607385e-16 6.124446e-18
6567.860000 1.618998e-16 6.172230e-18
6570.860000 1.640283e-16 6.201762e-18
6573.860000 1.663969e-16 6.241774e-18
6576.860000 1.687632e-16 6.351885e-18
6579.860000 1.709398e-16 6.467505e-18
6582.860000 1.682227e-16 6.549930e-18
6585.860000 1.600620e-16 6.626629e-18
6588.860000 1.661905e-16 6.765310e-18
6591.860000 1.619936e-16 6.759537e-18
6594.860000 1.604046e-16 6.852864e-18
6597.860000 1.512395e-16 6.952341e-18
6600.860000 1.525814e-16 7.156853e-18
6603.860000 1.498638e-16 7.249766e-18
6606.860000 1.505275e-16 7.375729e-18
6609.860000 1.491581e-16 7.564400e-18
6612.860000 1.529081e-16 7.806488e-18
6615.860000 1.599209e-16 8.006811e-18
6618.860000 1.582802e-16 8.083565e-18
6621.860000 1.554064e-16 8.022191e-18
6624.860000 1.521545e-16 7.800715e-18
6627.860000 1.596520e-16 7.632073e-18
6630.860000 1.625346e-16 7.444579e-18
6633.860000 1.592881e-16 7.272013e-18
6636.860000 1.663453e-16 7.179051e-18
6639.860000 1.611090e-16 6.947063e-18
6642.860000 1.621370e-16 6.844942e-18
6645.860000 1.685995e-16 6.737324e-18
6648.860000 1.580703e-16 6.523762e-18
6651.860000 1.446669e-16 6.306535e-18
6654.860000 1.479617e-16 6.227463e-18
6657.860000 1.670334e-16 6.204492e-18
6660.860000 1.747837e-16 6.204686e-18
6663.860000 1.688992e-16 6.061367e-18
6666.860000 1.671660e-16 5.964361e-18
6669.860000 1.638288e-16 5.876281e-18
6672.860000 1.682213e-16 5.846902e-18
6675.860000 1.703076e-16 5.835746e-18
6678.860000 1.679541e-16 5.805130e-18
6681.860000 1.634960e-16 5.775623e-18
6684.860000 1.576225e-16 5.752323e-18
6687.860000 1.554963e-16 5.755277e-18
6690.860000 1.564790e-16 5.774774e-18
6693.860000 1.598111e-16 5.839058e-18
6696.860000 1.654578e-16 5.912044e-18
6699.860000 1.644982e-16 5.958389e-18
6702.860000 1.607019e-16 6.000319e-18
6705.860000 1.551211e-16 6.033673e-18
6708.860000 1.563201e-16 6.110555e-18
6711.860000 1.577718e-16 6.223392e-18
6714.860000 1.597257e-16 6.342036e-18
6717.860000 1.668000e-16 6.511017e-18
6720.860000 1.679710e-16 6.632989e-18
6723.860000 1.632963e-16 6.772643e-18
6726.860000 1.632497e-16 6.920122e-18
6729.860000 1.666990e-16 7.054356e-18
6732.860000 1.705902e-16 7.246767e-18
6735.860000 1.630909e-16 7.375357e-18
6738.860000 1.556655e-16 7.442327e-18
6741.860000 1.570320e-16 7.630272e-18
6744.860000 1.502338e-16 7.613448e-18
6747.860000 1.548158e-16 7.581100e-18
6750.860000 1.680895e-16 7.512031e-18
6753.860000 1.607366e-16 7.301739e-18
6756.860000 1.650246e-16 7.160236e-18
6759.860000 1.721977e-16 7.011857e-18
6762.860000 1.642649e-16 6.801315e-18
6765.860000 1.586364e-16 6.614145e-18
6768.860000 1.598643e-16 6.476987e-18
6771.860000 1.613756e-16 6.379039e-18
6774.860000 1.622766e-16 6.213909e-18
6777.860000 1.682222e-16 6.137000e-18
6780.860000 1.626263e-16 6.010606e-18
6783.860000 1.462737e-16 5.784023e-18
6786.860000 1.496102e-16 5.691994e-18
6789.860000 1.629719e-16 5.742808e-18
6792.860000 1.698348e-16 5.735335e-18
6795.860000 1.696963e-16 5.666382e-18
6798.860000 1.697982e-16 5.625238e-18
6801.860000 1.629866e-16 5.535887e-18
6804.860000 1.574420e-16 5.466344e-18
6807.860000 1.533624e-16 5.446744e-18
6810.860000 1.538542e-16 5.491795e-18
6813.860000 1.577698e-16 5.571211e-18
6816.860000 1.671997e-16 5.678563e-18
6819.860000 1.771315e-16 5.776124e-18
6822.860000 1.703398e-16 5.766891e-18
6825.860000 1.645080e-16 5.859983e-18
6828.860000 1.731562e-16 6.035545e-18
6831.860000 1.775342e-16 6.198655e-18
6834.860000 1.789263e-16 6.335083e-18
6837.860000 1.741921e-16 6.364694e-18
6840.860000 1.735684e-16 6.507223e-18
6843.860000 1.721596e-16 6.591141e-18
6846.860000 1.722410e-16 6.650967e-18
6849.860000 1.781102e-16 6.718794e-18
6852.860000 1.791913e-16 6.829792e-18
6855.860000 1.825383e-16 6.992526e-18
6858.860000 1.849709e-16 7.164276e-18
6861.860000 1.725759e-16 7.224964e-18
6864.860000 1.710264e-16 7.544415e-18
6867.860000 1.765627e-16 8.022063e-18
6870.860000 1.835463e-16 8.592437e-18
6873.860000 1.786361e-16 8.658018e-18
6876.860000 1.711807e-16 8.435217e-18
6879.860000 1.664786e-16 7.921048e-18
6882.860000 1.751339e-16 7.619692e-18
6885.860000 1.800772e-16 7.334801e-18
6888.860000 1.866660e-16 7.144655e-18
6891.860000 1.829931e-16 6.979339e-18
6894.860000 1.821125e-16 6.846780e-18
6897.860000 1.857280e-16 6.765427e-18
6900.860000 1.904554e-16 6.616988e-18
6903.860000 1.885806e-16 6.460793e-18
6906.860000 1.934120e-16 6.345846e-18
6909.860000 2.012117e-16 6.298129e-18
6912.860000 1.949585e-16 6.145551e-18
6915.860000 1.907459e-16 6.002516e-18
6918.860000 1.881627e-16 5.863589e-18
6921.860000 1.914564e-16 5.806902e-18
6924.860000 1.918051e-16 5.764316e-18
6927.860000 1.890251e-16 5.728495e-18
6930.860000 1.894144e-16 5.732911e-18
6933.860000 1.908202e-16 5.704538e-18
6936.860000 1.904923e-16 5.651631e-18
6939.860000 1.866620e-16 5.617835e-18
6942.860000 1.838657e-16 5.615598e-18
6945.860000 1.859272e-16 5.686065e-18
6948.860000 1.905302e-16 5.814930e-18
6951.860000 1.875912e-16 5.884218e-18
6954.860000 1.830090e-16 5.942634e-18
6957.860000 1.806862e-16 5.984869e-18
6960.860000 1.796820e-16 6.020184e-18
6963.860000 1.766475e-16 6.062110e-18
6966.860000 1.771582e-16 6.162493e-18
6969.860000 1.865971e-16 6.318806e-18
6972.860000 1.918143e-16 6.485298e-18
6975.860000 1.959306e-16 6.669337e-18
6978.860000 2.003825e-16 6.842159e-18
6981.860000 2.019933e-16 7.048572e-18
6984.860000 2.035729e-16 7.243591e-18
6987.860000 1.964333e-16 7.308507e-18
6990.860000 1.901480e-16 7.429756e-18
6993.860000 1.979457e-16 7.651827e-18
6996.860000 1.963751e-16 7.638495e-18
6999.860000 1.971434e-16 7.485010e-18
7002.860000 1.907065e-16 7.257367e-18
7005.860000 1.928018e-16 7.063229e-18
7008.860000 1.940322e-16 6.936580e-18
7011.860000 1.975561e-16 6.839177e-18
7014.860000 1.964254e-16 6.692229e-18
7017.860000 1.889209e-16 6.516874e-18
7020.860000 1.852859e-16 6.302150e-18
7023.860000 1.839077e-16 6.116184e-18
7026.860000 1.795529e-16 5.969049e-18
7029.860000 1.813273e-16 5.874551e-18
7032.860000 1.811590e-16 5.766018e-18
7035.860000 1.836406e-16 5.705109e-18
7038.860000 1.842387e-16 5.626042e-18
7041.860000 1.838221e-16 5.536063e-18
7044.860000 1.881901e-16 5.524543e-18
7047.860000 1.915983e-16 5.515750e-18
7050.860000 1.893518e-16 5.472532e-18
7053.860000 1.775607e-16 5.373029e-18
7056.860000 1.746967e-16 5.319225e-18
7059.860000 1.812575e-16 5.346612e-18
7062.860000 1.818992e-16 5.356277e-18
7065.860000 1.758871e-16 5.339833e-18
7068.860000 1.774336e-16 5.397551e-18
7071.860000 1.797972e-16 5.446923e-18
7074.860000 1.705214e-16 5.428015e-18
7077.860000 1.703075e-16 5.472378e-18
7080.860000 1.754102e-16 5.577395e-18
7083.860000 1.727557e-16 5.666343e-18
7086.860000 1.717818e-16 5.738321e-18
7089.860000 1.702131e-16 5.822350e-18
7092.860000 1.713078e-16 5.927107e-18
7095.860000 1.715945e-16 6.040701e-18
7098.860000 1.677098e-16 6.146559e-18
7101.860000 1.718165e-16 6.299100e-18
7104.860000 1.685479e-16 6.407044e-18
7107.860000 1.675128e-16 6.548188e-18
7110.860000 1.658197e-16 6.642544e-18
7113.860000 1.682530e-16 6.809068e-18
7116.860000 1.719594e-16 7.015030e-18
7119.860000 1.612357e-16 7.087218e-18
7122.860000 1.659573e-16 7.138129e-18
7125.860000 1.685506e-16 6.957085e-18
7128.860000 1.607724e-16 6.721306e-18
7131.860000 1.558513e-16 6.584740e-18
7134.860000 1.711684e-16 6.548255e-18
7137.860000 1.698604e-16 6.417900e-18
7140.860000 1.584271e-16 6.154888e-18
7143.860000 1.544049e-16 5.992852e-18
7146.860000 1.596328e-16 5.931600e-18
7149.860000 1.608171e-16 5.828349e-18
7152.860000 1.589493e-16 5.693500e-18
7155.860000 1.588827e-16 5.568968e-18
7158.860000 1.575959e-16 5.468914e-18
7161.860000 1.492013e-16 5.332525e-18
7164.860000 1.467468e-16 5.232031e-18
7167.860000 1.490256e-16 5.163284e-18
7170.860000 1.469207e-16 5.086907e-18
7173.860000 1.480347e-16 5.058748e-18
7176.860000 1.542117e-16 5.079010e-18
7179.860000 1.618708e-16 5.077693e-18
7182.860000 1.588384e-16 5.036165e-18
7185.860000 1.499603e-16 4.972302e-18
7188.860000 1.455775e-16 4.930821e-18
7191.860000 1.493399e-16 4.966465e-18
7194.860000 1.461056e-16 4.958413e-18
7197.860000 1.430945e-16 4.970808e-18
7200.860000 1.483408e-16 5.079756e-18
7203.860000 1.548408e-16 5.192066e-18
7206.860000 1.610562e-16 5.282391e-18
7209.860000 1.578715e-16 5.322376e-18
7212.860000 1.515105e-16 5.370009e-18
7215.860000 1.458118e-16 5.441007e-18
7218.860000 1.521784e-16 5.614714e-18
7221.860000 1.542615e-16 5.763860e-18
7224.860000 1.533922e-16 5.874353e-18
7227.860000 1.548946e-16 6.050462e-18
7230.860000 1.511927e-16 6.121070e-18
7233.860000 1.472338e-16 6.218761e-18
7236.860000 1.405739e-16 6.347757e-18
7239.860000 1.362221e-16 6.495754e-18
7242.860000 1.417100e-16 6.824000e-18
7245.860000 1.488071e-16 7.286600e-18
7248.860000 1.500029e-16 7.452617e-18
7251.860000 1.566347e-16 7.314895e-18
7254.860000 1.402408e-16 6.892455e-18
7257.860000 1.357131e-16 6.501414e-18
7260.860000 1.378575e-16 6.277230e-18
7263.860000 1.357473e-16 6.032754e-18
7266.860000 1.443771e-16 5.900078e-18
7269.860000 1.486581e-16 5.776509e-18
7272.860000 1.499434e-16 5.695314e-18
7275.860000 1.494232e-16 5.639757e-18
7278.860000 1.529705e-16 5.714312e-18
7281.860000 1.568961e-16 5.851488e-18
7284.860000 1.510179e-16 5.822941e-18
7287.860000 1.414330e-16 5.590329e-18
7290.860000 1.380417e-16 5.386666e-18
7293.860000 1.391664e-16 5.216249e-18
7296.860000 1.403901e-16 5.067883e-18
7299.860000 1.427446e-16 5.000610e-18
7302.860000 1.449743e-16 4.977157e-18
7305.860000 1.460499e-16 4.975933e-18
7308.860000 1.456359e-16 4.989822e-18
7311.860000 1.432533e-16 4.975970e-18
7314.860000 1.433708e-16 4.973895e-18
7317.860000 1.505428e-16 5.111491e-18
7320.860000 1.589054e-16 5.355516e-18
7323.860000 1.574378e-16 5.456531e-18
7326.860000 1.406952e-16 5.313646e-18
7329.860000 1.314770e-16 5.194895e-18
7332.860000 1.396726e-16 5.322890e-18
7335.860000 1.521280e-16 5.499470e-18
7338.860000 1.553271e-16 5.607439e-18
7341.860000 1.554281e-16 5.769118e-18
7344.860000 1.544622e-16 6.038987e-18
7347.860000 1.492351e-16 6.173761e-18
7350.860000 1.424580e-16 6.194141e-18
7353.860000 1.425988e-16 6.123116e-18
7356.860000 1.424982e-16 6.170230e-18
7359.860000 1.476122e-16 6.312894e-18
7362.860000 1.403963e-16 6.409761e-18
7365.860000 1.398509e-16 6.608431e-18
7368.860000 1.465337e-16 6.871364e-18
7371.860000 1.476946e-16 7.029296e-18
7374.860000 1.489049e-16 7.162343e-18
7377.860000 1.456402e-16 6.991328e-18
7380.860000 1.349997e-16 6.610641e-18
7383.860000 1.326959e-16 6.290233e-18
7386.860000 1.427309e-16 6.118073e-18
7389.860000 1.430922e-16 5.988142e-18
7392.860000 1.365500e-16 5.824247e-18
7395.860000 1.404333e-16 5.731039e-18
7398.860000 1.429939e-16 5.712350e-18
7401.860000 1.429948e-16 5.610322e-18
7404.860000 1.467472e-16 5.604004e-18
7407.860000 1.434279e-16 5.530745e-18
7410.860000 1.425842e-16 5.424860e-18
7413.860000 1.419090e-16 5.278590e-18
7416.860000 1.406977e-16 5.115375e-18
7419.860000 1.390047e-16 5.016955e-18
7422.860000 1.395727e-16 4.973735e-18
7425.860000 1.351783e-16 4.877583e-18
7428.860000 1.364908e-16 4.827674e-18
7431.860000 1.417350e-16 4.856313e-18
7434.860000 1.447117e-16 4.891244e-18
7437.860000 1.430555e-16 4.894312e-18
7440.860000 1.409922e-16 4.923471e-18
7443.860000 1.399178e-16 4.958932e-18
7446.860000 1.396282e-16 4.967021e-18
7449.860000 1.382082e-16 4.966578e-18
7452.860000 1.386459e-16 5.002037e-18
7455.860000 1.421247e-16 5.078434e-18
7458.860000 1.412184e-16 5.143790e-18
7461.860000 1.402530e-16 5.259293e-18
7464.860000 1.329358e-16 5.306639e-18
7467.860000 1.343127e-16 5.454008e-18
7470.860000 1.432919e-16 5.662426e-18
7473.860000 1.435888e-16 5.782363e-18
7476.860000 1.333195e-16 5.866801e-18
7479.860000 1.273508e-16 5.952159e-18
7482.860000 1.260323e-16 6.093388e-18
7485.860000 1.401269e-16 6.327488e-18
7488.860000 1.410475e-16 6.445184e-18
7491.860000 1.305618e-16 6.527264e-18
7494.860000 1.312701e-16 6.643861e-18
7497.860000 1.299173e-16 6.716481e-18
7500.860000 1.357674e-16 6.665762e-18
7503.860000 1.303810e-16 6.432838e-18
7506.860000 1.345846e-16 6.290798e-18
7509.860000 1.412844e-16 6.240071e-18
7512.860000 1.423935e-16 6.078622e-18
7515.860000 1.434582e-16 5.918817e-18
7518.860000 1.386736e-16 5.770253e-18
7521.860000 1.332727e-16 5.619970e-18
7524.860000 1.348618e-16 5.601282e-18
7527.860000 1.449663e-16 5.730906e-18
7530.860000 1.421520e-16 5.736781e-18
7533.860000 1.256226e-16 5.539157e-18
7536.860000 1.235609e-16 5.336230e-18
7539.860000 1.326257e-16 5.214295e-18
7542.860000 1.302646e-16 5.080894e-18
7545.860000 1.275399e-16 4.927302e-18
7548.860000 1.337784e-16 4.866085e-18
7551.860000 1.335442e-16 4.810048e-18
7554.860000 1.312646e-16 4.771480e-18
7557.860000 1.356885e-16 4.794367e-18
7560.860000 1.401469e-16 4.842006e-18
7563.860000 1.385662e-16 4.865887e-18
7566.860000 1.346697e-16 4.854846e-18
7569.860000 1.378289e-16 4.890417e-18
7572.860000 1.379307e-16 4.988874e-18
7575.860000 1.367737e-16 5.162655e-18
7578.860000 1.383471e-16 5.303811e-18
7581.860000 1.305678e-16 5.267926e-18
7584.860000 1.240174e-16 5.226880e-18
7587.860000 1.349234e-16 5.355592e-18
7590.860000 1.354237e-16 5.486418e-18
7593.860000 1.382826e-16 5.772054e-18
7596.860000 1.478659e-16 6.350517e-18
7599.860000 1.341046e-16 7.076241e-18
7602.860000 1.254904e-16 8.215405e-18
7605.860000 1.320501e-16 9.795773e-18
7608.860000 1.099228e-16 1.051582e-17
7611.860000 1.161939e-16 1.072759e-17
7614.860000 1.177031e-16 1.010353e-17
7617.860000 1.146978e-16 9.106246e-18
7620.860000 1.224912e-16 8.478882e-18
7623.860000 1.381359e-16 8.442133e-18
7626.860000 1.413861e-16 8.286668e-18
7629.860000 1.343595e-16 8.449219e-18
7632.860000 1.114952e-16 8.307774e-18
7635.860000 1.125844e-16 8.394606e-18
7638.860000 1.116099e-16 8.006418e-18
7641.860000 1.182497e-16 7.657002e-18
7644.860000 1.180035e-16 7.239438e-18
7647.860000 1.265245e-16 6.944661e-18
7650.860000 1.322119e-16 6.687966e-18
7653.860000 1.282326e-16 6.298642e-18
7656.860000 1.432795e-16 6.199972e-18
7659.860000 1.376755e-16 5.940783e-18
7662.860000 1.310321e-16 5.664657e-18
7665.860000 1.314566e-16 5.483264e-18
7668.860000 1.288778e-16 5.350746e-18
7671.860000 1.304335e-16 5.237264e-18
7674.860000 1.301829e-16 5.113073e-18
7677.860000 1.257329e-16 4.983194e-18
7680.860000 1.291141e-16 4.925155e-18
7683.860000 1.293691e-16 4.874857e-18
7686.860000 1.308616e-16 4.897732e-18
7689.860000 1.351729e-16 4.950168e-18
7692.860000 1.371630e-16 4.995939e-18
7695.860000 1.334267e-16 4.995349e-18
7698.860000 1.354885e-16 5.039826e-18
7701.860000 1.412199e-16 5.130726e-18
7704.860000 1.362268e-16 5.154205e-18
7707.860000 1.281899e-16 5.160919e-18
7710.860000 1.271237e-16 5.235915e-18
7713.860000 1.350332e-16 5.503354e-18
7716.860000 1.478233e-16 5.917432e-18
7719.860000 1.450338e-16 6.274742e-18
7722.860000 1.441214e-16 6.436137e-18
7725.860000 1.407663e-16 6.370335e-18
7728.860000 1.311477e-16 6.233101e-18
7731.860000 1.242833e-16 6.155973e-18
7734.860000 1.182170e-16 6.185841e-18
7737.860000 1.200874e-16 6.273722e-18
7740.860000 1.271271e-16 6.429487e-18
7743.860000 1.315783e-16 6.624889e-18
7746.860000 1.418989e-16 6.836635e-18
7749.860000 1.393529e-16 6.937928e-18
7752.860000 1.439900e-16 7.153792e-18
7755.860000 1.491215e-16 7.428947e-18
7758.860000 1.447860e-16 7.347569e-18
7761.860000 1.251616e-16 6.822397e-18
7764.860000 1.199903e-16 6.387926e-18
7767.860000 1.258177e-16 6.183262e-18
7770.860000 1.249527e-16 5.969425e-18
7773.860000 1.250514e-16 5.750187e-18
7776.860000 1.318851e-16 5.758826e-18
7779.860000 1.330354e-16 5.711707e-18
7782.860000 1.420931e-16 5.734668e-18
7785.860000 1.410147e-16 5.677294e-18
7788.860000 1.248475e-16 5.392411e-18
7791.860000 1.233590e-16 5.233267e-18
7794.860000 1.324450e-16 5.286778e-18
7797.860000 1.383856e-16 5.433656e-18
7800.860000 1.375571e-16 5.536096e-18
7803.860000 1.273191e-16 5.361680e-18
7806.860000 1.267532e-16 5.175640e-18
7809.860000 1.342004e-16 5.132335e-18
7812.860000 1.343481e-16 5.130344e-18
7815.860000 1.262217e-16 5.123126e-18
7818.860000 1.257198e-16 5.145392e-18
7821.860000 1.376958e-16 5.300865e-18
7824.860000 1.409374e-16 5.486274e-18
7827.860000 1.369518e-16 5.669441e-18
7830.860000 1.288213e-16 5.612182e-18
7833.860000 1.185899e-16 5.417867e-18
7836.860000 1.127630e-16 5.245341e-18
7839.860000 1.173491e-16 5.293794e-18
7842.860000 1.254355e-16 5.499968e-18
7845.860000 1.277954e-16 5.715931e-18
7848.860000 1.405239e-16 5.878094e-18
7851.860000 1.419168e-16 6.033121e-18
7854.860000 1.435707e-16 6.324916e-18
7857.860000 1.410139e-16 6.744288e-18
7860.860000 1.419592e-16 7.073356e-18
7863.860000 1.416524e-16 7.198290e-18
7866.860000 1.285160e-16 7.044585e-18
7869.860000 1.248516e-16 7.071521e-18
7872.860000 1.308008e-16 7.222067e-18
7875.860000 1.375667e-16 7.445935e-18
7878.860000 1.278556e-16 7.234673e-18
7881.860000 1.254102e-16 6.919446e-18
7884.860000 1.248910e-16 6.707524e-18
7887.860000 1.325585e-16 6.641083e-18
7890.860000 1.371658e-16 6.576009e-18
7893.860000 1.303918e-16 6.417649e-18
7896.860000 1.238311e-16 6.340819e-18
7899.860000 1.152266e-16 6.118689e-18
7902.860000 1.191313e-16 5.869984e-18
7905.860000 1.252019e-16 5.694811e-18
7908.860000 1.234264e-16 5.615600e-18
7911.860000 1.211819e-16 5.534833e-18
7914.860000 1.284024e-16 5.580846e-18
7917.860000 1.433979e-16 5.965309e-18
7920.860000 1.498141e-16 6.218150e-18
7923.860000 1.388755e-16 6.086127e-18
7926.860000 1.249409e-16 5.730242e-18
7929.860000 1.251662e-16 5.424628e-18
7932.860000 1.310174e-16 5.278452e-18
7935.860000 1.316396e-16 5.204244e-18
7938.860000 1.256555e-16 5.145640e-18
7941.860000 1.187254e-16 5.054434e-18
7944.860000 1.222906e-16 5.017768e-18
7947.860000 1.310952e-16 5.072217e-18
7950.860000 1.334352e-16 5.174544e-18
7953.860000 1.355085e-16 5.333567e-18
7956.860000 1.330785e-16 5.408341e-18
7959.860000 1.311345e-16 5.423574e-18
7962.860000 1.331116e-16 5.544405e-18
7965.860000 1.350513e-16 5.835518e-18
7968.860000 1.484130e-16 6.304096e-18
7971.860000 1.410789e-16 6.502852e-18
7974.860000 1.315747e-16 6.392271e-18
7977.860000 1.158192e-16 6.087621e-18
7980.860000 1.306417e-16 6.251383e-18
7983.860000 1.296018e-16 6.407854e-18
7986.860000 1.356871e-16 6.711040e-18
7989.860000 1.242518e-16 6.711038e-18
7992.860000 1.174935e-16 6.738724e-18
7995.860000 1.301470e-16 7.247339e-18
7998.860000 1.542860e-16 7.991636e-18
8001.860000 1.397685e-16 7.988230e-18
8004.860000 1.195617e-16 7.328901e-18
8007.860000 1.317305e-16 6.899361e-18
8010.860000 1.385565e-16 6.648170e-18
8013.860000 1.399216e-16 6.487892e-18
8016.860000 1.353655e-16 6.357308e-18
8019.860000 1.380183e-16 6.320069e-18
8022.860000 1.394364e-16 6.256907e-18
8025.860000 1.378468e-16 6.156532e-18
8028.860000 1.331978e-16 6.035946e-18
8031.860000 1.369545e-16 6.147400e-18
8034.860000 1.322062e-16 6.055289e-18
8037.860000 1.192238e-16 5.664204e-18
8040.860000 1.230417e-16 5.434784e-18
8043.860000 1.211896e-16 5.259221e-18
8046.860000 1.209460e-16 5.197573e-18
8049.860000 1.279260e-16 5.160812e-18
8052.860000 1.315258e-16 5.189476e-18
8055.860000 1.265885e-16 5.178956e-18
8058.860000 1.252568e-16 5.156595e-18
8061.860000 1.271751e-16 5.182847e-18
8064.860000 1.232951e-16 5.201956e-18
8067.860000 1.259094e-16 5.239113e-18
8070.860000 1.228152e-16 5.225725e-18
8073.860000 1.210488e-16 5.196038e-18
8076.860000 1.184887e-16 5.153412e-18
8079.860000 1.143753e-16 5.134146e-18
8082.860000 1.223041e-16 5.266763e-18
8085.860000 1.343853e-16 5.437647e-18
8088.860000 1.296154e-16 5.480569e-18
8091.860000 1.267495e-16 5.543142e-18
8094.860000 1.341500e-16 5.679368e-18
8097.860000 1.263721e-16 5.746712e-18
8100.860000 1.190189e-16 5.841078e-18
8103.860000 1.225579e-16 6.023230e-18
8106.860000 1.235131e-16 6.190777e-18
8109.860000 1.267692e-16 6.370612e-18
8112.860000 1.199334e-16 6.464689e-18
8115.860000 1.304415e-16 6.738967e-18
8118.860000 1.181504e-16 6.727412e-18
8121.860000 1.100303e-16 6.764386e-18
8124.860000 1.192326e-16 7.108511e-18
8127.860000 1.285180e-16 7.214552e-18
8130.860000 1.193682e-16 6.854568e-18
8133.860000 1.227690e-16 6.713949e-18
8136.860000 1.185371e-16 6.540919e-18
8139.860000 1.257494e-16 6.491600e-18
8142.860000 1.306791e-16 6.377365e-18
8145.860000 1.262707e-16 6.206094e-18
8148.860000 1.216057e-16 6.016782e-18
8151.860000 1.174920e-16 5.864287e-18
8154.860000 1.095046e-16 5.678491e-18
8157.860000 1.156088e-16 5.581192e-18
8160.860000 1.163216e-16 5.485803e-18
8163.860000 1.153769e-16 5.385485e-18
8166.860000 1.176100e-16 5.256001e-18
8169.860000 1.227636e-16 5.272946e-18
8172.860000 1.213852e-16 5.204832e-18
8175.860000 1.196290e-16 5.163632e-18
8178.860000 1.162252e-16 5.106397e-18
8181.860000 1.183729e-16 5.074446e-18
8184.860000 1.213253e-16 5.080096e-18
8187.860000 1.216231e-16 5.083019e-18
8190.860000 1.204570e-16 5.086638e-18
8193.860000 1.197604e-16 5.096437e-18
8196.860000 1.157116e-16 5.092234e-18
8199.860000 1.176670e-16 5.129676e-18
8202.860000 1.239796e-16 5.229428e-18
8205.860000 1.211233e-16 5.228243e-18
8208.860000 1.196461e-16 5.325277e-18
8211.860000 1.206269e-16 5.393460e-18
8214.860000 1.217825e-16 5.510694e-18
8217.860000 1.236277e-16 5.657385e-18
8220.860000 1.164315e-16 5.670492e-18
8223.860000 1.184567e-16 5.815739e-18
8226.860000 1.221373e-16 5.950941e-18
8229.860000 1.165037e-16 6.001629e-18
8232.860000 1.054981e-16 5.905247e-18
8235.860000 1.085546e-16 6.138269e-18
8238.860000 1.135772e-16 6.354458e-18
8241.860000 1.173258e-16 6.519005e-18
8244.860000 1.231483e-16 6.711202e-18
8247.860000 1.249476e-16 6.946814e-18
8250.860000 1.258071e-16 7.133331e-18
8253.860000 1.282838e-16 7.134105e-18
8256.860000 1.275104e-16 6.938626e-18
8259.860000 1.123061e-16 6.596040e-18
8262.860000 1.137786e-16 6.455959e-18
8265.860000 1.153852e-16 6.320334e-18
8268.860000 1.180164e-16 6.248598e-18
8271.860000 1.161781e-16 6.092142e-18
8274.860000 1.257102e-16 6.068049e-18
8277.860000 1.244540e-16 5.948473e-18
8280.860000 1.217931e-16 5.882311e-18
8283.860000 1.261703e-16 5.936103e-18
8286.860000 1.355099e-16 6.133283e-18
8289.860000 1.316565e-16 6.153909e-18
8292.860000 1.312511e-16 6.205343e-18
8295.860000 1.187137e-16 6.078400e-18
8298.860000 1.067719e-16 5.839895e-18
8301.860000 1.162316e-16 5.847522e-18
8304.860000 1.187536e-16 5.945242e-18
8307.860000 1.016690e-16 5.735068e-18
8310.860000 1.017084e-16 5.489383e-18
8313.860000 1.169002e-16 5.438708e-18
8316.860000 1.190807e-16 5.395510e-18
8319.860000 1.107623e-16 5.306237e-18
8322.860000 1.062761e-16 5.249738e-18
8325.860000 1.098360e-16 5.248442e-18
8328.860000 1.141674e-16 5.276329e-18
8331.860000 1.186555e-16 5.360389e-18
8334.860000 1.240346e-16 5.433284e-18
8337.860000 1.243138e-16 5.581415e-18
8340.860000 1.149902e-16 5.651892e-18
8343.860000 1.158792e-16 6.033160e-18
8346.860000 1.329768e-16 6.907464e-18
8349.860000 1.474177e-16 7.889808e-18
8352.860000 1.435276e-16 8.062553e-18
8355.860000 1.148108e-16 7.555613e-18
8358.860000 1.116664e-16 7.330026e-18
8361.860000 1.123313e-16 7.134125e-18
8364.860000 1.075624e-16 6.929657e-18
8367.860000 1.198864e-16 7.024526e-18
8370.860000 1.231183e-16 7.244000e-18
8373.860000 1.195808e-16 7.294699e-18
8376.860000 1.115790e-16 7.213340e-18
8379.860000 1.146058e-16 7.150795e-18
8382.860000 1.198101e-16 7.038885e-18
8385.860000 1.223252e-16 7.053665e-18
8388.860000 1.363089e-16 7.214835e-18
8391.860000 1.210176e-16 6.949056e-18
8394.860000 1.081811e-16 6.496485e-18
8397.860000 1.151724e-16 6.339008e-18
8400.860000 1.361053e-16 6.649550e-18
8403.860000 1.391565e-16 7.130157e-18
8406.860000 1.292035e-16 7.277787e-18
8409.860000 1.141532e-16 6.738632e-18
8412.860000 1.145452e-16 6.085254e-18
8415.860000 1.196213e-16 5.807288e-18
8418.860000 1.178786e-16 5.755832e-18
8421.860000 1.119775e-16 5.716475e-18
8424.860000 1.128765e-16 5.656912e-18
8427.860000 1.166761e-16 5.590641e-18
8430.860000 1.330902e-16 5.803573e-18
8433.860000 1.463441e-16 6.313889e-18
8436.860000 1.427683e-16 6.627220e-18
8439.860000 1.301440e-16 6.400455e-18
8442.860000 1.140476e-16 5.791877e-18
8445.860000 1.044866e-16 5.365390e-18
8448.860000 1.128476e-16 5.323400e-18
8451.860000 1.220164e-16 5.450080e-18
8454.860000 1.248736e-16 5.629528e-18
8457.860000 1.238685e-16 5.762616e-18
8460.860000 1.222723e-16 5.826048e-18
8463.860000 1.210456e-16 5.826845e-18
8466.860000 1.342428e-16 6.158129e-18
8469.860000 1.451308e-16 6.653925e-18
8472.860000 1.258296e-16 6.753985e-18
8475.860000 1.100423e-16 6.519863e-18
8478.860000 1.078095e-16 6.308803e-18
8481.860000 1.146878e-16 6.389781e-18
8484.860000 1.198981e-16 6.465964e-18
8487.860000 1.145269e-16 6.479541e-18
8490.860000 1.277596e-16 6.711822e-18
8493.860000 1.240295e-16 6.872109e-18
8496.860000 1.253621e-16 7.214194e-18
8499.860000 1.276921e-16 7.530694e-18
8502.860000 1.303092e-16 7.636722e-18
8505.860000 1.193390e-16 7.416353e-18
8508.860000 1.194479e-16 7.306322e-18
8511.860000 1.161614e-16 7.248634e-18
8514.860000 1.161562e-16 6.930464e-18
8517.860000 1.165932e-16 6.607049e-18
8520.860000 1.160113e-16 6.370135e-18
8523.860000 1.266492e-16 6.352888e-18
8526.860000 1.286301e-16 6.175106e-18
8529.860000 1.205809e-16 5.905335e-18
8532.860000 1.124995e-16 5.746171e-18
8535.860000 1.133894e-16 5.620341e-18
8538.860000 1.144043e-16 5.570449e-18
8541.860000 1.151214e-16 5.562230e-18
8544.860000 1.183884e-16 5.585758e-18
8547.860000 1.208524e-16 5.559384e-18
8550.860000 1.207763e-16 5.497167e-18
8553.860000 1.182515e-16 5.401168e-18
8556.860000 1.118804e-16 5.332099e-18
8559.860000 1.000849e-16 5.187757e-18
8562.860000 1.046779e-16 5.132901e-18
8565.860000 1.234229e-16 5.237989e-18
8568.860000 1.334922e-16 5.301191e-18
8571.860000 1.240589e-16 5.195391e-18
8574.860000 1.107315e-16 5.127912e-18
8577.860000 1.106041e-16 5.175564e-18
8580.860000 1.104503e-16 5.205851e-18
8583.860000 1.054543e-16 5.222715e-18
8586.860000 1.102370e-16 5.357016e-18
8589.860000 1.168056e-16 5.546487e-18
8592.860000 1.219387e-16 5.685911e-18
8595.860000 1.241702e-16 5.835959e-18
8598.860000 1.165786e-16 5.856447e-18
8601.860000 1.197676e-16 6.052749e-18
8604.860000 1.189893e-16 6.131390e-18
8607.860000 1.144141e-16 6.227165e-18
8610.860000 1.093975e-16 6.314656e-18
8613.860000 1.166218e-16 6.572860e-18
8616.860000 1.189044e-16 6.806426e-18
8619.860000 1.177892e-16 7.021262e-18
8622.860000 1.283871e-16 7.382774e-18
8625.860000 1.365540e-16 7.816761e-18
8628.860000 1.360665e-16 7.872378e-18
8631.860000 1.243151e-16 7.767502e-18
8634.860000 1.266726e-16 7.714529e-18
8637.860000 1.256292e-16 7.529694e-18
8640.860000 1.121972e-16 7.192049e-18
8643.860000 1.137808e-16 6.930605e-18
8646.860000 1.193578e-16 6.628583e-18
8649.860000 1.219276e-16 6.430587e-18
8652.860000 1.194828e-16 6.272126e-18
8655.860000 1.163477e-16 6.259797e-18
8658.860000 1.118620e-16 6.227683e-18
8661.860000 1.046609e-16 6.141777e-18
8664.860000 1.072179e-16 6.068978e-18
8667.860000 1.039728e-16 5.935823e-18
8670.860000 9.961455e-17 5.807146e-18
8673.860000 1.016326e-16 5.723060e-18
8676.860000 1.065759e-16 5.637290e-18
8679.860000 1.037750e-16 5.544155e-18
8682.860000 1.042931e-16 5.446533e-18
8685.860000 1.144867e-16 5.412828e-18
8688.860000 1.170853e-16 5.393074e-18
8691.860000 1.119611e-16 5.327244e-18
8694.860000 1.143656e-16 5.327929e-18
8697.860000 1.181312e-16 5.363728e-18
8700.860000 1.145063e-16 5.363470e-18
8703.860000 1.100893e-16 5.326059e-18
8706.860000 1.099946e-16 5.322251e-18
8709.860000 1.123548e-16 5.422065e-18
8712.860000 1.166345e-16 5.511266e-18
8715.860000 1.199562e-16 5.631528e-18
8718.860000 1.174565e-16 5.702448e-18
8721.860000 1.133673e-16 5.757838e-18
8724.860000 1.187353e-16 5.878467e-18
8727.860000 1.210971e-16 5.985889e-18
8730.860000 1.138982e-16 5.977235e-18
8733.860000 1.128675e-16 6.187824e-18
8736.860000 1.120097e-16 6.355453e-18
8739.860000 1.157973e-16 6.500027e-18
8742.860000 1.149325e-16 6.655850e-18
8745.860000 1.117835e-16 6.815583e-18
8748.860000 1.110753e-16 6.876061e-18
8751.860000 1.058998e-16 6.947260e-18
8754.860000 1.044628e-16 7.077385e-18
8757.860000 1.047767e-16 7.020153e-18
8760.860000 1.166222e-16 7.123568e-18
8763.860000 1.356714e-16 7.479346e-18
8766.860000 1.311487e-16 7.741997e-18
8769.860000 1.188178e-16 7.795224e-18
8772.860000 1.227335e-16 7.851143e-18
8775.860000 1.158466e-16 7.657377e-18
8778.860000 1.192731e-16 7.213415e-18
8781.860000 1.318486e-16 7.188485e-18
8784.860000 1.270141e-16 7.283007e-18
8787.860000 1.100990e-16 6.838436e-18
8790.860000 1.059462e-16 6.207856e-18
8793.860000 1.199057e-16 5.909719e-18
8796.860000 1.237423e-16 5.868702e-18
8799.860000 1.170849e-16 5.740522e-18
8802.860000 1.072233e-16 5.470871e-18
8805.860000 1.054045e-16 5.294236e-18
8808.860000 1.052017e-16 5.202848e-18
8811.860000 1.027187e-16 5.145898e-18
8814.860000 1.047929e-16 5.118643e-18
8817.860000 1.104370e-16 5.131207e-18
8820.860000 1.131304e-16 5.197732e-18
8823.860000 1.154356e-16 5.369433e-18
8826.860000 1.262742e-16 5.910691e-18
8829.860000 1.405694e-16 7.014301e-18
8832.860000 1.493563e-16 7.881207e-18
8835.860000 1.170175e-16 7.704445e-18
8838.860000 8.974102e-17 7.107490e-18
8841.860000 9.647666e-17 6.810735e-18
8844.860000 1.059401e-16 6.662466e-18
8847.860000 8.951333e-17 6.248989e-18
8850.860000 8.936104e-17 6.164481e-18
8853.860000 9.663777e-17 6.337870e-18
8856.860000 1.085489e-16 6.552072e-18
8859.860000 1.133048e-16 6.566320e-18
8862.860000 1.039710e-16 6.424862e-18
8865.860000 1.042424e-16 6.523832e-18
8868.860000 1.053604e-16 6.898131e-18
8871.860000 1.122046e-16 7.518439e-18
8874.860000 1.262726e-16 8.076853e-18
8877.860000 1.038024e-16 7.842112e-18
8880.860000 1.107621e-16 7.520830e-18
8883.860000 1.135014e-16 7.244263e-18
8886.860000 1.269993e-16 7.482199e-18
8889.860000 1.238678e-16 8.269638e-18
8892.860000 1.235868e-16 8.873264e-18
8895.860000 1.029750e-16 8.310240e-18
8898.860000 9.934921e-17 7.190055e-18
8901.860000 1.086985e-16 6.569820e-18
8904.860000 1.157767e-16 6.428983e-18
8907.860000 1.102894e-16 6.495271e-18
8910.860000 1.034865e-16 6.496857e-18
8913.860000 9.195158e-17 6.210024e-18
8916.860000 9.310605e-17 5.904907e-18
8919.860000 1.139056e-16 6.092550e-18
8922.860000 1.320737e-16 6.732545e-18
8925.860000 1.287759e-16 7.267593e-18
8928.860000 1.126609e-16 7.127040e-18
8931.860000 1.010273e-16 6.388174e-18
8934.860000 9.593109e-17 5.779756e-18
8937.860000 1.067875e-16 5.591069e-18
8940.860000 1.162348e-16 5.527316e-18
8943.860000 1.162992e-16 5.560380e-18
8946.860000 1.140090e-16 5.736638e-18
8949.860000 1.101124e-16 5.886506e-18
8952.860000 1.032542e-16 5.784537e-18
8955.860000 1.004430e-16 5.671529e-18
8958.860000 1.153070e-16 5.986548e-18
8961.860000 1.349119e-16 6.674022e-18
8964.860000 1.261561e-16 7.037723e-18
8967.860000 9.960403e-17 6.713716e-18
8970.860000 8.911511e-17 6.200930e-18
8973.860000 9.430067e-17 5.954692e-18
8976.860000 9.746554e-17 5.952216e-18
8979.860000 1.016717e-16 6.113863e-18
8982.860000 1.078066e-16 6.333603e-18
8985.860000 1.065114e-16 6.447972e-18
8988.860000 1.051486e-16 6.627181e-18
8991.860000 1.008048e-16 6.866009e-18
8994.860000 9.495015e-17 7.103495e-18
8997.860000 8.662986e-17 7.178362e-18
9000.860000 8.295485e-17 7.322463e-18
9003.860000 9.912692e-17 7.856913e-18
9006.860000 1.110959e-16 8.249326e-18
9009.860000 8.939439e-17 7.910466e-18
9012.860000 8.225304e-17 7.328707e-18
9015.860000 8.530372e-17 6.868833e-18
9018.860000 9.313592e-17 6.678480e-18
9021.860000 9.581192e-17 6.494581e-18
9024.860000 9.178468e-17 6.289565e-18
9027.860000 8.292006e-17 6.033041e-18
9030.860000 9.303406e-17 5.995901e-18
9033.860000 1.078860e-16 6.078659e-18
9036.860000 1.085510e-16 6.088011e-18
9039.860000 1.068242e-16 6.041588e-18
9042.860000 1.066849e-16 6.027057e-18
9045.860000 1.013064e-16 5.970508e-18
9048.860000 9.478595e-17 5.828933e-18
9051.860000 9.166052e-17 5.724720e-18
9054.860000 8.351071e-17 5.637050e-18
9057.860000 7.746566e-17 5.561525e-18
9060.860000 8.999132e-17 5.571806e-18
9063.860000 1.011004e-16 5.571736e-18
9066.860000 9.583541e-17 5.494548e-18
9069.860000 8.717157e-17 5.413692e-18
9072.860000 9.156556e-17 5.423386e-18
9075.860000 9.255497e-17 5.406935e-18
9078.860000 8.476779e-17 5.374038e-18
9081.860000 8.707129e-17 5.449549e-18
9084.860000 9.905880e-17 5.641245e-18
9087.860000 1.016595e-16 5.806981e-18
9090.860000 1.013233e-16 5.898902e-18
9093.860000 9.695283e-17 5.954145e-18
9096.860000 9.623133e-17 6.082517e-18
9099.860000 9.831977e-17 6.239976e-18
