# TELESCOPE = UH88
# INSTRUMENT = SNIFS
# OBJECT = 23lli
# CHANNEL = B+R
# EXPNUM = 23_179_081_003
# MJD-OBS = 60123.540295
# DATE-OBS = 2023-06-28T12:58:03
# EXPTIME = 2400.0s
# AIRMASS = 1.19
# FLUXCAL_RMS_B = 0.034 mag
# FLUXCAL_RMS_R = 0.035 mag
# RA = 22:57:39.47
# DEC = 40:32:40.70
# wl fl err
# [A] [erg/s/cm2/A]
3400.480000 2.641188e-16 3.148837e-17
3403.480000 2.629331e-16 3.262920e-17
3406.480000 2.932267e-16 3.026113e-17
3409.480000 2.833167e-16 2.849609e-17
3412.480000 2.684802e-16 3.174849e-17
3415.480000 2.739183e-16 3.259600e-17
3418.480000 2.920178e-16 2.902377e-17
3421.480000 2.684426e-16 2.795398e-17
3424.480000 2.724405e-16 3.124368e-17
3427.480000 3.111389e-16 3.160712e-17
3430.480000 2.884829e-16 2.742892e-17
3433.480000 2.515475e-16 2.708074e-17
3436.480000 2.530064e-16 3.041814e-17
3439.480000 2.642585e-16 2.986212e-17
3442.480000 2.248597e-16 2.592585e-17
3445.480000 2.409445e-16 2.809560e-17
3448.480000 3.260599e-16 2.992495e-17
3451.480000 3.365279e-16 2.891570e-17
3454.480000 3.075698e-16 2.604168e-17
3457.480000 3.098088e-16 2.769484e-17
3460.480000 2.886966e-16 2.923080e-17
3463.480000 2.564902e-16 2.722117e-17
3466.480000 2.895128e-16 2.531640e-17
3469.480000 3.098862e-16 2.753998e-17
3472.480000 2.916108e-16 2.864474e-17
3475.480000 2.853169e-16 2.626560e-17
3478.480000 2.445935e-16 2.439491e-17
3481.480000 2.932743e-16 2.771371e-17
3484.480000 3.090195e-16 2.859239e-17
3487.480000 2.823488e-16 2.549967e-17
3490.480000 2.897430e-16 2.470212e-17
3493.480000 2.885713e-16 2.788738e-17
3496.480000 2.563722e-16 2.794995e-17
3499.480000 2.008095e-16 2.389378e-17
3502.480000 2.259457e-16 2.417431e-17
3505.480000 2.259999e-16 2.731349e-17
3508.480000 2.457942e-16 2.705019e-17
3511.480000 2.092808e-16 2.350887e-17
3514.480000 1.734465e-16 2.400591e-17
3517.480000 2.306951e-16 2.647638e-17
3520.480000 2.936274e-16 2.582682e-17
3523.480000 2.885940e-16 2.309898e-17
3526.480000 2.878962e-16 2.391629e-17
3529.480000 2.876982e-16 2.561766e-17
3532.480000 2.885542e-16 2.409928e-17
3535.480000 2.463058e-16 2.186761e-17
3538.480000 2.532598e-16 2.353065e-17
3541.480000 2.762363e-16 2.523001e-17
3544.480000 2.848363e-16 2.377414e-17
3547.480000 2.595288e-16 2.243007e-17
3550.480000 2.735366e-16 2.492072e-17
3553.480000 2.761266e-16 2.586190e-17
3556.480000 2.337317e-16 2.337915e-17
3559.480000 2.381840e-16 2.269638e-17
3562.480000 2.853548e-16 2.573185e-17
3565.480000 2.776091e-16 2.594629e-17
3568.480000 2.615699e-16 2.393688e-17
3571.480000 2.463676e-16 2.247463e-17
3574.480000 2.268847e-16 2.493526e-17
3577.480000 2.723619e-16 2.496156e-17
3580.480000 2.533825e-16 2.168924e-17
3583.480000 2.682701e-16 2.206304e-17
3586.480000 2.914044e-16 2.452146e-17
3589.480000 2.779974e-16 2.359064e-17
3592.480000 2.576590e-16 2.069395e-17
3595.480000 2.624939e-16 2.147753e-17
3598.480000 2.601463e-16 2.305931e-17
3601.480000 2.830158e-16 2.212062e-17
3604.480000 2.842260e-16 2.011411e-17
3607.480000 2.739489e-16 2.128993e-17
3610.480000 2.885188e-16 2.276589e-17
3613.480000 2.860943e-16 2.093077e-17
3616.480000 2.861237e-16 1.960398e-17
3619.480000 2.752375e-16 2.148745e-17
3622.480000 2.568697e-16 2.204610e-17
3625.480000 2.591456e-16 2.009729e-17
3628.480000 2.608133e-16 1.934220e-17
3631.480000 2.647046e-16 2.171044e-17
3634.480000 2.732074e-16 2.215804e-17
3637.480000 2.881180e-16 1.987442e-17
3640.480000 2.761196e-16 1.961459e-17
3643.480000 2.974024e-16 2.270870e-17
3646.480000 2.984660e-16 2.230991e-17
3649.480000 2.780509e-16 1.918661e-17
3652.480000 2.454686e-16 1.903780e-17
3655.480000 2.508460e-16 2.099811e-17
3658.480000 2.745747e-16 2.066573e-17
3661.480000 2.832778e-16 1.843509e-17
3664.480000 2.772236e-16 1.895906e-17
3667.480000 2.643296e-16 2.037083e-17
3670.480000 2.865501e-16 1.952004e-17
3673.480000 3.053181e-16 1.797233e-17
3676.480000 2.827801e-16 1.878075e-17
3679.480000 2.699084e-16 1.958274e-17
3682.480000 2.736836e-16 1.827495e-17
3685.480000 2.496899e-16 1.680687e-17
3688.480000 2.567359e-16 1.852332e-17
3691.480000 2.898162e-16 1.947915e-17
3694.480000 2.779236e-16 1.766047e-17
3697.480000 2.573327e-16 1.667209e-17
3700.480000 2.651068e-16 1.879088e-17
3703.480000 2.645619e-16 1.920433e-17
3706.480000 2.515223e-16 1.717760e-17
3709.480000 2.518217e-16 1.685202e-17
3712.480000 2.517625e-16 1.907713e-17
3715.480000 2.634627e-16 1.909230e-17
3718.480000 2.470867e-16 1.655702e-17
3721.480000 2.578917e-16 1.677693e-17
3724.480000 2.740298e-16 1.890639e-17
3727.480000 2.778810e-16 1.871839e-17
3730.480000 2.898225e-16 1.695997e-17
3733.480000 2.660034e-16 1.747066e-17
3736.480000 2.632559e-16 1.894401e-17
3739.480000 2.580966e-16 1.818687e-17
3742.480000 2.576321e-16 1.658272e-17
3745.480000 2.655709e-16 1.765118e-17
3748.480000 2.970469e-16 1.909876e-17
3751.480000 2.822144e-16 1.772859e-17
3754.480000 2.536471e-16 1.620339e-17
3757.480000 2.496714e-16 1.762930e-17
3760.480000 2.540382e-16 1.829095e-17
3763.480000 2.909908e-16 1.703725e-17
3766.480000 2.877622e-16 1.613022e-17
3769.480000 2.552973e-16 1.757248e-17
3772.480000 2.710373e-16 1.815588e-17
3775.480000 2.626241e-16 1.618700e-17
3778.480000 2.576922e-16 1.571993e-17
3781.480000 2.623330e-16 1.789890e-17
3784.480000 2.865473e-16 1.818115e-17
3787.480000 3.088355e-16 1.622151e-17
3790.480000 3.141730e-16 1.640778e-17
3793.480000 2.955979e-16 1.827269e-17
3796.480000 2.833120e-16 1.784274e-17
3799.480000 2.924503e-16 1.582519e-17
3802.480000 2.935483e-16 1.618927e-17
3805.480000 2.931194e-16 1.747511e-17
3808.480000 2.948358e-16 1.719316e-17
3811.480000 2.809787e-16 1.517345e-17
3814.480000 3.030222e-16 1.612693e-17
3817.480000 3.071471e-16 1.731787e-17
3820.480000 2.848953e-16 1.610143e-17
3823.480000 2.790030e-16 1.477828e-17
3826.480000 2.766768e-16 1.592634e-17
3829.480000 2.913169e-16 1.681696e-17
3832.480000 2.945699e-16 1.559963e-17
3835.480000 2.913130e-16 1.479696e-17
3838.480000 2.960738e-16 1.632974e-17
3841.480000 2.732099e-16 1.654757e-17
3844.480000 3.070833e-16 1.505385e-17
3847.480000 3.190433e-16 1.479071e-17
3850.480000 3.108812e-16 1.657678e-17
3853.480000 2.996298e-16 1.667623e-17
3856.480000 2.976867e-16 1.469314e-17
3859.480000 2.942511e-16 1.449974e-17
3862.480000 3.015481e-16 1.654365e-17
3865.480000 3.230191e-16 1.664465e-17
3868.480000 2.844792e-16 1.435112e-17
3871.480000 2.630368e-16 1.468085e-17
3874.480000 2.614084e-16 1.628758e-17
3877.480000 2.908569e-16 1.609415e-17
3880.480000 3.003416e-16 1.454220e-17
3883.480000 2.950137e-16 1.507186e-17
3886.480000 2.780733e-16 1.618900e-17
3889.480000 2.720910e-16 1.532230e-17
3892.480000 3.032088e-16 1.444799e-17
3895.480000 3.006411e-16 1.556491e-17
3898.480000 3.042143e-16 1.647954e-17
3901.480000 2.841957e-16 1.507869e-17
3904.480000 2.602761e-16 1.394858e-17
3907.480000 2.737045e-16 1.542584e-17
3910.480000 3.064420e-16 1.623269e-17
3913.480000 3.172271e-16 1.487078e-17
3916.480000 3.205891e-16 1.435685e-17
3919.480000 3.235681e-16 1.610436e-17
3922.480000 3.186465e-16 1.611668e-17
3925.480000 3.190250e-16 1.425640e-17
3928.480000 2.972034e-16 1.389234e-17
3931.480000 2.711779e-16 1.544969e-17
3934.480000 2.573782e-16 1.518155e-17
3937.480000 2.723331e-16 1.343876e-17
3940.480000 2.796992e-16 1.386292e-17
3943.480000 2.893340e-16 1.563372e-17
3946.480000 3.275768e-16 1.565153e-17
3949.480000 3.365984e-16 1.415610e-17
3952.480000 3.051019e-16 1.441460e-17
3955.480000 3.075562e-16 1.576811e-17
3958.480000 3.283952e-16 1.519850e-17
3961.480000 3.196199e-16 1.381710e-17
3964.480000 3.037541e-16 1.456962e-17
3967.480000 2.944006e-16 1.564951e-17
3970.480000 2.732294e-16 1.438197e-17
3973.480000 2.385033e-16 1.317132e-17
3976.480000 2.276959e-16 1.452859e-17
3979.480000 2.883859e-16 1.517377e-17
3982.480000 2.946104e-16 1.397252e-17
3985.480000 3.069474e-16 1.357246e-17
3988.480000 3.219210e-16 1.545554e-17
3991.480000 3.362141e-16 1.584725e-17
3994.480000 3.280298e-16 1.421738e-17
3997.480000 3.331987e-16 1.427597e-17
4000.480000 3.386228e-16 1.657105e-17
4003.480000 3.398221e-16 1.676331e-17
4006.480000 3.423338e-16 1.488591e-17
4009.480000 3.288133e-16 1.509831e-17
4012.480000 3.484224e-16 1.706760e-17
4015.480000 3.459632e-16 1.652344e-17
4018.480000 3.200060e-16 1.437309e-17
4021.480000 3.067840e-16 1.456982e-17
4024.480000 3.040564e-16 1.553219e-17
4027.480000 2.951784e-16 1.468545e-17
4030.480000 2.752147e-16 1.299890e-17
4033.480000 3.014049e-16 1.383977e-17
4036.480000 3.134860e-16 1.472138e-17
4039.480000 3.053086e-16 1.372549e-17
4042.480000 3.042816e-16 1.274975e-17
4045.480000 3.110057e-16 1.397000e-17
4048.480000 3.232281e-16 1.460086e-17
4051.480000 3.446790e-16 1.356722e-17
4054.480000 3.494410e-16 1.295751e-17
4057.480000 3.500679e-16 1.440309e-17
4060.480000 3.350939e-16 1.456260e-17
4063.480000 3.230756e-16 1.298394e-17
4066.480000 3.165242e-16 1.272070e-17
4069.480000 3.229665e-16 1.457535e-17
4072.480000 2.702178e-16 1.414985e-17
4075.480000 2.433920e-16 1.193829e-17
4078.480000 2.541416e-16 1.224429e-17
4081.480000 2.898608e-16 1.405934e-17
4084.480000 3.181321e-16 1.409415e-17
4087.480000 3.277470e-16 1.266252e-17
4090.480000 3.256986e-16 1.309337e-17
4093.480000 3.315363e-16 1.447988e-17
4096.480000 3.305623e-16 1.398038e-17
4099.480000 3.408473e-16 1.282397e-17
4102.480000 3.215153e-16 1.356297e-17
4105.480000 3.051394e-16 1.441705e-17
4108.480000 2.769442e-16 1.341800e-17
4111.480000 2.414171e-16 1.224799e-17
4114.480000 2.305486e-16 1.321888e-17
4117.480000 2.317138e-16 1.393117e-17
4120.480000 2.712079e-16 1.324402e-17
4123.480000 2.938783e-16 1.298783e-17
4126.480000 3.284008e-16 1.445658e-17
4129.480000 3.462360e-16 1.477657e-17
4132.480000 3.310001e-16 1.307013e-17
4135.480000 3.399192e-16 1.278283e-17
4138.480000 3.540224e-16 1.458278e-17
4141.480000 3.491551e-16 1.453500e-17
4144.480000 3.665773e-16 1.280891e-17
4147.480000 3.779929e-16 1.286921e-17
4150.480000 3.623513e-16 1.453355e-17
4153.480000 3.664521e-16 1.443940e-17
4156.480000 3.697586e-16 1.275706e-17
4159.480000 3.616381e-16 1.309447e-17
4162.480000 3.921718e-16 1.517394e-17
4165.480000 3.740603e-16 1.396769e-17
4168.480000 3.819086e-16 1.249076e-17
4171.480000 3.858614e-16 1.320046e-17
4174.480000 4.018419e-16 1.430874e-17
4177.480000 3.885834e-16 1.335511e-17
4180.480000 3.640774e-16 1.214658e-17
4183.480000 3.676936e-16 1.338630e-17
4186.480000 3.801407e-16 1.425821e-17
4189.480000 3.658889e-16 1.298427e-17
4192.480000 3.621128e-16 1.212412e-17
4195.480000 3.376961e-16 1.310627e-17
4198.480000 3.602501e-16 1.372300e-17
4201.480000 3.617205e-16 1.236922e-17
4204.480000 3.563290e-16 1.199029e-17
4207.480000 3.610455e-16 1.357714e-17
4210.480000 3.767993e-16 1.384621e-17
4213.480000 3.732635e-16 1.220466e-17
4216.480000 3.616408e-16 1.222229e-17
4219.480000 3.749703e-16 1.426766e-17
4222.480000 3.528596e-16 1.540360e-17
4225.480000 3.659964e-16 1.225054e-17
4228.480000 3.718272e-16 1.228015e-17
4231.480000 3.698142e-16 1.353034e-17
4234.480000 3.489864e-16 1.292026e-17
4237.480000 3.486872e-16 1.161844e-17
4240.480000 3.595223e-16 1.230418e-17
4243.480000 3.524820e-16 1.321282e-17
4246.480000 3.166693e-16 1.236195e-17
4249.480000 2.936805e-16 1.118554e-17
4252.480000 2.925512e-16 1.204361e-17
4255.480000 3.173217e-16 1.286712e-17
4258.480000 3.430561e-16 1.219616e-17
4261.480000 3.534163e-16 1.158872e-17
4264.480000 3.622887e-16 1.289413e-17
4267.480000 3.716495e-16 1.339033e-17
4270.480000 3.653023e-16 1.209188e-17
4273.480000 3.722073e-16 1.172710e-17
4276.480000 3.667048e-16 1.315455e-17
4279.480000 3.593761e-16 1.320376e-17
4282.480000 3.708840e-16 1.187142e-17
4285.480000 3.655879e-16 1.178191e-17
4288.480000 3.724165e-16 1.342325e-17
4291.480000 3.556437e-16 1.316658e-17
4294.480000 3.531700e-16 1.157527e-17
4297.480000 3.494124e-16 1.173744e-17
4300.480000 3.599006e-16 1.311010e-17
4303.480000 3.695440e-16 1.279502e-17
4306.480000 3.675920e-16 1.148856e-17
4309.480000 3.589846e-16 1.191835e-17
4312.480000 3.650496e-16 1.303827e-17
4315.480000 3.585143e-16 1.242259e-17
4318.480000 3.676347e-16 1.146826e-17
4321.480000 3.663422e-16 1.225456e-17
4324.480000 3.592741e-16 1.294756e-17
4327.480000 3.535738e-16 1.206298e-17
4330.480000 3.390643e-16 1.118511e-17
4333.480000 3.485262e-16 1.241224e-17
4336.480000 3.468532e-16 1.282823e-17
4339.480000 3.694912e-16 1.193859e-17
4342.480000 3.606032e-16 1.141222e-17
4345.480000 3.668585e-16 1.283584e-17
4348.480000 3.567754e-16 1.293573e-17
4351.480000 3.513389e-16 1.149479e-17
4354.480000 3.428728e-16 1.127545e-17
4357.480000 3.415120e-16 1.289943e-17
4360.480000 3.687870e-16 1.312971e-17
4363.480000 3.674346e-16 1.151580e-17
4366.480000 3.680630e-16 1.167053e-17
4369.480000 3.738035e-16 1.300466e-17
4372.480000 3.650450e-16 1.260924e-17
4375.480000 3.570811e-16 1.123589e-17
4378.480000 3.412151e-16 1.155703e-17
4381.480000 3.332656e-16 1.252655e-17
4384.480000 3.581465e-16 1.217823e-17
4387.480000 3.685339e-16 1.122058e-17
4390.480000 3.666248e-16 1.202410e-17
4393.480000 3.687340e-16 1.278330e-17
4396.480000 3.755759e-16 1.205198e-17
4399.480000 3.876546e-16 1.140415e-17
4402.480000 3.657109e-16 1.221048e-17
4405.480000 3.477570e-16 1.264723e-17
4408.480000 3.438084e-16 1.164193e-17
4411.480000 3.439216e-16 1.116663e-17
4414.480000 3.577844e-16 1.260428e-17
4417.480000 3.850010e-16 1.305743e-17
4420.480000 3.859024e-16 1.175116e-17
4423.480000 3.619059e-16 1.131565e-17
4426.480000 3.483507e-16 1.280329e-17
4429.480000 3.542515e-16 1.285844e-17
4432.480000 3.613116e-16 1.127457e-17
4435.480000 3.581361e-16 1.138912e-17
4438.480000 3.499098e-16 1.265923e-17
4441.480000 3.367526e-16 1.234506e-17
4444.480000 3.250180e-16 1.084401e-17
4447.480000 3.258360e-16 1.124263e-17
4450.480000 3.364171e-16 1.235826e-17
4453.480000 3.392060e-16 1.195010e-17
4456.480000 3.173875e-16 1.065768e-17
4459.480000 3.093859e-16 1.121698e-17
4462.480000 3.204359e-16 1.209152e-17
4465.480000 3.133316e-16 1.135854e-17
4468.480000 3.145949e-16 1.054817e-17
4471.480000 3.484533e-16 1.193021e-17
4474.480000 3.712269e-16 1.278331e-17
4477.480000 3.707015e-16 1.177563e-17
4480.480000 3.560791e-16 1.106887e-17
4483.480000 3.258837e-16 1.198348e-17
4486.480000 3.096232e-16 1.208357e-17
4489.480000 3.177140e-16 1.096145e-17
4492.480000 3.073235e-16 1.064659e-17
4495.480000 2.973584e-16 1.194233e-17
4498.480000 2.830835e-16 1.189613e-17
4501.480000 2.702146e-16 1.103504e-17
4504.480000 2.942294e-16 1.250304e-17
4507.480000 3.100068e-16 1.338781e-17
4510.480000 3.285809e-16 1.211849e-17
4513.480000 3.352628e-16 1.076247e-17
4516.480000 3.715635e-16 1.149461e-17
4519.480000 3.805191e-16 1.278985e-17
4522.480000 3.752019e-16 1.242897e-17
4525.480000 3.663404e-16 1.153432e-17
4528.480000 3.662576e-16 1.149288e-17
4531.480000 3.743344e-16 1.241784e-17
4534.480000 3.700075e-16 1.172997e-17
4537.480000 3.663206e-16 1.090939e-17
4540.480000 3.684824e-16 1.182145e-17
4543.480000 3.400532e-16 1.220056e-17
4546.480000 3.332793e-16 1.117891e-17
4549.480000 3.521091e-16 1.077457e-17
4552.480000 3.650734e-16 1.202024e-17
4555.480000 3.464096e-16 1.227093e-17
4558.480000 3.394028e-16 1.104303e-17
4561.480000 3.466142e-16 1.074891e-17
4564.480000 3.525581e-16 1.216510e-17
4567.480000 3.720254e-16 1.247241e-17
4570.480000 3.700985e-16 1.098980e-17
4573.480000 3.655391e-16 1.097108e-17
4576.480000 3.588256e-16 1.227786e-17
4579.480000 3.654974e-16 1.228899e-17
4582.480000 3.680667e-16 1.090271e-17
4585.480000 3.650412e-16 1.111762e-17
4588.480000 3.760387e-16 1.243390e-17
4591.480000 3.919355e-16 1.228341e-17
4594.480000 3.867316e-16 1.117215e-17
4597.480000 3.921109e-16 1.160143e-17
4600.480000 3.831030e-16 1.237859e-17
4603.480000 3.682056e-16 1.165038e-17
4606.480000 3.678056e-16 1.073161e-17
4609.480000 3.395343e-16 1.136663e-17
4612.480000 3.383649e-16 1.197256e-17
4615.480000 3.507362e-16 1.119193e-17
4618.480000 3.450341e-16 1.051737e-17
4621.480000 3.509874e-16 1.161917e-17
4624.480000 3.523223e-16 1.202678e-17
4627.480000 3.522011e-16 1.102700e-17
4630.480000 3.505900e-16 1.078861e-17
4633.480000 3.570371e-16 1.225930e-17
4636.480000 3.747745e-16 1.232275e-17
4639.480000 3.820647e-16 1.100127e-17
4642.480000 3.682185e-16 1.079499e-17
4645.480000 3.622576e-16 1.223202e-17
4648.480000 3.718805e-16 1.219943e-17
4651.480000 3.781692e-16 1.080528e-17
4654.480000 3.891541e-16 1.109019e-17
4657.480000 3.941201e-16 1.241646e-17
4660.480000 3.731684e-16 1.190646e-17
4663.480000 3.738812e-16 1.071031e-17
4666.480000 3.816323e-16 1.126899e-17
4669.480000 3.929308e-16 1.227203e-17
4672.480000 3.947385e-16 1.172135e-17
4675.480000 3.917276e-16 1.073224e-17
4678.480000 3.885340e-16 1.152345e-17
4681.480000 3.769894e-16 1.216518e-17
4684.480000 3.677660e-16 1.126847e-17
4687.480000 3.663673e-16 1.055870e-17
4690.480000 3.766899e-16 1.164060e-17
4693.480000 3.546811e-16 1.189677e-17
4696.480000 3.487234e-16 1.083485e-17
4699.480000 3.374230e-16 1.038610e-17
4702.480000 3.580964e-16 1.183958e-17
4705.480000 3.795906e-16 1.220365e-17
4708.480000 3.778907e-16 1.082445e-17
4711.480000 3.793224e-16 1.072731e-17
4714.480000 3.632372e-16 1.207786e-17
4717.480000 3.618834e-16 1.205108e-17
4720.480000 3.562065e-16 1.054483e-17
4723.480000 3.529827e-16 1.071747e-17
4726.480000 3.810104e-16 1.216672e-17
4729.480000 3.781537e-16 1.191942e-17
4732.480000 3.685253e-16 1.053870e-17
4735.480000 3.599065e-16 1.090617e-17
4738.480000 3.711533e-16 1.195040e-17
4741.480000 3.682645e-16 1.143912e-17
4744.480000 3.698453e-16 1.057733e-17
4747.480000 3.544377e-16 1.126021e-17
4750.480000 3.604819e-16 1.210779e-17
4753.480000 3.574394e-16 1.125701e-17
4756.480000 3.626348e-16 1.043647e-17
4759.480000 3.753995e-16 1.151501e-17
4762.480000 3.766327e-16 1.200942e-17
4765.480000 3.583108e-16 1.083382e-17
4768.480000 3.647539e-16 1.045414e-17
4771.480000 3.592615e-16 1.169798e-17
4774.480000 3.786355e-16 1.206995e-17
4777.480000 3.801406e-16 1.084880e-17
4780.480000 3.839444e-16 1.070875e-17
4783.480000 3.821829e-16 1.218788e-17
4786.480000 3.856473e-16 1.221599e-17
4789.480000 3.936525e-16 1.078058e-17
4792.480000 4.056770e-16 1.101189e-17
4795.480000 3.894223e-16 1.217918e-17
4798.480000 3.894405e-16 1.201647e-17
4801.480000 3.850422e-16 1.062635e-17
4804.480000 3.743335e-16 1.094145e-17
4807.480000 3.748560e-16 1.200715e-17
4810.480000 3.700990e-16 1.152513e-17
4813.480000 3.632711e-16 1.044816e-17
4816.480000 3.577516e-16 1.108694e-17
4819.480000 3.675276e-16 1.192740e-17
4822.480000 3.771069e-16 1.135672e-17
4825.480000 3.908763e-16 1.069028e-17
4828.480000 3.838306e-16 1.162155e-17
4831.480000 3.865267e-16 1.223452e-17
4834.480000 3.716589e-16 1.134641e-17
4837.480000 3.592844e-16 1.085637e-17
4840.480000 3.595741e-16 1.188530e-17
4843.480000 3.777667e-16 1.214503e-17
4846.480000 3.729046e-16 1.094529e-17
4849.480000 3.669874e-16 1.072065e-17
4852.480000 3.705671e-16 1.223121e-17
4855.480000 3.828877e-16 1.237203e-17
4858.480000 3.814098e-16 1.081418e-17
4861.480000 3.770817e-16 1.088474e-17
4864.480000 3.750449e-16 1.227374e-17
4867.480000 3.733877e-16 1.204905e-17
4870.480000 3.681777e-16 1.061179e-17
4873.480000 3.774285e-16 1.102956e-17
4876.480000 3.827763e-16 1.214687e-17
4879.480000 3.657588e-16 1.165796e-17
4882.480000 3.676421e-16 1.062481e-17
4885.480000 3.594887e-16 1.122118e-17
4888.480000 3.743451e-16 1.215162e-17
4891.480000 3.886669e-16 1.176278e-17
4894.480000 3.666854e-16 1.148032e-17
4897.480000 3.624304e-16 1.225013e-17
5200.480000 3.771532e-16 2.038769e-17
5203.480000 3.632689e-16 2.019814e-17
5206.480000 3.609273e-16 2.015222e-17
5209.480000 3.302117e-16 1.983107e-17
5212.480000 3.557976e-16 1.978016e-17
5215.480000 3.441447e-16 1.919195e-17
5218.480000 3.548610e-16 1.856415e-17
5221.480000 3.322257e-16 1.788433e-17
5224.480000 3.271152e-16 1.726115e-17
5227.480000 3.509586e-16 1.710277e-17
5230.480000 3.467714e-16 1.673918e-17
5233.480000 3.357490e-16 1.612299e-17
5236.480000 3.493137e-16 1.595142e-17
5239.480000 3.483693e-16 1.558238e-17
5242.480000 3.487092e-16 1.529253e-17
5245.480000 3.659051e-16 1.519548e-17
5248.480000 3.583787e-16 1.475697e-17
5251.480000 3.483463e-16 1.442818e-17
5254.480000 3.248682e-16 1.399564e-17
5257.480000 3.131464e-16 1.360972e-17
5260.480000 3.297218e-16 1.359996e-17
5263.480000 3.326376e-16 1.341600e-17
5266.480000 3.297393e-16 1.326213e-17
5269.480000 3.271286e-16 1.308777e-17
5272.480000 3.383740e-16 1.306918e-17
5275.480000 3.474896e-16 1.314300e-17
5278.480000 3.297723e-16 1.302427e-17
5281.480000 3.143285e-16 1.286455e-17
5284.480000 3.242238e-16 1.292190e-17
5287.480000 3.318547e-16 1.298390e-17
5290.480000 3.373660e-16 1.305258e-17
5293.480000 3.361998e-16 1.302791e-17
5296.480000 3.362164e-16 1.314397e-17
5299.480000 3.434902e-16 1.311448e-17
5302.480000 3.285122e-16 1.301834e-17
5305.480000 3.399858e-16 1.328846e-17
5308.480000 3.611567e-16 1.357851e-17
5311.480000 3.451848e-16 1.351384e-17
5314.480000 3.317040e-16 1.351190e-17
5317.480000 3.274266e-16 1.361494e-17
5320.480000 3.129283e-16 1.371810e-17
5323.480000 3.103059e-16 1.383137e-17
5326.480000 3.146965e-16 1.409407e-17
5329.480000 3.184249e-16 1.439252e-17
5332.480000 3.268304e-16 1.469533e-17
5335.480000 3.286416e-16 1.493453e-17
5338.480000 3.308325e-16 1.487606e-17
5341.480000 3.227309e-16 1.437508e-17
5344.480000 3.255752e-16 1.389554e-17
5347.480000 3.153862e-16 1.346039e-17
5350.480000 3.079206e-16 1.292208e-17
5353.480000 3.149612e-16 1.263712e-17
5356.480000 3.084893e-16 1.219182e-17
5359.480000 3.039039e-16 1.179624e-17
5362.480000 3.156020e-16 1.159490e-17
5365.480000 3.132826e-16 1.141119e-17
5368.480000 3.106181e-16 1.107311e-17
5371.480000 3.211850e-16 1.092696e-17
5374.480000 3.341634e-16 1.077858e-17
5377.480000 3.281327e-16 1.050832e-17
5380.480000 3.160338e-16 1.015270e-17
5383.480000 3.154760e-16 1.004318e-17
5386.480000 3.375684e-16 1.059894e-17
5389.480000 3.383370e-16 1.169499e-17
5392.480000 3.310265e-16 1.074914e-17
5395.480000 3.292375e-16 9.478960e-18
5398.480000 3.198679e-16 9.350672e-18
5401.480000 3.172458e-16 9.280125e-18
5404.480000 3.201278e-16 9.252673e-18
5407.480000 3.208088e-16 9.241166e-18
5410.480000 3.168787e-16 9.200016e-18
5413.480000 3.149368e-16 9.222589e-18
5416.480000 3.148147e-16 9.300602e-18
5419.480000 3.251575e-16 9.430120e-18
5422.480000 3.314939e-16 9.571705e-18
5425.480000 3.377765e-16 9.861489e-18
5428.480000 3.325655e-16 1.015332e-17
5431.480000 3.350600e-16 1.040743e-17
5434.480000 3.444571e-16 1.029237e-17
5437.480000 3.333630e-16 1.032577e-17
5440.480000 3.444364e-16 1.063211e-17
5443.480000 3.558350e-16 1.089248e-17
5446.480000 3.352879e-16 1.082880e-17
5449.480000 3.149793e-16 1.068133e-17
5452.480000 3.009997e-16 1.079352e-17
5455.480000 3.048853e-16 1.101784e-17
5458.480000 3.130648e-16 1.139410e-17
5461.480000 3.074674e-16 1.147050e-17
5464.480000 3.122140e-16 1.154123e-17
5467.480000 3.302952e-16 1.139047e-17
5470.480000 3.429544e-16 1.121921e-17
5473.480000 3.424365e-16 1.096565e-17
5476.480000 3.330511e-16 1.064007e-17
5479.480000 3.217726e-16 1.021471e-17
5482.480000 3.220182e-16 9.975456e-18
5485.480000 3.156904e-16 9.713903e-18
5488.480000 3.171174e-16 9.478451e-18
5491.480000 3.121142e-16 9.170919e-18
5494.480000 3.280832e-16 9.094738e-18
5497.480000 3.408191e-16 9.062287e-18
5500.480000 3.285387e-16 8.795592e-18
5503.480000 3.274296e-16 8.644103e-18
5506.480000 3.311431e-16 8.523354e-18
5509.480000 3.310469e-16 8.401990e-18
5512.480000 3.211756e-16 8.151825e-18
5515.480000 3.231970e-16 8.062447e-18
5518.480000 3.240075e-16 8.001239e-18
5521.480000 3.256009e-16 7.988017e-18
5524.480000 3.309242e-16 7.974485e-18
5527.480000 3.302458e-16 7.929213e-18
5530.480000 3.223510e-16 7.900075e-18
5533.480000 3.246675e-16 7.948985e-18
5536.480000 3.353810e-16 8.047081e-18
5539.480000 3.426103e-16 8.135509e-18
5542.480000 3.428772e-16 8.240711e-18
5545.480000 3.438731e-16 8.287578e-18
5548.480000 3.377251e-16 8.354842e-18
5551.480000 3.253380e-16 8.361097e-18
5554.480000 3.269940e-16 8.476555e-18
5557.480000 3.236237e-16 8.554110e-18
5560.480000 3.237635e-16 8.751622e-18
5563.480000 3.294571e-16 9.035127e-18
5566.480000 3.303600e-16 9.442001e-18
5569.480000 3.225936e-16 1.039535e-17
5572.480000 3.336169e-16 1.265728e-17
5575.480000 3.638752e-16 1.551532e-17
5578.480000 3.826369e-16 1.684693e-17
5581.480000 3.100412e-16 1.515121e-17
5584.480000 3.146829e-16 1.264847e-17
5587.480000 3.045547e-16 1.099223e-17
5590.480000 3.068932e-16 1.036777e-17
5593.480000 3.175403e-16 1.001866e-17
5596.480000 3.227301e-16 9.822048e-18
5599.480000 3.247310e-16 9.577233e-18
5602.480000 3.167838e-16 9.271147e-18
5605.480000 3.196949e-16 9.070412e-18
5608.480000 3.298755e-16 8.963371e-18
5611.480000 3.349066e-16 8.817700e-18
5614.480000 3.280994e-16 8.548971e-18
5617.480000 3.339932e-16 8.329871e-18
5620.480000 3.191847e-16 8.042085e-18
5623.480000 3.042390e-16 7.768586e-18
5626.480000 3.107768e-16 7.648974e-18
5629.480000 3.171736e-16 7.578598e-18
5632.480000 3.188176e-16 7.481332e-18
5635.480000 3.262647e-16 7.398805e-18
5638.480000 3.317792e-16 7.351487e-18
5641.480000 3.259992e-16 7.221229e-18
5644.480000 3.252763e-16 7.167713e-18
5647.480000 3.279797e-16 7.134075e-18
5650.480000 3.282429e-16 7.108171e-18
5653.480000 3.213885e-16 7.038270e-18
5656.480000 3.235727e-16 7.035900e-18
5659.480000 3.220854e-16 7.059278e-18
5662.480000 3.175292e-16 7.061919e-18
5665.480000 3.105138e-16 7.049428e-18
5668.480000 3.089372e-16 7.074047e-18
5671.480000 3.113222e-16 7.142635e-18
5674.480000 3.088510e-16 7.197410e-18
5677.480000 3.023776e-16 7.266509e-18
5680.480000 3.066059e-16 7.449913e-18
5683.480000 3.120354e-16 7.572467e-18
5686.480000 3.122108e-16 7.674274e-18
5689.480000 3.182489e-16 7.842094e-18
5692.480000 3.144375e-16 7.962133e-18
5695.480000 3.169846e-16 8.148600e-18
5698.480000 3.169820e-16 8.330494e-18
5701.480000 3.154349e-16 8.481137e-18
5704.480000 3.139989e-16 8.609516e-18
5707.480000 3.097558e-16 8.749377e-18
5710.480000 3.059784e-16 9.091725e-18
5713.480000 3.091683e-16 9.237161e-18
5716.480000 3.319217e-16 9.635326e-18
5719.480000 3.330451e-16 1.010678e-17
5722.480000 3.194885e-16 8.836911e-18
5725.480000 3.221475e-16 8.435569e-18
5728.480000 3.162540e-16 8.185870e-18
5731.480000 3.117803e-16 7.974200e-18
5734.480000 3.111756e-16 7.861041e-18
5737.480000 3.187316e-16 7.727318e-18
5740.480000 3.139288e-16 7.500844e-18
5743.480000 3.163323e-16 7.376358e-18
5746.480000 3.153708e-16 7.209577e-18
5749.480000 3.123115e-16 7.030359e-18
5752.480000 3.114705e-16 6.820046e-18
5755.480000 3.204262e-16 6.763418e-18
5758.480000 3.164046e-16 6.594496e-18
5761.480000 3.198851e-16 6.517547e-18
5764.480000 3.201851e-16 6.460311e-18
5767.480000 3.090502e-16 6.327160e-18
5770.480000 3.109351e-16 6.268587e-18
5773.480000 3.205791e-16 6.280471e-18
5776.480000 3.305329e-16 6.319720e-18
5779.480000 3.310457e-16 6.316908e-18
5782.480000 3.179513e-16 6.251501e-18
5785.480000 3.071310e-16 6.197568e-18
5788.480000 3.012341e-16 6.182949e-18
5791.480000 2.979610e-16 6.225911e-18
5794.480000 3.011137e-16 6.349841e-18
5797.480000 3.036189e-16 6.455912e-18
5800.480000 3.097829e-16 6.587428e-18
5803.480000 3.163286e-16 6.678064e-18
5806.480000 3.159028e-16 6.771609e-18
5809.480000 3.182484e-16 6.917152e-18
5812.480000 3.163679e-16 7.004295e-18
5815.480000 3.133909e-16 7.067745e-18
5818.480000 3.136681e-16 7.205342e-18
5821.480000 3.192017e-16 7.424280e-18
5824.480000 3.216600e-16 7.600215e-18
5827.480000 3.172025e-16 7.730658e-18
5830.480000 3.178009e-16 7.877020e-18
5833.480000 3.184586e-16 8.086977e-18
5836.480000 3.115594e-16 8.214577e-18
5839.480000 3.135759e-16 8.325337e-18
5842.480000 3.100703e-16 8.230357e-18
5845.480000 3.207601e-16 8.105297e-18
5848.480000 3.214752e-16 7.898962e-18
5851.480000 3.108193e-16 7.613347e-18
5854.480000 3.117776e-16 7.432153e-18
5857.480000 3.121572e-16 7.277884e-18
5860.480000 3.113630e-16 7.134497e-18
5863.480000 3.189978e-16 7.038730e-18
5866.480000 3.245206e-16 6.972317e-18
5869.480000 3.141757e-16 6.783800e-18
5872.480000 3.088570e-16 6.607556e-18
5875.480000 3.073522e-16 6.443671e-18
5878.480000 3.026798e-16 6.270143e-18
5881.480000 3.070444e-16 6.237146e-18
5884.480000 3.072994e-16 6.223392e-18
5887.480000 2.987507e-16 6.220580e-18
5890.480000 2.952343e-16 6.225824e-18
5893.480000 2.947642e-16 6.150110e-18
5896.480000 3.031479e-16 6.083746e-18
5899.480000 3.109435e-16 6.007361e-18
5902.480000 3.132398e-16 5.938925e-18
5905.480000 3.131297e-16 5.901396e-18
5908.480000 3.044278e-16 5.844160e-18
5911.480000 2.990156e-16 5.873568e-18
5914.480000 3.095971e-16 5.971024e-18
5917.480000 3.187755e-16 6.060408e-18
5920.480000 3.264386e-16 6.159525e-18
5923.480000 3.334734e-16 6.257962e-18
5926.480000 3.317693e-16 6.342628e-18
5929.480000 3.293479e-16 6.436954e-18
5932.480000 3.251363e-16 6.525774e-18
5935.480000 3.154553e-16 6.566762e-18
5938.480000 3.108474e-16 6.601600e-18
5941.480000 3.150988e-16 6.763546e-18
5944.480000 3.164435e-16 6.906131e-18
5947.480000 3.078994e-16 7.014462e-18
5950.480000 3.097287e-16 7.182129e-18
5953.480000 3.236482e-16 7.438820e-18
5956.480000 3.230408e-16 7.576948e-18
5959.480000 3.276238e-16 7.740123e-18
5962.480000 3.187240e-16 7.856460e-18
5965.480000 3.232080e-16 7.973150e-18
5968.480000 3.197171e-16 7.851993e-18
5971.480000 3.212288e-16 7.678125e-18
5974.480000 3.147015e-16 7.435643e-18
5977.480000 3.197576e-16 7.259012e-18
5980.480000 3.222429e-16 7.117714e-18
5983.480000 3.189207e-16 6.947371e-18
5986.480000 2.996917e-16 6.615152e-18
5989.480000 2.987531e-16 6.435723e-18
5992.480000 3.064353e-16 6.345868e-18
5995.480000 3.122890e-16 6.285767e-18
5998.480000 3.054505e-16 6.116072e-18
6001.480000 3.065911e-16 6.013910e-18
6004.480000 3.127905e-16 5.928023e-18
6007.480000 3.176603e-16 5.870643e-18
6010.480000 3.114565e-16 5.731780e-18
6013.480000 3.154972e-16 5.669270e-18
6016.480000 3.188132e-16 5.627013e-18
6019.480000 3.230263e-16 5.604310e-18
6022.480000 3.227467e-16 5.577077e-18
6025.480000 3.152809e-16 5.516937e-18
6028.480000 3.190748e-16 5.539358e-18
6031.480000 3.253375e-16 5.569432e-18
6034.480000 3.212826e-16 5.546929e-18
6037.480000 3.171037e-16 5.536816e-18
6040.480000 3.204653e-16 5.587800e-18
6043.480000 3.226265e-16 5.638296e-18
6046.480000 3.250873e-16 5.697547e-18
6049.480000 3.265708e-16 5.765026e-18
6052.480000 3.112296e-16 5.761640e-18
6055.480000 3.084288e-16 5.844664e-18
6058.480000 3.156394e-16 6.078590e-18
6061.480000 3.190881e-16 6.214178e-18
6064.480000 3.133685e-16 6.275328e-18
6067.480000 3.079882e-16 6.360881e-18
6070.480000 3.075671e-16 6.480669e-18
6073.480000 3.111586e-16 6.630981e-18
6076.480000 3.327648e-16 6.893639e-18
6079.480000 3.119549e-16 6.859244e-18
6082.480000 3.095455e-16 7.012667e-18
6085.480000 3.122797e-16 7.199058e-18
6088.480000 3.105017e-16 7.657309e-18
6091.480000 3.069385e-16 7.462946e-18
6094.480000 3.047657e-16 7.117584e-18
6097.480000 2.988038e-16 6.888104e-18
6100.480000 2.792553e-16 6.676800e-18
6103.480000 2.721567e-16 6.484329e-18
6106.480000 2.832471e-16 6.392912e-18
6109.480000 3.015633e-16 6.370145e-18
6112.480000 3.084847e-16 6.287436e-18
6115.480000 3.047631e-16 6.145206e-18
6118.480000 3.059448e-16 5.887393e-18
6121.480000 3.076527e-16 5.795199e-18
6124.480000 3.077539e-16 5.688461e-18
6127.480000 3.085442e-16 5.606256e-18
6130.480000 3.084218e-16 5.497304e-18
6133.480000 3.033930e-16 5.395675e-18
6136.480000 3.018018e-16 5.317747e-18
6139.480000 3.100883e-16 5.308228e-18
6142.480000 3.137416e-16 5.329198e-18
6145.480000 3.077361e-16 5.349279e-18
6148.480000 3.086839e-16 5.477051e-18
6151.480000 3.188509e-16 5.660162e-18
6154.480000 3.265417e-16 5.399767e-18
6157.480000 3.188566e-16 5.181076e-18
6160.480000 3.030180e-16 5.112073e-18
6163.480000 3.037950e-16 5.145675e-18
6166.480000 3.110513e-16 5.230643e-18
6169.480000 3.155977e-16 5.307903e-18
6172.480000 3.118973e-16 5.335088e-18
6175.480000 3.108911e-16 5.411764e-18
6178.480000 3.147050e-16 5.507736e-18
6181.480000 3.162678e-16 5.587361e-18
6184.480000 3.142144e-16 5.666082e-18
6187.480000 3.177454e-16 5.902158e-18
6190.480000 3.135148e-16 5.999847e-18
6193.480000 2.994536e-16 5.981106e-18
6196.480000 2.985457e-16 6.125543e-18
6199.480000 3.068840e-16 6.357927e-18
6202.480000 2.993107e-16 6.266815e-18
6205.480000 3.002613e-16 6.431258e-18
6208.480000 3.054603e-16 6.587379e-18
6211.480000 3.156132e-16 6.805412e-18
6214.480000 3.072342e-16 6.905963e-18
6217.480000 3.125499e-16 6.965878e-18
6220.480000 3.056518e-16 6.768183e-18
6223.480000 3.015696e-16 6.595372e-18
6226.480000 3.083066e-16 6.495955e-18
6229.480000 2.999899e-16 6.266518e-18
6232.480000 3.031099e-16 6.234460e-18
6235.480000 2.911957e-16 6.094028e-18
6238.480000 3.019201e-16 6.030315e-18
6241.480000 3.085044e-16 5.915108e-18
6244.480000 3.065810e-16 5.725681e-18
6247.480000 3.048009e-16 5.524717e-18
6250.480000 3.083530e-16 5.420880e-18
6253.480000 3.130429e-16 5.380645e-18
6256.480000 3.160412e-16 5.375254e-18
6259.480000 3.069341e-16 5.286802e-18
6262.480000 3.071677e-16 5.214079e-18
6265.480000 3.111294e-16 5.151703e-18
6268.480000 3.113913e-16 5.084050e-18
6271.480000 3.077112e-16 5.050310e-18
6274.480000 3.036051e-16 4.999069e-18
6277.480000 2.960393e-16 4.930796e-18
6280.480000 2.939259e-16 4.911192e-18
6283.480000 2.992223e-16 4.984147e-18
6286.480000 3.028837e-16 5.098403e-18
6289.480000 3.105054e-16 5.280658e-18
6292.480000 3.050160e-16 5.676602e-18
6295.480000 3.174626e-16 6.795342e-18
6298.480000 3.579176e-16 8.121245e-18
6301.480000 3.688878e-16 8.425707e-18
6304.480000 3.056785e-16 7.356197e-18
6307.480000 2.898764e-16 6.191356e-18
6310.480000 2.928099e-16 5.596939e-18
6313.480000 2.930824e-16 5.448522e-18
6316.480000 2.924606e-16 5.461281e-18
6319.480000 2.880522e-16 5.529335e-18
6322.480000 3.014101e-16 5.885356e-18
6325.480000 3.080947e-16 6.089140e-18
6328.480000 3.306415e-16 6.270731e-18
6331.480000 3.145581e-16 6.253987e-18
6334.480000 3.031755e-16 6.275282e-18
6337.480000 2.938522e-16 6.297087e-18
6340.480000 2.971166e-16 6.440011e-18
6343.480000 3.016254e-16 6.469546e-18
6346.480000 2.956803e-16 6.331711e-18
6349.480000 2.957592e-16 6.194699e-18
6352.480000 2.980889e-16 6.116635e-18
6355.480000 2.874461e-16 6.022203e-18
6358.480000 2.860394e-16 6.252268e-18
6361.480000 3.041712e-16 6.737804e-18
6364.480000 2.978515e-16 6.969222e-18
6367.480000 2.704720e-16 6.405409e-18
6370.480000 2.857945e-16 5.727835e-18
6373.480000 2.906243e-16 5.282658e-18
6376.480000 2.908812e-16 5.199989e-18
6379.480000 2.882183e-16 5.202202e-18
6382.480000 2.797362e-16 4.929163e-18
6385.480000 2.786934e-16 4.823069e-18
6388.480000 2.874179e-16 4.711006e-18
6391.480000 2.912182e-16 4.720180e-18
6394.480000 2.907390e-16 4.766462e-18
6397.480000 2.869564e-16 4.692902e-18
6400.480000 2.903691e-16 4.626412e-18
6403.480000 2.955305e-16 4.549785e-18
6406.480000 2.901740e-16 4.499889e-18
6409.480000 2.842556e-16 4.494630e-18
6412.480000 2.851240e-16 4.546492e-18
6415.480000 2.861254e-16 4.582757e-18
6418.480000 2.847897e-16 4.614885e-18
6421.480000 3.101129e-16 4.802269e-18
6424.480000 3.114802e-16 4.810897e-18
6427.480000 3.028153e-16 4.833939e-18
6430.480000 2.953018e-16 4.847375e-18
6433.480000 2.971466e-16 4.939947e-18
6436.480000 2.968402e-16 5.018202e-18
6439.480000 2.896276e-16 5.059154e-18
6442.480000 2.834047e-16 5.114458e-18
6445.480000 2.831878e-16 5.248681e-18
6448.480000 2.904177e-16 5.411045e-18
6451.480000 2.947056e-16 5.557187e-18
6454.480000 2.919875e-16 5.660938e-18
6457.480000 2.849666e-16 5.740341e-18
6460.480000 2.937244e-16 6.025354e-18
6463.480000 2.954045e-16 6.236569e-18
6466.480000 2.910676e-16 6.398393e-18
6469.480000 2.929091e-16 6.418175e-18
6472.480000 2.838502e-16 6.087952e-18
6475.480000 2.779132e-16 5.832362e-18
6478.480000 2.793104e-16 5.657581e-18
6481.480000 2.851657e-16 5.539335e-18
6484.480000 2.887159e-16 5.425322e-18
6487.480000 2.919925e-16 5.325738e-18
6490.480000 2.957544e-16 5.253995e-18
6493.480000 2.946226e-16 5.163582e-18
6496.480000 3.001356e-16 5.162415e-18
6499.480000 3.015872e-16 5.142539e-18
6502.480000 2.962724e-16 4.990876e-18
6505.480000 2.930717e-16 4.834421e-18
6508.480000 2.897157e-16 4.707980e-18
6511.480000 2.896989e-16 4.614839e-18
6514.480000 2.915637e-16 4.553074e-18
6517.480000 2.916793e-16 4.502882e-18
6520.480000 2.880045e-16 4.445020e-18
6523.480000 2.853183e-16 4.419708e-18
6526.480000 2.924120e-16 4.446914e-18
6529.480000 2.948848e-16 4.497262e-18
6532.480000 2.839649e-16 4.510093e-18
6535.480000 2.759025e-16 4.527960e-18
6538.480000 2.846483e-16 4.497477e-18
6541.480000 2.899242e-16 4.473469e-18
6544.480000 2.870930e-16 4.506757e-18
6547.480000 2.863797e-16 4.561855e-18
6550.480000 2.897316e-16 4.659077e-18
6553.480000 2.911491e-16 4.764776e-18
6556.480000 2.925282e-16 4.870107e-18
6559.480000 2.960456e-16 5.005378e-18
6562.480000 2.964731e-16 5.116101e-18
6565.480000 2.896155e-16 5.123951e-18
6568.480000 2.814855e-16 5.097324e-18
6571.480000 2.873778e-16 5.193068e-18
6574.480000 2.911775e-16 5.334999e-18
6577.480000 2.846386e-16 5.432939e-18
6580.480000 2.922430e-16 5.581633e-18
6583.480000 2.933243e-16 5.662109e-18
6586.480000 2.835382e-16 5.855479e-18
6589.480000 2.850287e-16 5.994064e-18
6592.480000 2.842535e-16 6.067630e-18
6595.480000 2.956210e-16 6.090827e-18
6598.480000 3.057212e-16 5.884862e-18
6601.480000 3.137265e-16 5.812852e-18
6604.480000 3.029885e-16 5.624527e-18
6607.480000 2.936910e-16 5.407778e-18
6610.480000 2.994398e-16 5.302825e-18
6613.480000 2.908405e-16 5.119556e-18
6616.480000 2.902060e-16 4.989117e-18
6619.480000 2.884804e-16 4.868839e-18
6622.480000 2.940044e-16 4.832100e-18
6625.480000 2.873812e-16 4.754394e-18
6628.480000 2.885258e-16 4.689531e-18
6631.480000 2.959770e-16 4.684519e-18
6634.480000 3.016841e-16 4.643777e-18
6637.480000 2.994034e-16 4.477233e-18
6640.480000 2.868924e-16 4.327622e-18
6643.480000 2.803631e-16 4.233767e-18
6646.480000 2.793716e-16 4.200141e-18
6649.480000 2.891418e-16 4.220528e-18
6652.480000 3.015589e-16 4.262243e-18
6655.480000 3.031958e-16 4.247355e-18
6658.480000 3.054861e-16 4.232085e-18
6661.480000 3.155220e-16 4.265999e-18
6664.480000 3.244298e-16 4.344422e-18
6667.480000 3.205521e-16 4.375593e-18
6670.480000 3.036465e-16 4.333877e-18
6673.480000 2.939291e-16 4.336717e-18
6676.480000 2.896179e-16 4.363262e-18
6679.480000 2.873310e-16 4.405051e-18
6682.480000 2.885099e-16 4.482869e-18
6685.480000 2.876015e-16 4.559671e-18
6688.480000 2.900397e-16 4.656978e-18
6691.480000 2.903601e-16 4.742301e-18
6694.480000 2.970772e-16 4.882945e-18
6697.480000 2.936422e-16 4.966047e-18
6700.480000 2.953366e-16 5.092820e-18
6703.480000 2.961201e-16 5.182493e-18
6706.480000 2.974843e-16 5.305209e-18
6709.480000 2.933170e-16 5.400462e-18
6712.480000 2.877397e-16 5.505281e-18
6715.480000 2.893827e-16 5.658161e-18
6718.480000 2.863030e-16 5.686977e-18
6721.480000 2.765273e-16 5.539924e-18
6724.480000 2.747206e-16 5.398083e-18
6727.480000 2.780561e-16 5.298152e-18
6730.480000 2.775636e-16 5.167648e-18
6733.480000 2.851896e-16 5.098797e-18
6736.480000 2.944938e-16 5.030320e-18
6739.480000 2.972209e-16 4.945582e-18
6742.480000 2.924173e-16 4.812968e-18
6745.480000 2.912739e-16 4.703998e-18
6748.480000 2.928961e-16 4.624891e-18
6751.480000 2.927593e-16 4.518897e-18
6754.480000 2.955732e-16 4.442847e-18
6757.480000 2.976419e-16 4.392948e-18
6760.480000 2.898193e-16 4.290128e-18
6763.480000 2.904574e-16 4.238939e-18
6766.480000 2.943182e-16 4.204781e-18
6769.480000 2.921353e-16 4.145413e-18
6772.480000 2.933852e-16 4.109556e-18
6775.480000 2.958432e-16 4.095502e-18
6778.480000 2.922426e-16 4.070730e-18
6781.480000 2.887316e-16 4.049505e-18
6784.480000 2.908210e-16 4.047664e-18
6787.480000 2.895577e-16 4.037961e-18
6790.480000 2.798832e-16 4.003340e-18
6793.480000 2.649862e-16 3.954053e-18
6796.480000 2.554579e-16 3.939905e-18
6799.480000 2.578207e-16 4.006556e-18
6802.480000 2.688213e-16 4.138917e-18
6805.480000 2.785026e-16 4.249109e-18
6808.480000 2.810115e-16 4.320985e-18
6811.480000 2.911403e-16 4.456892e-18
6814.480000 2.961608e-16 4.573076e-18
6817.480000 2.985719e-16 4.688838e-18
6820.480000 3.008250e-16 4.811519e-18
6823.480000 2.909827e-16 4.908015e-18
6826.480000 2.907294e-16 5.133632e-18
6829.480000 2.968049e-16 5.408623e-18
6832.480000 2.914578e-16 5.635865e-18
6835.480000 2.918390e-16 5.704182e-18
6838.480000 2.900102e-16 5.726964e-18
6841.480000 2.995048e-16 5.672174e-18
6844.480000 2.878866e-16 5.601205e-18
6847.480000 2.963287e-16 5.562630e-18
6850.480000 2.981745e-16 5.446619e-18
6853.480000 2.946159e-16 5.307063e-18
6856.480000 2.912778e-16 5.182290e-18
6859.480000 2.858210e-16 5.136754e-18
6862.480000 2.821356e-16 5.179245e-18
6865.480000 2.757911e-16 5.161593e-18
6868.480000 2.622656e-16 4.952443e-18
6871.480000 2.588490e-16 4.826660e-18
6874.480000 2.768920e-16 4.870260e-18
6877.480000 3.019793e-16 5.027788e-18
6880.480000 3.158487e-16 4.990104e-18
6883.480000 3.106524e-16 4.836885e-18
6886.480000 2.930508e-16 4.572198e-18
6889.480000 2.840706e-16 4.423797e-18
6892.480000 2.858700e-16 4.367721e-18
6895.480000 2.931979e-16 4.368643e-18
6898.480000 2.943515e-16 4.366954e-18
6901.480000 2.920464e-16 4.323248e-18
6904.480000 2.934427e-16 4.280531e-18
6907.480000 2.951753e-16 4.254915e-18
6910.480000 2.935394e-16 4.250997e-18
6913.480000 2.917717e-16 4.247046e-18
6916.480000 2.911115e-16 4.247586e-18
6919.480000 2.877296e-16 4.278097e-18
6922.480000 2.873413e-16 4.348090e-18
6925.480000 2.882342e-16 4.370163e-18
6928.480000 2.905784e-16 4.358766e-18
6931.480000 2.989217e-16 4.386175e-18
6934.480000 2.976536e-16 4.429113e-18
6937.480000 2.892811e-16 4.484463e-18
6940.480000 2.832864e-16 4.566817e-18
6943.480000 2.846784e-16 4.684916e-18
6946.480000 2.892418e-16 4.893588e-18
6949.480000 2.893876e-16 5.033276e-18
6952.480000 2.815640e-16 5.042215e-18
6955.480000 2.788152e-16 5.010641e-18
6958.480000 2.807457e-16 5.063929e-18
6961.480000 2.810070e-16 5.163634e-18
6964.480000 2.916162e-16 5.478005e-18
6967.480000 3.052963e-16 5.795333e-18
6970.480000 2.868694e-16 5.725038e-18
6973.480000 2.835749e-16 6.081185e-18
6976.480000 2.790317e-16 6.626010e-18
6979.480000 2.902041e-16 5.822178e-18
6982.480000 3.061882e-16 5.241443e-18
6985.480000 2.763319e-16 4.860163e-18
6988.480000 2.766266e-16 4.707526e-18
6991.480000 2.788075e-16 4.602649e-18
6994.480000 2.805727e-16 4.521562e-18
6997.480000 2.823308e-16 4.466446e-18
7000.480000 2.828496e-16 4.477140e-18
7003.480000 2.811974e-16 4.431145e-18
7006.480000 2.802657e-16 4.466638e-18
7009.480000 2.735620e-16 4.489778e-18
7012.480000 2.747039e-16 4.223522e-18
7015.480000 2.759129e-16 4.040954e-18
7018.480000 2.757476e-16 4.024267e-18
7021.480000 2.811126e-16 4.008664e-18
7024.480000 2.792614e-16 4.010499e-18
7027.480000 2.808016e-16 3.965436e-18
7030.480000 2.806841e-16 4.012101e-18
7033.480000 2.729169e-16 4.055677e-18
7036.480000 2.691933e-16 4.027318e-18
7039.480000 2.745531e-16 4.036628e-18
7042.480000 2.801736e-16 4.106611e-18
7045.480000 2.791401e-16 4.096897e-18
7048.480000 2.783161e-16 4.034371e-18
7051.480000 2.746669e-16 4.023527e-18
7054.480000 2.743336e-16 4.058476e-18
7057.480000 2.776338e-16 4.120163e-18
7060.480000 2.748940e-16 4.165441e-18
7063.480000 2.712360e-16 4.229175e-18
7066.480000 2.713692e-16 4.323022e-18
7069.480000 2.729871e-16 4.406231e-18
7072.480000 2.717583e-16 4.486654e-18
7075.480000 2.703568e-16 4.570347e-18
7078.480000 2.677184e-16 4.648653e-18
7081.480000 2.667514e-16 4.753774e-18
7084.480000 2.628190e-16 4.832626e-18
7087.480000 2.633262e-16 4.942418e-18
7090.480000 2.628710e-16 5.044049e-18
7093.480000 2.620249e-16 5.145027e-18
7096.480000 2.617432e-16 5.154048e-18
7099.480000 2.620498e-16 5.057080e-18
7102.480000 2.675279e-16 4.956000e-18
7105.480000 2.641105e-16 4.825549e-18
7108.480000 2.673307e-16 4.728750e-18
7111.480000 2.774189e-16 4.686584e-18
7114.480000 2.688375e-16 4.550032e-18
7117.480000 2.610301e-16 4.395644e-18
7120.480000 2.621700e-16 4.306411e-18
7123.480000 2.645892e-16 4.253931e-18
7126.480000 2.658701e-16 4.195937e-18
7129.480000 2.668481e-16 4.202372e-18
7132.480000 2.673936e-16 4.142232e-18
7135.480000 2.641519e-16 4.056117e-18
7138.480000 2.672659e-16 4.010976e-18
7141.480000 2.749606e-16 4.005125e-18
7144.480000 2.736524e-16 3.908466e-18
7147.480000 2.690066e-16 3.842709e-18
7150.480000 2.697705e-16 3.811201e-18
7153.480000 2.710412e-16 3.786345e-18
7156.480000 2.686892e-16 3.755148e-18
7159.480000 2.661395e-16 3.747429e-18
7162.480000 2.681838e-16 3.768956e-18
7165.480000 2.717948e-16 3.797049e-18
7168.480000 2.664835e-16 3.788924e-18
7171.480000 2.611596e-16 3.790556e-18
7174.480000 2.656019e-16 3.856514e-18
7177.480000 2.666946e-16 3.908817e-18
7180.480000 2.608434e-16 4.000195e-18
7183.480000 2.578908e-16 4.041108e-18
7186.480000 2.584488e-16 4.104638e-18
7189.480000 2.563675e-16 4.180848e-18
7192.480000 2.577204e-16 4.178902e-18
7195.480000 2.596422e-16 4.244854e-18
7198.480000 2.588786e-16 4.323731e-18
7201.480000 2.594293e-16 4.424859e-18
7204.480000 2.615019e-16 4.528649e-18
7207.480000 2.577043e-16 4.608148e-18
7210.480000 2.576427e-16 4.722735e-18
7213.480000 2.629609e-16 4.859772e-18
7216.480000 2.681749e-16 4.985697e-18
7219.480000 2.799187e-16 5.132957e-18
7222.480000 2.854598e-16 5.194983e-18
7225.480000 2.719953e-16 5.047666e-18
7228.480000 2.589305e-16 4.880920e-18
7231.480000 2.590818e-16 4.824409e-18
7234.480000 2.605386e-16 4.844493e-18
7237.480000 2.589048e-16 4.985932e-18
7240.480000 2.602945e-16 5.192092e-18
7243.480000 2.589511e-16 5.230773e-18
7246.480000 2.572593e-16 5.020720e-18
7249.480000 2.492082e-16 4.635640e-18
7252.480000 2.522152e-16 4.330944e-18
7255.480000 2.605608e-16 4.197221e-18
7258.480000 2.600156e-16 4.063071e-18
7261.480000 2.580479e-16 3.955147e-18
7264.480000 2.607485e-16 3.919057e-18
7267.480000 2.608947e-16 3.940470e-18
7270.480000 2.589099e-16 4.029845e-18
7273.480000 2.597719e-16 4.225937e-18
7276.480000 2.585923e-16 4.399331e-18
7279.480000 2.615471e-16 4.366186e-18
7282.480000 2.645277e-16 4.197558e-18
7285.480000 2.612648e-16 4.040744e-18
7288.480000 2.611941e-16 3.928021e-18
7291.480000 2.670366e-16 3.898544e-18
7294.480000 2.679689e-16 3.925185e-18
7297.480000 2.644365e-16 3.950157e-18
7300.480000 2.655271e-16 4.017560e-18
7303.480000 2.700561e-16 4.078928e-18
7306.480000 2.643486e-16 4.080083e-18
7309.480000 2.585256e-16 4.127298e-18
7312.480000 2.596088e-16 4.370687e-18
7315.480000 2.627888e-16 4.649417e-18
7318.480000 2.579280e-16 4.692750e-18
7321.480000 2.567079e-16 4.550704e-18
7324.480000 2.607274e-16 4.533741e-18
7327.480000 2.601251e-16 4.676233e-18
7330.480000 2.550524e-16 4.792471e-18
7333.480000 2.555219e-16 4.887279e-18
7336.480000 2.546919e-16 5.105850e-18
7339.480000 2.590461e-16 5.551571e-18
7342.480000 2.506782e-16 5.832228e-18
7345.480000 2.403459e-16 5.625384e-18
7348.480000 2.412096e-16 5.280481e-18
7351.480000 2.440111e-16 5.152013e-18
7354.480000 2.503624e-16 4.930350e-18
7357.480000 2.468129e-16 4.879196e-18
7360.480000 2.411033e-16 4.784239e-18
7363.480000 2.493785e-16 4.708646e-18
7366.480000 2.491499e-16 4.738243e-18
7369.480000 2.505095e-16 4.805720e-18
7372.480000 2.504416e-16 4.665030e-18
7375.480000 2.435970e-16 4.323365e-18
7378.480000 2.394212e-16 4.040155e-18
7381.480000 2.387395e-16 3.905442e-18
7384.480000 2.415294e-16 3.845937e-18
7387.480000 2.436923e-16 3.840007e-18
7390.480000 2.432229e-16 3.849666e-18
7393.480000 2.416821e-16 3.836789e-18
7396.480000 2.400968e-16 3.801066e-18
7399.480000 2.404115e-16 3.819903e-18
7402.480000 2.431445e-16 3.867757e-18
7405.480000 2.470946e-16 3.818051e-18
7408.480000 2.467801e-16 3.688526e-18
7411.480000 2.463792e-16 3.613476e-18
7414.480000 2.457235e-16 3.598809e-18
7417.480000 2.404129e-16 3.585425e-18
7420.480000 2.383437e-16 3.597223e-18
7423.480000 2.464128e-16 3.678109e-18
7426.480000 2.510451e-16 3.821953e-18
7429.480000 2.507446e-16 3.975897e-18
7432.480000 2.476378e-16 4.059543e-18
7435.480000 2.424055e-16 4.453828e-18
7438.480000 2.432587e-16 4.615498e-18
7441.480000 2.514937e-16 4.229986e-18
7444.480000 2.432945e-16 4.090249e-18
7447.480000 2.396360e-16 4.121820e-18
7450.480000 2.382107e-16 4.181361e-18
7453.480000 2.395200e-16 4.289838e-18
7456.480000 2.412352e-16 4.401514e-18
7459.480000 2.412793e-16 4.521319e-18
7462.480000 2.343791e-16 4.639098e-18
7465.480000 2.372229e-16 4.802428e-18
7468.480000 2.425194e-16 5.000753e-18
7471.480000 2.514970e-16 5.211821e-18
7474.480000 2.566791e-16 5.246876e-18
7477.480000 2.491757e-16 5.097616e-18
7480.480000 2.473399e-16 4.973755e-18
7483.480000 2.497167e-16 4.862044e-18
7486.480000 2.526125e-16 4.782896e-18
7489.480000 2.457914e-16 4.566769e-18
7492.480000 2.448256e-16 4.422775e-18
7495.480000 2.506525e-16 4.341806e-18
7498.480000 2.599748e-16 4.216595e-18
7501.480000 2.543412e-16 4.076550e-18
7504.480000 2.519190e-16 3.991952e-18
7507.480000 2.480570e-16 3.904152e-18
7510.480000 2.473815e-16 3.836520e-18
7513.480000 2.447458e-16 3.783179e-18
7516.480000 2.431495e-16 3.766396e-18
7519.480000 2.439727e-16 3.832328e-18
7522.480000 2.450656e-16 3.959795e-18
7525.480000 2.501972e-16 4.031075e-18
7528.480000 2.575340e-16 3.964496e-18
7531.480000 2.579146e-16 3.827930e-18
7534.480000 2.500395e-16 3.695477e-18
7537.480000 2.415268e-16 3.603620e-18
7540.480000 2.396618e-16 3.572304e-18
7543.480000 2.398748e-16 3.580846e-18
7546.480000 2.401733e-16 3.602871e-18
7549.480000 2.411660e-16 3.639748e-18
7552.480000 2.435284e-16 3.709206e-18
7555.480000 2.437187e-16 3.791393e-18
7558.480000 2.455626e-16 3.878607e-18
7561.480000 2.459285e-16 3.920733e-18
7564.480000 2.443503e-16 3.983522e-18
7567.480000 2.408820e-16 4.137656e-18
7570.480000 2.377800e-16 4.322814e-18
7573.480000 2.423455e-16 4.440134e-18
7576.480000 2.421786e-16 4.416162e-18
7579.480000 2.467008e-16 4.423360e-18
7582.480000 2.445379e-16 4.488572e-18
7585.480000 2.413288e-16 4.595685e-18
7588.480000 2.390921e-16 4.706498e-18
7591.480000 2.274670e-16 4.729253e-18
7594.480000 2.022247e-16 4.758798e-18
7597.480000 1.842722e-16 5.076266e-18
7600.480000 1.721206e-16 5.510383e-18
7603.480000 1.779124e-16 6.002511e-18
7606.480000 1.967416e-16 6.794151e-18
7609.480000 2.508983e-16 7.599499e-18
7612.480000 2.995540e-16 7.981337e-18
7615.480000 3.154478e-16 7.612659e-18
7618.480000 3.058281e-16 6.815322e-18
7621.480000 2.695226e-16 5.841105e-18
7624.480000 2.339488e-16 5.171423e-18
7627.480000 2.231190e-16 4.903397e-18
7630.480000 2.421362e-16 5.164833e-18
7633.480000 2.525602e-16 5.210077e-18
7636.480000 2.580531e-16 5.191471e-18
7639.480000 2.650238e-16 5.087995e-18
7642.480000 2.627742e-16 4.924396e-18
7645.480000 2.595103e-16 4.734641e-18
7648.480000 2.608986e-16 4.592777e-18
7651.480000 2.641840e-16 4.498030e-18
7654.480000 2.623531e-16 4.427918e-18
7657.480000 2.570303e-16 4.266294e-18
7660.480000 2.535121e-16 4.096429e-18
7663.480000 2.554481e-16 4.032832e-18
7666.480000 2.558558e-16 3.959059e-18
7669.480000 2.509973e-16 3.872290e-18
7672.480000 2.512872e-16 3.889136e-18
7675.480000 2.576187e-16 3.978102e-18
7678.480000 2.613020e-16 4.088565e-18
7681.480000 2.621645e-16 4.033299e-18
7684.480000 2.553088e-16 3.971662e-18
7687.480000 2.459549e-16 3.991043e-18
7690.480000 2.455053e-16 4.056135e-18
7693.480000 2.473510e-16 4.183439e-18
7696.480000 2.517020e-16 4.266664e-18
7699.480000 2.496595e-16 4.371416e-18
7702.480000 2.696914e-16 4.525159e-18
7705.480000 2.530747e-16 4.549659e-18
7708.480000 2.388587e-16 4.917380e-18
7711.480000 2.426124e-16 5.505641e-18
7714.480000 2.892187e-16 6.138045e-18
7717.480000 2.635399e-16 6.130091e-18
7720.480000 2.461872e-16 5.828900e-18
7723.480000 2.451780e-16 5.530532e-18
7726.480000 2.443110e-16 5.305848e-18
7729.480000 2.429956e-16 5.048933e-18
7732.480000 2.450840e-16 4.834171e-18
7735.480000 2.435371e-16 4.681117e-18
7738.480000 2.380771e-16 4.525160e-18
7741.480000 2.312662e-16 4.413683e-18
7744.480000 2.340163e-16 4.461222e-18
7747.480000 2.453317e-16 4.789183e-18
7750.480000 2.501604e-16 5.129011e-18
7753.480000 2.476563e-16 5.036022e-18
7756.480000 2.410749e-16 4.596610e-18
7759.480000 2.438612e-16 4.362156e-18
7762.480000 2.431861e-16 4.220722e-18
7765.480000 2.410741e-16 4.004934e-18
7768.480000 2.429332e-16 3.889890e-18
7771.480000 2.430767e-16 3.925583e-18
7774.480000 2.468052e-16 4.003124e-18
7777.480000 2.478307e-16 4.051928e-18
7780.480000 2.474693e-16 4.076765e-18
7783.480000 2.540539e-16 4.003766e-18
7786.480000 2.512296e-16 3.896501e-18
7789.480000 2.432785e-16 3.976310e-18
7792.480000 2.532106e-16 4.267386e-18
7795.480000 2.553448e-16 4.358548e-18
7798.480000 2.453785e-16 4.123628e-18
7801.480000 2.401902e-16 3.902858e-18
7804.480000 2.388448e-16 3.936636e-18
7807.480000 2.484660e-16 4.152608e-18
7810.480000 2.523759e-16 4.233651e-18
7813.480000 2.416732e-16 4.200654e-18
7816.480000 2.486697e-16 4.459488e-18
7819.480000 2.615004e-16 4.929979e-18
7822.480000 2.650205e-16 5.175074e-18
7825.480000 2.531038e-16 4.985428e-18
7828.480000 2.382488e-16 4.654551e-18
7831.480000 2.369513e-16 4.574447e-18
7834.480000 2.439200e-16 4.736440e-18
7837.480000 2.530416e-16 4.904805e-18
7840.480000 2.389066e-16 5.134468e-18
7843.480000 2.412391e-16 5.340710e-18
7846.480000 2.422808e-16 5.488594e-18
7849.480000 2.510925e-16 5.837236e-18
7852.480000 2.581577e-16 6.262601e-18
7855.480000 2.589566e-16 6.135833e-18
7858.480000 2.425434e-16 5.653740e-18
7861.480000 2.360090e-16 5.241684e-18
7864.480000 2.380980e-16 4.989544e-18
7867.480000 2.374079e-16 4.863983e-18
7870.480000 2.430106e-16 4.902116e-18
7873.480000 2.292830e-16 4.694088e-18
7876.480000 2.251621e-16 4.459842e-18
7879.480000 2.358397e-16 4.425847e-18
7882.480000 2.436385e-16 4.430781e-18
7885.480000 2.427900e-16 4.355224e-18
7888.480000 2.400957e-16 4.342023e-18
7891.480000 2.428736e-16 4.332250e-18
7894.480000 2.437509e-16 4.148587e-18
7897.480000 2.382527e-16 3.880618e-18
7900.480000 2.381934e-16 3.761288e-18
7903.480000 2.374026e-16 3.744133e-18
7906.480000 2.378313e-16 3.844518e-18
7909.480000 2.366236e-16 4.147988e-18
7912.480000 2.465028e-16 4.588729e-18
7915.480000 2.526176e-16 4.795715e-18
7918.480000 2.436822e-16 4.624598e-18
7921.480000 2.378067e-16 4.385807e-18
7924.480000 2.300476e-16 4.129924e-18
7927.480000 2.250426e-16 4.001259e-18
7930.480000 2.324095e-16 4.108561e-18
7933.480000 2.324184e-16 4.098606e-18
7936.480000 2.225747e-16 3.962199e-18
7939.480000 2.232931e-16 3.948763e-18
7942.480000 2.274462e-16 4.056028e-18
7945.480000 2.402359e-16 4.300950e-18
7948.480000 2.403182e-16 4.446376e-18
7951.480000 2.277664e-16 4.449686e-18
7954.480000 2.248803e-16 4.434365e-18
7957.480000 2.256384e-16 4.544333e-18
7960.480000 2.255236e-16 4.926169e-18
7963.480000 2.338415e-16 5.537641e-18
7966.480000 2.349930e-16 5.776067e-18
7969.480000 2.267390e-16 5.480696e-18
7972.480000 2.321787e-16 5.288144e-18
7975.480000 2.302077e-16 5.284804e-18
7978.480000 2.287644e-16 5.330550e-18
7981.480000 2.363770e-16 5.289766e-18
7984.480000 2.243890e-16 4.983195e-18
7987.480000 2.160613e-16 4.792713e-18
7990.480000 2.321318e-16 5.113104e-18
7993.480000 2.475658e-16 5.467301e-18
7996.480000 2.358269e-16 5.266361e-18
7999.480000 2.229683e-16 4.649729e-18
8002.480000 2.264941e-16 4.258519e-18
8005.480000 2.304094e-16 4.089792e-18
8008.480000 2.359121e-16 4.055950e-18
8011.480000 2.388368e-16 4.117010e-18
8014.480000 2.346181e-16 4.144296e-18
8017.480000 2.307451e-16 4.099781e-18
8020.480000 2.320667e-16 4.079009e-18
8023.480000 2.414747e-16 4.253873e-18
8026.480000 2.361491e-16 4.350511e-18
8029.480000 2.276806e-16 4.186957e-18
8032.480000 2.284218e-16 3.900463e-18
8035.480000 2.309238e-16 3.726518e-18
8038.480000 2.284635e-16 3.657620e-18
8041.480000 2.284563e-16 3.640157e-18
8044.480000 2.306527e-16 3.674252e-18
8047.480000 2.315229e-16 3.752356e-18
8050.480000 2.308852e-16 3.845528e-18
8053.480000 2.305887e-16 3.903878e-18
8056.480000 2.273666e-16 3.934601e-18
8059.480000 2.337340e-16 4.107432e-18
8062.480000 2.405101e-16 4.271663e-18
8065.480000 2.357590e-16 4.235076e-18
8068.480000 2.314502e-16 4.203470e-18
8071.480000 2.259612e-16 4.190002e-18
8074.480000 2.297248e-16 4.293115e-18
8077.480000 2.333584e-16 4.420010e-18
8080.480000 2.317972e-16 4.539991e-18
8083.480000 2.352348e-16 4.567298e-18
8086.480000 2.351977e-16 4.655934e-18
8089.480000 2.336367e-16 4.768298e-18
8092.480000 2.364232e-16 4.926085e-18
8095.480000 2.359432e-16 5.060748e-18
8098.480000 2.289928e-16 5.174674e-18
8101.480000 2.342197e-16 5.267257e-18
8104.480000 2.389933e-16 5.210825e-18
8107.480000 2.289881e-16 4.943411e-18
8110.480000 2.259462e-16 4.749295e-18
8113.480000 2.211262e-16 4.565628e-18
8116.480000 2.230380e-16 4.468598e-18
8119.480000 2.219362e-16 4.362423e-18
8122.480000 2.276280e-16 4.322131e-18
8125.480000 2.274870e-16 4.231247e-18
8128.480000 2.292099e-16 4.158528e-18
8131.480000 2.278448e-16 4.078305e-18
8134.480000 2.273818e-16 4.016709e-18
8137.480000 2.242370e-16 3.957163e-18
8140.480000 2.259287e-16 3.949143e-18
8143.480000 2.246203e-16 3.975389e-18
8146.480000 2.260401e-16 4.047563e-18
8149.480000 2.250471e-16 3.885311e-18
8152.480000 2.310939e-16 3.844151e-18
8155.480000 2.340907e-16 3.729253e-18
8158.480000 2.232470e-16 3.644788e-18
8161.480000 2.216733e-16 3.628666e-18
8164.480000 2.254119e-16 3.640986e-18
8167.480000 2.255493e-16 3.649538e-18
8170.480000 2.242520e-16 3.660943e-18
8173.480000 2.225889e-16 3.674212e-18
8176.480000 2.181790e-16 3.677785e-18
8179.480000 2.198688e-16 3.729680e-18
8182.480000 2.225052e-16 3.798200e-18
8185.480000 2.269222e-16 3.888075e-18
8188.480000 2.202233e-16 3.907732e-18
8191.480000 2.158415e-16 3.967984e-18
8194.480000 2.217253e-16 4.141355e-18
8197.480000 2.258645e-16 4.247870e-18
8200.480000 2.223619e-16 4.409868e-18
8203.480000 2.201727e-16 4.414055e-18
8206.480000 2.273888e-16 4.548844e-18
8209.480000 2.184952e-16 4.939690e-18
8212.480000 2.179175e-16 4.753683e-18
8215.480000 2.207630e-16 4.932396e-18
8218.480000 2.206924e-16 4.983544e-18
8221.480000 2.191704e-16 5.003583e-18
8224.480000 2.144685e-16 5.141073e-18
8227.480000 2.228660e-16 4.995700e-18
8230.480000 2.202701e-16 4.869182e-18
8233.480000 2.306558e-16 4.838378e-18
8236.480000 2.284804e-16 4.769549e-18
8239.480000 2.228207e-16 4.614399e-18
8242.480000 2.278993e-16 4.566779e-18
8245.480000 2.215965e-16 4.418563e-18
8248.480000 2.267216e-16 4.385928e-18
8251.480000 2.223181e-16 4.251307e-18
8254.480000 2.250457e-16 4.194238e-18
8257.480000 2.245682e-16 4.117004e-18
8260.480000 2.230826e-16 4.009689e-18
8263.480000 2.261033e-16 3.972797e-18
8266.480000 2.228379e-16 3.962009e-18
8269.480000 2.214516e-16 3.924826e-18
8272.480000 2.215523e-16 3.953001e-18
8275.480000 2.266116e-16 4.080002e-18
8278.480000 2.308756e-16 4.272561e-18
8281.480000 2.244856e-16 4.429595e-18
8284.480000 2.244145e-16 4.530201e-18
8287.480000 2.313522e-16 4.606235e-18
8290.480000 2.359926e-16 4.591331e-18
8293.480000 2.320966e-16 4.523160e-18
8296.480000 2.387496e-16 4.685674e-18
8299.480000 2.435215e-16 4.796378e-18
8302.480000 2.256161e-16 4.502062e-18
8305.480000 2.171466e-16 4.188371e-18
8308.480000 2.238075e-16 4.176458e-18
8311.480000 2.263401e-16 4.249470e-18
8314.480000 2.239332e-16 4.216983e-18
8317.480000 2.228695e-16 4.180336e-18
8320.480000 2.223197e-16 4.203205e-18
8323.480000 2.255898e-16 4.296985e-18
8326.480000 2.253335e-16 4.344377e-18
8329.480000 2.190899e-16 4.402286e-18
8332.480000 2.156841e-16 4.508559e-18
8335.480000 2.147087e-16 4.764456e-18
8338.480000 2.110680e-16 5.281790e-18
8341.480000 2.348682e-16 6.522959e-18
8344.480000 2.515486e-16 7.536706e-18
8347.480000 2.271611e-16 7.426852e-18
8350.480000 2.238004e-16 6.777852e-18
8353.480000 2.368142e-16 6.405653e-18
8356.480000 2.272296e-16 5.868256e-18
8359.480000 2.168565e-16 5.267989e-18
8362.480000 2.170421e-16 5.090397e-18
8365.480000 2.221382e-16 5.046042e-18
8368.480000 2.176422e-16 4.799284e-18
8371.480000 2.133511e-16 4.526495e-18
8374.480000 2.112702e-16 4.361453e-18
8377.480000 2.217883e-16 4.454970e-18
8380.480000 2.308519e-16 4.649319e-18
8383.480000 2.279015e-16 4.711380e-18
8386.480000 2.143951e-16 4.448667e-18
8389.480000 2.055824e-16 4.171998e-18
8392.480000 2.151267e-16 4.223028e-18
8395.480000 2.332169e-16 4.665835e-18
8398.480000 2.443704e-16 5.224644e-18
8401.480000 2.325365e-16 5.181357e-18
8404.480000 2.152501e-16 4.557690e-18
8407.480000 2.172577e-16 4.024752e-18
8410.480000 2.260362e-16 3.998254e-18
8413.480000 2.310030e-16 4.209907e-18
8416.480000 2.223275e-16 4.270452e-18
8419.480000 2.052227e-16 4.092094e-18
8422.480000 2.074786e-16 4.070639e-18
8425.480000 2.300787e-16 4.563845e-18
8428.480000 2.593504e-16 5.315658e-18
8431.480000 2.518254e-16 5.475209e-18
8434.480000 2.188697e-16 4.886335e-18
8437.480000 2.136188e-16 4.328491e-18
8440.480000 2.230042e-16 4.167411e-18
8443.480000 2.249824e-16 4.225787e-18
8446.480000 2.286511e-16 4.422797e-18
8449.480000 2.290490e-16 4.706295e-18
8452.480000 2.300331e-16 5.068921e-18
8455.480000 2.294257e-16 5.035441e-18
8458.480000 2.315034e-16 4.984765e-18
8461.480000 2.290670e-16 5.466147e-18
8464.480000 2.464532e-16 6.226084e-18
8467.480000 2.281228e-16 6.237693e-18
8470.480000 2.086042e-16 5.621091e-18
8473.480000 2.045795e-16 5.207747e-18
8476.480000 2.062768e-16 5.155265e-18
8479.480000 2.166847e-16 5.154338e-18
8482.480000 2.141186e-16 5.006904e-18
8485.480000 2.179579e-16 4.887513e-18
8488.480000 2.172868e-16 4.827164e-18
8491.480000 2.206709e-16 4.900343e-18
8494.480000 2.171350e-16 4.920028e-18
8497.480000 2.068186e-16 4.749026e-18
8500.480000 2.073835e-16 4.685313e-18
8503.480000 2.201394e-16 4.893700e-18
8506.480000 2.207923e-16 4.922348e-18
8509.480000 2.143828e-16 4.564718e-18
8512.480000 2.194063e-16 4.195632e-18
8515.480000 2.245176e-16 4.042058e-18
8518.480000 2.242369e-16 3.965665e-18
8521.480000 2.247192e-16 3.928556e-18
8524.480000 2.283468e-16 3.918542e-18
8527.480000 2.327014e-16 3.884311e-18
8530.480000 2.340052e-16 3.830490e-18
8533.480000 2.278751e-16 3.795489e-18
8536.480000 2.235670e-16 3.825432e-18
8539.480000 2.219024e-16 3.881786e-18
8542.480000 2.182550e-16 3.888391e-18
8545.480000 2.165194e-16 3.932710e-18
8548.480000 2.190735e-16 4.022757e-18
8551.480000 2.171581e-16 4.007737e-18
8554.480000 2.148432e-16 3.914091e-18
8557.480000 2.178232e-16 3.892496e-18
8560.480000 2.151428e-16 3.889052e-18
8563.480000 2.106977e-16 3.928993e-18
8566.480000 2.165244e-16 4.031092e-18
8569.480000 2.197109e-16 4.125553e-18
8572.480000 2.195373e-16 4.188046e-18
8575.480000 2.168558e-16 4.253880e-18
8578.480000 2.195845e-16 4.381136e-18
8581.480000 2.203142e-16 4.485839e-18
8584.480000 2.233170e-16 4.639817e-18
8587.480000 2.198395e-16 4.759482e-18
8590.480000 2.117477e-16 4.827133e-18
8593.480000 2.123601e-16 4.944438e-18
8596.480000 2.175389e-16 5.114158e-18
8599.480000 2.149222e-16 5.202184e-18
8602.480000 2.155112e-16 5.225018e-18
8605.480000 2.102650e-16 5.111191e-18
8608.480000 2.021197e-16 4.966708e-18
8611.480000 2.045744e-16 4.937500e-18
8614.480000 2.078745e-16 4.987191e-18
8617.480000 2.194951e-16 5.155316e-18
8620.480000 2.236874e-16 5.280780e-18
8623.480000 2.205163e-16 5.372356e-18
8626.480000 2.157763e-16 5.403704e-18
8629.480000 2.154707e-16 5.401644e-18
8632.480000 2.123839e-16 5.288016e-18
8635.480000 2.101209e-16 5.065433e-18
8638.480000 2.046189e-16 4.732895e-18
8641.480000 2.019416e-16 4.437983e-18
8644.480000 2.061101e-16 4.296876e-18
8647.480000 2.108780e-16 4.367223e-18
8650.480000 2.168099e-16 4.587830e-18
8653.480000 2.154050e-16 4.740612e-18
8656.480000 2.222645e-16 4.797406e-18
8659.480000 2.298880e-16 4.796756e-18
8662.480000 2.233704e-16 4.696760e-18
8665.480000 2.237697e-16 4.638943e-18
8668.480000 2.227787e-16 4.573788e-18
8671.480000 2.190452e-16 4.484310e-18
8674.480000 2.159057e-16 4.388925e-18
8677.480000 2.131443e-16 4.277135e-18
8680.480000 2.061147e-16 4.172884e-18
8683.480000 2.042541e-16 4.120404e-18
8686.480000 2.061538e-16 4.110370e-18
8689.480000 2.104875e-16 4.166420e-18
8692.480000 2.049304e-16 4.182032e-18
8695.480000 2.043256e-16 4.246711e-18
8698.480000 2.080223e-16 4.343362e-18
8701.480000 2.052816e-16 4.620354e-18
8704.480000 2.249216e-16 4.598830e-18
8707.480000 2.184704e-16 4.607385e-18
8710.480000 2.108609e-16 4.641911e-18
8713.480000 2.093721e-16 4.713597e-18
8716.480000 2.132360e-16 4.856323e-18
8719.480000 2.108411e-16 4.943059e-18
8722.480000 2.062479e-16 4.993207e-18
8725.480000 2.045394e-16 5.082874e-18
8728.480000 2.045021e-16 5.148090e-18
8731.480000 2.110605e-16 5.143176e-18
8734.480000 2.089344e-16 5.039088e-18
8737.480000 2.051146e-16 4.906853e-18
8740.480000 2.032364e-16 4.801341e-18
8743.480000 1.991072e-16 4.638343e-18
8746.480000 1.964597e-16 4.521266e-18
8749.480000 1.992600e-16 4.464182e-18
8752.480000 1.928161e-16 4.401673e-18
8755.480000 1.952358e-16 4.580468e-18
8758.480000 2.063347e-16 5.143911e-18
8761.480000 2.108756e-16 5.649442e-18
8764.480000 2.157447e-16 5.843710e-18
8767.480000 2.111339e-16 5.807147e-18
8770.480000 1.956819e-16 5.490684e-18
8773.480000 1.997500e-16 5.183424e-18
8776.480000 2.230951e-16 5.398204e-18
8779.480000 2.176370e-16 5.456627e-18
8782.480000 2.020499e-16 4.921218e-18
8785.480000 2.066789e-16 4.365024e-18
8788.480000 2.141229e-16 4.294024e-18
8791.480000 2.057528e-16 4.310504e-18
8794.480000 1.905649e-16 4.096771e-18
8797.480000 1.807472e-16 3.807909e-18
8800.480000 1.778734e-16 3.681999e-18
8803.480000 1.801020e-16 3.729533e-18
8806.480000 1.914178e-16 3.894069e-18
8809.480000 1.988246e-16 4.027838e-18
8812.480000 1.944204e-16 4.045576e-18
8815.480000 2.000591e-16 4.121127e-18
8818.480000 1.936460e-16 4.361714e-18
8821.480000 1.994831e-16 5.285058e-18
8824.480000 2.377381e-16 6.913705e-18
8827.480000 2.450885e-16 7.824554e-18
8830.480000 2.116434e-16 7.324711e-18
8833.480000 2.131831e-16 6.628768e-18
8836.480000 2.187491e-16 6.469909e-18
8839.480000 1.935200e-16 5.988947e-18
8842.480000 1.726596e-16 5.235245e-18
8845.480000 1.619586e-16 5.013720e-18
8848.480000 1.709015e-16 5.367579e-18
8851.480000 1.693932e-16 5.658127e-18
8854.480000 1.688057e-16 5.525125e-18
8857.480000 1.781245e-16 5.371464e-18
8860.480000 1.970936e-16 5.237346e-18
8863.480000 2.072005e-16 5.470832e-18
8866.480000 2.207280e-16 5.873578e-18
8869.480000 2.170940e-16 5.845311e-18
8872.480000 1.991834e-16 5.268697e-18
8875.480000 1.931481e-16 4.767050e-18
8878.480000 1.997609e-16 4.770269e-18
8881.480000 2.197719e-16 5.360847e-18
8884.480000 2.310191e-16 6.312274e-18
8887.480000 2.119837e-16 6.592020e-18
8890.480000 1.923388e-16 5.771313e-18
8893.480000 2.043265e-16 4.782249e-18
8896.480000 2.112051e-16 4.430878e-18
8899.480000 2.131283e-16 4.588422e-18
8902.480000 2.153495e-16 4.928344e-18
8905.480000 2.058416e-16 4.921591e-18
8908.480000 1.985691e-16 4.540736e-18
8911.480000 1.994934e-16 4.314154e-18
8914.480000 2.057525e-16 4.758869e-18
8917.480000 2.114459e-16 5.709747e-18
8920.480000 2.064817e-16 6.203460e-18
8923.480000 1.971082e-16 5.679973e-18
8926.480000 1.954589e-16 4.744599e-18
8929.480000 1.990007e-16 4.258408e-18
8932.480000 2.024729e-16 4.194327e-18
8935.480000 2.079524e-16 4.311794e-18
8938.480000 2.123181e-16 4.614512e-18
8941.480000 2.194607e-16 5.064862e-18
8944.480000 2.196299e-16 5.271637e-18
8947.480000 2.110990e-16 5.062040e-18
8950.480000 2.040125e-16 4.951780e-18
8953.480000 2.127616e-16 5.574176e-18
8956.480000 2.196107e-16 6.640248e-18
8959.480000 2.041612e-16 6.987629e-18
8962.480000 1.933646e-16 6.253862e-18
8965.480000 1.857428e-16 5.342283e-18
8968.480000 1.655325e-16 4.947062e-18
8971.480000 1.612339e-16 4.988362e-18
8974.480000 1.763671e-16 5.225917e-18
8977.480000 1.880687e-16 5.505812e-18
8980.480000 1.861121e-16 5.631166e-18
8983.480000 1.903254e-16 5.713147e-18
8986.480000 2.013416e-16 5.981605e-18
8989.480000 2.058000e-16 6.094838e-18
8992.480000 1.982765e-16 5.731387e-18
8995.480000 2.000918e-16 5.459238e-18
8998.480000 2.048400e-16 5.723729e-18
9001.480000 2.057481e-16 6.069569e-18
9004.480000 2.011346e-16 5.851835e-18
9007.480000 2.011585e-16 5.174171e-18
9010.480000 2.077711e-16 4.745544e-18
9013.480000 2.097108e-16 4.566020e-18
9016.480000 2.110807e-16 4.478390e-18
9019.480000 2.137744e-16 4.451867e-18
9022.480000 2.075564e-16 4.352173e-18
9025.480000 2.033122e-16 4.254038e-18
9028.480000 2.027504e-16 4.215709e-18
9031.480000 2.085399e-16 4.256812e-18
9034.480000 2.172586e-16 4.378491e-18
9037.480000 2.173132e-16 4.495303e-18
9040.480000 2.123647e-16 4.520459e-18
9043.480000 2.136235e-16 4.518074e-18
9046.480000 2.185451e-16 4.657297e-18
9049.480000 2.186241e-16 4.803242e-18
9052.480000 2.132840e-16 4.695636e-18
9055.480000 2.079958e-16 4.463852e-18
9058.480000 2.077794e-16 4.376499e-18
9061.480000 2.071513e-16 4.401419e-18
9064.480000 2.045103e-16 4.463670e-18
9067.480000 2.004555e-16 4.527043e-18
9070.480000 1.953096e-16 4.571490e-18
9073.480000 1.940611e-16 4.608824e-18
9076.480000 1.935067e-16 4.650990e-18
9079.480000 1.965020e-16 4.766515e-18
9082.480000 1.992109e-16 4.888876e-18
9085.480000 2.019726e-16 5.051341e-18
9088.480000 2.061073e-16 5.260260e-18
9091.480000 2.078493e-16 5.603400e-18
9094.480000 2.054432e-16 5.832682e-18
9097.480000 2.120962e-16 6.004592e-18
