3421.99956 -5.61470e-17
3423.99988 -8.94545e-17
3426.00020 -8.76229e-18
3428.00052 -3.30706e-17
3429.99978 -4.33796e-17
3432.00010 -3.46887e-17
3434.00042  1.20019e-17
3435.99967  4.86915e-17
3437.99999  1.00381e-16
3440.00031  1.00071e-16
3441.99957  7.47590e-17
3443.99989  5.14475e-17
3446.00021  3.51355e-17
3448.00053  3.68232e-17
3449.99978  1.05099e-17
3452.00010 -2.78033e-17
3454.00042 -2.31170e-17
3455.99968 -5.04313e-17
3458.00000  1.82543e-17
3460.00032 -1.30606e-17
3461.99958  3.36238e-17
3463.99990 -1.96919e-17
3466.00022 -3.00803e-18
3467.99947  1.36751e-17
3469.99979 -2.06418e-17
3472.00011 -9.59212e-19
3474.00043  3.72308e-18
3475.99969 -3.95955e-17
3478.00001 -4.89141e-17
3480.00033 -5.52331e-17
3481.99958 -4.25528e-17
3483.99990 -5.58726e-17
3486.00022 -3.01929e-17
3487.99948 -1.55139e-17
3489.99980  2.51650e-17
3492.00012  1.07844e-16
3494.00044  1.08522e-16
3495.99970  1.00199e-16
3498.00002  7.18761e-17
3500.00034  8.35530e-17
3501.99959  7.92291e-17
3503.99991  7.59051e-17
3506.00023  8.45807e-17
3507.99949  2.82556e-17
3509.99981  4.39304e-17
3512.00013 -1.03953e-17
3514.00045  8.27869e-18
3515.99970  3.39519e-17
3518.00002  6.62512e-18
3520.00034 -3.27024e-17
3521.99960 -4.03039e-18
3523.99992 -6.63585e-17
3526.00024 -4.26870e-17
3527.99950 -9.70164e-17
3529.99982 -7.23458e-17
3532.00014 -7.66754e-17
3534.00046 -4.90058e-17
3535.99971 -2.33670e-18
3538.00003 -4.46677e-17
3540.00035  7.94093e-22
3541.99961  2.36686e-17
3543.99993  1.33625e-18
3546.00025  7.50036e-17
3547.99950  5.06701e-17
3549.99982  5.83366e-17
3552.00014 -1.99974e-17
3554.00046 -2.53317e-17
3555.99972 -1.56669e-17
3558.00004  3.99794e-18
3560.00036  1.46623e-17
3561.99962  2.33259e-17
3563.99994  4.19894e-17
3566.00026  2.76525e-17
3567.99951  5.53150e-17
3569.99983  7.99773e-17
3572.00015  2.96392e-17
3574.00047  6.23005e-17
3575.99973  3.49614e-17
3578.00005  8.36219e-17
3580.00037  7.42822e-17
3581.99962  2.19416e-17
3583.99994  1.76009e-17
3586.00026 -5.47400e-17
3587.99952 -3.40820e-17
3589.99984 -3.54238e-17
3592.00016 -1.77661e-17
3594.00048 -7.91088e-17
3595.99974 -4.84522e-17
3598.00006 -5.27958e-17
3600.00038 -2.91397e-17
3601.99963 -4.84845e-17
3603.99995 -6.78292e-17
3606.00027  1.08254e-17
3607.99953 -2.52045e-18
3609.99985 -5.88666e-17
3612.00017 -1.92130e-17
3614.00049 -3.55600e-17
3615.99974 -4.09075e-17
3618.00006 -7.22553e-17
3620.00038 -1.27603e-16
3621.99964 -5.39524e-17
3623.99996 -5.83013e-17
3626.00028 -6.65080e-18
3627.99954 -2.80009e-17
3629.99986 -1.35107e-18
3632.00018  2.72982e-17
3634.00050  2.59472e-17
3635.99975  2.35953e-17
3638.00007  9.62434e-17
3640.00039  6.08910e-17
3641.99965  1.15379e-17
3643.99997  6.31847e-17
3646.00029  5.38311e-17
3647.99954  8.24768e-17
3649.99986  7.31223e-17
3652.00018  1.02768e-16
3654.00050  3.64123e-17
3655.99976  7.90563e-17
3658.00008  7.47002e-17
3660.00040  5.63437e-17
3661.99966  7.39864e-17
3663.99998  6.76289e-17
3666.00030  9.92713e-17
3667.99955  4.99126e-17
3669.99987  8.55403e-18
3672.00019  1.61950e-17
3674.00051  3.08355e-17
3675.99977  3.24752e-17
3678.00009 -1.88497e-18
3680.00041 -7.24573e-18
3681.99966  6.39282e-18
3683.99998 -1.49688e-17
3686.00030 -1.33308e-17
3687.99956 -3.86935e-17
3689.99988 -4.00564e-17
3692.00020 -3.24195e-17
3694.00052 -3.67832e-17
3695.99978 -8.51476e-17
3698.00010 -5.65121e-17
3700.00042  7.12291e-18
3701.99967  6.75731e-18
3703.99999 -4.96086e-17
3706.00031 -3.99747e-17
3707.99957 -2.53416e-17
3709.99989 -1.17086e-17
3712.00021 -3.50761e-17
3714.00053 -2.94440e-17
3715.99978 -6.38126e-17
3718.00010 -5.21813e-17
3720.00042 -3.55504e-17
3721.99968 -1.29202e-17
3724.00000 -1.02902e-17
3726.00032 -1.66608e-17
3727.99958  1.99682e-17
3729.99990  3.59687e-18
3732.00022  3.42253e-17
3733.99947  4.85281e-18
3735.99979  1.48040e-18
3738.00011  5.10745e-18
3740.00043  3.57342e-17
3741.99969  2.93601e-17
3744.00001  4.19859e-17
3746.00033  5.66113e-17
3747.99958  3.72358e-17
3749.99990  4.08605e-17
3752.00022  6.34847e-17
3753.99948  6.31079e-17
3755.99980  5.27312e-17
3758.00012  4.83541e-17
3760.00044  5.99766e-17
3761.99970  8.35983e-17
3764.00002  6.92199e-17
3766.00034  4.98412e-17
3767.99959  5.04615e-17
3769.99991  6.60819e-17
3772.00023  8.87018e-17
3773.99949  8.83210e-17
3775.99981  6.39400e-17
3778.00013  6.15586e-17
3780.00045  5.01769e-17
3781.99970  2.87944e-17
3784.00002  5.24118e-17
3786.00034  4.50287e-17
3787.99960  8.66449e-17
3789.99992  3.82611e-17
3792.00024  4.88767e-17
3793.99950  5.44917e-17
3795.99982  7.01066e-17
3798.00014  4.17210e-17
3800.00046  7.13350e-17
3801.99971  6.59483e-17
3804.00003  4.56132e-18
3806.00035  7.91741e-17
3807.99961  3.87862e-17
3809.99993  2.63980e-17
3812.00025  4.60095e-17
3813.99950  1.62022e-18
3815.99982  4.92309e-17
3818.00014  5.98411e-17
3820.00046  4.54509e-17
3821.99972  5.40598e-17
3824.00004  5.06689e-17
3826.00036  5.62773e-17
3827.99962  7.38852e-17
3829.99994  2.14928e-17
3832.00026  5.81001e-17
3833.99951  3.70656e-18
3835.99983  1.13130e-17
3838.00015  3.99190e-17
3840.00047  2.95244e-17
3841.99973  2.81293e-17
3844.00005  1.07340e-17
3846.00037  3.33832e-18
3847.99962 -9.05822e-18
3849.99994 -3.54548e-17
3852.00026 -1.85172e-18
3853.99952  1.67506e-17
3855.99984  1.93527e-17
3858.00016  3.89545e-17
3860.00048  2.45558e-17
3861.99974  3.91564e-17
3864.00006  2.57568e-17
3866.00038  7.33569e-17
3867.99963  3.39562e-17
3869.99995  6.45555e-17
3872.00027  3.81542e-17
3873.99953  2.57523e-17
3875.99985  3.03503e-17
3878.00017  4.99477e-17
3880.00049  8.54481e-18
3881.99974  4.01413e-17
3884.00006  1.87374e-17
3886.00038  5.53333e-17
3887.99964  3.29284e-17
3889.99996  6.52326e-18
3892.00028  5.11179e-17
3893.99954  5.27117e-17
3895.99986  4.53054e-17
3898.00018  1.68986e-17
3900.00050  3.14915e-17
3901.99975  5.20836e-17
3904.00007  3.46757e-17
3906.00039  5.92672e-17
3907.99965  7.18581e-17
3909.99997  7.04488e-17
3912.00029  6.80391e-17
3913.99954  6.96288e-17
3915.99986  1.92182e-17
3918.00018  7.28072e-17
3920.00050  5.33958e-17
3921.99976  5.29838e-17
3924.00008  4.65716e-17
3926.00040  5.51588e-17
3927.99966  2.87454e-17
3929.99998 -1.26681e-17
3932.00030  9.91807e-18
3933.99955  3.45034e-17
3935.99987  3.50887e-17
3938.00019  5.96734e-17
3940.00051  5.32578e-17
3941.99977  1.88414e-17
3944.00009  2.14251e-17
3946.00041  6.30081e-17
3947.99966  6.15905e-17
3949.99998  3.81727e-17
3952.00030  4.57546e-17
3953.99956  3.73357e-17
3955.99988  9.91664e-18
3958.00020  2.84973e-17
3960.00052  3.20773e-17
3961.99978  5.06567e-17
3964.00010  4.12361e-17
3966.00042  2.28150e-17
3967.99967  1.83931e-17
3969.99999 -6.02897e-18
3972.00031 -9.45130e-18
3973.99957  2.11255e-17
3975.99989  3.77024e-17
3978.00021  4.22786e-17
3980.00053  4.78546e-17
3981.99978  4.64297e-17
3984.00010  4.80048e-17
3986.00042  1.05794e-17
3987.99968  4.71533e-17
3990.00000  6.97271e-17
3992.00032  6.73004e-17
3993.99958  5.58731e-17
3995.99990  1.74455e-17
3998.00022  3.50177e-17
3999.99947  4.15889e-17
4001.99979  1.91603e-17
4004.00011  1.57310e-17
4006.00043  1.13015e-17
4007.99969  5.68710e-17
4010.00001  1.44064e-18
4012.00033  3.10097e-17
4013.99958  1.75780e-17
4015.99990  1.81463e-17
4018.00022  1.17142e-17
4019.99948 -5.71872e-18
4021.99980  8.84826e-18
4024.00012  5.44148e-17
4026.00044  7.19810e-17
4027.99970  2.65464e-17
4030.00002  9.11164e-18
4032.00034  5.66766e-17
4033.99959 -6.75932e-18
4035.99991  2.18046e-17
4038.00023  5.36823e-18
4039.99949  1.59311e-17
4041.99981  4.04939e-17
4044.00013  5.00561e-17
4046.00045  6.16181e-17
4047.99970  3.01792e-17
4050.00002  2.67403e-17
4052.00034  5.03009e-17
4053.99960  6.38608e-17
4055.99992  2.64206e-17
4058.00024  6.97992e-18
4059.99950  1.15386e-17
4061.99982  3.00971e-17
4064.00014  2.56551e-17
4066.00046  3.62127e-17
4067.99971  3.07697e-17
4070.00003  2.03265e-17
4072.00035  4.48829e-17
4073.99961  2.74385e-17
4075.99993 -5.00602e-18
4078.00025  2.65491e-17
4079.99950  3.51035e-17
4081.99982  1.96577e-17
4084.00014  3.12115e-17
4086.00046  3.87650e-17
4087.99972 -6.68237e-18
4090.00004  3.78703e-17
4092.00036  2.94223e-17
4093.99962  2.09737e-17
4095.99994  1.75251e-17
4098.00026  1.90758e-17
4099.99951  1.76260e-17
4101.99983  3.21759e-17
4104.00015  1.47256e-17
4106.00047  2.42747e-17
4107.99973  2.98232e-17
4110.00005  4.73715e-17
4112.00037  8.91939e-18
4113.99962  4.04666e-17
4115.99994  2.20135e-17
4118.00026  5.85602e-17
4119.99952  3.51061e-17
4121.99984  4.16518e-17
4124.00016  4.91971e-17
4126.00048  2.77421e-17
4127.99974  3.92862e-17
4130.00006  1.68303e-17
4132.00038  2.33739e-17
4133.99963  1.99168e-17
4135.99995  2.84596e-17
4138.00027  3.90020e-17
4139.99953  3.55437e-17
4141.99985  2.00852e-17
4144.00017  3.56263e-17
4146.00049  3.01669e-17
4147.99974  4.97069e-17
4150.00006  3.92467e-17
4152.00038  1.77861e-17
4153.99964  4.23247e-17
4155.99996  3.78632e-17
4158.00028  4.14014e-17
4159.99954  4.09388e-17
4161.99986  4.34761e-17
4164.00018  1.50129e-17
4166.00050  3.45493e-17
4167.99975  1.70851e-17
4170.00007 -1.23794e-17
4172.00039  1.21558e-17
4173.99965  1.86901e-17
4175.99997 -1.27755e-17
4178.00029  2.27584e-17
4179.99954 -5.70845e-18
4181.99986  1.78245e-17
4184.00018  4.63572e-17
4186.00050 -8.11069e-18
4187.99976  2.34208e-17
4190.00008  1.89521e-17
4192.00040  3.84830e-17
4193.99966  3.00132e-17
4195.99998  6.75433e-17
4198.00030  5.40729e-17
4199.99955  2.06018e-17
4201.99987  2.21306e-17
4204.00019  3.86590e-17
4206.00051  1.81869e-17
4207.99977 -5.28588e-18
4210.00009  1.02412e-17
4212.00041  1.77678e-17
4213.99966  8.29375e-18
4215.99998 -1.31804e-17
4218.00030 -2.65505e-18
4219.99956 -8.13033e-18
4221.99988 -1.06058e-17
4224.00020 -1.30817e-17
4226.00052  2.44202e-18
4227.99978  1.39650e-17
4230.00010  1.74879e-17
4232.00042  1.40103e-17
4233.99967  1.75320e-17
4235.99999 -5.94646e-18
4238.00031  9.57470e-18
4239.99957 -5.90485e-18
4241.99989  3.56155e-17
4244.00021  2.81353e-17
4246.00053  3.76548e-17
4247.99978  3.17354e-18
4250.00010  5.26922e-17
4252.00042  3.12103e-17
4253.99968  3.07278e-17
4256.00000  3.72451e-17
4258.00032  1.37620e-17
4259.99958  5.27829e-18
4261.99990 -9.20569e-18
4264.00022  2.53100e-17
4265.99947  1.18249e-17
4267.99979  2.73397e-17
4270.00011  3.08541e-17
4272.00043  1.13680e-17
4273.99969  4.88121e-18
4276.00001  1.83943e-17
4278.00033 -3.09299e-18
4279.99958  4.41897e-18
4281.99990  1.29308e-17
4284.00022  3.74422e-17
4285.99948  1.69529e-17
4287.99980 -1.35366e-17
4290.00012 -3.02640e-18
4292.00044 -5.51673e-18
4293.99970  1.59923e-17
4296.00002 -8.49881e-18
4298.00034 -2.99034e-18
4299.99959 -4.82650e-19
4301.99991 -1.79751e-17
4304.00023  3.05321e-17
4305.99949  3.03860e-18
4307.99981  2.54491e-18
4310.00013  2.40508e-17
4312.00045 -1.44374e-18
4313.99970  1.06107e-18
4316.00002  1.56574e-18
4318.00034 -1.69301e-17
4319.99960 -2.04266e-17
4321.99992 -2.49232e-17
4324.00024 -4.42032e-18
4325.99950  3.08198e-18
4327.99982 -1.24160e-17
4330.00014 -2.89143e-17
4332.00046 -2.44131e-17
4333.99971  1.08751e-18
4336.00003 -1.24121e-17
4338.00035 -2.91205e-18
4339.99961  5.58722e-18
4341.99993 -2.91369e-18
4344.00025 -1.34150e-17
4345.99950  4.08302e-18
4347.99982  2.58094e-18
4350.00014  1.20784e-17
4352.00046  4.57538e-18
4353.99972  6.07166e-18
4356.00004 -1.54321e-17
4358.00036 -1.93642e-18
4359.99962 -6.44132e-18
4361.99994  3.05358e-18
4364.00026  1.05480e-17
4365.99951  1.80418e-17
4367.99983  2.15355e-17
4370.00015  7.02876e-18
4372.00047  1.35215e-17
4373.99973  1.70136e-17
4376.00005  3.05057e-17
4378.00037  3.29972e-17
4379.99962  1.74879e-17
4381.99994  2.09786e-17
4384.00026  9.46882e-18
4385.99952 -1.50415e-17
4387.99984 -7.55212e-18
4390.00016 -9.06315e-18
4392.00048 -2.25746e-17
4393.99974  9.91341e-18
4396.00006  1.40107e-18
4398.00038 -1.81116e-17
4399.99963 -1.26250e-17
4401.99995  7.86142e-18
4404.00027  3.23476e-17
4405.99953 -3.16714e-18
4407.99985 -6.68198e-18
4410.00017  8.80282e-18
4412.00049  2.12873e-17
4413.99974  7.77092e-18
4416.00006  1.02544e-17
4418.00038  3.17374e-17
4419.99964  3.42198e-17
4421.99996  2.37021e-17
4424.00028  3.51839e-17
4425.99954 -9.33491e-18
4427.99986 -1.88540e-17
4430.00018 -4.37328e-18
4432.00050  3.10686e-18
4433.99975 -1.44137e-17
4436.00007  2.00655e-17
4438.00039  1.85445e-17
4439.99965  2.50227e-17
4441.99997  1.85007e-17
4444.00029  2.09783e-17
4445.99954  4.45521e-18
4447.99986 -1.70679e-17
4450.00018  3.04084e-17
4452.00050 -4.11565e-18
4453.99976  1.53595e-17
4456.00008  6.83471e-18
4458.00040 -1.69063e-18
4459.99966  3.78333e-18
4461.99998  1.02571e-17
4464.00030  4.73052e-18
4465.99955  9.20336e-18
4467.99987  2.06759e-17
4470.00019  1.01480e-17
4472.00051  2.06197e-17
4473.99977 -5.90914e-18
4476.00009 -4.43829e-18
4478.00041  4.03211e-18
4479.99966 -1.84981e-17
4481.99998  4.97150e-18
4484.00030  6.44079e-18
4485.99956 -9.06325e-20
4487.99988  2.43777e-17
4490.00020  3.18456e-17
4492.00052  1.33132e-17
4493.99978  1.17800e-17
4496.00010  1.22467e-17
4498.00042  1.37129e-17
4499.99967  1.91786e-17
4501.99999  4.64404e-18
4504.00031 -3.89101e-18
4505.99957  5.73335e-19
4507.99989 -2.19625e-17
4510.00021 -5.49870e-18
4512.00053 -1.30354e-17
4513.99978 -4.57273e-18
4516.00010 -1.41103e-17
4518.00042 -1.36481e-17
4519.99968 -1.41867e-17
4522.00000 -1.72551e-18
4524.00032 -6.26476e-18
4525.99958 -1.78046e-17
4527.99990  8.65546e-18
4530.00022 -5.88503e-18
4531.99947 -1.42616e-18
4533.99979  1.10326e-17
4536.00011  1.04909e-17
4538.00043  3.69488e-17
4539.99969  1.54060e-17
4542.00001  1.18630e-17
4544.00033 -2.06804e-17
4545.99958 -6.22437e-18
4547.99990  6.23141e-18
4550.00022  6.86758e-19
4551.99948  9.14142e-18
4553.99980  5.96046e-19
4556.00012 -2.94984e-18
4558.00044  3.50383e-18
4559.99970 -4.31722e-20
4562.00002 -5.90250e-19
4564.00034 -4.13781e-18
4565.99959  1.33140e-17
4567.99991 -1.12344e-17
4570.00023  7.21669e-18
4571.99949  3.66734e-18
4573.99981  1.51177e-17
4576.00013  1.45676e-17
4578.00045  1.30170e-17
4579.99970  2.54660e-17
4582.00002  4.91464e-18
4584.00034  3.03629e-17
4585.99960  1.88105e-17
4587.99992  4.42579e-17
4590.00024  2.70497e-18
4591.99950  2.11513e-17
4593.99982  6.59751e-18
4596.00014 -4.95678e-18
4598.00046  9.48862e-18
4599.99971  6.93331e-18
4602.00003  6.37781e-18
4604.00035  1.58219e-17
4605.99961  1.42653e-17
4607.99993 -2.91379e-19
4610.00025  2.15146e-18
4611.99950  2.05936e-17
4613.99982 -2.09645e-17
4616.00014  1.94773e-17
4618.00046 -8.16063e-20
4619.99972  1.03589e-17
4622.00004  1.67993e-17
4624.00036  3.23927e-18
4625.99962  2.76785e-17
4627.99994  6.11762e-18
4630.00026  1.45563e-17
4631.99951  9.99422e-18
4633.99983  1.34322e-17
4636.00015  2.88696e-17
4638.00047  3.06546e-19
4639.99973  2.77429e-17
4642.00005  3.11792e-17
4644.00037  5.61490e-18
4645.99962  4.05003e-18
4647.99994  1.24850e-17
4650.00026  1.29194e-17
4651.99952  1.35337e-18
4653.99984  1.77871e-17
4656.00016  2.22203e-17
4658.00048  2.16531e-17
4659.99974  4.08542e-18
4662.00006  3.55174e-17
4664.00038  2.09490e-17
4665.99963  3.63800e-17
4667.99995  3.18107e-17
4670.00027  7.24118e-18
4671.99953  2.66709e-17
4673.99985  3.31004e-17
4676.00017  2.05295e-17
4678.00049  1.79583e-17
4679.99974  2.38633e-18
4682.00006  2.68142e-17
4684.00038  2.42416e-17
4685.99964  1.36684e-17
4687.99996  3.20952e-17
4690.00028  2.95214e-17
4691.99954  2.19469e-17
4693.99986  1.63723e-17
4696.00018  2.57974e-17
4698.00050  3.12219e-17
4699.99975  1.96458e-17
4702.00007  2.00695e-17
4704.00039  1.14929e-17
4705.99965  3.79156e-17
4707.99997  3.53381e-17
4710.00029  3.07601e-17
4711.99954  2.41816e-17
4713.99986  4.06029e-17
4716.00018  2.40238e-17
4718.00050  4.34441e-17
4719.99976  2.48639e-17
4722.00008  3.32837e-17
4724.00040  3.47028e-17
4725.99966  2.21213e-17
4727.99998  1.95397e-17
4730.00030  5.59576e-17
4731.99955  3.83750e-17
4733.99987  3.67921e-17
4736.00019  2.92088e-17
4738.00051  1.16251e-17
4739.99977  3.20409e-17
4742.00009  4.94563e-17
4744.00041  6.28713e-17
4745.99966  4.32858e-17
4747.99998  5.37000e-17
4750.00030  3.51139e-17
4751.99956  2.45271e-17
4753.99988  6.99400e-17
4756.00020  2.93526e-17
4758.00052  4.47649e-17
4759.99978  1.51764e-17
4762.00010  1.85878e-17
4764.00042  3.49987e-17
4765.99967  3.74091e-17
4767.99999  5.48192e-17
4770.00031  2.72289e-17
4771.99957  2.66380e-17
4773.99989  4.30468e-17
4776.00021  5.44554e-17
4778.00053  5.68634e-17
4779.99978  3.42709e-17
4782.00010  4.76781e-17
4784.00042  5.00850e-17
4785.99968  3.74912e-17
4788.00000  3.88972e-17
4790.00032  5.03028e-17
4791.99958  3.27077e-17
4793.99990  2.31126e-17
4796.00022  3.25170e-17
4797.99947  4.69207e-17
4799.99979  4.43242e-17
4802.00011  3.77275e-17
4804.00043  4.61302e-17
4805.99969  5.45323e-17
4808.00001  4.09341e-17
4810.00033  4.13357e-17
4811.99958  4.27366e-17
4813.99990  4.31373e-17
4816.00022  4.45376e-17
4817.99948  4.79372e-17
4819.99980  4.23367e-17
4822.00012  2.67358e-17
4824.00044  5.81344e-17
4825.99970  4.15324e-17
4828.00002  4.29303e-17
4830.00034  2.23277e-17
4831.99959  3.37245e-17
4833.99991  5.31210e-17
4836.00023  6.55172e-17
4837.99949  2.99129e-17
4839.99981  3.33082e-17
4842.00013  5.87032e-17
4844.00045  3.60977e-17
4845.99970  4.34917e-17
4848.00002  4.98855e-17
4850.00034  4.52788e-17
4851.99960  4.36714e-17
4853.99992  4.30640e-17
4856.00024  4.94561e-17
4857.99950  3.08476e-17
4859.99982  1.42389e-17
4862.00014  3.86298e-17
4864.00046  5.10203e-17
4865.99971  5.54102e-17
4868.00003  4.67998e-17
4870.00035  3.31890e-17
4871.99961  3.45777e-17
4873.99993  4.59662e-17
4876.00025  3.33542e-17
4877.99950  4.87416e-17
4879.99982  4.51288e-17
4882.00014  6.85158e-17
4884.00046  4.49021e-17
4885.99972  5.22879e-17
4888.00004  5.56735e-17
4890.00036  3.70588e-17
4891.99962  5.04433e-17
4893.99994  4.88277e-17
4896.00026  4.32116e-17
4897.99951  5.35950e-17
4899.99983  5.29782e-17
4902.00015  7.83610e-17
4904.00047  7.07433e-17
4905.99973  3.41250e-17
4908.00005  4.55066e-17
4910.00037  2.48878e-17
4911.99962  5.02683e-17
4913.99994  4.26486e-17
4916.00026  4.00285e-17
4917.99952  4.54079e-17
4919.99984  6.67870e-17
4922.00016  1.71657e-17
4924.00048  4.55440e-17
4925.99974  4.99217e-17
4928.00006  4.32992e-17
4930.00038  3.26763e-17
4931.99963  3.40527e-17
4933.99995  2.54290e-17
4936.00027  4.48049e-17
4937.99953  4.31802e-17
4939.99985  5.55553e-17
4942.00017  2.29299e-17
4944.00049  2.53043e-17
4945.99974  3.66779e-17
4948.00006  4.10513e-17
4950.00038  5.34244e-17
4951.99964  6.37968e-17
4953.99996  6.81691e-17
4956.00028  5.35409e-17
4957.99954  1.39122e-17
4959.99986  5.42832e-17
4962.00018  3.36539e-17
4964.00050  3.20241e-17
4965.99975  3.63938e-17
4968.00007  2.67632e-17
4970.00039  2.71323e-17
4971.99965  5.05007e-17
4973.99997  6.28689e-17
4976.00029  6.42367e-17
4977.99954  3.06039e-17
4979.99986  1.89710e-17
4982.00018  3.53376e-17
4984.00050  2.07038e-17
4985.99976  5.40694e-17
4988.00008  2.43485e-18
4990.00040  2.37998e-17
4991.99966  3.61643e-17
4993.99998  3.05284e-17
4996.00030  3.18923e-17
4997.99955  2.22555e-17
4999.99987  3.26185e-17
5002.00019  2.59811e-17
5004.00051  3.43433e-17
5005.99977  1.67050e-17
5008.00009  2.80663e-17
5010.00041  3.14273e-17
5011.99966  3.17877e-17
5013.99998  3.91480e-17
5016.00030  5.25078e-17
5017.99956  2.98670e-17
5019.99988  2.52260e-17
5022.00020  2.85846e-17
5024.00052  2.29429e-17
5025.99978  1.93004e-17
5028.00010  1.46578e-17
5030.00042  2.20148e-17
5031.99967  2.13713e-17
5033.99999  1.97275e-17
5036.00031  2.40833e-17
5037.99957  2.74386e-17
5039.99989  1.37935e-17
5042.00021  1.31482e-17
5044.00053  3.75024e-17
5045.99978  2.98560e-17
5048.00010  1.32094e-17
5050.00042  3.05625e-17
5051.99968  2.69149e-17
5054.00000  1.72672e-17
5056.00032  1.66190e-17
5057.99958  1.59702e-17
5059.99990  1.13213e-17
5062.00022  1.66719e-17
5063.99947 -9.78032e-19
5065.99979  3.71781e-19
5068.00011  4.72131e-18
5070.00043  1.60703e-17
5071.99969  3.44188e-17
5074.00001  2.47670e-17
5076.00033  1.14852e-19
5077.99958 -8.53779e-18
5079.99990  1.38093e-17
5082.00022  5.15592e-18
5083.99948 -2.49803e-18
5085.99980  4.84794e-18
5088.00012  2.51934e-17
5090.00044  4.53847e-18
5091.99970 -1.11706e-18
5094.00002 -8.77267e-18
5096.00034  2.65712e-17
5097.99959  2.39145e-17
5099.99991  3.42576e-17
5102.00023  1.66003e-17
5103.99949 -2.05748e-18
5105.99981  1.02844e-17
5108.00013  9.62592e-18
5110.00045  1.69671e-17
5111.99970  1.30769e-18
5114.00002  1.06480e-17
5116.00034  1.29879e-17
5117.99960  1.93273e-17
5119.99992  1.26665e-17
5122.00024  1.70053e-17
5123.99950  2.43435e-17
5125.99982  2.56814e-17
5128.00014  1.80190e-17
5130.00046  3.33562e-17
5131.99971  1.36929e-17
5134.00003  1.50293e-17
5136.00035  1.83653e-17
5137.99961  5.70070e-18
5139.99993  9.03600e-18
5142.00025  9.37082e-18
5143.99950 -1.29491e-18
5145.99982  1.90391e-17
5148.00014 -3.62715e-18
5150.00046  1.37061e-17
5151.99972  3.87915e-20
5154.00004  4.23713e-17
5156.00036  2.67034e-17
5157.99962  2.40349e-17
5159.99994  2.23662e-17
5162.00026  6.97108e-19
5163.99951 -6.97252e-18
5165.99983  8.35763e-18
5168.00015  2.06874e-17
5170.00047  2.30167e-17
5171.99973  1.53455e-17
5174.00005  1.16742e-17
5176.00037  2.30023e-17
5177.99962  1.13299e-17
5179.99994 -1.03427e-17
5182.00026 -2.01570e-18
5183.99952  2.33108e-17
5185.99984  4.63700e-18
5188.00016  1.39628e-17
5190.00048  1.22883e-17
5191.99974  2.16132e-17
5194.00006  1.29379e-17
5196.00038  1.12621e-17
5197.99963  1.58584e-18
5199.99995 -3.09065e-18
5202.00027  3.32325e-17
5203.99953  3.15551e-17
5205.99985  2.48774e-17
5208.00017  2.21993e-17
5210.00049  1.15210e-17
5211.99974 -1.58078e-19
5214.00006  1.21627e-17
5216.00038  8.48306e-18
5217.99964 -6.19709e-18
5219.99996  2.31226e-17
5222.00028  1.64418e-17
5223.99954  4.76046e-18
5225.99986  2.70789e-17
5228.00018 -6.60297e-18
5230.00050 -3.28530e-18
5231.99975 -1.09682e-17
5234.00007  9.34869e-18
5236.00039  2.66528e-18
5237.99965  3.98124e-18
5239.99997  2.12970e-17
5242.00029  1.06123e-17
5243.99954 -7.07287e-18
5245.99986  1.82418e-17
5248.00018 -7.44404e-18
5250.00050 -7.13023e-18
5251.99976 -3.08170e-17
5254.00008  5.49613e-18
5256.00040  1.58088e-17
5257.99966  1.61209e-17
5259.99998  1.04328e-17
5262.00030 -4.25574e-18
5263.99955 -3.94472e-18
5265.99987 -7.63403e-18
5268.00019  7.67633e-18
5270.00051 -1.40138e-17
5271.99977 -4.70425e-18
5274.00009 -1.73951e-17
5276.00041  1.49137e-17
5277.99966 -2.77802e-18
5279.99998  8.53002e-18
5282.00030 -4.16224e-18
5283.99956 -1.98551e-17
5285.99988  1.34517e-17
5288.00020  1.07582e-17
5290.00052 -1.69356e-17
5291.99978  6.37000e-18
5294.00010 -2.32466e-18
5296.00042  5.98033e-18
5297.99967 -1.47152e-17
5299.99999 -1.34110e-17
5302.00031 -5.10713e-18
5303.99957  2.19609e-18
5305.99989 -3.50083e-18
5308.00021 -8.19809e-18
5310.00053  2.10423e-18
5311.99978  4.05967e-19
5314.00010  8.70749e-18
5316.00042  3.00871e-18
5317.99968 -3.69067e-18
5320.00000 -9.39027e-18
5322.00032 -1.20903e-17
5323.99958 -1.07908e-17
5325.99990  1.35085e-17
5328.00022  6.80738e-18
5329.99947 -2.48943e-17
5331.99979 -4.05962e-17
5334.00011 -2.32984e-17
5336.00043 -2.10010e-17
5337.99969 -1.67043e-17
5340.00001 -2.54077e-17
5342.00033 -9.11148e-18
5343.99958  7.18427e-18
5345.99990 -2.25203e-17
5348.00022 -1.82252e-17
5349.99948  6.93111e-20
5351.99980  2.36371e-18
5354.00012 -3.42360e-19
5356.00044 -7.04881e-18
5357.99970 -1.47558e-17
5360.00002 -1.24629e-17
5362.00034 -2.91705e-17
5363.99959 -9.87859e-18
5365.99991 -1.58696e-18
5368.00023  2.70434e-18
5369.99949 -1.80048e-17
5371.99981  2.85688e-19
5374.00013 -4.24165e-19
5376.00045  1.38656e-17
5377.99970 -1.98451e-17
5380.00002 -2.25560e-17
5382.00034 -8.26737e-18
5383.99960 -3.19793e-17
5385.99992 -1.86914e-17
5388.00024 -3.04038e-17
5389.99950 -3.41168e-17
5391.99982 -3.83003e-18
5394.00014 -2.35436e-17
5396.00046 -7.25755e-18
5397.99971 -1.49721e-17
5400.00003  1.13132e-17
5402.00035 -4.40191e-18
5403.99961 -2.61176e-17
5405.99993 -2.58333e-17
5408.00025 -9.54958e-18
5409.99950 -1.02663e-17
5411.99982 -1.99833e-17
5414.00014 -2.27006e-17
5416.00046 -1.54184e-17
5417.99972  1.28634e-17
5420.00004 -3.18551e-17
5422.00036 -2.55738e-17
5423.99962 -3.02932e-17
5425.99994 -4.01282e-18
5428.00026 -3.67328e-17
5429.99951 -4.14533e-17
5431.99983  3.82604e-18
5434.00015 -7.89502e-18
5436.00047 -3.06165e-17
5437.99973 -9.33846e-18
5440.00005 -3.06059e-18
5442.00037 -4.78320e-18
5443.99962 -3.25063e-17
5445.99994  8.77040e-18
5448.00026 -3.49533e-17
5449.99952 -2.06774e-17
5451.99984 -1.94019e-17
5454.00016 -2.81267e-17
5456.00048 -1.88518e-17
5457.99974 -1.57747e-18
5460.00006  2.36966e-17
5462.00038 -2.80297e-17
5463.99963 -4.17565e-17
5465.99995 -7.48352e-18
5468.00027 -2.21085e-18
5469.99953 -1.09388e-17
5471.99985 -3.06669e-17
5474.00017 -3.13954e-17
5476.00049 -3.81242e-17
5477.99974  2.41464e-17
5480.00006  1.04168e-17
5482.00038  1.56868e-17
5483.99964 -3.10437e-17
5485.99996  1.92256e-17
5488.00028  5.49454e-18
5489.99954 -1.32371e-17
5491.99986  1.40311e-17
5494.00018  4.29898e-18
5496.00050 -2.34336e-17
5497.99975 -3.16666e-18
5500.00007  2.11000e-17
5502.00039  3.66448e-19
5503.99965  1.66323e-17
5505.99997  2.18979e-17
5508.00029  6.91631e-17
5509.99954  5.42785e-18
5511.99986  1.06924e-17
5514.00018  4.19565e-17
5516.00050 -1.57797e-17
5517.99976  1.74836e-17
5520.00008  3.27467e-17
5522.00040  4.80094e-17
5523.99966  1.52715e-17
5525.99998 -2.14665e-17
5528.00030  2.87950e-17
5529.99955  1.30562e-17
5531.99987 -2.06830e-17
5534.00019  1.57753e-18
5536.00051 -3.11624e-17
5537.99977 -2.90268e-18
5540.00009  3.53567e-17
5542.00041 -4.00843e-17
5543.99966  8.74270e-19
5545.99998  6.13257e-18
5548.00030 -4.92094e-17
5549.99956  2.66480e-17
5551.99988 -3.00948e-17
5554.00020 -4.83794e-18
5556.00052 -5.58139e-18
5557.99978  1.26746e-17
5560.00010 -2.90696e-17
5562.00042 -4.97142e-17
5563.99967 -5.55929e-18
5565.99999 -3.04628e-19
5568.00031 -1.05029e-18
5569.99957 -1.37965e-17
5571.99989 -3.48429e-17
5574.00021 -2.42896e-17
5576.00053  6.09633e-17
5577.99978 -2.77844e-17
5580.00010 -3.53222e-18
5582.00042 -7.28038e-18
5583.99968  9.70911e-19
5586.00000  2.21976e-19
5588.00032 -7.52733e-18
5589.99958 -2.96771e-17
5591.99990 -1.80271e-17
5594.00022 -3.48775e-17
5595.99947 -3.88283e-17
5597.99979  2.72059e-18
5600.00011 -2.40308e-17
5602.00043  3.21738e-18
5603.99969  2.46509e-18
5606.00001  3.27126e-17
5608.00033  2.49597e-17
5609.99958  2.72064e-17
5611.99990  2.44528e-17
5614.00022  1.36988e-17
5615.99948  3.89444e-17
5617.99980 -2.28103e-17
5620.00012  4.24347e-17
5622.00044  3.67931e-18
5623.99970  1.69234e-17
5626.00002  3.16739e-18
5628.00034 -2.58909e-18
5629.99959 -6.34601e-18
5631.99991 -8.10319e-18
5634.00023 -3.86072e-18
5635.99949  1.33813e-17
5637.99981  2.06231e-17
5640.00013  2.08645e-17
5642.00045  2.91055e-17
5643.99970  1.53462e-17
5646.00002  6.58651e-18
5648.00034  8.26479e-19
5649.99960  8.06598e-18
5651.99992  1.30525e-18
5654.00024  1.25443e-17
5655.99950  1.37827e-17
5657.99982  1.60209e-17
5660.00014  1.92588e-17
5662.00046  3.49631e-18
5663.99971  9.73335e-18
5666.00003  1.09702e-17
5668.00035  9.20659e-18
5669.99961  2.94426e-17
5671.99993  3.36784e-17
5674.00025  2.09138e-17
5675.99950  1.01487e-17
5677.99982 -6.16667e-19
5680.00014 -4.38226e-18
5682.00046 -5.14827e-18
5683.99972  1.08522e-18
5686.00004  4.31849e-18
5688.00036  3.55149e-18
5689.99962  1.07840e-17
5691.99994  1.10162e-17
5694.00026  1.32480e-17
5695.99951  7.47943e-18
5697.99983 -5.28931e-18
5700.00015 -5.85114e-20
5702.00047 -9.82804e-18
5703.99973  4.01970e-19
5706.00005  1.36318e-17
5708.00037  9.86124e-18
5709.99962  1.90902e-17
5711.99994  1.53189e-17
5714.00026  1.45473e-17
5715.99952  1.57753e-17
5717.99984  1.70029e-17
5720.00016  1.72303e-17
5722.00048  1.45725e-18
5723.99974 -1.31614e-18
5726.00006 -8.98649e-20
5728.00038 -8.63921e-19
5729.99963  4.36154e-18
5731.99995  2.58680e-18
5734.00027 -6.18824e-18
5735.99953  7.03620e-18
5737.99985  1.62604e-17
5740.00017  1.54843e-17
5742.00049  1.97078e-17
5743.99974  2.19309e-17
5746.00006  1.41537e-17
5748.00038  1.53762e-17
5749.99964  1.35982e-17
5751.99996  1.88201e-17
5754.00028  2.70415e-17
5755.99954  3.02625e-17
5757.99986  2.54832e-17
5760.00018  2.17037e-17
5762.00050  6.92377e-18
5763.99975  2.14337e-18
5766.00007  3.62742e-19
5768.00039  4.58183e-18
5769.99965  1.28004e-17
5771.99997  1.10188e-17
5774.00029  4.23677e-18
5775.99954  3.45430e-18
5777.99986  8.67167e-18
5780.00018  9.88867e-18
5782.00050  1.31053e-17
5783.99976  9.32146e-18
5786.00008  1.25375e-17
5788.00040  5.75309e-18
5789.99966 -3.17571e-20
5791.99998 -8.16844e-19
5794.00030 -6.02240e-19
5795.99955  2.61193e-18
5797.99987  7.82586e-18
5800.00019  1.03941e-18
5802.00051  1.32526e-17
5803.99977  9.46545e-18
5806.00009  1.46780e-17
5808.00041  1.18902e-17
5809.99966  1.01019e-17
5811.99998  9.31348e-18
5814.00030  1.55247e-17
5815.99956  1.47354e-17
5817.99988  7.94596e-18
5820.00020 -3.34387e-18
5822.00052 -1.75340e-17
5823.99978 -1.41246e-17
5826.00010 -6.71546e-18
5828.00042  7.99337e-18
5829.99967  2.02018e-17
5831.99999  1.64099e-17
5834.00031  1.16177e-17
5835.99957  2.82510e-18
5837.99989  5.03222e-18
5840.00021  9.23906e-18
5842.00053  1.24455e-17
5843.99978  1.66515e-17
5846.00010  1.78573e-17
5848.00042  1.40628e-17
5849.99968  4.26785e-18
5852.00000  4.72618e-19
5854.00032 -5.62294e-18
5855.99958 -3.91893e-18
5857.99990  6.08488e-18
5860.00022  1.32883e-17
5861.99947  1.64913e-17
5863.99979  1.86941e-17
5866.00011  2.08966e-17
5868.00043  2.00987e-17
5869.99969  2.03004e-17
5872.00001  1.05018e-17
5874.00033  1.07029e-17
5875.99958  7.90362e-18
5877.99990  2.40405e-18
5880.00022  1.90416e-18
5881.99948  8.50383e-18
5883.99980  1.37033e-17
5886.00012  1.49024e-17
5888.00044  1.51012e-17
5889.99970  9.29955e-18
5892.00002  4.49772e-18
5894.00034  4.19551e-18
5895.99959  4.29285e-18
5897.99991  2.68998e-18
5900.00023  6.28677e-18
5901.99949 -7.61681e-18
5903.99981 -2.12207e-17
5906.00013 -2.37249e-17
5908.00045 -1.55294e-17
5909.99970 -1.08343e-17
5912.00002 -3.83950e-18
5914.00034  1.54994e-19
5915.99960  1.24904e-18
5917.99992  8.04288e-18
5920.00024  3.43642e-18
5921.99950  1.04295e-17
5923.99982  1.46223e-17
5926.00014  2.28148e-17
5928.00046  2.10071e-17
5929.99971  2.01989e-17
5932.00003  1.43904e-17
5934.00035  1.35816e-17
5935.99961  2.17724e-17
5937.99993  7.06298e-18
5940.00025  1.31532e-17
5941.99950  1.43430e-17
5943.99982  1.55326e-17
5946.00014  1.77219e-17
5948.00046  2.09108e-17
5949.99972  1.50993e-17
5952.00004  1.62876e-17
5954.00036  1.14756e-17
5955.99962 -3.33688e-18
5957.99994  2.95042e-18
5960.00026  1.20374e-17
5961.99951  2.02240e-17
5963.99983  1.74103e-17
5966.00015  1.45964e-17
5968.00047  4.48204e-18
5969.99973  1.96730e-18
5972.00005  4.45238e-18
5974.00037  9.33710e-18
5975.99962  1.55214e-17
5977.99994  2.37055e-17
5980.00026  1.78892e-17
5981.99952  1.23726e-17
5983.99984  1.42557e-17
5986.00016  6.93849e-18
5988.00048  6.82095e-18
5989.99974  5.03052e-19
5992.00006  1.28487e-18
5994.00038  3.16637e-18
5995.99963  5.47461e-19
5997.99995  4.12832e-18
6000.00027  1.16089e-17
6001.99953  9.98904e-18
6003.99985  1.29690e-17
6006.00017  1.38485e-17
6008.00049  1.24278e-17
6009.99974  9.30669e-18
6012.00006  8.58533e-18
6014.00038  1.30636e-17
6015.99964  4.04153e-18
6017.99996  4.91926e-18
6020.00028  1.84966e-17
6021.99954  2.16736e-17
6023.99986  1.88503e-17
6026.00018  1.13267e-17
6028.00050  1.06028e-17
6029.99975  1.06785e-17
6032.00007  1.33540e-17
6034.00039  1.97291e-17
6035.99965  6.30389e-18
6037.99997  8.67839e-18
6040.00029  9.85259e-18
6041.99954  3.82639e-18
6043.99986  2.59998e-18
6046.00018  7.17323e-18
6048.00050  8.24617e-18
6049.99976  1.27187e-17
6052.00008  1.03911e-17
6054.00040  1.07631e-17
6055.99966  1.50346e-17
6057.99998  2.08060e-17
6060.00030  1.37771e-17
6061.99955  9.04775e-18
6063.99987  6.81818e-18
6066.00019  8.98828e-18
6068.00051  1.24581e-17
6069.99977  2.62756e-18
6072.00009 -1.40328e-18
6074.00041 -3.33441e-18
6075.99966  4.73407e-18
6077.99998  2.25023e-17
6080.00030  1.80703e-17
6081.99956  2.13378e-17
6083.99988  1.76051e-17
6086.00020  4.57216e-18
6088.00052 -4.16112e-18
6089.99978 -5.59481e-18
6092.00010 -9.28738e-19
6094.00042  2.23703e-18
6095.99967  9.40244e-18
6097.99999  5.26758e-18
6100.00031  8.03244e-18
6101.99957  1.80969e-17
6103.99989  1.72611e-17
6106.00021  1.87251e-17
6108.00053  1.98887e-17
6109.99978  1.55519e-17
6112.00010  5.91488e-18
6114.00042 -1.82240e-18
6115.99968  2.73990e-18
6118.00000  3.30197e-18
6120.00032  4.76375e-18
6121.99958  9.02512e-18
6123.99990  6.38632e-18
6126.00022  1.34472e-17
6127.99947  8.20764e-18
6129.99979  1.70679e-17
6132.00011  2.06278e-17
6134.00043  2.00875e-17
6135.99969  1.74467e-17
6138.00001  1.50058e-17
6140.00033  8.46447e-18
6141.99958  5.52285e-18
6143.99990  9.48096e-18
6146.00022  9.23877e-18
6147.99948  9.39620e-18
6149.99980  7.95343e-18
6152.00012  1.05103e-17
6154.00044  1.36669e-17
6155.99970  1.78231e-17
6158.00002  1.69792e-17
6160.00034  8.93487e-18
6161.99959  6.49020e-18
6163.99991  5.14529e-18
6166.00023  7.90007e-18
6167.99949  1.75545e-17
6169.99981  8.90872e-18
6172.00013  1.34626e-17
6174.00045  1.18162e-17
6175.99970  1.29694e-17
6178.00002  1.22224e-17
6180.00034  1.45751e-17
6181.99960  1.36275e-17
6183.99992  1.66795e-17
6186.00024  1.58314e-17
6187.99950  1.75828e-17
6189.99982  2.02340e-17
6192.00014  1.71849e-17
6194.00046  9.13554e-18
6195.99971  9.85768e-19
6198.00003  3.93578e-18
6200.00035  6.88550e-18
6201.99961  8.13485e-18
6203.99993 -6.51601e-18
6206.00025 -4.66717e-18
6207.99950  4.48127e-18
6209.99982  1.59295e-17
6212.00014  1.91775e-17
6214.00046  1.45251e-17
6215.99972  1.17724e-17
6218.00004  3.21947e-18
6220.00036  5.76628e-18
6221.99962  8.01266e-18
6223.99994  4.35884e-18
6226.00026  5.50472e-18
6227.99951  2.04502e-17
6229.99983  2.05956e-17
6232.00015  1.49406e-17
6234.00047  1.07853e-17
6235.99973  1.23296e-17
6238.00005  1.81738e-17
6240.00037  1.16176e-17
6241.99962  1.31611e-17
6243.99994  7.60432e-18
6246.00026  7.24727e-18
6247.99952  7.88991e-18
6249.99984  1.04323e-17
6252.00016  1.24744e-17
6254.00048  1.14162e-17
6255.99974  1.41576e-17
6258.00006  1.15989e-17
6260.00038  1.48398e-17
6261.99963  6.48036e-18
6263.99995  2.02071e-18
6266.00027  1.58608e-17
6267.99953  2.82005e-17
6269.99985  3.31400e-17
6272.00017  3.45792e-17
6274.00049  3.16181e-17
6275.99974  2.55567e-17
6278.00006  1.65950e-17
6280.00038  4.03307e-18
6281.99964 -4.42923e-18
6283.99996 -7.39173e-18
6286.00028 -2.95455e-18
6287.99954  3.48230e-18
6289.99986 -1.68109e-18
6292.00018  3.75528e-18
6294.00050  9.79133e-18
6295.99975  1.43270e-17
6298.00007 -2.23750e-18
6300.00039 -5.60226e-18
6301.99965  1.17326e-17
6303.99997  6.66720e-18
6306.00029  2.55015e-17
6307.99954  2.51355e-17
6309.99986  2.17694e-17
6312.00018  2.27028e-17
6314.00050  1.73360e-17
6315.99976 -1.53109e-18
6318.00008 -2.39840e-18
6320.00040  6.43398e-18
6321.99966  1.29660e-17
6323.99998  1.37978e-17
6326.00030  1.14293e-17
6327.99955  9.66052e-18
6329.99987  1.35915e-17
6332.00019  1.36222e-17
6334.00051  4.65255e-18
6335.99977  1.25826e-17
6338.00009  1.39125e-17
6340.00041  1.74420e-17
6341.99966  1.36713e-17
6343.99998  8.60026e-18
6346.00030  4.42903e-18
6347.99956 -9.04259e-18
6349.99988 -2.41442e-18
6352.00020  3.61348e-18
6354.00052 -1.35887e-18
6355.99978  4.46839e-18
6358.00010  8.09545e-18
6360.00042  4.42224e-18
6361.99967  6.44872e-18
6363.99999  1.69750e-17
6366.00031  1.45009e-17
6367.99957  1.64265e-17
6369.99989  1.09519e-17
6372.00021  7.37708e-18
6374.00053  4.30196e-18
6375.99978  2.52647e-18
6378.00010  4.50787e-19
6380.00042 -4.22517e-18
6381.99968 -4.00146e-18
6384.00000 -1.27797e-18
6386.00032  2.04523e-18
6387.99958  3.06811e-18
6389.99990  3.29080e-18
6392.00022  5.13209e-19
6393.99947  1.18353e-17
6395.99979  1.45571e-17
6398.00011  1.51787e-17
6400.00043  9.90004e-18
6401.99969  1.21210e-17
6404.00001  1.44418e-17
6406.00033  1.51623e-17
6407.99958  1.24825e-17
6409.99990  1.10024e-17
6412.00022  1.05221e-17
6413.99948  8.44147e-18
6415.99980  9.16065e-18
6418.00012  8.37952e-18
6420.00044  3.09814e-18
6421.99970 -1.38358e-18
6424.00002 -4.56547e-18
6426.00034 -4.94767e-18
6427.99959  8.69813e-19
6429.99991  3.18707e-18
6432.00023  2.60408e-18
6433.99949  3.22079e-18
6435.99981 -3.26274e-18
6438.00013 -5.24654e-18
6440.00045 -1.83061e-18
6441.99970  9.08506e-18
6444.00002  7.50044e-18
6446.00034  7.01559e-18
6447.99960  3.13040e-18
6449.99992  2.94502e-18
6452.00024  6.05939e-18
6453.99950  8.27342e-18
6455.99982  1.00872e-17
6458.00014  3.80080e-18
6460.00046  7.14122e-19
6461.99971 -7.37291e-18
6464.00003 -6.26013e-18
6466.00035 -5.44763e-18
6467.99961 -3.13544e-18
6469.99993 -4.82344e-18
6472.00025 -4.81173e-18
6473.99950 -4.10032e-18
6475.99982 -4.08912e-18
6478.00014 -5.47816e-18
6480.00046 -1.96748e-18
6481.99972  1.14288e-18
6484.00004 -1.14697e-18
6486.00036 -8.37054e-19
6487.99962  3.67253e-18
6489.99994 -2.21809e-18
6492.00026  1.29103e-18
6493.99951 -5.00170e-19
6495.99983  1.14085e-17
6498.00015  1.53168e-17
6500.00047  5.02488e-18
6501.99973  1.03266e-18
6504.00005  6.24026e-18
6506.00037  1.03476e-17
6507.99962  8.45458e-18
6509.99994  1.09614e-17
6512.00026  1.08679e-17
6513.99952  1.35742e-17
6515.99984  1.36802e-17
6518.00016  7.88600e-18
6520.00048 -4.30849e-18
6521.99974 -2.80325e-18
6524.00006 -1.59823e-18
6526.00038 -5.99347e-18
6527.99963  1.41097e-18
6529.99995  1.35152e-17
6532.00027  2.29193e-17
6533.99953  1.86229e-17
6535.99985  1.47264e-17
6538.00017  1.64297e-17
6540.00049  1.00327e-17
6541.99974  8.33537e-18
6544.00006  9.43786e-18
6546.00038  1.52401e-17
6547.99964  1.52420e-17
6549.99996  1.38438e-17
6552.00028  1.07453e-17
6553.99954  1.28464e-17
6555.99986  1.66474e-17
6558.00018  3.10482e-17
6560.00050  3.67487e-17
6561.99975  2.94488e-17
6564.00007  2.42488e-17
6566.00039  2.84486e-17
6567.99965  2.15480e-17
6569.99997  2.30472e-17
6572.00029  3.14462e-17
6573.99954  2.96449e-17
6575.99986  3.08435e-17
6578.00018  1.69417e-17
6580.00050  1.78397e-17
6581.99976  2.35374e-17
6584.00008  2.85350e-17
6586.00040  3.04322e-17
6587.99966  2.92292e-17
6589.99998  2.80260e-17
6592.00030  2.44225e-17
6593.99955  1.91188e-17
6595.99987  1.47148e-17
6598.00019  2.30106e-17
6600.00051  2.69061e-17
6601.99977  2.78014e-17
6604.00009  3.41965e-17
6606.00041  2.87913e-17
6607.99966  2.34858e-17
6609.99998  2.80802e-17
6612.00030  2.96743e-17
6613.99956  3.10681e-17
6615.99988  3.36617e-17
6618.00020  3.47551e-17
6620.00052  3.20482e-17
6621.99978  3.09411e-17
6624.00010  3.20338e-17
6626.00042  2.97262e-17
6627.99967  3.26183e-17
6629.99999  3.27102e-17
6632.00031  2.89019e-17
6633.99957  2.82933e-17
6635.99989  3.05846e-17
6638.00021  2.43756e-17
6640.00053  1.80663e-17
6641.99978  2.17567e-17
6644.00010  2.09470e-17
6646.00042  2.53371e-17
6647.99968  2.93268e-17
6650.00000  2.43164e-17
6652.00032  2.37057e-17
6653.99958  2.86947e-17
6655.99990  3.02836e-17
6658.00022  2.84722e-17
6659.99947  3.71605e-17
6661.99979  3.86487e-17
6664.00011  3.78366e-17
6666.00043  3.38243e-17
6667.99969  2.42117e-17
6670.00001  1.63989e-17
6672.00033  2.07859e-17
6673.99958  1.87726e-17
6675.99990  2.31591e-17
6678.00022  2.67454e-17
6679.99948  1.98314e-17
6681.99980  1.90172e-17
6684.00012  2.32028e-17
6686.00044  2.53881e-17
6687.99970  2.94732e-17
6690.00002  3.08581e-17
6692.00034  2.85428e-17
6693.99959  2.36271e-17
6695.99991  2.24114e-17
6698.00023  2.42953e-17
6699.99949  2.22790e-17
6701.99981  2.29625e-17
6704.00013  2.62458e-17
6706.00045  2.88289e-17
6707.99970  2.96117e-17
6710.00002  2.20943e-17
6712.00034  2.27767e-17
6713.99960  1.86588e-17
6715.99992  1.63407e-17
6718.00024  2.36224e-17
6719.99950  3.60038e-17
6721.99982  4.21851e-17
6724.00014  3.97661e-17
6726.00046  4.13469e-17
6727.99971  3.47274e-17
6730.00003  2.76078e-17
6732.00035  2.27879e-17
6733.99961  2.79677e-17
6735.99993  2.66474e-17
6738.00025  2.40269e-17
6739.99950  2.26061e-17
6741.99982  2.66850e-17
6744.00014  2.61638e-17
6746.00046  2.77424e-17
6747.99972  3.63207e-17
6750.00004  3.64988e-17
6752.00036  3.60767e-17
6753.99962  3.70544e-17
6755.99994  3.70318e-17
6758.00026  2.76090e-17
6759.99951  2.69860e-17
6761.99983  2.70628e-17
6764.00015  2.48394e-17
6766.00047  2.47157e-17
6767.99973  3.22918e-17
6770.00005  3.68678e-17
6772.00037  3.29435e-17
6773.99962  2.17189e-17
6775.99994  2.03942e-17
6778.00026  2.34692e-17
6779.99952  1.96440e-17
6781.99984  2.24186e-17
6784.00016  1.79930e-17
6786.00048  2.05672e-17
6787.99974  2.63412e-17
6790.00006  2.84149e-17
6792.00038  2.57884e-17
6793.99963  2.44617e-17
6795.99995  2.24348e-17
6798.00027  2.31077e-17
6799.99953  2.04804e-17
6801.99985  1.57528e-17
6804.00017  1.97251e-17
6806.00049  2.07971e-17
6807.99974  2.32689e-17
6810.00006  1.14405e-17
6812.00038  3.15119e-17
6813.99964  3.46831e-17
6815.99996  2.59541e-17
6818.00028  2.75249e-17
6819.99954  2.15954e-17
6821.99986  2.41657e-17
6824.00018  2.29359e-17
6826.00050  2.78058e-17
6827.99975  2.88755e-17
6830.00007  2.48450e-17
6832.00039  2.29143e-17
6833.99965  2.45834e-17
6835.99997  2.50522e-17
6838.00029  2.67209e-17
6839.99954  2.79893e-17
6841.99986  2.22576e-17
6844.00018  2.88257e-17
6846.00050  2.73935e-17
6847.99976  2.51611e-17
6850.00008  2.18286e-17
6852.00040  1.97958e-17
6853.99966  2.47628e-17
6855.99998  2.96296e-17
6858.00030  2.61962e-17
6859.99955  2.74626e-17
6861.99987  3.09288e-17
6864.00019  3.62948e-17
6866.00051  4.33606e-17
6867.99977  2.03262e-17
6870.00009  1.14916e-17
6872.00041  9.25677e-18
6873.99966  7.52174e-18
6875.99998  7.28652e-18
6878.00030  7.15112e-18
6879.99956  2.23155e-17
6881.99988  2.49797e-17
6884.00020  2.50436e-17
6886.00052  1.87074e-17
6887.99978  2.00710e-17
6890.00010  1.69344e-17
6892.00042  1.22975e-17
6893.99967  2.00605e-17
6895.99999  1.90233e-17
6898.00031  1.95859e-17
6899.99957  1.67482e-17
6901.99989  2.07104e-17
6904.00021  1.40724e-17
6906.00053  1.41343e-17
6907.99978  8.19581e-18
6910.00010  1.09572e-17
6912.00042  2.12185e-17
6913.99968  2.92794e-17
6916.00000  3.42402e-17
6918.00032  3.22009e-17
6919.99958  2.84613e-17
6921.99990  1.99215e-17
6924.00022  1.46816e-17
6925.99947  1.91414e-17
6927.99979  2.16010e-17
6930.00011  2.41605e-17
6932.00043  2.82198e-17
6933.99969  2.81788e-17
6936.00001  2.76377e-17
6938.00033  3.07964e-17
6939.99958  2.81549e-17
6941.99990  2.24132e-17
6944.00022  2.55713e-17
6945.99948  1.94292e-17
6947.99980  2.38869e-17
6950.00012  2.68445e-17
6952.00044  2.13018e-17
6953.99970  1.76590e-17
6956.00002  1.78160e-17
6958.00034  1.89728e-17
6959.99959  1.69293e-17
6961.99991  2.70857e-17
6964.00023  2.73420e-17
6965.99949  2.87980e-17
6967.99981  2.01538e-17
6970.00013  8.40951e-18
6972.00045  6.66498e-18
6973.99970  1.52203e-17
6976.00002  1.26754e-17
6978.00034  2.71303e-17
6979.99960  2.74850e-17
6981.99992  2.35396e-17
6984.00024  7.69395e-18
6985.99950 -3.35190e-18
6987.99982  9.40210e-18
6990.00014  2.18559e-17
6992.00046  2.07096e-17
6993.99971  2.13630e-17
6996.00003  2.22163e-17
6998.00035  2.35694e-17
6999.99961  2.60222e-17
7001.99993  2.28750e-17
7004.00025  2.07275e-17
7005.99950 -5.82012e-18
7007.99982 -2.57479e-17
7010.00014 -1.67159e-17
7012.00046  3.93591e-18
7013.99972  1.46875e-17
7016.00004  1.78390e-17
7018.00036  2.23903e-17
7019.99962  2.60414e-17
7021.99994  1.75923e-17
7024.00026  1.66431e-17
7025.99951  1.73936e-17
7027.99983  4.54403e-18
7030.00015  8.49425e-18
7032.00047  2.04430e-18
7033.99973  2.69415e-18
7036.00005  9.94387e-18
7038.00037  1.33934e-17
7039.99962  1.36427e-17
7041.99994  1.77919e-17
7044.00026  1.40882e-19
7045.99952 -3.71031e-18
7047.99984  2.33834e-18
7050.00016  6.88683e-18
7052.00048  8.13514e-18
7053.99974  1.58832e-17
7056.00006  1.68312e-17
7058.00038  1.60790e-17
7059.99963  1.27266e-17
7061.99995  1.35740e-17
7064.00027  1.77213e-17
7065.99953  1.51684e-17
7067.99985  7.71535e-18
7070.00017 -7.33789e-18
7072.00049  9.30872e-18
7073.99974  9.65513e-18
7076.00006  1.14014e-17
7078.00038  1.16475e-17
7079.99964  1.41934e-17
7081.99996  1.50391e-17
7084.00028  1.35847e-17
7085.99954  1.66301e-17
7087.99986  1.26754e-17
7090.00018  9.72047e-18
7092.00050  1.55654e-17
7093.99975  1.69101e-17
7096.00007  1.48547e-17
7098.00039  1.12992e-17
7099.99965  6.74340e-18
7101.99997  6.98749e-18
7104.00029  4.83143e-18
7105.99954  1.04752e-17
7107.99986  1.95188e-17
7110.00018  1.84622e-17
7112.00050  2.03055e-17
7113.99976  1.38486e-17
7116.00008  8.19157e-18
7118.00040  1.17344e-17
7119.99966  1.48770e-17
7121.99998  1.69194e-17
7124.00030  1.60618e-17
7125.99955  1.48039e-17
7127.99987  1.61459e-17
7130.00019  2.13877e-17
7132.00051  1.54294e-17
7133.99977  1.32709e-17
7136.00009  1.49123e-17
7138.00041  1.97535e-17
7139.99966  1.92945e-17
7141.99998  1.20354e-17
7144.00030  1.35761e-17
7145.99956  1.49167e-17
7147.99988  4.35709e-18
7150.00020 -2.60265e-18
7152.00052  1.28375e-17
7153.99978  2.29774e-17
7156.00010  2.96172e-17
7158.00042  2.59568e-17
7159.99967  2.49963e-17
7161.99999  1.44356e-17
7164.00031  1.37481e-18
7165.99957  5.13820e-19
7167.99989  4.45269e-18
7170.00021  1.49914e-17
7172.00053  1.86300e-17
7173.99978  1.70684e-17
7176.00010  2.23067e-17
7178.00042  2.55448e-17
7179.99968  2.34827e-17
7182.00000  8.62053e-18
7184.00032  8.85819e-18
7185.99958  1.19957e-17
7187.99990  1.35331e-17
7190.00022  1.29703e-17
7191.99947  9.60732e-18
7193.99979  1.02442e-17
7196.00011  6.38102e-18
7198.00043  9.01764e-18
7199.99969  1.38541e-17
7202.00001  1.56904e-17
7204.00033  1.20266e-17
7205.99958  1.47626e-17
7207.99990  1.20985e-17
7210.00022  1.26343e-17
7211.99948  1.08699e-17
7213.99980  4.50534e-18
7216.00012  5.84065e-18
7218.00044  4.67582e-18
7219.99970  5.71083e-18
7222.00002  1.21457e-17
7224.00034  1.67805e-17
7225.99959  7.31504e-18
7227.99991  5.44949e-18
7230.00023  9.18382e-18
7231.99949  1.35180e-17
7233.99981  1.23520e-17
7236.00013  1.78859e-17
7238.00045  1.95196e-17
7239.99970  1.04532e-17
7242.00002  7.78673e-18
7244.00034  9.92006e-18
7245.99960  3.55324e-18
7247.99992  6.38630e-18
7250.00024  9.51923e-18
7251.99950  1.35198e-18
7253.99982  1.78463e-18
7256.00014  6.11713e-18
7258.00046  7.54951e-18
7259.99971  9.88172e-18
7262.00003  5.51382e-18
7264.00035  1.64577e-18
7265.99961  1.23776e-17
7267.99993  1.29093e-17
7270.00025  8.34085e-18
7271.99950 -2.52775e-18
7273.99982 -4.49646e-18
7276.00014  1.83471e-18
7278.00046  1.56657e-17
7279.99972  1.50966e-17
7282.00004  9.72737e-18
7284.00036  1.20580e-17
7285.99962  1.62885e-17
7287.99994  8.91884e-18
7290.00026  3.24908e-18
7291.99951  5.27917e-18
7293.99983  4.50913e-18
7296.00015  2.33898e-18
7298.00047  6.76869e-18
7299.99973  5.89827e-18
7302.00005  3.22774e-18
7304.00037  2.45706e-18
7305.99962  5.18624e-18
7307.99994  2.41531e-18
7310.00026  6.34425e-18
7311.99952  7.67308e-18
7313.99984  5.20177e-18
7316.00016  2.03033e-18
7318.00048  1.42588e-17
7319.99974  1.01871e-17
7322.00006  1.06153e-17
7324.00038  8.14333e-18
7325.99963  1.14713e-17
7327.99995  1.08991e-17
7330.00027  1.03268e-17
7331.99953  6.35434e-18
7333.99985  2.38179e-18
7336.00017  6.60912e-18
7338.00049  6.13633e-18
7339.99974  8.46339e-18
7342.00006 -1.10964e-18
7344.00038  4.11720e-18
7345.99964  9.84391e-18
7347.99996  4.77053e-18
7350.00028  5.89700e-18
7351.99954  1.42234e-17
7353.99986  7.04959e-18
7356.00018  5.97572e-18
7358.00050  8.90172e-18
7359.99975  9.42761e-18
7362.00007  1.01534e-17
7364.00039  1.45790e-17
7365.99965  1.08046e-17
7367.99997  2.12998e-18
7370.00029  8.15529e-18
7371.99954  1.87805e-17
7373.99986  1.50055e-17
7376.00018  6.13050e-18
7378.00050  5.75535e-18
7379.99976  1.08801e-17
7382.00008  1.38047e-17
7384.00040  5.12921e-18
7385.99966  3.15358e-18
7387.99998  2.07786e-18
7390.00030  2.00202e-18
7391.99955  8.26082e-19
7393.99987  8.35003e-18
7396.00019  9.57386e-18
7398.00051  1.04976e-17
7399.99977  7.32118e-18
7402.00009  6.64468e-18
7404.00041  2.36808e-18
7405.99966  6.09134e-18
7407.99998  3.31453e-18
7410.00030 -3.76241e-18
7411.99956  2.86054e-18
7413.99988  3.38340e-18
7416.00020  5.60614e-18
7418.00052  7.02879e-18
7419.99978  1.02513e-17
7422.00010  1.09737e-17
7424.00042  1.07960e-17
7425.99967  1.48183e-17
7427.99999  2.20404e-17
7430.00031  2.02624e-17
7431.99957  1.11842e-17
7433.99989  9.20605e-18
7436.00021  1.19278e-17
7438.00053  1.05493e-17
7439.99978  1.07708e-17
7442.00010  1.05922e-17
7444.00042  1.13135e-17
7445.99968  1.05347e-17
7448.00000  8.75574e-18
7450.00032  9.67672e-18
7451.99958  1.24976e-17
7453.99990  1.71184e-17
7456.00022  1.80390e-17
7457.99947  1.12596e-17
7459.99979  5.98011e-18
7462.00011  1.10050e-18
7464.00043  7.20785e-19
7465.99969  4.84096e-18
7468.00001  1.78611e-17
7470.00033  2.20810e-17
7471.99958  1.57009e-17
7473.99990  4.22074e-18
7476.00022  1.12405e-17
7477.99948  1.99600e-17
7479.99980  1.70796e-17
7482.00012  1.36990e-17
7484.00044  1.52183e-17
7485.99970  6.93754e-18
7488.00002  1.45668e-18
7490.00034 -4.24269e-19
7491.99959  1.49468e-18
7493.99991  3.61355e-18
7496.00023  3.53231e-18
7497.99949  2.25099e-18
7499.99981  2.56957e-18
7502.00013  7.48807e-18
7504.00045  1.60648e-18
7505.99970 -3.47520e-18
7508.00002  2.24303e-18
7510.00034  3.16116e-18
7511.99960  4.07921e-18
7513.99992  5.09716e-18
7516.00024  1.39151e-17
7517.99950  1.82328e-17
7519.99982  2.14505e-17
7522.00014  4.66815e-18
7524.00046  3.38567e-18
7525.99971  6.90310e-18
7528.00003  8.82046e-18
7530.00035  9.37728e-19
7531.99961  2.05490e-18
7533.99993  3.37201e-18
7536.00025  2.58902e-18
7537.99950  3.00596e-18
7539.99982  1.62282e-18
7542.00014  6.13958e-18
7544.00046  6.95627e-18
7545.99972 -3.27133e-19
7548.00004 -3.21062e-18
7550.00036  5.05829e-19
7551.99962  1.22218e-18
7553.99994  2.63846e-18
7556.00026  5.35467e-18
7557.99951  2.47078e-18
7559.99983  3.98682e-18
7562.00015  1.70279e-18
7564.00047  4.61867e-18
7565.99973  7.93446e-18
7568.00005  8.85020e-18
7570.00037  1.46659e-17
7571.99962  1.40814e-17
7573.99994  8.19692e-18
7576.00026  5.71235e-18
7577.99952  1.12768e-18
7579.99984  4.84296e-18
7582.00016  7.95815e-18
7584.00048  6.07327e-18
7585.99974  2.88832e-18
7588.00006  1.15033e-17
7590.00038  1.45182e-17
7591.99963  9.73302e-18
7593.99995 -2.05222e-18
7596.00027 -1.67875e-17
7597.99953 -1.71029e-17
7599.99985 -6.60839e-18
7602.00017 -2.12739e-17
7604.00049 -2.77195e-17
7605.99974 -2.93352e-17
7608.00006 -2.30109e-17
7610.00038 -2.23367e-17
7611.99964 -1.16926e-17
7613.99996 -3.70855e-18
7616.00028 -7.94566e-19
7617.99954  1.08193e-17
7619.99986  8.83321e-18
7622.00018  1.24699e-18
7624.00050  3.76072e-18
7625.99975  1.67435e-18
7628.00007 -1.34521e-17
7630.00039 -1.45385e-17
7631.99965 -6.58508e-18
7633.99997  2.28318e-19
7636.00029 -9.75836e-18
7637.99954 -3.44508e-18
7639.99986 -2.93187e-18
7642.00018  7.98127e-18
7644.00050  4.99434e-18
7645.99976  2.40734e-18
7648.00008 -2.17970e-18
7650.00040 -4.56680e-18
7651.99966  6.74602e-18
7653.99998  5.25881e-18
7656.00030  1.07153e-18
7657.99955 -3.51583e-18
7659.99987 -8.60323e-18
7662.00019  3.50930e-18
7664.00051  5.32179e-18
7665.99977  4.63419e-18
7668.00009  9.84656e-18
7670.00041  9.85886e-18
7671.99966  6.07111e-18
7673.99998  7.08331e-18
7676.00030  5.69545e-18
7677.99956  1.07530e-19
7679.99988  2.11956e-18
7682.00020 -6.56848e-18
7684.00052 -1.01765e-17
7685.99978  3.95531e-18
7688.00010  2.56713e-18
7690.00042  2.77889e-18
7691.99967 -3.00940e-18
7693.99999 -9.97752e-19
7696.00031  2.31385e-18
7697.99957  2.82539e-18
7699.99989  6.83689e-18
7702.00021  8.54835e-18
7704.00053  8.05975e-18
7705.99978  5.87111e-18
7708.00010  9.58241e-18
7710.00042  7.29367e-18
7711.99968  6.00486e-18
7714.00000  9.71603e-18
7716.00032  1.12714e-18
7717.99958 -1.86181e-18
7719.99990  7.24920e-18
7722.00022  3.26019e-18
7723.99947 -4.92889e-18
7725.99979 -1.11580e-17
7728.00011 -7.00717e-18
7730.00043 -9.96390e-19
7731.99969 -4.98565e-18
7734.00001 -3.37495e-18
7736.00033  1.33571e-18
7737.99958  8.46336e-19
7739.99990 -2.43087e-19
7742.00022 -2.03257e-18
7743.99948 -1.82208e-18
7745.99980 -1.91162e-18
7748.00012 -8.01225e-19
7750.00044 -5.09084e-18
7751.99970 -1.18052e-18
7754.00002  2.02975e-18
7756.00034  7.40017e-19
7757.99959 -3.04978e-18
7759.99991  4.60399e-19
7762.00023  7.77053e-18
7763.99949  3.28062e-18
7765.99981 -4.09320e-19
7768.00013 -6.29929e-18
7770.00045 -8.58931e-18
7771.99970 -4.87934e-18
7774.00002  1.33057e-18
7776.00034  2.44045e-18
7777.99960  8.35029e-18
7779.99992  9.66009e-18
7782.00024  1.04699e-17
7783.99950  1.27964e-18
7785.99982 -3.61065e-18
7788.00014  6.99022e-19
7790.00046 -1.09132e-18
7791.99971  1.82923e-20
7794.00003 -1.72130e-19
7796.00035  2.37434e-19
7797.99961  3.94695e-18
7799.99993  7.55645e-18
7802.00025  2.76591e-18
7803.99950 -9.24636e-19
7805.99982 -4.41523e-18
7808.00014 -8.80584e-18
7810.00046 -6.29649e-18
7811.99972 -1.68718e-18
7814.00004 -3.67787e-18
7816.00036 -6.56859e-18
7817.99962 -1.16793e-17
7819.99994 -6.95012e-18
7822.00026  5.75907e-18
7823.99951  1.67682e-17
7825.99983  1.48774e-17
7828.00015  7.48651e-18
7830.00047  7.99560e-18
7831.99973 -1.79532e-18
7834.00005 -4.48626e-18
7836.00037 -6.87724e-18
7837.99962 -3.86822e-18
7839.99994 -4.55923e-18
7842.00026  5.24975e-18
7843.99952  2.85869e-18
7845.99984 -4.33239e-18
7848.00016 -1.85185e-17
7850.00048 -1.73846e-17
7851.99974 -9.94571e-18
7854.00006  5.03156e-19
7856.00038 -1.98802e-18
7857.99963 -6.79203e-19
7859.99995 -4.97039e-18
7862.00027  1.43839e-18
7863.99953  4.04714e-18
7865.99985  2.45591e-18
7868.00017 -2.43535e-18
7870.00049 -3.32663e-18
7871.99974 -6.81792e-18
7874.00006 -1.25592e-17
7876.00038  2.39944e-18
7877.99964  3.10811e-18
7879.99996 -4.83229e-19
7882.00028 -6.97459e-18
7883.99954 -6.96594e-18
7885.99986 -1.12073e-17
7888.00018 -1.29187e-17
7890.00050 -1.35801e-17
7891.99975 -1.05315e-17
7894.00007 -7.42296e-18
7896.00039 -3.61439e-18
7897.99965 -3.50582e-18
7899.99997 -3.69726e-18
7902.00029 -3.88871e-18
7903.99954 -2.68019e-18
7905.99986 -4.57165e-18
7908.00018 -8.63122e-19
7910.00050 -8.65460e-18
7911.99976 -7.14610e-18
7914.00008 -5.43758e-18
7916.00040  1.32709e-17
7917.99966 -1.47006e-17
7919.99998 -7.01208e-18
7922.00030 -1.80360e-18
7923.99955 -5.69512e-18
7925.99987 -2.68662e-18
7928.00019 -6.57814e-18
7930.00051 -8.66965e-18
7931.99977 -1.17312e-17
7934.00009 -6.55268e-18
7936.00041 -4.42012e-20
7937.99966 -1.93573e-18
7939.99998 -1.01072e-17
7942.00030 -8.21877e-18
7943.99956 -3.41029e-18
7945.99988 -3.40181e-18
7948.00020 -8.59331e-18
7950.00052 -8.48482e-18
7951.99978 -9.13633e-18
7954.00010 -9.65782e-18
7956.00042 -1.00693e-17
7957.99967  1.49180e-19
7959.99999  4.95769e-18
7962.00031  4.46620e-18
7963.99957 -2.02527e-18
7965.99989  2.08326e-18
7968.00021 -6.08203e-19
7970.00053 -1.25497e-17
7971.99978 -1.92121e-17
7974.00010 -2.27626e-17
7976.00042 -1.53040e-17
7977.99968  3.13458e-18
7980.00000  8.14316e-18
7982.00032  4.51770e-19
7983.99958 -8.93964e-18
7985.99990 -1.51710e-17
7988.00022 -1.14624e-17
7989.99947 -7.41376e-18
7991.99979 -7.90512e-18
7994.00011 -1.59764e-17
7996.00043 -1.32978e-17
7997.99969 -5.37907e-18
8000.00001 -9.99036e-18
8002.00033 -1.82767e-17
8003.99958 -1.21029e-17
8005.99990 -1.32242e-17
8008.00022 -1.10954e-17
8009.99948 -8.63663e-18
8011.99980 -2.17830e-19
8014.00012  4.29098e-18
8016.00044  3.59982e-18
8017.99970  2.90865e-18
8020.00002 -3.82488e-19
8022.00034 -1.50736e-17
8023.99959 -1.90117e-17
8025.99991 -1.40157e-17
8028.00023 -5.34682e-18
8029.99949 -9.50785e-18
8031.99981 -5.92887e-18
8034.00013 -6.01985e-18
8036.00045 -6.11082e-18
8037.99970 -7.90178e-18
8040.00002 -8.57271e-18
8042.00034 -8.08358e-18
8043.99960 -9.57448e-18
8045.99992 -1.15953e-17
8048.00024 -1.03662e-17
8049.99950 -6.54698e-18
8051.99982 -1.00378e-17
8054.00014 -6.62850e-18
8056.00046 -3.31923e-18
8057.99971  4.69010e-18
8060.00003  3.09941e-18
8062.00035  2.20878e-18
8063.99961  6.71814e-18
8065.99993  7.22758e-18
8068.00025  6.23701e-18
8069.99950 -4.53525e-19
8071.99982 -7.64400e-18
8074.00014 -6.53447e-18
8076.00046 -1.22649e-17
8077.99972 -1.32953e-17
8080.00004 -8.54569e-18
8082.00036 -1.06360e-17
8083.99962 -1.01563e-17
8085.99994 -9.10662e-18
8088.00026 -6.16685e-18
8089.99951 -7.95706e-18
8091.99983 -5.54723e-18
8094.00015 -4.37337e-19
8096.00047  7.97255e-18
8097.99973  5.18247e-18
8100.00005 -9.07559e-19
8102.00037 -4.99754e-18
8103.99962 -9.18746e-18
8105.99994 -6.27741e-18
8108.00026 -5.96727e-18
8109.99952  4.04287e-18
8111.99984  6.45309e-18
8114.00016  2.63325e-19
8116.00048  2.73618e-19
8117.99974 -5.31607e-18
8120.00006 -4.00570e-18
8122.00038  2.04693e-19
8123.99963  4.61514e-18
8125.99995  2.92564e-18
8128.00027  7.63617e-18
8129.99953  1.10468e-17
8131.99985  1.62574e-17
8134.00017  4.76803e-18
8136.00049  1.47876e-18
8137.99974 -1.11050e-18
8140.00006 -1.39968e-18
8142.00038  4.81116e-18
8143.99964 -1.27795e-18
8145.99996 -6.06702e-18
8148.00028 -3.25601e-18
8149.99954  2.35503e-18
8151.99986  1.27661e-17
8154.00018  1.68772e-17
8156.00050  1.30884e-17
8157.99975  1.79967e-18
8160.00007  1.91095e-18
8162.00039 -1.47773e-18
8163.99965 -4.86635e-18
8165.99997  2.45112e-19
8168.00029  1.23566e-17
8169.99954  9.66815e-18
8171.99986 -3.72025e-18
8174.00018 -1.11286e-17
8176.00050 -6.99689e-18
8177.99976 -1.48515e-18
8180.00008  8.02667e-18
8182.00040  5.13853e-18
8183.99966  6.55047e-18
8185.99998  2.66247e-18
8188.00030  9.37449e-18
8189.99955  1.45866e-17
8191.99987  1.45987e-17
8194.00019  1.54110e-17
8196.00051  4.32324e-18
8197.99977 -7.64424e-19
8200.00009  3.47957e-19
8202.00041  3.36042e-18
8203.99966  3.57293e-18
8205.99998  1.08550e-18
8208.00030  3.29816e-18
8209.99956  4.51083e-18
8211.99988 -8.76396e-19
8214.00020  1.36404e-19
8216.00052  4.93264e-20
8217.99978  1.66227e-18
8220.00010 -1.72472e-18
8222.00042 -8.93162e-18
8223.99967 -7.47850e-18
8225.99999 -2.58528e-18
8228.00031 -4.07200e-18
8229.99957 -2.06087e-17
8231.99989 -1.17052e-17
8234.00021 -6.53174e-18
8236.00053 -1.17082e-17
8237.99978 -1.19946e-17
8240.00010 -6.19090e-18
8242.00042  1.22287e-18
8243.99968  6.03670e-18
8246.00000  4.25058e-18
8248.00032  4.06456e-18
8249.99958  2.47859e-18
8251.99990  7.92715e-19
8254.00022 -2.69309e-18
8255.99947 -3.27885e-18
8257.99979 -4.06451e-18
8260.00011 -6.95010e-18
8262.00043 -1.13562e-18
8263.99969  1.57894e-18
8266.00001  2.79357e-18
8268.00033 -1.99170e-18
8269.99958 -5.47695e-18
8271.99990 -9.04207e-18
8274.00022 -2.24715e-18
8275.99948  5.86786e-18
8277.99980  5.08296e-18
8280.00012  1.20982e-17
8282.00044  1.59134e-17
8283.99970  1.57287e-17
8286.00002  1.17442e-17
8288.00034  8.35965e-18
8289.99959  1.63752e-17
8291.99991  7.79088e-18
8294.00023 -5.19338e-18
8295.99949 -2.11476e-17
8297.99981 -2.25516e-17
8300.00013 -1.99856e-17
8302.00045 -5.42959e-18
8303.99970  3.88658e-18
8306.00002  3.50281e-18
8308.00034  3.71915e-18
8309.99960  7.83555e-18
8311.99992  7.95204e-18
8314.00024  1.70686e-17
8315.99950  1.23853e-17
8317.99982  6.80207e-18
8320.00014  9.61893e-18
8322.00046  4.73588e-18
8323.99971  4.52906e-19
8326.00003 -3.29964e-19
8328.00035 -6.94276e-18
8329.99961 -1.95448e-19
8331.99993  4.52194e-18
8334.00025  1.50394e-17
8335.99950  1.45570e-17
8337.99982  1.37747e-17
8340.00014  1.98924e-17
8342.00046 -2.89704e-19
8343.99972 -1.85418e-17
8346.00004 -6.05371e-18
8348.00036  3.06443e-18
8349.99962 -9.97734e-18
8351.99994 -2.55390e-17
8354.00026 -2.35706e-17
8355.99951 -1.84720e-17
8357.99983 -6.55341e-18
8360.00015 -9.34470e-18
8362.00047 -7.25584e-18
8363.99973 -4.88694e-18
8366.00005 -1.16792e-18
8368.00037 -2.44879e-18
8369.99962 -1.02956e-18
8371.99994  1.89735e-19
8374.00026  2.70917e-18
8375.99952  2.82869e-18
8377.99984  4.54833e-18
8380.00016 -3.31933e-19
8382.00048  3.78792e-18
8383.99974  4.80786e-18
8386.00006  6.42790e-18
8388.00038  1.31480e-17
8389.99963  7.16829e-18
8391.99995  1.15887e-17
8394.00027  9.20914e-18
8395.99953  3.52970e-18
8397.99985 -6.48961e-18
8400.00017 -3.52882e-18
8402.00049 -4.20791e-18
8403.99974 -6.86931e-19
8406.00006 -6.13579e-18
8408.00038 -1.25446e-17
8409.99964 -1.20432e-17
8411.99996 -7.22177e-18
8414.00028 -1.04502e-17
8415.99954 -4.95853e-18
8417.99986 -6.58677e-18
8420.00018 -4.91484e-18
8422.00050 -4.99280e-18
8423.99975  9.29294e-19
8426.00007 -5.48465e-19
8428.00039 -5.69612e-18
8429.99965 -9.03620e-19
8431.99997  9.71894e-18
8434.00029  1.91417e-17
8435.99954  5.06447e-18
8437.99986 -3.41256e-18
8440.00018 -1.45585e-17
8442.00050 -1.54573e-17
8443.99976 -8.62304e-18
8446.00008 -2.91962e-18
8448.00040  4.40390e-18
8449.99966  8.92754e-18
8451.99998  1.83513e-17
8454.00030  1.89752e-17
8455.99955  2.15992e-17
8457.99987  2.65234e-17
8460.00019  2.30477e-17
8462.00051  1.66720e-17
8463.99977  2.39655e-18
8466.00009  1.14212e-17
8468.00041  7.44595e-18
8469.99966  8.07084e-18
8471.99998 -8.04155e-19
8474.00030  5.32099e-18
8475.99956  1.00463e-17
8477.99988  1.01716e-17
8480.00020  4.49718e-18
8482.00052  3.82284e-18
8483.99978 -3.55139e-18
8486.00010  1.97452e-18
8488.00042  9.60056e-18
8489.99967  1.24267e-17
8491.99999  1.60530e-17
8494.00031  2.03794e-17
8495.99957  2.11060e-17
8497.99989  1.17327e-17
8500.00021  4.65955e-18
8502.00053 -2.01347e-18
8503.99978 -3.78641e-18
8506.00010 -1.31692e-17
8508.00042  3.46821e-18
8509.99968  6.69570e-18
