2970.0 -11.2299
2972.0 1.51912
2974.0 -1.9389
2976.0 6.38424
2978.0 15.0467
2980.0 6.5918
2982.0 0.793723
2984.0 0.663165
2986.0 7.63297
2988.0 3.81897
2990.0 -3.96264
2992.0 4.23492
2994.0 -2.69729
2996.0 -0.575516
2998.0 3.05598
3000.0 1.97171
3002.0 -0.599419
3004.0 -1.12326
3006.0 0.0926423
3008.0 1.57783
3010.0 0.0842206
3012.0 1.52281
3014.0 0.921109
3016.0 0.187457
3018.0 -0.0331907
3020.0 1.03883
3022.0 0.698262
3024.0 -0.345979
3026.0 0.316102
3028.0 1.2403
3030.0 0.365707
3032.0 0.577403
3034.0 0.188345
3036.0 0.319116
3038.0 0.0357235
3040.0 0.183273
3042.0 0.55506
3044.0 0.448143
3046.0 0.322608
3048.0 0.349251
3050.0 0.175816
3052.0 0.389537
3054.0 0.127476
3056.0 0.377629
3058.0 0.197429
3060.0 0.155253
3062.0 0.14949
3064.0 0.136892
3066.0 0.187827
3068.0 0.0414291
3070.0 0.356663
3072.0 0.166938
3074.0 0.162874
3076.0 0.189478
3078.0 0.148907
3080.0 0.156585
3082.0 0.118708
3084.0 0.209743
3086.0 0.220254
3088.0 0.301551
3090.0 0.231407
3092.0 0.192245
3094.0 0.161284
3096.0 0.176504
3098.0 0.176878
3100.0 0.146204
3102.0 0.124212
3104.0 0.208571
3106.0 0.13819
3108.0 0.199793
3110.0 0.118279
3112.0 0.135646
3114.0 0.107805
3116.0 0.151753
3118.0 0.138043
3120.0 0.132051
3122.0 0.175935
3124.0 0.101188
3126.0 0.140131
3128.0 0.156473
3130.0 0.117539
3132.0 0.168751
3134.0 0.157752
3136.0 0.166967
3138.0 0.150342
3140.0 0.14526
3142.0 0.160186
3144.0 0.20252
3146.0 0.160719
3148.0 0.162259
3150.0 0.158338
3152.0 0.129714
3154.0 0.125064
3156.0 0.176582
3158.0 0.167155
3160.0 0.171462
3162.0 0.135698
3164.0 0.167047
3166.0 0.146366
3168.0 0.128786
3170.0 0.181226
3172.0 0.159418
3174.0 0.149455
3176.0 0.210819
3178.0 0.223937
3180.0 0.194376
3182.0 0.177103
3184.0 0.19515
3186.0 0.213139
3188.0 0.191788
3190.0 0.177783
3192.0 0.194567
3194.0 0.149425
3196.0 0.179658
3198.0 0.16918
3200.0 0.200173
3202.0 0.193711
3204.0 0.213491
3206.0 0.188064
3208.0 0.175518
3210.0 0.220505
3212.0 0.181355
3214.0 0.174531
3216.0 0.184418
3218.0 0.180247
3220.0 0.188143
3222.0 0.1921
3224.0 0.159641
3226.0 0.181254
3228.0 0.205677
3230.0 0.181028
3232.0 0.184768
3234.0 0.198452
3236.0 0.191337
3238.0 0.193734
3240.0 0.200638
3242.0 0.2183
3244.0 0.21795
3246.0 0.212993
3248.0 0.199699
3250.0 0.201417
3252.0 0.207822
3254.0 0.211773
3256.0 0.188838
3258.0 0.172548
3260.0 0.180721
3262.0 0.210234
3264.0 0.188862
3266.0 0.200155
3268.0 0.204751
3270.0 0.180886
3272.0 0.20379
3274.0 0.186268
3276.0 0.169737
3278.0 0.177941
3280.0 0.183971
3282.0 0.198248
3284.0 0.180386
3286.0 0.186256
3288.0 0.190816
3290.0 0.17218
3292.0 0.186899
3294.0 0.177195
3296.0 0.19367
3298.0 0.17953
3300.0 0.18899
3302.0 0.19278
3304.0 0.191696
3306.0 0.186383
3308.0 0.180057
3310.0 0.190266
3312.0 0.186015
3314.0 0.189958
3316.0 0.188837
3318.0 0.187849
3320.0 0.188255
3322.0 0.190535
3324.0 0.194184
3326.0 0.183385
3328.0 0.181215
3330.0 0.176127
3332.0 0.18741
3334.0 0.190258
3336.0 0.182455
3338.0 0.182573
3340.0 0.189892
3342.0 0.18513
3344.0 0.178175
3346.0 0.185078
3348.0 0.185025
3350.0 0.188778
3352.0 0.178402
3354.0 0.173717
3356.0 0.165486
3358.0 0.169423
3360.0 0.173882
3362.0 0.174098
3364.0 0.178856
3366.0 0.168237
3368.0 0.162913
3370.0 0.175276
3372.0 0.188722
3374.0 0.172792
3376.0 0.153844
3378.0 0.170669
3380.0 0.166507
3382.0 0.170908
3384.0 0.176593
3386.0 0.177855
3388.0 0.171248
3390.0 0.18162
3392.0 0.174338
3394.0 0.180102
3396.0 0.180844
3398.0 0.164196
3400.0 0.172928
3402.0 0.16924
3404.0 0.173525
3406.0 0.165021
3408.0 0.16296
3410.0 0.168004
3412.0 0.162452
3414.0 0.169956
3416.0 0.174262
3418.0 0.165182
3420.0 0.176609
3422.0 0.166172
3424.0 0.157714
3426.0 0.166534
3428.0 0.163146
3430.0 0.177646
3432.0 0.16655
3434.0 0.168633
3436.0 0.159775
3438.0 0.162841
3440.0 0.159406
3442.0 0.15947
3444.0 0.160483
3446.0 0.160587
3448.0 0.158258
3450.0 0.164858
3452.0 0.169448
3454.0 0.173476
3456.0 0.156761
3458.0 0.177536
3460.0 0.161806
3462.0 0.160332
3464.0 0.147612
3466.0 0.157955
3468.0 0.145959
3470.0 0.15136
3472.0 0.149754
3474.0 0.167539
3476.0 0.15891
3478.0 0.153394
3480.0 0.156756
3482.0 0.158414
3484.0 0.145893
3486.0 0.15691
3488.0 0.162885
3490.0 0.159554
3492.0 0.148201
3494.0 0.158756
3496.0 0.166056
3498.0 0.157045
3500.0 0.157057
3502.0 0.160097
3504.0 0.16111
3506.0 0.157154
3508.0 0.152706
3510.0 0.156661
3512.0 0.158063
3514.0 0.163635
3516.0 0.160557
3518.0 0.15772
3520.0 0.15108
3522.0 0.15263
3524.0 0.150644
3526.0 0.160225
3528.0 0.153537
3530.0 0.1571
3532.0 0.165677
3534.0 0.146992
3536.0 0.15487
3538.0 0.161389
3540.0 0.147657
3542.0 0.145587
3544.0 0.143444
3546.0 0.155701
3548.0 0.157756
3550.0 0.150426
3552.0 0.150739
3554.0 0.144501
3556.0 0.156478
3558.0 0.161264
3560.0 0.150799
3562.0 0.146309
3564.0 0.14548
3566.0 0.152298
3568.0 0.14629
3570.0 0.147444
3572.0 0.151438
3574.0 0.155532
3576.0 0.14885
3578.0 0.148073
3580.0 0.143173
3582.0 0.138836
3584.0 0.144613
3586.0 0.152822
3588.0 0.152333
3590.0 0.151672
3592.0 0.148626
3594.0 0.147472
3596.0 0.153824
3598.0 0.158589
3600.0 0.148023
3602.0 0.150099
3604.0 0.148786
3606.0 0.143758
3608.0 0.141193
3610.0 0.14282
3612.0 0.146524
3614.0 0.149382
3616.0 0.159547
3618.0 0.157118
3620.0 0.147551
3622.0 0.151854
3624.0 0.152748
3626.0 0.139116
3628.0 0.153916
3630.0 0.147536
3632.0 0.150352
3634.0 0.146799
3636.0 0.147199
3638.0 0.145328
3640.0 0.141907
3642.0 0.142098
3644.0 0.147
3646.0 0.150674
3648.0 0.150836
3650.0 0.142518
3652.0 0.136321
3654.0 0.146671
3656.0 0.139028
3658.0 0.139631
3660.0 0.14096
3662.0 0.142757
3664.0 0.153293
3666.0 0.136269
3668.0 0.140685
3670.0 0.147994
3672.0 0.151834
3674.0 0.149896
3676.0 0.145723
3678.0 0.149758
3680.0 0.141103
3682.0 0.144473
3684.0 0.143496
3686.0 0.139709
3688.0 0.141672
3690.0 0.138186
3692.0 0.146506
3694.0 0.144703
3696.0 0.137536
3698.0 0.139598
3700.0 0.137787
3702.0 0.140119
3704.0 0.142371
3706.0 0.138076
3708.0 0.137524
3710.0 0.137807
3712.0 0.142147
3714.0 0.137354
3716.0 0.140323
3718.0 0.146141
3720.0 0.146667
3722.0 0.138027
3724.0 0.139576
3726.0 0.138976
3728.0 0.135519
3730.0 0.139598
3732.0 0.138112
3734.0 0.132921
3736.0 0.13943
3738.0 0.134118
3740.0 0.135167
3742.0 0.132104
3744.0 0.132133
3746.0 0.134773
3748.0 0.136779
3750.0 0.134102
3752.0 0.135685
3754.0 0.139754
3756.0 0.142238
3758.0 0.135869
3760.0 0.139711
3762.0 0.134507
3764.0 0.130407
3766.0 0.137013
3768.0 0.135544
3770.0 0.133903
3772.0 0.136878
3774.0 0.140945
3776.0 0.134971
3778.0 0.135823
3780.0 0.141593
3782.0 0.12868
3784.0 0.14392
3786.0 0.131495
3788.0 0.131584
3790.0 0.134021
3792.0 0.138826
3794.0 0.136461
3796.0 0.133729
3798.0 0.131314
3800.0 0.136554
3802.0 0.133548
3804.0 0.128037
3806.0 0.136816
3808.0 0.13246
3810.0 0.13464
3812.0 0.132587
3814.0 0.130945
3816.0 0.130121
3818.0 0.131063
3820.0 0.132043
3822.0 0.133487
3824.0 0.133636
3826.0 0.130781
3828.0 0.138276
3830.0 0.126923
3832.0 0.130639
3834.0 0.132346
3836.0 0.128635
3838.0 0.127336
3840.0 0.12745
3842.0 0.132889
3844.0 0.132514
3846.0 0.125392
3848.0 0.126753
3850.0 0.131757
3852.0 0.132521
3854.0 0.135831
3856.0 0.132944
3858.0 0.131407
3860.0 0.129978
3862.0 0.130594
3864.0 0.128396
3866.0 0.128493
3868.0 0.132705
3870.0 0.128073
3872.0 0.126907
3874.0 0.125864
3876.0 0.129379
3878.0 0.128072
3880.0 0.130288
3882.0 0.128404
3884.0 0.134025
3886.0 0.129582
3888.0 0.124161
3890.0 0.126502
3892.0 0.123377
3894.0 0.128177
3896.0 0.128837
3898.0 0.131615
3900.0 0.129248
3902.0 0.130066
3904.0 0.123236
3906.0 0.127158
3908.0 0.134848
3910.0 0.128026
3912.0 0.123404
3914.0 0.120692
3916.0 0.131371
3918.0 0.127553
3920.0 0.125551
3922.0 0.126734
3924.0 0.120557
3926.0 0.126887
3928.0 0.124347
3930.0 0.120921
3932.0 0.116657
3934.0 0.119858
3936.0 0.125458
3938.0 0.128052
3940.0 0.116561
3942.0 0.122799
3944.0 0.118975
3946.0 0.11603
3948.0 0.124082
3950.0 0.121816
3952.0 0.124108
3954.0 0.122868
3956.0 0.123475
3958.0 0.127474
3960.0 0.118359
3962.0 0.121405
3964.0 0.120741
3966.0 0.118428
3968.0 0.120289
3970.0 0.11976
3972.0 0.120782
3974.0 0.119327
3976.0 0.11968
3978.0 0.117015
3980.0 0.116917
3982.0 0.118406
3984.0 0.118448
3986.0 0.1145
3988.0 0.114885
3990.0 0.119131
3992.0 0.119395
3994.0 0.117272
3996.0 0.116481
3998.0 0.112442
4000.0 0.117144
4002.0 0.112765
4004.0 0.114511
4006.0 0.115548
4008.0 0.117275
4010.0 0.119872
4012.0 0.112177
4014.0 0.114491
4016.0 0.115281
4018.0 0.112708
4020.0 0.117397
4022.0 0.116504
4024.0 0.121838
4026.0 0.117226
4028.0 0.112717
4030.0 0.114312
4032.0 0.111659
4034.0 0.113221
4036.0 0.11346
4038.0 0.111995
4040.0 0.11329
4042.0 0.113697
4044.0 0.115218
4046.0 0.112427
4048.0 0.117292
4050.0 0.1134
4052.0 0.116297
4054.0 0.11881
4056.0 0.110246
4058.0 0.113829
4060.0 0.112051
4062.0 0.117048
4064.0 0.111453
4066.0 0.113173
4068.0 0.114323
4070.0 0.114853
4072.0 0.112487
4074.0 0.112498
4076.0 0.106387
4078.0 0.10646
4080.0 0.10729
4082.0 0.109469
4084.0 0.107682
4086.0 0.11371
4088.0 0.113228
4090.0 0.107194
4092.0 0.10889
4094.0 0.109537
4096.0 0.108122
4098.0 0.10991
4100.0 0.109276
4102.0 0.10719
4104.0 0.108932
4106.0 0.108921
4108.0 0.102856
4110.0 0.103281
4112.0 0.104789
4114.0 0.103598
4116.0 0.108336
4118.0 0.107651
4120.0 0.103552
4122.0 0.105707
4124.0 0.105779
4126.0 0.105081
4128.0 0.107286
4130.0 0.107766
4132.0 0.107812
4134.0 0.103905
4136.0 0.102392
4138.0 0.108802
4140.0 0.104771
4142.0 0.112249
4144.0 0.109746
4146.0 0.10634
4148.0 0.110363
4150.0 0.105521
4152.0 0.108019
4154.0 0.108183
4156.0 0.101128
4158.0 0.102295
4160.0 0.105735
4162.0 0.105095
4164.0 0.105673
4166.0 0.107751
4168.0 0.104139
4170.0 0.107685
4172.0 0.104876
4174.0 0.107738
4176.0 0.104709
4178.0 0.113383
4180.0 0.105335
4182.0 0.103823
4184.0 0.106985
4186.0 0.107326
4188.0 0.104649
4190.0 0.111507
4192.0 0.105793
4194.0 0.106217
4196.0 0.104329
4198.0 0.103474
4200.0 0.104894
4202.0 0.103102
4204.0 0.10515
4206.0 0.0984063
4208.0 0.0977819
4210.0 0.102271
4212.0 0.10354
4214.0 0.100399
4216.0 0.10358
4218.0 0.104015
4220.0 0.106752
4222.0 0.098068
4224.0 0.098245
4226.0 0.0946126
4228.0 0.0986202
4230.0 0.0978962
4232.0 0.105429
4234.0 0.103723
4236.0 0.100449
4238.0 0.101462
4240.0 0.101771
4242.0 0.0988014
4244.0 0.0971671
4246.0 0.0976524
4248.0 0.100697
4250.0 0.101876
4252.0 0.104624
4254.0 0.0975248
4256.0 0.0955072
4258.0 0.100561
4260.0 0.101044
4262.0 0.0984457
4264.0 0.104193
4266.0 0.101641
4268.0 0.102805
4270.0 0.09614
4272.0 0.0975054
4274.0 0.10046
4276.0 0.0999311
4278.0 0.100777
4280.0 0.102675
4282.0 0.0987708
4284.0 0.0977864
4286.0 0.102537
4288.0 0.10062
4290.0 0.0986086
4292.0 0.103426
4294.0 0.0989616
4296.0 0.102573
4298.0 0.100288
4300.0 0.0993482
4302.0 0.0955011
4304.0 0.0978417
4306.0 0.0963198
4308.0 0.0988481
4310.0 0.0945357
4312.0 0.0945432
4314.0 0.0974183
4316.0 0.0943561
4318.0 0.0965085
4320.0 0.097302
4322.0 0.0945678
4324.0 0.0961548
4326.0 0.0986692
4328.0 0.0964556
4330.0 0.0984249
4332.0 0.0982065
4334.0 0.0987507
4336.0 0.0976968
4338.0 0.0978812
4340.0 0.0979928
4342.0 0.094806
4344.0 0.100183
4346.0 0.0933162
4348.0 0.0951795
4350.0 0.09854
4352.0 0.0975022
4354.0 0.093284
4356.0 0.0930991
4358.0 0.0933437
4360.0 0.0941234
4362.0 0.094126
4364.0 0.0943348
4366.0 0.0920099
4368.0 0.0919957
4370.0 0.0953774
4372.0 0.0942723
4374.0 0.0948199
4376.0 0.0945866
4378.0 0.0950793
4380.0 0.096713
4382.0 0.0937667
4384.0 0.0926659
4386.0 0.0968215
4388.0 0.0915099
4390.0 0.091568
4392.0 0.0966993
4394.0 0.095021
4396.0 0.0923362
4398.0 0.096544
4400.0 0.0941134
4402.0 0.0945902
4404.0 0.0908213
4406.0 0.093397
4408.0 0.0893046
4410.0 0.0909831
4412.0 0.0940012
4414.0 0.100881
4416.0 0.0962705
4418.0 0.0904663
4420.0 0.091912
4422.0 0.0914425
4424.0 0.0921323
4426.0 0.0935855
4428.0 0.093303
4430.0 0.0947326
4432.0 0.089368
4434.0 0.0860829
4436.0 0.0889979
4438.0 0.0912162
4440.0 0.0885013
4442.0 0.091607
4444.0 0.0930954
4446.0 0.0918408
4448.0 0.0905028
4450.0 0.0901257
4452.0 0.0951989
4454.0 0.0953567
4456.0 0.093972
4458.0 0.094332
4460.0 0.0886675
4462.0 0.0876286
4464.0 0.0884637
4466.0 0.0946836
4468.0 0.0955781
4470.0 0.0981972
4472.0 0.0969653
4474.0 0.0916353
4476.0 0.0951111
4478.0 0.0943851
4480.0 0.0952976
4482.0 0.0911353
4484.0 0.0943312
4486.0 0.0920428
4488.0 0.0938472
4490.0 0.0891196
4492.0 0.0869782
4494.0 0.0852102
4496.0 0.0865971
4498.0 0.090278
4500.0 0.0867114
4502.0 0.0934701
4504.0 0.0940776
4506.0 0.0926836
4508.0 0.0894541
4510.0 0.0900967
4512.0 0.0932918
4514.0 0.0907457
4516.0 0.0935239
4518.0 0.090817
4520.0 0.0916866
4522.0 0.0897136
4524.0 0.0895136
4526.0 0.089787
4528.0 0.0843788
4530.0 0.0876169
4532.0 0.0827924
4534.0 0.0839094
4536.0 0.0837327
4538.0 0.0853005
4540.0 0.0826746
4542.0 0.0826073
4544.0 0.0831286
4546.0 0.0864782
4548.0 0.0908932
4550.0 0.090756
4552.0 0.0872778
4554.0 0.0926237
4556.0 0.0925969
4558.0 0.0881938
4560.0 0.0898295
4562.0 0.0865203
4564.0 0.092565
4566.0 0.0872684
4568.0 0.0857074
4570.0 0.0892554
4572.0 0.0919387
4574.0 0.0902349
4576.0 0.0902331
4578.0 0.0911415
4580.0 0.0935677
4582.0 0.0896764
4584.0 0.0886983
4586.0 0.0884354
4588.0 0.0890859
4590.0 0.0845715
4592.0 0.0882673
4594.0 0.0860719
4596.0 0.0830543
4598.0 0.0831133
4600.0 0.0823708
4602.0 0.0780041
4604.0 0.0784213
4606.0 0.0867135
4608.0 0.0822347
4610.0 0.0883091
4612.0 0.0859303
4614.0 0.0866776
4616.0 0.0878048
4618.0 0.0856302
4620.0 0.0890826
4622.0 0.0905886
4624.0 0.089052
4626.0 0.0893547
4628.0 0.0893573
4630.0 0.0862771
4632.0 0.0886645
4634.0 0.0887306
4636.0 0.0848376
4638.0 0.085181
4640.0 0.0832379
4642.0 0.0880791
4644.0 0.0843334
4646.0 0.0873345
4648.0 0.0838336
4650.0 0.0818196
4652.0 0.0831892
4654.0 0.0776325
4656.0 0.0778613
4658.0 0.0825203
4660.0 0.0844017
4662.0 0.0854411
4664.0 0.083504
4666.0 0.0868493
4668.0 0.0888479
4670.0 0.0858196
4672.0 0.085203
4674.0 0.0860324
4676.0 0.0827185
4678.0 0.0847166
4680.0 0.0875947
4682.0 0.0883507
4684.0 0.0859721
4686.0 0.0832137
4688.0 0.0789272
4690.0 0.0804802
4692.0 0.080004
4694.0 0.0792749
4696.0 0.0721906
4698.0 0.0759993
4700.0 0.0765129
4702.0 0.0750971
4704.0 0.0807591
4706.0 0.0787636
4708.0 0.0817438
4710.0 0.0866161
4712.0 0.0877206
4714.0 0.0882317
4716.0 0.08857
4718.0 0.0862801
4720.0 0.0861285
4722.0 0.0872413
4724.0 0.0869583
4726.0 0.0849382
4728.0 0.0872069
4730.0 0.0893493
4732.0 0.0835852
4734.0 0.0856937
4736.0 0.0897679
4738.0 0.0891034
4740.0 0.0883363
4742.0 0.0916395
4744.0 0.0880112
4746.0 0.0864867
4748.0 0.0876945
4750.0 0.0917154
4752.0 0.0884604
4754.0 0.0873925
4756.0 0.0929262
4758.0 0.0935863
4760.0 0.0869067
4762.0 0.0896228
4764.0 0.0874787
4766.0 0.0910877
4768.0 0.0902741
4770.0 0.0899435
4772.0 0.0822467
4774.0 0.0862536
4776.0 0.0886278
4778.0 0.0913265
4780.0 0.0901402
4782.0 0.0884667
4784.0 0.086849
4786.0 0.08593
4788.0 0.0877548
4790.0 0.0852656
4792.0 0.0858197
4794.0 0.0886635
4796.0 0.0874779
4798.0 0.0878962
4800.0 0.0885725
4802.0 0.0891688
4804.0 0.0871516
4806.0 0.0836493
4808.0 0.0887123
4810.0 0.0880206
4812.0 0.0863961
4814.0 0.0836344
4816.0 0.0869909
4818.0 0.0876528
4820.0 0.088796
4822.0 0.0868689
4824.0 0.0834108
4826.0 0.0827256
4828.0 0.0872209
4830.0 0.0890442
4832.0 0.0878433
4834.0 0.0842017
4836.0 0.0883264
4838.0 0.088043
4840.0 0.0865519
4842.0 0.0846741
4844.0 0.0858436
4846.0 0.0815369
4848.0 0.0837628
4850.0 0.0776733
4852.0 0.0761915
4854.0 0.075508
4856.0 0.0746478
4858.0 0.0805782
4860.0 0.0809705
4862.0 0.083097
4864.0 0.0837004
4866.0 0.0843296
4868.0 0.0857783
4870.0 0.085141
4872.0 0.0831348
4874.0 0.0842071
4876.0 0.0798859
4878.0 0.0862458
4880.0 0.0848555
4882.0 0.0861565
4884.0 0.0840483
4886.0 0.0851192
4888.0 0.0804854
4890.0 0.0821256
4892.0 0.0831894
4894.0 0.0822946
4896.0 0.0824533
4898.0 0.0841854
4900.0 0.0865739
4902.0 0.0833834
4904.0 0.0791564
4906.0 0.0811023
4908.0 0.0862232
4910.0 0.083588
4912.0 0.0816016
4914.0 0.0806381
4916.0 0.0814535
4918.0 0.0809575
4920.0 0.0861224
4922.0 0.0804525
4924.0 0.0794537
4926.0 0.0816531
4928.0 0.0795099
4930.0 0.0842936
4932.0 0.0803894
4934.0 0.078859
4936.0 0.0799755
4938.0 0.0778139
4940.0 0.078661
4942.0 0.0791642
4944.0 0.0807685
4946.0 0.0806677
4948.0 0.0784524
4950.0 0.0809488
4952.0 0.082595
4954.0 0.0787692
4956.0 0.08053
4958.0 0.0823962
4960.0 0.0829896
4962.0 0.0813622
4964.0 0.0809001
4966.0 0.0791173
4968.0 0.077976
4970.0 0.0788678
4972.0 0.0763145
4974.0 0.0828297
4976.0 0.0845279
4978.0 0.0826556
4980.0 0.0770528
4982.0 0.0787199
4984.0 0.0824691
4986.0 0.0814349
4988.0 0.0783537
4990.0 0.0794031
4992.0 0.0784698
4994.0 0.0829685
4996.0 0.0823411
4998.0 0.0781675
5000.0 0.0788007
5002.0 0.0759848
5004.0 0.0766842
5006.0 0.0817958
5008.0 0.0827548
5010.0 0.0809375
5012.0 0.0775006
5014.0 0.0814172
5016.0 0.0805866
5018.0 0.0796884
5020.0 0.0794248
5022.0 0.0797265
5024.0 0.079511
5026.0 0.0817354
5028.0 0.0784405
5030.0 0.0768535
5032.0 0.0776058
5034.0 0.0785417
5036.0 0.079117
5038.0 0.0815503
5040.0 0.0822411
5042.0 0.0808599
5044.0 0.0802375
5046.0 0.0803761
5048.0 0.0831616
5050.0 0.0784727
5052.0 0.0827235
5054.0 0.0775645
5056.0 0.0759002
5058.0 0.0787131
5060.0 0.0767044
5062.0 0.0815308
5064.0 0.0757595
5066.0 0.0767645
5068.0 0.0793352
5070.0 0.0799448
5072.0 0.0755121
5074.0 0.0773187
5076.0 0.0780933
5078.0 0.0777563
5080.0 0.0787484
5082.0 0.0780416
5084.0 0.0721658
5086.0 0.0709104
5088.0 0.0729483
5090.0 0.0739638
5092.0 0.0752215
5094.0 0.0736023
5096.0 0.0728863
5098.0 0.0742918
5100.0 0.0701327
5102.0 0.0739054
5104.0 0.0750002
5106.0 0.0762628
5108.0 0.0752825
5110.0 0.0788121
5112.0 0.0786833
5114.0 0.0731081
5116.0 0.0743888
5118.0 0.0743587
5120.0 0.0738971
5122.0 0.0751469
5124.0 0.0782342
5126.0 0.0747309
5128.0 0.0793919
5130.0 0.0757378
5132.0 0.0731666
5134.0 0.0695453
5136.0 0.0719847
5138.0 0.0727078
5140.0 0.0711427
5142.0 0.0716912
5144.0 0.0763621
5146.0 0.0725781
5148.0 0.0734051
5150.0 0.0731598
5152.0 0.0716848
5154.0 0.0780723
5156.0 0.0740083
5158.0 0.0777991
5160.0 0.0770044
5162.0 0.0752566
5164.0 0.0817891
5166.0 0.0789993
5168.0 0.0793613
5170.0 0.0779456
5172.0 0.080506
5174.0 0.0783567
5176.0 0.074327
5178.0 0.0771742
5180.0 0.0764084
5182.0 0.0774728
5184.0 0.0778263
5186.0 0.0769057
5188.0 0.0753146
5190.0 0.0743871
5192.0 0.0724824
5194.0 0.0728787
5196.0 0.075348
5198.0 0.0762788
5200.0 0.072199
5202.0 0.0768588
5204.0 0.0741157
5206.0 0.0770584
5208.0 0.0774604
5210.0 0.0771735
5212.0 0.0753568
5214.0 0.0722167
5216.0 0.0723918
5218.0 0.0767586
5220.0 0.0771915
5222.0 0.0795195
5224.0 0.0740506
5226.0 0.0693262
5228.0 0.0772339
5230.0 0.0783531
5232.0 0.0790217
5234.0 0.0765475
5236.0 0.0771546
5238.0 0.0780985
5240.0 0.0798262
5242.0 0.0779976
5244.0 0.074644
5246.0 0.0703998
5248.0 0.0746122
5250.0 0.0735118
5252.0 0.0773562
5254.0 0.0738892
5256.0 0.0751553
5258.0 0.0748974
5260.0 0.0740832
5262.0 0.0777975
5264.0 0.0750215
5266.0 0.0741842
5268.0 0.0733508
5270.0 0.0734019
5272.0 0.074842
5274.0 0.0739867
5276.0 0.073991
5278.0 0.0735789
5280.0 0.0729403
5282.0 0.0734747
5284.0 0.0760099
5286.0 0.0755722
5288.0 0.068527
5290.0 0.0761611
5292.0 0.0726753
5294.0 0.0789025
5296.0 0.0741705
5298.0 0.0761641
5300.0 0.0721582
5302.0 0.0741582
5304.0 0.0730999
5306.0 0.0731816
5308.0 0.0754215
5310.0 0.0759832
5312.0 0.0756592
5314.0 0.0756558
5316.0 0.0739895
5318.0 0.0699948
5320.0 0.0766113
5322.0 0.0772185
5324.0 0.0764895
5326.0 0.0775075
5328.0 0.0733228
5330.0 0.0742729
5332.0 0.0741611
5334.0 0.0743404
5336.0 0.0742095
5338.0 0.0742661
5340.0 0.0744381
5342.0 0.0740172
5344.0 0.076634
5346.0 0.0749525
5348.0 0.0754868
5350.0 0.0748429
5352.0 0.0734727
5354.0 0.0736165
5356.0 0.0734032
5358.0 0.0715066
5360.0 0.0722537
5362.0 0.0707361
5364.0 0.0682674
5366.0 0.0750451
5368.0 0.0713512
5370.0 0.0720376
5372.0 0.0755774
5374.0 0.0724957
5376.0 0.0741043
5378.0 0.0736862
5380.0 0.0725926
5382.0 0.0722257
5384.0 0.0726212
5386.0 0.0746091
5388.0 0.0726982
5390.0 0.0687255
5392.0 0.069021
5394.0 0.0735008
5396.0 0.0752982
5398.0 0.0710111
5400.0 0.0716107
5402.0 0.0724128
5404.0 0.0725836
5406.0 0.0729917
5408.0 0.0693271
5410.0 0.0697835
5412.0 0.0715303
5414.0 0.0738711
5416.0 0.0760456
5418.0 0.0749198
5420.0 0.0727549
5422.0 0.0705126
5424.0 0.0721486
5426.0 0.0773599
5428.0 0.069636
5430.0 0.0714669
5432.0 0.0741843
5434.0 0.0735312
5436.0 0.0754671
5438.0 0.0701016
5440.0 0.0743372
5442.0 0.0718381
5444.0 0.0715026
5446.0 0.0757522
5448.0 0.0746126
5450.0 0.0747415
5452.0 0.0721214
5454.0 0.0740162
5456.0 0.076398
5458.0 0.0751128
5460.0 0.0701416
5462.0 0.075093
5464.0 0.0700139
5466.0 0.0708181
5468.0 0.0734501
5470.0 0.0741351
5472.0 0.0718088
5474.0 0.0714412
5476.0 0.0703302
5478.0 0.0727664
5480.0 0.0741089
5482.0 0.0754276
5484.0 0.0737424
5486.0 0.0705824
5488.0 0.0733176
5490.0 0.0697188
5492.0 0.0730819
5494.0 0.071499
5496.0 0.0699686
5498.0 0.0713093
5500.0 0.0700783
5502.0 0.0703375
5504.0 0.0725471
5506.0 0.0701131
5508.0 0.0747914
5510.0 0.0730494
5512.0 0.0725896
5514.0 0.0730525
5516.0 0.0689044
5518.0 0.0707139
5520.0 0.0696207
5522.0 0.0675934
5524.0 0.06953
5526.0 0.0715144
5528.0 0.0672657
5530.0 0.0721601
5532.0 0.0688125
5534.0 0.0713016
5536.0 0.0713205
5538.0 0.0711861
5540.0 0.0716724
5542.0 0.0720025
5544.0 0.0701646
5546.0 0.0739925
5548.0 0.0706806
5550.0 0.0712102
5552.0 0.0813073
5554.0 0.076212
5556.0 0.0760522
5558.0 0.069067
5560.0 0.0756431
5562.0 0.0718239
5564.0 0.0785588
5566.0 0.0709932
5568.0 0.0698078
5570.0 0.0731625
5572.0 0.0734504
5574.0 0.0780675
5576.0 0.0771245
5578.0 0.0730376
5580.0 0.0792332
5582.0 0.062846
5584.0 0.0713073
5586.0 0.0724283
5588.0 0.0700436
5590.0 0.0748993
5592.0 0.0748878
5594.0 0.0761546
5596.0 0.0738904
5598.0 0.0682344
5600.0 0.0719453
5602.0 0.0706985
5604.0 0.0679325
5606.0 0.0687198
5608.0 0.0734199
5610.0 0.075898
5612.0 0.0742957
5614.0 0.0720083
5616.0 0.0729774
5618.0 0.073554
5620.0 0.0727197
5622.0 0.0727036
5624.0 0.0766179
5626.0 0.0712317
5628.0 0.0730829
5630.0 0.0757101
5632.0 0.0760309
5634.0 0.0754551
5636.0 0.0743079
5638.0 0.074326
5640.0 0.0781003
5642.0 0.0735724
5644.0 0.072039
5646.0 0.0757993
5648.0 0.071471
5650.0 0.068386
5652.0 0.0772891
5654.0 0.0852179
5656.0 0.0615859
5658.0 0.0712975
5660.0 0.0754734
5662.0 0.0735211
5664.0 0.0740311
5666.0 0.0760306
5668.0 0.0784535
5670.0 0.0745681
5672.0 0.0735913
5674.0 0.0811021
5676.0 0.0732034
5678.0 0.0721634
5680.0 0.071399
5682.0 0.0688716
5684.0 0.073744
5686.0 0.0743008
5688.0 0.0693699
5690.0 0.0709969
5692.0 0.0837527
5694.0 0.0734791
5696.0 0.0709562
5698.0 0.068276
5700.0 0.0672275
5702.0 0.0760294
5704.0 0.0746839
5706.0 0.0758139
5708.0 0.0710169
5710.0 0.0757746
5712.0 0.0745886
5714.0 0.0788697
5716.0 0.0757776
5718.0 0.073998
5720.0 0.070612
5722.0 0.0715147
5724.0 0.075265
5726.0 0.076818
5728.0 0.070613
5730.0 0.0659861
5732.0 0.0712141
5734.0 0.0736702
5736.0 0.0731108
5738.0 0.0679613
5740.0 0.0682623
5742.0 0.0675184
5744.0 0.0730391
5746.0 0.0709739
5748.0 0.0705797
5750.0 0.0637764
5752.0 0.067317
5754.0 0.0642785
5756.0 0.0623196
5758.0 0.0601514
5760.0 0.0625891
5762.0 0.0660984
5764.0 0.0653581
5766.0 0.0672169
5768.0 0.0671153
5770.0 0.0676423
5772.0 0.0681142
5774.0 0.0653989
5776.0 0.068505
5778.0 0.0695312
5780.0 0.0730164
5782.0 0.0708265
5784.0 0.0734542
5786.0 0.0714404
5788.0 0.0686793
5790.0 0.0692222
5792.0 0.0705848
5794.0 0.0645043
5796.0 0.070284
5798.0 0.0711185
5800.0 0.0713625
5802.0 0.0713746
5804.0 0.0669674
5806.0 0.0680431
5808.0 0.0709294
5810.0 0.0685489
5812.0 0.0679507
5814.0 0.0710198
5816.0 0.0727344
5818.0 0.0689234
5820.0 0.0694086
5822.0 0.0690226
5824.0 0.0670344
5826.0 0.0720968
5828.0 0.0689216
5830.0 0.0665616
5832.0 0.0690778
5834.0 0.0662607
5836.0 0.0682275
5838.0 0.0710382
5840.0 0.0727449
5842.0 0.0675153
5844.0 0.068107
5846.0 0.0696912
5848.0 0.0712818
5850.0 0.0694959
5852.0 0.068448
5854.0 0.0746889
5856.0 0.0707675
5858.0 0.0754672
5860.0 0.0742052
5862.0 0.0722935
5864.0 0.0735729
5866.0 0.0730466
5868.0 0.071165
5870.0 0.0635831
5872.0 0.0673698
5874.0 0.069397
5876.0 0.070676
5878.0 0.0695069
5880.0 0.0666498
5882.0 0.0665591
5884.0 0.0635329
5886.0 0.0670574
5888.0 0.0640403
5890.0 0.0687409
5892.0 0.0667915
5894.0 0.0640955
5896.0 0.0614924
5898.0 0.0651724
5900.0 0.0590763
5902.0 0.0654745
5904.0 0.0678128
5906.0 0.0688619
5908.0 0.0705685
5910.0 0.067372
5912.0 0.0670963
5914.0 0.0668913
5916.0 0.0678045
5918.0 0.0677002
5920.0 0.0669271
5922.0 0.0672513
5924.0 0.0683393
5926.0 0.0662466
5928.0 0.0696613
5930.0 0.0661195
5932.0 0.0677268
5934.0 0.0654437
5936.0 0.0670334
5938.0 0.0627217
5940.0 0.0676524
5942.0 0.0646466
5944.0 0.0652597
5946.0 0.0618562
5948.0 0.064457
5950.0 0.0627321
5952.0 0.0691834
5954.0 0.0638833
5956.0 0.066627
5958.0 0.0679178
5960.0 0.0690097
5962.0 0.0658061
5964.0 0.0639781
5966.0 0.0630851
5968.0 0.0660376
5970.0 0.0626794
5972.0 0.0631988
5974.0 0.0685705
5976.0 0.0642426
5978.0 0.0662955
5980.0 0.0633339
5982.0 0.0660762
5984.0 0.0669281
5986.0 0.0653584
5988.0 0.062892
5990.0 0.067512
5992.0 0.0639432
5994.0 0.0609018
5996.0 0.0660101
5998.0 0.0645095
6000.0 0.0594851
6002.0 0.0642099
6004.0 0.0640411
6006.0 0.0665514
6008.0 0.0661657
6010.0 0.0666292
6012.0 0.0660233
6014.0 0.0645132
6016.0 0.0631595
6018.0 0.064195
6020.0 0.0675148
6022.0 0.0679596
6024.0 0.0635205
6026.0 0.0654762
6028.0 0.0648672
6030.0 0.0642184
6032.0 0.0606768
6034.0 0.064811
6036.0 0.0618012
6038.0 0.0650807
6040.0 0.0642583
6042.0 0.0665097
6044.0 0.0643038
6046.0 0.0595006
6048.0 0.062948
6050.0 0.0630891
6052.0 0.0599011
6054.0 0.0596709
6056.0 0.0609953
6058.0 0.0609659
6060.0 0.0678096
6062.0 0.0632331
6064.0 0.0645934
6066.0 0.0613801
6068.0 0.0601676
6070.0 0.0606018
6072.0 0.0611239
6074.0 0.0600563
6076.0 0.0589547
6078.0 0.0600367
6080.0 0.0616619
6082.0 0.0593518
6084.0 0.0645866
6086.0 0.063134
6088.0 0.0625117
6090.0 0.0613473
6092.0 0.0598304
6094.0 0.0612013
6096.0 0.0602536
6098.0 0.061057
6100.0 0.059212
6102.0 0.0618921
6104.0 0.0636276
6106.0 0.0619813
6108.0 0.0606499
6110.0 0.0593535
6112.0 0.0640171
6114.0 0.0610285
6116.0 0.0594615
6118.0 0.0557675
6120.0 0.0588353
6122.0 0.0554185
6124.0 0.0560832
6126.0 0.0534431
6128.0 0.0571891
6130.0 0.0588894
6132.0 0.0611671
6134.0 0.0611938
6136.0 0.0560924
6138.0 0.0566603
6140.0 0.0574626
6142.0 0.0607654
6144.0 0.0595668
6146.0 0.0585762
6148.0 0.0599519
6150.0 0.0547652
6152.0 0.0596505
6154.0 0.061658
6156.0 0.0599309
6158.0 0.0606217
6160.0 0.0596024
6162.0 0.0590959
6164.0 0.057981
6166.0 0.057327
6168.0 0.0587813
6170.0 0.057534
6172.0 0.0561705
6174.0 0.0593333
6176.0 0.05686
6178.0 0.0600021
6180.0 0.0596101
6182.0 0.057466
6184.0 0.0585565
6186.0 0.0598279
6188.0 0.0607202
6190.0 0.0561981
6192.0 0.0573931
6194.0 0.0583917
6196.0 0.0579837
6198.0 0.057321
6200.0 0.0568916
6202.0 0.0571295
6204.0 0.0578612
6206.0 0.0589925
6208.0 0.0626261
6210.0 0.060629
6212.0 0.0576831
6214.0 0.0571071
6216.0 0.0560939
6218.0 0.0564374
6220.0 0.0585342
6222.0 0.0614381
6224.0 0.0590989
6226.0 0.0600777
6228.0 0.0606107
6230.0 0.0566131
6232.0 0.0574712
6234.0 0.0578008
6236.0 0.0577555
6238.0 0.0527498
6240.0 0.0561869
6242.0 0.0553669
6244.0 0.0518097
6246.0 0.0593364
6248.0 0.0577463
6250.0 0.0596671
6252.0 0.0589778
6254.0 0.056215
6256.0 0.0573523
6258.0 0.0567613
6260.0 0.061227
6262.0 0.060413
6264.0 0.0596995
6266.0 0.059736
6268.0 0.0568036
6270.0 0.0626876
6272.0 0.0569543
6274.0 0.0577564
6276.0 0.059913
6278.0 0.0602274
6280.0 0.0599803
6282.0 0.0606942
6284.0 0.0599666
6286.0 0.0588895
6288.0 0.0574425
6290.0 0.0600028
6292.0 0.0556155
6294.0 0.0599747
6296.0 0.058826
6298.0 0.0572019
6300.0 0.0569284
6302.0 0.0611431
6304.0 0.0568916
6306.0 0.0565053
6308.0 0.0589873
6310.0 0.0589636
6312.0 0.0568912
6314.0 0.0588734
6316.0 0.0599549
6318.0 0.0630794
6320.0 0.0578418
6322.0 0.0595519
6324.0 0.0608535
6326.0 0.0594253
6328.0 0.0581381
6330.0 0.0592722
6332.0 0.0569677
6334.0 0.0555296
6336.0 0.0610222
6338.0 0.0583199
6340.0 0.0612872
6342.0 0.0605778
6344.0 0.0603709
6346.0 0.0629015
6348.0 0.0599918
6350.0 0.0615214
6352.0 0.0593325
6354.0 0.0579833
6356.0 0.0597683
6358.0 0.0567941
6360.0 0.0577263
6362.0 0.0571308
6364.0 0.0574325
6366.0 0.0589601
6368.0 0.0600025
6370.0 0.0559023
6372.0 0.0590359
6374.0 0.0580904
6376.0 0.0594271
6378.0 0.0625293
6380.0 0.0585758
6382.0 0.0559369
6384.0 0.0539573
6386.0 0.0548074
6388.0 0.0572701
6390.0 0.055905
6392.0 0.0555653
6394.0 0.0546931
6396.0 0.0546392
6398.0 0.0556641
6400.0 0.0567654
6402.0 0.0558651
6404.0 0.057118
6406.0 0.0546656
6408.0 0.0566489
6410.0 0.0596872
6412.0 0.0580714
6414.0 0.0586642
6416.0 0.0596124
6418.0 0.0561425
6420.0 0.0600289
6422.0 0.0551468
6424.0 0.0555648
6426.0 0.0577564
6428.0 0.0554466
6430.0 0.0538635
6432.0 0.0517004
6434.0 0.0526611
6436.0 0.0537835
6438.0 0.0558516
6440.0 0.0582553
6442.0 0.0583337
6444.0 0.0532309
6446.0 0.0543407
6448.0 0.0542517
6450.0 0.0559235
6452.0 0.0576386
6454.0 0.056196
6456.0 0.0547723
6458.0 0.0559675
6460.0 0.0546563
6462.0 0.0563083
6464.0 0.0564399
6466.0 0.0565002
6468.0 0.0543527
6470.0 0.0561751
6472.0 0.0572089
6474.0 0.0551854
6476.0 0.0581289
6478.0 0.0566661
6480.0 0.0523392
6482.0 0.0568803
6484.0 0.0544159
6486.0 0.0519111
6488.0 0.0556269
6490.0 0.0559036
6492.0 0.0553192
6494.0 0.0523613
6496.0 0.0551666
6498.0 0.0563027
6500.0 0.0527685
6502.0 0.0541826
6504.0 0.0592247
6506.0 0.0567575
6508.0 0.0523179
6510.0 0.0531844
6512.0 0.0537906
6514.0 0.0566565
6516.0 0.0550256
6518.0 0.0556822
6520.0 0.0526161
6522.0 0.0521775
6524.0 0.0538319
6526.0 0.0552136
6528.0 0.0565182
6530.0 0.0558432
6532.0 0.0533403
6534.0 0.0554835
6536.0 0.0559248
6538.0 0.0542789
6540.0 0.0555238
6542.0 0.0564618
6544.0 0.0563298
6546.0 0.0549108
6548.0 0.0550596
6550.0 0.0548409
6552.0 0.0547286
6554.0 0.0534395
6556.0 0.0545432
6558.0 0.0577726
6560.0 0.0550452
6562.0 0.0535758
6564.0 0.0529651
6566.0 0.0568215
6568.0 0.0570911
6570.0 0.0570012
6572.0 0.0556933
6574.0 0.054745
6576.0 0.0534143
6578.0 0.0524295
6580.0 0.0532047
6582.0 0.0572983
6584.0 0.0545265
6586.0 0.0546063
6588.0 0.0559276
6590.0 0.0545043
6592.0 0.0555738
6594.0 0.0536777
6596.0 0.0538779
6598.0 0.0542564
6600.0 0.0555306
6602.0 0.0529051
6604.0 0.0556557
6606.0 0.0560013
6608.0 0.0558055
6610.0 0.0542456
6612.0 0.0539951
6614.0 0.0529948
6616.0 0.0524589
6618.0 0.0530791
6620.0 0.051831
6622.0 0.0501654
6624.0 0.049815
6626.0 0.0529093
6628.0 0.0533763
6630.0 0.0534713
6632.0 0.0532531
6634.0 0.0519178
6636.0 0.0521774
6638.0 0.0523669
6640.0 0.0547017
6642.0 0.0537768
6644.0 0.055404
6646.0 0.0536097
6648.0 0.0529635
6650.0 0.0536487
6652.0 0.0535303
6654.0 0.0556596
6656.0 0.0548761
6658.0 0.0542248
6660.0 0.052899
6662.0 0.0513174
6664.0 0.0533727
6666.0 0.0555206
6668.0 0.0549312
6670.0 0.0532853
6672.0 0.0560359
6674.0 0.0551493
6676.0 0.0566508
6678.0 0.0554137
6680.0 0.0545714
6682.0 0.0548023
6684.0 0.0542623
6686.0 0.0520504
6688.0 0.0535133
6690.0 0.0544755
6692.0 0.0550519
6694.0 0.0550709
6696.0 0.0560933
6698.0 0.0505951
6700.0 0.0570147
6702.0 0.0530458
6704.0 0.0522432
6706.0 0.054459
6708.0 0.0521713
6710.0 0.0541121
6712.0 0.0541739
6714.0 0.0572966
6716.0 0.0550166
6718.0 0.052717
6720.0 0.0554707
6722.0 0.0561163
6724.0 0.057941
6726.0 0.0535128
6728.0 0.0543542
6730.0 0.0553127
6732.0 0.0537207
6734.0 0.051295
6736.0 0.0546345
6738.0 0.0544461
6740.0 0.0509655
6742.0 0.0549877
6744.0 0.0578913
6746.0 0.0550074
6748.0 0.0527964
6750.0 0.0558794
6752.0 0.0551418
6754.0 0.055885
6756.0 0.0561977
6758.0 0.0558311
6760.0 0.0545275
6762.0 0.0534852
6764.0 0.0537953
6766.0 0.0529278
6768.0 0.0555642
6770.0 0.0535133
6772.0 0.0564129
6774.0 0.0592864
6776.0 0.0548184
6778.0 0.0530011
6780.0 0.0552615
6782.0 0.0563251
6784.0 0.0554496
6786.0 0.0560887
6788.0 0.056308
6790.0 0.054965
6792.0 0.052209
6794.0 0.0545897
6796.0 0.0548565
6798.0 0.0549077
6800.0 0.0553152
6802.0 0.0564636
6804.0 0.0551055
6806.0 0.0558319
6808.0 0.0551043
6810.0 0.0556795
6812.0 0.0534611
6814.0 0.0545118
6816.0 0.055206
6818.0 0.0556625
6820.0 0.05598
6822.0 0.054794
6824.0 0.0542596
6826.0 0.0530062
6828.0 0.0554324
6830.0 0.054214
6832.0 0.0564863
6834.0 0.0550961
6836.0 0.053131
6838.0 0.0577506
6840.0 0.0544552
6842.0 0.0524737
6844.0 0.0530754
6846.0 0.0521755
6848.0 0.0539049
6850.0 0.0503264
6852.0 0.0528748
6854.0 0.0541512
6856.0 0.0559766
6858.0 0.0563503
6860.0 0.0563489
6862.0 0.0554338
6864.0 0.0513768
6866.0 0.0552083
6868.0 0.0546811
6870.0 0.055234
6872.0 0.0520058
6874.0 0.0519587
6876.0 0.0539686
6878.0 0.0563193
6880.0 0.0572914
6882.0 0.055412
6884.0 0.0568532
6886.0 0.0546861
6888.0 0.0563604
6890.0 0.0548921
6892.0 0.0540417
6894.0 0.0536184
6896.0 0.0528716
6898.0 0.0541665
6900.0 0.0557154
6902.0 0.0569557
6904.0 0.0544021
6906.0 0.0541122
6908.0 0.0551942
6910.0 0.0573323
6912.0 0.0569702
6914.0 0.0519421
6916.0 0.0530716
6918.0 0.0552782
6920.0 0.0541391
6922.0 0.0550391
6924.0 0.0555114
6926.0 0.0537097
6928.0 0.0543496
6930.0 0.0556953
6932.0 0.0518074
6934.0 0.0537249
6936.0 0.0547009
6938.0 0.0552799
6940.0 0.0525141
6942.0 0.0519251
6944.0 0.0534535
6946.0 0.0544033
6948.0 0.0549769
6950.0 0.0561076
6952.0 0.0512108
6954.0 0.0537157
6956.0 0.0546046
6958.0 0.0547685
6960.0 0.0533509
6962.0 0.0550244
6964.0 0.0549468
6966.0 0.0540854
6968.0 0.0555459
6970.0 0.0533276
6972.0 0.0527786
6974.0 0.0498672
6976.0 0.0509249
6978.0 0.0524996
6980.0 0.051045
6982.0 0.0511617
6984.0 0.0502068
6986.0 0.0540271
6988.0 0.0533171
6990.0 0.0515912
6992.0 0.0559902
6994.0 0.0560812
6996.0 0.0543236
6998.0 0.0517837
7000.0 0.0517313
7002.0 0.0535331
7004.0 0.0547163
7006.0 0.0546079
7008.0 0.0528758
7010.0 0.0559988
7012.0 0.0540879
7014.0 0.0519812
7016.0 0.0534241
7018.0 0.0523244
7020.0 0.0524047
7022.0 0.0539912
7024.0 0.0538429
7026.0 0.0519161
7028.0 0.0524306
7030.0 0.0552506
7032.0 0.0536043
7034.0 0.0522021
7036.0 0.0527137
7038.0 0.0548329
7040.0 0.0551091
7042.0 0.053807
7044.0 0.0512332
7046.0 0.0535248
7048.0 0.0512081
7050.0 0.0534897
7052.0 0.0507266
7054.0 0.053691
7056.0 0.0509913
7058.0 0.0553245
7060.0 0.0561502
7062.0 0.0559967
7064.0 0.0536513
7066.0 0.0526304
7068.0 0.0532671
7070.0 0.0526574
7072.0 0.0502088
7074.0 0.051752
7076.0 0.0532224
7078.0 0.0536104
7080.0 0.0516191
7082.0 0.0536277
7084.0 0.0513313
7086.0 0.0506234
7088.0 0.0520375
7090.0 0.0519772
7092.0 0.0531464
7094.0 0.0530139
7096.0 0.0508759
7098.0 0.0545553
7100.0 0.0551923
7102.0 0.0525338
7104.0 0.0533728
7106.0 0.0527989
7108.0 0.0526649
7110.0 0.0521661
7112.0 0.0498973
7114.0 0.0539145
7116.0 0.0522446
7118.0 0.0516927
7120.0 0.0551072
7122.0 0.0503175
7124.0 0.0518262
7126.0 0.0523539
7128.0 0.0522478
7130.0 0.0537173
7132.0 0.0521238
7134.0 0.0525484
7136.0 0.0532903
7138.0 0.052471
7140.0 0.052936
7142.0 0.0524426
7144.0 0.0526861
7146.0 0.0515571
7148.0 0.0523802
7150.0 0.0531431
7152.0 0.0542513
7154.0 0.0514367
7156.0 0.0509482
7158.0 0.0529047
7160.0 0.0533133
7162.0 0.053726
7164.0 0.0534379
7166.0 0.0527262
7168.0 0.0535942
7170.0 0.0523645
7172.0 0.0527702
7174.0 0.0514844
7176.0 0.0524535
7178.0 0.0543251
7180.0 0.0508092
7182.0 0.0498367
7184.0 0.0516205
7186.0 0.0503824
7188.0 0.051163
7190.0 0.0521565
7192.0 0.0501903
7194.0 0.0527544
7196.0 0.0506117
7198.0 0.0516771
7200.0 0.0496782
7202.0 0.0495389
7204.0 0.0468967
7206.0 0.0520656
7208.0 0.0504515
7210.0 0.0529848
7212.0 0.0500954
7214.0 0.0505342
7216.0 0.0500697
7218.0 0.0493697
7220.0 0.050759
7222.0 0.0530686
7224.0 0.0483237
7226.0 0.0483832
7228.0 0.0498398
7230.0 0.0487821
7232.0 0.0506903
7234.0 0.047868
7236.0 0.0515922
7238.0 0.0524317
7240.0 0.0472692
7242.0 0.0514036
7244.0 0.0450166
7246.0 0.0485517
7248.0 0.044533
7250.0 0.0477103
7252.0 0.0498215
7254.0 0.0517906
7256.0 0.047447
7258.0 0.0499415
7260.0 0.0526832
7262.0 0.0525717
7264.0 0.0514399
7266.0 0.0467248
7268.0 0.0486229
7270.0 0.0482389
7272.0 0.0507436
7274.0 0.0567713
7276.0 0.05475
7278.0 0.050668
7280.0 0.0460098
7282.0 0.0498975
7284.0 0.0473509
7286.0 0.0489227
7288.0 0.0465519
7290.0 0.0519399
7292.0 0.0490006
7294.0 0.0469769
7296.0 0.0502083
7298.0 0.0476709
7300.0 0.0501392
7302.0 0.0444396
7304.0 0.0461876
7306.0 0.0455843
7308.0 0.0496665
7310.0 0.0504942
7312.0 0.0525734
7314.0 0.048839
7316.0 0.0478658
7318.0 0.0436235
7320.0 0.0411491
7322.0 0.0502733
7324.0 0.0492159
7326.0 0.0478556
7328.0 0.0467872
7330.0 0.0452481
7332.0 0.0489333
7334.0 0.0459682
7336.0 0.0509314
7338.0 0.0546571
7340.0 0.0525856
7342.0 0.0485658
7344.0 0.042839
7346.0 0.0491506
7348.0 0.0491494
7350.0 0.0512016
7352.0 0.0492084
7354.0 0.0496664
7356.0 0.0469465
7358.0 0.0487079
7360.0 0.0471107
7362.0 0.0489932
7364.0 0.0503572
7366.0 0.0515007
7368.0 0.0446395
7370.0 0.0473405
7372.0 0.0443701
7374.0 0.0450893
7376.0 0.0495767
7378.0 0.0467871
7380.0 0.048475
7382.0 0.0490446
7384.0 0.0502868
7386.0 0.048688
7388.0 0.0481461
7390.0 0.0461202
7392.0 0.0464965
7394.0 0.0464829
7396.0 0.0506174
7398.0 0.0497313
7400.0 0.0498673
7402.0 0.0490701
7404.0 0.0431732
7406.0 0.0476132
7408.0 0.0463198
7410.0 0.0473689
7412.0 0.0490141
7414.0 0.04879
7416.0 0.0489506
7418.0 0.0507516
7420.0 0.047263
7422.0 0.0474834
7424.0 0.0496107
7426.0 0.0494641
7428.0 0.0477372
7430.0 0.050201
7432.0 0.0504817
7434.0 0.0485694
7436.0 0.0480216
7438.0 0.0471136
7440.0 0.0449529
7442.0 0.0483861
7444.0 0.0491726
7446.0 0.0494407
7448.0 0.049363
7450.0 0.048653
7452.0 0.0500832
7454.0 0.0503075
7456.0 0.0473462
7458.0 0.0499974
7460.0 0.0494022
7462.0 0.0496536
7464.0 0.0489489
7466.0 0.0499895
7468.0 0.0481378
7470.0 0.0514276
7472.0 0.0494481
7474.0 0.0526735
7476.0 0.0498569
7478.0 0.0521033
7480.0 0.0506489
7482.0 0.0480964
7484.0 0.0483082
7486.0 0.0494522
7488.0 0.0491635
7490.0 0.0481621
7492.0 0.0498589
7494.0 0.052557
7496.0 0.0502914
7498.0 0.0496659
7500.0 0.0526196
7502.0 0.0514852
7504.0 0.0511637
7506.0 0.0519201
7508.0 0.054339
7510.0 0.0523199
7512.0 0.0518739
7514.0 0.0501173
7516.0 0.0520943
7518.0 0.0504475
7520.0 0.0519275
7522.0 0.0519697
7524.0 0.0540585
7526.0 0.0488883
7528.0 0.048607
7530.0 0.0514065
7532.0 0.0489303
7534.0 0.0503853
7536.0 0.0501644
7538.0 0.0530201
7540.0 0.0537567
7542.0 0.0521869
7544.0 0.0515239
7546.0 0.0499788
7548.0 0.0524266
7550.0 0.0537858
7552.0 0.0550488
7554.0 0.0558037
7556.0 0.0554161
7558.0 0.0535052
7560.0 0.055449
7562.0 0.0518208
7564.0 0.0528219
7566.0 0.0533017
7568.0 0.0546602
7570.0 0.0547586
7572.0 0.0531698
7574.0 0.0515998
7576.0 0.051883
7578.0 0.0534891
7580.0 0.0522848
7582.0 0.0560996
7584.0 0.0546401
7586.0 0.0525151
7588.0 0.0515018
7590.0 0.0533036
7592.0 0.0525
7594.0 0.0559937
7596.0 0.0500522
7598.0 0.0512394
7600.0 0.0552619
7602.0 0.0561438
7604.0 0.0634707
7606.0 0.0637814
7608.0 0.0544944
7610.0 0.0504077
7612.0 0.0513231
7614.0 0.0498532
7616.0 0.0504224
7618.0 0.0517546
7620.0 0.0500755
7622.0 0.0515627
7624.0 0.0557419
7626.0 0.0548465
7628.0 0.0520305
7630.0 0.0511899
7632.0 0.0499132
7634.0 0.0559964
7636.0 0.0539702
7638.0 0.0512633
7640.0 0.0549988
7642.0 0.055367
7644.0 0.0544311
7646.0 0.0561455
7648.0 0.055667
7650.0 0.0529565
7652.0 0.0517097
7654.0 0.0535818
7656.0 0.0540207
7658.0 0.0533469
7660.0 0.0555496
7662.0 0.0582954
7664.0 0.0554816
7666.0 0.0538253
7668.0 0.0548914
7670.0 0.0569655
7672.0 0.0577097
7674.0 0.0536361
7676.0 0.0555985
7678.0 0.0557587
7680.0 0.055811
7682.0 0.0572564
7684.0 0.0557221
7686.0 0.0535315
7688.0 0.0546276
7690.0 0.0528289
7692.0 0.0526733
7694.0 0.0545435
7696.0 0.0549369
7698.0 0.0566562
7700.0 0.0549914
7702.0 0.0552988
7704.0 0.0554513
7706.0 0.0548313
7708.0 0.0602199
7710.0 0.0614119
7712.0 0.0613357
7714.0 0.0650605
7716.0 0.0525243
7718.0 0.0527034
7720.0 0.0477448
7722.0 0.0520468
7724.0 0.0583199
7726.0 0.0571984
7728.0 0.0541129
7730.0 0.0523403
7732.0 0.056029
7734.0 0.0522961
7736.0 0.05933
7738.0 0.0562091
7740.0 0.0542395
7742.0 0.0575328
7744.0 0.0573978
7746.0 0.0633336
7748.0 0.0629385
7750.0 0.0628521
7752.0 0.055809
7754.0 0.0447244
7756.0 0.0556635
7758.0 0.0574911
7760.0 0.0528946
7762.0 0.0493024
7764.0 0.0484276
7766.0 0.04863
7768.0 0.0550085
7770.0 0.0712293
7772.0 0.0580312
7774.0 0.0536229
7776.0 0.0521857
7778.0 0.0547565
7780.0 0.0523785
7782.0 0.0524082
7784.0 0.0511864
7786.0 0.0546892
7788.0 0.0571665
7790.0 0.0611879
7792.0 0.0632979
7794.0 0.0515727
7796.0 0.046402
7798.0 0.0494796
7800.0 0.0561851
7802.0 0.0542899
7804.0 0.0556748
7806.0 0.0557602
7808.0 0.0553284
7810.0 0.0514557
7812.0 0.0504259
7814.0 0.0540367
7816.0 0.0577471
7818.0 0.0673263
7820.0 0.0580158
7822.0 0.053119
7824.0 0.0441115
7826.0 0.0535397
7828.0 0.0530591
7830.0 0.0528239
7832.0 0.0534383
7834.0 0.056678
7836.0 0.0548592
7838.0 0.0562332
7840.0 0.0592804
7842.0 0.0555066
7844.0 0.0492246
7846.0 0.0531311
7848.0 0.0574443
7850.0 0.0630789
7852.0 0.0580418
7854.0 0.0528103
7856.0 0.0493648
7858.0 0.052162
7860.0 0.0527632
7862.0 0.0508786
7864.0 0.0492417
7866.0 0.0546716
7868.0 0.061295
7870.0 0.0521428
7872.0 0.055826
7874.0 0.0523229
7876.0 0.0542048
7878.0 0.0561057
7880.0 0.0532313
7882.0 0.0494018
7884.0 0.0503279
7886.0 0.0539165
7888.0 0.058031
7890.0 0.0563386
7892.0 0.0467222
7894.0 0.0462765
7896.0 0.050654
7898.0 0.0534649
7900.0 0.0542496
7902.0 0.0513507
7904.0 0.0526001
7906.0 0.0544657
7908.0 0.0563522
7910.0 0.0633351
7912.0 0.0599233
7914.0 0.0469686
7916.0 0.0446466
7918.0 0.0459022
7920.0 0.0540475
7922.0 0.0576075
7924.0 0.0501984
7926.0 0.0516598
7928.0 0.0544456
7930.0 0.0540321
7932.0 0.0527747
7934.0 0.0469442
7936.0 0.0525582
7938.0 0.053564
7940.0 0.0523349
7942.0 0.0515373
7944.0 0.0529014
7946.0 0.0556366
7948.0 0.0505482
7950.0 0.0503775
7952.0 0.0482802
7954.0 0.0484807
7956.0 0.0501151
7958.0 0.0527027
7960.0 0.0573497
7962.0 0.0597408
7964.0 0.0533779
7966.0 0.0488864
7968.0 0.0456975
7970.0 0.050318
7972.0 0.0512794
7974.0 0.0515182
7976.0 0.0536088
7978.0 0.0530406
7980.0 0.050208
7982.0 0.04774
7984.0 0.0491139
7986.0 0.0522609
7988.0 0.0528054
7990.0 0.0593725
7992.0 0.0567894
7994.0 0.0520949
7996.0 0.039718
7998.0 0.0428714
8000.0 0.0516472
8002.0 0.0493619
8004.0 0.0515777
8006.0 0.0525711
8008.0 0.0515298
8010.0 0.0536231
8012.0 0.0522711
8014.0 0.0512663
8016.0 0.0508543
8018.0 0.0504819
8020.0 0.0534841
8022.0 0.059243
8024.0 0.0584826
8026.0 0.0508139
8028.0 0.0470591
8030.0 0.0452875
8032.0 0.0501146
8034.0 0.050932
8036.0 0.0535582
8038.0 0.0522474
8040.0 0.0504201
8042.0 0.0482012
8044.0 0.0507885
8046.0 0.0511217
8048.0 0.0541119
8050.0 0.0520459
8052.0 0.0498341
8054.0 0.0531555
8056.0 0.0530213
8058.0 0.0548812
8060.0 0.056561
8062.0 0.0551879
8064.0 0.0471269
8066.0 0.0492911
8068.0 0.0479901
8070.0 0.0513804
8072.0 0.0502958
8074.0 0.0528003
8076.0 0.0488435
8078.0 0.050662
8080.0 0.0522766
8082.0 0.053736
8084.0 0.0503691
8086.0 0.0531662
8088.0 0.0500664
8090.0 0.051429
8092.0 0.0510958
8094.0 0.0532885
8096.0 0.0510436
8098.0 0.0499482
8100.0 0.0525798
8102.0 0.0531823
8104.0 0.0504913
8106.0 0.0490182
8108.0 0.0484614
8110.0 0.0505317
8112.0 0.050087
8114.0 0.0518515
8116.0 0.0512536
8118.0 0.0503437
8120.0 0.0484382
8122.0 0.0488831
8124.0 0.0472347
8126.0 0.051988
8128.0 0.0515845
8130.0 0.0535111
8132.0 0.0524452
8134.0 0.0506626
8136.0 0.0519205
8138.0 0.0515056
8140.0 0.0467272
8142.0 0.0528855
8144.0 0.0506662
8146.0 0.0506065
8148.0 0.051093
8150.0 0.0502974
8152.0 0.0494231
8154.0 0.0472465
8156.0 0.0525802
8158.0 0.0468602
8160.0 0.0486524
8162.0 0.0491906
8164.0 0.0484637
8166.0 0.0522359
8168.0 0.0518225
8170.0 0.0504792
8172.0 0.0526219
8174.0 0.0504602
8176.0 0.0484659
8178.0 0.0504215
8180.0 0.0493764
8182.0 0.0486973
8184.0 0.0489672
8186.0 0.0513016
8188.0 0.0505947
8190.0 0.0502087
8192.0 0.0513228
8194.0 0.0498998
8196.0 0.049587
8198.0 0.0465373
8200.0 0.0485884
8202.0 0.0501216
8204.0 0.0521096
8206.0 0.050386
8208.0 0.0507321
8210.0 0.0513437
8212.0 0.0503931
8214.0 0.0521051
8216.0 0.0498946
8218.0 0.0512784
8220.0 0.0521487
8222.0 0.0492013
8224.0 0.0476432
8226.0 0.0474707
8228.0 0.0489945
8230.0 0.0504544
8232.0 0.0507195
8234.0 0.0495499
8236.0 0.0485308
8238.0 0.0528178
8240.0 0.0525895
8242.0 0.0518783
8244.0 0.0515769
8246.0 0.0497469
8248.0 0.0524267
8250.0 0.0507776
8252.0 0.0523252
8254.0 0.0505195
8256.0 0.0510288
8258.0 0.0490772
8260.0 0.0491238
8262.0 0.0489176
8264.0 0.0498851
8266.0 0.0514259
8268.0 0.0493106
8270.0 0.0509265
8272.0 0.0492364
8274.0 0.0501802
8276.0 0.0526618
8278.0 0.0526974
8280.0 0.0505038
8282.0 0.0457424
8284.0 0.0524658
8286.0 0.0518065
8288.0 0.0512383
8290.0 0.0420517
8292.0 0.0464741
8294.0 0.0620174
8296.0 0.0526004
8298.0 0.046677
8300.0 0.0443372
8302.0 0.0412959
8304.0 0.0451367
8306.0 0.0491053
8308.0 0.0522952
8310.0 0.049355
8312.0 0.0469972
8314.0 0.0485366
8316.0 0.0524062
8318.0 0.0500911
8320.0 0.0487869
8322.0 0.0493492
8324.0 0.0518997
8326.0 0.0490865
8328.0 0.0509188
8330.0 0.0469271
8332.0 0.0498917
8334.0 0.0509656
8336.0 0.0509826
8338.0 0.0529471
8340.0 0.0668021
8342.0 0.0683647
8344.0 0.0421804
8346.0 0.0447806
8348.0 0.0403545
8350.0 0.0551669
8352.0 0.0492042
8354.0 0.0481159
8356.0 0.0429103
8358.0 0.0500236
8360.0 0.0495379
8362.0 0.0484182
8364.0 0.0441134
8366.0 0.0447284
8368.0 0.0452016
8370.0 0.04947
8372.0 0.0510068
8374.0 0.0497896
8376.0 0.0498462
8378.0 0.050851
8380.0 0.0554777
8382.0 0.0517494
8384.0 0.0485952
8386.0 0.0458192
8388.0 0.0495188
8390.0 0.0478901
8392.0 0.0520583
8394.0 0.0537749
8396.0 0.0528195
8398.0 0.0502226
8400.0 0.0464088
8402.0 0.0317613
8404.0 0.0338157
8406.0 0.0475754
8408.0 0.049159
8410.0 0.0500977
8412.0 0.0516299
8414.0 0.0490229
8416.0 0.0508965
8418.0 0.0450899
8420.0 0.0434
8422.0 0.047054
8424.0 0.0510549
8426.0 0.0515088
8428.0 0.0476919
8430.0 0.0445382
8432.0 0.038748
8434.0 0.0447025
8436.0 0.0427872
8438.0 0.0452666
8440.0 0.0462894
8442.0 0.0486233
8444.0 0.0476773
8446.0 0.0480517
8448.0 0.0510452
8450.0 0.0512641
8452.0 0.0479082
8454.0 0.0450879
8456.0 0.0438937
8458.0 0.0462604
8460.0 0.0482402
8462.0 0.047003
8464.0 0.0546779
8466.0 0.0556987
8468.0 0.0484542
8470.0 0.0445604
8472.0 0.0494787
8474.0 0.0457249
8476.0 0.0461387
8478.0 0.0478483
8480.0 0.0454241
8482.0 0.0459281
8484.0 0.0474533
8486.0 0.0475971
8488.0 0.0495244
8490.0 0.0502164
8492.0 0.0495926
8494.0 0.0483711
8496.0 0.0477698
8498.0 0.046954
8500.0 0.0524569
8502.0 0.0511585
8504.0 0.0489761
8506.0 0.0465458
8508.0 0.0424687
8510.0 0.0444219
8512.0 0.047229
8514.0 0.0477434
8516.0 0.046699
8518.0 0.043714
8520.0 0.043755
8522.0 0.0479423
8524.0 0.0463142
8526.0 0.0468262
8528.0 0.0486606
8530.0 0.0476192
8532.0 0.0466234
8534.0 0.0446576
8536.0 0.0444322
8538.0 0.0463863
8540.0 0.0476795
8542.0 0.0492242
8544.0 0.0475777
8546.0 0.0511959
8548.0 0.0463866
8550.0 0.042662
8552.0 0.0457711
8554.0 0.0479581
8556.0 0.0464156
8558.0 0.0471967
8560.0 0.0460716
8562.0 0.0464354
8564.0 0.0498499
8566.0 0.0472705
8568.0 0.0465895
8570.0 0.0464656
8572.0 0.0479173
8574.0 0.0475486
8576.0 0.0458967
8578.0 0.0452602
8580.0 0.0461433
8582.0 0.0492232
8584.0 0.0494797
8586.0 0.0470205
8588.0 0.0436778
8590.0 0.0468639
8592.0 0.0466751
8594.0 0.0479434
8596.0 0.0445658
8598.0 0.0435639
8600.0 0.0467278
8602.0 0.0489642
8604.0 0.0492456
8606.0 0.0475319
8608.0 0.046668
8610.0 0.0470196
8612.0 0.0468122
8614.0 0.0463155
8616.0 0.0473305
8618.0 0.0471394
8620.0 0.0470629
8622.0 0.0462809
8624.0 0.045101
8626.0 0.0473851
8628.0 0.044816
8630.0 0.0445479
8632.0 0.0451285
8634.0 0.0452442
8636.0 0.0481864
8638.0 0.0453821
8640.0 0.0479806
8642.0 0.0468601
8644.0 0.0478003
8646.0 0.0498287
8648.0 0.045454
8650.0 0.0465171
8652.0 0.04976
8654.0 0.0420216
8656.0 0.0452126
8658.0 0.0480201
8660.0 0.0482573
8662.0 0.0484371
8664.0 0.0462294
8666.0 0.0507361
8668.0 0.0492824
8670.0 0.0422412
8672.0 0.0441469
8674.0 0.0432615
8676.0 0.0465709
8678.0 0.044543
8680.0 0.0422427
8682.0 0.0471742
8684.0 0.048123
8686.0 0.0486774
8688.0 0.0479185
8690.0 0.0491976
8692.0 0.0467973
8694.0 0.0469861
8696.0 0.0458973
8698.0 0.0485217
8700.0 0.0440493
8702.0 0.0451488
8704.0 0.0440294
8706.0 0.0457974
8708.0 0.0451702
8710.0 0.045568
8712.0 0.047092
8714.0 0.0445112
8716.0 0.0438235
8718.0 0.0451997
8720.0 0.0461287
8722.0 0.0467224
8724.0 0.0470104
8726.0 0.047643
8728.0 0.0462967
8730.0 0.0452402
8732.0 0.0471055
8734.0 0.0473393
8736.0 0.0467665
8738.0 0.0452658
8740.0 0.045689
8742.0 0.0492937
8744.0 0.0462661
8746.0 0.0432485
8748.0 0.0438571
8750.0 0.0475353
8752.0 0.0465716
8754.0 0.0466292
8756.0 0.0458377
8758.0 0.0472107
8760.0 0.0433939
8762.0 0.0400401
8764.0 0.0400403
8766.0 0.0447888
8768.0 0.0411227
8770.0 0.0402037
8772.0 0.0421854
8774.0 0.0504547
8776.0 0.0463079
8778.0 0.0461864
8780.0 0.0416408
8782.0 0.0387449
8784.0 0.0401694
8786.0 0.0433407
8788.0 0.0488031
8790.0 0.0469152
8792.0 0.0440776
8794.0 0.0402538
8796.0 0.0455336
8798.0 0.0469757
8800.0 0.0479408
8802.0 0.0458766
8804.0 0.0478979
8806.0 0.0439155
8808.0 0.0466126
8810.0 0.0459819
8812.0 0.0430296
8814.0 0.0441869
8816.0 0.0456604
8818.0 0.0446308
8820.0 0.0430564
8822.0 0.0463362
8824.0 0.0447214
8826.0 0.0455335
8828.0 0.0361127
8830.0 0.0397747
8832.0 0.0457679
8834.0 0.0503056
8836.0 0.0340451
8838.0 0.0365589
8840.0 0.0407255
8842.0 0.046297
8844.0 0.0459917
8846.0 0.0466386
8848.0 0.0467064
8850.0 0.0439907
8852.0 0.043498
8854.0 0.0440303
8856.0 0.0458265
8858.0 0.0442199
8860.0 0.0451342
8862.0 0.0455805
8864.0 0.0500569
8866.0 0.0456205
8868.0 0.0467419
8870.0 0.0455219
8872.0 0.04173
8874.0 0.045627
8876.0 0.0455827
8878.0 0.0469927
8880.0 0.049069
8882.0 0.0444069
8884.0 0.0438109
8886.0 0.0404043
8888.0 0.0436151
8890.0 0.0397949
8892.0 0.0407574
8894.0 0.042787
8896.0 0.0448461
8898.0 0.0451198
8900.0 0.0468513
8902.0 0.0465752
8904.0 0.0469893
8906.0 0.0444753
8908.0 0.0398158
8910.0 0.0432158
8912.0 0.0442029
8914.0 0.0421351
8916.0 0.0418291
8918.0 0.0323037
8920.0 0.0415536
8922.0 0.0452262
8924.0 0.0481478
8926.0 0.0423371
8928.0 0.0401326
8930.0 0.0437196
8932.0 0.0443473
8934.0 0.0418511
8936.0 0.0419487
8938.0 0.0416246
8940.0 0.0401428
8942.0 0.0442772
8944.0 0.0457371
8946.0 0.045696
8948.0 0.0428581
8950.0 0.0437947
8952.0 0.0462149
8954.0 0.0427671
8956.0 0.0449968
8958.0 0.0556922
8960.0 0.0490365
8962.0 0.0372765
8964.0 0.0414882
8966.0 0.0395429
8968.0 0.0417127
8970.0 0.0427275
8972.0 0.0409708
8974.0 0.0418422
8976.0 0.0428863
8978.0 0.0441451
8980.0 0.0428765
8982.0 0.0434634
8984.0 0.0418635
8986.0 0.0396839
8988.0 0.0399381
8990.0 0.0358421
8992.0 0.0396552
8994.0 0.0399451
8996.0 0.0435355
8998.0 0.0390012
9000.0 0.0385346
9002.0 0.0426469
9004.0 0.038299
9006.0 0.0392882
9008.0 0.0403811
9010.0 0.0386294
9012.0 0.0399375
9014.0 0.0425485
9016.0 0.0424095
9018.0 0.0423687
9020.0 0.0392533
9022.0 0.0403964
9024.0 0.0409673
9026.0 0.0416388
9028.0 0.0417666
9030.0 0.0423541
9032.0 0.0396196
9034.0 0.0402514
9036.0 0.0411759
9038.0 0.0388226
9040.0 0.0375014
9042.0 0.0404051
9044.0 0.042276
9046.0 0.0419291
9048.0 0.0401031
9050.0 0.039528
9052.0 0.042025
9054.0 0.0396539
9056.0 0.03821
9058.0 0.0410598
9060.0 0.040272
9062.0 0.03862
9064.0 0.0380347
9066.0 0.0395599
9068.0 0.038563
9070.0 0.0384266
9072.0 0.0400128
9074.0 0.0373759
9076.0 0.0400075
9078.0 0.037707
9080.0 0.0367878
9082.0 0.0373973
9084.0 0.0382305
9086.0 0.0390476
9088.0 0.0405182
9090.0 0.0370416
9092.0 0.0367713
9094.0 0.0367597
9096.0 0.0388014
9098.0 0.0376996
9100.0 0.0393789
9102.0 0.0388343
9104.0 0.0380509
9106.0 0.0368203
9108.0 0.0401258
9110.0 0.0422002
9112.0 0.0394693
9114.0 0.038506
9116.0 0.0380671
9118.0 0.037549
9120.0 0.040254
9122.0 0.0384918
9124.0 0.0372957
9126.0 0.0379707
9128.0 0.036971
9130.0 0.0373442
9132.0 0.0377321
9134.0 0.0354453
9136.0 0.0357058
9138.0 0.037033
9140.0 0.0386912
9142.0 0.0383414
9144.0 0.0379819
9146.0 0.0383283
9148.0 0.0356118
9150.0 0.0367344
9152.0 0.035695
9154.0 0.0342936
9156.0 0.0362262
9158.0 0.0387752
9160.0 0.0368476
9162.0 0.0358546
9164.0 0.0379227
9166.0 0.0393965
9168.0 0.0406265
9170.0 0.0396947
9172.0 0.0358593
9174.0 0.037061
9176.0 0.0347
9178.0 0.0372363
9180.0 0.0384558
9182.0 0.0377
9184.0 0.0370241
9186.0 0.0362107
9188.0 0.0393789
9190.0 0.0377148
9192.0 0.0384693
9194.0 0.0368364
9196.0 0.0385755
9198.0 0.0379968
9200.0 0.038215
9202.0 0.0370255
9204.0 0.0376632
9206.0 0.037951
9208.0 0.0380844
9210.0 0.0395204
9212.0 0.0383223
9214.0 0.0362861
9216.0 0.0348606
9218.0 0.0377594
9220.0 0.037885
9222.0 0.038613
9224.0 0.0385979
9226.0 0.0382865
9228.0 0.039542
9230.0 0.0375259
9232.0 0.0384784
9234.0 0.0362825
9236.0 0.0358912
9238.0 0.0367736
9240.0 0.0371985
9242.0 0.0368742
9244.0 0.0361222
9246.0 0.036205
9248.0 0.038681
9250.0 0.0388758
9252.0 0.0379512
9254.0 0.0369938
9256.0 0.0382511
9258.0 0.0370911
9260.0 0.0374781
9262.0 0.0389614
9264.0 0.0384254
9266.0 0.0367448
9268.0 0.0372646
9270.0 0.0365846
9272.0 0.0374434
9274.0 0.0361641
9276.0 0.0354991
9278.0 0.0339112
9280.0 0.0372339
9282.0 0.0378367
9284.0 0.0375883
9286.0 0.0363655
9288.0 0.0391213
9290.0 0.0385696
9292.0 0.0375311
9294.0 0.0360094
9296.0 0.0342116
9298.0 0.0355811
9300.0 0.0359015
9302.0 0.0346895
9304.0 0.034304
9306.0 0.0319211
9308.0 0.0277873
9310.0 0.034321
9312.0 0.039059
9314.0 0.0346834
9316.0 0.0300531
9318.0 0.0283343
9320.0 0.0309501
9322.0 0.033911
9324.0 0.0274876
9326.0 0.0331318
9328.0 0.0271074
9330.0 0.0319676
9332.0 0.0317715
9334.0 0.0367788
9336.0 0.0334183
9338.0 0.0351551
9340.0 0.034724
9342.0 0.0339952
9344.0 0.0346416
9346.0 0.0336297
9348.0 0.0369788
9350.0 0.0381227
9352.0 0.033749
9354.0 0.0343844
9356.0 0.0364322
9358.0 0.036246
9360.0 0.0357463
9362.0 0.0336163
9364.0 0.0331932
9366.0 0.0356492
9368.0 0.0333617
9370.0 0.0311748
9372.0 0.0282593
9374.0 0.0578543
9376.0 0.0572492
9378.0 0.0453538
9380.0 0.030674
9382.0 0.0181399
9384.0 0.0335659
9386.0 0.0380225
9388.0 0.0330009
9390.0 0.0347636
9392.0 0.0345435
9394.0 0.0383236
9396.0 0.0372203
9398.0 0.0341715
9400.0 0.0383287
9402.0 0.0287305
9404.0 0.0311434
9406.0 0.0319531
9408.0 0.0309321
9410.0 0.032882
9412.0 0.0326004
9414.0 0.0323515
9416.0 0.0365525
9418.0 0.0360815
9420.0 0.0391623
9422.0 0.0319774
9424.0 0.0338285
9426.0 0.0355875
9428.0 0.0348338
9430.0 0.0331174
9432.0 0.0367059
9434.0 0.03678
9436.0 0.0356746
9438.0 0.0351844
9440.0 0.0322833
9442.0 0.0377215
9444.0 0.034458
9446.0 0.0373414
9448.0 0.0350359
9450.0 0.036888
9452.0 0.0337353
9454.0 0.0341013
9456.0 0.0430258
9458.0 0.0416832
9460.0 0.0318787
9462.0 0.0340421
9464.0 0.0329116
9466.0 0.0338874
9468.0 0.0324138
9470.0 0.0352488
9472.0 0.0328248
9474.0 0.0311816
9476.0 0.0262883
9478.0 0.0351609
9480.0 0.0313053
9482.0 0.0298265
9484.0 0.0352557
9486.0 0.037154
9488.0 0.0372876
9490.0 0.0434752
9492.0 0.0387051
9494.0 0.0358672
9496.0 0.036007
9498.0 0.0329186
9500.0 0.0396173
9502.0 0.0338909
9504.0 0.0329013
9506.0 0.0370394
9508.0 0.0334876
9510.0 0.0382862
9512.0 0.0348911
9514.0 0.0373886
9516.0 0.0296356
9518.0 0.0329651
9520.0 0.0247177
9522.0 0.036253
9524.0 0.0289407
9526.0 0.0356318
9528.0 0.0356822
9530.0 0.0384608
9532.0 0.0379994
9534.0 0.0380448
9536.0 0.0373283
9538.0 0.038181
9540.0 0.0390495
9542.0 0.038401
9544.0 0.0373741
9546.0 0.0381781
9548.0 0.0356969
9550.0 0.037552
9552.0 0.0393749
9554.0 0.038034
9556.0 0.0398513
9558.0 0.0371233
9560.0 0.0382334
9562.0 0.0339771
9564.0 0.0313264
9566.0 0.0430197
9568.0 0.0326671
9570.0 0.0326203
9572.0 0.0329716
9574.0 0.0368483
9576.0 0.0392237
9578.0 0.0386986
9580.0 0.0353419
9582.0 0.0357085
9584.0 0.0366368
9586.0 0.0359784
9588.0 0.0356265
9590.0 0.0361859
9592.0 0.0319727
9594.0 0.0369655
9596.0 0.0394178
9598.0 0.0362598
9600.0 0.0368687
9602.0 0.0392576
9604.0 0.0365208
9606.0 0.0353883
9608.0 0.034328
9610.0 0.0327756
9612.0 0.0356786
9614.0 0.0366117
9616.0 0.0384182
9618.0 0.0387135
9620.0 0.0345035
9622.0 0.0345835
9624.0 0.036539
9626.0 0.0364606
9628.0 0.0373921
9630.0 0.0357078
9632.0 0.0414857
9634.0 0.0356273
9636.0 0.0386345
9638.0 0.0406172
9640.0 0.0371806
9642.0 0.0386691
9644.0 0.0364105
9646.0 0.0370682
9648.0 0.0392508
9650.0 0.0387838
9652.0 0.0396364
9654.0 0.0398981
9656.0 0.0408048
9658.0 0.037438
9660.0 0.0364227
9662.0 0.0356702
9664.0 0.0359004
9666.0 0.0400757
9668.0 0.0370706
9670.0 0.0351775
9672.0 0.0369203
9674.0 0.0338641
9676.0 0.039318
9678.0 0.0413026
9680.0 0.0432803
9682.0 0.0391036
9684.0 0.0437948
9686.0 0.0404305
9688.0 0.0402254
9690.0 0.0363476
9692.0 0.0368807
9694.0 0.0376414
9696.0 0.0417126
9698.0 0.0359765
9700.0 0.0336321
9702.0 0.0299433
9704.0 0.0376237
9706.0 0.0393457
9708.0 0.0330141
9710.0 0.0398987
9712.0 0.0341098
9714.0 0.0355442
9716.0 0.0411725
9718.0 0.040028
9720.0 0.0429586
9722.0 0.0368545
9724.0 0.0349792
9726.0 0.0344775
9728.0 0.0361501
9730.0 0.0399186
9732.0 0.0430184
9734.0 0.0373737
9736.0 0.0345063
9738.0 0.0369379
9740.0 0.0418561
9742.0 0.0350971
9744.0 0.0400671
9746.0 0.0336518
9748.0 0.0345123
9750.0 0.0406295
9752.0 0.0369164
9754.0 0.0364854
9756.0 0.0349557
9758.0 0.0363694
9760.0 0.0362237
9762.0 0.0356245
9764.0 0.0392707
9766.0 0.0387998
9768.0 0.0365389
9770.0 0.0375583
9772.0 0.0362654
9774.0 0.0349526
9776.0 0.0356348
9778.0 0.0355702
9780.0 0.0360035
9782.0 0.0380753
9784.0 0.0369639
9786.0 0.0347113
9788.0 0.0372389
9790.0 0.036508
9792.0 0.0269147
9794.0 0.0194826
9796.0 0.033443
9798.0 0.045444
9800.0 0.0443985
9802.0 0.042433
9804.0 0.0325038
9806.0 0.0423412
9808.0 0.0375013
9810.0 0.0396095
9812.0 0.0388229
9814.0 0.0397289
9816.0 0.0391111
9818.0 0.0421261
9820.0 0.0374641
9822.0 0.0380847
9824.0 0.0389906
9826.0 0.0364096
9828.0 0.036284
9830.0 0.0370558
9832.0 0.0390361
9834.0 0.0400265
9836.0 0.036675
9838.0 0.0374465
9840.0 0.0335177
9842.0 0.036955
9844.0 0.0402465
9846.0 0.0363106
9848.0 0.0342816
9850.0 0.0445842
9852.0 0.0374762
9854.0 0.0387673
9856.0 0.0341735
9858.0 0.0379744
9860.0 0.0389518
9862.0 0.0388519
9864.0 0.0349323
9866.0 0.036104
9868.0 0.0357893
9870.0 0.0420288
9872.0 0.0347472
9874.0 0.0364889
9876.0 0.0284993
9878.0 0.037624
9880.0 0.0333234
9882.0 0.0369297
9884.0 0.0376881
9886.0 0.036977
9888.0 0.0413951
9890.0 0.033667
9892.0 0.0389201
9894.0 0.0421601
9896.0 0.0370304
9898.0 0.0420659
9900.0 0.034295
9902.0 0.0388417
9904.0 0.0345952
9906.0 0.0372699
9908.0 0.0337358
9910.0 0.0380443
9912.0 0.0472757
9914.0 0.0518088
9916.0 0.0446912
9918.0 0.0356786
9920.0 0.0351236
9922.0 0.0381926
9924.0 0.0392719
9926.0 0.0398216
9928.0 0.038039
9930.0 0.0383309
9932.0 0.0426505
9934.0 0.0382772
9936.0 0.0384336
9938.0 0.0397101
9940.0 0.0341588
9942.0 0.0466914
9944.0 0.039031
9946.0 0.0548197
9948.0 0.0284485
9950.0 0.0273575
9952.0 0.0374942
9954.0 0.0375296
9956.0 0.033431
9958.0 0.0480542
9960.0 0.0326239
9962.0 0.0362211
9964.0 0.0290518
9966.0 0.0423749
9968.0 0.04274
9970.0 0.0388062
9972.0 0.0333253
9974.0 0.0373494
9976.0 0.0309005
9978.0 0.0390768
9980.0 0.0373803
9982.0 0.0439418
9984.0 0.0403979
9986.0 0.0353968
9988.0 0.037862
9990.0 0.0385275
9992.0 0.0357066
9994.0 0.0353104
9996.0 0.0438947
9998.0 0.0414256
10000.0 0.0380522
10002.0 0.0329998
10004.0 0.0458341
10006.0 0.0408919
10008.0 0.0323419
10010.0 0.043436
10012.0 0.0449837
10014.0 0.0753715
10016.0 0.0618082
10018.0 0.0389393
10020.0 0.0361936
10022.0 0.0379663
10024.0 0.035308
10026.0 0.0349041
10028.0 0.0413724
10030.0 0.0357288
10032.0 0.0348548
10034.0 0.0412553
10036.0 0.0375109
10038.0 0.0419081
10040.0 0.0465995
10042.0 0.042735
10044.0 0.044323
10046.0 0.0327094
10048.0 0.0351762
10050.0 0.041089
10052.0 0.0407019
10054.0 0.0461428
10056.0 0.0325784
10058.0 0.0392954
10060.0 0.0282154
10062.0 0.0442022
10064.0 0.031014
10066.0 0.0351262
10068.0 0.0356945
10070.0 0.0407061
10072.0 0.0321218
10074.0 0.0445213
10076.0 0.0332508
10078.0 0.0302526
10080.0 0.0232576
10082.0 0.0127138
10084.0 0.0545803
10086.0 0.0412826
10088.0 0.0363398
10090.0 0.0404575
10092.0 0.0453432
10094.0 0.0420177
10096.0 0.0396253
10098.0 0.0354923
10100.0 0.0383115
10102.0 0.0364961
10104.0 0.0472387
10106.0 0.0511776
10108.0 0.0321142
10110.0 0.0345768
10112.0 0.0347397
10114.0 0.0303531
10116.0 0.0386573
10118.0 0.0355737
10120.0 0.0304686
10122.0 0.038252
10124.0 0.0443717
10126.0 0.0638455
10128.0 0.0410289
10130.0 0.0319855
10132.0 0.0521184
10134.0 0.0459476
10136.0 0.0436327
10138.0 0.0368156
10140.0 0.0418468
10142.0 0.0345692
10144.0 0.0282634
10146.0 0.0374624
10148.0 0.0399065
10150.0 0.0460884
10152.0 0.0461853
10154.0 0.0487269
10156.0 0.0334649
10158.0 0.0380279
10160.0 0.0343595
10162.0 0.038992
10164.0 0.050103
10166.0 0.036179
10168.0 0.0417975
10170.0 0.0177871
10172.0 0.0300755
10174.0 0.013004
10176.0 0.0334913
10178.0 0.0410409
10180.0 0.0571078
10182.0 0.0465729
10184.0 0.0310678
10186.0 0.038626
10188.0 0.0391732
10190.0 0.0560985
10192.0 0.073769
10194.0 0.0347873
10196.0 0.0403726
10198.0 0.0476568
10200.0 0.0482332
10202.0 0.042438
10204.0 0.0255957
10206.0 0.0432575
10208.0 0.0332944
10210.0 0.0131318
10212.0 0.0246463
10214.0 0.0400687
10216.0 0.0289497
10218.0 0.0176543
10220.0 0.0243454
10222.0 0.0456038
10224.0 0.0509387
10226.0 0.0375452
10228.0 0.0811549
10230.0 0.0698055
10232.0 0.0341985
10234.0 0.0484657
10236.0 0.0521501
10238.0 0.0331305
10240.0 0.0334144
10242.0 0.0425641
10244.0 0.0521109
10246.0 0.0409264
10248.0 0.031473
10250.0 0.0365115
10252.0 0.0396363
10254.0 0.0263754
10256.0 0.0231422
10258.0 0.0330963
10260.0 0.0332278
10262.0 0.0445037
10264.0 0.031069
10266.0 0.04368
10268.0 0.029307
10270.0 0.0322646
10272.0 0.0703584
10274.0 0.0340038
10276.0 0.0268065
10278.0 0.0215994
10280.0 0.0215118
10282.0 0.0149944
10284.0 0.0934698
10286.0 0.0589484
10288.0 0.0474864
10290.0 0.102288
10292.0 -0.0290772
10294.0 -0.0544065
10296.0 0.0890132
10298.0 0.0142865
10300.0 0.0616122
10302.0 0.0447093
10304.0 0.0428094
10306.0 0.0504357
10308.0 0.0602254
10310.0 0.038887
10312.0 0.0664346
10314.0 0.0151728
10316.0 0.0754003
