3200.00035  2.24123e-17
3202.00013  1.74330e-18
3203.99990  3.80738e-17
3205.99968 -4.59605e-18
3207.99946 -1.52664e-17
3210.00042  2.50630e-17
3212.00019 -4.60810e-18
3213.99997 -1.52796e-17
3215.99974 -8.95171e-18
3217.99952 -2.46242e-17
3220.00048 -2.52969e-17
3222.00026  1.30298e-17
3224.00003 -2.26439e-17
3225.99981 -1.43181e-17
3227.99958  1.90073e-17
3230.00054 -8.66753e-18
3232.00032  1.06570e-17
3234.00010  2.39812e-17
3235.99987  4.30491e-18
3237.99965  1.62821e-18
3239.99942  1.99511e-17
3242.00038  4.02737e-17
3244.00016  4.15957e-17
3245.99994  3.99172e-17
3247.99971  3.12385e-17
3249.99949  2.85592e-17
3252.00045  4.38798e-17
3254.00022  3.41997e-17
3256.00000 -3.48086e-18
3257.99978 -3.01618e-17
3259.99955 -1.48431e-17
3262.00051  3.44753e-17
3264.00029  2.79314e-18
3266.00006  3.61105e-17
3267.99984  4.74275e-17
3269.99962 -2.55936e-19
3272.00058  2.20604e-17
3274.00035  2.37611e-18
3276.00013 -2.63085e-17
3277.99990  6.35275e-21
3279.99968  8.32086e-18
3281.99946  2.16349e-17
3284.00042  4.94874e-18
3286.00019  1.32619e-17
3287.99997  1.75749e-17
3289.99974 -2.41127e-17
3291.99952  6.19922e-18
3294.00048 -2.48901e-18
3296.00026  4.08221e-17
3298.00003  1.01329e-17
3299.99981  2.44433e-17
3301.99958  2.17533e-17
3304.00054  3.30629e-17
3306.00032  2.43720e-17
3308.00010  1.66808e-17
3309.99987  3.29890e-17
3311.99965  2.42969e-17
3313.99942  3.56045e-17
3316.00038  2.69117e-17
3318.00016  2.02184e-17
3319.99994  2.05246e-17
3321.99971  2.98304e-17
3323.99949  4.11359e-17
3326.00045  7.44116e-18
3328.00022  5.74577e-18
3330.00000  4.99617e-20
3331.99978  1.63538e-17
3333.99955  2.36572e-17
3336.00051  7.96043e-18
3338.00029  9.26301e-18
3340.00006  1.95652e-17
3341.99984  6.86700e-18
3343.99962  1.16842e-18
3346.00058  2.44696e-17
3348.00035  1.87702e-17
3350.00013  2.80704e-17
3351.99990  8.37017e-18
3353.99968  2.66954e-18
3355.99946 -7.03147e-18
3358.00042 -5.73273e-18
3360.00019  2.56545e-18
3361.99997  1.08633e-17
3363.99974  1.21607e-17
3365.99952 -2.54236e-18
3368.00048 -9.24562e-18
3370.00026  4.05056e-18
3372.00003  2.63464e-17
3373.99981  7.64183e-18
3375.99958 -2.30632e-17
3378.00054  8.23157e-18
3380.00032 -1.47423e-18
3382.00010  6.81959e-18
3383.99987  1.81130e-17
3385.99965  1.94060e-17
3387.99942  4.69865e-18
3390.00038  1.59910e-17
3392.00016  1.42829e-17
3393.99994  1.65743e-17
3395.99971  2.38653e-17
3397.99949 -4.84400e-18
3400.00045  6.44650e-18
3402.00022  6.73637e-18
3404.00000  1.00258e-17
3405.99978  2.31491e-18
3407.99955  6.03604e-19
3410.00051  1.28922e-17
3412.00029 -3.81993e-18
3414.00006  1.04675e-17
3415.99984  1.07547e-17
3417.99962  1.04144e-18
3420.00058  1.53280e-17
3422.00035  4.61395e-18
3424.00013 -2.10044e-18
3425.99990  6.18476e-18
3427.99968 -5.30454e-19
3429.99946  1.97540e-17
3432.00042  5.03820e-18
3434.00019  9.32182e-18
3435.99997 -7.39488e-18
3437.99974  8.88021e-19
3439.99952 -4.82950e-18
3442.00048 -4.54722e-18
3444.00026 -1.26549e-18
3446.00003  1.58289e-20
3447.99981 -4.70315e-18
3449.99958  1.57743e-18
3452.00054  8.85774e-18
3454.00032  1.81376e-17
3456.00010 -7.58301e-18
3457.99987  2.06961e-17
3459.99965  1.97473e-18
3461.99942  1.25303e-18
3464.00038 -1.94689e-17
3466.00016  8.08612e-19
3467.99994 -1.39142e-17
3469.99971 -9.63747e-18
3471.99949 -1.83611e-17
3474.00045  1.49151e-17
3476.00022  1.90754e-19
3478.00000 -5.53400e-18
3479.99978 -2.25914e-18
3481.99955 -2.98463e-18
3484.00051 -2.17103e-17
3486.00029 -5.43656e-18
3488.00006  4.83678e-18
3489.99984  1.10979e-18
3491.99962 -1.16176e-17
3494.00058 -1.34519e-18
3496.00035  1.19267e-17
3498.00013  1.98206e-19
3499.99990  1.46934e-18
3501.99968  6.74007e-18
3503.99946  9.01043e-18
3506.00042  1.28062e-18
3508.00019 -1.44975e-18
3509.99997  4.81954e-18
3511.99974  1.08840e-18
3513.99952  8.35693e-18
3516.00048  1.06253e-17
3518.00026 -1.10699e-18
3520.00003 -8.83958e-18
3521.99981 -5.57251e-18
3523.99958 -6.30587e-18
3526.00054  8.96059e-18
3528.00032 -3.77347e-18
3530.00010  3.49207e-18
3531.99987  1.67573e-17
3533.99965 -2.97785e-18
3535.99942  5.28657e-18
3538.00038  1.05508e-17
3540.00016 -9.18542e-18
3541.99994 -1.19221e-17
3543.99971 -1.26591e-17
3545.99949  2.60355e-18
3548.00045  6.86600e-18
3550.00022 -5.87211e-18
3552.00000  3.89437e-19
3553.99978 -1.34940e-18
3555.99955  7.91138e-18
3558.00051  1.11720e-17
3560.00029 -5.67896e-19
3562.00006 -4.30820e-18
3563.99984 -9.04885e-18
3565.99962  2.10157e-19
3568.00058 -4.53106e-18
3570.00035 -3.27278e-18
3572.00013  9.85152e-19
3573.99990  6.24271e-18
3575.99968 -5.00094e-19
3577.99946 -6.24327e-18
3580.00042 -1.19866e-17
3582.00019 -1.57305e-17
3583.99997 -8.47474e-18
3585.99974  3.78064e-18
3587.99952  6.03569e-18
3590.00048  4.29054e-18
3592.00026 -2.45515e-18
3594.00003  1.79882e-18
3595.99981  1.00524e-17
3597.99958  1.33057e-17
3600.00054  1.55879e-18
3602.00032  2.81132e-18
3604.00010  2.06351e-18
3605.99987 -4.68466e-18
3607.99965 -5.43313e-18
3609.99942 -8.18201e-18
3612.00038  1.06890e-18
3614.00016  5.31933e-18
3615.99994  2.25694e-17
3617.99971  1.28191e-17
3619.99949  6.06849e-18
3622.00045  1.03177e-17
3624.00022  7.56636e-18
3626.00000 -5.18532e-18
3627.99978  1.10626e-17
3629.99955  4.31025e-18
3632.00051  2.55770e-18
3634.00029  6.80459e-18
3636.00006  4.05116e-18
3637.99984  3.29735e-18
3639.99962 -3.45678e-18
3642.00058 -6.21111e-18
3644.00035  4.03406e-18
3646.00013  1.42789e-17
3647.99990  1.25234e-17
3649.99968  2.76751e-18
3651.99946 -6.98870e-18
3654.00042  8.25488e-18
3656.00019 -3.50203e-18
3657.99997  1.74076e-18
3659.99974 -2.01685e-18
3661.99952  6.22523e-18
3664.00048  2.04671e-17
3666.00026 -4.29156e-18
3668.00003 -5.05440e-20
3669.99981  1.11902e-17
3671.99958  2.04305e-17
3674.00054  1.76707e-17
3676.00032  8.91031e-18
3678.00010  1.21496e-17
3679.99987  2.38862e-18
3681.99965  3.62730e-18
3683.99942  2.86557e-18
3686.00038 -8.96346e-19
3688.00016  4.34127e-18
3689.99994 -4.21478e-19
3691.99971  1.18155e-17
3693.99949  1.20521e-17
3696.00045 -2.71151e-18
3698.00022  5.24406e-19
3700.00000 -2.40002e-19
3701.99978  1.99523e-18
3703.99955  4.23015e-18
3706.00051  2.46488e-18
3708.00029  6.99120e-19
3710.00006  9.32994e-19
3711.99984  5.16658e-18
3713.99962 -2.60019e-18
3716.00058  4.63281e-18
3718.00035  1.28654e-17
3720.00013  1.40976e-17
3721.99990  2.32953e-18
3723.99968  5.56105e-18
3725.99946  6.79228e-18
3728.00042  1.02331e-18
3730.00019  4.25385e-18
3731.99997  3.48412e-18
3733.99974 -7.28601e-18
3735.99952  5.94355e-18
3738.00048 -3.82707e-18
3740.00026  3.40183e-18
3742.00003  6.30391e-19
3743.99981 -1.41349e-19
3745.99958  2.08656e-18
3748.00054  1.31429e-18
3750.00032 -4.58483e-19
3752.00010 -1.23156e-18
3753.99987  2.99502e-18
3755.99965  1.12213e-17
3757.99942  2.44728e-18
3760.00038  6.67299e-18
3762.00016 -1.10173e-18
3763.99994 -1.87675e-18
3765.99971  7.34786e-18
3767.99949  5.57218e-18
3770.00045  5.79630e-18
3772.00022  6.01997e-18
3774.00000  9.24327e-18
3775.99978  2.46628e-18
3777.99955  4.68896e-18
3780.00051  1.19115e-17
3782.00029 -4.86649e-18
3784.00006  1.53552e-17
3785.99984 -4.42339e-18
3787.99962 -2.02322e-19
3790.00058  1.85421e-20
3792.00035  7.23894e-18
3794.00013  5.45906e-18
3795.99990  2.67886e-18
3797.99968  2.89831e-18
3799.99946  6.11742e-18
3802.00042  3.33638e-18
3804.00019 -4.45142e-19
3805.99997  1.37731e-17
3807.99974  5.99092e-18
3809.99952  4.20846e-18
3812.00048  4.25806e-19
3814.00026 -2.35728e-18
3816.00003  8.59302e-19
3817.99981  7.55712e-20
3819.99958  6.29152e-18
3822.00054  8.50728e-18
3824.00032  4.72261e-18
3826.00010  5.93760e-18
3827.99987  1.71523e-17
3829.99965 -6.33329e-19
3831.99942  7.58072e-18
3834.00038  9.79459e-18
3836.00016  4.00800e-18
3837.99994 -2.77889e-18
3839.99971  1.43391e-18
3841.99949  6.64638e-18
3844.00045  6.85870e-18
3846.00022 -1.92945e-18
3848.00000  2.28209e-18
3849.99978  9.49333e-18
3851.99955  1.17042e-17
3854.00051  1.29150e-17
3856.00029  1.21253e-17
3858.00006  6.33529e-18
3859.99984  6.54497e-18
3861.99962  6.75435e-18
3864.00058  1.96350e-18
3866.00035  1.17227e-18
3868.00013  8.38073e-18
3869.99990  3.58884e-18
3871.99968  4.79668e-18
3873.99946  3.00419e-18
3876.00042  4.21151e-18
3878.00019  3.41841e-18
3879.99997  8.62503e-18
3881.99974  9.83131e-18
3883.99952  1.20373e-17
3886.00048  9.24307e-18
3888.00026  3.44844e-18
3890.00003  3.65352e-18
3891.99981 -1.14171e-18
3893.99958  8.06272e-18
3896.00054  7.26699e-18
3898.00032  1.04709e-17
3900.00010  6.67438e-18
3901.99987  6.87762e-18
3903.99965 -9.19428e-19
3905.99942  7.28321e-18
3908.00038  1.34856e-17
3910.00016  6.68768e-18
3911.99994  8.89398e-19
3913.99971 -3.90920e-18
3915.99949  1.42920e-17
3918.00045  8.49291e-18
3920.00022  3.69341e-18
3922.00000  3.89362e-18
3923.99978 -1.90643e-18
3925.99955  6.29318e-18
3928.00051  3.49262e-18
3930.00029 -3.08347e-19
3932.00006 -3.10962e-18
3933.99984  1.08881e-18
3935.99962  1.02869e-17
3938.00058  1.04849e-17
3940.00035 -6.31760e-18
3942.00013  4.87968e-18
3943.99990  7.66168e-20
3945.99968 -5.72672e-18
3947.99946  7.46961e-18
3950.00042  5.66576e-18
3952.00019  5.86152e-18
3953.99997  3.05702e-18
3955.99974  6.25220e-18
3957.99952  1.24471e-17
3960.00048  1.64175e-18
3962.00026  2.83605e-18
3964.00003  2.03005e-18
3965.99981 -7.76240e-19
3967.99958  3.41717e-18
3970.00054  3.61041e-18
3972.00032  2.80323e-18
3974.00010 -4.23516e-21
3975.99987  4.18801e-18
3977.99965 -1.62002e-18
3979.99942  4.57164e-18
3982.00038  3.76312e-18
3984.00016  1.95418e-18
3985.99994 -2.85503e-18
3987.99971 -3.66453e-18
3989.99949  6.52569e-18
3992.00045  5.71577e-18
3994.00022  1.90540e-18
3996.00000  2.09473e-18
3997.99978 -5.71622e-18
3999.99955 -5.27437e-19
4002.00051 -3.33883e-18
4004.00029  3.84937e-18
4006.00006  1.03728e-18
4007.99984 -1.77509e-18
4009.99962  5.41224e-18
4012.00058 -4.40059e-18
4014.00035 -1.21381e-18
4016.00013 -1.02730e-18
4017.99990 -4.84110e-18
4019.99968  4.34483e-18
4021.99946  5.30454e-19
4024.00042  1.17159e-17
4026.00019  9.00952e-19
4027.99997 -9.14227e-19
4029.99974 -7.29732e-19
4031.99952 -2.54551e-18
4034.00048  6.38531e-19
4036.00026 -1.17784e-18
4038.00003  1.00555e-18
4039.99981 -8.11338e-19
4041.99958  1.37145e-18
4044.00054  4.55410e-18
4046.00032 -1.26364e-18
4048.00010  3.91834e-18
4049.99987  2.10002e-18
4051.99965  3.28145e-18
4053.99942  7.46259e-18
4056.00038 -3.35645e-18
4058.00016 -1.75865e-19
4059.99994 -1.99557e-18
4061.99971  5.18445e-18
4063.99949 -1.63579e-18
4066.00045  5.54379e-18
4068.00022  3.72299e-18
4070.00000  5.90189e-18
4071.99978  2.08052e-18
4073.99955  4.25889e-18
4076.00051 -3.56289e-18
4078.00029 -4.38506e-18
4080.00006 -4.20754e-18
4081.99984  9.69720e-19
4083.99962 -4.85326e-18
4086.00058  2.32356e-18
4088.00035  2.49998e-18
4090.00013 -4.32383e-18
4091.99990 -1.14792e-18
4093.99968  1.02769e-18
4095.99946 -7.96952e-19
4098.00042  3.78240e-19
4100.00019 -4.46969e-19
4101.99997 -4.27239e-18
4103.99974 -2.09811e-18
4105.99952 -1.92412e-18
4108.00048 -1.07503e-17
4110.00026 -1.15768e-17
4112.00003 -6.40366e-18
4113.99981 -4.23071e-18
4115.99958 -3.05805e-18
4118.00054 -1.88559e-18
4120.00032 -5.71350e-18
4122.00010 -2.54164e-18
4123.99987 -4.37005e-18
4125.99965 -1.19872e-18
4127.99942  9.72314e-19
4130.00038 -8.56800e-19
4132.00016  3.13680e-19
4133.99994 -6.51608e-18
4135.99971 -6.34610e-18
4137.99949  8.23620e-19
4140.00045 -2.00681e-18
4142.00022  6.16238e-18
4144.00000  4.33128e-18
4145.99978 -2.50007e-18
4147.99955  1.66831e-18
4150.00051 -3.16344e-18
4152.00029 -9.95568e-19
4154.00006  1.17202e-18
4155.99984 -4.66065e-18
4157.99962 -4.49359e-18
4160.00058  6.73338e-19
4162.00035 -1.60116e-19
4164.00013  2.00620e-18
4165.99990  2.17222e-18
4167.99968 -3.66203e-18
4169.99946  1.50348e-18
4172.00042  1.66881e-18
4174.00019  3.83379e-18
4175.99997  9.98546e-19
4177.99974  1.11630e-17
4179.99952 -6.72796e-19
4182.00048 -5.08749e-19
4184.00026  2.65493e-18
4186.00003  8.18353e-19
4187.99981 -1.01844e-18
4189.99958  5.14447e-18
4192.00054 -1.69280e-18
4194.00032  3.46963e-18
4196.00010  1.63177e-18
4197.99987 -2.06345e-19
4199.99965 -1.04470e-18
4201.99942 -8.83336e-19
4204.00038  2.27788e-18
4206.00016 -7.56125e-18
4207.99994 -7.40065e-18
4209.99971 -2.24028e-18
4211.99949  1.91981e-18
4214.00045 -3.92021e-18
4216.00022 -7.60622e-19
4218.00000  2.39871e-18
4219.99978  7.55778e-18
4221.99955 -4.28339e-18
4224.00051 -5.12470e-18
4226.00029 -9.96636e-18
4228.00006 -2.80827e-18
4229.99984 -4.65046e-18
4231.99962  6.50712e-18
4234.00058  3.66452e-18
4236.00035  1.82158e-18
4238.00013 -2.02156e-18
4239.99990  1.35009e-19
4241.99968 -1.70869e-18
4243.99946 -1.55258e-18
4246.00042 -4.39670e-18
4248.00019  3.75889e-18
4249.99997  1.91424e-18
4251.99974  6.06932e-18
4253.99952 -6.77585e-18
4256.00048 -8.62118e-18
4258.00026 -4.66834e-19
4260.00003 -1.31277e-18
4261.99981 -6.15890e-18
4263.99958  3.99470e-18
4266.00054  2.14815e-18
4268.00032  4.30121e-18
4270.00010 -6.54591e-18
4271.99987 -3.93301e-19
4273.99965  2.75910e-18
4275.99942  9.11222e-19
4278.00038  2.06319e-18
4280.00016  5.21480e-18
4281.99994 -6.33792e-19
4283.99971 -1.48266e-18
4285.99949  5.66825e-18
4288.00045  3.81901e-18
4290.00022 -1.03057e-18
4292.00000  6.11960e-18
4293.99978  2.69542e-19
4295.99955  1.41924e-18
4298.00051  5.68796e-19
4300.00029  1.71799e-18
4302.00006 -3.13303e-18
4303.99984  2.01567e-18
4305.99962 -2.83583e-18
4308.00058  1.31250e-18
4310.00035 -5.53948e-18
4312.00013 -3.39168e-18
4313.99990 -1.24417e-18
4315.99968 -2.09688e-18
4317.99946 -2.94982e-18
4320.00042  1.19707e-18
4322.00019 -2.65634e-18
4323.99997 -5.09993e-19
4325.99974  2.63610e-18
4327.99952 -2.18032e-19
4330.00048  1.92768e-18
4332.00026  4.07308e-18
4334.00003  2.21821e-18
4335.99981 -6.36836e-19
4337.99958  1.50784e-18
4340.00054 -1.34762e-18
4342.00032 -2.20344e-18
4344.00010  4.94056e-18
4345.99987 -4.91568e-18
4347.99965 -1.77215e-18
4349.99942  1.37114e-18
4352.00038  3.51423e-18
4354.00016 -4.34296e-18
4355.99994 -2.20037e-18
4357.99971 -2.05804e-18
4359.99949 -9.15927e-19
4362.00045 -7.73950e-19
4364.00022 -6.32310e-19
4366.00000 -2.49088e-18
4367.99978 -5.34970e-18
4369.99955  2.79125e-18
4372.00051 -1.06794e-18
4374.00029 -9.27441e-19
4376.00006 -2.78717e-18
4377.99984  2.35286e-18
4379.99962  4.92656e-19
4382.00058 -2.36769e-18
4384.00035 -2.28355e-19
4386.00013  5.91079e-18
4387.99990  4.96772e-20
4389.99968 -2.81167e-18
4391.99946  5.32675e-18
4394.00042  1.46506e-18
4396.00019  6.03015e-19
4397.99997  1.74080e-18
4399.99974 -5.12168e-18
4401.99952 -2.98439e-18
4404.00048 -4.84724e-18
4406.00026  1.28961e-18
4408.00003 -5.73772e-19
4409.99981 -4.37367e-19
4411.99958 -3.01173e-19
4414.00054  7.83484e-18
4416.00032  1.97055e-18
4418.00010 -5.89397e-18
4419.99987 -7.58683e-19
4421.99965  3.37639e-18
4423.99942  4.51122e-18
4426.00038  3.64589e-18
4428.00016  2.78026e-18
4429.99994  2.91443e-18
4431.99971 -6.65163e-18
4433.99949 -8.31792e-18
4436.00045 -2.68434e-18
4438.00022  1.44895e-18
4440.00000 -1.41801e-18
4441.99978  5.71482e-18
4443.99955  2.84742e-18
4446.00051  9.79891e-19
4448.00029 -3.88793e-18
4450.00006 -3.75598e-18
4451.99984  6.37576e-18
4453.99962  3.50727e-18
4456.00058  2.63863e-18
4458.00035  3.76971e-18
4460.00013 -4.09941e-18
4461.99990 -6.56878e-18
4463.99968 -1.83837e-18
4465.99946  8.29184e-18
4468.00042  6.42189e-18
4470.00019  6.55167e-18
4471.99997  7.68124e-18
4473.99974 -2.18943e-18
4475.99952 -1.06031e-18
4478.00048 -4.53133e-18
4480.00026 -1.80264e-18
4482.00003 -5.87416e-18
4483.99981 -1.54591e-18
4485.99958 -3.81785e-18
4488.00054  3.71006e-18
4490.00032 -5.66233e-18
4492.00010 -5.93493e-18
4493.99987 -7.40773e-18
4495.99965 -3.28076e-18
4497.99942  3.34601e-18
4500.00038 -1.52737e-18
4502.00016  4.59897e-18
4503.99994  3.72508e-18
4505.99971  8.51010e-19
4507.99949 -6.42328e-18
4510.00045 -5.39771e-18
4512.00022 -2.87243e-18
4514.00000 -4.24735e-18
4515.99978 -5.22480e-19
4517.99955 -8.97848e-19
4520.00051  1.72667e-18
4522.00029 -1.64909e-18
4524.00006 -2.02508e-18
4525.99984 -3.10125e-18
4527.99962 -9.67765e-18
4530.00058 -2.95420e-18
4532.00035 -7.23101e-18
4534.00013 -4.70801e-18
4535.99990 -1.68525e-18
4537.99968 -8.62683e-19
4539.99946 -4.64032e-18
4542.00042  1.08190e-18
4544.00019  1.20383e-18
4545.99997  4.32559e-18
4547.99974  9.44712e-18
4549.99952  3.56843e-18
4552.00048 -2.01038e-18
4554.00026  4.81055e-18
4556.00003  4.93124e-18
4557.99981 -3.54824e-18
4559.99958 -3.32795e-18
4562.00054 -6.10778e-18
4564.00032  8.12119e-19
4566.00010 -7.36819e-18
4567.99987 -7.84872e-18
4569.99965 -3.92943e-18
4571.99942  2.48966e-18
4574.00038  1.70860e-18
4576.00016 -4.72724e-19
4577.99994 -7.54263e-19
4579.99971  3.16401e-18
4581.99949 -3.61792e-18
4584.00045 -2.19997e-18
4586.00022  4.17686e-19
4588.00000 -2.46485e-18
4589.99978 -8.14757e-18
4591.99955 -1.63052e-18
4594.00051 -2.61357e-18
4596.00029 -6.39691e-18
4598.00006 -6.38043e-18
4599.99984 -3.56417e-18
4601.99962 -9.94810e-18
4604.00058 -1.73216e-18
4606.00035  6.88349e-18
4608.00013  1.99898e-18
4609.99990  6.11427e-18
4611.99968  2.82935e-18
4613.99946  1.84422e-18
4616.00042  1.45897e-18
4618.00019 -3.82654e-18
4619.99997  5.38777e-18
4621.99974  4.80186e-18
4623.99952  1.41575e-18
4626.00048  2.72952e-18
4628.00026  2.43026e-19
4630.00003 -3.94367e-18
4631.99981 -3.23052e-18
4633.99958  8.23872e-20
4636.00054 -6.70481e-18
4638.00032 -5.59228e-18
4640.00010 -7.17993e-18
4641.99987  1.43219e-18
4643.99965 -1.95583e-18
4645.99942 -3.34407e-18
4648.00038 -7.93243e-18
4650.00016 -7.02106e-18
4651.99994 -1.50988e-18
4653.99971 -3.69889e-18
4655.99949 -2.18808e-18
4658.00045  6.22259e-18
4660.00022  9.93301e-18
4662.00000  7.14325e-18
4663.99978  4.85328e-18
4665.99955  2.46313e-18
4668.00051  5.27285e-18
4670.00029 -2.17681e-19
4672.00006 -9.08410e-19
4673.99984 -4.49931e-18
4675.99962 -5.49042e-18
4678.00058 -2.68166e-18
4680.00035  1.12687e-18
4682.00013  9.35224e-19
4683.99990 -4.56643e-19
4685.99968 -6.04868e-18
4687.99946 -1.21409e-17
4690.00042 -6.43328e-18
4692.00019 -2.12588e-18
4693.99997 -3.01866e-18
4695.99974 -8.21164e-18
4697.99952 -3.04806e-19
4700.00048  3.80191e-18
4702.00026  4.08376e-19
4704.00003  6.11464e-18
4705.99981  7.20746e-19
4707.99958  2.42665e-18
4710.00054  6.93244e-18
4712.00032  1.73797e-18
4714.00010  4.64333e-18
4715.99987  3.34849e-18
4717.99965 -4.65008e-20
4719.99942 -4.41708e-19
4722.00038 -4.37009e-19
4724.00016 -9.32590e-19
4725.99994 -7.12834e-18
4727.99971 -1.02426e-18
4729.99949  4.79639e-19
4732.00045 -4.81659e-18
4734.00022 -3.71307e-18
4736.00000  3.29028e-18
4737.99978  9.34449e-20
4739.99955 -2.20357e-18
4742.00051  2.99929e-18
4744.00029  4.01917e-19
4746.00006 -5.59564e-18
4747.99984 -2.69338e-18
4749.99962  2.20871e-18
4752.00058 -1.89332e-19
4754.00035 -4.78761e-18
4756.00013  6.01395e-18
4757.99990  7.91531e-18
4759.99968 -3.58350e-18
4761.99946 -1.82489e-19
4764.00042 -4.58160e-18
4766.00019  2.91905e-18
4767.99997  2.61954e-18
4769.99974  6.19843e-19
4771.99952 -1.10800e-17
4774.00048 -7.80025e-19
4776.00026  1.01973e-18
4778.00003  7.51933e-18
4779.99981  2.91877e-18
4781.99958  2.18005e-19
4784.00054 -2.38286e-18
4786.00032 -5.68398e-18
4788.00010  7.14730e-19
4789.99987 -2.86727e-19
4791.99965  2.71166e-18
4793.99942  1.90985e-18
4796.00038  4.07932e-19
4798.00016  2.00578e-18
4799.99994  2.70345e-18
4801.99971  2.30094e-18
4803.99949  1.59827e-18
4806.00045 -4.50450e-18
4808.00022  3.19248e-18
4810.00000  2.89282e-19
4811.99978  2.85927e-19
4813.99955 -1.21760e-18
4816.00051  1.87876e-18
4818.00029  3.57488e-18
4820.00006  4.37084e-18
4821.99984  2.36661e-18
4823.99962 -4.73777e-18
4826.00058 -2.34228e-18
4828.00035  6.45300e-18
4830.00013  6.64810e-18
4831.99990  6.94304e-18
4833.99968 -1.86219e-18
4835.99946  4.73241e-18
4838.00042  5.12688e-18
4840.00019  2.82115e-18
4841.99997 -6.84753e-19
4843.99974  1.60917e-18
4845.99952 -1.69708e-18
4848.00048  2.99656e-18
4850.00026 -3.81001e-18
4852.00003 -3.21676e-18
4853.99981 -2.12366e-18
4855.99958 -1.53075e-18
4858.00054  8.06205e-18
4860.00032  8.15464e-18
4862.00010  5.44706e-18
4863.99987  7.03931e-18
4865.99965  8.03141e-18
4867.99942  8.42332e-18
4870.00038  3.71515e-18
4872.00016 -1.29323e-18
4873.99994 -6.01797e-19
4875.99971 -4.31054e-18
4877.99949  2.38057e-18
4880.00045  7.15611e-20
4882.00022  3.16234e-18
4884.00000  1.95295e-18
4885.99978  4.94340e-18
4887.99955 -1.86631e-18
4890.00051  2.12387e-18
4892.00029  2.01383e-18
4894.00006  9.03639e-19
4895.99984 -2.06716e-19
4897.99962  2.28278e-18
4900.00058  4.37215e-18
4902.00035 -1.13870e-18
4904.00013 -5.44970e-18
4905.99990 -2.46087e-18
4907.99968  4.52782e-18
4909.99946  1.61633e-18
4912.00042 -5.95272e-19
4914.00019 -4.60708e-18
4915.99997 -5.19026e-19
4917.99974  6.68838e-19
4919.99952  3.85656e-18
4922.00048 -3.65581e-18
4924.00026 -4.46841e-18
4926.00003  5.18841e-19
4927.99981 -5.89407e-18
4929.99958  3.89286e-18
4932.00054 -2.82032e-18
4934.00032 -6.63370e-18
4936.00010 -1.44725e-18
4937.99987 -5.46095e-18
4939.99965 -3.07482e-18
4941.99942 -8.88193e-20
4944.00038  8.97054e-19
4946.00016  1.08276e-18
4947.99994 -3.03172e-18
4949.99971  1.15365e-18
4951.99949  1.23885e-18
4954.00045 -5.07604e-18
4956.00022 -4.29114e-18
4958.00000 -9.06405e-19
4959.99978  2.87818e-18
4961.99955 -9.37374e-19
4964.00051 -1.65303e-18
4966.00029 -2.66891e-18
4968.00006 -3.68492e-18
4969.99984 -2.10109e-18
4971.99962 -3.91741e-18
4974.00058  8.26617e-18
4976.00035  9.24953e-18
4978.00013  3.13274e-18
4979.99990 -2.88419e-18
4981.99968 -6.50128e-18
4983.99946  1.48149e-18
4986.00042 -1.13586e-18
4988.00019 -4.65340e-18
4989.99997 -2.67109e-18
4991.99974 -5.38893e-18
4993.99952  2.09307e-18
4996.00048  3.77500e-18
4998.00026 -5.64329e-18
5000.00003 -5.96174e-18
5001.99981 -5.28032e-18
5003.99958 -1.99906e-18
5006.00054  7.58210e-18
5008.00032  7.26305e-18
5010.00010  3.04387e-18
5011.99987 -3.37547e-18
5013.99965  2.70505e-18
5015.99942 -2.14577e-19
5018.00038  2.65697e-19
5020.00016 -5.41969e-20
5021.99994 -1.67428e-18
5023.99971 -1.39449e-18
5025.99949  1.28515e-18
5028.00045 -3.23532e-18
5030.00022 -5.15598e-18
5032.00000 -1.77678e-18
5033.99978  8.02273e-19
5035.99955  3.18117e-18
5038.00051  3.55999e-18
5040.00029  6.13860e-18
5042.00006  1.11707e-18
5043.99984  2.09541e-18
5045.99962  4.37361e-18
5048.00058  5.05169e-18
5050.00035 -1.57041e-18
5052.00013  3.80733e-18
5053.99990 -1.11505e-18
5055.99968 -4.23759e-18
5057.99946  4.33973e-18
5060.00042 -1.18304e-18
5062.00019  6.69400e-18
5063.99997 -5.02911e-18
5065.99974 -5.52345e-19
5067.99952  1.22425e-18
5070.00048  1.90080e-18
5072.00026 -2.52287e-18
5074.00003 -1.46695e-19
5075.99981  1.42936e-18
5077.99958  5.20527e-18
5080.00054  4.18107e-18
5082.00032  4.55670e-18
5084.00010 -5.96783e-18
5085.99987 -7.29248e-18
5087.99965 -2.61727e-18
5089.99942  2.75780e-18
5092.00038  2.93277e-18
5094.00016  1.90756e-18
5095.99994  1.68223e-18
5097.99971  2.25675e-18
5099.99949 -4.66889e-18
5102.00045  3.70539e-18
5104.00022  2.87948e-18
5106.00000  5.95344e-18
5107.99978  9.27263e-19
5109.99955  3.50095e-18
5112.00051  3.57455e-18
5114.00029 -8.75205e-18
5116.00006 -4.37877e-18
5117.99984 -2.60563e-18
5119.99962 -1.03261e-18
5122.00058  1.74030e-18
5124.00035  7.51304e-18
5126.00013  1.28562e-18
5127.99990  5.95808e-18
5129.99968  6.30411e-19
5131.99946 -3.79739e-18
5134.00042 -6.72530e-18
5136.00019 -3.05338e-18
5137.99997  7.01840e-18
5139.99974  6.49006e-18
5141.99952  2.16159e-18
5144.00048  7.03303e-18
5146.00026  2.30429e-18
5148.00003 -1.42460e-18
5149.99981 -2.35360e-18
5151.99958 -3.68275e-18
5154.00054  4.18801e-18
5156.00032 -4.41403e-19
5158.00010  4.22906e-18
5159.99987  3.69940e-18
5161.99965 -3.03041e-18
5163.99942  5.73965e-18
5166.00038  2.10963e-18
5168.00016  5.37944e-18
5169.99994  1.74912e-18
5171.99971  6.51866e-18
5173.99949  3.28808e-18
5176.00045 -3.24261e-18
5178.00022  1.72654e-18
5180.00000  1.89557e-18
5181.99978  4.96446e-18
5183.99955  1.73322e-18
5186.00051 -1.59811e-18
5188.00029  6.70400e-19
5190.00006 -2.61230e-19
5191.99984  1.10702e-18
5193.99962 -1.02483e-18
5196.00058  8.43188e-19
5198.00035  1.71106e-18
5200.00013 -3.22121e-18
5201.99990  3.14641e-18
5203.99968  3.01388e-18
5205.99946  4.78124e-18
5208.00042  2.64852e-18
5210.00019  2.11561e-18
5211.99997  1.08259e-18
5213.99974 -2.55056e-18
5215.99952 -9.83835e-19
5218.00048  2.68284e-18
5220.00026  3.54930e-18
5222.00003  6.71565e-18
5223.99981 -3.11813e-18
5225.99958 -9.35203e-18
5228.00054  4.11399e-18
5230.00032  7.07984e-18
5232.00010  7.14557e-18
5233.99987  1.01116e-18
5235.99965  1.77664e-18
5237.99942  4.94200e-18
5240.00038  6.60727e-18
5242.00016  4.47240e-18
5243.99994 -1.76262e-18
5245.99971 -6.49775e-18
5247.99949 -1.03301e-18
5250.00045 -2.96836e-18
5252.00022  5.69614e-18
5254.00000  1.46052e-18
5255.99978 -2.17523e-18
5257.99955 -2.61111e-18
5260.00051  3.85295e-18
5262.00029  7.11684e-18
5264.00006  2.28060e-18
5265.99984  1.54425e-18
5267.99962 -3.29220e-18
5270.00058 -1.22875e-18
5272.00035 -8.65476e-19
5274.00013  1.39770e-18
5275.99990  1.16074e-18
5277.99968  9.23676e-19
5279.99946  2.08648e-18
5282.00042  1.74922e-18
5284.00019  3.61178e-18
5285.99997  5.57423e-18
5287.99974 -5.46343e-18
5289.99952  4.79879e-18
5292.00048 -3.53906e-18
5294.00026  9.02292e-18
5296.00003  3.84771e-19
5297.99981  3.74653e-18
5299.99958 -1.49184e-18
5302.00054  6.97082e-20
5304.00032 -1.56890e-18
5306.00010 -2.30762e-18
5307.99987  3.95355e-18
5309.99965  4.71459e-18
5311.99942  4.75523e-19
5314.00038 -4.63638e-19
5316.00016  1.59708e-18
5317.99994 -2.44234e-18
5319.99971  4.31814e-18
5321.99949  5.57848e-18
5324.00045  5.43875e-18
5326.00022  4.29888e-18
5328.00000 -1.94111e-18
5329.99978 -1.81212e-19
5331.99955  2.78568e-19
5334.00051 -2.16173e-18
5336.00029 -2.50217e-18
5338.00006 -2.74273e-18
5339.99984 -1.58340e-18
5341.99962  3.67582e-18
5344.00058  3.33496e-18
5346.00035  2.19395e-18
5348.00013  3.45282e-18
5349.99990  9.11599e-19
5351.99968 -9.29758e-19
5353.99946  6.28783e-19
5356.00042  2.68725e-18
5358.00019  1.54556e-18
5359.99997  1.30378e-18
5361.99974 -1.13813e-18
5363.99952 -5.38014e-18
5366.00048  3.87778e-18
5368.00026 -1.36445e-18
5370.00003  1.79320e-18
5371.99981  1.45074e-18
5373.99958 -1.99182e-18
5376.00054  6.16553e-18
5378.00032  3.22746e-19
5380.00010  4.79857e-19
5381.99987 -2.16315e-18
5383.99965 -2.06259e-19
5385.99942  3.45053e-18
5388.00038  1.50722e-18
5390.00016 -1.63619e-18
5391.99994 -2.79752e-19
5393.99971  3.57660e-18
5395.99949  3.53284e-18
5398.00045 -3.71100e-18
5400.00022 -5.55497e-18
5402.00000 -2.19906e-18
5403.99978  1.15676e-18
5405.99955  2.71246e-18
5408.00051 -3.53192e-18
5410.00029 -4.07643e-18
5412.00006 -2.02104e-18
5413.99984  3.93424e-18
5415.99962  4.18942e-18
5418.00058  4.54452e-18
5420.00035  1.79949e-18
5422.00013  1.85434e-18
5423.99990  1.30910e-18
5425.99968  7.96374e-18
5427.99946 -2.38172e-18
5430.00042  1.37276e-18
5432.00019  4.22709e-18
5433.99997  3.18130e-18
5435.99974  6.33544e-18
5437.99952 -7.10535e-19
5440.00048  5.24342e-18
5442.00026 -2.02759e-19
5444.00003  1.35095e-18
5445.99981  4.30455e-18
5447.99958  4.35806e-18
5450.00054  7.11149e-18
5452.00032  1.76480e-18
5454.00010  4.71799e-18
5455.99987  8.27110e-18
5457.99965  4.52409e-18
5459.99942 -2.23014e-19
5462.00038  6.52980e-18
5464.00016  8.25129e-20
5465.99994 -7.64897e-19
5467.99971  6.87586e-19
5469.99949  2.33998e-18
5472.00045  8.92290e-19
5474.00022 -2.25552e-18
5476.00000 -2.60343e-18
5477.99978  1.94855e-18
5479.99955  4.10045e-18
5482.00051  7.45227e-18
5484.00029  5.60394e-18
5486.00006 -4.44560e-20
5487.99984  2.30702e-18
5489.99962  6.58436e-19
5492.00058  3.80975e-18
5494.00035 -5.39050e-19
5496.00013 -1.38796e-18
5497.99990 -1.73696e-18
5499.99968  2.31395e-18
5501.99946  4.16474e-18
5504.00042  3.71548e-18
5506.00019  1.76609e-18
5507.99997  6.01659e-18
5509.99974  3.46700e-18
5511.99952  2.61733e-18
5514.00048  5.06759e-18
5516.00026 -3.88229e-18
5518.00003 -1.73227e-18
5519.99981 -3.28233e-18
5521.99958 -4.93250e-18
5524.00054  8.17268e-19
5526.00032  4.96691e-18
5528.00010 -2.28354e-18
5529.99987  3.56590e-18
5531.99965  1.41527e-18
5533.99942  2.96453e-18
5536.00038  3.81373e-18
5538.00016  1.62822e-19
5539.99994  3.71179e-18
5541.99971  1.06068e-18
5543.99949  2.30947e-18
5546.00045  4.25819e-18
5548.00022 -8.93203e-19
5550.00000  2.85531e-18
5551.99978  1.92037e-17
5553.99955  8.85205e-18
5556.00051  7.00032e-18
5558.00029  1.04845e-18
5560.00006  5.49650e-18
5561.99984  8.44446e-19
5563.99962  1.42923e-17
5566.00058  3.34013e-18
5568.00035  1.58780e-18
5570.00013  6.53539e-18
5571.99990  7.28289e-18
5573.99968  8.73030e-18
5575.99946  3.67761e-18
5578.00042  7.24848e-19
5580.00019  7.27198e-18
5581.99997 -7.68098e-18
5583.99974  3.56597e-18
5585.99952  2.61282e-18
5588.00048 -1.04036e-18
5590.00026  6.90632e-18
5592.00003  6.85291e-18
5593.99981  9.19941e-18
5595.99958  3.94582e-18
5598.00054  2.69217e-18
5600.00032  4.23841e-18
5602.00010  5.38454e-18
5603.99987  2.63060e-18
5605.99965 -2.34324e-20
5607.99942  4.62245e-18
5610.00038  8.06825e-18
5612.00016  5.51397e-18
5613.99994  5.55959e-18
5615.99971  4.80513e-18
5617.99949  3.75056e-18
5620.00045  8.39594e-18
5622.00022  7.94120e-18
5624.00000  1.04864e-17
5625.99978  1.93147e-18
5627.99955  7.37647e-18
5630.00051  1.24214e-17
5632.00029  1.10663e-17
5634.00006  1.40110e-17
5635.99984  9.85566e-18
5637.99962  6.70025e-18
5640.00058  1.50447e-17
5642.00035  1.03892e-17
5644.00013  7.33348e-18
5645.99990  1.31777e-17
5647.99968  4.82186e-18
5649.99946  1.96593e-18
5652.00042  1.03099e-17
5654.00019  2.11538e-17
5655.99997 -1.64024e-17
5657.99974  3.24136e-18
5659.99952  1.48850e-17
5662.00048  3.62860e-18
5664.00026  7.17207e-18
5666.00003  8.31548e-18
5667.99981  1.19588e-17
5669.99958  1.09020e-17
5672.00054  1.05452e-17
5674.00032  2.15882e-17
5676.00010  1.13312e-17
5677.99987 -1.82589e-18
5679.99965  7.01691e-18
5681.99942 -2.44035e-18
5684.00038  6.70232e-18
5686.00016  3.84490e-18
5687.99994 -1.26029e-20
5689.99971  5.82979e-18
5691.99949  2.44721e-17
5694.00045  7.51439e-18
5696.00022  3.15654e-18
5698.00000  4.98624e-19
5699.99978 -1.55937e-18
5701.99955  1.11826e-17
5704.00051  1.20244e-17
5706.00029  7.06617e-18
5708.00006  6.70785e-18
5709.99984  1.29495e-17
5711.99962  7.09098e-18
5714.00058  1.27325e-17
5716.00035  1.16738e-17
5718.00013  8.31509e-18
5719.99990  3.55630e-18
5721.99968  1.10974e-17
5723.99946  1.33385e-17
5726.00042  1.44795e-17
5728.00019  5.92034e-18
5729.99997  7.61162e-19
5731.99974  1.23019e-17
5733.99952  1.28425e-17
5736.00048  6.68316e-18
5738.00026  6.23661e-19
5740.00003  6.66409e-18
5741.99981  2.20443e-18
5743.99958  9.14471e-18
5746.00054  5.38492e-18
5748.00032  9.82503e-18
5750.00010  3.16507e-18
5751.99987  9.40504e-18
5753.99965  9.34492e-18
5755.99942  8.08474e-18
5758.00038  2.02450e-18
5760.00016  4.26417e-18
5761.99994  7.00375e-18
5763.99971  4.94326e-18
5765.99949  5.08269e-18
5768.00045  7.32207e-18
5770.00022  1.66135e-18
5772.00000  8.90056e-18
5773.99978  3.63969e-18
5775.99955  7.97876e-18
5778.00051  6.81776e-18
5780.00029  1.02567e-17
5782.00006  1.23955e-17
5783.99984  1.29343e-17
5785.99962  1.04730e-17
5788.00058  6.41162e-18
5790.00035  9.55016e-18
5792.00013  1.18886e-17
5793.99990 -2.47298e-18
5795.99968  5.96534e-18
5797.99946  1.08036e-17
5800.00042  5.34180e-18
5802.00019  5.87991e-18
5803.99997  1.91793e-18
5805.99974  6.05590e-18
5807.99952  6.89379e-18
5810.00048  5.23164e-18
5812.00026  5.36939e-18
5814.00003  5.10706e-18
5815.99981  1.11447e-17
5817.99958  3.68219e-18
5820.00054  4.81968e-18
5822.00032  1.01571e-17
5824.00010  5.39439e-18
5825.99987  1.05316e-17
5827.99965  4.66882e-18
5829.99942  6.80593e-18
5832.00038  9.54299e-18
5834.00016 -4.62003e-18
5835.99994  1.01687e-18
5837.99971  8.55369e-18
5839.99949  1.18905e-17
5842.00045  7.42717e-18
5844.00022  5.16379e-18
5846.00000  8.80035e-18
5847.99978  9.23683e-18
5849.99955  5.77324e-18
5852.00051  5.30961e-18
5854.00029  1.29459e-17
5856.00006  1.04821e-17
5857.99984  1.90182e-17
5859.99962  1.45543e-17
5862.00058  1.30903e-17
5864.00035  1.60263e-17
5866.00013  1.20622e-17
5867.99990  1.06979e-17
5869.99968  4.33694e-19
5871.99946  5.26936e-18
5874.00042  9.60499e-18
5876.00019  8.44052e-18
5877.99997  1.09760e-17
5879.99974  2.11139e-18
5881.99952  2.34673e-18
5884.00048 -5.17977e-19
5886.00026  6.11722e-18
5888.00003 -1.44764e-18
5889.99981  5.68744e-18
5891.99958  4.72244e-18
5894.00054 -1.42599e-19
5896.00032 -2.07725e-19
5898.00010  8.82708e-18
5899.99987  1.36183e-18
5901.99965  7.39651e-18
5903.99942  1.25311e-17
5906.00038  1.08657e-17
5908.00016  1.29002e-17
5909.99994  6.13461e-18
5911.99971  7.16897e-18
5913.99949  6.50327e-18
5916.00045  1.09375e-17
5918.00022  5.37168e-18
5920.00000  6.00578e-18
5921.99978  5.83982e-18
5923.99955  4.27379e-18
5926.00051  7.30773e-18
5928.00029  1.06416e-17
5930.00006  3.97536e-18
5931.99984  1.21091e-17
5933.99962  4.94276e-18
5936.00058  4.57638e-18
5938.00035  1.00991e-18
5940.00013  7.04339e-18
5941.99990  3.77680e-18
5943.99968  4.61016e-18
5945.99946 -1.15655e-18
5948.00042  7.47669e-18
5950.00019  3.70986e-18
5951.99997  1.14430e-17
5953.99974  1.47600e-18
5955.99952  2.50899e-18
5958.00048  6.64194e-18
5960.00026  8.47480e-18
5962.00003  5.40760e-18
5963.99981  5.54034e-18
5965.99958  4.77302e-18
5968.00054  5.50566e-18
5970.00032  4.93822e-18
5972.00010  3.67072e-18
5973.99987  1.04031e-17
5975.99965  3.33554e-18
5977.99942  6.66786e-18
5980.00038  9.00145e-19
5982.00016  3.73235e-18
5983.99994  8.36449e-18
5985.99971  3.59658e-18
5987.99949  1.82860e-18
5990.00045  8.56059e-18
5992.00022  4.09249e-18
5994.00000 -2.75650e-19
5995.99978  7.15614e-18
5997.99955  3.68787e-18
6000.00051 -1.78043e-18
6002.00029  4.51184e-19
6004.00006  3.88274e-18
6005.99984  5.01424e-18
6007.99962  8.64570e-18
6010.00058  6.07711e-18
6012.00035  7.00843e-18
6014.00013  4.03971e-18
6015.99990  5.47093e-18
6017.99968  5.40208e-18
6019.99946  1.27332e-17
6022.00042  1.00642e-17
6024.00019  9.95244e-19
6025.99997  7.82618e-18
6027.99974  2.57058e-19
6029.99952  2.88788e-18
6032.00048  1.91867e-18
6034.00026  3.84939e-18
6036.00003  2.80040e-19
6037.99981  6.61064e-18
6039.99958  3.44119e-18
6042.00054  4.87169e-18
6044.00032  3.20213e-18
6046.00010 -1.36749e-18
6047.99987 -1.03717e-18
6049.99965 -1.06888e-19
6051.99942 -1.07668e-18
6054.00038 -3.74651e-18
6056.00016 -2.01638e-18
6057.99994 -8.63246e-20
6059.99971  7.44367e-18
6061.99949  5.73617e-19
6064.00045  5.60353e-18
6066.00022  1.53337e-18
6068.00000  6.31470e-20
6069.99978  6.92880e-19
6071.99955  2.32256e-18
6074.00051 -2.24780e-18
6076.00029  1.18178e-18
6078.00006 -1.28871e-18
6079.99984  4.74076e-18
6081.99962  1.07018e-18
6084.00058  8.39956e-18
6086.00035  5.92888e-18
6088.00013  4.75813e-18
6089.99990  2.18734e-18
6091.99968 -1.58350e-18
6093.99946  6.14560e-18
6096.00042 -9.25337e-19
6098.00019  1.80366e-18
6099.99997  1.43261e-18
6101.99974  3.46151e-18
6103.99952  5.89035e-18
6106.00048  3.61917e-18
6108.00026  4.47922e-19
6110.00003 -6.23390e-19
6111.99981  6.20526e-18
6113.99958  3.93385e-18
6116.00054  1.06240e-18
6118.00032 -4.09104e-19
6120.00010  4.41934e-18
6121.99987 -5.52269e-19
6123.99965  2.47607e-18
6125.99942 -4.49563e-18
6128.00038 -1.86738e-18
6130.00016 -2.83918e-18
6131.99994  2.48897e-18
6133.99971  7.21706e-18
6135.99949  3.24511e-18
6138.00045  1.07312e-18
6140.00022  1.80106e-18
6142.00000 -7.71038e-19
6143.99978  4.35681e-18
6145.99955  1.68462e-18
6148.00051  2.31238e-18
6150.00029 -3.85991e-18
6152.00006  1.96775e-18
6153.99984  4.89535e-18
6155.99962  6.22927e-19
6158.00058  2.35045e-18
6160.00035  7.79204e-20
6162.00013  2.00533e-18
6163.99990 -9.67289e-19
6165.99968 -6.39967e-19
6167.99946  7.87307e-19
6170.00042 -9.85447e-19
6172.00019 -4.05826e-18
6173.99997 -6.31132e-19
6175.99974 -4.20404e-18
6177.99952 -6.76998e-19
6180.00048  1.35003e-18
6182.00026 -1.42303e-18
6184.00003 -2.49612e-18
6185.99981  4.93073e-18
6187.99958  5.05754e-18
6190.00054 -1.91567e-18
6192.00032 -1.58895e-18
6194.00010 -6.62281e-19
6195.99987 -1.13565e-18
6197.99965 -1.00907e-18
6199.99942 -8.82522e-19
6202.00038 -4.65601e-18
6204.00016 -4.62956e-18
6205.99994 -2.50316e-18
6207.99971  4.42321e-18
6209.99949 -2.50484e-19
6212.00045 -3.62420e-18
6214.00022 -3.19797e-18
6216.00000 -3.67179e-18
6217.99978 -2.34566e-18
6219.99955 -3.01956e-18
6222.00051  2.90651e-18
6224.00029  1.63250e-18
6226.00006 -4.41523e-19
6227.99984  2.68439e-18
6229.99962 -1.48973e-18
6232.00058  1.36114e-19
6234.00035  3.36190e-18
6236.00013  1.08765e-18
6237.99990 -5.28665e-18
6239.99968  4.03901e-18
6241.99946 -1.13538e-18
6244.00042 -5.50979e-18
6246.00019  4.11575e-18
6247.99997 -1.75877e-18
6249.99974  5.66685e-19
6251.99952  9.20850e-20
6254.00048 -2.98253e-18
6256.00026 -3.05721e-18
6258.00003 -3.03193e-18
6259.99981  2.29330e-18
6261.99958 -1.18151e-18
6264.00054 -2.65633e-18
6266.00032 -1.83123e-18
6268.00010 -3.30616e-18
6269.99987  3.11887e-18
6271.99965 -5.45614e-18
6273.99942 -2.13119e-18
6276.00038  8.93736e-19
6278.00016  2.01861e-18
6279.99994  2.94343e-18
6281.99971  5.46821e-18
6283.99949 -2.60704e-18
6286.00045  1.17675e-19
6288.00022 -2.35766e-18
6290.00000 -2.03304e-18
6291.99978 -5.50846e-18
6293.99955  3.16089e-19
6296.00051  3.40606e-19
6298.00029 -7.34930e-19
6300.00006 -1.51050e-18
6301.99984  3.71388e-18
6303.99962 -3.61769e-19
6306.00058 -2.83745e-18
6308.00035  3.18682e-18
6310.00013  3.41105e-18
6311.99990  7.35238e-19
6313.99968  3.15939e-18
6315.99946 -2.16503e-19
6318.00042  6.50759e-18
6320.00019 -1.68374e-19
6321.99997  3.45562e-18
6323.99974  6.17957e-18
6325.99952  4.20350e-18
6328.00048 -9.72599e-19
6330.00026  8.51248e-19
6332.00003 -2.72495e-18
6333.99981 -2.80118e-18
6335.99958 -1.77447e-19
6338.00054 -2.45374e-18
6340.00032  1.76992e-18
6342.00010  5.93532e-19
6343.99987  1.31711e-18
6345.99965  3.64066e-18
6347.99942  1.76417e-18
6350.00038  3.78765e-18
6352.00016  1.61110e-18
6353.99994  2.23449e-18
6355.99971  1.95785e-18
6357.99949 -3.41882e-18
6360.00045 -1.29552e-18
6362.00022 -3.17227e-18
6364.00000 -2.74905e-18
6365.99978  2.87413e-18
6367.99955  2.29727e-18
6370.00051 -2.67961e-18
6372.00029  1.94346e-18
6374.00006 -1.23350e-18
6375.99984 -2.10501e-19
6377.99962  5.91247e-18
6380.00058  1.13541e-18
6382.00035 -4.44169e-18
6384.00013 -5.81883e-18
6385.99990 -4.49601e-18
6387.99968 -3.73211e-19
6389.99946 -2.65046e-18
6392.00042 -4.52773e-18
6394.00019 -1.80504e-18
6395.99997 -2.08239e-18
6397.99974 -8.59778e-19
6399.99952  5.62807e-19
6402.00048  1.08537e-18
6404.00026  2.10789e-18
6406.00003 -2.66963e-18
6407.99981 -1.84718e-18
6409.99958  3.17523e-18
6412.00054 -3.02384e-19
6414.00032  1.71996e-18
6416.00010  5.44227e-18
6417.99987 -1.33545e-18
6419.99965  4.88680e-18
6421.99942 -5.39099e-18
6424.00038 -3.46880e-18
6426.00016  1.65335e-18
6427.99994 -8.24534e-19
6429.99971 -1.50246e-18
6431.99949 -7.48042e-18
6434.00045 -3.75839e-18
6436.00022 -9.36408e-19
6438.00000 -1.71446e-18
6439.99978  1.90746e-18
6441.99955  3.29344e-19
6444.00051 -8.04880e-18
6446.00029 -6.62697e-18
6448.00006 -2.10519e-18
6449.99984 -7.83429e-19
6451.99962  2.03829e-18
6454.00058  1.66001e-18
6456.00035 -3.11834e-18
6458.00013 -2.19670e-18
6459.99990 -1.87511e-18
6461.99968  3.74646e-18
6463.99946 -2.32004e-19
6466.00042 -4.10490e-19
6468.00019 -3.89016e-19
6469.99997 -1.46757e-18
6471.99974 -3.54616e-18
6473.99952 -2.62479e-18
6476.00048  8.96581e-19
6478.00026  2.71790e-18
6480.00003 -6.86081e-18
6481.99981  3.56045e-18
6483.99958 -2.51832e-18
6486.00054 -4.59711e-18
6488.00032  7.24054e-19
6490.00010 -1.95480e-18
6491.99987 -2.33698e-19
6493.99965 -3.51262e-18
6495.99942 -4.79157e-18
6498.00038 -5.67054e-18
6500.00016 -1.24495e-17
6501.99994 -4.52859e-18
6503.99971  2.29234e-18
6505.99949 -5.86759e-19
6508.00045 -6.76587e-18
6510.00022 -4.04503e-18
6512.00000 -3.12423e-18
6513.99978  1.19656e-18
6515.99955 -1.58268e-18
6518.00051  1.53806e-18
6520.00029 -3.74124e-18
6522.00006 -2.32057e-18
6523.99984 -3.69993e-18
6525.99962 -2.07932e-18
6528.00058 -1.05871e-18
6530.00035 -1.73816e-18
6532.00013 -4.61764e-18
6533.99990 -6.39713e-18
6535.99968 -5.57666e-18
6537.99946 -5.75622e-18
6540.00042 -7.35790e-19
6542.00019 -1.54087e-20
6543.99997  1.40496e-18
6545.99974  1.25288e-19
6547.99952 -1.25441e-18
6550.00048 -2.23411e-18
6552.00026 -4.91387e-18
6554.00003 -6.99364e-18
6555.99981 -1.77345e-18
6557.99958 -1.05327e-18
6560.00054 -2.13312e-18
6562.00032 -3.51300e-18
6564.00010 -3.69291e-18
6565.99987  6.27145e-19
6567.99965 -4.52822e-19
6569.99942  1.66719e-18
6572.00038 -1.91281e-18
6574.00016 -3.09285e-18
6575.99994 -6.77292e-18
6577.99971 -6.25302e-18
6579.99949 -5.53314e-18
6582.00045  9.86717e-19
6584.00022 -1.09345e-18
6586.00000 -3.07365e-18
6587.99978  2.04611e-18
6589.99955 -3.23413e-18
6592.00051  1.18560e-18
6594.00029 -5.19470e-18
6596.00006 -6.87503e-18
6597.99984 -2.85538e-18
6599.99962 -3.57574e-20
6602.00058 -5.51615e-18
6604.00035 -2.96577e-19
6606.00013 -2.87703e-18
6607.99990  1.04249e-18
6609.99968 -6.38014e-19
6611.99946 -1.61855e-18
6614.00042 -3.29909e-18
6616.00019 -3.47967e-18
6617.99997 -2.76027e-18
6619.99974 -3.94090e-18
6621.99952 -8.22155e-18
6624.00048 -8.10221e-18
6626.00026 -5.68291e-18
6628.00003 -2.16364e-18
6629.99981 -2.44439e-18
6631.99958 -4.72516e-18
6634.00054 -5.90595e-18
6636.00032 -4.28677e-18
6638.00010 -5.76761e-18
6639.99987 -2.64848e-18
6641.99965 -4.02937e-18
6643.99942 -2.41029e-18
6646.00038 -4.89122e-18
6648.00016 -3.97217e-18
6649.99994 -2.15316e-18
6651.99971  5.65835e-19
6653.99949  3.08480e-18
6656.00045 -7.96247e-19
6658.00022 -2.17733e-18
6660.00000 -1.55843e-18
6661.99978 -2.93955e-18
6663.99955 -2.72070e-18
6666.00051 -7.01853e-19
6668.00029 -2.08305e-18
6670.00006 -1.56426e-18
6671.99984  8.54501e-19
6673.99962 -2.02676e-18
6676.00058  8.91969e-19
6678.00035  1.81067e-18
6680.00013  1.52934e-18
6681.99990 -5.20065e-20
6683.99968  2.66623e-19
6685.99946 -2.61477e-18
6688.00042 -3.99617e-18
6690.00019 -8.77606e-19
6691.99997  1.34093e-18
6693.99974  1.15945e-18
6695.99952  6.77951e-19
6698.00048 -5.10356e-18
6700.00026  3.01490e-18
6702.00003  1.33332e-19
6703.99981 -3.44825e-18
6705.99958 -6.29865e-19
6708.00054 -3.21148e-18
6710.00032  1.60687e-18
6712.00010  2.12519e-18
6713.99987  9.14350e-18
6715.99965  3.06178e-18
6717.99942 -1.71995e-18
6720.00038  6.98306e-19
6722.00016  2.91653e-18
6723.99994  4.33474e-18
6725.99971 -3.34708e-18
6727.99949 -1.12892e-18
6730.00045 -7.10766e-19
6732.00022  5.07353e-19
6734.00000 -4.87454e-18
6735.99978 -3.56462e-19
6737.99955 -1.43841e-18
6740.00051 -5.72035e-18
6742.00029  2.19767e-18
6744.00006  6.61567e-18
6745.99984 -1.66349e-19
6747.99962 -3.04838e-18
6750.00058  4.86957e-18
6752.00035  4.88749e-18
6754.00013 -2.94609e-19
6755.99990  3.12327e-18
6757.99968  5.84114e-18
6759.99946  1.85898e-18
6762.00042  1.17681e-18
6764.00019 -7.05380e-19
6765.99997 -5.28760e-18
6767.99974 -1.76983e-18
6769.99952 -4.15208e-18
6772.00048  1.76566e-18
6774.00026  5.78337e-18
6776.00003 -5.98942e-19
6777.99981 -3.98127e-18
6779.99958  1.13638e-18
6782.00054 -1.45974e-19
6784.00032 -2.92836e-18
6786.00010 -7.10760e-19
6787.99987  3.10682e-18
6789.99965 -9.75620e-19
6791.99942 -4.95808e-18
6794.00038  3.59453e-19
6796.00016 -1.12304e-18
6797.99994  1.99445e-18
6799.99971 -1.28808e-18
6801.99949  7.29371e-19
6804.00045 -8.53187e-19
6806.00022 -5.35768e-19
6808.00000 -1.83700e-20
6809.99978  6.99007e-19
6811.99955 -1.98363e-18
6814.00051 -1.16628e-18
6816.00029 -2.14895e-18
6818.00006  1.56836e-18
6819.99984  8.85649e-19
6821.99962 -1.59707e-18
6824.00058 -1.37981e-18
6826.00035  4.37430e-19
6828.00013 -1.24534e-18
6829.99990 -2.62814e-18
6831.99968 -1.01095e-18
6833.99946  1.40622e-18
6836.00042 -3.17662e-18
6838.00019  3.94051e-18
6839.99997 -5.42366e-19
6841.99974 -5.82526e-18
6843.99952 -2.40818e-18
6846.00048 -9.10924e-20
6848.00026  5.25961e-19
6850.00003 -4.55701e-18
6851.99981 -1.13999e-18
6853.99958 -9.22988e-19
6856.00054  2.29401e-18
6858.00032  8.10981e-19
6860.00010  7.27939e-19
6861.99987  4.44868e-19
6863.99965 -6.73821e-18
6865.99942  1.87870e-18
6868.00038 -2.10441e-18
6870.00016 -1.78753e-18
6871.99994 -2.77066e-18
6873.99971 -5.75383e-18
6875.99949 -4.37006e-19
6878.00045  2.57981e-18
6880.00022  1.96611e-19
6882.00000 -1.38662e-18
6883.99978  3.33014e-18
6885.99955  1.54690e-18
6888.00051  2.96364e-18
6890.00029  1.28035e-18
6892.00006 -1.00295e-18
6893.99984 -1.48627e-18
6895.99962 -5.06959e-18
6898.00058  1.34707e-18
6900.00035  2.36371e-18
6902.00013  4.78033e-18
6903.99990 -1.03057e-19
6905.99968 -4.18647e-18
6907.99946 -1.56989e-18
6910.00042  1.04669e-18
6912.00019  4.16323e-18
6913.99997 -4.32023e-18
6915.99974 -2.80371e-18
6917.99952 -8.87204e-19
6920.00048 -7.70711e-19
6922.00026 -1.35423e-18
6924.00003 -2.37768e-19
6925.99981 -3.42133e-18
6927.99958 -1.70490e-18
6930.00054  2.61153e-18
6932.00032 -6.72068e-19
6934.00010  7.44324e-19
6935.99987 -6.39308e-19
6937.99965 -2.29493e-20
6939.99942 -4.06602e-19
6942.00038  9.73757e-21
6944.00016 -1.73943e-19
6945.99994  5.42359e-19
6947.99971 -7.41352e-19
6949.99949  2.47492e-18
6952.00045 -2.30881e-18
6954.00022 -1.92558e-19
6956.00000  2.42367e-18
6957.99978  6.39897e-19
6959.99955  1.85610e-18
6962.00051  1.67230e-18
6964.00029  1.98848e-18
6966.00006  2.80465e-18
6967.99984  5.62079e-18
6969.99962  2.03694e-18
6972.00058  2.65307e-18
6974.00035  2.69184e-19
6976.00013  1.85278e-19
6977.99990  3.00136e-18
6979.99968  3.17435e-19
6981.99946 -1.56650e-18
6984.00042 -8.50451e-19
6986.00019  2.16558e-18
6987.99997 -1.84031e-20
6989.99974 -4.00240e-18
6991.99952  4.61360e-18
6994.00048  7.12959e-18
6996.00026  2.24556e-18
6998.00003 -1.83849e-18
6999.99981 -2.02255e-18
7001.99958  1.69338e-18
7004.00054  2.50931e-18
7006.00032  1.42521e-18
7008.00010 -8.58905e-19
7009.99987  2.15698e-18
7011.99965 -6.27162e-19
7013.99942 -1.71131e-18
7016.00038 -2.09546e-18
7018.00016 -1.47962e-18
7019.99994 -2.46381e-18
7021.99971 -1.44800e-18
7023.99949  2.46778e-18
7026.00045 -2.16427e-19
7028.00022  2.69934e-18
7030.00000  1.71509e-18
7031.99978 -9.69165e-19
7033.99955 -3.85343e-18
7036.00051  2.62292e-19
7038.00029  1.97800e-18
7040.00006  1.39370e-18
7041.99984  4.09375e-19
7043.99962 -2.87495e-18
7046.00058  5.40718e-19
7048.00035 -8.43638e-19
7050.00013 -4.28000e-19
7051.99990 -5.41237e-18
7053.99968  2.03235e-19
7055.99946 -3.58117e-18
7058.00042  4.23443e-18
7060.00019  4.85001e-18
7061.99997  2.46558e-18
7063.99974  1.48113e-18
7065.99952 -1.80333e-18
7068.00048 -9.87789e-19
7070.00026 -4.72267e-19
7072.00003 -4.15676e-18
7073.99981  9.58739e-19
7075.99958  1.67422e-18
7078.00054  1.68971e-18
7080.00032 -1.99483e-18
7082.00010  2.52062e-18
7083.99987 -2.16394e-18
7085.99965 -1.04850e-18
7087.99942  1.76692e-18
7090.00038 -1.51767e-18
7092.00016 -3.02268e-19
7093.99994  2.71312e-18
7095.99971 -2.17151e-18
7097.99949  2.84386e-18
7100.00045  5.55922e-18
7102.00022 -6.25441e-19
7104.00000  1.18989e-18
7105.99978  4.00521e-18
7107.99955  3.52052e-18
7110.00051  8.35833e-19
7112.00029 -3.94888e-18
7114.00006  2.86640e-18
7115.99984  1.28167e-18
7117.99962 -1.30307e-18
7120.00058  5.81219e-18
7122.00035 -4.72581e-19
7124.00013 -1.05735e-18
7125.99990  7.57863e-19
7127.99968  1.47307e-18
7129.99946  2.08826e-18
7132.00042  1.20346e-18
7134.00019  1.86314e-20
7135.99997  1.03379e-18
7137.99974 -1.25105e-18
7139.99952  6.40933e-20
7142.00048  7.79237e-19
7144.00026 -1.00564e-18
7146.00003 -2.90522e-19
7147.99981  2.12458e-18
7149.99958  1.13967e-18
7152.00054  1.35476e-18
7154.00032 -3.83016e-18
7156.00010 -4.21510e-18
7157.99987  1.99995e-18
7159.99965  5.14996e-19
7161.99942  2.53003e-18
7164.00038 -1.15494e-18
7166.00016 -4.39915e-19
7167.99994  1.87508e-18
7169.99971 -6.09920e-19
7171.99949  1.80507e-18
7174.00045 -2.79948e-19
7176.00022  3.50162e-20
7178.00000  4.94997e-18
7179.99978 -1.35082e-19
7181.99955 -1.52014e-18
7184.00051  1.94791e-19
7186.00029 -4.89029e-18
7188.00006 -3.77539e-18
7189.99984  8.39519e-19
7191.99962 -2.84559e-18
7194.00058  7.69301e-19
7196.00035 -5.15830e-19
7198.00013  2.09903e-18
7199.99990 -2.88612e-18
7201.99968 -3.17128e-18
7203.99946 -6.15644e-18
7206.00042  1.45839e-18
7208.00019 -5.26792e-19
7209.99997  3.48802e-18
7211.99974 -1.19719e-18
7213.99952  8.17595e-19
7216.00048 -9.67613e-19
7218.00026 -2.55284e-18
7220.00003 -4.38081e-19
7221.99981  1.57667e-18
7223.99958 -1.90859e-18
7226.00054 -2.99385e-18
7228.00032 -5.79126e-19
7230.00010 -2.26441e-18
7231.99987 -1.94970e-18
7233.99965 -5.03500e-18
7235.99942  1.07968e-18
7238.00038  1.49437e-18
7240.00016 -4.89096e-18
7241.99994  2.42370e-18
7243.99971 -6.66164e-18
7245.99949 -4.04700e-18
7248.00045 -5.63235e-18
7250.00022 -3.71772e-18
7252.00000  1.59689e-18
7253.99978  3.11496e-19
7255.99955 -5.77390e-18
7258.00051 -1.75930e-18
7260.00029  2.35528e-18
7262.00006  3.86986e-18
7263.99984  9.84421e-19
7265.99962 -4.00101e-18
7268.00058 -8.86453e-19
7270.00035 -1.77192e-18
7272.00013 -3.05739e-18
7273.99990  5.85714e-18
7275.99968  4.47166e-18
7277.99946 -1.31384e-18
7280.00042 -7.39934e-18
7282.00019 -1.98485e-18
7283.99997 -3.67036e-18
7285.99974 -2.25589e-18
7287.99952 -4.64143e-18
7290.00048  1.57304e-18
7292.00026 -8.12513e-19
7294.00003 -1.89807e-18
7295.99981  3.11636e-18
7297.99958 -1.69221e-19
7300.00054  1.84520e-18
7302.00032 -5.34039e-18
7304.00010 -5.72600e-18
7305.99987 -3.71161e-18
7307.99965  2.02772e-19
7309.99942  5.17147e-19
7312.00038  1.93152e-18
7314.00016 -2.85412e-18
7315.99994 -3.83977e-18
7317.99971 -8.32544e-18
7319.99949 -1.24111e-17
7322.00045  1.03232e-19
7324.00022  1.01755e-18
7326.00000 -1.06814e-18
7327.99978 -6.95385e-18
7329.99955 -5.33955e-18
7332.00051 -1.92526e-18
7334.00029 -6.61099e-18
7336.00006  2.40328e-18
7337.99984  5.81754e-18
7339.99962  2.13180e-18
7342.00058 -2.35395e-18
7344.00035 -1.17397e-17
7346.00013 -3.22549e-18
7347.99990 -3.51127e-18
7349.99968  6.02939e-19
7351.99946 -1.08286e-18
7354.00042 -1.76865e-18
7356.00019 -4.35446e-18
7357.99997 -2.14028e-18
7359.99974 -6.26109e-19
7361.99952 -1.19511e-20
7364.00048  1.20222e-18
7366.00026 -1.08363e-18
7368.00003 -6.86949e-18
7369.99981 -2.85536e-18
7371.99958 -9.54123e-18
7374.00054 -5.92711e-18
7376.00032  2.68700e-18
7378.00010 -2.89890e-18
7379.99987  3.15195e-19
7381.99965  3.02928e-18
7383.99942  2.14336e-18
7386.00038 -1.42563e-19
7388.00016 -2.28494e-19
7389.99994 -3.41444e-18
7391.99971 -4.20039e-18
7393.99949 -4.28635e-18
7396.00045  2.22769e-18
7398.00022 -3.58295e-19
7400.00000  1.65572e-18
7401.99978  1.86973e-18
7403.99955 -7.91626e-18
7406.00051 -2.60226e-18
7408.00029 -6.18828e-18
7410.00006  2.56988e-20
7411.99984  1.13967e-18
7413.99962  3.53633e-19
7416.00058  1.66760e-18
7418.00035  3.38154e-18
7420.00013 -1.50452e-18
7421.99990 -1.19058e-18
7423.99968  2.23342e-19
7425.99946 -2.62742e-19
7428.00042 -8.48830e-19
7430.00019  2.66507e-18
7431.99997  1.37897e-18
7433.99974 -1.80715e-18
7435.99952 -1.59327e-18
7438.00048 -1.77939e-18
7440.00026 -8.66553e-18
7442.00003 -3.45167e-18
7443.99981 -4.37820e-19
7445.99958  1.76017e-19
7448.00054 -1.01412e-20
7450.00032 -2.96313e-19
7452.00010  3.31750e-18
7453.99987  1.13132e-18
7455.99965 -2.55489e-18
7457.99942  2.45891e-18
7460.00038 -2.27296e-19
7462.00016 -1.71351e-18
7463.99994  4.00263e-19
7465.99971  2.71402e-18
7467.99949 -3.72225e-19
7470.00045  6.04154e-18
7472.00022 -2.44720e-19
7474.00000  6.96901e-18
7475.99978  2.38274e-18
7477.99955  4.89646e-18
7480.00051  3.41018e-18
7482.00029 -1.47612e-18
7484.00006 -1.56242e-18
7485.99984  9.51261e-19
7487.99962  6.49469e-20
7490.00058 -2.72137e-18
7492.00035  1.89230e-18
7494.00013  4.40595e-18
7495.99990  1.61960e-18
7497.99968  9.33245e-19
7499.99946  5.04688e-18
7502.00042  3.76051e-18
7504.00019  1.67414e-18
7505.99997  3.18775e-18
7507.99974  7.50135e-18
7509.99952  4.21495e-18
7512.00048  3.62855e-18
7514.00026  2.64213e-18
7516.00003  4.55571e-18
7517.99981  4.06928e-18
7519.99958  4.78283e-18
7522.00054  2.89639e-18
7524.00032  9.40993e-18
7526.00010  1.52347e-18
7527.99987 -2.63000e-19
7529.99965  3.45052e-18
7531.99942  2.56403e-18
7534.00038  3.57755e-18
7536.00016  1.79105e-18
7537.99994  3.50454e-18
7539.99971  6.81802e-18
7541.99949  4.23150e-18
7544.00045  2.44497e-18
7546.00022 -1.84157e-18
7548.00000  5.07188e-18
7549.99978  4.98533e-18
7551.99955  7.19876e-18
7554.00051  8.51220e-18
7556.00029  7.52562e-18
7558.00006  7.43903e-18
7559.99984  7.65244e-18
7561.99962  5.36584e-18
7564.00058  6.07923e-18
7566.00035  6.29261e-18
7568.00013  8.10599e-18
7569.99990  9.41936e-18
7571.99968  7.73271e-18
7573.99946  3.14606e-18
7576.00042  6.25942e-18
7578.00019  6.47275e-18
7579.99997  4.28608e-18
7581.99974  8.39940e-18
7583.99952  6.11271e-18
7586.00048  4.82602e-18
7588.00026  4.63932e-18
7590.00003  6.05261e-18
7591.99981  6.46589e-18
7593.99958  1.15792e-17
7596.00054  1.92429e-19
7598.00032 -1.29432e-18
7600.00010  1.11189e-17
7601.99987  1.16322e-17
7603.99965  2.20454e-17
7605.99942  1.80586e-17
7608.00038  1.25718e-17
7610.00016  6.88506e-18
7611.99994  3.69827e-18
7613.99971  2.31146e-18
7615.99949  6.82464e-18
7618.00045  6.63782e-18
7620.00022  4.65099e-18
7622.00000  4.06415e-18
7623.99978  1.15773e-17
7625.99955  4.99045e-18
7628.00051  1.00359e-18
7630.00029  4.61672e-18
7632.00006  1.82984e-18
7633.99984  1.22429e-17
7635.99962  9.65605e-18
7638.00058  5.96916e-18
7640.00035  1.04822e-17
7642.00013  1.26953e-17
7643.99990  8.20839e-18
7645.99968  1.14215e-17
7647.99946  1.12345e-17
7650.00042  5.94755e-18
7652.00019  3.26059e-18
7653.99997  9.07362e-18
7655.99974  6.28664e-18
7657.99952  4.29965e-18
7660.00048  7.31267e-18
7662.00026  1.54257e-17
7664.00003  9.93865e-18
7665.99981  7.75162e-18
7667.99958  9.56459e-18
7670.00054  9.57756e-18
7672.00032  9.69051e-18
7674.00010  8.00345e-18
7675.99987  8.11639e-18
7677.99965  8.22932e-18
7679.99942  1.04422e-17
7682.00038  1.28552e-17
7684.00016  9.06806e-18
7685.99994  1.06810e-17
7687.99971  7.79384e-18
7689.99949  7.30671e-18
7692.00045  7.51958e-18
7694.00022  1.10324e-17
7696.00000  1.23453e-17
7697.99978  1.27581e-17
7699.99955  1.08710e-17
7702.00051  7.98379e-18
7704.00029  1.11966e-17
7706.00006  1.06094e-17
7707.99984  1.48222e-17
7709.99962  1.78350e-17
7712.00058  1.28478e-17
7714.00035  2.00605e-17
7716.00013  4.47331e-18
7717.99990  2.86062e-19
7719.99968 -2.80119e-18
7721.99946  4.01153e-18
7724.00042  1.58243e-17
7726.00019  1.28370e-17
7727.99997  7.84969e-18
7729.99974  4.86239e-18
7731.99952  9.77508e-18
7734.00048  5.98776e-18
7736.00026  1.42004e-17
7738.00003  8.21310e-18
7739.99981  9.12575e-18
7741.99958  1.47384e-17
7744.00054  1.29510e-17
7746.00032  2.32637e-17
7748.00010  2.06763e-17
7749.99987  1.71889e-17
7751.99965  1.21015e-17
7753.99942 -1.68595e-18
7756.00038  1.34266e-17
7758.00016  1.29392e-17
7759.99994  7.65177e-18
7761.99971  3.26432e-18
7763.99949  6.27685e-18
7766.00045  8.18939e-18
7768.00022  1.37019e-17
7770.00000  3.49144e-17
7771.99978  1.85269e-17
7773.99955  1.06394e-17
7776.00051  9.55190e-18
7778.00029  1.36644e-17
7780.00006  1.11768e-17
7781.99984  7.38928e-18
7783.99962  6.40173e-18
7786.00058  1.15142e-17
7788.00035  1.14266e-17
7790.00013  1.46390e-17
7791.99990  2.08514e-17
7793.99968  5.56379e-18
7795.99946 -3.02382e-18
7798.00042  4.18855e-18
7800.00019  1.05009e-17
7801.99997  9.01327e-18
7803.99974  1.30256e-17
7805.99952  1.34380e-17
7808.00048  1.07503e-17
7810.00026  3.26259e-18
7812.00003  6.07489e-18
7813.99981  8.18718e-18
7815.99958  1.55995e-17
7818.00054  2.72117e-17
7820.00032  1.44240e-17
7822.00010  7.23624e-18
7823.99987 -7.05152e-18
7825.99965  6.96072e-18
7827.99942  7.77294e-18
7830.00038  5.18515e-18
7832.00016  6.29735e-18
7833.99994  1.33095e-17
7835.99971  9.72172e-18
7837.99949  9.43388e-18
7840.00045  1.40460e-17
7842.00022  9.85818e-18
7844.00000  3.07032e-18
7845.99978  5.68244e-18
7847.99955  1.27945e-17
7850.00051  2.13067e-17
7852.00029  1.64187e-17
7854.00006  4.13082e-18
7855.99984  4.42892e-19
7857.99962  5.25495e-18
7860.00058  5.36700e-18
7862.00035  1.37904e-18
7864.00013  2.29106e-18
7865.99990  1.11031e-17
7867.99968  1.63151e-17
7869.99946  8.62707e-18
7872.00042  1.12391e-17
7874.00019  7.35102e-18
7875.99997  1.13630e-17
7877.99974  1.42749e-17
7879.99952  8.38685e-18
7882.00048  4.98790e-19
7884.00026  3.61070e-18
7886.00003  7.82260e-18
7887.99981  1.54345e-17
7889.99958  1.54464e-17
7892.00054 -2.14177e-18
7894.00032 -1.02992e-18
7896.00010  4.78192e-18
7897.99987  8.99375e-18
7899.99965  1.14056e-17
7901.99942  4.61737e-18
7904.00038  8.22917e-18
7906.00016  1.16410e-17
7907.99994  1.34527e-17
7909.99971  2.23645e-17
7911.99949  1.97762e-17
7914.00045  8.87972e-19
7916.00022 -2.50031e-18
7918.00000 -9.88597e-19
7919.99978  9.12310e-18
7921.99955  1.28348e-17
7924.00051  3.94646e-18
7926.00029  6.25812e-18
7928.00006  8.16977e-18
7929.99984  9.68140e-18
7931.99962  7.39303e-18
7934.00058  4.64876e-21
7936.00035  7.11625e-18
7938.00013  8.42784e-18
7939.99990  8.53941e-18
7941.99968  7.15097e-18
7943.99946  9.26251e-18
7946.00042  1.13740e-17
7948.00019  4.98558e-18
7949.99997  3.19708e-18
7951.99974  4.50858e-18
7953.99952  4.62006e-18
7956.00048  4.13155e-18
7958.00026  7.94300e-18
7960.00003  1.59544e-17
7961.99981  1.69659e-17
7963.99958  1.00773e-17
7966.00054  5.88708e-19
7968.00032 -8.99900e-19
7970.00010  3.81147e-18
7971.99987  7.12284e-18
7973.99965  4.73420e-18
7975.99942  8.04553e-18
7978.00038  8.65686e-18
7980.00016  8.76817e-18
7981.99994  1.07947e-18
7983.99971  3.39076e-18
7985.99949  7.90203e-18
7988.00045  7.01329e-18
7990.00022  1.76245e-17
7992.00000  1.56358e-17
7993.99978  9.94698e-18
7995.99955 -5.94183e-18
7998.00051 -4.33063e-18
8000.00029  8.98054e-18
8002.00006  6.19170e-18
8003.99984  7.30284e-18
8005.99962  7.91399e-18
8008.00058  8.12511e-18
8010.00035  1.06362e-17
8012.00013  8.34730e-18
8013.99990  7.45837e-18
8015.99968  6.86943e-18
8017.99946  6.18048e-18
8020.00042  1.04915e-17
8022.00019  1.51025e-17
8023.99997  1.47135e-17
8025.99974  8.82451e-18
8027.99952  2.23549e-18
8030.00048  4.64512e-20
8032.00026  8.35740e-18
8034.00003  7.76832e-18
8035.99981  1.12792e-17
8037.99958  8.89013e-18
8040.00054  6.50102e-18
8042.00032  5.11189e-18
8044.00010  7.32274e-18
8045.99987  8.63358e-18
8047.99965  8.74440e-18
8049.99942  8.35521e-18
8052.00038  5.46601e-18
8054.00016  9.67679e-18
8055.99994  7.88754e-18
8057.99971  1.01983e-17
8059.99949  1.31090e-17
8062.00045  1.06197e-17
8064.00022  2.23044e-18
8066.00000  5.34113e-18
8067.99978  2.75178e-18
8069.99955  9.66244e-18
8072.00051  4.67308e-18
8074.00029  8.58370e-18
8076.00006  4.39430e-18
8077.99984  4.90490e-18
8079.99962  7.21547e-18
8082.00058  1.11260e-17
8084.00035  5.83657e-18
8086.00013  1.04471e-17
8087.99990  6.35760e-18
8089.99968  7.66809e-18
8091.99946  8.77856e-18
8094.00042  7.58902e-18
8096.00019  4.79946e-18
8097.99997  6.20988e-18
8099.99974  1.00203e-17
8101.99952  1.08307e-17
8104.00048  7.24107e-18
8106.00026  3.85143e-18
8108.00003  5.61758e-19
8109.99981  5.87208e-18
8111.99958  5.28239e-18
8114.00054  7.19268e-18
8116.00032  6.40296e-18
8118.00010  7.91321e-18
8119.99987  6.82344e-18
8121.99965  6.23367e-18
8123.99942  3.04387e-18
8126.00038  9.25406e-18
8128.00016  1.09642e-17
8129.99994  9.17439e-18
8131.99971  6.78451e-18
8133.99949  7.79463e-18
8136.00045  8.30473e-18
8138.00022  7.31481e-18
8140.00000  2.92487e-18
8141.99978  1.03349e-17
8143.99955  8.14494e-18
8146.00051  6.25495e-18
8148.00029  7.66494e-18
8150.00006  8.97491e-18
8151.99984  6.08487e-18
8153.99962 -4.05203e-19
8156.00058  8.80473e-18
8158.00035  1.41462e-18
8160.00013  3.82450e-18
8161.99990  7.03436e-18
8163.99968  2.34420e-18
8165.99946  7.55402e-18
8168.00042  9.06384e-18
8170.00019  5.47362e-18
8171.99997  8.28339e-18
8173.99974  4.79314e-18
8175.99952  4.40286e-18
8178.00048  5.11258e-18
8180.00026  4.62227e-18
8182.00003  3.83195e-18
8183.99981  6.14160e-18
8185.99958  8.75123e-18
8188.00054  6.46084e-18
8190.00032  6.07044e-18
8192.00010  7.48002e-18
8193.99987  7.38957e-18
8195.99965  7.09911e-18
8197.99942  7.08626e-19
8200.00038  3.01812e-18
8202.00016  7.92760e-18
8203.99994  9.23705e-18
8205.99971  3.94649e-18
8207.99949  6.25591e-18
8210.00045  8.16531e-18
8212.00022  6.17469e-18
8214.00000  8.08404e-18
8215.99978  5.19338e-18
8217.99955  8.40269e-18
8220.00051  1.04120e-17
8222.00029  5.02126e-18
8224.00006  3.13052e-18
8225.99984  4.63974e-18
8227.99962  7.64896e-18
8230.00058  7.45816e-18
8232.00035  6.36733e-18
8234.00013  7.87647e-18
8235.99990  3.58560e-18
8237.99968  9.99471e-18
8239.99946  9.10379e-18
8242.00042  8.21287e-18
8244.00019  9.62190e-18
8245.99997  6.53093e-18
8247.99974  1.08399e-17
8249.99952  6.74891e-18
8252.00048  6.75787e-18
8254.00026  7.56680e-18
8256.00003  5.57571e-18
8257.99981  5.38461e-18
8259.99958  6.39347e-18
8262.00054  6.10233e-18
8264.00032  6.31115e-18
8266.00010  7.61995e-18
8267.99987  4.82874e-18
8269.99965  9.33750e-18
8271.99942  4.74624e-18
8274.00038  6.25495e-18
8276.00016  7.86365e-18
8277.99994  7.57231e-18
8279.99971  5.38097e-18
8281.99949  8.89580e-19
8284.00045  1.03982e-17
8286.00022  6.50677e-18
8288.00000  7.91532e-18
8289.99978 -5.47615e-18
8291.99955  2.63236e-18
8294.00051  2.31408e-17
8296.00029  1.02493e-17
8298.00006  4.57755e-19
8299.99984 -2.73383e-18
8301.99962 -4.22543e-18
8304.00058 -1.11706e-18
8306.00035  4.29129e-18
8308.00013  1.27996e-17
8309.99990  8.60790e-18
8311.99968  1.61617e-18
8313.99946  7.02443e-18
8316.00042  1.06327e-17
8318.00019  5.44086e-18
8319.99997  5.54903e-18
8321.99974  5.95719e-18
8323.99952  9.16531e-18
8326.00048  5.67342e-18
8328.00026  8.68151e-18
8330.00003  6.89561e-19
8331.99981  6.39759e-18
8333.99958  6.80560e-18
8336.00054  5.71358e-18
8338.00032  9.42154e-18
8340.00010  2.60295e-17
8341.99987  2.90374e-17
8343.99965 -1.95474e-18
8345.99942 -5.04688e-18
8348.00038 -8.43905e-18
8350.00016  1.34688e-17
8351.99994  1.57654e-18
8353.99971  1.38429e-18
8355.99949 -3.20798e-18
8358.00045  7.49973e-18
8360.00022  5.20740e-18
8362.00000  6.31506e-18
8363.99978  4.22679e-19
8365.99955 -1.86972e-18
8368.00051  5.37856e-19
8370.00029  5.84540e-18
8372.00006  6.85293e-18
8373.99984  6.26042e-18
8375.99962  7.26788e-18
8378.00058  8.57534e-18
8380.00035  1.60827e-17
8382.00013  5.99014e-18
8383.99990  7.09750e-18
8385.99968  3.00483e-18
8387.99946  7.41214e-18
8390.00042  5.61942e-18
8392.00019  1.35267e-17
8393.99997  1.19339e-17
8395.99974  9.84111e-18
8397.99952  1.09483e-17
8400.00048  1.15543e-18
8402.00026 -1.98375e-17
8404.00003 -1.36304e-17
8405.99981  4.37670e-18
8407.99958  6.48373e-18
8410.00054  5.59073e-18
8412.00032  6.49772e-18
8414.00010  5.80466e-18
8415.99987  6.71158e-18
8417.99965  1.71848e-18
8419.99942 -2.07466e-18
8422.00038  4.23218e-18
8424.00016  1.02390e-17
8425.99994  7.54577e-18
8427.99971  9.45252e-18
8429.99949  2.55925e-18
8432.00045 -6.53406e-18
8434.00022  1.72603e-19
8436.00000 -2.52077e-18
8437.99978  2.98584e-18
8439.99955  4.99242e-18
8442.00051  8.69897e-18
8444.00029  8.10549e-18
8446.00006  6.51197e-18
8447.99984  8.11843e-18
8449.99962  1.00249e-17
8452.00058  5.83127e-18
8454.00035  2.43763e-18
8456.00013  4.43984e-19
8457.99990  3.15029e-18
8459.99968  7.15656e-18
8461.99946  5.96281e-18
8464.00042  1.42690e-17
8466.00019  1.56752e-17
8467.99997  5.28138e-18
8469.99974 -5.12495e-19
8471.99952  6.39361e-18
8474.00048  2.89967e-18
8476.00026  3.10571e-18
8478.00003  4.31172e-18
8479.99981  1.71769e-18
8481.99958  4.32363e-18
8484.00054  5.52955e-18
8486.00032  5.83543e-18
8488.00010  6.14127e-18
8489.99987  8.74709e-18
8491.99965  7.75287e-18
8493.99942  4.55863e-18
8496.00038  3.56435e-18
8498.00016  3.87004e-18
8499.99994  1.12757e-17
8501.99971  9.68133e-18
8503.99949  3.98692e-18
8506.00045  4.59249e-18
8508.00022 -1.00199e-18
8510.00000  1.00350e-18
8511.99978  4.30897e-18
8513.99955  5.11440e-18
8516.00051  4.41981e-18
8518.00029  1.02517e-18
8520.00006  1.13050e-18
8521.99984  7.53580e-18
8523.99962  4.84107e-18
8526.00058  3.04630e-18
8528.00035  6.75150e-18
8530.00013  5.45667e-18
8531.99990  5.76180e-18
8533.99968  3.06690e-18
8535.99946  3.77197e-18
8538.00042  2.17700e-18
8540.00019  4.28199e-18
8541.99997  5.38697e-18
8543.99974  7.49189e-18
8545.99952  8.09678e-18
8548.00048  3.50165e-18
8550.00026  1.20648e-18
8552.00003  3.01127e-18
8553.99981  5.81602e-18
8555.99958  2.72075e-18
8558.00054  4.82544e-18
8560.00032  3.73009e-18
8562.00010  4.43471e-18
8563.99987  7.23929e-18
8565.99965  2.64384e-18
8567.99942  4.34835e-18
8570.00038  6.55283e-18
8572.00016  4.45728e-18
8573.99994  5.76167e-18
8575.99971  3.36605e-18
8577.99949  2.67038e-18
8580.00045  2.77468e-18
8582.00022  6.57894e-18
8584.00000  6.78317e-18
8585.99978  4.58735e-18
8587.99955 -5.08488e-19
8590.00051  3.29563e-18
8592.00029  4.49971e-18
8594.00006  5.10375e-18
8595.99984 -9.92243e-19
8597.99962  2.11173e-18
8600.00058  2.31566e-18
8602.00035  4.91956e-18
8604.00013  6.52342e-18
8605.99990  3.92724e-18
8607.99968  5.03102e-18
8609.99946  4.73476e-18
8612.00042  3.23848e-18
8614.00019  3.14215e-18
8615.99997  3.84579e-18
8617.99974  6.44939e-18
8619.99952  3.65294e-18
8622.00048  2.15647e-18
8624.00026  2.05994e-18
8626.00003  4.46338e-18
8627.99981  6.16679e-18
8629.99958  1.37016e-18
8632.00054  2.27349e-18
8634.00032  4.27677e-18
8636.00010  7.18002e-18
8637.99987  1.48323e-18
8639.99965  5.88640e-18
8641.99942  3.48953e-18
8644.00038  2.19263e-18
8646.00016  1.08957e-17
8647.99994  2.29870e-18
8649.99971  3.20167e-18
8651.99949  7.00461e-18
8654.00045 -4.79250e-18
8656.00022  1.01036e-18
8658.00000  2.81317e-18
8659.99978  7.41594e-18
8661.99955  2.51867e-18
8664.00051  8.21377e-19
8666.00029  8.22403e-18
8668.00006  6.42664e-18
8669.99984 -3.47079e-18
8671.99962  1.53174e-18
8674.00058  1.34235e-19
8676.00035  4.63668e-18
8678.00013  4.39091e-19
8679.99990 -2.65855e-18
8681.99968  2.04378e-18
8683.99946  5.64606e-18
8686.00042  5.64830e-18
8688.00019  5.65051e-18
8689.99997  3.85266e-18
8691.99974  2.75477e-18
8693.99952  3.25685e-18
8696.00048  1.45889e-18
8698.00026  6.76087e-18
8700.00003 -4.37172e-19
8701.99981 -3.35273e-19
8703.99958 -9.33407e-19
8706.00054  2.16840e-18
8708.00032  8.70191e-19
8710.00010  2.77191e-18
8711.99987  5.97361e-18
8713.99965  5.75254e-19
8715.99942  1.57686e-18
8718.00038  2.27842e-18
8720.00016  5.79936e-19
8721.99994  2.48142e-18
8723.99971  4.28284e-18
8725.99949  3.98422e-18
8728.00045  3.68557e-18
8730.00022  1.86863e-19
8732.00000  3.78811e-18
8733.99978  1.88932e-18
8735.99955  3.19049e-18
8738.00051  2.09161e-18
8740.00029  1.29268e-18
8742.00006  4.79371e-18
8743.99984  2.49469e-18
8745.99962 -1.50436e-18
8748.00058 -1.50347e-18
8750.00035  7.19737e-18
8752.00013  4.59819e-18
8753.99990  5.98935e-19
8755.99968  2.99654e-19
8757.99946  2.20032e-18
8760.00042 -2.39906e-18
8762.00019 -7.69849e-18
8763.99997 -9.89796e-18
8765.99974 -1.09748e-18
8767.99952 -5.59704e-18
8770.00048 -5.09666e-18
8772.00026 -9.63103e-20
8774.00003  8.40398e-18
8775.99981  3.10423e-18
8777.99958  3.20443e-18
8780.00054 -3.89541e-18
8782.00032 -6.69530e-18
8784.00010 -4.09524e-18
8785.99987 -1.29524e-18
8787.99965  7.20474e-18
8789.99942  5.20465e-18
8792.00038  4.51971e-21
8794.00016 -6.79565e-18
8795.99994  1.10412e-18
8797.99971  5.00384e-18
8799.99949  3.10352e-18
8802.00045  3.13998e-21
8804.00022  4.20273e-18
8806.00000 -2.49774e-18
8807.99978  2.30174e-18
8809.99955  3.40117e-18
8812.00051 -3.79944e-18
8814.00029  6.99891e-19
8816.00006  1.89917e-18
8817.99984 -8.01588e-19
8819.99962 -3.00240e-18
8822.00058  2.49673e-18
8824.00035 -2.90418e-18
8826.00013 -2.70514e-18
8827.99990 -1.22062e-17
8829.99968 -6.40722e-18
8831.99946  2.59167e-18
8834.00042  5.59050e-18
8836.00019 -1.49107e-17
8837.99997 -1.08120e-17
8839.99974 -7.41329e-18
8841.99952  9.85338e-19
8844.00048  1.18392e-18
8846.00026  2.98246e-18
8848.00003  3.78093e-18
8849.99981 -2.12063e-18
8851.99958 -1.82227e-18
8854.00054 -2.42394e-18
8856.00032  2.17433e-18
8858.00010  4.72552e-19
8859.99987  9.70720e-19
8861.99965 -4.31160e-19
8863.99942  5.46690e-18
8866.00038  2.26491e-18
8868.00016  2.16287e-18
8869.99994  1.26077e-18
8871.99971 -2.54138e-18
8873.99949  1.45643e-18
8876.00045  4.54165e-19
8878.00022  1.35186e-18
8880.00000  4.54951e-18
