3200.0 1.50589e-16
3202.0 1.60964e-16
3204.0 1.24946e-16
3206.0 1.15351e-16
3208.0 1.52398e-16
3210.0 1.55599e-16
3212.0 1.75901e-16
3214.0 1.56694e-16
3216.0 1.40492e-16
3218.0 1.30114e-16
3220.0 1.40669e-16
3222.0 1.07302e-16
3224.0 1.2271e-16
3226.0 1.25983e-16
3228.0 1.38233e-16
3230.0 1.29327e-16
3232.0 1.17304e-16
3234.0 1.27188e-16
3236.0 1.24912e-16
3238.0 1.4251e-16
3240.0 1.19153e-16
3242.0 1.28788e-16
3244.0 1.22463e-16
3246.0 1.14861e-16
3248.0 1.45341e-16
3250.0 1.55735e-16
3252.0 1.25471e-16
3254.0 1.33503e-16
3256.0 1.35758e-16
3258.0 1.32757e-16
3260.0 1.35728e-16
3262.0 1.56809e-16
3264.0 1.31575e-16
3266.0 1.53719e-16
3268.0 1.50869e-16
3270.0 1.54882e-16
3272.0 1.4188e-16
3274.0 1.44813e-16
3276.0 1.57532e-16
3278.0 1.49305e-16
3280.0 1.57757e-16
3282.0 1.44436e-16
3284.0 1.41373e-16
3286.0 1.44441e-16
3288.0 1.507e-16
3290.0 1.47032e-16
3292.0 1.58698e-16
3294.0 1.3319e-16
3296.0 1.38042e-16
3298.0 1.29846e-16
3300.0 1.38431e-16
3302.0 1.38377e-16
3304.0 1.25381e-16
3306.0 1.37503e-16
3308.0 1.31724e-16
3310.0 1.16501e-16
3312.0 1.4734e-16
3314.0 1.24731e-16
3316.0 1.32077e-16
3318.0 1.59165e-16
3320.0 1.57129e-16
3322.0 1.52362e-16
3324.0 1.4832e-16
3326.0 1.47371e-16
3328.0 1.31527e-16
3330.0 1.58782e-16
3332.0 1.44559e-16
3334.0 1.42148e-16
3336.0 1.41241e-16
3338.0 1.45787e-16
3340.0 1.45847e-16
3342.0 1.31195e-16
3344.0 1.40968e-16
3346.0 1.36049e-16
3348.0 1.3778e-16
3350.0 1.39884e-16
3352.0 1.66151e-16
3354.0 1.54861e-16
3356.0 1.61209e-16
3358.0 1.39625e-16
3360.0 1.6203e-16
3362.0 1.61898e-16
3364.0 1.41343e-16
3366.0 1.28783e-16
3368.0 1.47613e-16
3370.0 1.38951e-16
3372.0 1.35577e-16
3374.0 1.41562e-16
3376.0 1.36574e-16
3378.0 1.33153e-16
3380.0 1.38168e-16
3382.0 1.37644e-16
3384.0 1.41858e-16
3386.0 1.50458e-16
3388.0 1.36562e-16
3390.0 1.45699e-16
3392.0 1.52641e-16
3394.0 1.41963e-16
3396.0 1.51583e-16
3398.0 1.53783e-16
3400.0 1.45415e-16
3402.0 1.5193e-16
3404.0 1.50146e-16
3406.0 1.462e-16
3408.0 1.31235e-16
3410.0 1.41735e-16
3412.0 1.36845e-16
3414.0 1.39064e-16
3416.0 1.37743e-16
3418.0 1.58576e-16
3420.0 1.41977e-16
3422.0 1.46237e-16
3424.0 1.51345e-16
3426.0 1.47375e-16
3428.0 1.49637e-16
3430.0 1.47666e-16
3432.0 1.63467e-16
3434.0 1.43843e-16
3436.0 1.51551e-16
3438.0 1.44911e-16
3440.0 1.63219e-16
3442.0 1.47349e-16
3444.0 1.41629e-16
3446.0 1.48249e-16
3448.0 1.36896e-16
3450.0 1.52475e-16
3452.0 1.38729e-16
3454.0 1.30633e-16
3456.0 1.393e-16
3458.0 1.37811e-16
3460.0 1.47938e-16
3462.0 1.5111e-16
3464.0 1.42849e-16
3466.0 1.371e-16
3468.0 1.37966e-16
3470.0 1.45738e-16
3472.0 1.38295e-16
3474.0 1.44601e-16
3476.0 1.49681e-16
3478.0 1.43098e-16
3480.0 1.43062e-16
3482.0 1.37654e-16
3484.0 1.51516e-16
3486.0 1.48726e-16
3488.0 1.47783e-16
3490.0 1.33668e-16
3492.0 1.39185e-16
3494.0 1.34213e-16
3496.0 1.25526e-16
3498.0 1.34689e-16
3500.0 1.49093e-16
3502.0 1.34511e-16
3504.0 1.27691e-16
3506.0 1.30695e-16
3508.0 1.4306e-16
3510.0 1.36638e-16
3512.0 1.34491e-16
3514.0 1.35053e-16
3516.0 1.31282e-16
3518.0 1.38417e-16
3520.0 1.32865e-16
3522.0 1.3399e-16
3524.0 1.43098e-16
3526.0 1.3477e-16
3528.0 1.33757e-16
3530.0 1.34874e-16
3532.0 1.37055e-16
3534.0 1.29053e-16
3536.0 1.27943e-16
3538.0 1.3721e-16
3540.0 1.31295e-16
3542.0 1.31787e-16
3544.0 1.37601e-16
3546.0 1.29804e-16
3548.0 1.23478e-16
3550.0 1.32984e-16
3552.0 1.31755e-16
3554.0 1.21866e-16
3556.0 1.26937e-16
3558.0 1.27318e-16
3560.0 1.43201e-16
3562.0 1.38467e-16
3564.0 1.37975e-16
3566.0 1.34698e-16
3568.0 1.31751e-16
3570.0 1.32274e-16
3572.0 1.28651e-16
3574.0 1.25806e-16
3576.0 1.37164e-16
3578.0 1.33897e-16
3580.0 1.25189e-16
3582.0 1.27948e-16
3584.0 1.2318e-16
3586.0 1.25509e-16
3588.0 1.39452e-16
3590.0 1.32035e-16
3592.0 1.22216e-16
3594.0 1.36435e-16
3596.0 1.317e-16
3598.0 1.30658e-16
3600.0 1.27966e-16
3602.0 1.31369e-16
3604.0 1.40652e-16
3606.0 1.38067e-16
3608.0 1.45789e-16
3610.0 1.45194e-16
3612.0 1.3897e-16
3614.0 1.30964e-16
3616.0 1.30397e-16
3618.0 1.33123e-16
3620.0 1.34464e-16
3622.0 1.38957e-16
3624.0 1.35562e-16
3626.0 1.34386e-16
3628.0 1.3241e-16
3630.0 1.35162e-16
3632.0 1.36423e-16
3634.0 1.42495e-16
3636.0 1.32711e-16
3638.0 1.34524e-16
3640.0 1.44325e-16
3642.0 1.32427e-16
3644.0 1.37146e-16
3646.0 1.39097e-16
3648.0 1.41189e-16
3650.0 1.43704e-16
3652.0 1.36925e-16
3654.0 1.30647e-16
3656.0 1.38114e-16
3658.0 1.3845e-16
3660.0 1.27564e-16
3662.0 1.37759e-16
3664.0 1.37567e-16
3666.0 1.23892e-16
3668.0 1.27608e-16
3670.0 1.31851e-16
3672.0 1.32272e-16
3674.0 1.20399e-16
3676.0 1.29873e-16
3678.0 1.30929e-16
3680.0 1.23594e-16
3682.0 1.2459e-16
3684.0 1.3621e-16
3686.0 1.34365e-16
3688.0 1.31009e-16
3690.0 1.19882e-16
3692.0 1.35428e-16
3694.0 1.25586e-16
3696.0 1.29375e-16
3698.0 1.28667e-16
3700.0 1.26727e-16
3702.0 1.3352e-16
3704.0 1.2117e-16
3706.0 1.2718e-16
3708.0 1.23869e-16
3710.0 1.22551e-16
3712.0 1.21256e-16
3714.0 1.21396e-16
3716.0 1.27017e-16
3718.0 1.20961e-16
3720.0 1.27541e-16
3722.0 1.26216e-16
3724.0 1.30396e-16
3726.0 1.18516e-16
3728.0 1.26151e-16
3730.0 1.18823e-16
3732.0 1.31284e-16
3734.0 1.25358e-16
3736.0 1.2906e-16
3738.0 1.27241e-16
3740.0 1.2072e-16
3742.0 1.26574e-16
3744.0 1.30019e-16
3746.0 1.21838e-16
3748.0 1.23342e-16
3750.0 1.24644e-16
3752.0 1.16984e-16
3754.0 1.30213e-16
3756.0 1.27206e-16
3758.0 1.27718e-16
3760.0 1.31385e-16
3762.0 1.31379e-16
3764.0 1.26214e-16
3766.0 1.23209e-16
3768.0 1.2242e-16
3770.0 1.235e-16
3772.0 1.2775e-16
3774.0 1.26823e-16
3776.0 1.30828e-16
3778.0 1.31933e-16
3780.0 1.34177e-16
3782.0 1.34488e-16
3784.0 1.23709e-16
3786.0 1.30508e-16
3788.0 1.26854e-16
3790.0 1.23636e-16
3792.0 1.28094e-16
3794.0 1.28227e-16
3796.0 1.28955e-16
3798.0 1.28668e-16
3800.0 1.28185e-16
3802.0 1.31829e-16
3804.0 1.21208e-16
3806.0 1.24951e-16
3808.0 1.34015e-16
3810.0 1.33064e-16
3812.0 1.37589e-16
3814.0 1.32306e-16
3816.0 1.30809e-16
3818.0 1.27062e-16
3820.0 1.31266e-16
3822.0 1.16706e-16
3824.0 1.28563e-16
3826.0 1.29249e-16
3828.0 1.26781e-16
3830.0 1.2906e-16
3832.0 1.26873e-16
3834.0 1.28028e-16
3836.0 1.1856e-16
3838.0 1.30613e-16
3840.0 1.24805e-16
3842.0 1.17926e-16
3844.0 1.22678e-16
3846.0 1.19604e-16
3848.0 1.32966e-16
3850.0 1.22576e-16
3852.0 1.17686e-16
3854.0 1.21992e-16
3856.0 1.25244e-16
3858.0 1.22378e-16
3860.0 1.16506e-16
3862.0 1.21417e-16
3864.0 1.20462e-16
3866.0 1.22129e-16
3868.0 1.21411e-16
3870.0 1.11971e-16
3872.0 1.18609e-16
3874.0 1.16651e-16
3876.0 1.09933e-16
3878.0 1.11625e-16
3880.0 1.22371e-16
3882.0 1.23016e-16
3884.0 1.14506e-16
3886.0 1.18707e-16
3888.0 1.20872e-16
3890.0 1.19887e-16
3892.0 1.22291e-16
3894.0 1.15541e-16
3896.0 1.15085e-16
3898.0 1.18289e-16
3900.0 1.22533e-16
3902.0 1.18465e-16
3904.0 1.24823e-16
3906.0 1.23356e-16
3908.0 1.16279e-16
3910.0 1.20815e-16
3912.0 1.16185e-16
3914.0 1.15695e-16
3916.0 1.08368e-16
3918.0 1.14324e-16
3920.0 1.09708e-16
3922.0 1.233e-16
3924.0 1.14459e-16
3926.0 1.20158e-16
3928.0 1.1684e-16
3930.0 1.15599e-16
3932.0 1.18332e-16
3934.0 1.15171e-16
3936.0 1.14439e-16
3938.0 1.16077e-16
3940.0 1.20329e-16
3942.0 1.20134e-16
3944.0 1.1916e-16
3946.0 1.20657e-16
3948.0 1.18453e-16
3950.0 1.14568e-16
3952.0 1.24117e-16
3954.0 1.10123e-16
3956.0 1.19954e-16
3958.0 1.13315e-16
3960.0 1.1392e-16
3962.0 1.21015e-16
3964.0 1.10666e-16
3966.0 1.13314e-16
3968.0 1.09498e-16
3970.0 1.15672e-16
3972.0 1.14964e-16
3974.0 1.16367e-16
3976.0 1.16917e-16
3978.0 1.13182e-16
3980.0 1.10774e-16
3982.0 1.11847e-16
3984.0 1.11135e-16
3986.0 1.12731e-16
3988.0 1.11094e-16
3990.0 1.08814e-16
3992.0 1.16163e-16
3994.0 1.15477e-16
3996.0 1.10299e-16
3998.0 1.12914e-16
4000.0 1.113e-16
4002.0 1.17122e-16
4004.0 1.14762e-16
4006.0 1.1204e-16
4008.0 1.2003e-16
4010.0 1.12745e-16
4012.0 1.09536e-16
4014.0 1.08998e-16
4016.0 1.09871e-16
4018.0 1.15425e-16
4020.0 1.06913e-16
4022.0 1.13662e-16
4024.0 1.09559e-16
4026.0 1.08213e-16
4028.0 1.13225e-16
4030.0 1.09737e-16
4032.0 1.10301e-16
4034.0 1.08313e-16
4036.0 1.07124e-16
4038.0 1.08779e-16
4040.0 1.06629e-16
4042.0 1.07897e-16
4044.0 1.02981e-16
4046.0 1.07375e-16
4048.0 1.09216e-16
4050.0 1.13821e-16
4052.0 1.05496e-16
4054.0 1.02169e-16
4056.0 1.06305e-16
4058.0 1.04289e-16
4060.0 1.0742e-16
4062.0 1.05194e-16
4064.0 1.07067e-16
4066.0 1.05723e-16
4068.0 1.06896e-16
4070.0 1.10675e-16
4072.0 1.09516e-16
4074.0 1.05261e-16
4076.0 1.07244e-16
4078.0 1.05729e-16
4080.0 1.02959e-16
4082.0 1.03933e-16
4084.0 1.08102e-16
4086.0 1.0598e-16
4088.0 1.12058e-16
4090.0 1.0834e-16
4092.0 1.04901e-16
4094.0 1.08041e-16
4096.0 1.04056e-16
4098.0 1.02426e-16
4100.0 1.05555e-16
4102.0 1.05735e-16
4104.0 1.08247e-16
4106.0 1.06257e-16
4108.0 1.04513e-16
4110.0 1.04502e-16
4112.0 1.05145e-16
4114.0 1.06962e-16
4116.0 9.99702e-17
4118.0 9.96002e-17
4120.0 1.02291e-16
4122.0 1.06112e-16
4124.0 1.05223e-16
4126.0 1.01671e-16
4128.0 1.03176e-16
4130.0 1.06538e-16
4132.0 1.05194e-16
4134.0 1.04106e-16
4136.0 1.0183e-16
4138.0 1.00413e-16
4140.0 1.06056e-16
4142.0 1.09106e-16
4144.0 1.10166e-16
4146.0 1.03624e-16
4148.0 1.02645e-16
4150.0 1.05803e-16
4152.0 1.06066e-16
4154.0 1.08488e-16
4156.0 1.04661e-16
4158.0 1.05392e-16
4160.0 1.00749e-16
4162.0 1.04506e-16
4164.0 1.0369e-16
4166.0 1.0047e-16
4168.0 1.01719e-16
4170.0 9.80891e-17
4172.0 1.03283e-16
4174.0 1.03599e-16
4176.0 1.05208e-16
4178.0 1.01207e-16
4180.0 1.02114e-16
4182.0 1.02855e-16
4184.0 1.06367e-16
4186.0 1.01406e-16
4188.0 1.05416e-16
4190.0 1.05161e-16
4192.0 1.0483e-16
4194.0 1.0339e-16
4196.0 1.02794e-16
4198.0 1.07213e-16
4200.0 1.07094e-16
4202.0 1.04576e-16
4204.0 1.03853e-16
4206.0 1.04484e-16
4208.0 1.03202e-16
4210.0 1.03175e-16
4212.0 1.01537e-16
4214.0 1.04651e-16
4216.0 9.58563e-17
4218.0 1.06389e-16
4220.0 1.05115e-16
4222.0 1.00419e-16
4224.0 9.89934e-17
4226.0 9.7103e-17
4228.0 9.60896e-17
4230.0 9.85405e-17
4232.0 9.49118e-17
4234.0 9.70628e-17
4236.0 9.52415e-17
4238.0 9.45087e-17
4240.0 9.90175e-17
4242.0 9.24398e-17
4244.0 1.00902e-16
4246.0 9.89865e-17
4248.0 9.22428e-17
4250.0 9.24323e-17
4252.0 9.20488e-17
4254.0 9.61867e-17
4256.0 9.65505e-17
4258.0 9.69679e-17
4260.0 9.70695e-17
4262.0 9.68621e-17
4264.0 1.00476e-16
4266.0 9.71529e-17
4268.0 9.80004e-17
4270.0 9.69832e-17
4272.0 9.5856e-17
4274.0 9.66345e-17
4276.0 1.0274e-16
4278.0 9.58839e-17
4280.0 9.77671e-17
4282.0 9.62162e-17
4284.0 9.33625e-17
4286.0 9.52352e-17
4288.0 9.86481e-17
4290.0 1.01312e-16
4292.0 9.57686e-17
4294.0 1.00547e-16
4296.0 9.75601e-17
4298.0 9.85249e-17
4300.0 9.83157e-17
4302.0 9.35857e-17
4304.0 9.0117e-17
4306.0 9.53354e-17
4308.0 9.33523e-17
4310.0 9.27741e-17
4312.0 9.58297e-17
4314.0 9.49995e-17
4316.0 9.77846e-17
4318.0 9.92334e-17
4320.0 9.41714e-17
4322.0 9.69439e-17
4324.0 9.66924e-17
4326.0 9.68207e-17
4328.0 1.01521e-16
4330.0 9.8993e-17
4332.0 1.00764e-16
4334.0 9.7149e-17
4336.0 9.88449e-17
4338.0 1.00657e-16
4340.0 9.2203e-17
4342.0 1.02995e-16
4344.0 9.84593e-17
4346.0 9.6676e-17
4348.0 9.93791e-17
4350.0 9.73495e-17
4352.0 9.39332e-17
4354.0 9.67168e-17
4356.0 9.6856e-17
4358.0 9.34396e-17
4360.0 9.56959e-17
4362.0 9.52584e-17
4364.0 9.85038e-17
4366.0 9.57819e-17
4368.0 1.00253e-16
4370.0 9.46871e-17
4372.0 9.58068e-17
4374.0 9.57749e-17
4376.0 9.72119e-17
4378.0 9.59126e-17
4380.0 9.69926e-17
4382.0 9.55625e-17
4384.0 9.3173e-17
4386.0 9.48374e-17
4388.0 9.69583e-17
4390.0 9.12172e-17
4392.0 9.0219e-17
4394.0 9.12092e-17
4396.0 9.30614e-17
4398.0 9.11827e-17
4400.0 9.31607e-17
4402.0 9.28285e-17
4404.0 9.28455e-17
4406.0 8.93754e-17
4408.0 9.32373e-17
4410.0 8.60001e-17
4412.0 8.98551e-17
4414.0 9.30462e-17
4416.0 9.78548e-17
4418.0 9.91523e-17
4420.0 9.18031e-17
4422.0 8.70842e-17
4424.0 8.59513e-17
4426.0 8.57257e-17
4428.0 9.08216e-17
4430.0 9.41724e-17
4432.0 9.01003e-17
4434.0 9.05342e-17
4436.0 8.78547e-17
4438.0 8.849e-17
4440.0 9.01029e-17
4442.0 8.82795e-17
4444.0 9.04255e-17
4446.0 8.91311e-17
4448.0 9.56615e-17
4450.0 9.02587e-17
4452.0 9.10406e-17
4454.0 9.20653e-17
4456.0 9.21067e-17
4458.0 9.2098e-17
4460.0 9.51411e-17
4462.0 9.12086e-17
4464.0 8.587e-17
4466.0 8.90002e-17
4468.0 8.94021e-17
4470.0 9.35508e-17
4472.0 9.29043e-17
4474.0 8.93692e-17
4476.0 9.65845e-17
4478.0 9.83833e-17
4480.0 9.98088e-17
4482.0 9.90489e-17
4484.0 9.72489e-17
4486.0 9.64177e-17
4488.0 9.54002e-17
4490.0 9.40693e-17
4492.0 8.75201e-17
4494.0 8.95995e-17
4496.0 8.54595e-17
4498.0 8.31125e-17
4500.0 8.44584e-17
4502.0 9.03947e-17
4504.0 8.99043e-17
4506.0 9.2512e-17
4508.0 9.94652e-17
4510.0 1.02092e-16
4512.0 9.5842e-17
4514.0 9.41441e-17
4516.0 9.04449e-17
4518.0 9.81735e-17
4520.0 9.34108e-17
4522.0 9.3153e-17
4524.0 9.08987e-17
4526.0 8.48942e-17
4528.0 8.67199e-17
4530.0 8.87566e-17
4532.0 8.92105e-17
4534.0 8.80699e-17
4536.0 8.66336e-17
4538.0 8.3203e-17
4540.0 8.40763e-17
4542.0 8.15637e-17
4544.0 7.97782e-17
4546.0 8.42699e-17
4548.0 8.60207e-17
4550.0 8.92948e-17
4552.0 9.15154e-17
4554.0 8.96892e-17
4556.0 8.86364e-17
4558.0 9.14302e-17
4560.0 9.28782e-17
4562.0 9.09296e-17
4564.0 9.00698e-17
4566.0 9.24483e-17
4568.0 9.06124e-17
4570.0 9.23153e-17
4572.0 8.59195e-17
4574.0 9.04514e-17
4576.0 9.19679e-17
4578.0 9.16564e-17
4580.0 9.90089e-17
4582.0 9.25312e-17
4584.0 8.95549e-17
4586.0 9.29788e-17
4588.0 9.06029e-17
4590.0 8.89584e-17
4592.0 8.83345e-17
4594.0 8.98466e-17
4596.0 9.44257e-17
4598.0 8.65172e-17
4600.0 8.47241e-17
4602.0 7.86016e-17
4604.0 8.10367e-17
4606.0 8.08353e-17
4608.0 7.82625e-17
4610.0 8.16932e-17
4612.0 8.94e-17
4614.0 9.14666e-17
4616.0 9.02979e-17
4618.0 8.72684e-17
4620.0 8.99896e-17
4622.0 8.80555e-17
4624.0 8.69389e-17
4626.0 9.02479e-17
4628.0 8.84876e-17
4630.0 9.0537e-17
4632.0 9.23557e-17
4634.0 9.22822e-17
4636.0 8.68526e-17
4638.0 9.30231e-17
4640.0 8.99084e-17
4642.0 8.82855e-17
4644.0 8.87545e-17
4646.0 9.15694e-17
4648.0 9.37088e-17
4650.0 8.93764e-17
4652.0 8.41901e-17
4654.0 7.74153e-17
4656.0 7.82412e-17
4658.0 7.2956e-17
4660.0 7.28875e-17
4662.0 7.7267e-17
4664.0 7.50166e-17
4666.0 8.03145e-17
4668.0 8.36106e-17
4670.0 8.38477e-17
4672.0 8.52332e-17
4674.0 8.66083e-17
4676.0 8.80988e-17
4678.0 8.67332e-17
4680.0 9.0476e-17
4682.0 9.21352e-17
4684.0 8.42575e-17
4686.0 8.50637e-17
4688.0 8.63441e-17
4690.0 8.85698e-17
4692.0 8.806e-17
4694.0 7.82172e-17
4696.0 7.44204e-17
4698.0 7.5006e-17
4700.0 6.82524e-17
4702.0 6.91903e-17
4704.0 7.15368e-17
4706.0 7.31757e-17
4708.0 7.76597e-17
4710.0 7.93072e-17
4712.0 8.5365e-17
4714.0 8.33394e-17
4716.0 8.5311e-17
4718.0 8.49924e-17
4720.0 8.48818e-17
4722.0 9.04727e-17
4724.0 8.86407e-17
4726.0 8.73703e-17
4728.0 9.01375e-17
4730.0 8.90484e-17
4732.0 8.61274e-17
4734.0 8.77068e-17
4736.0 9.0482e-17
4738.0 9.11727e-17
4740.0 9.22582e-17
4742.0 9.00275e-17
4744.0 8.50521e-17
4746.0 8.76014e-17
4748.0 8.57711e-17
4750.0 9.20944e-17
4752.0 9.23261e-17
4754.0 9.56013e-17
4756.0 9.032e-17
4758.0 9.00712e-17
4760.0 9.09172e-17
4762.0 9.35834e-17
4764.0 9.13006e-17
4766.0 9.52322e-17
4768.0 9.06704e-17
4770.0 9.40829e-17
4772.0 9.43696e-17
4774.0 9.29106e-17
4776.0 8.88721e-17
4778.0 8.71696e-17
4780.0 9.47729e-17
4782.0 9.25956e-17
4784.0 9.16475e-17
4786.0 9.42366e-17
4788.0 9.0808e-17
4790.0 8.62922e-17
4792.0 8.92394e-17
4794.0 8.83885e-17
4796.0 8.59117e-17
4798.0 8.67093e-17
4800.0 8.99432e-17
4802.0 9.02583e-17
4804.0 9.05736e-17
4806.0 9.1125e-17
4808.0 8.92819e-17
4810.0 8.83019e-17
4812.0 9.21138e-17
4814.0 9.06781e-17
4816.0 9.40258e-17
4818.0 9.27428e-17
4820.0 9.13647e-17
4822.0 8.91958e-17
4824.0 8.82128e-17
4826.0 9.00033e-17
4828.0 8.76661e-17
4830.0 8.72546e-17
4832.0 8.69392e-17
4834.0 9.55249e-17
4836.0 9.49954e-17
4838.0 8.90367e-17
4840.0 8.56475e-17
4842.0 8.99025e-17
4844.0 9.07822e-17
4846.0 9.10566e-17
4848.0 8.91354e-17
4850.0 8.76409e-17
4852.0 8.60789e-17
4854.0 8.40823e-17
4856.0 7.96208e-17
4858.0 7.88165e-17
4860.0 7.70835e-17
4862.0 8.62637e-17
4864.0 8.21395e-17
4866.0 8.74026e-17
4868.0 8.35607e-17
4870.0 8.56258e-17
4872.0 8.35217e-17
4874.0 8.84601e-17
4876.0 8.6785e-17
4878.0 8.76499e-17
4880.0 8.79788e-17
4882.0 8.8974e-17
4884.0 8.66166e-17
4886.0 8.83045e-17
4888.0 8.93359e-17
4890.0 8.40679e-17
4892.0 8.4102e-17
4894.0 8.19112e-17
4896.0 8.6927e-17
4898.0 8.64751e-17
4900.0 8.77448e-17
4902.0 9.01377e-17
4904.0 8.78251e-17
4906.0 8.76981e-17
4908.0 8.35692e-17
4910.0 8.55691e-17
4912.0 8.82004e-17
4914.0 8.94958e-17
4916.0 8.66208e-17
4918.0 8.4545e-17
4920.0 8.21992e-17
4922.0 8.21264e-17
4924.0 8.66123e-17
4926.0 8.17855e-17
4928.0 8.99609e-17
4930.0 8.83162e-17
4932.0 8.45377e-17
4934.0 8.3674e-17
4936.0 8.23078e-17
4938.0 8.63406e-17
4940.0 8.09498e-17
4942.0 8.27903e-17
4944.0 8.18084e-17
4946.0 8.30336e-17
4948.0 7.89098e-17
4950.0 7.93844e-17
4952.0 8.1294e-17
4954.0 8.40131e-17
4956.0 8.47709e-17
4958.0 8.47455e-17
4960.0 8.34433e-17
4962.0 8.68896e-17
4964.0 8.71479e-17
4966.0 8.14621e-17
4968.0 8.66379e-17
4970.0 8.09337e-17
4972.0 8.15071e-17
4974.0 8.25775e-17
4976.0 8.08488e-17
4978.0 8.24134e-17
4980.0 8.4596e-17
4982.0 8.21684e-17
4984.0 8.88117e-17
4986.0 8.37591e-17
4988.0 8.08924e-17
4990.0 8.25921e-17
4992.0 8.49875e-17
4994.0 7.87996e-17
4996.0 8.4475e-17
4998.0 8.27571e-17
5000.0 8.38686e-17
5002.0 8.69389e-17
5004.0 7.92355e-17
5006.0 8.07702e-17
5008.0 7.86073e-17
5010.0 8.19938e-17
5012.0 7.93698e-17
5014.0 8.40578e-17
5016.0 8.10294e-17
5018.0 8.25894e-17
5020.0 8.31115e-17
5022.0 8.27446e-17
5024.0 8.61212e-17
5026.0 8.51395e-17
5028.0 8.56706e-17
5030.0 8.20168e-17
5032.0 8.10289e-17
5034.0 8.12372e-17
5036.0 8.2155e-17
5038.0 8.20675e-17
5040.0 8.32614e-17
5042.0 8.45688e-17
5044.0 8.01413e-17
5046.0 8.09299e-17
5048.0 8.06056e-17
5050.0 8.07966e-17
5052.0 8.34357e-17
5054.0 8.52939e-17
5056.0 8.33855e-17
5058.0 8.20193e-17
5060.0 8.16952e-17
5062.0 7.80868e-17
5064.0 8.05769e-17
5066.0 8.25401e-17
5068.0 8.34009e-17
5070.0 8.4959e-17
5072.0 8.47361e-17
5074.0 8.13642e-17
5076.0 8.25784e-17
5078.0 8.34731e-17
5080.0 8.15026e-17
5082.0 8.14638e-17
5084.0 7.71561e-17
5086.0 8.24952e-17
5088.0 8.21311e-17
5090.0 8.17168e-17
5092.0 7.57287e-17
5094.0 7.38634e-17
5096.0 7.99243e-17
5098.0 7.80748e-17
5100.0 7.83205e-17
5102.0 7.51466e-17
5104.0 7.69891e-17
5106.0 7.77507e-17
5108.0 8.05088e-17
5110.0 8.46611e-17
5112.0 8.50692e-17
5114.0 7.6679e-17
5116.0 8.43845e-17
5118.0 8.32761e-17
5120.0 8.33784e-17
5122.0 7.94649e-17
5124.0 7.57503e-17
5126.0 7.95641e-17
5128.0 8.03654e-17
5130.0 8.24644e-17
5132.0 8.00232e-17
5134.0 7.9279e-17
5136.0 7.7704e-17
5138.0 7.37208e-17
5140.0 7.26253e-17
5142.0 7.18521e-17
5144.0 7.57304e-17
5146.0 7.79477e-17
5148.0 7.92711e-17
5150.0 7.95524e-17
5152.0 7.96642e-17
5154.0 8.04047e-17
5156.0 8.08732e-17
5158.0 8.19114e-17
5160.0 8.51165e-17
5162.0 8.38582e-17
5164.0 8.10096e-17
5166.0 8.43831e-17
5168.0 8.65714e-17
5170.0 8.33471e-17
5172.0 8.33115e-17
5174.0 8.39917e-17
5176.0 8.41125e-17
5178.0 8.44114e-17
5180.0 8.29538e-17
5182.0 7.97942e-17
5184.0 7.99112e-17
5186.0 8.31477e-17
5188.0 8.99788e-17
5190.0 8.59616e-17
5192.0 8.12894e-17
5194.0 7.87262e-17
5196.0 7.93169e-17
5198.0 8.22215e-17
5200.0 8.01688e-17
5202.0 8.53579e-17
5204.0 8.25085e-17
5206.0 8.59442e-17
5208.0 8.7123e-17
5210.0 8.07941e-17
5212.0 8.05963e-17
5214.0 8.32864e-17
5216.0 8.29204e-17
5218.0 8.25447e-17
5220.0 8.08275e-17
5222.0 8.3301e-17
5224.0 8.36855e-17
5226.0 8.4814e-17
5228.0 7.92698e-17
5230.0 8.36638e-17
5232.0 8.58338e-17
5234.0 7.8484e-17
5236.0 8.2397e-17
5238.0 8.18575e-17
5240.0 8.3387e-17
5242.0 8.13419e-17
5244.0 8.46839e-17
5246.0 8.09587e-17
5248.0 8.15219e-17
5250.0 7.9002e-17
5252.0 8.4938e-17
5254.0 8.05235e-17
5256.0 8.79398e-17
5258.0 8.21686e-17
5260.0 8.10703e-17
5262.0 8.65371e-17
5264.0 7.85007e-17
5266.0 7.8177e-17
5268.0 8.70955e-17
5270.0 8.74191e-17
5272.0 8.38956e-17
5274.0 7.77272e-17
5276.0 8.08951e-17
5278.0 8.01008e-17
5280.0 7.68812e-17
5282.0 8.46673e-17
5284.0 7.83951e-17
5286.0 7.83896e-17
5288.0 7.74923e-17
5290.0 7.97078e-17
5292.0 7.76359e-17
5294.0 8.33153e-17
5296.0 8.38926e-17
5298.0 8.1803e-17
5300.0 8.43535e-17
5302.0 7.95858e-17
5304.0 8.72507e-17
5306.0 8.16976e-17
5308.0 7.89473e-17
5310.0 7.85917e-17
5312.0 8.34299e-17
5314.0 8.66895e-17
5316.0 7.59208e-17
5318.0 8.38816e-17
5320.0 8.39312e-17
5322.0 8.25071e-17
5324.0 7.57882e-17
5326.0 8.31015e-17
5328.0 7.76909e-17
5330.0 8.17448e-17
5332.0 7.88481e-17
5334.0 8.28439e-17
5336.0 8.61458e-17
5338.0 8.22633e-17
5340.0 7.92466e-17
5342.0 7.84022e-17
5344.0 7.7181e-17
5346.0 8.04875e-17
5348.0 8.52926e-17
5350.0 8.12193e-17
5352.0 8.34329e-17
5354.0 7.63799e-17
5356.0 8.01666e-17
5358.0 8.27508e-17
5360.0 7.87159e-17
5362.0 7.71443e-17
5364.0 7.80127e-17
5366.0 7.75535e-17
5368.0 7.51955e-17
5370.0 7.75479e-17
5372.0 7.58294e-17
5374.0 8.22322e-17
5376.0 8.27969e-17
5378.0 8.4557e-17
5380.0 7.30345e-17
5382.0 7.92801e-17
5384.0 8.3929e-17
5386.0 8.12741e-17
5388.0 7.81193e-17
5390.0 8.11007e-17
5392.0 7.64567e-17
5394.0 7.71788e-17
5396.0 8.13246e-17
5398.0 7.98338e-17
5400.0 8.27767e-17
5402.0 8.77557e-17
5404.0 8.45797e-17
5406.0 8.24434e-17
5408.0 7.87586e-17
5410.0 8.44178e-17
5412.0 9.08026e-17
5414.0 8.29235e-17
5416.0 7.86713e-17
5418.0 8.51319e-17
5420.0 8.26353e-17
5422.0 7.80784e-17
5424.0 8.03747e-17
5426.0 8.11328e-17
5428.0 8.21532e-17
5430.0 8.32078e-17
5432.0 7.89507e-17
5434.0 7.94181e-17
5436.0 8.33352e-17
5438.0 8.17238e-17
5440.0 8.09257e-17
5442.0 8.218e-17
5444.0 7.93005e-17
5446.0 7.93342e-17
5448.0 7.85393e-17
5450.0 8.25592e-17
5452.0 8.33202e-17
5454.0 8.25087e-17
5456.0 8.30964e-17
5458.0 8.25361e-17
5460.0 8.1168e-17
5462.0 8.7047e-17
5464.0 8.21117e-17
5466.0 8.31049e-17
5468.0 8.22977e-17
5470.0 8.51035e-17
5472.0 7.76922e-17
5474.0 8.43769e-17
5476.0 8.20063e-17
5478.0 8.49932e-17
5480.0 8.16272e-17
5482.0 8.08027e-17
5484.0 8.20846e-17
5486.0 8.75327e-17
5488.0 7.58548e-17
5490.0 8.20589e-17
5492.0 7.94005e-17
5494.0 8.32035e-17
5496.0 8.44942e-17
5498.0 8.33913e-17
5500.0 8.37023e-17
5502.0 8.13776e-17
5504.0 7.86871e-17
5506.0 7.63222e-17
5508.0 8.24122e-17
5510.0 8.97265e-17
5512.0 7.9643e-17
5514.0 7.8135e-17
5516.0 8.03007e-17
5518.0 8.42849e-17
5520.0 8.88806e-17
5522.0 8.56986e-17
5524.0 8.31529e-17
5526.0 8.19063e-17
5528.0 8.34285e-17
5530.0 8.0046e-17
5532.0 8.87805e-17
5534.0 7.88111e-17
5536.0 8.37501e-17
5538.0 8.47774e-17
5540.0 8.06695e-17
5542.0 8.45963e-17
5544.0 8.14872e-17
5546.0 8.44225e-17
5548.0 8.55145e-17
5550.0 8.23314e-17
5552.0 8.91346e-17
5554.0 8.44622e-17
5556.0 7.93415e-17
5558.0 8.62346e-17
5560.0 8.8675e-17
5562.0 8.46222e-17
5564.0 8.40527e-17
5566.0 7.89465e-17
5568.0 8.05786e-17
5570.0 8.6635e-17
5572.0 8.9128e-17
5574.0 9.23897e-17
5576.0 1.03743e-16
5578.0 1.00345e-16
5580.0 9.89187e-17
5582.0 9.70221e-17
5584.0 8.91872e-17
5586.0 9.19732e-17
5588.0 8.28378e-17
5590.0 8.67444e-17
5592.0 9.03935e-17
5594.0 9.67646e-17
5596.0 8.93749e-17
5598.0 9.62269e-17
5600.0 9.29868e-17
5602.0 9.45089e-17
5604.0 9.5519e-17
5606.0 9.40307e-17
5608.0 8.65495e-17
5610.0 8.99734e-17
5612.0 9.18274e-17
5614.0 9.48052e-17
5616.0 8.94259e-17
5618.0 9.04341e-17
5620.0 9.22293e-17
5622.0 9.24836e-17
5624.0 9.26036e-17
5626.0 9.29326e-17
5628.0 8.80548e-17
5630.0 9.11805e-17
5632.0 8.92327e-17
5634.0 8.98721e-17
5636.0 9.21653e-17
5638.0 8.49181e-17
5640.0 9.01863e-17
5642.0 8.64262e-17
5644.0 8.80971e-17
5646.0 9.18949e-17
5648.0 8.4447e-17
5650.0 8.76365e-17
5652.0 8.59225e-17
5654.0 9.14984e-17
5656.0 8.91721e-17
5658.0 8.90325e-17
5660.0 8.64926e-17
5662.0 8.10408e-17
5664.0 8.35748e-17
5666.0 8.49694e-17
5668.0 9.20189e-17
5670.0 8.53013e-17
5672.0 8.64065e-17
5674.0 8.37766e-17
5676.0 9.05687e-17
5678.0 8.21257e-17
5680.0 8.91652e-17
5682.0 8.69851e-17
5684.0 8.5827e-17
5686.0 8.39214e-17
5688.0 8.65389e-17
5690.0 8.67041e-17
5692.0 8.03661e-17
5694.0 8.62417e-17
5696.0 8.79127e-17
5698.0 8.07836e-17
5700.0 8.90327e-17
5702.0 8.23237e-17
5704.0 9.09332e-17
5706.0 8.7879e-17
5708.0 8.68328e-17
5710.0 8.9093e-17
5712.0 9.0281e-17
5714.0 9.03904e-17
5716.0 8.76934e-17
5718.0 8.78447e-17
5720.0 8.4567e-17
5722.0 8.7452e-17
5724.0 8.59956e-17
5726.0 9.15543e-17
5728.0 9.10012e-17
5730.0 9.3902e-17
5732.0 9.13523e-17
5734.0 9.32616e-17
5736.0 9.0256e-17
5738.0 9.30057e-17
5740.0 9.15516e-17
5742.0 8.75457e-17
5744.0 8.67078e-17
5746.0 9.02241e-17
5748.0 8.77818e-17
5750.0 8.63393e-17
5752.0 8.59785e-17
5754.0 7.57413e-17
5756.0 7.96932e-17
5758.0 7.67644e-17
5760.0 7.95241e-17
5762.0 8.71166e-17
5764.0 8.23636e-17
5766.0 8.5768e-17
5768.0 8.22264e-17
5770.0 8.90226e-17
5772.0 8.68152e-17
5774.0 9.10091e-17
5776.0 8.68771e-17
5778.0 8.69047e-17
5780.0 8.97808e-17
5782.0 8.97887e-17
5784.0 8.6913e-17
5786.0 8.81599e-17
5788.0 8.96465e-17
5790.0 8.68571e-17
5792.0 8.8388e-17
5794.0 9.57276e-17
5796.0 8.88016e-17
5798.0 8.89215e-17
5800.0 9.5397e-17
5802.0 9.51809e-17
5804.0 9.06154e-17
5806.0 9.45719e-17
5808.0 9.16758e-17
5810.0 9.45525e-17
5812.0 9.37819e-17
5814.0 9.14756e-17
5816.0 9.11738e-17
5818.0 9.24298e-17
5820.0 9.58044e-17
5822.0 9.67412e-17
5824.0 8.99851e-17
5826.0 8.94323e-17
5828.0 8.51215e-17
5830.0 9.1309e-17
5832.0 9.32779e-17
5834.0 9.02721e-17
5836.0 9.08116e-17
5838.0 9.84407e-17
5840.0 9.54331e-17
5842.0 9.53849e-17
5844.0 8.64055e-17
5846.0 8.86967e-17
5848.0 9.51616e-17
5850.0 8.92536e-17
5852.0 9.07805e-17
5854.0 9.19461e-17
5856.0 9.121e-17
5858.0 9.29415e-17
5860.0 9.6996e-17
5862.0 8.85615e-17
5864.0 8.82387e-17
5866.0 9.12165e-17
5868.0 8.38769e-17
5870.0 8.50813e-17
5872.0 9.13616e-17
5874.0 8.91647e-17
5876.0 9.16579e-17
5878.0 8.90358e-17
5880.0 8.76589e-17
5882.0 8.93537e-17
5884.0 8.50745e-17
5886.0 8.73622e-17
5888.0 8.71814e-17
5890.0 8.76039e-17
5892.0 9.25263e-17
5894.0 8.73671e-17
5896.0 8.86388e-17
5898.0 8.14866e-17
5900.0 8.2589e-17
5902.0 7.91973e-17
5904.0 8.69571e-17
5906.0 8.58565e-17
5908.0 8.20361e-17
5910.0 8.95337e-17
5912.0 8.56262e-17
5914.0 8.55007e-17
5916.0 8.41601e-17
5918.0 8.69407e-17
5920.0 8.07541e-17
5922.0 8.25212e-17
5924.0 8.64992e-17
5926.0 8.31265e-17
5928.0 8.45776e-17
5930.0 8.51103e-17
5932.0 8.43829e-17
5934.0 8.0024e-17
5936.0 7.8803e-17
5938.0 7.63063e-17
5940.0 7.10233e-17
5942.0 7.94099e-17
5944.0 8.39879e-17
5946.0 8.29386e-17
5948.0 8.21435e-17
5950.0 8.3607e-17
5952.0 8.95036e-17
5954.0 8.42592e-17
5956.0 8.16601e-17
5958.0 8.13349e-17
5960.0 7.84443e-17
5962.0 8.56566e-17
5964.0 8.15215e-17
5966.0 7.99418e-17
5968.0 7.57333e-17
5970.0 7.62131e-17
5972.0 8.27755e-17
5974.0 8.10696e-17
5976.0 8.14287e-17
5978.0 8.29535e-17
5980.0 8.05937e-17
5982.0 8.44646e-17
5984.0 7.92833e-17
5986.0 8.24134e-17
5988.0 8.44162e-17
5990.0 7.9915e-17
5992.0 8.31987e-17
5994.0 8.4458e-17
5996.0 8.03887e-17
5998.0 8.01299e-17
6000.0 7.6999e-17
6002.0 7.9667e-17
6004.0 8.01411e-17
6006.0 8.20007e-17
6008.0 8.14239e-17
6010.0 8.22539e-17
6012.0 7.83159e-17
6014.0 8.52134e-17
6016.0 7.94052e-17
6018.0 8.0895e-17
6020.0 8.11377e-17
6022.0 7.8669e-17
6024.0 8.05677e-17
6026.0 8.16248e-17
6028.0 8.14121e-17
6030.0 8.20469e-17
6032.0 8.34318e-17
6034.0 7.91802e-17
6036.0 7.58462e-17
6038.0 7.77246e-17
6040.0 7.50166e-17
6042.0 7.9294e-17
6044.0 7.79216e-17
6046.0 8.01871e-17
6048.0 8.1502e-17
6050.0 8.11905e-17
6052.0 8.02659e-17
6054.0 7.88492e-17
6056.0 8.11138e-17
6058.0 8.07395e-17
6060.0 8.15708e-17
6062.0 8.18457e-17
6064.0 7.85979e-17
6066.0 7.4842e-17
6068.0 7.82056e-17
6070.0 7.85092e-17
6072.0 7.76483e-17
6074.0 7.32481e-17
6076.0 7.89447e-17
6078.0 7.83068e-17
6080.0 7.97368e-17
6082.0 8.07253e-17
6084.0 7.78418e-17
6086.0 7.70098e-17
6088.0 7.89655e-17
6090.0 7.27075e-17
6092.0 7.89178e-17
6094.0 7.58528e-17
6096.0 7.9064e-17
6098.0 7.67727e-17
6100.0 7.61771e-17
6102.0 7.4131e-17
6104.0 7.81885e-17
6106.0 7.74388e-17
6108.0 7.98673e-17
6110.0 7.91497e-17
6112.0 8.01215e-17
6114.0 7.36873e-17
6116.0 7.23338e-17
6118.0 7.04516e-17
6120.0 6.69997e-17
6122.0 6.87695e-17
6124.0 7.35337e-17
6126.0 7.0232e-17
6128.0 7.43143e-17
6130.0 7.84893e-17
6132.0 7.69428e-17
6134.0 7.27799e-17
6136.0 7.20759e-17
6138.0 7.75314e-17
6140.0 7.60424e-17
6142.0 7.57828e-17
6144.0 7.18838e-17
6146.0 7.30948e-17
6148.0 7.42435e-17
6150.0 6.6178e-17
6152.0 7.43017e-17
6154.0 8.01921e-17
6156.0 7.13646e-17
6158.0 7.6535e-17
6160.0 7.66483e-17
6162.0 7.57426e-17
6164.0 7.12334e-17
6166.0 7.21639e-17
6168.0 6.56611e-17
6170.0 6.80991e-17
6172.0 7.35652e-17
6174.0 7.49425e-17
6176.0 7.17304e-17
6178.0 6.7564e-17
6180.0 7.06204e-17
6182.0 7.88788e-17
6184.0 7.53205e-17
6186.0 7.43419e-17
6188.0 7.52026e-17
6190.0 6.81751e-17
6192.0 7.14573e-17
6194.0 7.48585e-17
6196.0 6.99467e-17
6198.0 7.39886e-17
6200.0 6.99145e-17
6202.0 6.9858e-17
6204.0 7.46987e-17
6206.0 7.58205e-17
6208.0 7.37159e-17
6210.0 7.86285e-17
6212.0 7.42907e-17
6214.0 7.78035e-17
6216.0 7.7919e-17
6218.0 7.09279e-17
6220.0 7.42047e-17
6222.0 7.26816e-17
6224.0 7.49148e-17
6226.0 7.96484e-17
6228.0 7.45842e-17
6230.0 7.40262e-17
6232.0 7.00893e-17
6234.0 7.1163e-17
6236.0 6.87451e-17
6238.0 6.80338e-17
6240.0 6.53054e-17
6242.0 6.843e-17
6244.0 7.41415e-17
6246.0 7.26603e-17
6248.0 7.20901e-17
6250.0 7.30651e-17
6252.0 7.31849e-17
6254.0 7.90143e-17
6256.0 7.06776e-17
6258.0 7.72413e-17
6260.0 7.88979e-17
6262.0 7.92697e-17
6264.0 7.59544e-17
6266.0 7.60003e-17
6268.0 7.45156e-17
6270.0 7.14e-17
6272.0 7.54554e-17
6274.0 7.37538e-17
6276.0 7.03828e-17
6278.0 7.26026e-17
6280.0 7.58438e-17
6282.0 7.34622e-17
6284.0 7.45818e-17
6286.0 7.68587e-17
6288.0 7.39911e-17
6290.0 7.78945e-17
6292.0 7.31846e-17
6294.0 7.34261e-17
6296.0 7.42139e-17
6298.0 7.7223e-17
6300.0 8.11953e-17
6302.0 8.11605e-17
6304.0 7.13961e-17
6306.0 6.84384e-17
6308.0 6.89409e-17
6310.0 6.77126e-17
6312.0 6.98378e-17
6314.0 7.07627e-17
6316.0 7.36652e-17
6318.0 7.04041e-17
6320.0 7.02595e-17
6322.0 6.84971e-17
6324.0 7.36367e-17
6326.0 7.27307e-17
6328.0 7.41312e-17
6330.0 7.40626e-17
6332.0 7.27295e-17
6334.0 7.42575e-17
6336.0 7.11046e-17
6338.0 7.3147e-17
6340.0 7.48896e-17
6342.0 7.66191e-17
6344.0 7.86361e-17
6346.0 8.00595e-17
6348.0 7.48054e-17
6350.0 7.43991e-17
6352.0 7.32089e-17
6354.0 7.57408e-17
6356.0 7.46558e-17
6358.0 7.20569e-17
6360.0 7.28792e-17
6362.0 7.70427e-17
6364.0 7.42823e-17
6366.0 7.22955e-17
6368.0 7.62417e-17
6370.0 7.2774e-17
6372.0 7.03125e-17
6374.0 7.42428e-17
6376.0 7.85785e-17
6378.0 7.32839e-17
6380.0 7.03186e-17
6382.0 7.00664e-17
6384.0 7.87098e-17
6386.0 7.75666e-17
6388.0 7.75145e-17
6390.0 7.08919e-17
6392.0 7.1397e-17
6394.0 7.69463e-17
6396.0 6.8006e-17
6398.0 6.63704e-17
6400.0 6.85897e-17
6402.0 7.00679e-17
6404.0 6.88289e-17
6406.0 7.22179e-17
6408.0 7.02262e-17
6410.0 7.05959e-17
6412.0 7.15392e-17
6414.0 7.48405e-17
6416.0 7.52963e-17
6418.0 7.5402e-17
6420.0 7.42684e-17
6422.0 7.59978e-17
6424.0 8.00544e-17
6426.0 7.34765e-17
6428.0 7.85157e-17
6430.0 7.38586e-17
6432.0 7.13903e-17
6434.0 7.03194e-17
6436.0 7.30385e-17
6438.0 7.60692e-17
6440.0 7.5648e-17
6442.0 7.62294e-17
6444.0 7.57499e-17
6446.0 7.35467e-17
6448.0 7.33569e-17
6450.0 6.84941e-17
6452.0 7.4438e-17
6454.0 7.31883e-17
6456.0 7.47023e-17
6458.0 7.14731e-17
6460.0 7.27859e-17
6462.0 7.23283e-17
6464.0 7.51207e-17
6466.0 7.06826e-17
6468.0 7.3297e-17
6470.0 7.39292e-17
6472.0 7.41722e-17
6474.0 7.37798e-17
6476.0 7.23856e-17
6478.0 7.24042e-17
6480.0 6.92834e-17
6482.0 7.20421e-17
6484.0 7.22641e-17
6486.0 6.85715e-17
6488.0 7.34683e-17
6490.0 6.85898e-17
6492.0 6.74817e-17
6494.0 7.26586e-17
6496.0 7.35499e-17
6498.0 7.2262e-17
6500.0 7.20036e-17
6502.0 7.29777e-17
6504.0 7.08539e-17
6506.0 7.27984e-17
6508.0 6.80914e-17
6510.0 7.0863e-17
6512.0 7.4748e-17
6514.0 7.2008e-17
6516.0 7.26756e-17
6518.0 7.22375e-17
6520.0 6.94912e-17
6522.0 7.32772e-17
6524.0 6.81635e-17
6526.0 6.85112e-17
6528.0 6.8746e-17
6530.0 6.80191e-17
6532.0 7.44664e-17
6534.0 6.78284e-17
6536.0 6.84366e-17
6538.0 7.12718e-17
6540.0 7.10341e-17
6542.0 7.03012e-17
6544.0 7.0139e-17
6546.0 6.98705e-17
6548.0 6.79263e-17
6550.0 7.03334e-17
6552.0 7.36431e-17
6554.0 7.23307e-17
6556.0 7.18198e-17
6558.0 7.08935e-17
6560.0 7.24227e-17
6562.0 6.93287e-17
6564.0 7.45872e-17
6566.0 6.96655e-17
6568.0 6.62492e-17
6570.0 6.83494e-17
6572.0 7.21431e-17
6574.0 7.19856e-17
6576.0 7.20237e-17
6578.0 7.32316e-17
6580.0 7.42761e-17
6582.0 6.89511e-17
6584.0 6.76192e-17
6586.0 6.83441e-17
6588.0 7.00454e-17
6590.0 7.05713e-17
6592.0 6.87603e-17
6594.0 7.20723e-17
6596.0 6.93059e-17
6598.0 7.18703e-17
6600.0 7.19232e-17
6602.0 7.11089e-17
6604.0 7.1615e-17
6606.0 6.62058e-17
6608.0 6.74856e-17
6610.0 6.82477e-17
6612.0 7.05321e-17
6614.0 6.83544e-17
6616.0 6.62462e-17
6618.0 6.5613e-17
6620.0 6.85999e-17
6622.0 7.14698e-17
6624.0 6.89866e-17
6626.0 6.88802e-17
6628.0 7.26505e-17
6630.0 7.15744e-17
6632.0 6.47708e-17
6634.0 6.81509e-17
6636.0 7.15781e-17
6638.0 7.35997e-17
6640.0 7.30098e-17
6642.0 7.26558e-17
6644.0 7.30745e-17
6646.0 7.04807e-17
6648.0 6.67599e-17
6650.0 6.95762e-17
6652.0 6.91051e-17
6654.0 6.91916e-17
6656.0 6.92428e-17
6658.0 6.76497e-17
6660.0 6.70096e-17
6662.0 6.85154e-17
6664.0 7.38084e-17
6666.0 7.41935e-17
6668.0 7.21704e-17
6670.0 7.32358e-17
6672.0 7.18036e-17
6674.0 7.03108e-17
6676.0 7.17385e-17
6678.0 7.21048e-17
6680.0 6.31856e-17
6682.0 6.89478e-17
6684.0 6.90442e-17
6686.0 7.16141e-17
6688.0 7.01742e-17
6690.0 7.3561e-17
6692.0 6.72356e-17
6694.0 6.67965e-17
6696.0 7.25272e-17
6698.0 6.39148e-17
6700.0 6.74058e-17
6702.0 6.98348e-17
6704.0 7.01069e-17
6706.0 7.00075e-17
6708.0 7.14163e-17
6710.0 6.89362e-17
6712.0 7.10851e-17
6714.0 7.15523e-17
6716.0 7.23522e-17
6718.0 7.34657e-17
6720.0 7.24775e-17
6722.0 7.63907e-17
6724.0 7.35245e-17
6726.0 7.47679e-17
6728.0 7.34206e-17
6730.0 6.9591e-17
6732.0 6.96016e-17
6734.0 7.2771e-17
6736.0 7.58753e-17
6738.0 7.04175e-17
6740.0 6.94323e-17
6742.0 7.26357e-17
6744.0 6.9628e-17
6746.0 6.95338e-17
6748.0 7.16101e-17
6750.0 7.04501e-17
6752.0 7.04812e-17
6754.0 7.02175e-17
6756.0 7.1452e-17
6758.0 7.13923e-17
6760.0 6.65425e-17
6762.0 6.99952e-17
6764.0 6.72445e-17
6766.0 7.41015e-17
6768.0 7.30463e-17
6770.0 7.56974e-17
6772.0 7.6483e-17
6774.0 7.22959e-17
6776.0 7.00386e-17
6778.0 7.62834e-17
6780.0 7.56528e-17
6782.0 7.18473e-17
6784.0 7.17915e-17
6786.0 6.86311e-17
6788.0 7.27341e-17
6790.0 7.32574e-17
6792.0 7.44473e-17
6794.0 7.36316e-17
6796.0 6.97471e-17
6798.0 7.25398e-17
6800.0 6.84808e-17
6802.0 7.34656e-17
6804.0 7.31713e-17
6806.0 6.94596e-17
6808.0 7.39402e-17
6810.0 7.12624e-17
6812.0 7.10777e-17
6814.0 7.30413e-17
6816.0 7.17861e-17
6818.0 7.24512e-17
6820.0 7.02402e-17
6822.0 7.35837e-17
6824.0 7.06031e-17
6826.0 7.15582e-17
6828.0 6.89864e-17
6830.0 7.22674e-17
6832.0 7.15101e-17
6834.0 7.13969e-17
6836.0 7.38158e-17
6838.0 7.24718e-17
6840.0 7.5497e-17
6842.0 7.00874e-17
6844.0 7.27257e-17
6846.0 7.06425e-17
6848.0 7.31987e-17
6850.0 7.39647e-17
6852.0 7.27502e-17
6854.0 7.22106e-17
6856.0 6.95128e-17
6858.0 6.76192e-17
6860.0 7.02661e-17
6862.0 6.52229e-17
6864.0 7.49483e-17
6866.0 7.30169e-17
6868.0 6.39728e-17
6870.0 6.75499e-17
6872.0 7.02425e-17
6874.0 7.37151e-17
6876.0 7.3807e-17
6878.0 7.49723e-17
6880.0 7.25341e-17
6882.0 7.57346e-17
6884.0 7.41551e-17
6886.0 6.85182e-17
6888.0 7.04007e-17
6890.0 7.27628e-17
6892.0 7.26178e-17
6894.0 7.23575e-17
6896.0 7.172e-17
6898.0 7.2158e-17
6900.0 7.38048e-17
6902.0 7.38821e-17
6904.0 7.29976e-17
6906.0 7.48107e-17
6908.0 7.34103e-17
6910.0 7.2406e-17
6912.0 7.09817e-17
6914.0 7.11287e-17
6916.0 7.32862e-17
6918.0 7.19186e-17
6920.0 7.07205e-17
6922.0 7.39003e-17
6924.0 7.4795e-17
6926.0 6.9769e-17
6928.0 7.19789e-17
6930.0 6.97998e-17
6932.0 6.88752e-17
6934.0 7.17366e-17
6936.0 7.13987e-17
6938.0 7.11514e-17
6940.0 7.30212e-17
6942.0 7.44341e-17
6944.0 7.08637e-17
6946.0 7.46295e-17
6948.0 7.18237e-17
6950.0 6.87087e-17
6952.0 6.69159e-17
6954.0 6.86161e-17
6956.0 7.08418e-17
6958.0 6.95261e-17
6960.0 6.92043e-17
6962.0 7.16511e-17
6964.0 7.39401e-17
6966.0 7.17221e-17
6968.0 6.94041e-17
6970.0 7.00834e-17
6972.0 6.93572e-17
6974.0 6.89723e-17
6976.0 6.50771e-17
6978.0 6.99315e-17
6980.0 6.5791e-17
6982.0 7.12836e-17
6984.0 7.06695e-17
6986.0 6.84065e-17
6988.0 6.9661e-17
6990.0 7.08849e-17
6992.0 6.62979e-17
6994.0 7.05372e-17
6996.0 6.91371e-17
6998.0 6.92676e-17
7000.0 7.10304e-17
7002.0 6.87804e-17
7004.0 7.25556e-17
7006.0 7.1379e-17
7008.0 6.79728e-17
7010.0 6.91391e-17
7012.0 7.26343e-17
7014.0 6.82941e-17
7016.0 7.22839e-17
7018.0 7.24228e-17
7020.0 6.94414e-17
7022.0 7.03658e-17
7024.0 7.05577e-17
7026.0 7.12884e-17
7028.0 7.10311e-17
7030.0 6.99695e-17
7032.0 7.15384e-17
7034.0 7.28953e-17
7036.0 7.32275e-17
7038.0 7.09568e-17
7040.0 7.39548e-17
7042.0 6.92223e-17
7044.0 7.17034e-17
7046.0 7.17941e-17
7048.0 6.86284e-17
7050.0 7.02587e-17
7052.0 6.81701e-17
7054.0 7.25479e-17
7056.0 7.0583e-17
7058.0 7.30191e-17
7060.0 6.94067e-17
7062.0 7.22176e-17
7064.0 7.26388e-17
7066.0 6.92046e-17
7068.0 7.07306e-17
7070.0 7.13967e-17
7072.0 6.88541e-17
7074.0 6.91089e-17
7076.0 6.6927e-17
7078.0 6.52426e-17
7080.0 6.88132e-17
7082.0 7.05478e-17
7084.0 6.62366e-17
7086.0 6.62467e-17
7088.0 6.68719e-17
7090.0 6.74779e-17
7092.0 6.93565e-17
7094.0 6.93149e-17
7096.0 6.89601e-17
7098.0 7.0662e-17
7100.0 7.01123e-17
7102.0 6.97023e-17
7104.0 7.07749e-17
7106.0 7.1541e-17
7108.0 6.68758e-17
7110.0 6.76853e-17
7112.0 6.88874e-17
7114.0 6.93698e-17
7116.0 7.21789e-17
7118.0 6.87523e-17
7120.0 6.80759e-17
7122.0 6.98609e-17
7124.0 6.82818e-17
7126.0 6.59807e-17
7128.0 6.71201e-17
7130.0 6.55205e-17
7132.0 6.95696e-17
7134.0 6.82675e-17
7136.0 6.88329e-17
7138.0 6.67841e-17
7140.0 6.74813e-17
7142.0 6.721e-17
7144.0 6.84863e-17
7146.0 6.59785e-17
7148.0 6.71105e-17
7150.0 6.89701e-17
7152.0 6.54133e-17
7154.0 6.89533e-17
7156.0 7.31971e-17
7158.0 6.85166e-17
7160.0 6.7896e-17
7162.0 6.9477e-17
7164.0 7.18124e-17
7166.0 6.73634e-17
7168.0 6.66612e-17
7170.0 6.69211e-17
7172.0 6.75952e-17
7174.0 6.90564e-17
7176.0 6.51658e-17
7178.0 6.4506e-17
7180.0 6.92037e-17
7182.0 6.23977e-17
7184.0 6.35498e-17
7186.0 6.55549e-17
7188.0 6.62867e-17
7190.0 6.77038e-17
7192.0 6.56935e-17
7194.0 6.59789e-17
7196.0 6.44368e-17
7198.0 6.18698e-17
7200.0 6.55287e-17
7202.0 6.60228e-17
7204.0 6.34244e-17
7206.0 6.45909e-17
7208.0 7.01658e-17
7210.0 6.95889e-17
7212.0 7.21898e-17
7214.0 6.64011e-17
7216.0 6.82372e-17
7218.0 6.92083e-17
7220.0 6.90572e-17
7222.0 6.63089e-17
7224.0 6.57838e-17
7226.0 6.51977e-17
7228.0 6.72507e-17
7230.0 6.772e-17
7232.0 6.7164e-17
7234.0 6.37277e-17
7236.0 6.99468e-17
7238.0 7.04376e-17
7240.0 6.46301e-17
7242.0 6.77419e-17
7244.0 6.97296e-17
7246.0 6.82487e-17
7248.0 6.53527e-17
7250.0 5.92612e-17
7252.0 6.68046e-17
7254.0 6.31256e-17
7256.0 6.35554e-17
7258.0 7.14788e-17
7260.0 6.79971e-17
7262.0 6.59644e-17
7264.0 6.4631e-17
7266.0 6.56606e-17
7268.0 6.43179e-17
7270.0 6.27348e-17
7272.0 5.8467e-17
7274.0 6.89153e-17
7276.0 7.06203e-17
7278.0 6.63151e-17
7280.0 6.55605e-17
7282.0 6.5469e-17
7284.0 6.12853e-17
7286.0 7.14229e-17
7288.0 6.71233e-17
7290.0 6.8662e-17
7292.0 6.33479e-17
7294.0 6.19235e-17
7296.0 6.43018e-17
7298.0 6.41638e-17
7300.0 6.24539e-17
7302.0 6.31906e-17
7304.0 6.34034e-17
7306.0 6.35578e-17
7308.0 6.5504e-17
7310.0 6.48647e-17
7312.0 6.6674e-17
7314.0 7.03038e-17
7316.0 6.41427e-17
7318.0 6.67803e-17
7320.0 6.74269e-17
7322.0 6.82037e-17
7324.0 6.31145e-17
7326.0 6.40492e-17
7328.0 6.54507e-17
7330.0 6.72643e-17
7332.0 6.53837e-17
7334.0 6.53609e-17
7336.0 6.41549e-17
7338.0 6.56923e-17
7340.0 7.48552e-17
7342.0 7.2269e-17
7344.0 6.45163e-17
7346.0 6.2419e-17
7348.0 6.26414e-17
7350.0 6.5564e-17
7352.0 6.57968e-17
7354.0 6.7579e-17
7356.0 6.84271e-17
7358.0 6.18671e-17
7360.0 6.59531e-17
7362.0 6.38251e-17
7364.0 6.50048e-17
7366.0 6.8632e-17
7368.0 6.735e-17
7370.0 7.21287e-17
7372.0 7.06008e-17
7374.0 6.66752e-17
7376.0 6.06294e-17
7378.0 6.36587e-17
7380.0 6.30067e-17
7382.0 6.27391e-17
7384.0 6.48981e-17
7386.0 6.37727e-17
7388.0 6.38377e-17
7390.0 6.31779e-17
7392.0 6.62988e-17
7394.0 6.07811e-17
7396.0 6.1665e-17
7398.0 6.53759e-17
7400.0 6.61214e-17
7402.0 6.68773e-17
7404.0 6.66166e-17
7406.0 6.1523e-17
7408.0 6.17558e-17
7410.0 6.1026e-17
7412.0 6.41321e-17
7414.0 6.51081e-17
7416.0 6.42311e-17
7418.0 6.62394e-17
7420.0 6.47935e-17
7422.0 6.75748e-17
7424.0 6.71409e-17
7426.0 6.26595e-17
7428.0 6.94895e-17
7430.0 6.74366e-17
7432.0 6.62709e-17
7434.0 6.42423e-17
7436.0 6.75452e-17
7438.0 6.45726e-17
7440.0 6.56674e-17
7442.0 6.80266e-17
7444.0 6.33857e-17
7446.0 6.38139e-17
7448.0 6.33167e-17
7450.0 6.59589e-17
7452.0 6.396e-17
7454.0 6.45544e-17
7456.0 6.75617e-17
7458.0 6.58358e-17
7460.0 6.49083e-17
7462.0 6.56647e-17
7464.0 6.54763e-17
7466.0 6.65006e-17
7468.0 6.52308e-17
7470.0 6.99289e-17
7472.0 6.55538e-17
7474.0 6.79121e-17
7476.0 6.37165e-17
7478.0 6.90841e-17
7480.0 6.81791e-17
7482.0 6.92628e-17
7484.0 6.78089e-17
7486.0 6.47962e-17
7488.0 6.43279e-17
7490.0 6.27693e-17
7492.0 6.66409e-17
7494.0 6.82358e-17
7496.0 7.12414e-17
7498.0 6.92087e-17
7500.0 6.40711e-17
7502.0 6.80566e-17
7504.0 6.83693e-17
7506.0 6.59894e-17
7508.0 6.47836e-17
7510.0 6.60473e-17
7512.0 6.82382e-17
7514.0 6.67481e-17
7516.0 6.78095e-17
7518.0 6.63065e-17
7520.0 7.20835e-17
7522.0 6.89378e-17
7524.0 6.94519e-17
7526.0 6.92373e-17
7528.0 6.84517e-17
7530.0 7.06345e-17
7532.0 6.89202e-17
7534.0 6.74286e-17
7536.0 6.87023e-17
7538.0 7.0518e-17
7540.0 7.10511e-17
7542.0 7.42987e-17
7544.0 6.92963e-17
7546.0 7.38683e-17
7548.0 7.05791e-17
7550.0 7.45754e-17
7552.0 7.72256e-17
7554.0 7.54736e-17
7556.0 7.35477e-17
7558.0 7.51626e-17
7560.0 7.538e-17
7562.0 7.56416e-17
7564.0 7.52645e-17
7566.0 7.60232e-17
7568.0 7.47042e-17
7570.0 7.56186e-17
7572.0 7.72436e-17
7574.0 7.36682e-17
7576.0 7.2803e-17
7578.0 7.15486e-17
7580.0 7.11594e-17
7582.0 7.40601e-17
7584.0 7.74893e-17
7586.0 7.37539e-17
7588.0 6.88779e-17
7590.0 7.06454e-17
7592.0 7.71234e-17
7594.0 7.89108e-17
7596.0 7.26563e-17
7598.0 6.86958e-17
7600.0 7.71616e-17
7602.0 6.30717e-17
7604.0 6.34668e-17
7606.0 6.26085e-17
7608.0 6.47032e-17
7610.0 7.01856e-17
7612.0 6.71417e-17
7614.0 6.90765e-17
7616.0 7.087e-17
7618.0 7.36639e-17
7620.0 7.62232e-17
7622.0 6.78731e-17
7624.0 6.82011e-17
7626.0 7.5064e-17
7628.0 7.40176e-17
7630.0 7.58505e-17
7632.0 7.29238e-17
7634.0 6.82425e-17
7636.0 6.76371e-17
7638.0 7.20561e-17
7640.0 7.29479e-17
7642.0 7.45379e-17
7644.0 7.25367e-17
7646.0 7.11102e-17
7648.0 7.5553e-17
7650.0 7.35747e-17
7652.0 7.92339e-17
7654.0 7.88631e-17
7656.0 7.78543e-17
7658.0 7.59254e-17
7660.0 7.74654e-17
7662.0 7.53732e-17
7664.0 7.76472e-17
7666.0 7.5185e-17
7668.0 7.5343e-17
7670.0 7.84872e-17
7672.0 7.56542e-17
7674.0 7.79036e-17
7676.0 7.78422e-17
7678.0 7.59888e-17
7680.0 7.61717e-17
7682.0 7.44087e-17
7684.0 7.7373e-17
7686.0 7.69988e-17
7688.0 7.52783e-17
7690.0 7.37243e-17
7692.0 7.07336e-17
7694.0 7.2658e-17
7696.0 7.87359e-17
7698.0 8.08567e-17
7700.0 7.76759e-17
7702.0 7.52296e-17
7704.0 7.57145e-17
7706.0 7.39571e-17
7708.0 8.13387e-17
7710.0 8.60868e-17
7712.0 8.50874e-17
7714.0 7.62017e-17
7716.0 7.50218e-17
7718.0 7.43729e-17
7720.0 8.0537e-17
7722.0 7.95929e-17
7724.0 7.96517e-17
7726.0 8.0083e-17
7728.0 7.80592e-17
7730.0 7.91457e-17
7732.0 8.18484e-17
7734.0 8.03904e-17
7736.0 7.62323e-17
7738.0 7.81866e-17
7740.0 7.68998e-17
7742.0 7.97386e-17
7744.0 8.01607e-17
7746.0 8.37193e-17
7748.0 8.32723e-17
7750.0 8.29854e-17
7752.0 8.51353e-17
7754.0 7.88927e-17
7756.0 7.85652e-17
7758.0 7.82095e-17
7760.0 7.78931e-17
7762.0 7.77351e-17
7764.0 7.68289e-17
7766.0 7.19742e-17
7768.0 7.19572e-17
7770.0 6.91279e-17
7772.0 7.07229e-17
7774.0 7.1785e-17
7776.0 7.67328e-17
7778.0 7.13979e-17
7780.0 7.52043e-17
7782.0 8.00373e-17
7784.0 7.60573e-17
7786.0 7.62024e-17
7788.0 7.83741e-17
7790.0 7.81142e-17
7792.0 8.42307e-17
7794.0 8.17679e-17
7796.0 8.27549e-17
7798.0 7.71353e-17
7800.0 7.96634e-17
7802.0 8.05714e-17
7804.0 7.715e-17
7806.0 7.84305e-17
7808.0 7.79956e-17
7810.0 7.73765e-17
7812.0 7.74843e-17
7814.0 7.9513e-17
7816.0 8.22429e-17
7818.0 8.33627e-17
7820.0 7.94206e-17
7822.0 8.12015e-17
7824.0 7.86776e-17
7826.0 7.34316e-17
7828.0 7.52076e-17
7830.0 7.60881e-17
7832.0 7.70647e-17
7834.0 7.64113e-17
7836.0 7.96226e-17
7838.0 7.88449e-17
7840.0 8.06483e-17
7842.0 8.21564e-17
7844.0 7.54785e-17
7846.0 7.31549e-17
7848.0 7.89219e-17
7850.0 8.52508e-17
7852.0 8.9854e-17
7854.0 7.75848e-17
7856.0 7.94834e-17
7858.0 8.39836e-17
7860.0 7.72238e-17
7862.0 7.86887e-17
7864.0 7.57076e-17
7866.0 7.6388e-17
7868.0 7.2048e-17
7870.0 7.62693e-17
7872.0 8.0029e-17
7874.0 7.89999e-17
7876.0 7.80108e-17
7878.0 7.83008e-17
7880.0 7.80004e-17
7882.0 7.64278e-17
7884.0 7.58976e-17
7886.0 7.66604e-17
7888.0 7.96279e-17
7890.0 7.82076e-17
7892.0 7.63167e-17
7894.0 7.3556e-17
7896.0 7.31082e-17
7898.0 6.63721e-17
7900.0 7.66699e-17
7902.0 7.4907e-17
7904.0 7.05345e-17
7906.0 7.55401e-17
7908.0 8.08289e-17
7910.0 7.84609e-17
7912.0 7.77482e-17
7914.0 7.92648e-17
7916.0 8.10766e-17
7918.0 7.60366e-17
7920.0 7.20903e-17
7922.0 7.34229e-17
7924.0 7.61386e-17
7926.0 6.93487e-17
7928.0 7.28806e-17
7930.0 7.21794e-17
7932.0 7.20671e-17
7934.0 7.3577e-17
7936.0 6.73473e-17
7938.0 6.77629e-17
7940.0 7.08042e-17
7942.0 6.89675e-17
7944.0 7.03572e-17
7946.0 7.17006e-17
7948.0 7.2876e-17
7950.0 7.32899e-17
7952.0 6.79798e-17
7954.0 6.7461e-17
7956.0 6.82439e-17
7958.0 7.1922e-17
7960.0 7.17364e-17
7962.0 7.24892e-17
7964.0 7.42252e-17
7966.0 7.71082e-17
7968.0 7.22169e-17
7970.0 6.96385e-17
7972.0 6.94291e-17
7974.0 7.06134e-17
7976.0 7.04571e-17
7978.0 7.5134e-17
7980.0 7.72227e-17
7982.0 6.81631e-17
7984.0 6.75806e-17
7986.0 6.65201e-17
7988.0 6.88584e-17
7990.0 7.30073e-17
7992.0 6.65514e-17
7994.0 7.09651e-17
7996.0 7.56401e-17
7998.0 7.05212e-17
8000.0 7.21438e-17
8002.0 7.17785e-17
8004.0 7.04688e-17
8006.0 6.80371e-17
8008.0 6.49445e-17
8010.0 7.07533e-17
8012.0 6.85663e-17
8014.0 7.21576e-17
8016.0 7.34943e-17
8018.0 6.74951e-17
8020.0 6.90216e-17
8022.0 7.24373e-17
8024.0 7.42813e-17
8026.0 7.32306e-17
8028.0 7.47467e-17
8030.0 6.71049e-17
8032.0 6.7418e-17
8034.0 6.73299e-17
8036.0 6.81616e-17
8038.0 6.68744e-17
8040.0 6.93411e-17
8042.0 6.72268e-17
8044.0 6.72618e-17
8046.0 6.79366e-17
8048.0 6.92494e-17
8050.0 6.48769e-17
8052.0 6.88615e-17
8054.0 6.76961e-17
8056.0 6.53821e-17
8058.0 7.35383e-17
8060.0 7.36945e-17
8062.0 7.00263e-17
8064.0 7.34491e-17
8066.0 6.97296e-17
8068.0 7.05393e-17
8070.0 6.61959e-17
8072.0 6.47234e-17
8074.0 6.57899e-17
8076.0 6.6729e-17
8078.0 6.8182e-17
8080.0 6.48262e-17
8082.0 6.79434e-17
8084.0 7.03636e-17
8086.0 6.70368e-17
8088.0 6.97022e-17
8090.0 6.7595e-17
8092.0 6.59664e-17
8094.0 6.56906e-17
8096.0 6.40868e-17
8098.0 6.76861e-17
8100.0 6.57082e-17
8102.0 6.50166e-17
8104.0 6.61563e-17
8106.0 6.90393e-17
8108.0 6.34958e-17
8110.0 6.30002e-17
8112.0 6.60973e-17
8114.0 6.91223e-17
8116.0 6.52566e-17
8118.0 6.5231e-17
8120.0 6.39065e-17
8122.0 6.38872e-17
8124.0 6.377e-17
8126.0 6.64292e-17
8128.0 6.53692e-17
8130.0 6.45014e-17
8132.0 6.9857e-17
8134.0 6.66475e-17
8136.0 6.62091e-17
8138.0 6.68658e-17
8140.0 6.56768e-17
8142.0 6.42081e-17
8144.0 6.71716e-17
8146.0 6.56927e-17
8148.0 6.66397e-17
8150.0 6.50566e-17
8152.0 6.2885e-17
8154.0 6.53124e-17
8156.0 6.43588e-17
8158.0 6.58374e-17
8160.0 6.38942e-17
8162.0 6.50829e-17
8164.0 6.52655e-17
8166.0 6.49993e-17
8168.0 6.34776e-17
8170.0 6.50617e-17
8172.0 6.65997e-17
8174.0 6.54949e-17
8176.0 6.21304e-17
8178.0 6.1859e-17
8180.0 6.43852e-17
8182.0 6.61416e-17
8184.0 6.70049e-17
8186.0 6.44756e-17
8188.0 6.39646e-17
8190.0 6.45402e-17
8192.0 6.53487e-17
8194.0 6.24194e-17
8196.0 6.36833e-17
8198.0 6.48744e-17
8200.0 6.41826e-17
8202.0 6.21412e-17
8204.0 6.42831e-17
8206.0 6.52337e-17
8208.0 6.46956e-17
8210.0 6.18271e-17
8212.0 6.47268e-17
8214.0 6.69932e-17
8216.0 6.71641e-17
8218.0 6.59367e-17
8220.0 6.75193e-17
8222.0 6.54264e-17
8224.0 6.42616e-17
8226.0 6.22803e-17
8228.0 6.34958e-17
8230.0 6.30291e-17
8232.0 6.52289e-17
8234.0 6.4956e-17
8236.0 6.64517e-17
8238.0 6.86777e-17
8240.0 6.54485e-17
8242.0 6.81981e-17
8244.0 6.62088e-17
8246.0 6.51955e-17
8248.0 6.38141e-17
8250.0 6.96518e-17
8252.0 6.65673e-17
8254.0 6.67376e-17
8256.0 6.55735e-17
8258.0 6.364e-17
8260.0 6.52262e-17
8262.0 6.47693e-17
8264.0 6.37525e-17
8266.0 6.5541e-17
8268.0 6.54563e-17
8270.0 6.37477e-17
8272.0 6.51369e-17
8274.0 6.81834e-17
8276.0 6.67171e-17
8278.0 6.74054e-17
8280.0 6.33311e-17
8282.0 6.65592e-17
8284.0 6.64005e-17
8286.0 6.71742e-17
8288.0 6.42218e-17
8290.0 6.30389e-17
8292.0 6.76485e-17
8294.0 5.70624e-17
8296.0 5.72917e-17
8298.0 6.36374e-17
8300.0 6.91251e-17
8302.0 6.78106e-17
8304.0 6.27613e-17
8306.0 6.08938e-17
8308.0 6.73378e-17
8310.0 6.67914e-17
8312.0 6.55952e-17
8314.0 6.84513e-17
8316.0 6.49456e-17
8318.0 6.43345e-17
8320.0 6.69989e-17
8322.0 6.77226e-17
8324.0 6.61715e-17
8326.0 6.39505e-17
8328.0 6.69455e-17
8330.0 6.45758e-17
8332.0 6.58634e-17
8334.0 6.44017e-17
8336.0 7.04127e-17
8338.0 6.60254e-17
8340.0 7.43474e-17
8342.0 7.21019e-17
8344.0 7.6242e-17
8346.0 7.39147e-17
8348.0 5.94952e-17
8350.0 6.53215e-17
8352.0 6.08133e-17
8354.0 6.54857e-17
8356.0 6.20713e-17
8358.0 6.16626e-17
8360.0 6.31481e-17
8362.0 6.32089e-17
8364.0 6.78691e-17
8366.0 6.80069e-17
8368.0 6.27621e-17
8370.0 6.28374e-17
8372.0 6.28467e-17
8374.0 6.55546e-17
8376.0 6.53899e-17
8378.0 6.78459e-17
8380.0 6.41291e-17
8382.0 6.52104e-17
8384.0 6.6146e-17
8386.0 6.82481e-17
8388.0 6.67073e-17
8390.0 6.39564e-17
8392.0 6.28603e-17
8394.0 6.48498e-17
8396.0 6.64329e-17
8398.0 7.10832e-17
8400.0 6.22937e-17
8402.0 7.04039e-17
8404.0 6.58337e-17
8406.0 6.46015e-17
8408.0 6.61796e-17
8410.0 6.49186e-17
8412.0 6.54323e-17
8414.0 6.79653e-17
8416.0 6.51576e-17
8418.0 6.4065e-17
8420.0 5.95472e-17
8422.0 6.24776e-17
8424.0 6.03505e-17
8426.0 6.19237e-17
8428.0 6.45867e-17
8430.0 7.50365e-17
8432.0 6.73422e-17
8434.0 6.59815e-17
8436.0 6.50152e-17
8438.0 6.21224e-17
8440.0 6.20087e-17
8442.0 6.15155e-17
8444.0 5.92972e-17
8446.0 6.07495e-17
8448.0 6.24458e-17
8450.0 6.23808e-17
8452.0 6.54878e-17
8454.0 6.8739e-17
8456.0 6.23356e-17
8458.0 6.29525e-17
8460.0 6.57414e-17
8462.0 6.22167e-17
8464.0 5.47161e-17
8466.0 6.55426e-17
8468.0 7.07729e-17
8470.0 5.89585e-17
8472.0 5.88384e-17
8474.0 6.19022e-17
8476.0 6.13417e-17
8478.0 6.25012e-17
8480.0 6.28415e-17
8482.0 6.19029e-17
8484.0 6.25079e-17
8486.0 6.11012e-17
8488.0 6.15223e-17
8490.0 6.76485e-17
8492.0 6.97227e-17
8494.0 6.70896e-17
8496.0 6.2986e-17
8498.0 5.79969e-17
8500.0 6.37757e-17
8502.0 6.93371e-17
8504.0 6.64791e-17
8506.0 6.87529e-17
8508.0 5.90554e-17
8510.0 6.31784e-17
8512.0 6.09237e-17
8514.0 5.74432e-17
8516.0 5.95605e-17
8518.0 5.97805e-17
8520.0 6.02872e-17
8522.0 6.3585e-17
8524.0 5.88755e-17
8526.0 5.97182e-17
8528.0 6.07199e-17
8530.0 6.32347e-17
8532.0 6.19353e-17
8534.0 6.1207e-17
8536.0 6.48268e-17
8538.0 6.61342e-17
8540.0 6.30646e-17
8542.0 6.09886e-17
8544.0 6.19157e-17
8546.0 6.23545e-17
8548.0 6.57804e-17
8550.0 6.22654e-17
8552.0 5.94562e-17
8554.0 6.39489e-17
8556.0 6.19767e-17
8558.0 6.12951e-17
8560.0 6.27279e-17
8562.0 6.24417e-17
8564.0 6.42016e-17
8566.0 6.35339e-17
8568.0 6.00973e-17
8570.0 6.33463e-17
8572.0 6.0938e-17
8574.0 6.02094e-17
8576.0 6.3108e-17
8578.0 6.53628e-17
8580.0 6.26518e-17
8582.0 6.05278e-17
8584.0 6.37965e-17
8586.0 6.51694e-17
8588.0 6.3128e-17
8590.0 6.13896e-17
8592.0 5.94205e-17
8594.0 6.25956e-17
8596.0 6.26839e-17
8598.0 6.20755e-17
8600.0 6.12796e-17
8602.0 6.26423e-17
8604.0 6.07726e-17
8606.0 6.49741e-17
8608.0 6.26936e-17
8610.0 6.2537e-17
8612.0 6.31154e-17
8614.0 6.24076e-17
8616.0 6.13377e-17
8618.0 6.41813e-17
8620.0 6.31672e-17
8622.0 6.81678e-17
8624.0 6.67433e-17
8626.0 6.39827e-17
8628.0 6.22581e-17
8630.0 6.28714e-17
8632.0 6.10149e-17
8634.0 6.84565e-17
8636.0 6.05394e-17
8638.0 6.09654e-17
8640.0 6.37321e-17
8642.0 6.15949e-17
8644.0 6.00617e-17
8646.0 5.96535e-17
8648.0 6.22858e-17
8650.0 6.39146e-17
8652.0 7.1826e-17
8654.0 6.85754e-17
8656.0 6.24761e-17
8658.0 6.49085e-17
8660.0 6.84751e-17
8662.0 6.9473e-17
8664.0 6.44695e-17
8666.0 6.77158e-17
8668.0 7.00303e-17
8670.0 6.70551e-17
8672.0 6.03493e-17
8674.0 6.18653e-17
8676.0 6.42361e-17
8678.0 6.83299e-17
8680.0 6.54112e-17
8682.0 6.42633e-17
8684.0 6.29065e-17
8686.0 6.29487e-17
8688.0 6.44158e-17
8690.0 6.55553e-17
8692.0 6.37905e-17
8694.0 6.07157e-17
8696.0 6.11191e-17
8698.0 6.49362e-17
8700.0 6.36527e-17
8702.0 6.18765e-17
8704.0 5.98427e-17
8706.0 6.20035e-17
8708.0 6.07852e-17
8710.0 5.72651e-17
8712.0 5.93036e-17
8714.0 5.96052e-17
8716.0 6.34681e-17
8718.0 6.20696e-17
8720.0 6.1599e-17
8722.0 5.93639e-17
8724.0 6.11989e-17
8726.0 6.10608e-17
8728.0 6.42221e-17
8730.0 6.38052e-17
8732.0 6.2277e-17
8734.0 6.50943e-17
8736.0 6.64902e-17
8738.0 6.35573e-17
8740.0 6.09877e-17
8742.0 5.85403e-17
8744.0 6.18394e-17
8746.0 6.3428e-17
8748.0 5.99221e-17
8750.0 6.01995e-17
8752.0 6.20486e-17
8754.0 6.30483e-17
8756.0 7.06787e-17
8758.0 6.07886e-17
8760.0 6.36934e-17
8762.0 6.29636e-17
8764.0 6.75413e-17
8766.0 6.62344e-17
8768.0 6.47792e-17
8770.0 6.34919e-17
8772.0 5.78131e-17
8774.0 6.29374e-17
8776.0 7.40566e-17
8778.0 6.13317e-17
8780.0 6.38862e-17
8782.0 5.7289e-17
8784.0 5.62078e-17
8786.0 5.87974e-17
8788.0 6.59227e-17
8790.0 6.66655e-17
8792.0 6.26216e-17
8794.0 5.86487e-17
8796.0 5.9857e-17
8798.0 5.90572e-17
8800.0 6.18349e-17
8802.0 5.91588e-17
8804.0 6.12814e-17
8806.0 6.64196e-17
8808.0 6.21595e-17
8810.0 5.95451e-17
8812.0 6.08381e-17
8814.0 6.37968e-17
8816.0 5.77331e-17
8818.0 5.92159e-17
8820.0 6.07507e-17
8822.0 6.3431e-17
8824.0 6.57432e-17
8826.0 6.87791e-17
8828.0 6.88732e-17
8830.0 5.84243e-17
8832.0 6.05585e-17
8834.0 6.64838e-17
8836.0 6.02781e-17
8838.0 5.96276e-17
8840.0 6.30259e-17
8842.0 6.19933e-17
8844.0 5.92032e-17
8846.0 6.07653e-17
8848.0 6.22616e-17
8850.0 6.38298e-17
8852.0 6.79161e-17
8854.0 6.09499e-17
8856.0 5.91543e-17
8858.0 6.09412e-17
8860.0 5.90029e-17
8862.0 6.28828e-17
8864.0 6.73434e-17
8866.0 6.08201e-17
8868.0 6.62721e-17
8870.0 5.96325e-17
8872.0 5.87192e-17
8874.0 5.58272e-17
8876.0 5.69351e-17
8878.0 5.9938e-17
8880.0 5.8209e-17
8882.0 6.11271e-17
8884.0 7.75533e-17
8886.0 6.7175e-17
8888.0 7.34811e-17
8890.0 5.91265e-17
8892.0 5.7945e-17
8894.0 6.03716e-17
8896.0 5.95437e-17
8898.0 6.00074e-17
8900.0 6.08488e-17
8902.0 6.35072e-17
8904.0 6.75083e-17
8906.0 6.30565e-17
8908.0 5.66679e-17
8910.0 5.88694e-17
8912.0 5.85565e-17
8914.0 5.98175e-17
8916.0 5.7517e-17
8918.0 6.27992e-17
8920.0 6.1494e-17
8922.0 6.78949e-17
8924.0 5.86859e-17
8926.0 5.80166e-17
8928.0 5.82548e-17
8930.0 5.98068e-17
8932.0 5.88678e-17
8934.0 5.97275e-17
8936.0 5.43827e-17
8938.0 5.4695e-17
8940.0 5.98307e-17
8942.0 5.86158e-17
8944.0 5.78871e-17
8946.0 6.0396e-17
8948.0 5.65634e-17
8950.0 5.61151e-17
8952.0 5.67984e-17
8954.0 5.98179e-17
8956.0 5.64268e-17
8958.0 5.76035e-17
8960.0 5.90911e-17
8962.0 5.62777e-17
8964.0 5.31311e-17
8966.0 5.38821e-17
8968.0 5.55944e-17
8970.0 5.69366e-17
8972.0 5.4507e-17
8974.0 5.59335e-17
8976.0 5.91305e-17
8978.0 5.87395e-17
8980.0 5.6086e-17
8982.0 5.78348e-17
8984.0 5.72368e-17
8986.0 5.68011e-17
8988.0 5.05973e-17
8990.0 5.27088e-17
8992.0 5.12279e-17
8994.0 5.32159e-17
8996.0 5.81511e-17
8998.0 6.23875e-17
9000.0 5.9855e-17
9002.0 5.57742e-17
9004.0 5.17983e-17
9006.0 5.02699e-17
9008.0 5.33363e-17
9010.0 5.17285e-17
9012.0 5.08242e-17
9014.0 5.51075e-17
9016.0 5.5808e-17
9018.0 5.33402e-17
9020.0 5.43426e-17
9022.0 5.67286e-17
9024.0 5.38603e-17
9026.0 5.25444e-17
9028.0 5.4241e-17
9030.0 5.47755e-17
9032.0 5.64433e-17
9034.0 5.23134e-17
9036.0 5.64213e-17
9038.0 5.94258e-17
9040.0 6.06811e-17
9042.0 5.91916e-17
9044.0 5.18253e-17
9046.0 5.836e-17
9048.0 5.35879e-17
9050.0 5.86535e-17
9052.0 5.49884e-17
9054.0 5.58046e-17
9056.0 5.34323e-17
9058.0 5.37887e-17
9060.0 5.16643e-17
9062.0 5.22155e-17
9064.0 4.89671e-17
9066.0 5.1423e-17
9068.0 5.08988e-17
9070.0 4.9874e-17
9072.0 4.82967e-17
9074.0 4.88787e-17
9076.0 4.93948e-17
9078.0 5.29942e-17
9080.0 4.83118e-17
9082.0 4.85634e-17
9084.0 5.04458e-17
9086.0 5.327e-17
9088.0 5.21641e-17
9090.0 5.24706e-17
9092.0 5.25591e-17
9094.0 5.27825e-17
9096.0 5.26885e-17
9098.0 5.02713e-17
9100.0 5.41688e-17
9102.0 5.30675e-17
9104.0 5.58682e-17
9106.0 5.01995e-17
9108.0 4.86768e-17
9110.0 4.93078e-17
9112.0 5.32833e-17
9114.0 5.31892e-17
9116.0 5.36523e-17
9118.0 5.00745e-17
9120.0 5.0892e-17
9122.0 5.13415e-17
9124.0 5.36108e-17
9126.0 5.12519e-17
9128.0 5.01088e-17
9130.0 4.96435e-17
9132.0 5.00416e-17
9134.0 4.58663e-17
9136.0 4.69909e-17
9138.0 4.99297e-17
9140.0 5.01868e-17
9142.0 4.96891e-17
9144.0 5.31933e-17
9146.0 5.65091e-17
9148.0 5.18184e-17
9150.0 5.13984e-17
9152.0 5.14389e-17
9154.0 5.12142e-17
9156.0 4.86737e-17
9158.0 5.17916e-17
9160.0 5.25006e-17
9162.0 5.63775e-17
9164.0 5.15384e-17
9166.0 5.07004e-17
9168.0 5.03446e-17
9170.0 5.04615e-17
9172.0 4.78865e-17
9174.0 4.5438e-17
9176.0 4.57366e-17
9178.0 5.06627e-17
9180.0 5.09957e-17
9182.0 5.14789e-17
9184.0 5.35425e-17
9186.0 5.12669e-17
9188.0 5.45219e-17
9190.0 5.64272e-17
9192.0 5.18368e-17
9194.0 5.23285e-17
9196.0 5.31756e-17
9198.0 5.21392e-17
9200.0 5.31362e-17
9202.0 5.33174e-17
9204.0 5.17299e-17
9206.0 5.24861e-17
9208.0 5.25283e-17
9210.0 5.07613e-17
9212.0 5.30837e-17
9214.0 5.11372e-17
9216.0 5.21179e-17
9218.0 4.87384e-17
9220.0 5.17143e-17
9222.0 5.20554e-17
9224.0 5.32267e-17
9226.0 5.35754e-17
9228.0 5.13369e-17
9230.0 5.21385e-17
9232.0 5.32234e-17
9234.0 5.28049e-17
9236.0 5.05986e-17
9238.0 5.01302e-17
9240.0 5.0491e-17
9242.0 5.08092e-17
9244.0 4.95212e-17
9246.0 5.15275e-17
9248.0 5.12667e-17
9250.0 5.25428e-17
9252.0 5.3773e-17
9254.0 5.15852e-17
9256.0 4.99037e-17
9258.0 5.19859e-17
9260.0 5.33433e-17
9262.0 5.34152e-17
9264.0 5.06063e-17
9266.0 5.34807e-17
9268.0 5.31946e-17
9270.0 5.23085e-17
9272.0 4.80346e-17
9274.0 4.77727e-17
9276.0 4.7796e-17
9278.0 4.93949e-17
9280.0 4.87225e-17
9282.0 4.78272e-17
9284.0 5.22809e-17
9286.0 5.07737e-17
9288.0 5.23334e-17
9290.0 4.96248e-17
9292.0 4.92942e-17
9294.0 4.8715e-17
9296.0 4.89788e-17
9298.0 4.61097e-17
9300.0 5.02028e-17
9302.0 5.19084e-17
9304.0 5.82313e-17
9306.0 6.00875e-17
9308.0 5.67178e-17
9310.0 5.71538e-17
9312.0 5.86714e-17
9314.0 5.14953e-17
9316.0 5.3928e-17
9318.0 4.99833e-17
9320.0 4.36869e-17
9322.0 4.7233e-17
9324.0 5.23171e-17
9326.0 5.56865e-17
9328.0 4.48027e-17
9330.0 4.59887e-17
9332.0 4.46511e-17
9334.0 4.58565e-17
9336.0 4.54959e-17
9338.0 4.44318e-17
9340.0 5.04795e-17
9342.0 4.00436e-17
9344.0 4.00465e-17
9346.0 4.00299e-17
9348.0 4.82381e-17
9350.0 4.94667e-17
9352.0 4.49084e-17
9354.0 4.0526e-17
9356.0 4.07749e-17
9358.0 4.22197e-17
9360.0 4.42816e-17
9362.0 4.78808e-17
9364.0 4.64122e-17
9366.0 4.26337e-17
9368.0 4.30315e-17
9370.0 4.685e-17
9372.0 4.68164e-17
9374.0 6.24304e-17
9376.0 6.94928e-17
9378.0 6.2218e-17
9380.0 2.73632e-17
9382.0 3.61319e-17
9384.0 4.18554e-17
9386.0 4.99523e-17
9388.0 4.98357e-17
9390.0 4.48695e-17
9392.0 4.75975e-17
9394.0 4.79934e-17
9396.0 4.64354e-17
9398.0 5.12908e-17
9400.0 5.02123e-17
9402.0 4.70568e-17
9404.0 4.55737e-17
9406.0 4.50596e-17
9408.0 4.42758e-17
9410.0 4.43095e-17
9412.0 4.67278e-17
9414.0 4.62288e-17
9416.0 4.99077e-17
9418.0 5.33325e-17
9420.0 5.134e-17
9422.0 5.76002e-17
9424.0 4.62002e-17
9426.0 4.29993e-17
9428.0 4.16213e-17
9430.0 4.29249e-17
9432.0 4.49501e-17
9434.0 4.85039e-17
9436.0 6.44885e-17
9438.0 5.81437e-17
9440.0 5.09822e-17
9442.0 5.19807e-17
9444.0 5.14264e-17
9446.0 4.77632e-17
9448.0 4.76569e-17
9450.0 4.87252e-17
9452.0 4.9649e-17
9454.0 5.21645e-17
9456.0 5.21182e-17
9458.0 4.56027e-17
9460.0 4.52818e-17
9462.0 5.07464e-17
9464.0 4.95464e-17
9466.0 4.721e-17
9468.0 4.4834e-17
9470.0 4.72083e-17
9472.0 4.58287e-17
9474.0 5.44685e-17
9476.0 6.27848e-17
9478.0 6.31607e-17
9480.0 5.05726e-17
9482.0 4.67083e-17
9484.0 4.56273e-17
9486.0 5.12831e-17
9488.0 5.32346e-17
9490.0 4.85879e-17
9492.0 4.79173e-17
9494.0 4.5155e-17
9496.0 4.45107e-17
9498.0 4.71258e-17
9500.0 5.73065e-17
9502.0 4.5093e-17
9504.0 5.45017e-17
9506.0 4.90689e-17
9508.0 4.91144e-17
9510.0 5.11273e-17
9512.0 4.84079e-17
9514.0 5.42304e-17
9516.0 5.27717e-17
9518.0 4.80564e-17
9520.0 4.99454e-17
9522.0 4.78583e-17
9524.0 4.83457e-17
9526.0 4.43813e-17
9528.0 4.98993e-17
9530.0 4.69063e-17
9532.0 4.76937e-17
9534.0 5.18338e-17
9536.0 5.20804e-17
9538.0 5.08251e-17
9540.0 5.19111e-17
9542.0 5.11299e-17
9544.0 4.71091e-17
9546.0 4.68861e-17
9548.0 5.39953e-17
9550.0 5.44629e-17
9552.0 5.59991e-17
9554.0 5.71584e-17
9556.0 5.05354e-17
9558.0 4.92985e-17
9560.0 4.89841e-17
9562.0 4.8929e-17
9564.0 5.94854e-17
9566.0 5.68215e-17
9568.0 6.10325e-17
9570.0 5.46584e-17
9572.0 5.11043e-17
9574.0 4.97204e-17
9576.0 5.03536e-17
9578.0 4.97392e-17
9580.0 4.83413e-17
9582.0 4.4239e-17
9584.0 5.08698e-17
9586.0 5.19824e-17
9588.0 4.74909e-17
9590.0 4.79061e-17
9592.0 4.60256e-17
9594.0 4.97338e-17
9596.0 5.10166e-17
9598.0 5.23675e-17
9600.0 5.07797e-17
9602.0 4.65647e-17
9604.0 5.33248e-17
9606.0 5.5401e-17
9608.0 5.08931e-17
9610.0 5.2668e-17
9612.0 4.97398e-17
9614.0 5.07919e-17
9616.0 5.35519e-17
9618.0 5.68573e-17
9620.0 5.33094e-17
9622.0 5.37148e-17
9624.0 4.81326e-17
9626.0 5.30668e-17
9628.0 5.45261e-17
9630.0 5.64201e-17
9632.0 5.40503e-17
9634.0 5.25201e-17
9636.0 5.00069e-17
9638.0 4.94507e-17
9640.0 4.90822e-17
9642.0 5.18356e-17
9644.0 5.05037e-17
9646.0 4.80822e-17
9648.0 5.35759e-17
9650.0 5.34187e-17
9652.0 5.37703e-17
9654.0 5.20949e-17
9656.0 5.4268e-17
9658.0 5.26358e-17
9660.0 5.41521e-17
9662.0 5.07723e-17
9664.0 5.1412e-17
9666.0 5.59058e-17
9668.0 5.49155e-17
9670.0 5.52468e-17
9672.0 5.30015e-17
9674.0 5.71811e-17
9676.0 5.69053e-17
9678.0 5.02092e-17
9680.0 5.8787e-17
9682.0 5.71191e-17
9684.0 5.63944e-17
9686.0 4.88284e-17
9688.0 5.2635e-17
9690.0 5.39471e-17
9692.0 5.50553e-17
9694.0 5.5428e-17
9696.0 5.99345e-17
9698.0 6.08252e-17
9700.0 5.73211e-17
9702.0 5.13338e-17
9704.0 5.64534e-17
9706.0 5.34582e-17
9708.0 5.22261e-17
9710.0 5.44667e-17
9712.0 5.78075e-17
9714.0 5.74013e-17
9716.0 5.36111e-17
9718.0 5.74696e-17
9720.0 6.32482e-17
9722.0 6.18529e-17
9724.0 4.9246e-17
9726.0 5.48466e-17
9728.0 5.65776e-17
9730.0 4.86942e-17
9732.0 4.95209e-17
9734.0 5.43433e-17
9736.0 5.62411e-17
9738.0 6.0797e-17
9740.0 6.29636e-17
9742.0 5.11149e-17
9744.0 5.37282e-17
9746.0 5.10478e-17
9748.0 5.34732e-17
9750.0 5.45098e-17
9752.0 5.16158e-17
9754.0 5.15798e-17
9756.0 5.35118e-17
9758.0 5.12271e-17
9760.0 5.04403e-17
9762.0 5.03729e-17
9764.0 5.22086e-17
9766.0 5.77143e-17
9768.0 5.24734e-17
9770.0 5.57674e-17
9772.0 5.56552e-17
9774.0 5.69491e-17
9776.0 5.26007e-17
9778.0 5.44893e-17
9780.0 5.48095e-17
9782.0 5.33387e-17
9784.0 5.36542e-17
9786.0 5.22781e-17
9788.0 6.33052e-17
9790.0 7.58162e-17
9792.0 7.76626e-17
9794.0 6.34832e-17
9796.0 5.90916e-17
9798.0 6.35046e-17
9800.0 5.56408e-17
9802.0 5.93502e-17
9804.0 5.33862e-17
9806.0 5.45157e-17
9808.0 5.84093e-17
9810.0 5.88766e-17
9812.0 5.43223e-17
9814.0 6.53947e-17
9816.0 5.77156e-17
9818.0 5.25637e-17
9820.0 5.34965e-17
9822.0 5.5646e-17
9824.0 5.69609e-17
9826.0 5.76193e-17
9828.0 5.20758e-17
9830.0 5.01788e-17
9832.0 5.29799e-17
9834.0 5.16204e-17
9836.0 5.869e-17
9838.0 5.42349e-17
9840.0 5.57193e-17
9842.0 5.67428e-17
9844.0 5.87724e-17
9846.0 5.64087e-17
9848.0 5.56514e-17
9850.0 5.34976e-17
9852.0 5.24591e-17
9854.0 5.10698e-17
9856.0 5.36014e-17
9858.0 5.66292e-17
9860.0 5.3473e-17
9862.0 5.60739e-17
9864.0 5.33321e-17
9866.0 5.11446e-17
9868.0 5.56249e-17
9870.0 6.40398e-17
9872.0 7.59183e-17
9874.0 5.29241e-17
9876.0 4.69455e-17
9878.0 4.82215e-17
9880.0 5.77732e-17
9882.0 5.56909e-17
9884.0 5.75424e-17
9886.0 5.27606e-17
9888.0 5.71639e-17
9890.0 5.84475e-17
9892.0 5.91814e-17
9894.0 6.05746e-17
9896.0 6.47102e-17
9898.0 5.02428e-17
9900.0 4.74126e-17
9902.0 5.06769e-17
9904.0 5.11908e-17
9906.0 5.61298e-17
9908.0 5.36401e-17
9910.0 6.88981e-17
9912.0 5.83846e-17
9914.0 7.55073e-17
9916.0 7.28657e-17
9918.0 6.23419e-17
9920.0 5.08584e-17
9922.0 4.4012e-17
9924.0 4.3242e-17
9926.0 5.09939e-17
9928.0 4.96948e-17
9930.0 5.21895e-17
9932.0 4.99472e-17
9934.0 5.37087e-17
9936.0 5.74949e-17
9938.0 5.14168e-17
9940.0 5.00331e-17
9942.0 6.95047e-17
9944.0 7.27069e-17
9946.0 4.87744e-17
9948.0 6.20487e-17
9950.0 5.72435e-17
9952.0 4.34694e-17
9954.0 4.53566e-17
9956.0 5.66607e-17
9958.0 6.22954e-17
9960.0 6.75192e-17
9962.0 5.75874e-17
9964.0 5.52919e-17
9966.0 4.19977e-17
9968.0 4.87348e-17
9970.0 5.03392e-17
9972.0 4.83202e-17
9974.0 6.24437e-17
9976.0 5.70993e-17
9978.0 5.76815e-17
9980.0 6.16224e-17
9982.0 5.94304e-17
9984.0 5.77989e-17
9986.0 4.8586e-17
9988.0 5.44118e-17
9990.0 5.26098e-17
9992.0 5.36295e-17
9994.0 5.22873e-17
9996.0 5.6455e-17
9998.0 5.53461e-17
10000.0 5.44676e-17
10002.0 5.88036e-17
10004.0 5.58419e-17
10006.0 5.35034e-17
10008.0 7.02552e-17
10010.0 6.96445e-17
10012.0 6.32618e-17
10014.0 8.67819e-17
10016.0 3.78985e-17
10018.0 5.21727e-17
10020.0 5.68896e-17
10022.0 6.43881e-17
10024.0 5.67854e-17
10026.0 5.00501e-17
10028.0 6.11468e-17
10030.0 5.15319e-17
10032.0 5.25917e-17
10034.0 4.84885e-17
10036.0 5.6313e-17
10038.0 6.34164e-17
10040.0 5.67495e-17
10042.0 6.13498e-17
10044.0 5.72463e-17
10046.0 5.21619e-17
10048.0 5.23025e-17
10050.0 4.79188e-17
10052.0 5.95613e-17
10054.0 5.05069e-17
10056.0 4.39495e-17
10058.0 5.50217e-17
10060.0 4.95882e-17
10062.0 4.69085e-17
10064.0 4.71947e-17
10066.0 5.62537e-17
10068.0 5.69554e-17
10070.0 4.98348e-17
10072.0 5.39365e-17
10074.0 6.07424e-17
10076.0 4.99779e-17
10078.0 6.77187e-17
10080.0 6.58921e-17
10082.0 5.45329e-17
10084.0 6.12352e-17
10086.0 4.61299e-17
10088.0 6.53813e-17
10090.0 4.54134e-17
10092.0 5.08568e-17
10094.0 6.37523e-17
10096.0 4.98965e-17
10098.0 5.93402e-17
10100.0 8.18745e-17
10102.0 5.73619e-17
10104.0 4.73273e-17
10106.0 6.27265e-17
10108.0 4.50259e-17
10110.0 4.53564e-17
10112.0 4.981e-17
10114.0 4.11293e-17
10116.0 4.95779e-17
10118.0 3.90211e-17
10120.0 4.60662e-17
10122.0 7.68941e-17
10124.0 6.55152e-17
10126.0 7.36953e-17
10128.0 6.03009e-17
10130.0 5.22505e-17
10132.0 5.19037e-17
10134.0 4.47663e-17
10136.0 5.53881e-17
10138.0 5.52325e-17
10140.0 4.84989e-17
10142.0 5.36748e-17
10144.0 6.01628e-17
10146.0 7.6479e-17
10148.0 6.85e-17
10150.0 3.68893e-17
10152.0 6.98558e-17
10154.0 5.24825e-17
10156.0 6.052e-17
10158.0 6.43493e-17
10160.0 6.44172e-17
10162.0 6.05068e-17
10164.0 5.9559e-17
10166.0 6.35482e-17
10168.0 6.61476e-17
10170.0 6.71632e-17
10172.0 7.3624e-17
10174.0 7.25338e-17
10176.0 5.17918e-17
10178.0 6.94225e-17
10180.0 5.9836e-17
10182.0 3.97063e-17
10184.0 5.65474e-17
10186.0 5.19067e-17
10188.0 6.68583e-17
10190.0 5.27924e-17
10192.0 7.70707e-17
10194.0 4.2523e-17
10196.0 6.47351e-17
10198.0 5.3137e-17
10200.0 6.15029e-17
10202.0 5.96127e-17
10204.0 5.55695e-17
10206.0 4.5819e-17
10208.0 5.69712e-17
10210.0 5.59125e-17
10212.0 4.21819e-17
10214.0 6.81017e-17
10216.0 5.23588e-17
10218.0 6.29378e-17
10220.0 4.4403e-17
10222.0 4.54802e-17
10224.0 5.40089e-17
10226.0 4.66777e-17
10228.0 8.18583e-17
10230.0 5.7292e-17
10232.0 8.32314e-17
10234.0 5.62485e-17
10236.0 3.49718e-17
10238.0 3.58456e-17
10240.0 3.39576e-17
