3200.00035  1.44000e-16
3202.00013  1.42000e-16
3203.99990  1.15000e-16
3205.99968  9.66000e-17
3207.99946  1.39000e-16
3210.00042  1.21000e-16
3212.00019  1.65000e-16
3213.99997  1.45000e-16
3215.99974  1.20000e-16
3217.99952  9.97000e-17
3220.00048  9.90000e-17
3222.00026  9.87000e-17
3224.00003  1.22000e-16
3225.99981  1.04000e-16
3227.99958  1.15000e-16
3230.00054  1.12000e-16
3232.00032  1.14000e-16
3234.00010  1.18000e-16
3235.99987  1.06000e-16
3237.99965  1.17000e-16
3239.99942  1.02000e-16
3242.00038  1.07000e-16
3244.00016  1.03000e-16
3245.99994  9.95000e-17
3247.99971  1.41000e-16
3249.99949  1.45000e-16
3252.00045  1.22000e-16
3254.00022  1.13000e-16
3256.00000  1.08000e-16
3257.99978  1.01000e-16
3259.99955  1.08000e-16
3262.00051  1.37000e-16
3264.00029  1.10000e-16
3266.00006  1.50000e-16
3267.99984  1.52000e-16
3269.99962  1.40000e-16
3272.00058  1.18000e-16
3274.00035  1.25000e-16
3276.00013  1.31000e-16
3277.99990  1.38000e-16
3279.99968  1.45000e-16
3281.99946  1.26000e-16
3284.00042  1.30000e-16
3286.00019  1.34000e-16
3287.99997  1.37000e-16
3289.99974  1.17000e-16
3291.99952  1.39000e-16
3294.00048  1.17000e-16
3296.00026  1.43000e-16
3298.00003  1.23000e-16
3299.99981  1.32000e-16
3301.99958  1.25000e-16
3304.00054  1.24000e-16
3306.00032  1.35000e-16
3308.00010  1.29000e-16
3309.99987  1.15000e-16
3311.99965  1.44000e-16
3313.99942  1.26000e-16
3316.00038  1.26000e-16
3318.00016  1.48000e-16
3319.99994  1.46000e-16
3321.99971  1.46000e-16
3323.99949  1.48000e-16
3326.00045  1.28000e-16
3328.00022  1.13000e-16
3330.00000  1.42000e-16
3331.99978  1.27000e-16
3333.99955  1.28000e-16
3336.00051  1.22000e-16
3338.00029  1.28000e-16
3340.00006  1.28000e-16
3341.99984  1.06000e-16
3343.99962  1.20000e-16
3346.00058  1.28000e-16
3348.00035  1.25000e-16
3350.00013  1.30000e-16
3351.99990  1.52000e-16
3353.99968  1.40000e-16
3355.99946  1.47000e-16
3358.00042  1.22000e-16
3360.00019  1.46000e-16
3361.99997  1.53000e-16
3363.99974  1.27000e-16
3365.99952  1.14000e-16
3368.00048  1.33000e-16
3370.00026  1.21000e-16
3372.00003  1.20000e-16
3373.99981  1.30000e-16
3375.99958  1.20000e-16
3378.00054  1.24000e-16
3380.00032  1.26000e-16
3382.00010  1.27000e-16
3383.99987  1.34000e-16
3385.99965  1.41000e-16
3387.99942  1.22000e-16
3390.00038  1.28000e-16
3392.00016  1.43000e-16
3393.99994  1.26000e-16
3395.99971  1.41000e-16
3397.99949  1.37000e-16
3400.00045  1.29000e-16
3402.00022  1.40000e-16
3404.00000  1.36000e-16
3405.99978  1.36000e-16
3407.99955  1.21000e-16
3410.00051  1.37000e-16
3412.00029  1.21000e-16
3414.00006  1.28000e-16
3415.99984  1.20000e-16
3417.99962  1.43000e-16
3420.00058  1.26000e-16
3422.00035  1.33000e-16
3424.00013  1.43000e-16
3425.99990  1.36000e-16
3427.99968  1.35000e-16
3429.99946  1.34000e-16
3432.00042  1.50000e-16
3434.00019  1.31000e-16
3435.99997  1.34000e-16
3437.99974  1.31000e-16
3439.99952  1.47000e-16
3442.00048  1.31000e-16
3444.00026  1.28000e-16
3446.00003  1.35000e-16
3447.99981  1.22000e-16
3449.99958  1.34000e-16
3452.00054  1.22000e-16
3454.00032  1.17000e-16
3456.00010  1.22000e-16
3457.99987  1.21000e-16
3459.99965  1.33000e-16
3461.99942  1.37000e-16
3464.00038  1.25000e-16
3466.00016  1.25000e-16
3467.99994  1.28000e-16
3469.99971  1.32000e-16
3471.99949  1.17000e-16
3474.00045  1.33000e-16
3476.00022  1.35000e-16
3478.00000  1.30000e-16
3479.99978  1.28000e-16
3481.99955  1.20000e-16
3484.00051  1.31000e-16
3486.00029  1.30000e-16
3488.00006  1.31000e-16
3489.99984  1.16000e-16
3491.99962  1.25000e-16
3494.00058  1.16000e-16
3496.00035  1.09000e-16
3498.00013  1.20000e-16
3499.99990  1.35000e-16
3501.99968  1.21000e-16
3503.99946  1.15000e-16
3506.00042  1.15000e-16
3508.00019  1.30000e-16
3509.99997  1.25000e-16
3511.99974  1.16000e-16
3513.99952  1.17000e-16
3516.00048  1.19000e-16
3518.00026  1.18000e-16
3520.00003  1.14000e-16
3521.99981  1.16000e-16
3523.99958  1.27000e-16
3526.00054  1.19000e-16
3528.00032  1.15000e-16
3530.00010  1.18000e-16
3531.99987  1.22000e-16
3533.99965  1.19000e-16
3535.99942  1.15000e-16
3538.00038  1.21000e-16
3540.00016  1.13000e-16
3541.99994  1.14000e-16
3543.99971  1.22000e-16
3545.99949  1.11000e-16
3548.00045  1.08000e-16
3550.00022  1.14000e-16
3552.00000  1.18000e-16
3553.99978  1.14000e-16
3555.99955  1.12000e-16
3558.00051  1.10000e-16
3560.00029  1.28000e-16
3562.00006  1.24000e-16
3563.99984  1.20000e-16
3565.99962  1.16000e-16
3568.00058  1.17000e-16
3570.00035  1.17000e-16
3572.00013  1.12000e-16
3573.99990  1.09000e-16
3575.99968  1.22000e-16
3577.99946  1.14000e-16
3580.00042  1.05000e-16
3582.00019  1.10000e-16
3583.99997  1.04000e-16
3585.99974  1.07000e-16
3587.99952  1.24000e-16
3590.00048  1.16000e-16
3592.00026  1.03000e-16
3594.00003  1.24000e-16
3595.99981  1.18000e-16
3597.99958  1.13000e-16
3600.00054  1.13000e-16
3602.00032  1.15000e-16
3604.00010  1.25000e-16
3605.99987  1.22000e-16
3607.99965  1.31000e-16
3609.99942  1.26000e-16
3612.00038  1.24000e-16
3614.00016  1.16000e-16
3615.99994  1.19000e-16
3617.99971  1.14000e-16
3619.99949  1.22000e-16
3622.00045  1.25000e-16
3624.00022  1.17000e-16
3626.00000  1.22000e-16
3627.99978  1.15000e-16
3629.99955  1.20000e-16
3632.00051  1.16000e-16
3634.00029  1.29000e-16
3636.00006  1.17000e-16
3637.99984  1.19000e-16
3639.99962  1.28000e-16
3642.00058  1.13000e-16
3644.00035  1.20000e-16
3646.00013  1.27000e-16
3647.99990  1.27000e-16
3649.99968  1.30000e-16
3651.99946  1.23000e-16
3654.00042  1.18000e-16
3656.00019  1.23000e-16
3657.99997  1.27000e-16
3659.99974  1.11000e-16
3661.99952  1.27000e-16
3664.00048  1.27000e-16
3666.00026  1.11000e-16
3668.00003  1.13000e-16
3669.99981  1.18000e-16
3671.99958  1.23000e-16
3674.00054  1.09000e-16
3676.00032  1.16000e-16
3678.00010  1.14000e-16
3679.99987  1.09000e-16
3681.99965  1.06000e-16
3683.99942  1.18000e-16
3686.00038  1.18000e-16
3688.00016  1.16000e-16
3689.99994  1.05000e-16
3691.99971  1.22000e-16
3693.99949  1.13000e-16
3696.00045  1.13000e-16
3698.00022  1.12000e-16
3700.00000  1.12000e-16
3701.99978  1.18000e-16
3703.99955  1.03000e-16
3706.00051  1.13000e-16
3708.00029  1.09000e-16
3710.00006  1.07000e-16
3711.99984  1.04000e-16
3713.99962  1.02000e-16
3716.00058  1.11000e-16
3718.00035  1.05000e-16
3720.00013  1.13000e-16
3721.99990  1.10000e-16
3723.99968  1.16000e-16
3725.99946  1.05000e-16
3728.00042  1.12000e-16
3730.00019  1.01000e-16
3731.99997  1.15000e-16
3733.99974  1.05000e-16
3735.99952  1.14000e-16
3738.00048  1.10000e-16
3740.00026  1.07000e-16
3742.00003  1.14000e-16
3743.99981  1.17000e-16
3745.99958  1.08000e-16
3748.00054  1.06000e-16
3750.00032  1.09000e-16
3752.00010  9.81000e-17
3753.99987  1.10000e-16
3755.99965  1.12000e-16
3757.99942  1.10000e-16
3760.00038  1.14000e-16
3762.00016  1.12000e-16
3763.99994  1.13000e-16
3765.99971  1.09000e-16
3767.99949  1.08000e-16
3770.00045  1.12000e-16
3772.00022  1.11000e-16
3774.00000  1.08000e-16
3775.99978  1.14000e-16
3777.99955  1.15000e-16
3780.00051  1.17000e-16
3782.00029  1.17000e-16
3784.00006  1.06000e-16
3785.99984  1.10000e-16
3787.99962  1.10000e-16
3790.00058  1.03000e-16
3792.00035  1.08000e-16
3794.00013  1.10000e-16
3795.99990  1.11000e-16
3797.99968  1.15000e-16
3799.99946  1.09000e-16
3802.00042  1.13000e-16
3804.00019  1.07000e-16
3805.99997  1.12000e-16
3807.99974  1.20000e-16
3809.99952  1.14000e-16
3812.00048  1.17000e-16
3814.00026  1.11000e-16
3816.00003  1.14000e-16
3817.99981  1.08000e-16
3819.99958  1.17000e-16
3822.00054  1.03000e-16
3824.00032  1.10000e-16
3826.00010  1.15000e-16
3827.99987  1.13000e-16
3829.99965  1.13000e-16
3831.99942  1.14000e-16
3834.00038  1.15000e-16
3836.00016  1.05000e-16
3837.99994  1.12000e-16
3839.99971  1.10000e-16
3841.99949  1.00000e-16
3844.00045  1.05000e-16
3846.00022  1.03000e-16
3848.00000  1.19000e-16
3849.99978  1.08000e-16
3851.99955  1.04000e-16
3854.00051  1.05000e-16
3856.00029  1.11000e-16
3858.00006  1.05000e-16
3859.99984  1.01000e-16
3861.99962  1.04000e-16
3864.00058  1.01000e-16
3866.00035  1.02000e-16
3868.00013  1.03000e-16
3869.99990  9.47000e-17
3871.99968  1.04000e-16
3873.99946  1.02000e-16
3876.00042  9.05000e-17
3878.00019  9.36000e-17
3879.99997  1.06000e-16
3881.99974  1.10000e-16
3883.99952  9.69000e-17
3886.00048  1.03000e-16
3888.00026  1.07000e-16
3890.00003  1.03000e-16
3891.99981  1.04000e-16
3893.99958  1.00000e-16
3896.00054  9.80000e-17
3898.00032  1.01000e-16
3900.00010  1.03000e-16
3901.99987  9.81000e-17
3903.99965  1.06000e-16
3905.99942  1.07000e-16
3908.00038  9.66000e-17
3910.00016  1.03000e-16
3911.99994  9.81000e-17
3913.99971  9.72000e-17
3915.99949  9.20000e-17
3918.00045  9.84000e-17
3920.00022  9.08000e-17
3922.00000  1.03000e-16
3923.99978  9.63000e-17
3925.99955  1.02000e-16
3928.00051  9.93000e-17
3930.00029  9.88000e-17
3932.00006  1.03000e-16
3933.99984  1.00000e-16
3935.99962  1.00000e-16
3938.00058  9.95000e-17
3940.00035  1.02000e-16
3942.00013  1.04000e-16
3943.99990  1.04000e-16
3945.99968  1.03000e-16
3947.99946  1.03000e-16
3950.00042  9.91000e-17
3952.00019  1.06000e-16
3953.99997  9.15000e-17
3955.99974  1.03000e-16
3957.99952  9.73000e-17
3960.00048  9.86000e-17
3962.00026  1.03000e-16
3964.00003  9.27000e-17
3965.99981  9.56000e-17
3967.99958  9.26000e-17
3970.00054  1.00000e-16
3972.00032  9.72000e-17
3974.00010  9.78000e-17
3975.99987  1.01000e-16
3977.99965  9.48000e-17
3979.99942  9.89000e-17
3982.00038  9.69000e-17
3984.00016  9.41000e-17
3985.99994  9.61000e-17
3987.99971  9.33000e-17
3989.99949  9.46000e-17
3992.00045  1.01000e-16
3994.00022  9.97000e-17
3996.00000  9.51000e-17
3997.99978  9.48000e-17
3999.99955  9.26000e-17
4002.00051  1.01000e-16
4004.00029  1.02000e-16
4006.00006  9.57000e-17
4007.99984  9.89000e-17
4009.99962  9.45000e-17
4012.00058  9.22000e-17
4014.00035  9.06000e-17
4016.00013  9.14000e-17
4017.99990  9.62000e-17
4019.99968  9.02000e-17
4021.99946  9.50000e-17
4024.00042  9.37000e-17
4026.00019  8.83000e-17
4027.99997  9.77000e-17
4029.99974  9.19000e-17
4031.99952  9.28000e-17
4034.00048  9.21000e-17
4036.00026  8.91000e-17
4038.00003  9.46000e-17
4039.99981  8.83000e-17
4041.99958  9.06000e-17
4044.00054  8.66000e-17
4046.00032  8.97000e-17
4048.00010  9.04000e-17
4049.99987  9.76000e-17
4051.99965  8.65000e-17
4053.99942  8.42000e-17
4056.00038  8.83000e-17
4058.00016  8.45000e-17
4059.99994  8.84000e-17
4061.99971  8.65000e-17
4063.99949  8.88000e-17
4066.00045  9.18000e-17
4068.00022  8.97000e-17
4070.00000  9.44000e-17
4071.99978  9.25000e-17
4073.99955  9.04000e-17
4076.00051  9.27000e-17
4078.00029  8.95000e-17
4080.00006  8.57000e-17
4081.99984  8.86000e-17
4083.99962  9.03000e-17
4086.00058  8.58000e-17
4088.00035  9.31000e-17
4090.00013  8.98000e-17
4091.99990  8.84000e-17
4093.99968  9.17000e-17
4095.99946  8.79000e-17
4098.00042  8.55000e-17
4100.00019  8.77000e-17
4101.99997  8.72000e-17
4103.99974  8.96000e-17
4105.99952  8.69000e-17
4108.00048  8.43000e-17
4110.00026  8.33000e-17
4112.00003  8.71000e-17
4113.99981  9.15000e-17
4115.99958  8.04000e-17
4118.00054  8.15000e-17
4120.00032  8.56000e-17
4122.00010  8.94000e-17
4123.99987  8.63000e-17
4125.99965  8.70000e-17
4127.99942  8.69000e-17
4130.00038  8.81000e-17
4132.00016  8.76000e-17
4133.99994  8.51000e-17
4135.99971  8.44000e-17
4137.99949  8.12000e-17
4140.00045  8.96000e-17
4142.00022  9.03000e-17
4144.00000  9.28000e-17
4145.99978  8.33000e-17
4147.99955  8.16000e-17
4150.00051  8.70000e-17
4152.00029  8.54000e-17
4154.00006  8.94000e-17
4155.99984  8.95000e-17
4157.99962  8.83000e-17
4160.00058  8.42000e-17
4162.00035  8.74000e-17
4164.00013  8.76000e-17
4165.99990  8.22000e-17
4167.99968  8.16000e-17
4169.99946  7.91000e-17
4172.00042  8.69000e-17
4174.00019  8.70000e-17
4175.99997  8.93000e-17
4177.99974  8.36000e-17
4179.99952  8.33000e-17
4182.00048  8.60000e-17
4184.00026  8.87000e-17
4186.00003  8.00000e-17
4187.99981  8.65000e-17
4189.99958  8.23000e-17
4192.00054  8.29000e-17
4194.00032  8.64000e-17
4196.00010  8.59000e-17
4197.99987  8.89000e-17
4199.99965  8.64000e-17
4201.99942  8.63000e-17
4204.00038  8.57000e-17
4206.00016  8.53000e-17
4207.99994  8.52000e-17
4209.99971  8.41000e-17
4211.99949  8.48000e-17
4214.00045  8.66000e-17
4216.00022  7.63000e-17
4218.00000  8.92000e-17
4219.99978  8.87000e-17
4221.99955  8.45000e-17
4224.00051  8.09000e-17
4226.00029  7.94000e-17
4228.00006  7.99000e-17
4229.99984  8.14000e-17
4231.99962  7.91000e-17
4234.00058  8.03000e-17
4236.00035  8.03000e-17
4238.00013  7.45000e-17
4239.99990  8.11000e-17
4241.99968  7.64000e-17
4243.99946  8.72000e-17
4246.00042  8.11000e-17
4248.00019  7.78000e-17
4249.99997  7.58000e-17
4251.99974  7.50000e-17
4253.99952  7.57000e-17
4256.00048  7.63000e-17
4258.00026  7.77000e-17
4260.00003  7.74000e-17
4261.99981  7.50000e-17
4263.99958  8.04000e-17
4266.00054  7.89000e-17
4268.00032  8.00000e-17
4270.00010  7.67000e-17
4271.99987  8.02000e-17
4273.99965  7.98000e-17
4275.99942  8.50000e-17
4278.00038  7.79000e-17
4280.00016  8.00000e-17
4281.99994  7.79000e-17
4283.99971  7.57000e-17
4285.99949  7.78000e-17
4288.00045  8.19000e-17
4290.00022  8.19000e-17
4292.00000  7.64000e-17
4293.99978  8.11000e-17
4295.99955  7.56000e-17
4298.00051  7.81000e-17
4300.00029  8.07000e-17
4302.00006  7.61000e-17
4303.99984  7.42000e-17
4305.99962  7.64000e-17
4308.00058  7.51000e-17
4310.00035  7.37000e-17
4312.00013  7.79000e-17
4313.99990  7.64000e-17
4315.99968  8.18000e-17
4317.99946  7.93000e-17
4320.00042  7.75000e-17
4322.00019  7.89000e-17
4323.99997  7.85000e-17
4325.99974  7.92000e-17
4327.99952  8.36000e-17
4330.00048  8.00000e-17
4332.00026  8.44000e-17
4334.00003  7.85000e-17
4335.99981  7.81000e-17
4337.99958  8.17000e-17
4340.00054  7.03000e-17
4342.00032  8.37000e-17
4344.00010  7.96000e-17
4345.99987  7.62000e-17
4347.99965  7.99000e-17
4349.99942  7.59000e-17
4352.00038  7.55000e-17
4354.00016  7.69000e-17
4355.99994  7.85000e-17
4357.99971  7.53000e-17
4359.99949  7.80000e-17
4362.00045  7.69000e-17
4364.00022  8.03000e-17
4366.00000  7.91000e-17
4367.99978  8.07000e-17
4369.99955  7.81000e-17
4372.00051  7.67000e-17
4374.00029  7.58000e-17
4376.00006  7.51000e-17
4377.99984  7.88000e-17
4379.99962  7.58000e-17
4382.00058  7.60000e-17
4384.00035  7.63000e-17
4386.00013  7.75000e-17
4387.99990  8.19000e-17
4389.99968  7.32000e-17
4391.99946  7.33000e-17
4394.00042  7.25000e-17
4396.00019  7.59000e-17
4397.99997  7.04000e-17
4399.99974  6.87000e-17
4401.99952  6.84000e-17
4404.00048  7.29000e-17
4406.00026  7.18000e-17
4408.00003  7.91000e-17
4409.99981  6.94000e-17
4411.99958  6.88000e-17
4414.00054  7.06000e-17
4416.00032  7.59000e-17
4418.00010  7.69000e-17
4419.99987  7.24000e-17
4421.99965  7.29000e-17
4423.99942  7.23000e-17
4426.00038  6.88000e-17
4428.00016  7.30000e-17
4429.99994  7.40000e-17
4431.99971  6.84000e-17
4433.99949  7.11000e-17
4436.00045  7.03000e-17
4438.00022  7.14000e-17
4440.00000  7.39000e-17
4441.99978  7.39000e-17
4443.99955  7.12000e-17
4446.00051  6.98000e-17
4448.00029  7.37000e-17
4450.00006  6.78000e-17
4451.99984  7.33000e-17
4453.99962  7.00000e-17
4456.00058  7.12000e-17
4458.00035  7.16000e-17
4460.00013  7.46000e-17
4461.99990  6.96000e-17
4463.99968  6.81000e-17
4465.99946  7.16000e-17
4468.00042  6.90000e-17
4470.00019  7.10000e-17
4471.99997  7.17000e-17
4473.99974  6.51000e-17
4475.99952  6.97000e-17
4478.00048  6.88000e-17
4480.00026  7.12000e-17
4482.00003  7.19000e-17
4483.99981  6.99000e-17
4485.99958  7.00000e-17
4488.00054  7.31000e-17
4490.00032  6.96000e-17
4492.00010  6.56000e-17
4493.99987  6.81000e-17
4495.99965  6.60000e-17
4497.99942  6.56000e-17
4500.00038  6.68000e-17
4502.00016  6.91000e-17
4503.99994  6.74000e-17
4505.99971  6.89000e-17
4507.99949  7.21000e-17
4510.00045  7.56000e-17
4512.00022  6.68000e-17
4514.00000  6.76000e-17
4515.99978  6.37000e-17
4517.99955  7.46000e-17
4520.00051  7.01000e-17
4522.00029  6.96000e-17
4524.00006  6.69000e-17
4525.99984  5.97000e-17
4527.99962  6.19000e-17
4530.00058  6.65000e-17
4532.00035  6.85000e-17
4534.00013  6.87000e-17
4535.99990  7.02000e-17
4537.99968  6.55000e-17
4539.99946  6.65000e-17
4542.00042  6.98000e-17
4544.00019  6.73000e-17
4545.99997  6.97000e-17
4547.99974  7.02000e-17
4549.99952  6.86000e-17
4552.00048  6.88000e-17
4554.00026  6.62000e-17
4556.00003  6.59000e-17
4557.99981  6.59000e-17
4559.99958  6.54000e-17
4562.00054  6.46000e-17
4564.00032  6.24000e-17
4566.00010  6.36000e-17
4567.99987  6.41000e-17
4569.99965  6.46000e-17
4571.99942  6.05000e-17
4574.00038  6.61000e-17
4576.00016  6.54000e-17
4577.99994  6.37000e-17
4579.99971  7.18000e-17
4581.99949  6.34000e-17
4584.00045  6.27000e-17
4586.00022  6.97000e-17
4588.00000  6.33000e-17
4589.99978  6.19000e-17
4591.99955  6.26000e-17
4594.00051  6.60000e-17
4596.00029  7.07000e-17
4598.00006  6.27000e-17
4599.99984  6.46000e-17
4601.99962  5.80000e-17
4604.00058  6.75000e-17
4606.00035  6.52000e-17
4608.00013  6.33000e-17
4609.99990  6.24000e-17
4611.99968  7.00000e-17
4613.99946  7.00000e-17
4616.00042  6.73000e-17
4618.00019  6.19000e-17
4619.99997  6.87000e-17
4621.99974  6.41000e-17
4623.99952  6.14000e-17
4626.00048  6.60000e-17
4628.00026  6.16000e-17
4630.00003  6.33000e-17
4631.99981  6.18000e-17
4633.99958  6.49000e-17
4636.00054  5.86000e-17
4638.00032  6.47000e-17
4640.00010  6.29000e-17
4641.99987  6.28000e-17
4643.99965  6.48000e-17
4645.99942  6.21000e-17
4648.00038  6.45000e-17
4650.00016  6.40000e-17
4651.99994  6.22000e-17
4653.99971  6.01000e-17
4655.99949  6.23000e-17
4658.00045  5.94000e-17
4660.00022  5.99000e-17
4662.00000  6.04000e-17
4663.99978  5.77000e-17
4665.99955  5.65000e-17
4668.00051  5.95000e-17
4670.00029  5.81000e-17
4672.00006  5.97000e-17
4673.99984  5.65000e-17
4675.99962  6.18000e-17
4678.00058  6.01000e-17
4680.00035  6.36000e-17
4682.00013  6.40000e-17
4683.99990  5.76000e-17
4685.99968  5.66000e-17
4687.99946  5.77000e-17
4690.00042  6.36000e-17
4692.00019  6.73000e-17
4693.99997  5.74000e-17
4695.99974  5.83000e-17
4697.99952  6.17000e-17
4700.00048  5.79000e-17
4702.00026  5.74000e-17
4704.00003  5.74000e-17
4705.99981  5.64000e-17
4707.99958  5.86000e-17
4710.00054  5.76000e-17
4712.00032  5.74000e-17
4714.00010  5.71000e-17
4715.99987  5.77000e-17
4717.99965  5.69000e-17
4719.99942  5.63000e-17
4722.00038  5.97000e-17
4724.00016  5.83000e-17
4725.99994  5.38000e-17
4727.99971  5.85000e-17
4729.99949  5.68000e-17
4732.00045  5.55000e-17
4734.00022  5.61000e-17
4736.00000  5.98000e-17
4737.99978  5.82000e-17
4739.99955  5.78000e-17
4742.00051  5.58000e-17
4744.00029  5.31000e-17
4746.00006  5.15000e-17
4747.99984  5.15000e-17
4749.99962  5.66000e-17
4752.00058  5.93000e-17
4754.00035  5.89000e-17
4756.00013  5.73000e-17
4757.99990  5.79000e-17
4759.99968  5.61000e-17
4761.99946  5.81000e-17
4764.00042  5.43000e-17
4766.00019  6.07000e-17
4767.99997  5.66000e-17
4769.99974  5.90000e-17
4771.99952  5.75000e-17
4774.00048  6.12000e-17
4776.00026  5.59000e-17
4778.00003  5.66000e-17
4779.99981  6.05000e-17
4781.99958  5.85000e-17
4784.00054  5.68000e-17
4786.00032  5.71000e-17
4788.00010  5.80000e-17
4789.99987  5.53000e-17
4791.99965  6.01000e-17
4793.99942  5.44000e-17
4796.00038  5.23000e-17
4798.00016  5.46000e-17
4799.99994  5.74000e-17
4801.99971  5.62000e-17
4803.99949  5.88000e-17
4806.00045  5.72000e-17
4808.00022  5.59000e-17
4810.00000  5.29000e-17
4811.99978  5.96000e-17
4813.99955  5.95000e-17
4816.00051  6.19000e-17
4818.00029  6.13000e-17
4820.00006  5.86000e-17
4821.99984  5.73000e-17
4823.99962  5.42000e-17
4826.00058  5.92000e-17
4828.00035  5.85000e-17
4830.00013  5.63000e-17
4831.99990  5.81000e-17
4833.99968  6.28000e-17
4835.99946  6.28000e-17
4838.00042  5.71000e-17
4840.00019  5.33000e-17
4841.99997  5.71000e-17
4843.99974  5.81000e-17
4845.99952  6.10000e-17
4848.00048  6.06000e-17
4850.00026  6.02000e-17
4852.00003  6.12000e-17
4853.99981  6.12000e-17
4855.99958  5.92000e-17
4858.00054  5.89000e-17
4860.00032  5.72000e-17
4862.00010  6.06000e-17
4863.99987  5.69000e-17
4865.99965  6.21000e-17
4867.99942  5.65000e-17
4870.00038  5.48000e-17
4872.00016  5.06000e-17
4873.99994  5.51000e-17
4875.99971  5.47000e-17
4877.99949  5.41000e-17
4880.00045  5.40000e-17
4882.00022  5.60000e-17
4884.00000  5.54000e-17
4885.99978  5.80000e-17
4887.99955  5.91000e-17
4890.00051  5.47000e-17
4892.00029  5.36000e-17
4894.00006  5.12000e-17
4895.99984  5.50000e-17
4897.99962  5.50000e-17
4900.00058  5.42000e-17
4902.00035  5.60000e-17
4904.00013  5.44000e-17
4905.99990  5.51000e-17
4907.99968  5.09000e-17
4909.99946  5.28000e-17
4912.00042  5.62000e-17
4914.00019  5.44000e-17
4915.99997  5.45000e-17
4917.99974  5.46000e-17
4919.99952  4.83000e-17
4922.00048  4.86000e-17
4924.00026  5.33000e-17
4926.00003  5.02000e-17
4927.99981  5.49000e-17
4929.99958  5.60000e-17
4932.00054  5.14000e-17
4934.00032  4.86000e-17
4936.00010  5.04000e-17
4937.99987  5.33000e-17
4939.99965  4.93000e-17
4941.99942  5.29000e-17
4944.00038  5.09000e-17
4946.00016  5.22000e-17
4947.99994  4.69000e-17
4949.99971  4.84000e-17
4951.99949  4.84000e-17
4954.00045  4.98000e-17
4956.00022  4.91000e-17
4958.00000  4.94000e-17
4959.99978  5.09000e-17
4961.99955  5.24000e-17
4964.00051  5.29000e-17
4966.00029  4.80000e-17
4968.00006  5.42000e-17
4969.99984  4.90000e-17
4971.99962  5.06000e-17
4974.00058  5.48000e-17
4976.00035  5.19000e-17
4978.00013  5.03000e-17
4979.99990  5.34000e-17
4981.99968  4.53000e-17
4983.99946  5.49000e-17
4986.00042  4.81000e-17
4988.00019  4.55000e-17
4989.99997  4.82000e-17
4991.99974  4.88000e-17
4993.99952  4.40000e-17
4996.00048  5.23000e-17
4998.00026  4.71000e-17
5000.00003  4.68000e-17
5001.99981  5.45000e-17
5003.99958  4.90000e-17
5006.00054  5.29000e-17
5008.00032  4.94000e-17
5010.00010  5.05000e-17
5011.99987  4.64000e-17
5013.99965  5.11000e-17
5015.99942  4.61000e-17
5018.00038  5.00000e-17
5020.00016  5.01000e-17
5021.99994  4.81000e-17
5023.99971  5.16000e-17
5025.99949  5.02000e-17
5028.00045  5.02000e-17
5030.00022  4.75000e-17
5032.00000  4.89000e-17
5033.99978  4.95000e-17
5035.99955  5.17000e-17
5038.00051  4.90000e-17
5040.00029  5.16000e-17
5042.00006  4.99000e-17
5043.99984  4.74000e-17
5045.99962  5.03000e-17
5048.00058  4.66000e-17
5050.00035  4.61000e-17
5052.00013  4.91000e-17
5053.99990  5.29000e-17
5055.99968  4.98000e-17
5057.99946  5.29000e-17
5060.00042  5.00000e-17
5062.00019  4.71000e-17
5063.99997  4.59000e-17
5065.99974  5.12000e-17
5067.99952  4.98000e-17
5070.00048  5.09000e-17
5072.00026  5.23000e-17
5074.00003  4.91000e-17
5075.99981  5.09000e-17
5077.99958  5.55000e-17
5080.00054  5.14000e-17
5082.00032  5.27000e-17
5084.00010  4.56000e-17
5085.99987  5.13000e-17
5087.99965  5.28000e-17
5089.99942  5.58000e-17
5092.00038  4.89000e-17
5094.00016  4.80000e-17
5095.99994  5.46000e-17
5097.99971  5.13000e-17
5099.99949  5.03000e-17
5102.00045  5.08000e-17
5104.00022  4.97000e-17
5106.00000  5.15000e-17
5107.99978  5.11000e-17
5109.99955  5.27000e-17
5112.00051  5.32000e-17
5114.00029  4.00000e-17
5116.00006  5.03000e-17
5117.99984  5.10000e-17
5119.99962  5.36000e-17
5122.00058  5.04000e-17
5124.00035  4.84000e-17
5126.00013  4.99000e-17
5127.99990  4.93000e-17
5129.99968  5.09000e-17
5131.99946  4.75000e-17
5134.00042  4.87000e-17
5136.00019  4.75000e-17
5137.99997  5.26000e-17
5139.99974  5.30000e-17
5141.99952  4.71000e-17
5144.00048  4.91000e-17
5146.00026  5.19000e-17
5148.00003  4.83000e-17
5149.99981  4.80000e-17
5151.99958  4.87000e-17
5154.00054  4.86000e-17
5156.00032  4.93000e-17
5158.00010  5.00000e-17
5159.99987  5.36000e-17
5161.99965  4.86000e-17
5163.99942  4.54000e-17
5166.00038  4.91000e-17
5168.00016  5.35000e-17
5169.99994  4.85000e-17
5171.99971  5.02000e-17
5173.99949  4.96000e-17
5176.00045  4.92000e-17
5178.00022  5.03000e-17
5180.00000  4.99000e-17
5181.99978  4.88000e-17
5183.99955  4.47000e-17
5186.00051  4.54000e-17
5188.00029  5.75000e-17
5190.00006  5.35000e-17
5191.99984  5.26000e-17
5193.99962  4.72000e-17
5196.00058  4.67000e-17
5198.00035  4.85000e-17
5200.00013  4.73000e-17
5201.99990  5.29000e-17
5203.99968  5.28000e-17
5205.99946  5.40000e-17
5208.00042  5.29000e-17
5210.00019  4.60000e-17
5211.99997  4.77000e-17
5213.99974  5.05000e-17
5215.99952  5.14000e-17
5218.00048  4.90000e-17
5220.00026  4.71000e-17
5222.00003  4.97000e-17
5223.99981  4.72000e-17
5225.99958  4.88000e-17
5228.00054  4.59000e-17
5230.00032  5.22000e-17
5232.00010  5.33000e-17
5233.99987  4.28000e-17
5235.99965  4.64000e-17
5237.99942  4.80000e-17
5240.00038  4.81000e-17
5242.00016  4.68000e-17
5243.99994  4.89000e-17
5245.99971  4.56000e-17
5247.99949  4.63000e-17
5250.00045  4.29000e-17
5252.00022  5.23000e-17
5254.00000  4.86000e-17
5255.99978  5.03000e-17
5257.99955  4.41000e-17
5260.00051  5.04000e-17
5262.00029  5.41000e-17
5264.00006  4.51000e-17
5265.99984  4.50000e-17
5267.99962  5.03000e-17
5270.00058  5.25000e-17
5272.00035  4.71000e-17
5274.00013  4.41000e-17
5275.99990  4.70000e-17
5277.99968  4.69000e-17
5279.99946  4.57000e-17
5282.00042  5.23000e-17
5284.00019  4.47000e-17
5285.99997  4.66000e-17
5287.99974  4.45000e-17
5289.99952  4.60000e-17
5292.00048  4.08000e-17
5294.00026  5.07000e-17
5296.00003  4.86000e-17
5297.99981  4.68000e-17
5299.99958  4.99000e-17
5302.00054  4.38000e-17
5304.00032  5.14000e-17
5306.00010  4.49000e-17
5307.99987  4.48000e-17
5309.99965  4.52000e-17
5311.99942  4.58000e-17
5314.00038  4.80000e-17
5316.00016  4.13000e-17
5317.99994  5.09000e-17
5319.99971  4.88000e-17
5321.99949  4.76000e-17
5324.00045  4.17000e-17
5326.00022  4.68000e-17
5328.00000  4.04000e-17
5329.99978  4.49000e-17
5331.99955  4.23000e-17
5334.00051  4.38000e-17
5336.00029  4.67000e-17
5338.00006  4.26000e-17
5339.99984  4.07000e-17
5341.99962  4.50000e-17
5344.00058  4.04000e-17
5346.00035  4.45000e-17
5348.00013  4.95000e-17
5349.99990  4.38000e-17
5351.99968  4.62000e-17
5353.99946  4.06000e-17
5356.00042  4.66000e-17
5358.00019  5.06000e-17
5359.99997  4.52000e-17
5361.99974  4.32000e-17
5363.99952  4.31000e-17
5366.00048  4.27000e-17
5368.00026  4.00000e-17
5370.00003  4.45000e-17
5371.99981  3.74000e-17
5373.99958  4.47000e-17
5376.00054  5.09000e-17
5378.00032  4.77000e-17
5380.00010  3.76000e-17
5381.99987  4.17000e-17
5383.99965  4.77000e-17
5385.99942  4.64000e-17
5388.00038  4.35000e-17
5390.00016  4.86000e-17
5391.99994  4.49000e-17
5393.99971  4.33000e-17
5395.99949  4.52000e-17
5398.00045  4.20000e-17
5400.00022  4.22000e-17
5402.00000  4.93000e-17
5403.99978  4.92000e-17
5405.99955  4.80000e-17
5408.00051  4.30000e-17
5410.00029  4.74000e-17
5412.00006  5.35000e-17
5413.99984  4.87000e-17
5415.99962  4.17000e-17
5418.00058  4.95000e-17
5420.00035  4.72000e-17
5422.00013  4.58000e-17
5423.99990  4.52000e-17
5425.99968  4.57000e-17
5427.99946  4.66000e-17
5430.00042  4.89000e-17
5432.00019  4.36000e-17
5433.99997  4.40000e-17
5435.99974  4.79000e-17
5437.99952  4.70000e-17
5440.00048  4.64000e-17
5442.00026  4.54000e-17
5444.00003  4.45000e-17
5445.99981  4.17000e-17
5447.99958  4.29000e-17
5450.00054  4.85000e-17
5452.00032  4.79000e-17
5454.00010  4.70000e-17
5455.99987  4.81000e-17
5457.99965  4.57000e-17
5459.99942  4.63000e-17
5462.00038  5.21000e-17
5464.00016  4.75000e-17
5465.99994  4.65000e-17
5467.99971  4.36000e-17
5469.99949  4.68000e-17
5472.00045  4.13000e-17
5474.00022  4.53000e-17
5476.00000  4.40000e-17
5477.99978  4.82000e-17
5479.99955  4.49000e-17
5482.00051  4.53000e-17
5484.00029  4.77000e-17
5486.00006  5.15000e-17
5487.99984  3.83000e-17
5489.99962  4.78000e-17
5492.00058  4.37000e-17
5494.00035  4.52000e-17
5496.00013  4.77000e-17
5497.99990  4.44000e-17
5499.99968  5.03000e-17
5501.99946  4.95000e-17
5504.00042  4.33000e-17
5506.00019  4.22000e-17
5507.99997  4.58000e-17
5509.99974  5.33000e-17
5511.99952  4.28000e-17
5514.00048  4.32000e-17
5516.00026  4.19000e-17
5518.00003  4.56000e-17
5519.99981  5.01000e-17
5521.99958  4.79000e-17
5524.00054  4.84000e-17
5526.00032  4.86000e-17
5528.00010  4.87000e-17
5529.99987  4.43000e-17
5531.99965  5.55000e-17
5533.99942  4.36000e-17
5536.00038  4.94000e-17
5538.00016  4.68000e-17
5539.99994  4.55000e-17
5541.99971  4.63000e-17
5543.99949  4.69000e-17
5546.00045  4.61000e-17
5548.00022  4.70000e-17
5550.00000  4.68000e-17
5551.99978  5.56000e-17
5553.99955  4.76000e-17
5556.00051  4.15000e-17
5558.00029  5.15000e-17
5560.00006  4.93000e-17
5561.99984  4.59000e-17
5563.99962  4.93000e-17
5566.00058  4.38000e-17
5568.00035  4.52000e-17
5570.00013  5.16000e-17
5571.99990  5.44000e-17
5573.99968  5.28000e-17
5575.99946  6.01000e-17
5578.00042  5.94000e-17
5580.00019  5.58000e-17
5581.99997  6.15000e-17
5583.99974  5.34000e-17
5585.99952  5.37000e-17
5588.00048  4.40000e-17
5590.00026  4.91000e-17
5592.00003  5.25000e-17
5593.99981  5.93000e-17
5595.99958  5.06000e-17
5598.00054  6.34000e-17
5600.00032  5.66000e-17
5602.00010  6.09000e-17
5603.99987  6.29000e-17
5605.99965  5.77000e-17
5607.99942  4.83000e-17
5610.00038  5.19000e-17
5612.00016  5.33000e-17
5613.99994  5.94000e-17
5615.99971  5.18000e-17
5617.99949  5.09000e-17
5620.00045  5.85000e-17
5622.00022  5.83000e-17
5624.00000  5.57000e-17
5625.99978  5.46000e-17
5627.99955  5.27000e-17
5630.00051  5.70000e-17
5632.00029  5.37000e-17
5634.00006  5.73000e-17
5635.99984  5.73000e-17
5637.99962  4.70000e-17
5640.00058  5.54000e-17
5642.00035  5.30000e-17
5644.00013  5.37000e-17
5645.99990  5.82000e-17
5647.99968  4.82000e-17
5649.99946  5.26000e-17
5652.00042  4.72000e-17
5654.00019  5.26000e-17
5655.99997  4.50000e-17
5657.99974  5.12000e-17
5659.99952  5.42000e-17
5662.00048  4.06000e-17
5664.00026  4.55000e-17
5666.00003  4.60000e-17
5667.99981  5.26000e-17
5669.99958  5.08000e-17
5672.00054  5.25000e-17
5674.00032  5.09000e-17
5676.00010  5.79000e-17
5677.99987  3.76000e-17
5679.99965  5.45000e-17
5681.99942  4.63000e-17
5684.00038  4.78000e-17
5686.00016  4.20000e-17
5687.99994  4.74000e-17
5689.99971  5.12000e-17
5691.99949  4.59000e-17
5694.00045  4.89000e-17
5696.00022  4.97000e-17
5698.00000  4.35000e-17
5699.99978  5.11000e-17
5701.99955  4.55000e-17
5704.00051  5.58000e-17
5706.00029  4.68000e-17
5708.00006  5.19000e-17
5709.99984  5.38000e-17
5711.99962  5.11000e-17
5714.00058  5.08000e-17
5716.00035  5.10000e-17
5718.00013  4.98000e-17
5719.99990  4.67000e-17
5721.99968  5.59000e-17
5723.99946  5.18000e-17
5726.00042  5.65000e-17
5728.00019  5.53000e-17
5729.99997  5.93000e-17
5731.99974  6.11000e-17
5733.99952  6.03000e-17
5736.00048  5.17000e-17
5738.00026  5.54000e-17
5740.00003  5.95000e-17
5741.99981  5.21000e-17
5743.99958  5.06000e-17
5746.00054  5.32000e-17
5748.00032  5.57000e-17
5750.00010  5.67000e-17
5751.99987  5.78000e-17
5753.99965  5.16000e-17
5755.99942  5.68000e-17
5758.00038  5.08000e-17
5760.00016  5.24000e-17
5761.99994  5.80000e-17
5763.99971  5.21000e-17
5765.99949  5.31000e-17
5768.00045  5.20000e-17
5770.00022  5.24000e-17
5772.00000  5.66000e-17
5773.99978  5.93000e-17
5775.99955  5.52000e-17
5778.00051  5.26000e-17
5780.00029  5.41000e-17
5782.00006  5.91000e-17
5783.99984  5.33000e-17
5785.99962  5.47000e-17
5788.00058  5.58000e-17
5790.00035  5.54000e-17
5792.00013  5.75000e-17
5793.99990  5.86000e-17
5795.99968  5.23000e-17
5797.99946  5.60000e-17
5800.00042  5.67000e-17
5802.00019  5.69000e-17
5803.99997  5.44000e-17
5805.99974  6.10000e-17
5807.99952  5.50000e-17
5810.00048  5.94000e-17
5812.00026  5.95000e-17
5814.00003  5.28000e-17
5815.99981  5.61000e-17
5817.99958  5.50000e-17
5820.00054  5.89000e-17
5822.00032  6.56000e-17
5824.00010  5.68000e-17
5825.99987  5.45000e-17
5827.99965  4.85000e-17
5829.99942  6.00000e-17
5832.00038  6.13000e-17
5834.00016  4.79000e-17
5835.99994  5.14000e-17
5837.99971  6.26000e-17
5839.99949  6.07000e-17
5842.00045  6.32000e-17
5844.00022  5.11000e-17
5846.00000  5.49000e-17
5847.99978  5.96000e-17
5849.99955  5.26000e-17
5852.00051  5.51000e-17
5854.00029  5.48000e-17
5856.00006  5.74000e-17
5857.99984  6.08000e-17
5859.99962  6.24000e-17
5862.00058  5.51000e-17
5864.00035  5.60000e-17
5866.00013  5.57000e-17
5867.99990  4.96000e-17
5869.99968  5.08000e-17
5871.99946  5.67000e-17
5874.00042  5.61000e-17
5876.00019  5.55000e-17
5877.99997  5.70000e-17
5879.99974  5.06000e-17
5881.99952  5.26000e-17
5884.00048  4.96000e-17
5886.00026  5.38000e-17
5888.00003  5.01000e-17
5889.99981  5.12000e-17
5891.99958  5.77000e-17
5894.00054  5.14000e-17
5896.00032  5.60000e-17
5898.00010  5.29000e-17
5899.99987  5.48000e-17
5901.99965  4.87000e-17
5903.99942  5.83000e-17
5906.00038  5.41000e-17
5908.00016  5.00000e-17
5909.99994  5.50000e-17
5911.99971  5.26000e-17
5913.99949  5.20000e-17
5916.00045  5.38000e-17
5918.00022  5.12000e-17
5920.00000  4.65000e-17
5921.99978  4.78000e-17
5923.99955  4.86000e-17
5926.00051  5.12000e-17
5928.00029  5.11000e-17
5930.00006  4.98000e-17
5931.99984  5.50000e-17
5933.99962  4.65000e-17
5936.00058  4.28000e-17
5938.00035  4.25000e-17
5940.00013  3.65000e-17
5941.99990  4.57000e-17
5943.99968  5.03000e-17
5945.99946  4.80000e-17
5948.00042  5.24000e-17
5950.00019  5.23000e-17
5951.99997  5.72000e-17
5953.99974  4.92000e-17
5955.99952  4.38000e-17
5958.00048  4.58000e-17
5960.00026  4.33000e-17
5962.00003  5.18000e-17
5963.99981  5.01000e-17
5965.99958  4.90000e-17
5968.00054  4.14000e-17
5970.00032  4.60000e-17
5972.00010  5.05000e-17
5973.99987  4.82000e-17
5975.99965  4.73000e-17
5977.99942  4.93000e-17
5980.00038  4.52000e-17
5982.00016  4.82000e-17
5983.99994  4.64000e-17
5985.99971  4.69000e-17
5987.99949  5.04000e-17
5990.00045  4.63000e-17
5992.00022  5.00000e-17
5994.00000  5.09000e-17
5995.99978  4.74000e-17
5997.99955  4.57000e-17
6000.00051  4.38000e-17
6002.00029  4.22000e-17
6004.00006  4.64000e-17
6005.99984  4.59000e-17
6007.99962  4.95000e-17
6010.00058  4.70000e-17
6012.00035  4.49000e-17
6014.00013  5.08000e-17
6015.99990  4.83000e-17
6017.99968  4.82000e-17
6019.99946  5.12000e-17
6022.00042  4.55000e-17
6024.00019  4.44000e-17
6025.99997  4.96000e-17
6027.99974  4.25000e-17
6029.99952  4.67000e-17
6032.00048  5.18000e-17
6034.00026  4.39000e-17
6036.00003  4.10000e-17
6037.99981  4.47000e-17
6039.99958  4.00000e-17
6042.00054  4.26000e-17
6044.00032  4.25000e-17
6046.00010  4.67000e-17
6047.99987  4.36000e-17
6049.99965  4.40000e-17
6051.99942  4.65000e-17
6054.00038  4.27000e-17
6056.00016  4.48000e-17
6057.99994  4.63000e-17
6059.99971  4.54000e-17
6061.99949  4.51000e-17
6064.00045  4.49000e-17
6066.00022  4.15000e-17
6068.00000  4.49000e-17
6069.99978  4.52000e-17
6071.99955  4.53000e-17
6074.00051  3.78000e-17
6076.00029  4.83000e-17
6078.00006  4.37000e-17
6079.99984  4.89000e-17
6081.99962  4.93000e-17
6084.00058  4.67000e-17
6086.00035  4.53000e-17
6088.00013  4.69000e-17
6089.99990  3.96000e-17
6091.99968  4.41000e-17
6093.99946  4.68000e-17
6096.00042  4.43000e-17
6098.00019  4.35000e-17
6099.99997  4.51000e-17
6101.99974  4.14000e-17
6103.99952  4.55000e-17
6106.00048  4.47000e-17
6108.00026  4.58000e-17
6110.00003  4.56000e-17
6111.99981  4.71000e-17
6113.99958  4.24000e-17
6116.00054  4.03000e-17
6118.00032  4.20000e-17
6120.00010  3.91000e-17
6121.99987  4.06000e-17
6123.99965  4.74000e-17
6125.99942  4.07000e-17
6128.00038  4.24000e-17
6130.00016  4.32000e-17
6131.99994  4.39000e-17
6133.99971  4.43000e-17
6135.99949  4.66000e-17
6138.00045  4.90000e-17
6140.00022  4.71000e-17
6142.00000  3.98000e-17
6143.99978  4.26000e-17
6145.99955  4.25000e-17
6148.00051  4.23000e-17
6150.00029  3.52000e-17
6152.00006  4.24000e-17
6153.99984  4.85000e-17
6155.99962  3.77000e-17
6158.00058  4.36000e-17
6160.00035  4.29000e-17
6162.00013  4.46000e-17
6163.99990  3.86000e-17
6165.99968  4.06000e-17
6167.99946  3.36000e-17
6170.00042  3.59000e-17
6172.00019  4.01000e-17
6173.99997  4.06000e-17
6175.99974  3.71000e-17
6177.99952  3.21000e-17
6180.00048  3.78000e-17
6182.00026  4.62000e-17
6184.00003  4.00000e-17
6185.99981  4.48000e-17
6187.99958  4.45000e-17
6190.00054  3.66000e-17
6192.00032  3.86000e-17
6194.00010  4.15000e-17
6195.99987  3.66000e-17
6197.99965  4.17000e-17
6199.99942  3.83000e-17
6202.00038  3.40000e-17
6204.00016  3.80000e-17
6205.99994  3.97000e-17
6207.99971  3.95000e-17
6209.99949  4.24000e-17
6212.00045  3.87000e-17
6214.00022  4.34000e-17
6216.00000  4.44000e-17
6217.99978  3.82000e-17
6219.99955  3.79000e-17
6222.00051  3.84000e-17
6224.00029  4.25000e-17
6226.00006  4.38000e-17
6227.99984  4.11000e-17
6229.99962  4.17000e-17
6232.00058  3.83000e-17
6234.00035  4.21000e-17
6236.00013  3.74000e-17
6237.99990  3.71000e-17
6239.99968  3.90000e-17
6241.99946  3.80000e-17
6244.00042  4.42000e-17
6246.00019  4.21000e-17
6247.99997  3.78000e-17
6249.99974  3.84000e-17
6251.99952  3.89000e-17
6254.00048  4.55000e-17
6256.00026  3.55000e-17
6258.00003  4.28000e-17
6259.99981  4.38000e-17
6261.99958  4.18000e-17
6264.00054  3.80000e-17
6266.00032  3.87000e-17
6268.00010  3.97000e-17
6269.99987  3.50000e-17
6271.99965  3.83000e-17
6273.99942  3.87000e-17
6276.00038  3.55000e-17
6278.00016  3.83000e-17
6279.99994  4.28000e-17
6281.99971  4.20000e-17
6283.99949  3.60000e-17
6286.00045  4.25000e-17
6288.00022  3.90000e-17
6290.00000  3.97000e-17
6291.99978  3.75000e-17
6293.99955  3.76000e-17
6296.00051  3.99000e-17
6298.00029  4.40000e-17
6300.00006  4.76000e-17
6301.99984  4.70000e-17
6303.99962  3.90000e-17
6306.00058  3.41000e-17
6308.00035  3.71000e-17
6310.00013  3.62000e-17
6311.99990  3.84000e-17
6313.99968  3.91000e-17
6315.99946  3.71000e-17
6318.00042  3.63000e-17
6320.00019  3.65000e-17
6321.99997  3.61000e-17
6323.99974  4.21000e-17
6325.99952  4.11000e-17
6328.00048  3.91000e-17
6330.00026  3.92000e-17
6332.00003  3.75000e-17
6333.99981  4.09000e-17
6335.99958  3.29000e-17
6338.00054  3.63000e-17
6340.00032  3.82000e-17
6342.00010  3.98000e-17
6343.99987  4.26000e-17
6345.99965  4.29000e-17
6347.99942  3.98000e-17
6350.00038  3.93000e-17
6352.00016  3.90000e-17
6353.99994  4.39000e-17
6355.99971  4.01000e-17
6357.99949  3.61000e-17
6360.00045  3.77000e-17
6362.00022  4.08000e-17
6364.00000  3.79000e-17
6365.99978  3.96000e-17
6367.99955  4.15000e-17
6370.00051  3.86000e-17
6372.00029  3.65000e-17
6374.00006  3.85000e-17
6375.99984  4.20000e-17
6377.99962  3.86000e-17
6380.00058  3.62000e-17
6382.00035  3.40000e-17
6384.00013  4.39000e-17
6385.99990  4.29000e-17
6387.99968  4.36000e-17
6389.99946  3.65000e-17
6392.00042  3.56000e-17
6394.00019  4.50000e-17
6395.99997  3.58000e-17
6397.99974  3.40000e-17
6399.99952  3.61000e-17
6402.00048  3.94000e-17
6404.00026  3.75000e-17
6406.00003  3.93000e-17
6407.99981  3.54000e-17
6409.99958  3.67000e-17
6412.00054  3.63000e-17
6414.00032  4.08000e-17
6416.00010  4.37000e-17
6417.99987  4.17000e-17
6419.99965  4.14000e-17
6421.99942  3.95000e-17
6424.00038  4.50000e-17
6426.00016  4.05000e-17
6427.99994  4.61000e-17
6429.99971  4.29000e-17
6431.99949  3.74000e-17
6434.00045  3.87000e-17
6436.00022  4.27000e-17
6438.00000  4.22000e-17
6439.99978  4.20000e-17
6441.99955  4.09000e-17
6444.00051  3.90000e-17
6446.00029  3.67000e-17
6448.00006  4.12000e-17
6449.99984  3.53000e-17
6451.99962  4.17000e-17
6454.00058  4.20000e-17
6456.00035  4.07000e-17
6458.00013  3.67000e-17
6459.99990  4.01000e-17
6461.99968  4.30000e-17
6463.99946  4.17000e-17
6466.00042  3.69000e-17
6468.00019  4.24000e-17
6469.99997  3.94000e-17
6471.99974  3.61000e-17
6473.99952  3.95000e-17
6476.00048  3.76000e-17
6478.00026  4.14000e-17
6480.00003  3.46000e-17
6481.99981  4.15000e-17
6483.99958  3.89000e-17
6486.00054  3.66000e-17
6488.00032  4.17000e-17
6490.00010  3.37000e-17
6491.99987  3.52000e-17
6493.99965  4.10000e-17
6495.99942  3.68000e-17
6498.00038  3.32000e-17
6500.00016  3.09000e-17
6501.99994  3.79000e-17
6503.99971  3.57000e-17
6505.99949  3.81000e-17
6508.00045  3.32000e-17
6510.00022  3.74000e-17
6512.00000  4.15000e-17
6513.99978  3.91000e-17
6515.99955  3.92000e-17
6518.00051  4.09000e-17
6520.00029  3.70000e-17
6522.00006  4.29000e-17
6523.99984  3.41000e-17
6525.99962  3.42000e-17
6528.00058  3.36000e-17
6530.00035  3.31000e-17
6532.00013  4.01000e-17
6533.99990  2.87000e-17
6535.99968  2.96000e-17
6537.99946  3.44000e-17
6540.00042  3.74000e-17
6542.00019  3.62000e-17
6543.99997  3.75000e-17
6545.99974  3.80000e-17
6547.99952  3.44000e-17
6550.00048  3.61000e-17
6552.00026  3.69000e-17
6554.00003  3.52000e-17
6555.99981  3.84000e-17
6557.99958  3.38000e-17
6560.00054  3.79000e-17
6562.00032  3.55000e-17
6564.00010  4.13000e-17
6565.99987  3.55000e-17
6567.99965  3.05000e-17
6569.99942  3.49000e-17
6572.00038  3.69000e-17
6574.00016  3.68000e-17
6575.99994  3.49000e-17
6577.99971  3.79000e-17
6579.99949  3.87000e-17
6582.00045  3.42000e-17
6584.00022  3.47000e-17
6586.00000  3.33000e-17
6587.99978  3.83000e-17
6589.99955  3.54000e-17
6592.00051  3.65000e-17
6594.00029  3.59000e-17
6596.00006  3.13000e-17
6597.99984  3.73000e-17
6599.99962  3.84000e-17
6602.00058  3.57000e-17
6604.00035  3.77000e-17
6606.00013  2.92000e-17
6607.99990  3.46000e-17
6609.99968  3.58000e-17
6611.99946  3.75000e-17
6614.00042  3.50000e-17
6616.00019  3.34000e-17
6617.99997  3.26000e-17
6619.99974  3.60000e-17
6621.99952  3.69000e-17
6624.00048  3.50000e-17
6626.00026  3.31000e-17
6628.00003  3.96000e-17
6629.99981  3.81000e-17
6631.99958  2.93000e-17
6634.00054  3.34000e-17
6636.00032  3.81000e-17
6638.00010  3.83000e-17
6639.99987  3.76000e-17
6641.99965  3.71000e-17
6643.99942  3.69000e-17
6646.00038  3.43000e-17
6648.00016  3.23000e-17
6649.99994  3.61000e-17
6651.99971  3.84000e-17
6653.99949  3.81000e-17
6656.00045  3.53000e-17
6658.00022  3.33000e-17
6660.00000  3.50000e-17
6661.99978  3.72000e-17
6663.99955  4.00000e-17
6666.00051  3.94000e-17
6668.00029  3.67000e-17
6670.00006  4.06000e-17
6671.99984  3.79000e-17
6673.99962  3.46000e-17
6676.00058  3.69000e-17
6678.00035  3.99000e-17
6680.00013  3.17000e-17
6681.99990  3.57000e-17
6683.99968  3.67000e-17
6685.99946  3.95000e-17
6688.00042  3.47000e-17
6690.00019  3.99000e-17
6691.99997  3.49000e-17
6693.99974  3.42000e-17
6695.99952  3.81000e-17
6698.00048  3.12000e-17
6700.00026  3.40000e-17
6702.00003  3.89000e-17
6703.99981  3.67000e-17
6705.99958  3.64000e-17
6708.00054  3.83000e-17
6710.00032  3.79000e-17
6712.00010  4.06000e-17
6713.99987  4.38000e-17
6715.99965  4.15000e-17
6717.99942  4.09000e-17
6720.00038  3.87000e-17
6722.00016  4.39000e-17
6723.99994  3.99000e-17
6725.99971  3.95000e-17
6727.99949  3.92000e-17
6730.00045  3.45000e-17
6732.00022  3.79000e-17
6734.00000  3.90000e-17
6735.99978  4.20000e-17
6737.99955  3.57000e-17
6740.00051  3.51000e-17
6742.00029  4.09000e-17
6744.00006  3.83000e-17
6745.99984  3.53000e-17
6747.99962  3.74000e-17
6750.00058  4.00000e-17
6752.00035  4.10000e-17
6754.00013  3.45000e-17
6755.99990  3.88000e-17
6757.99968  4.19000e-17
6759.99946  3.48000e-17
6762.00042  3.90000e-17
6764.00019  3.40000e-17
6765.99997  3.74000e-17
6767.99974  3.62000e-17
6769.99952  3.93000e-17
6772.00048  4.19000e-17
6774.00026  3.79000e-17
6776.00003  3.53000e-17
6777.99981  4.07000e-17
6779.99958  4.20000e-17
6782.00054  3.55000e-17
6784.00032  3.38000e-17
6786.00010  3.20000e-17
6787.99987  3.96000e-17
6789.99965  3.79000e-17
6791.99942  3.87000e-17
6794.00038  4.01000e-17
6796.00016  3.43000e-17
6797.99994  4.01000e-17
6799.99971  3.22000e-17
6801.99949  3.77000e-17
6804.00045  3.76000e-17
6806.00022  3.32000e-17
6808.00000  3.92000e-17
6809.99978  3.63000e-17
6811.99955  3.64000e-17
6814.00051  3.78000e-17
6816.00029  3.47000e-17
6818.00006  3.83000e-17
6819.99984  3.51000e-17
6821.99962  3.75000e-17
6824.00058  3.54000e-17
6826.00035  3.99000e-17
6828.00013  3.24000e-17
6829.99990  3.59000e-17
6831.99968  3.36000e-17
6833.99946  3.78000e-17
6836.00042  3.83000e-17
6838.00019  3.77000e-17
6839.99997  4.08000e-17
6841.99974  3.28000e-17
6843.99952  3.81000e-17
6846.00048  3.95000e-17
6848.00026  4.02000e-17
6850.00003  4.08000e-17
6851.99981  3.94000e-17
6853.99958  3.74000e-17
6856.00054  3.54000e-17
6858.00032  3.15000e-17
6860.00010  3.41000e-17
6861.99987  3.00000e-17
6863.99965  3.80000e-17
6865.99942  3.95000e-17
6868.00038  2.72000e-17
6870.00016  3.03000e-17
6871.99994  3.63000e-17
6873.99971  3.69000e-17
6875.99949  3.95000e-17
6878.00045  4.05000e-17
6880.00022  3.43000e-17
6882.00000  3.85000e-17
6883.99978  3.97000e-17
6885.99955  3.52000e-17
6888.00051  3.62000e-17
6890.00029  3.88000e-17
6892.00006  3.75000e-17
6893.99984  3.74000e-17
6895.99962  3.41000e-17
6898.00058  3.92000e-17
6900.00035  3.98000e-17
6902.00013  4.06000e-17
6903.99990  3.83000e-17
6905.99968  3.63000e-17
6907.99946  3.61000e-17
6910.00042  3.48000e-17
6912.00019  3.70000e-17
6913.99997  3.55000e-17
6915.99974  3.76000e-17
6917.99952  3.52000e-17
6920.00048  3.55000e-17
6922.00026  3.69000e-17
6924.00003  3.82000e-17
6925.99981  3.25000e-17
6927.99958  3.55000e-17
6930.00054  3.58000e-17
6932.00032  3.69000e-17
6934.00010  3.86000e-17
6935.99987  3.54000e-17
6937.99965  3.50000e-17
6939.99942  4.02000e-17
6942.00038  4.28000e-17
6944.00016  3.69000e-17
6945.99994  4.03000e-17
6947.99971  3.53000e-17
6949.99949  3.38000e-17
6952.00045  3.39000e-17
6954.00022  3.44000e-17
6956.00000  3.79000e-17
6957.99978  3.47000e-17
6959.99955  3.74000e-17
6962.00051  3.73000e-17
6964.00029  4.01000e-17
6966.00006  3.99000e-17
6967.99984  3.83000e-17
6969.99962  3.83000e-17
6972.00058  3.91000e-17
6974.00035  4.02000e-17
6976.00013  3.48000e-17
6977.99990  4.02000e-17
6979.99968  3.53000e-17
6981.99946  3.89000e-17
6984.00042  4.03000e-17
6986.00019  3.58000e-17
6987.99997  3.58000e-17
6989.99974  3.54000e-17
6991.99952  3.34000e-17
6994.00048  4.00000e-17
6996.00026  3.61000e-17
6998.00003  3.55000e-17
6999.99981  3.72000e-17
7001.99958  3.62000e-17
7004.00054  3.92000e-17
7006.00032  3.71000e-17
7008.00010  3.37000e-17
7009.99987  3.36000e-17
7011.99965  3.69000e-17
7013.99942  3.43000e-17
7016.00038  3.60000e-17
7018.00016  3.82000e-17
7019.99994  3.42000e-17
7021.99971  3.39000e-17
7023.99949  3.82000e-17
7026.00045  3.88000e-17
7028.00022  4.07000e-17
7030.00000  3.48000e-17
7031.99978  3.60000e-17
7033.99955  3.63000e-17
7036.00051  4.01000e-17
7038.00029  3.66000e-17
7040.00006  3.86000e-17
7041.99984  3.47000e-17
7043.99962  3.74000e-17
7046.00058  3.77000e-17
7048.00035  3.64000e-17
7050.00013  3.53000e-17
7051.99990  3.20000e-17
7053.99968  3.79000e-17
7055.99946  3.58000e-17
7058.00042  4.02000e-17
7060.00019  3.60000e-17
7061.99997  3.66000e-17
7063.99974  3.92000e-17
7065.99952  3.39000e-17
7068.00048  3.53000e-17
7070.00026  3.73000e-17
7072.00003  3.45000e-17
7073.99981  3.77000e-17
7075.99958  3.42000e-17
7078.00054  3.19000e-17
7080.00032  3.45000e-17
7082.00010  3.80000e-17
7083.99987  3.22000e-17
7085.99965  3.43000e-17
7087.99942  3.58000e-17
7090.00038  3.32000e-17
7092.00016  3.47000e-17
7093.99994  3.77000e-17
7095.99971  3.54000e-17
7097.99949  3.71000e-17
7100.00045  3.84000e-17
7102.00022  3.54000e-17
7104.00000  3.72000e-17
7105.99978  4.15000e-17
7107.99955  3.65000e-17
7110.00051  3.53000e-17
7112.00029  3.48000e-17
7114.00006  3.66000e-17
7115.99984  4.00000e-17
7117.99962  3.48000e-17
7120.00058  3.66000e-17
7122.00035  3.86000e-17
7124.00013  3.44000e-17
7125.99990  3.30000e-17
7127.99968  3.51000e-17
7129.99946  3.21000e-17
7132.00042  3.74000e-17
7134.00019  3.44000e-17
7135.99997  3.49000e-17
7137.99974  3.17000e-17
7139.99952  3.30000e-17
7142.00048  3.41000e-17
7144.00026  3.33000e-17
7146.00003  3.30000e-17
7147.99981  3.54000e-17
7149.99958  3.53000e-17
7152.00054  3.04000e-17
7154.00032  3.26000e-17
7156.00010  3.70000e-17
7157.99987  3.59000e-17
7159.99965  3.32000e-17
7161.99942  3.63000e-17
7164.00038  3.53000e-17
7166.00016  3.25000e-17
7167.99994  3.29000e-17
7169.99971  3.23000e-17
7171.99949  3.49000e-17
7174.00045  3.59000e-17
7176.00022  3.11000e-17
7178.00000  3.28000e-17
7179.99978  3.71000e-17
7181.99955  3.03000e-17
7184.00051  3.06000e-17
7186.00029  2.93000e-17
7188.00006  3.01000e-17
7189.99984  3.47000e-17
7191.99962  3.16000e-17
7194.00058  3.21000e-17
7196.00035  3.21000e-17
7198.00013  3.08000e-17
7199.99990  3.21000e-17
7201.99968  3.25000e-17
7203.99946  3.05000e-17
7206.00042  3.22000e-17
7208.00019  3.80000e-17
7209.99997  3.80000e-17
7211.99974  3.97000e-17
7213.99952  3.54000e-17
7216.00048  3.60000e-17
7218.00026  3.64000e-17
7220.00003  3.65000e-17
7221.99981  3.26000e-17
7223.99958  3.50000e-17
7226.00054  3.32000e-17
7228.00032  3.58000e-17
7230.00010  3.59000e-17
7231.99987  3.31000e-17
7233.99965  3.03000e-17
7235.99942  3.76000e-17
7238.00038  3.73000e-17
7240.00016  3.23000e-17
7241.99994  3.70000e-17
7243.99971  3.86000e-17
7245.99949  3.49000e-17
7248.00045  3.59000e-17
7250.00022  2.74000e-17
7252.00000  3.73000e-17
7253.99978  2.96000e-17
7255.99955  2.99000e-17
7258.00051  3.84000e-17
7260.00029  3.53000e-17
7262.00006  3.49000e-17
7263.99984  3.22000e-17
7265.99962  3.47000e-17
7268.00058  3.38000e-17
7270.00035  3.19000e-17
7272.00013  2.29000e-17
7273.99990  3.40000e-17
7275.99968  3.71000e-17
7277.99946  3.25000e-17
7280.00042  3.20000e-17
7282.00019  3.21000e-17
7283.99997  2.96000e-17
7285.99974  3.90000e-17
7287.99952  3.55000e-17
7290.00048  3.60000e-17
7292.00026  3.22000e-17
7294.00003  3.24000e-17
7295.99981  3.55000e-17
7297.99958  3.55000e-17
7300.00054  3.24000e-17
7302.00032  3.37000e-17
7304.00010  3.11000e-17
7305.99987  3.41000e-17
7307.99965  3.44000e-17
7309.99942  3.29000e-17
7312.00038  3.32000e-17
7314.00016  3.72000e-17
7315.99994  3.13000e-17
7317.99971  3.53000e-17
7319.99949  3.52000e-17
7322.00045  3.61000e-17
7324.00022  3.33000e-17
7326.00000  3.41000e-17
7327.99978  3.10000e-17
7329.99955  3.64000e-17
7332.00051  3.30000e-17
7334.00029  3.23000e-17
7336.00006  3.33000e-17
7337.99984  3.32000e-17
7339.99962  4.14000e-17
7342.00058  3.99000e-17
7344.00035  3.05000e-17
7346.00013  2.84000e-17
7347.99990  2.82000e-17
7349.99968  3.24000e-17
7351.99946  3.37000e-17
7354.00042  3.42000e-17
7356.00019  3.61000e-17
7357.99997  2.93000e-17
7359.99974  3.71000e-17
7361.99952  3.30000e-17
7364.00048  3.36000e-17
7366.00026  3.34000e-17
7368.00003  3.56000e-17
7369.99981  4.08000e-17
7371.99958  3.65000e-17
7374.00054  3.52000e-17
7376.00032  3.16000e-17
7378.00010  3.29000e-17
7379.99987  3.31000e-17
7381.99965  3.48000e-17
7383.99942  3.43000e-17
7386.00038  3.31000e-17
7388.00016  3.38000e-17
7389.99994  3.27000e-17
7391.99971  3.45000e-17
7393.99949  2.89000e-17
7396.00045  3.06000e-17
7398.00022  3.29000e-17
7400.00000  3.55000e-17
7401.99978  3.76000e-17
7403.99955  3.55000e-17
7406.00051  2.97000e-17
7408.00029  2.81000e-17
7410.00006  3.21000e-17
7411.99984  3.42000e-17
7413.99962  3.46000e-17
7416.00058  3.48000e-17
7418.00035  3.61000e-17
7420.00013  3.45000e-17
7421.99990  3.73000e-17
7423.99968  3.54000e-17
7425.99946  3.05000e-17
7428.00042  3.91000e-17
7430.00019  3.72000e-17
7431.99997  3.43000e-17
7433.99974  3.18000e-17
7435.99952  3.60000e-17
7438.00048  3.41000e-17
7440.00026  3.12000e-17
7442.00003  3.40000e-17
7443.99981  3.14000e-17
7445.99958  3.20000e-17
7448.00054  3.14000e-17
7450.00032  3.47000e-17
7452.00010  3.43000e-17
7453.99987  3.25000e-17
7455.99965  3.58000e-17
7457.99942  3.55000e-17
7460.00038  3.27000e-17
7462.00016  3.16000e-17
7463.99994  3.45000e-17
7465.99971  3.64000e-17
7467.99949  3.45000e-17
7470.00045  4.11000e-17
7472.00022  3.32000e-17
7474.00000  3.83000e-17
7475.99978  3.33000e-17
7477.99955  3.81000e-17
7480.00051  3.78000e-17
7482.00029  3.73000e-17
7484.00006  3.55000e-17
7485.99984  3.35000e-17
7487.99962  3.26000e-17
7490.00058  2.95000e-17
7492.00035  3.57000e-17
7494.00013  3.62000e-17
7495.99990  3.94000e-17
7497.99968  3.76000e-17
7499.99946  3.25000e-17
7502.00042  3.67000e-17
7504.00019  3.54000e-17
7505.99997  3.34000e-17
7507.99974  3.32000e-17
7509.99952  3.39000e-17
7512.00048  3.61000e-17
7514.00026  3.61000e-17
7516.00003  3.63000e-17
7517.99981  3.65000e-17
7519.99958  4.10000e-17
7522.00054  3.59000e-17
7524.00032  4.01000e-17
7526.00010  3.89000e-17
7527.99987  3.67000e-17
7529.99965  3.89000e-17
7531.99942  3.96000e-17
7534.00038  3.71000e-17
7536.00016  3.69000e-17
7537.99994  3.65000e-17
7539.99971  3.93000e-17
7541.99949  4.22000e-17
7544.00045  3.63000e-17
7546.00022  3.87000e-17
7548.00000  3.88000e-17
7549.99978  4.10000e-17
7551.99955  4.42000e-17
7554.00051  4.27000e-17
7556.00029  4.03000e-17
7558.00006  4.44000e-17
7559.99984  4.21000e-17
7561.99962  4.50000e-17
7564.00058  4.40000e-17
7566.00035  4.43000e-17
7568.00013  4.29000e-17
7569.99990  4.50000e-17
7571.99968  4.71000e-17
7573.99946  4.10000e-17
7576.00042  4.29000e-17
7578.00019  3.96000e-17
7579.99997  3.86000e-17
7581.99974  4.04000e-17
7583.99952  4.36000e-17
7586.00048  4.14000e-17
7588.00026  3.78000e-17
7590.00003  3.85000e-17
7591.99981  4.64000e-17
7593.99958  4.86000e-17
7596.00054  3.91000e-17
7598.00032  3.20000e-17
7600.00010  4.74000e-17
7601.99987  3.26000e-17
7603.99965  3.33000e-17
7605.99942  2.81000e-17
7608.00038  3.73000e-17
7610.00016  4.27000e-17
7611.99994  3.52000e-17
7613.99971  3.76000e-17
7615.99949  4.32000e-17
7618.00045  4.40000e-17
7620.00022  4.68000e-17
7622.00000  3.59000e-17
7623.99978  3.80000e-17
7625.99955  3.95000e-17
7628.00051  3.83000e-17
7630.00029  4.48000e-17
7632.00006  4.09000e-17
7633.99984  3.83000e-17
7635.99962  3.79000e-17
7638.00058  4.23000e-17
7640.00035  4.26000e-17
7642.00013  4.58000e-17
7643.99990  4.06000e-17
7645.99968  4.01000e-17
7647.99946  4.49000e-17
7650.00042  4.14000e-17
7652.00019  4.60000e-17
7653.99997  4.90000e-17
7655.99974  4.45000e-17
7657.99952  4.16000e-17
7660.00048  4.31000e-17
7662.00026  4.54000e-17
7664.00003  4.60000e-17
7665.99981  4.35000e-17
7667.99958  4.40000e-17
7670.00054  4.44000e-17
7672.00032  4.07000e-17
7674.00010  4.67000e-17
7675.99987  4.40000e-17
7677.99965  4.21000e-17
7679.99942  4.44000e-17
7682.00038  4.31000e-17
7684.00016  4.44000e-17
7685.99994  4.85000e-17
7687.99971  4.23000e-17
7689.99949  4.28000e-17
7692.00045  4.02000e-17
7694.00022  4.32000e-17
7696.00000  4.99000e-17
7697.99978  5.02000e-17
7699.99955  4.73000e-17
7702.00051  4.15000e-17
7704.00029  4.50000e-17
7706.00006  4.36000e-17
7707.99984  4.77000e-17
7709.99962  5.39000e-17
7712.00058  4.80000e-17
7714.00035  4.13000e-17
7716.00013  4.15000e-17
7717.99990  3.64000e-17
7719.99968  4.62000e-17
7721.99946  4.63000e-17
7724.00042  4.96000e-17
7726.00019  4.86000e-17
7727.99997  4.57000e-17
7729.99974  4.62000e-17
7731.99952  4.88000e-17
7734.00048  4.86000e-17
7736.00026  4.31000e-17
7738.00003  4.33000e-17
7739.99981  4.56000e-17
7741.99958  4.95000e-17
7744.00054  4.84000e-17
7746.00032  5.41000e-17
7748.00010  5.17000e-17
7749.99987  4.80000e-17
7751.99965  5.45000e-17
7753.99942  4.96000e-17
7756.00038  4.95000e-17
7758.00016  4.62000e-17
7759.99994  4.68000e-17
7761.99971  4.71000e-17
7763.99949  5.05000e-17
7766.00045  4.72000e-17
7768.00022  4.40000e-17
7770.00000  4.03000e-17
7771.99978  4.34000e-17
7773.99955  4.26000e-17
7776.00051  4.84000e-17
7778.00029  4.37000e-17
7780.00006  4.82000e-17
7781.99984  4.93000e-17
7783.99962  4.59000e-17
7786.00058  4.64000e-17
7788.00035  4.51000e-17
7790.00013  4.25000e-17
7791.99990  5.20000e-17
7793.99968  5.01000e-17
7795.99946  4.95000e-17
7798.00042  4.70000e-17
7800.00019  4.67000e-17
7801.99997  4.86000e-17
7803.99974  4.74000e-17
7805.99952  4.89000e-17
7808.00048  4.64000e-17
7810.00026  4.35000e-17
7812.00003  4.79000e-17
7813.99981  4.71000e-17
7815.99958  5.22000e-17
7818.00054  5.19000e-17
7820.00032  4.77000e-17
7822.00010  4.90000e-17
7823.99987  4.44000e-17
7825.99965  4.03000e-17
7827.99942  4.36000e-17
7830.00038  4.22000e-17
7832.00016  4.35000e-17
7833.99994  4.54000e-17
7835.99971  4.74000e-17
7837.99949  4.46000e-17
7840.00045  4.68000e-17
7842.00022  4.92000e-17
7844.00000  4.42000e-17
7845.99978  3.92000e-17
7847.99955  4.62000e-17
7850.00051  5.34000e-17
7852.00029  5.99000e-17
7854.00006  4.25000e-17
7855.99984  4.54000e-17
7857.99962  5.09000e-17
7860.00058  4.34000e-17
7862.00035  4.34000e-17
7864.00013  4.36000e-17
7865.99990  4.56000e-17
7867.99968  3.75000e-17
7869.99946  4.65000e-17
7872.00042  4.78000e-17
7874.00019  4.77000e-17
7875.99997  4.82000e-17
7877.99974  4.87000e-17
7879.99952  4.64000e-17
7882.00048  4.22000e-17
7884.00026  4.35000e-17
7886.00003  4.36000e-17
7887.99981  4.85000e-17
7889.99958  4.94000e-17
7892.00054  4.30000e-17
7894.00032  4.20000e-17
7896.00010  4.13000e-17
7897.99987  3.50000e-17
7899.99965  4.66000e-17
7901.99942  4.20000e-17
7904.00038  3.95000e-17
7906.00016  4.55000e-17
7907.99994  4.99000e-17
7909.99971  4.69000e-17
7911.99949  4.83000e-17
7914.00045  4.86000e-17
7916.00022  5.01000e-17
7918.00000  4.49000e-17
7919.99978  3.99000e-17
7921.99955  4.01000e-17
7924.00051  4.40000e-17
7926.00029  3.75000e-17
7928.00006  3.92000e-17
7929.99984  4.06000e-17
7931.99962  3.99000e-17
7934.00058  4.18000e-17
7936.00035  3.52000e-17
7938.00013  3.54000e-17
7939.99990  4.04000e-17
7941.99968  3.81000e-17
7943.99946  3.98000e-17
7946.00042  3.95000e-17
7948.00019  4.12000e-17
7949.99997  4.00000e-17
7951.99974  3.88000e-17
7953.99952  3.81000e-17
7956.00048  3.63000e-17
7958.00026  4.03000e-17
7960.00003  4.17000e-17
7961.99981  4.02000e-17
7963.99958  4.36000e-17
7966.00054  4.32000e-17
7968.00032  4.11000e-17
7970.00010  3.70000e-17
7971.99987  3.87000e-17
7973.99965  3.72000e-17
7975.99942  3.75000e-17
7978.00038  4.35000e-17
7980.00016  4.96000e-17
7981.99994  3.62000e-17
7983.99971  3.60000e-17
7985.99949  3.52000e-17
7988.00045  3.59000e-17
7990.00022  4.17000e-17
7992.00000  3.67000e-17
7993.99978  4.18000e-17
7995.99955  4.74000e-17
7998.00051  3.97000e-17
8000.00029  4.26000e-17
8002.00006  4.25000e-17
8003.99984  3.93000e-17
8005.99962  3.61000e-17
8008.00058  3.48000e-17
8010.00035  4.01000e-17
8012.00013  3.76000e-17
8013.99990  4.15000e-17
8015.99968  4.29000e-17
8017.99946  3.67000e-17
8020.00042  3.84000e-17
8022.00019  3.87000e-17
8023.99997  4.11000e-17
8025.99974  4.45000e-17
8027.99952  4.45000e-17
8030.00048  3.71000e-17
8032.00026  3.92000e-17
8034.00003  3.74000e-17
8035.99981  3.81000e-17
8037.99958  3.63000e-17
8040.00054  3.88000e-17
8042.00032  3.84000e-17
8044.00010  3.70000e-17
8045.99987  3.85000e-17
8047.99965  3.59000e-17
8049.99942  3.40000e-17
8052.00038  3.80000e-17
8054.00016  3.65000e-17
8055.99994  3.26000e-17
8057.99971  4.05000e-17
8059.99949  4.13000e-17
8062.00045  3.71000e-17
8064.00022  4.29000e-17
8066.00000  3.95000e-17
8067.99978  3.95000e-17
8069.99955  3.74000e-17
8072.00051  3.23000e-17
8074.00029  3.39000e-17
8076.00006  3.60000e-17
8077.99984  3.54000e-17
8079.99962  3.22000e-17
8082.00058  3.74000e-17
8084.00035  3.89000e-17
8086.00013  3.64000e-17
8087.99990  3.92000e-17
8089.99968  3.66000e-17
8091.99946  3.65000e-17
8094.00042  3.21000e-17
8096.00019  3.07000e-17
8097.99997  3.71000e-17
8099.99974  3.54000e-17
8101.99952  3.47000e-17
8104.00048  3.59000e-17
8106.00026  3.74000e-17
8108.00003  2.93000e-17
8109.99981  3.13000e-17
8111.99958  3.44000e-17
8114.00054  3.69000e-17
8116.00032  3.30000e-17
8118.00010  3.59000e-17
8119.99987  3.60000e-17
8121.99965  3.48000e-17
8123.99942  3.37000e-17
8126.00038  3.60000e-17
8128.00016  3.73000e-17
8129.99994  3.20000e-17
8131.99971  3.63000e-17
8133.99949  3.65000e-17
8136.00045  3.49000e-17
8138.00022  3.52000e-17
8140.00000  3.61000e-17
8141.99978  3.36000e-17
8143.99955  3.74000e-17
8146.00051  3.41000e-17
8148.00029  3.58000e-17
8150.00006  3.66000e-17
8151.99984  3.26000e-17
8153.99962  3.16000e-17
8156.00058  3.25000e-17
8158.00035  3.45000e-17
8160.00013  3.25000e-17
8161.99990  3.61000e-17
8163.99968  3.26000e-17
8165.99946  3.24000e-17
8168.00042  3.30000e-17
8170.00019  3.28000e-17
8171.99997  3.42000e-17
8173.99974  3.25000e-17
8175.99952  3.14000e-17
8178.00048  2.93000e-17
8180.00026  3.27000e-17
8182.00003  3.46000e-17
8183.99981  3.73000e-17
8185.99958  3.43000e-17
8188.00054  3.23000e-17
8190.00032  3.31000e-17
8192.00010  3.37000e-17
8193.99987  3.28000e-17
8195.99965  3.41000e-17
8197.99942  3.30000e-17
8200.00038  3.19000e-17
8202.00016  3.26000e-17
8203.99994  3.34000e-17
8205.99971  3.14000e-17
8207.99949  3.26000e-17
8210.00045  3.08000e-17
8212.00022  3.30000e-17
8214.00000  3.49000e-17
8215.99978  3.52000e-17
8217.99955  3.52000e-17
8220.00051  3.76000e-17
8222.00029  3.41000e-17
8224.00006  3.32000e-17
8225.99984  3.30000e-17
8227.99962  3.51000e-17
8230.00058  3.24000e-17
8232.00035  3.32000e-17
8234.00013  3.61000e-17
8235.99990  3.45000e-17
8237.99968  3.74000e-17
8239.99946  3.35000e-17
8242.00042  3.64000e-17
8244.00019  3.62000e-17
8245.99997  3.46000e-17
8247.99974  3.39000e-17
8249.99952  3.79000e-17
8252.00048  3.27000e-17
8254.00026  3.60000e-17
8256.00003  3.22000e-17
8257.99981  3.27000e-17
8259.99958  3.53000e-17
8262.00054  3.48000e-17
8264.00032  3.27000e-17
8266.00010  3.37000e-17
8267.99987  3.37000e-17
8269.99965  3.42000e-17
8271.99942  3.33000e-17
8274.00038  3.66000e-17
8276.00016  3.33000e-17
8277.99994  3.37000e-17
8279.99971  3.04000e-17
8281.99949  3.55000e-17
8284.00045  3.58000e-17
8286.00022  3.36000e-17
8288.00000  3.29000e-17
8289.99978  3.07000e-17
8291.99955  3.74000e-17
8294.00051  2.62000e-17
8296.00029  2.62000e-17
8298.00006  3.10000e-17
8299.99984  3.63000e-17
8301.99962  3.77000e-17
8304.00058  3.04000e-17
8306.00035  2.87000e-17
8308.00013  3.92000e-17
8309.99990  3.85000e-17
8311.99968  3.35000e-17
8313.99946  3.96000e-17
8316.00042  3.46000e-17
8318.00019  3.18000e-17
8319.99997  3.64000e-17
8321.99974  3.68000e-17
8323.99952  3.50000e-17
8326.00048  3.31000e-17
8328.00026  3.65000e-17
8330.00003  3.16000e-17
8331.99981  3.46000e-17
8333.99958  3.20000e-17
8336.00054  3.69000e-17
8338.00032  3.35000e-17
8340.00010  3.96000e-17
8341.99987  3.83000e-17
8343.99965  4.70000e-17
8345.99942  3.81000e-17
8348.00038  2.62000e-17
8350.00016  3.39000e-17
8351.99994  2.55000e-17
8353.99971  3.15000e-17
8355.99949  3.05000e-17
8358.00045  3.12000e-17
8360.00022  3.11000e-17
8362.00000  3.37000e-17
8363.99978  3.83000e-17
8365.99955  3.53000e-17
8368.00051  3.18000e-17
8370.00029  3.15000e-17
8372.00006  3.03000e-17
8373.99984  3.41000e-17
8375.99962  3.48000e-17
8378.00058  3.72000e-17
8380.00035  3.48000e-17
8382.00013  3.08000e-17
8383.99990  3.70000e-17
8385.99968  3.89000e-17
8387.99946  3.67000e-17
8390.00042  3.43000e-17
8392.00019  3.54000e-17
8393.99997  3.36000e-17
8395.99974  3.44000e-17
8397.99952  4.36000e-17
8400.00048  3.02000e-17
8402.00026  3.72000e-17
8404.00003  3.60000e-17
8405.99981  3.41000e-17
8407.99958  3.57000e-17
8410.00054  3.22000e-17
8412.00032  3.15000e-17
8414.00010  3.69000e-17
8415.99987  3.25000e-17
8417.99965  3.42000e-17
8419.99942  2.83000e-17
8422.00038  3.24000e-17
8424.00016  3.10000e-17
8425.99994  2.92000e-17
8427.99971  3.90000e-17
8429.99949  4.68000e-17
8432.00045  3.78000e-17
8434.00022  3.51000e-17
8436.00000  3.40000e-17
8437.99978  3.33000e-17
8439.99955  3.38000e-17
8442.00051  3.38000e-17
8444.00029  3.23000e-17
8446.00006  3.17000e-17
8447.99984  3.09000e-17
8449.99962  3.24000e-17
8452.00058  3.59000e-17
8454.00035  3.95000e-17
8456.00013  3.27000e-17
8457.99990  3.29000e-17
8459.99968  3.69000e-17
8461.99946  3.39000e-17
8464.00042  2.43000e-17
8466.00019  3.52000e-17
8467.99997  3.98000e-17
8469.99974  2.75000e-17
8471.99952  2.76000e-17
8474.00048  3.22000e-17
8476.00026  3.13000e-17
8478.00003  3.14000e-17
8479.99981  3.25000e-17
8481.99958  3.34000e-17
8484.00054  3.31000e-17
8486.00032  3.18000e-17
8488.00010  3.00000e-17
8489.99987  3.77000e-17
8491.99965  3.96000e-17
8493.99942  3.54000e-17
8496.00038  3.12000e-17
8498.00016  2.76000e-17
8499.99994  3.33000e-17
8501.99971  3.90000e-17
8503.99949  3.34000e-17
8506.00045  3.96000e-17
8508.00022  2.98000e-17
8510.00000  3.33000e-17
8511.99978  3.05000e-17
8513.99955  2.71000e-17
8516.00051  2.99000e-17
8518.00029  3.09000e-17
8520.00006  3.13000e-17
8521.99984  3.54000e-17
8523.99962  3.02000e-17
8526.00058  2.86000e-17
8528.00035  3.08000e-17
8530.00013  3.34000e-17
8531.99990  3.37000e-17
8533.99968  3.30000e-17
8535.99946  3.77000e-17
8538.00042  3.47000e-17
8540.00019  3.20000e-17
8541.99997  2.89000e-17
8543.99974  3.42000e-17
8545.99952  3.02000e-17
8548.00048  3.57000e-17
8550.00026  3.49000e-17
8552.00003  2.97000e-17
8553.99981  3.39000e-17
8555.99958  3.10000e-17
8558.00054  3.13000e-17
8560.00032  3.32000e-17
8562.00010  3.31000e-17
8563.99987  3.30000e-17
8565.99965  3.12000e-17
8567.99942  3.05000e-17
8570.00038  3.60000e-17
8572.00016  2.96000e-17
8573.99994  3.07000e-17
8575.99971  3.34000e-17
8577.99949  3.58000e-17
8580.00045  3.21000e-17
8582.00022  2.96000e-17
8584.00000  3.26000e-17
8585.99978  3.51000e-17
8587.99955  3.26000e-17
8590.00051  3.03000e-17
8592.00029  2.98000e-17
8594.00006  3.18000e-17
8595.99984  3.04000e-17
8597.99962  3.42000e-17
8600.00058  2.94000e-17
8602.00035  3.02000e-17
8604.00013  2.97000e-17
8605.99990  3.35000e-17
8607.99968  3.36000e-17
8609.99946  3.27000e-17
8612.00042  3.20000e-17
8614.00019  3.19000e-17
8615.99997  3.02000e-17
8617.99974  3.58000e-17
8619.99952  3.20000e-17
8622.00048  3.67000e-17
8624.00026  3.67000e-17
8626.00003  3.33000e-17
8627.99981  3.68000e-17
8629.99958  3.29000e-17
8632.00054  3.12000e-17
8634.00032  4.05000e-17
8636.00010  3.15000e-17
8637.99987  3.00000e-17
8639.99965  3.36000e-17
8641.99942  3.06000e-17
8644.00038  2.65000e-17
8646.00016  3.21000e-17
8647.99994  3.20000e-17
8649.99971  3.31000e-17
8651.99949  4.04000e-17
8654.00045  3.59000e-17
8656.00022  3.12000e-17
8658.00000  3.16000e-17
8659.99978  3.95000e-17
8661.99955  3.54000e-17
8664.00051  3.17000e-17
8666.00029  3.62000e-17
8668.00006  3.86000e-17
8669.99984  3.53000e-17
8671.99962  3.10000e-17
8674.00058  3.24000e-17
8676.00035  3.48000e-17
8678.00013  3.74000e-17
8679.99990  3.45000e-17
8681.99968  3.14000e-17
8683.99946  3.23000e-17
8686.00042  3.16000e-17
8688.00019  3.41000e-17
8689.99997  3.16000e-17
8691.99974  3.20000e-17
8693.99952  2.92000e-17
8696.00048  2.93000e-17
8698.00026  3.48000e-17
8700.00003  3.24000e-17
8701.99981  2.93000e-17
8703.99958  2.82000e-17
8706.00054  3.11000e-17
8708.00032  2.93000e-17
8710.00010  2.73000e-17
8711.99987  3.04000e-17
8713.99965  2.89000e-17
8715.99942  3.46000e-17
8718.00038  3.21000e-17
8720.00016  2.86000e-17
8721.99994  2.75000e-17
8723.99971  3.07000e-17
8725.99949  2.94000e-17
8728.00045  3.41000e-17
8730.00022  3.16000e-17
8732.00000  3.11000e-17
8733.99978  3.18000e-17
8735.99955  3.52000e-17
8738.00051  3.33000e-17
8740.00029  2.93000e-17
8742.00006  2.54000e-17
8743.99984  3.05000e-17
8745.99962  3.22000e-17
8748.00058  2.80000e-17
8750.00035  3.19000e-17
8752.00013  3.24000e-17
8753.99990  2.93000e-17
8755.99968  3.78000e-17
8757.99946  2.79000e-17
8760.00042  3.13000e-17
8762.00019  3.00000e-17
8763.99997  3.23000e-17
8765.99974  3.33000e-17
8767.99952  3.24000e-17
8770.00048  3.29000e-17
8772.00026  2.95000e-17
8774.00003  3.18000e-17
8775.99981  4.33000e-17
8777.99958  3.09000e-17
8780.00054  3.24000e-17
8782.00032  2.69000e-17
8784.00010  2.66000e-17
8785.99987  2.77000e-17
8787.99965  3.59000e-17
8789.99942  3.71000e-17
8792.00038  3.18000e-17
8794.00016  2.63000e-17
8795.99994  2.82000e-17
8797.99971  2.93000e-17
8799.99949  2.88000e-17
8802.00045  2.59000e-17
8804.00022  2.95000e-17
8806.00000  3.33000e-17
8807.99978  3.02000e-17
8809.99955  2.95000e-17
8812.00051  2.77000e-17
8814.00029  3.35000e-17
8816.00006  2.66000e-17
8817.99984  2.68000e-17
8819.99962  2.83000e-17
8822.00058  3.20000e-17
8824.00035  3.12000e-17
8826.00013  3.33000e-17
8827.99990  3.66000e-17
8829.99968  2.71000e-17
8831.99946  3.01000e-17
8834.00042  3.27000e-17
8836.00019  2.82000e-17
8837.99997  2.82000e-17
8839.99974  2.93000e-17
8841.99952  2.92000e-17
8844.00048  2.70000e-17
8846.00026  2.95000e-17
8848.00003  3.17000e-17
8849.99981  3.11000e-17
8851.99958  3.61000e-17
8854.00054  2.79000e-17
8856.00032  2.81000e-17
8858.00010  3.04000e-17
8859.99987  2.78000e-17
8861.99965  2.96000e-17
8863.99942  3.40000e-17
8866.00038  3.03000e-17
8868.00016  3.41000e-17
8869.99994  2.81000e-17
8871.99971  2.86000e-17
8873.99949  2.44000e-17
8876.00045  2.45000e-17
8878.00022  2.65000e-17
8880.00000  2.52000e-17
