3200.00     2.72e-16
3202.00     2.63e-16
3204.00     2.90e-16
3206.00     2.56e-16
3208.00     2.39e-16
3210.00     3.00e-16
3212.00     2.47e-16
3214.00     2.37e-16
3216.00     2.51e-16
3218.00     2.45e-16
3220.00     2.56e-16
3222.00     2.61e-16
3224.00     2.17e-16
3226.00     2.46e-16
3228.00     2.80e-16
3230.00     2.46e-16
3232.00     2.51e-16
3234.00     2.70e-16
3236.00     2.60e-16
3238.00     2.63e-16
3240.00     2.73e-16
3242.00     2.97e-16
3244.00     2.96e-16
3246.00     2.90e-16
3248.00     2.71e-16
3250.00     2.74e-16
3252.00     2.82e-16
3254.00     2.88e-16
3256.00     2.57e-16
3258.00     2.35e-16
3260.00     2.46e-16
3262.00     2.86e-16
3264.00     2.57e-16
3266.00     2.72e-16
3268.00     2.78e-16
3270.00     2.46e-16
3272.00     2.77e-16
3274.00     2.53e-16
3276.00     2.31e-16
3278.00     2.42e-16
3280.00     2.50e-16
3282.00     2.69e-16
3284.00     2.45e-16
3286.00     2.53e-16
3288.00     2.59e-16
3290.00     2.34e-16
3292.00     2.54e-16
3294.00     2.41e-16
3296.00     2.63e-16
3298.00     2.44e-16
3300.00     2.57e-16
3302.00     2.62e-16
3304.00     2.61e-16
3306.00     2.53e-16
3308.00     2.45e-16
3310.00     2.59e-16
3312.00     2.53e-16
3314.00     2.58e-16
3316.00     2.57e-16
3318.00     2.55e-16
3320.00     2.56e-16
3322.00     2.59e-16
3324.00     2.64e-16
3326.00     2.49e-16
3328.00     2.46e-16
3330.00     2.39e-16
3332.00     2.55e-16
3334.00     2.59e-16
3336.00     2.48e-16
3338.00     2.48e-16
3340.00     2.58e-16
3342.00     2.52e-16
3344.00     2.42e-16
3346.00     2.52e-16
3348.00     2.51e-16
3350.00     2.57e-16
3352.00     2.42e-16
3354.00     2.36e-16
3356.00     2.25e-16
3358.00     2.30e-16
3360.00     2.36e-16
3362.00     2.37e-16
3364.00     2.43e-16
3366.00     2.29e-16
3368.00     2.21e-16
3370.00     2.38e-16
3372.00     2.57e-16
3374.00     2.35e-16
3376.00     2.09e-16
3378.00     2.32e-16
3380.00     2.26e-16
3382.00     2.32e-16
3384.00     2.40e-16
3386.00     2.42e-16
3388.00     2.33e-16
3390.00     2.47e-16
3392.00     2.37e-16
3394.00     2.45e-16
3396.00     2.46e-16
3398.00     2.23e-16
3400.00     2.35e-16
3402.00     2.30e-16
3404.00     2.36e-16
3406.00     2.24e-16
3408.00     2.21e-16
3410.00     2.28e-16
3412.00     2.21e-16
3414.00     2.31e-16
3416.00     2.37e-16
3418.00     2.25e-16
3420.00     2.40e-16
3422.00     2.26e-16
3424.00     2.14e-16
3426.00     2.26e-16
3428.00     2.22e-16
3430.00     2.41e-16
3432.00     2.26e-16
3434.00     2.29e-16
3436.00     2.17e-16
3438.00     2.21e-16
3440.00     2.17e-16
3442.00     2.17e-16
3444.00     2.18e-16
3446.00     2.18e-16
3448.00     2.15e-16
3450.00     2.24e-16
3452.00     2.30e-16
3454.00     2.36e-16
3456.00     2.13e-16
3458.00     2.41e-16
3460.00     2.20e-16
3462.00     2.18e-16
3464.00     2.01e-16
3466.00     2.15e-16
3468.00     1.98e-16
3470.00     2.06e-16
3472.00     2.04e-16
3474.00     2.28e-16
3476.00     2.16e-16
3478.00     2.08e-16
3480.00     2.13e-16
3482.00     2.15e-16
3484.00     1.98e-16
3486.00     2.13e-16
3488.00     2.21e-16
3490.00     2.17e-16
3492.00     2.01e-16
3494.00     2.16e-16
3496.00     2.26e-16
3498.00     2.13e-16
3500.00     2.13e-16
3502.00     2.18e-16
3504.00     2.19e-16
3506.00     2.14e-16
3508.00     2.08e-16
3510.00     2.13e-16
3512.00     2.15e-16
3514.00     2.22e-16
3516.00     2.18e-16
3518.00     2.14e-16
3520.00     2.05e-16
3522.00     2.07e-16
3524.00     2.05e-16
3526.00     2.18e-16
3528.00     2.09e-16
3530.00     2.14e-16
3532.00     2.25e-16
3534.00     2.00e-16
3536.00     2.11e-16
3538.00     2.19e-16
3540.00     2.01e-16
3542.00     1.98e-16
3544.00     1.95e-16
3546.00     2.12e-16
3548.00     2.14e-16
3550.00     2.04e-16
3552.00     2.05e-16
3554.00     1.96e-16
3556.00     2.13e-16
3558.00     2.19e-16
3560.00     2.05e-16
3562.00     1.99e-16
3564.00     1.98e-16
3566.00     2.07e-16
3568.00     1.99e-16
3570.00     2.00e-16
3572.00     2.06e-16
3574.00     2.11e-16
3576.00     2.02e-16
3578.00     2.01e-16
3580.00     1.95e-16
3582.00     1.89e-16
3584.00     1.97e-16
3586.00     2.08e-16
3588.00     2.07e-16
3590.00     2.06e-16
3592.00     2.02e-16
3594.00     2.00e-16
3596.00     2.09e-16
3598.00     2.16e-16
3600.00     2.01e-16
3602.00     2.04e-16
3604.00     2.02e-16
3606.00     1.95e-16
3608.00     1.92e-16
3610.00     1.94e-16
3612.00     1.99e-16
3614.00     2.03e-16
3616.00     2.17e-16
3618.00     2.14e-16
3620.00     2.01e-16
3622.00     2.06e-16
3624.00     2.08e-16
3626.00     1.89e-16
3628.00     2.09e-16
3630.00     2.01e-16
3632.00     2.04e-16
3634.00     2.00e-16
3636.00     2.00e-16
3638.00     1.98e-16
3640.00     1.93e-16
3642.00     1.93e-16
3644.00     2.00e-16
3646.00     2.05e-16
3648.00     2.05e-16
3650.00     1.94e-16
3652.00     1.85e-16
3654.00     1.99e-16
3656.00     1.89e-16
3658.00     1.90e-16
3660.00     1.92e-16
3662.00     1.94e-16
3664.00     2.08e-16
3666.00     1.85e-16
3668.00     1.91e-16
3670.00     2.01e-16
3672.00     2.06e-16
3674.00     2.04e-16
3676.00     1.98e-16
3678.00     2.04e-16
3680.00     1.92e-16
3682.00     1.96e-16
3684.00     1.95e-16
3686.00     1.90e-16
3688.00     1.93e-16
3690.00     1.88e-16
3692.00     1.99e-16
3694.00     1.97e-16
3696.00     1.87e-16
3698.00     1.90e-16
3700.00     1.87e-16
3702.00     1.90e-16
3704.00     1.94e-16
3706.00     1.88e-16
3708.00     1.87e-16
3710.00     1.87e-16
3712.00     1.93e-16
3714.00     1.87e-16
3716.00     1.91e-16
3718.00     1.99e-16
3720.00     1.99e-16
3722.00     1.88e-16
3724.00     1.90e-16
3726.00     1.89e-16
3728.00     1.84e-16
3730.00     1.90e-16
3732.00     1.88e-16
3734.00     1.81e-16
3736.00     1.90e-16
3738.00     1.82e-16
3740.00     1.84e-16
3742.00     1.80e-16
3744.00     1.80e-16
3746.00     1.83e-16
3748.00     1.86e-16
3750.00     1.82e-16
3752.00     1.84e-16
3754.00     1.90e-16
3756.00     1.93e-16
3758.00     1.85e-16
3760.00     1.90e-16
3762.00     1.83e-16
3764.00     1.77e-16
3766.00     1.86e-16
3768.00     1.84e-16
3770.00     1.82e-16
3772.00     1.86e-16
3774.00     1.92e-16
3776.00     1.83e-16
3778.00     1.85e-16
3780.00     1.92e-16
3782.00     1.75e-16
3784.00     1.96e-16
3786.00     1.79e-16
3788.00     1.79e-16
3790.00     1.82e-16
3792.00     1.89e-16
3794.00     1.85e-16
3796.00     1.82e-16
3798.00     1.78e-16
3800.00     1.86e-16
3802.00     1.82e-16
3804.00     1.74e-16
3806.00     1.86e-16
3808.00     1.80e-16
3810.00     1.83e-16
3812.00     1.80e-16
3814.00     1.78e-16
3816.00     1.77e-16
3818.00     1.78e-16
3820.00     1.79e-16
3822.00     1.81e-16
3824.00     1.82e-16
3826.00     1.78e-16
3828.00     1.88e-16
3830.00     1.73e-16
3832.00     1.78e-16
3834.00     1.80e-16
3836.00     1.75e-16
3838.00     1.73e-16
3840.00     1.73e-16
3842.00     1.81e-16
3844.00     1.80e-16
3846.00     1.70e-16
3848.00     1.72e-16
3850.00     1.79e-16
3852.00     1.80e-16
3854.00     1.85e-16
3856.00     1.81e-16
3858.00     1.79e-16
3860.00     1.77e-16
3862.00     1.78e-16
3864.00     1.75e-16
3866.00     1.75e-16
3868.00     1.80e-16
3870.00     1.74e-16
3872.00     1.72e-16
3874.00     1.71e-16
3876.00     1.76e-16
3878.00     1.74e-16
3880.00     1.77e-16
3882.00     1.75e-16
3884.00     1.82e-16
3886.00     1.76e-16
3888.00     1.69e-16
3890.00     1.72e-16
3892.00     1.68e-16
3894.00     1.74e-16
3896.00     1.75e-16
3898.00     1.79e-16
3900.00     1.76e-16
3902.00     1.77e-16
3904.00     1.68e-16
3906.00     1.73e-16
3908.00     1.83e-16
3910.00     1.74e-16
3912.00     1.68e-16
3914.00     1.64e-16
3916.00     1.79e-16
3918.00     1.73e-16
3920.00     1.71e-16
3922.00     1.72e-16
3924.00     1.64e-16
3926.00     1.72e-16
3928.00     1.69e-16
3930.00     1.64e-16
3932.00     1.59e-16
3934.00     1.63e-16
3936.00     1.71e-16
3938.00     1.74e-16
3940.00     1.58e-16
3942.00     1.67e-16
3944.00     1.62e-16
3946.00     1.58e-16
3948.00     1.69e-16
3950.00     1.66e-16
3952.00     1.69e-16
3954.00     1.67e-16
3956.00     1.68e-16
3958.00     1.73e-16
3960.00     1.61e-16
3962.00     1.65e-16
3964.00     1.64e-16
3966.00     1.61e-16
3968.00     1.64e-16
3970.00     1.63e-16
3972.00     1.64e-16
3974.00     1.62e-16
3976.00     1.63e-16
3978.00     1.59e-16
3980.00     1.59e-16
3982.00     1.61e-16
3984.00     1.61e-16
3986.00     1.56e-16
3988.00     1.56e-16
3990.00     1.62e-16
3992.00     1.62e-16
3994.00     1.59e-16
3996.00     1.58e-16
3998.00     1.53e-16
4000.00     1.59e-16
4002.00     1.53e-16
4004.00     1.56e-16
4006.00     1.57e-16
4008.00     1.59e-16
4010.00     1.63e-16
4012.00     1.52e-16
4014.00     1.56e-16
4016.00     1.57e-16
4018.00     1.53e-16
4020.00     1.60e-16
4022.00     1.58e-16
4024.00     1.66e-16
4026.00     1.59e-16
4028.00     1.53e-16
4030.00     1.55e-16
4032.00     1.52e-16
4034.00     1.54e-16
4036.00     1.54e-16
4038.00     1.52e-16
4040.00     1.54e-16
4042.00     1.55e-16
4044.00     1.57e-16
4046.00     1.53e-16
4048.00     1.59e-16
4050.00     1.54e-16
4052.00     1.58e-16
4054.00     1.61e-16
4056.00     1.50e-16
4058.00     1.55e-16
4060.00     1.52e-16
4062.00     1.59e-16
4064.00     1.51e-16
4066.00     1.54e-16
4068.00     1.55e-16
4070.00     1.56e-16
4072.00     1.53e-16
4074.00     1.53e-16
4076.00     1.45e-16
4078.00     1.45e-16
4080.00     1.46e-16
4082.00     1.49e-16
4084.00     1.46e-16
4086.00     1.55e-16
4088.00     1.54e-16
4090.00     1.46e-16
4092.00     1.48e-16
4094.00     1.49e-16
4096.00     1.47e-16
4098.00     1.49e-16
4100.00     1.49e-16
4102.00     1.46e-16
4104.00     1.48e-16
4106.00     1.48e-16
4108.00     1.40e-16
4110.00     1.40e-16
4112.00     1.42e-16
4114.00     1.41e-16
4116.00     1.47e-16
4118.00     1.46e-16
4120.00     1.41e-16
4122.00     1.44e-16
4124.00     1.44e-16
4126.00     1.43e-16
4128.00     1.46e-16
4130.00     1.46e-16
4132.00     1.47e-16
4134.00     1.41e-16
4136.00     1.39e-16
4138.00     1.48e-16
4140.00     1.42e-16
4142.00     1.53e-16
4144.00     1.49e-16
4146.00     1.45e-16
4148.00     1.50e-16
4150.00     1.43e-16
4152.00     1.47e-16
4154.00     1.47e-16
4156.00     1.37e-16
4158.00     1.39e-16
4160.00     1.44e-16
4162.00     1.43e-16
4164.00     1.44e-16
4166.00     1.46e-16
4168.00     1.42e-16
4170.00     1.46e-16
4172.00     1.43e-16
4174.00     1.46e-16
4176.00     1.42e-16
4178.00     1.54e-16
4180.00     1.43e-16
4182.00     1.41e-16
4184.00     1.45e-16
4186.00     1.46e-16
4188.00     1.42e-16
4190.00     1.52e-16
4192.00     1.44e-16
4194.00     1.44e-16
4196.00     1.42e-16
4198.00     1.41e-16
4200.00     1.43e-16
4202.00     1.40e-16
4204.00     1.43e-16
4206.00     1.34e-16
4208.00     1.33e-16
4210.00     1.39e-16
4212.00     1.41e-16
4214.00     1.36e-16
4216.00     1.41e-16
4218.00     1.41e-16
4220.00     1.45e-16
4222.00     1.33e-16
4224.00     1.34e-16
4226.00     1.29e-16
4228.00     1.34e-16
4230.00     1.33e-16
4232.00     1.43e-16
4234.00     1.41e-16
4236.00     1.37e-16
4238.00     1.38e-16
4240.00     1.38e-16
4242.00     1.34e-16
4244.00     1.32e-16
4246.00     1.33e-16
4248.00     1.37e-16
4250.00     1.38e-16
4252.00     1.42e-16
4254.00     1.33e-16
4256.00     1.30e-16
4258.00     1.37e-16
4260.00     1.37e-16
4262.00     1.34e-16
4264.00     1.42e-16
4266.00     1.38e-16
4268.00     1.40e-16
4270.00     1.31e-16
4272.00     1.33e-16
4274.00     1.37e-16
4276.00     1.36e-16
4278.00     1.37e-16
4280.00     1.40e-16
4282.00     1.34e-16
4284.00     1.33e-16
4286.00     1.39e-16
4288.00     1.37e-16
4290.00     1.34e-16
4292.00     1.41e-16
4294.00     1.35e-16
4296.00     1.39e-16
4298.00     1.36e-16
4300.00     1.35e-16
4302.00     1.30e-16
4304.00     1.33e-16
4306.00     1.31e-16
4308.00     1.34e-16
4310.00     1.28e-16
4312.00     1.29e-16
4314.00     1.32e-16
4316.00     1.28e-16
4318.00     1.31e-16
4320.00     1.32e-16
4322.00     1.29e-16
4324.00     1.31e-16
4326.00     1.34e-16
4328.00     1.31e-16
4330.00     1.34e-16
4332.00     1.33e-16
4334.00     1.34e-16
4336.00     1.33e-16
4338.00     1.33e-16
4340.00     1.33e-16
4342.00     1.29e-16
4344.00     1.36e-16
4346.00     1.27e-16
4348.00     1.29e-16
4350.00     1.34e-16
4352.00     1.33e-16
4354.00     1.27e-16
4356.00     1.27e-16
4358.00     1.27e-16
4360.00     1.28e-16
4362.00     1.28e-16
4364.00     1.28e-16
4366.00     1.25e-16
4368.00     1.25e-16
4370.00     1.30e-16
4372.00     1.28e-16
4374.00     1.29e-16
4376.00     1.29e-16
4378.00     1.29e-16
4380.00     1.31e-16
4382.00     1.27e-16
4384.00     1.26e-16
4386.00     1.32e-16
4388.00     1.24e-16
4390.00     1.24e-16
4392.00     1.31e-16
4394.00     1.29e-16
4396.00     1.26e-16
4398.00     1.31e-16
4400.00     1.28e-16
4402.00     1.29e-16
4404.00     1.23e-16
4406.00     1.27e-16
4408.00     1.21e-16
4410.00     1.24e-16
4412.00     1.28e-16
4414.00     1.37e-16
4416.00     1.31e-16
4418.00     1.23e-16
4420.00     1.25e-16
4422.00     1.24e-16
4424.00     1.25e-16
4426.00     1.27e-16
4428.00     1.27e-16
4430.00     1.29e-16
4432.00     1.21e-16
4434.00     1.17e-16
4436.00     1.21e-16
4438.00     1.24e-16
4440.00     1.20e-16
4442.00     1.25e-16
4444.00     1.27e-16
4446.00     1.25e-16
4448.00     1.23e-16
4450.00     1.23e-16
4452.00     1.29e-16
4454.00     1.30e-16
4456.00     1.28e-16
4458.00     1.28e-16
4460.00     1.21e-16
4462.00     1.19e-16
4464.00     1.20e-16
4466.00     1.29e-16
4468.00     1.30e-16
4470.00     1.33e-16
4472.00     1.32e-16
4474.00     1.25e-16
4476.00     1.29e-16
4478.00     1.28e-16
4480.00     1.30e-16
4482.00     1.24e-16
4484.00     1.28e-16
4486.00     1.25e-16
4488.00     1.28e-16
4490.00     1.21e-16
4492.00     1.18e-16
4494.00     1.16e-16
4496.00     1.18e-16
4498.00     1.23e-16
4500.00     1.18e-16
4502.00     1.27e-16
4504.00     1.28e-16
4506.00     1.26e-16
4508.00     1.22e-16
4510.00     1.22e-16
4512.00     1.27e-16
4514.00     1.23e-16
4516.00     1.27e-16
4518.00     1.23e-16
4520.00     1.25e-16
4522.00     1.22e-16
4524.00     1.22e-16
4526.00     1.22e-16
4528.00     1.15e-16
4530.00     1.19e-16
4532.00     1.13e-16
4534.00     1.14e-16
4536.00     1.14e-16
4538.00     1.16e-16
4540.00     1.12e-16
4542.00     1.12e-16
4544.00     1.13e-16
4546.00     1.18e-16
4548.00     1.24e-16
4550.00     1.23e-16
4552.00     1.19e-16
4554.00     1.26e-16
4556.00     1.26e-16
4558.00     1.20e-16
4560.00     1.22e-16
4562.00     1.18e-16
4564.00     1.26e-16
4566.00     1.19e-16
4568.00     1.16e-16
4570.00     1.21e-16
4572.00     1.25e-16
4574.00     1.23e-16
4576.00     1.23e-16
4578.00     1.24e-16
4580.00     1.27e-16
4582.00     1.22e-16
4584.00     1.21e-16
4586.00     1.20e-16
4588.00     1.21e-16
4590.00     1.15e-16
4592.00     1.20e-16
4594.00     1.17e-16
4596.00     1.13e-16
4598.00     1.13e-16
4600.00     1.12e-16
4602.00     1.06e-16
4604.00     1.07e-16
4606.00     1.18e-16
4608.00     1.12e-16
4610.00     1.20e-16
4612.00     1.17e-16
4614.00     1.18e-16
4616.00     1.19e-16
4618.00     1.16e-16
4620.00     1.21e-16
4622.00     1.23e-16
4624.00     1.21e-16
4626.00     1.21e-16
4628.00     1.21e-16
4630.00     1.17e-16
4632.00     1.21e-16
4634.00     1.21e-16
4636.00     1.15e-16
4638.00     1.16e-16
4640.00     1.13e-16
4642.00     1.20e-16
4644.00     1.15e-16
4646.00     1.19e-16
4648.00     1.14e-16
4650.00     1.11e-16
4652.00     1.13e-16
4654.00     1.06e-16
4656.00     1.06e-16
4658.00     1.12e-16
4660.00     1.15e-16
4662.00     1.16e-16
4664.00     1.14e-16
4666.00     1.18e-16
4668.00     1.21e-16
4670.00     1.17e-16
4672.00     1.16e-16
4674.00     1.17e-16
4676.00     1.12e-16
4678.00     1.15e-16
4680.00     1.19e-16
4682.00     1.20e-16
4684.00     1.17e-16
4686.00     1.13e-16
4688.00     1.07e-16
4690.00     1.09e-16
4692.00     1.09e-16
4694.00     1.08e-16
4696.00     9.81e-17
4698.00     1.03e-16
4700.00     1.04e-16
4702.00     1.02e-16
4704.00     1.10e-16
4706.00     1.07e-16
4708.00     1.11e-16
4710.00     1.18e-16
4712.00     1.19e-16
4714.00     1.20e-16
4716.00     1.20e-16
4718.00     1.17e-16
4720.00     1.17e-16
4722.00     1.19e-16
4724.00     1.18e-16
4726.00     1.15e-16
4728.00     1.19e-16
4730.00     1.21e-16
4732.00     1.14e-16
4734.00     1.16e-16
4736.00     1.22e-16
4738.00     1.21e-16
4740.00     1.20e-16
4742.00     1.25e-16
4744.00     1.20e-16
4746.00     1.18e-16
4748.00     1.19e-16
4750.00     1.25e-16
4752.00     1.20e-16
4754.00     1.19e-16
4756.00     1.26e-16
4758.00     1.27e-16
4760.00     1.18e-16
4762.00     1.22e-16
4764.00     1.19e-16
4766.00     1.24e-16
4768.00     1.23e-16
4770.00     1.22e-16
4772.00     1.12e-16
4774.00     1.17e-16
4776.00     1.20e-16
4778.00     1.24e-16
4780.00     1.23e-16
4782.00     1.20e-16
4784.00     1.18e-16
4786.00     1.17e-16
4788.00     1.19e-16
4790.00     1.16e-16
4792.00     1.17e-16
4794.00     1.21e-16
4796.00     1.19e-16
4798.00     1.19e-16
4800.00     1.20e-16
4802.00     1.21e-16
4804.00     1.18e-16
4806.00     1.14e-16
4808.00     1.21e-16
4810.00     1.20e-16
4812.00     1.17e-16
4814.00     1.14e-16
4816.00     1.18e-16
4818.00     1.19e-16
4820.00     1.21e-16
4822.00     1.18e-16
4824.00     1.13e-16
4826.00     1.12e-16
4828.00     1.19e-16
4830.00     1.21e-16
4832.00     1.19e-16
4834.00     1.14e-16
4836.00     1.20e-16
4838.00     1.20e-16
4840.00     1.18e-16
4842.00     1.15e-16
4844.00     1.17e-16
4846.00     1.11e-16
4848.00     1.14e-16
4850.00     1.06e-16
4852.00     1.04e-16
4854.00     1.03e-16
4856.00     1.01e-16
4858.00     1.10e-16
4860.00     1.10e-16
4862.00     1.13e-16
4864.00     1.14e-16
4866.00     1.15e-16
4868.00     1.17e-16
4870.00     1.16e-16
4872.00     1.13e-16
4874.00     1.14e-16
4876.00     1.09e-16
4878.00     1.17e-16
4880.00     1.15e-16
4882.00     1.17e-16
4884.00     1.14e-16
4886.00     1.16e-16
4888.00     1.09e-16
4890.00     1.12e-16
4892.00     1.13e-16
4894.00     1.12e-16
4896.00     1.12e-16
4898.00     1.14e-16
4900.00     1.18e-16
4902.00     1.13e-16
4904.00     1.08e-16
4906.00     1.10e-16
4908.00     1.17e-16
4910.00     1.14e-16
4912.00     1.11e-16
4914.00     1.10e-16
4916.00     1.11e-16
4918.00     1.10e-16
4920.00     1.17e-16
4922.00     1.09e-16
4924.00     1.08e-16
4926.00     1.11e-16
4928.00     1.08e-16
4930.00     1.15e-16
4932.00     1.09e-16
4934.00     1.07e-16
4936.00     1.09e-16
4938.00     1.06e-16
4940.00     1.07e-16
4942.00     1.08e-16
4944.00     1.10e-16
4946.00     1.10e-16
4948.00     1.07e-16
4950.00     1.10e-16
4952.00     1.12e-16
4954.00     1.07e-16
4956.00     1.09e-16
4958.00     1.12e-16
4960.00     1.13e-16
4962.00     1.11e-16
4964.00     1.10e-16
4966.00     1.08e-16
4968.00     1.06e-16
4970.00     1.07e-16
4972.00     1.04e-16
4974.00     1.13e-16
4976.00     1.15e-16
4978.00     1.12e-16
4980.00     1.05e-16
4982.00     1.07e-16
4984.00     1.12e-16
4986.00     1.11e-16
4988.00     1.07e-16
4990.00     1.08e-16
4992.00     1.07e-16
4994.00     1.13e-16
4996.00     1.12e-16
4998.00     1.06e-16
5000.00     1.07e-16
5002.00     1.03e-16
5004.00     1.04e-16
5006.00     1.11e-16
5008.00     1.12e-16
5010.00     1.10e-16
5012.00     1.05e-16
5014.00     1.11e-16
5016.00     1.10e-16
5018.00     1.08e-16
5020.00     1.08e-16
5022.00     1.08e-16
5024.00     1.08e-16
5026.00     1.11e-16
5028.00     1.07e-16
5030.00     1.04e-16
5032.00     1.05e-16
5034.00     1.07e-16
5036.00     1.08e-16
5038.00     1.11e-16
5040.00     1.12e-16
5042.00     1.10e-16
5044.00     1.09e-16
5046.00     1.09e-16
5048.00     1.13e-16
5050.00     1.07e-16
5052.00     1.12e-16
5054.00     1.05e-16
5056.00     1.03e-16
5058.00     1.07e-16
5060.00     1.04e-16
5062.00     1.11e-16
5064.00     1.03e-16
5066.00     1.04e-16
5068.00     1.08e-16
5070.00     1.09e-16
5072.00     1.03e-16
5074.00     1.05e-16
5076.00     1.06e-16
5078.00     1.06e-16
5080.00     1.07e-16
5082.00     1.06e-16
5084.00     9.81e-17
5086.00     9.64e-17
5088.00     9.92e-17
5090.00     1.01e-16
5092.00     1.02e-16
5094.00     1.00e-16
5096.00     9.91e-17
5098.00     1.01e-16
5100.00     9.53e-17
5102.00     1.00e-16
5104.00     1.02e-16
5106.00     1.04e-16
5108.00     1.02e-16
5110.00     1.07e-16
5112.00     1.07e-16
5114.00     9.94e-17
5116.00     1.01e-16
5118.00     1.01e-16
5120.00     1.00e-16
5122.00     1.02e-16
5124.00     1.06e-16
5126.00     1.02e-16
5128.00     1.08e-16
5130.00     1.03e-16
5132.00     9.95e-17
5134.00     9.45e-17
5136.00     9.78e-17
5138.00     9.88e-17
5140.00     9.67e-17
5142.00     9.74e-17
5144.00     1.04e-16
5146.00     9.87e-17
5148.00     9.98e-17
5150.00     9.94e-17
5152.00     9.74e-17
5154.00     1.06e-16
5156.00     1.01e-16
5158.00     1.06e-16
5160.00     1.05e-16
5162.00     1.02e-16
5164.00     1.11e-16
5166.00     1.07e-16
5168.00     1.08e-16
5170.00     1.06e-16
5172.00     1.09e-16
5174.00     1.07e-16
5176.00     1.01e-16
5178.00     1.05e-16
5180.00     1.04e-16
5182.00     1.05e-16
5184.00     1.06e-16
5186.00     1.05e-16
5188.00     1.02e-16
5190.00     1.01e-16
5192.00     9.85e-17
5194.00     9.91e-17
5196.00     1.02e-16
5198.00     1.04e-16
5200.00     9.81e-17
5202.00     1.04e-16
5204.00     1.01e-16
5206.00     1.05e-16
5208.00     1.05e-16
5210.00     1.05e-16
5212.00     1.02e-16
5214.00     9.82e-17
5216.00     9.84e-17
5218.00     1.04e-16
5220.00     1.05e-16
5222.00     1.08e-16
5224.00     1.01e-16
5226.00     9.42e-17
5228.00     1.05e-16
5230.00     1.06e-16
5232.00     1.07e-16
5234.00     1.04e-16
5236.00     1.05e-16
5238.00     1.06e-16
5240.00     1.09e-16
5242.00     1.06e-16
5244.00     1.01e-16
5246.00     9.57e-17
5248.00     1.01e-16
5250.00     9.99e-17
5252.00     1.05e-16
5254.00     1.00e-16
5256.00     1.02e-16
5258.00     1.02e-16
5260.00     1.01e-16
5262.00     1.06e-16
5264.00     1.02e-16
5266.00     1.01e-16
5268.00     9.97e-17
5270.00     9.98e-17
5272.00     1.02e-16
5274.00     1.01e-16
5276.00     1.01e-16
5278.00     1.00e-16
5280.00     9.91e-17
5282.00     9.99e-17
5284.00     1.03e-16
5286.00     1.03e-16
5288.00     9.31e-17
5290.00     1.04e-16
5292.00     9.88e-17
5294.00     1.07e-16
5296.00     1.01e-16
5298.00     1.04e-16
5300.00     9.81e-17
5302.00     1.01e-16
5304.00     9.94e-17
5306.00     9.95e-17
5308.00     1.03e-16
5310.00     1.03e-16
5312.00     1.03e-16
5314.00     1.03e-16
5316.00     1.01e-16
5318.00     9.51e-17
5320.00     1.04e-16
5322.00     1.05e-16
5324.00     1.04e-16
5326.00     1.05e-16
5328.00     9.97e-17
5330.00     1.01e-16
5332.00     1.01e-16
5334.00     1.01e-16
5336.00     1.01e-16
5338.00     1.01e-16
5340.00     1.01e-16
5342.00     1.01e-16
5344.00     1.04e-16
5346.00     1.02e-16
5348.00     1.03e-16
5350.00     1.02e-16
5352.00     9.99e-17
5354.00     1.00e-16
5356.00     9.98e-17
5358.00     9.72e-17
5360.00     9.82e-17
5362.00     9.61e-17
5364.00     9.28e-17
5366.00     1.02e-16
5368.00     9.70e-17
5370.00     9.79e-17
5372.00     1.03e-16
5374.00     9.85e-17
5376.00     1.01e-16
5378.00     1.00e-16
5380.00     9.87e-17
5382.00     9.82e-17
5384.00     9.87e-17
5386.00     1.01e-16
5388.00     9.88e-17
5390.00     9.34e-17
5392.00     9.38e-17
5394.00     9.99e-17
5396.00     1.02e-16
5398.00     9.65e-17
5400.00     9.73e-17
5402.00     9.84e-17
5404.00     9.87e-17
5406.00     9.92e-17
5408.00     9.42e-17
5410.00     9.49e-17
5412.00     9.72e-17
5414.00     1.00e-16
5416.00     1.03e-16
5418.00     1.02e-16
5420.00     9.89e-17
5422.00     9.58e-17
5424.00     9.81e-17
5426.00     1.05e-16
5428.00     9.47e-17
5430.00     9.71e-17
5432.00     1.01e-16
5434.00     9.99e-17
5436.00     1.03e-16
5438.00     9.53e-17
5440.00     1.01e-16
5442.00     9.76e-17
5444.00     9.72e-17
5446.00     1.03e-16
5448.00     1.01e-16
5450.00     1.02e-16
5452.00     9.80e-17
5454.00     1.01e-16
5456.00     1.04e-16
5458.00     1.02e-16
5460.00     9.53e-17
5462.00     1.02e-16
5464.00     9.52e-17
5466.00     9.63e-17
5468.00     9.98e-17
5470.00     1.01e-16
5472.00     9.76e-17
5474.00     9.71e-17
5476.00     9.56e-17
5478.00     9.89e-17
5480.00     1.01e-16
5482.00     1.03e-16
5484.00     1.00e-16
5486.00     9.59e-17
5488.00     9.97e-17
5490.00     9.48e-17
5492.00     9.93e-17
5494.00     9.72e-17
5496.00     9.51e-17
5498.00     9.69e-17
5500.00     9.53e-17
5502.00     9.56e-17
5504.00     9.86e-17
5506.00     9.53e-17
5508.00     1.02e-16
5510.00     9.93e-17
5512.00     9.87e-17
5514.00     9.93e-17
5516.00     9.37e-17
5518.00     9.61e-17
5520.00     9.46e-17
5522.00     9.19e-17
5524.00     9.45e-17
5526.00     9.72e-17
5528.00     9.14e-17
5530.00     9.81e-17
5532.00     9.35e-17
5534.00     9.69e-17
5536.00     9.69e-17
5538.00     9.68e-17
5540.00     9.74e-17
5542.00     9.79e-17
5544.00     9.54e-17
5546.00     1.01e-16
5548.00     9.61e-17
5550.00     9.68e-17
5552.00     1.11e-16
5554.00     1.04e-16
5556.00     1.03e-16
5558.00     9.39e-17
5560.00     1.03e-16
5562.00     9.76e-17
5564.00     1.07e-16
5566.00     9.65e-17
5568.00     9.49e-17
5570.00     9.94e-17
5572.00     9.98e-17
5574.00     1.06e-16
5576.00     1.05e-16
5578.00     9.93e-17
5580.00     1.08e-16
5582.00     8.54e-17
5584.00     9.69e-17
5586.00     9.84e-17
5588.00     9.52e-17
5590.00     1.02e-16
5592.00     1.02e-16
5594.00     1.04e-16
5596.00     1.00e-16
5598.00     9.27e-17
5600.00     9.78e-17
5602.00     9.61e-17
5604.00     9.23e-17
5606.00     9.34e-17
5608.00     9.98e-17
5610.00     1.03e-16
5612.00     1.01e-16
5614.00     9.79e-17
5616.00     9.92e-17
5618.00     1.00e-16
5620.00     9.88e-17
5622.00     9.88e-17
5624.00     1.04e-16
5626.00     9.68e-17
5628.00     9.93e-17
5630.00     1.03e-16
5632.00     1.03e-16
5634.00     1.03e-16
5636.00     1.01e-16
5638.00     1.01e-16
5640.00     1.06e-16
5642.00     1.00e-16
5644.00     9.79e-17
5646.00     1.03e-16
5648.00     9.71e-17
5650.00     9.30e-17
5652.00     1.05e-16
5654.00     1.16e-16
5656.00     8.37e-17
5658.00     9.69e-17
5660.00     1.03e-16
5662.00     9.99e-17
5664.00     1.01e-16
5666.00     1.03e-16
5668.00     1.07e-16
5670.00     1.01e-16
5672.00     1.00e-16
5674.00     1.10e-16
5676.00     9.95e-17
5678.00     9.81e-17
5680.00     9.70e-17
5682.00     9.36e-17
5684.00     1.00e-16
5686.00     1.01e-16
5688.00     9.43e-17
5690.00     9.65e-17
5692.00     1.14e-16
5694.00     9.99e-17
5696.00     9.64e-17
5698.00     9.28e-17
5700.00     9.14e-17
5702.00     1.03e-16
5704.00     1.02e-16
5706.00     1.03e-16
5708.00     9.65e-17
5710.00     1.03e-16
5712.00     1.01e-16
5714.00     1.07e-16
5716.00     1.03e-16
5718.00     1.01e-16
5720.00     9.60e-17
5722.00     9.72e-17
5724.00     1.02e-16
5726.00     1.04e-16
5728.00     9.60e-17
5730.00     8.97e-17
5732.00     9.68e-17
5734.00     1.00e-16
5736.00     9.94e-17
5738.00     9.24e-17
5740.00     9.28e-17
5742.00     9.18e-17
5744.00     9.93e-17
5746.00     9.65e-17
5748.00     9.59e-17
5750.00     8.67e-17
5752.00     9.15e-17
5754.00     8.74e-17
5756.00     8.47e-17
5758.00     8.18e-17
5760.00     8.51e-17
5762.00     8.98e-17
5764.00     8.88e-17
5766.00     9.14e-17
5768.00     9.12e-17
5770.00     9.19e-17
5772.00     9.26e-17
5774.00     8.89e-17
5776.00     9.31e-17
5778.00     9.45e-17
5780.00     9.92e-17
5782.00     9.63e-17
5784.00     9.98e-17
5786.00     9.71e-17
5788.00     9.34e-17
5790.00     9.41e-17
5792.00     9.59e-17
5794.00     8.77e-17
5796.00     9.55e-17
5798.00     9.67e-17
5800.00     9.70e-17
5802.00     9.70e-17
5804.00     9.10e-17
5806.00     9.25e-17
5808.00     9.64e-17
5810.00     9.32e-17
5812.00     9.24e-17
5814.00     9.65e-17
5816.00     9.89e-17
5818.00     9.37e-17
5820.00     9.43e-17
5822.00     9.38e-17
5824.00     9.11e-17
5826.00     9.80e-17
5828.00     9.37e-17
5830.00     9.05e-17
5832.00     9.39e-17
5834.00     9.01e-17
5836.00     9.27e-17
5838.00     9.66e-17
5840.00     9.89e-17
5842.00     9.18e-17
5844.00     9.26e-17
5846.00     9.47e-17
5848.00     9.69e-17
5850.00     9.45e-17
5852.00     9.30e-17
5854.00     1.02e-16
5856.00     9.62e-17
5858.00     1.03e-16
5860.00     1.01e-16
5862.00     9.83e-17
5864.00     1.00e-16
5866.00     9.93e-17
5868.00     9.67e-17
5870.00     8.64e-17
5872.00     9.16e-17
5874.00     9.43e-17
5876.00     9.61e-17
5878.00     9.45e-17
5880.00     9.06e-17
5882.00     9.05e-17
5884.00     8.64e-17
5886.00     9.11e-17
5888.00     8.70e-17
5890.00     9.34e-17
5892.00     9.08e-17
5894.00     8.71e-17
5896.00     8.36e-17
5898.00     8.86e-17
5900.00     8.03e-17
5902.00     8.90e-17
5904.00     9.22e-17
5906.00     9.36e-17
5908.00     9.59e-17
5910.00     9.16e-17
5912.00     9.12e-17
5914.00     9.09e-17
5916.00     9.22e-17
5918.00     9.20e-17
5920.00     9.10e-17
5922.00     9.14e-17
5924.00     9.29e-17
5926.00     9.00e-17
5928.00     9.47e-17
5930.00     8.99e-17
5932.00     9.21e-17
5934.00     8.90e-17
5936.00     9.11e-17
5938.00     8.53e-17
5940.00     9.20e-17
5942.00     8.79e-17
5944.00     8.87e-17
5946.00     8.41e-17
5948.00     8.76e-17
5950.00     8.53e-17
5952.00     9.40e-17
5954.00     8.68e-17
5956.00     9.06e-17
5958.00     9.23e-17
5960.00     9.38e-17
5962.00     8.94e-17
5964.00     8.70e-17
5966.00     8.57e-17
5968.00     8.98e-17
5970.00     8.52e-17
5972.00     8.59e-17
5974.00     9.32e-17
5976.00     8.73e-17
5978.00     9.01e-17
5980.00     8.61e-17
5982.00     8.98e-17
5984.00     9.10e-17
5986.00     8.88e-17
5988.00     8.55e-17
5990.00     9.18e-17
5992.00     8.69e-17
5994.00     8.28e-17
5996.00     8.97e-17
5998.00     8.77e-17
6000.00     8.09e-17
6002.00     8.73e-17
6004.00     8.70e-17
6006.00     9.05e-17
6008.00     8.99e-17
6010.00     9.06e-17
6012.00     8.97e-17
6014.00     8.77e-17
6016.00     8.58e-17
6018.00     8.73e-17
6020.00     9.18e-17
6022.00     9.24e-17
6024.00     8.63e-17
6026.00     8.90e-17
6028.00     8.82e-17
6030.00     8.73e-17
6032.00     8.25e-17
6034.00     8.81e-17
6036.00     8.40e-17
6038.00     8.85e-17
6040.00     8.73e-17
6042.00     9.04e-17
6044.00     8.74e-17
6046.00     8.09e-17
6048.00     8.56e-17
6050.00     8.58e-17
6052.00     8.14e-17
6054.00     8.11e-17
6056.00     8.29e-17
6058.00     8.29e-17
6060.00     9.22e-17
6062.00     8.59e-17
6064.00     8.78e-17
6066.00     8.34e-17
6068.00     8.18e-17
6070.00     8.24e-17
6072.00     8.31e-17
6074.00     8.16e-17
6076.00     8.01e-17
6078.00     8.16e-17
6080.00     8.38e-17
6082.00     8.07e-17
6084.00     8.78e-17
6086.00     8.58e-17
6088.00     8.50e-17
6090.00     8.34e-17
6092.00     8.13e-17
6094.00     8.32e-17
6096.00     8.19e-17
6098.00     8.30e-17
6100.00     8.05e-17
6102.00     8.41e-17
6104.00     8.65e-17
6106.00     8.42e-17
6108.00     8.24e-17
6110.00     8.07e-17
6112.00     8.70e-17
6114.00     8.30e-17
6116.00     8.08e-17
6118.00     7.58e-17
6120.00     8.00e-17
6122.00     7.53e-17
6124.00     7.62e-17
6126.00     7.26e-17
6128.00     7.77e-17
6130.00     8.00e-17
6132.00     8.31e-17
6134.00     8.32e-17
6136.00     7.62e-17
6138.00     7.70e-17
6140.00     7.81e-17
6142.00     8.26e-17
6144.00     8.10e-17
6146.00     7.96e-17
6148.00     8.15e-17
6150.00     7.44e-17
6152.00     8.11e-17
6154.00     8.38e-17
6156.00     8.15e-17
6158.00     8.24e-17
6160.00     8.10e-17
6162.00     8.03e-17
6164.00     7.88e-17
6166.00     7.79e-17
6168.00     7.99e-17
6170.00     7.82e-17
6172.00     7.63e-17
6174.00     8.06e-17
6176.00     7.73e-17
6178.00     8.16e-17
6180.00     8.10e-17
6182.00     7.81e-17
6184.00     7.96e-17
6186.00     8.13e-17
6188.00     8.25e-17
6190.00     7.64e-17
6192.00     7.80e-17
6194.00     7.94e-17
6196.00     7.88e-17
6198.00     7.79e-17
6200.00     7.73e-17
6202.00     7.77e-17
6204.00     7.86e-17
6206.00     8.02e-17
6208.00     8.51e-17
6210.00     8.24e-17
6212.00     7.84e-17
6214.00     7.76e-17
6216.00     7.62e-17
6218.00     7.67e-17
6220.00     7.96e-17
6222.00     8.35e-17
6224.00     8.03e-17
6226.00     8.17e-17
6228.00     8.24e-17
6230.00     7.70e-17
6232.00     7.81e-17
6234.00     7.86e-17
6236.00     7.85e-17
6238.00     7.17e-17
6240.00     7.64e-17
6242.00     7.53e-17
6244.00     7.04e-17
6246.00     8.07e-17
6248.00     7.85e-17
6250.00     8.11e-17
6252.00     8.02e-17
6254.00     7.64e-17
6256.00     7.80e-17
6258.00     7.72e-17
6260.00     8.32e-17
6262.00     8.21e-17
6264.00     8.11e-17
6266.00     8.12e-17
6268.00     7.72e-17
6270.00     8.52e-17
6272.00     7.74e-17
6274.00     7.85e-17
6276.00     8.14e-17
6278.00     8.19e-17
6280.00     8.15e-17
6282.00     8.25e-17
6284.00     8.15e-17
6286.00     8.00e-17
6288.00     7.81e-17
6290.00     8.16e-17
6292.00     7.56e-17
6294.00     8.15e-17
6296.00     8.00e-17
6298.00     7.78e-17
6300.00     7.74e-17
6302.00     8.31e-17
6304.00     7.73e-17
6306.00     7.68e-17
6308.00     8.02e-17
6310.00     8.01e-17
6312.00     7.73e-17
6314.00     8.00e-17
6316.00     8.15e-17
6318.00     8.57e-17
6320.00     7.86e-17
6322.00     8.09e-17
6324.00     8.27e-17
6326.00     8.08e-17
6328.00     7.90e-17
6330.00     8.06e-17
6332.00     7.74e-17
6334.00     7.55e-17
6336.00     8.29e-17
6338.00     7.93e-17
6340.00     8.33e-17
6342.00     8.23e-17
6344.00     8.21e-17
6346.00     8.55e-17
6348.00     8.15e-17
6350.00     8.36e-17
6352.00     8.06e-17
6354.00     7.88e-17
6356.00     8.12e-17
6358.00     7.72e-17
6360.00     7.85e-17
6362.00     7.77e-17
6364.00     7.81e-17
6366.00     8.01e-17
6368.00     8.16e-17
6370.00     7.60e-17
6372.00     8.02e-17
6374.00     7.90e-17
6376.00     8.08e-17
6378.00     8.50e-17
6380.00     7.96e-17
6382.00     7.60e-17
6384.00     7.33e-17
6386.00     7.45e-17
6388.00     7.78e-17
6390.00     7.60e-17
6392.00     7.55e-17
6394.00     7.43e-17
6396.00     7.43e-17
6398.00     7.57e-17
6400.00     7.72e-17
6402.00     7.59e-17
6404.00     7.76e-17
6406.00     7.43e-17
6408.00     7.70e-17
6410.00     8.11e-17
6412.00     7.89e-17
6414.00     7.97e-17
6416.00     8.10e-17
6418.00     7.63e-17
6420.00     8.16e-17
6422.00     7.50e-17
6424.00     7.55e-17
6426.00     7.85e-17
6428.00     7.54e-17
6430.00     7.32e-17
6432.00     7.03e-17
6434.00     7.16e-17
6436.00     7.31e-17
6438.00     7.59e-17
6440.00     7.92e-17
6442.00     7.93e-17
6444.00     7.24e-17
6446.00     7.39e-17
6448.00     7.37e-17
6450.00     7.60e-17
6452.00     7.83e-17
6454.00     7.64e-17
6456.00     7.44e-17
6458.00     7.61e-17
6460.00     7.43e-17
6462.00     7.65e-17
6464.00     7.67e-17
6466.00     7.68e-17
6468.00     7.39e-17
6470.00     7.64e-17
6472.00     7.78e-17
6474.00     7.50e-17
6476.00     7.90e-17
6478.00     7.70e-17
6480.00     7.11e-17
6482.00     7.73e-17
6484.00     7.40e-17
6486.00     7.06e-17
6488.00     7.56e-17
6490.00     7.60e-17
6492.00     7.52e-17
6494.00     7.12e-17
6496.00     7.50e-17
6498.00     7.65e-17
6500.00     7.17e-17
6502.00     7.36e-17
6504.00     8.05e-17
6506.00     7.71e-17
6508.00     7.11e-17
6510.00     7.23e-17
6512.00     7.31e-17
6514.00     7.70e-17
6516.00     7.48e-17
6518.00     7.57e-17
6520.00     7.15e-17
6522.00     7.09e-17
6524.00     7.32e-17
6526.00     7.50e-17
6528.00     7.68e-17
6530.00     7.59e-17
6532.00     7.25e-17
6534.00     7.54e-17
6536.00     7.60e-17
6538.00     7.38e-17
6540.00     7.55e-17
6542.00     7.67e-17
6544.00     7.66e-17
6546.00     7.46e-17
6548.00     7.48e-17
6550.00     7.45e-17
6552.00     7.44e-17
6554.00     7.26e-17
6556.00     7.41e-17
6558.00     7.85e-17
6560.00     7.48e-17
6562.00     7.28e-17
6564.00     7.20e-17
6566.00     7.72e-17
6568.00     7.76e-17
6570.00     7.75e-17
6572.00     7.57e-17
6574.00     7.44e-17
6576.00     7.26e-17
6578.00     7.13e-17
6580.00     7.23e-17
6582.00     7.79e-17
6584.00     7.41e-17
6586.00     7.42e-17
6588.00     7.60e-17
6590.00     7.41e-17
6592.00     7.55e-17
6594.00     7.30e-17
6596.00     7.32e-17
6598.00     7.37e-17
6600.00     7.55e-17
6602.00     7.19e-17
6604.00     7.56e-17
6606.00     7.61e-17
6608.00     7.59e-17
6610.00     7.37e-17
6612.00     7.34e-17
6614.00     7.20e-17
6616.00     7.13e-17
6618.00     7.21e-17
6620.00     7.05e-17
6622.00     6.82e-17
6624.00     6.77e-17
6626.00     7.19e-17
6628.00     7.26e-17
6630.00     7.27e-17
6632.00     7.24e-17
6634.00     7.06e-17
6636.00     7.09e-17
6638.00     7.12e-17
6640.00     7.44e-17
6642.00     7.31e-17
6644.00     7.53e-17
6646.00     7.29e-17
6648.00     7.20e-17
6650.00     7.29e-17
6652.00     7.28e-17
6654.00     7.57e-17
6656.00     7.46e-17
6658.00     7.37e-17
6660.00     7.19e-17
6662.00     6.98e-17
6664.00     7.25e-17
6666.00     7.55e-17
6668.00     7.47e-17
6670.00     7.24e-17
6672.00     7.62e-17
6674.00     7.50e-17
6676.00     7.70e-17
6678.00     7.53e-17
6680.00     7.42e-17
6682.00     7.45e-17
6684.00     7.38e-17
6686.00     7.07e-17
6688.00     7.27e-17
6690.00     7.40e-17
6692.00     7.48e-17
6694.00     7.49e-17
6696.00     7.62e-17
6698.00     6.88e-17
6700.00     7.75e-17
6702.00     7.21e-17
6704.00     7.10e-17
6706.00     7.40e-17
6708.00     7.09e-17
6710.00     7.36e-17
6712.00     7.36e-17
6714.00     7.79e-17
6716.00     7.48e-17
6718.00     7.17e-17
6720.00     7.54e-17
6722.00     7.63e-17
6724.00     7.88e-17
6726.00     7.27e-17
6728.00     7.39e-17
6730.00     7.52e-17
6732.00     7.30e-17
6734.00     6.97e-17
6736.00     7.43e-17
6738.00     7.40e-17
6740.00     6.93e-17
6742.00     7.47e-17
6744.00     7.87e-17
6746.00     7.48e-17
6748.00     7.18e-17
6750.00     7.60e-17
6752.00     7.50e-17
6754.00     7.60e-17
6756.00     7.64e-17
6758.00     7.59e-17
6760.00     7.41e-17
6762.00     7.27e-17
6764.00     7.31e-17
6766.00     7.19e-17
6768.00     7.55e-17
6770.00     7.27e-17
6772.00     7.67e-17
6774.00     8.06e-17
6776.00     7.45e-17
6778.00     7.20e-17
6780.00     7.51e-17
6782.00     7.66e-17
6784.00     7.54e-17
6786.00     7.62e-17
6788.00     7.65e-17
6790.00     7.47e-17
6792.00     7.10e-17
6794.00     7.42e-17
6796.00     7.46e-17
6798.00     7.46e-17
6800.00     7.52e-17
6802.00     7.67e-17
6804.00     7.49e-17
6806.00     7.59e-17
6808.00     7.49e-17
6810.00     7.57e-17
6812.00     7.27e-17
6814.00     7.41e-17
6816.00     7.50e-17
6818.00     7.57e-17
6820.00     7.61e-17
6822.00     7.45e-17
6824.00     7.38e-17
6826.00     7.20e-17
6828.00     7.53e-17
6830.00     7.37e-17
6832.00     7.68e-17
6834.00     7.49e-17
6836.00     7.22e-17
6838.00     7.85e-17
6840.00     7.40e-17
6842.00     7.13e-17
6844.00     7.21e-17
6846.00     7.09e-17
6848.00     7.33e-17
6850.00     6.84e-17
6852.00     7.19e-17
6854.00     7.36e-17
6856.00     7.61e-17
6858.00     7.66e-17
6860.00     7.66e-17
6862.00     7.53e-17
6864.00     6.98e-17
6866.00     7.50e-17
6868.00     7.43e-17
6870.00     7.51e-17
6872.00     7.07e-17
6874.00     7.06e-17
6876.00     7.34e-17
6878.00     7.66e-17
6880.00     7.79e-17
6882.00     7.53e-17
6884.00     7.73e-17
6886.00     7.43e-17
6888.00     7.66e-17
6890.00     7.46e-17
6892.00     7.35e-17
6894.00     7.29e-17
6896.00     7.19e-17
6898.00     7.36e-17
6900.00     7.57e-17
6902.00     7.74e-17
6904.00     7.39e-17
6906.00     7.36e-17
6908.00     7.50e-17
6910.00     7.79e-17
6912.00     7.74e-17
6914.00     7.06e-17
6916.00     7.21e-17
6918.00     7.51e-17
6920.00     7.36e-17
6922.00     7.48e-17
6924.00     7.55e-17
6926.00     7.30e-17
6928.00     7.39e-17
6930.00     7.57e-17
6932.00     7.04e-17
6934.00     7.30e-17
6936.00     7.44e-17
6938.00     7.51e-17
6940.00     7.14e-17
6942.00     7.06e-17
6944.00     7.27e-17
6946.00     7.39e-17
6948.00     7.47e-17
6950.00     7.63e-17
6952.00     6.96e-17
6954.00     7.30e-17
6956.00     7.42e-17
6958.00     7.44e-17
6960.00     7.25e-17
6962.00     7.48e-17
6964.00     7.47e-17
6966.00     7.35e-17
6968.00     7.55e-17
6970.00     7.25e-17
6972.00     7.17e-17
6974.00     6.78e-17
6976.00     6.92e-17
6978.00     7.14e-17
6980.00     6.94e-17
6982.00     6.95e-17
6984.00     6.82e-17
6986.00     7.34e-17
6988.00     7.25e-17
6990.00     7.01e-17
6992.00     7.61e-17
6994.00     7.62e-17
6996.00     7.38e-17
6998.00     7.04e-17
7000.00     7.03e-17
7002.00     7.28e-17
7004.00     7.44e-17
7006.00     7.42e-17
7008.00     7.19e-17
7010.00     7.61e-17
7012.00     7.35e-17
7014.00     7.07e-17
7016.00     7.26e-17
7018.00     7.11e-17
7020.00     7.12e-17
7022.00     7.34e-17
7024.00     7.32e-17
7026.00     7.06e-17
7028.00     7.13e-17
7030.00     7.51e-17
7032.00     7.29e-17
7034.00     7.10e-17
7036.00     7.16e-17
7038.00     7.45e-17
7040.00     7.49e-17
7042.00     7.31e-17
7044.00     6.96e-17
7046.00     7.28e-17
7048.00     6.96e-17
7050.00     7.27e-17
7052.00     6.89e-17
7054.00     7.30e-17
7056.00     6.93e-17
7058.00     7.52e-17
7060.00     7.63e-17
7062.00     7.61e-17
7064.00     7.29e-17
7066.00     7.15e-17
7068.00     7.24e-17
7070.00     7.16e-17
7072.00     6.82e-17
7074.00     7.03e-17
7076.00     7.23e-17
7078.00     7.29e-17
7080.00     7.02e-17
7082.00     7.29e-17
7084.00     6.98e-17
7086.00     6.88e-17
7088.00     7.07e-17
7090.00     7.06e-17
7092.00     7.22e-17
7094.00     7.21e-17
7096.00     6.92e-17
7098.00     7.42e-17
7100.00     7.50e-17
7102.00     7.14e-17
7104.00     7.25e-17
7106.00     7.18e-17
7108.00     7.16e-17
7110.00     7.09e-17
7112.00     6.78e-17
7114.00     7.33e-17
7116.00     7.10e-17
7118.00     7.03e-17
7120.00     7.49e-17
7122.00     6.84e-17
7124.00     7.04e-17
7126.00     7.12e-17
7128.00     7.10e-17
7130.00     7.30e-17
7132.00     7.08e-17
7134.00     7.14e-17
7136.00     7.24e-17
7138.00     7.13e-17
7140.00     7.20e-17
7142.00     7.13e-17
7144.00     7.16e-17
7146.00     7.01e-17
7148.00     7.12e-17
7150.00     7.22e-17
7152.00     7.37e-17
7154.00     6.99e-17
7156.00     6.93e-17
7158.00     7.19e-17
7160.00     7.25e-17
7162.00     7.30e-17
7164.00     7.26e-17
7166.00     7.17e-17
7168.00     7.28e-17
7170.00     7.12e-17
7172.00     7.17e-17
7174.00     7.00e-17
7176.00     7.13e-17
7178.00     7.38e-17
7180.00     6.91e-17
7182.00     6.77e-17
7184.00     7.02e-17
7186.00     6.85e-17
7188.00     6.95e-17
7190.00     7.09e-17
7192.00     6.82e-17
7194.00     7.17e-17
7196.00     6.88e-17
7198.00     7.02e-17
7200.00     6.75e-17
7202.00     6.73e-17
7204.00     6.37e-17
7206.00     7.08e-17
7208.00     6.86e-17
7210.00     7.20e-17
7212.00     6.81e-17
7214.00     6.87e-17
7216.00     6.81e-17
7218.00     6.71e-17
7220.00     6.90e-17
7222.00     7.21e-17
7224.00     6.57e-17
7226.00     6.58e-17
7228.00     6.77e-17
7230.00     6.63e-17
7232.00     6.89e-17
7234.00     6.51e-17
7236.00     7.01e-17
7238.00     7.13e-17
7240.00     6.42e-17
7242.00     6.99e-17
7244.00     6.12e-17
7246.00     6.60e-17
7248.00     6.05e-17
7250.00     6.48e-17
7252.00     6.77e-17
7254.00     7.04e-17
7256.00     6.45e-17
7258.00     6.79e-17
7260.00     7.16e-17
7262.00     7.15e-17
7264.00     6.99e-17
7266.00     6.35e-17
7268.00     6.61e-17
7270.00     6.56e-17
7272.00     6.90e-17
7274.00     7.72e-17
7276.00     7.44e-17
7278.00     6.89e-17
7280.00     6.25e-17
7282.00     6.78e-17
7284.00     6.44e-17
7286.00     6.65e-17
7288.00     6.33e-17
7290.00     7.06e-17
7292.00     6.66e-17
7294.00     6.39e-17
7296.00     6.82e-17
7298.00     6.48e-17
7300.00     6.82e-17
7302.00     6.04e-17
7304.00     6.28e-17
7306.00     6.20e-17
7308.00     6.75e-17
7310.00     6.86e-17
7312.00     7.15e-17
7314.00     6.64e-17
7316.00     6.51e-17
7318.00     5.93e-17
7320.00     5.59e-17
7322.00     6.83e-17
7324.00     6.69e-17
7326.00     6.50e-17
7328.00     6.36e-17
7330.00     6.15e-17
7332.00     6.65e-17
7334.00     6.25e-17
7336.00     6.92e-17
7338.00     7.43e-17
7340.00     7.15e-17
7342.00     6.60e-17
7344.00     5.82e-17
7346.00     6.68e-17
7348.00     6.68e-17
7350.00     6.96e-17
7352.00     6.69e-17
7354.00     6.75e-17
7356.00     6.38e-17
7358.00     6.62e-17
7360.00     6.40e-17
7362.00     6.66e-17
7364.00     6.84e-17
7366.00     7.00e-17
7368.00     6.07e-17
7370.00     6.43e-17
7372.00     6.03e-17
7374.00     6.13e-17
7376.00     6.74e-17
7378.00     6.36e-17
7380.00     6.59e-17
7382.00     6.67e-17
7384.00     6.84e-17
7386.00     6.62e-17
7388.00     6.54e-17
7390.00     6.27e-17
7392.00     6.32e-17
7394.00     6.32e-17
7396.00     6.88e-17
7398.00     6.76e-17
7400.00     6.78e-17
7402.00     6.67e-17
7404.00     5.87e-17
7406.00     6.47e-17
7408.00     6.30e-17
7410.00     6.44e-17
7412.00     6.66e-17
7414.00     6.63e-17
7416.00     6.65e-17
7418.00     6.90e-17
7420.00     6.42e-17
7422.00     6.45e-17
7424.00     6.74e-17
7426.00     6.72e-17
7428.00     6.49e-17
7430.00     6.82e-17
7432.00     6.86e-17
7434.00     6.60e-17
7436.00     6.53e-17
7438.00     6.40e-17
7440.00     6.11e-17
7442.00     6.58e-17
7444.00     6.68e-17
7446.00     6.72e-17
7448.00     6.71e-17
7450.00     6.61e-17
7452.00     6.81e-17
7454.00     6.84e-17
7456.00     6.44e-17
7458.00     6.80e-17
7460.00     6.71e-17
7462.00     6.75e-17
7464.00     6.65e-17
7466.00     6.79e-17
7468.00     6.54e-17
7470.00     6.99e-17
7472.00     6.72e-17
7474.00     7.16e-17
7476.00     6.78e-17
7478.00     7.08e-17
7480.00     6.88e-17
7482.00     6.54e-17
7484.00     6.57e-17
7486.00     6.72e-17
7488.00     6.68e-17
7490.00     6.55e-17
7492.00     6.78e-17
7494.00     7.14e-17
7496.00     6.84e-17
7498.00     6.75e-17
7500.00     7.15e-17
7502.00     7.00e-17
7504.00     6.95e-17
7506.00     7.06e-17
7508.00     7.39e-17
7510.00     7.11e-17
7512.00     7.05e-17
7514.00     6.81e-17
7516.00     7.08e-17
7518.00     6.86e-17
7520.00     7.06e-17
7522.00     7.06e-17
7524.00     7.35e-17
7526.00     6.65e-17
7528.00     6.61e-17
7530.00     6.99e-17
7532.00     6.65e-17
7534.00     6.85e-17
7536.00     6.82e-17
7538.00     7.21e-17
7540.00     7.31e-17
7542.00     7.09e-17
7544.00     7.00e-17
7546.00     6.79e-17
7548.00     7.13e-17
7550.00     7.31e-17
7552.00     7.48e-17
7554.00     7.58e-17
7556.00     7.53e-17
7558.00     7.27e-17
7560.00     7.54e-17
7562.00     7.04e-17
7564.00     7.18e-17
7566.00     7.24e-17
7568.00     7.43e-17
7570.00     7.44e-17
7572.00     7.23e-17
7574.00     7.01e-17
7576.00     7.05e-17
7578.00     7.27e-17
7580.00     7.11e-17
7582.00     7.63e-17
7584.00     7.43e-17
7586.00     7.14e-17
7588.00     7.00e-17
7590.00     7.25e-17
7592.00     7.14e-17
7594.00     7.61e-17
7596.00     6.80e-17
7598.00     6.96e-17
7600.00     7.51e-17
7602.00     7.63e-17
7604.00     8.63e-17
7606.00     8.67e-17
7608.00     7.41e-17
7610.00     6.85e-17
7612.00     6.98e-17
7614.00     6.78e-17
7616.00     6.85e-17
7618.00     7.03e-17
7620.00     6.81e-17
7622.00     7.01e-17
7624.00     7.58e-17
7626.00     7.45e-17
7628.00     7.07e-17
7630.00     6.96e-17
7632.00     6.78e-17
7634.00     7.61e-17
7636.00     7.34e-17
7638.00     6.97e-17
7640.00     7.48e-17
7642.00     7.53e-17
7644.00     7.40e-17
7646.00     7.63e-17
7648.00     7.57e-17
7650.00     7.20e-17
7652.00     7.03e-17
7654.00     7.28e-17
7656.00     7.34e-17
7658.00     7.25e-17
7660.00     7.55e-17
7662.00     7.92e-17
7664.00     7.54e-17
7666.00     7.32e-17
7668.00     7.46e-17
7670.00     7.74e-17
7672.00     7.84e-17
7674.00     7.29e-17
7676.00     7.56e-17
7678.00     7.58e-17
7680.00     7.59e-17
7682.00     7.78e-17
7684.00     7.57e-17
7686.00     7.28e-17
7688.00     7.43e-17
7690.00     7.18e-17
7692.00     7.16e-17
7694.00     7.41e-17
7696.00     7.47e-17
7698.00     7.70e-17
7700.00     7.47e-17
7702.00     7.52e-17
7704.00     7.54e-17
7706.00     7.45e-17
7708.00     8.19e-17
7710.00     8.35e-17
7712.00     8.34e-17
7714.00     8.84e-17
7716.00     7.14e-17
7718.00     7.16e-17
7720.00     6.49e-17
7722.00     7.07e-17
7724.00     7.93e-17
7726.00     7.77e-17
7728.00     7.36e-17
7730.00     7.11e-17
7732.00     7.62e-17
7734.00     7.11e-17
7736.00     8.06e-17
7738.00     7.64e-17
7740.00     7.37e-17
7742.00     7.82e-17
7744.00     7.80e-17
7746.00     8.61e-17
7748.00     8.55e-17
7750.00     8.54e-17
7752.00     7.59e-17
7754.00     6.08e-17
7756.00     7.57e-17
7758.00     7.81e-17
7760.00     7.19e-17
7762.00     6.70e-17
7764.00     6.58e-17
7766.00     6.61e-17
7768.00     7.48e-17
7770.00     9.68e-17
7772.00     7.89e-17
7774.00     7.29e-17
7776.00     7.09e-17
7778.00     7.44e-17
7780.00     7.12e-17
7782.00     7.12e-17
7784.00     6.96e-17
7786.00     7.43e-17
7788.00     7.77e-17
7790.00     8.32e-17
7792.00     8.60e-17
7794.00     7.01e-17
7796.00     6.31e-17
7798.00     6.73e-17
7800.00     7.64e-17
7802.00     7.38e-17
7804.00     7.57e-17
7806.00     7.58e-17
7808.00     7.52e-17
7810.00     6.99e-17
7812.00     6.85e-17
7814.00     7.34e-17
7816.00     7.85e-17
7818.00     9.15e-17
7820.00     7.89e-17
7822.00     7.22e-17
7824.00     6.00e-17
7826.00     7.28e-17
7828.00     7.21e-17
7830.00     7.18e-17
7832.00     7.26e-17
7834.00     7.70e-17
7836.00     7.46e-17
7838.00     7.64e-17
7840.00     8.06e-17
7842.00     7.54e-17
7844.00     6.69e-17
7846.00     7.22e-17
7848.00     7.81e-17
7850.00     8.57e-17
7852.00     7.89e-17
7854.00     7.18e-17
7856.00     6.71e-17
7858.00     7.09e-17
7860.00     7.17e-17
7862.00     6.92e-17
7864.00     6.69e-17
7866.00     7.43e-17
7868.00     8.33e-17
7870.00     7.09e-17
7872.00     7.59e-17
7874.00     7.11e-17
7876.00     7.37e-17
7878.00     7.63e-17
7880.00     7.24e-17
7882.00     6.71e-17
7884.00     6.84e-17
7886.00     7.33e-17
7888.00     7.89e-17
7890.00     7.66e-17
7892.00     6.35e-17
7894.00     6.29e-17
7896.00     6.89e-17
7898.00     7.27e-17
7900.00     7.37e-17
7902.00     6.98e-17
7904.00     7.15e-17
7906.00     7.40e-17
7908.00     7.66e-17
7910.00     8.61e-17
7912.00     8.14e-17
7914.00     6.38e-17
7916.00     6.07e-17
7918.00     6.24e-17
7920.00     7.35e-17
7922.00     7.83e-17
7924.00     6.82e-17
7926.00     7.02e-17
7928.00     7.40e-17
7930.00     7.34e-17
7932.00     7.17e-17
7934.00     6.38e-17
7936.00     7.14e-17
7938.00     7.28e-17
7940.00     7.11e-17
7942.00     7.01e-17
7944.00     7.19e-17
7946.00     7.56e-17
7948.00     6.87e-17
7950.00     6.85e-17
7952.00     6.56e-17
7954.00     6.59e-17
7956.00     6.81e-17
7958.00     7.16e-17
7960.00     7.80e-17
7962.00     8.12e-17
7964.00     7.26e-17
7966.00     6.64e-17
7968.00     6.21e-17
7970.00     6.84e-17
7972.00     6.97e-17
7974.00     7.00e-17
7976.00     7.29e-17
7978.00     7.21e-17
7980.00     6.82e-17
7982.00     6.49e-17
7984.00     6.68e-17
7986.00     7.10e-17
7988.00     7.18e-17
7990.00     8.07e-17
7992.00     7.72e-17
7994.00     7.08e-17
7996.00     5.40e-17
7998.00     5.83e-17
8000.00     7.02e-17
8002.00     6.71e-17
8004.00     7.01e-17
8006.00     7.15e-17
8008.00     7.00e-17
8010.00     7.29e-17
8012.00     7.10e-17
8014.00     6.97e-17
8016.00     6.91e-17
8018.00     6.86e-17
8020.00     7.27e-17
8022.00     8.05e-17
8024.00     7.95e-17
8026.00     6.91e-17
8028.00     6.40e-17
8030.00     6.16e-17
8032.00     6.81e-17
8034.00     6.92e-17
8036.00     7.28e-17
8038.00     7.10e-17
8040.00     6.85e-17
8042.00     6.55e-17
8044.00     6.90e-17
8046.00     6.95e-17
8048.00     7.36e-17
8050.00     7.07e-17
8052.00     6.77e-17
8054.00     7.23e-17
8056.00     7.21e-17
8058.00     7.46e-17
8060.00     7.69e-17
8062.00     7.50e-17
8064.00     6.41e-17
8066.00     6.70e-17
8068.00     6.52e-17
8070.00     6.98e-17
8072.00     6.84e-17
8074.00     7.18e-17
8076.00     6.64e-17
8078.00     6.89e-17
8080.00     7.11e-17
8082.00     7.30e-17
8084.00     6.85e-17
8086.00     7.23e-17
8088.00     6.81e-17
8090.00     6.99e-17
8092.00     6.95e-17
8094.00     7.24e-17
8096.00     6.94e-17
8098.00     6.79e-17
8100.00     7.15e-17
8102.00     7.23e-17
8104.00     6.86e-17
8106.00     6.66e-17
8108.00     6.59e-17
8110.00     6.87e-17
8112.00     6.81e-17
8114.00     7.05e-17
8116.00     6.97e-17
8118.00     6.84e-17
8120.00     6.58e-17
8122.00     6.64e-17
8124.00     6.42e-17
8126.00     7.07e-17
8128.00     7.01e-17
8130.00     7.27e-17
8132.00     7.13e-17
8134.00     6.89e-17
8136.00     7.06e-17
8138.00     7.00e-17
8140.00     6.35e-17
8142.00     7.19e-17
8144.00     6.89e-17
8146.00     6.88e-17
8148.00     6.94e-17
8150.00     6.84e-17
8152.00     6.72e-17
8154.00     6.42e-17
8156.00     7.15e-17
8158.00     6.37e-17
8160.00     6.61e-17
8162.00     6.69e-17
8164.00     6.59e-17
8166.00     7.10e-17
8168.00     7.04e-17
8170.00     6.86e-17
8172.00     7.15e-17
8174.00     6.86e-17
8176.00     6.59e-17
8178.00     6.85e-17
8180.00     6.71e-17
8182.00     6.62e-17
8184.00     6.66e-17
8186.00     6.97e-17
8188.00     6.88e-17
8190.00     6.82e-17
8192.00     6.98e-17
8194.00     6.78e-17
8196.00     6.74e-17
8198.00     6.33e-17
8200.00     6.60e-17
8202.00     6.81e-17
8204.00     7.08e-17
8206.00     6.85e-17
8208.00     6.90e-17
8210.00     6.98e-17
8212.00     6.85e-17
8214.00     7.08e-17
8216.00     6.78e-17
8218.00     6.97e-17
8220.00     7.09e-17
8222.00     6.69e-17
8224.00     6.48e-17
8226.00     6.45e-17
8228.00     6.66e-17
8230.00     6.86e-17
8232.00     6.89e-17
8234.00     6.73e-17
8236.00     6.60e-17
8238.00     7.18e-17
8240.00     7.15e-17
8242.00     7.05e-17
8244.00     7.01e-17
8246.00     6.76e-17
8248.00     7.13e-17
8250.00     6.90e-17
8252.00     7.11e-17
8254.00     6.87e-17
8256.00     6.94e-17
8258.00     6.67e-17
8260.00     6.68e-17
8262.00     6.65e-17
8264.00     6.78e-17
8266.00     6.99e-17
8268.00     6.70e-17
8270.00     6.92e-17
8272.00     6.69e-17
8274.00     6.82e-17
8276.00     7.16e-17
8278.00     7.16e-17
8280.00     6.86e-17
8282.00     6.22e-17
8284.00     7.13e-17
8286.00     7.04e-17
8288.00     6.96e-17
8290.00     5.72e-17
8292.00     6.32e-17
8294.00     8.43e-17
8296.00     7.15e-17
8298.00     6.34e-17
8300.00     6.03e-17
8302.00     5.61e-17
8304.00     6.14e-17
8306.00     6.67e-17
8308.00     7.11e-17
8310.00     6.71e-17
8312.00     6.39e-17
8314.00     6.60e-17
8316.00     7.12e-17
8318.00     6.81e-17
8320.00     6.63e-17
8322.00     6.71e-17
8324.00     7.05e-17
8326.00     6.67e-17
8328.00     6.92e-17
8330.00     6.38e-17
8332.00     6.78e-17
8334.00     6.93e-17
8336.00     6.93e-17
8338.00     7.20e-17
8340.00     9.08e-17
8342.00     9.29e-17
8344.00     5.73e-17
8346.00     6.09e-17
8348.00     5.49e-17
8350.00     7.50e-17
8352.00     6.69e-17
8354.00     6.54e-17
8356.00     5.83e-17
8358.00     6.80e-17
8360.00     6.73e-17
8362.00     6.58e-17
8364.00     6.00e-17
8366.00     6.08e-17
8368.00     6.14e-17
8370.00     6.72e-17
8372.00     6.93e-17
8374.00     6.77e-17
8376.00     6.78e-17
8378.00     6.91e-17
8380.00     7.54e-17
8382.00     7.03e-17
8384.00     6.61e-17
8386.00     6.23e-17
8388.00     6.73e-17
8390.00     6.51e-17
8392.00     7.08e-17
8394.00     7.31e-17
8396.00     7.18e-17
8398.00     6.83e-17
8400.00     6.31e-17
8402.00     4.32e-17
8404.00     4.60e-17
8406.00     6.47e-17
8408.00     6.68e-17
8410.00     6.81e-17
8412.00     7.02e-17
8414.00     6.66e-17
8416.00     6.92e-17
8418.00     6.13e-17
8420.00     5.90e-17
8422.00     6.40e-17
8424.00     6.94e-17
8426.00     7.00e-17
8428.00     6.48e-17
8430.00     6.05e-17
8432.00     5.27e-17
8434.00     6.08e-17
8436.00     5.82e-17
8438.00     6.15e-17
8440.00     6.29e-17
8442.00     6.61e-17
8444.00     6.48e-17
8446.00     6.53e-17
8448.00     6.94e-17
8450.00     6.97e-17
8452.00     6.51e-17
8454.00     6.13e-17
8456.00     5.97e-17
8458.00     6.29e-17
8460.00     6.56e-17
8462.00     6.39e-17
8464.00     7.43e-17
8466.00     7.57e-17
8468.00     6.59e-17
8470.00     6.06e-17
8472.00     6.73e-17
8474.00     6.22e-17
8476.00     6.27e-17
8478.00     6.50e-17
8480.00     6.17e-17
8482.00     6.24e-17
8484.00     6.45e-17
8486.00     6.47e-17
8488.00     6.73e-17
8490.00     6.83e-17
8492.00     6.74e-17
8494.00     6.57e-17
8496.00     6.49e-17
8498.00     6.38e-17
8500.00     7.13e-17
8502.00     6.95e-17
8504.00     6.66e-17
8506.00     6.33e-17
8508.00     5.77e-17
8510.00     6.04e-17
8512.00     6.42e-17
8514.00     6.49e-17
8516.00     6.35e-17
8518.00     5.94e-17
8520.00     5.95e-17
8522.00     6.52e-17
8524.00     6.30e-17
8526.00     6.36e-17
8528.00     6.61e-17
8530.00     6.47e-17
8532.00     6.34e-17
8534.00     6.07e-17
8536.00     6.04e-17
8538.00     6.30e-17
8540.00     6.48e-17
8542.00     6.69e-17
8544.00     6.47e-17
8546.00     6.96e-17
8548.00     6.30e-17
8550.00     5.80e-17
8552.00     6.22e-17
8554.00     6.52e-17
8556.00     6.31e-17
8558.00     6.42e-17
8560.00     6.26e-17
8562.00     6.31e-17
8564.00     6.78e-17
8566.00     6.43e-17
8568.00     6.33e-17
8570.00     6.32e-17
8572.00     6.51e-17
8574.00     6.46e-17
8576.00     6.24e-17
8578.00     6.15e-17
8580.00     6.27e-17
8582.00     6.69e-17
8584.00     6.73e-17
8586.00     6.39e-17
8588.00     5.94e-17
8590.00     6.37e-17
8592.00     6.34e-17
8594.00     6.52e-17
8596.00     6.06e-17
8598.00     5.92e-17
8600.00     6.35e-17
8602.00     6.66e-17
8604.00     6.69e-17
8606.00     6.46e-17
8608.00     6.34e-17
8610.00     6.39e-17
8612.00     6.36e-17
8614.00     6.30e-17
8616.00     6.43e-17
8618.00     6.41e-17
8620.00     6.40e-17
8622.00     6.29e-17
8624.00     6.13e-17
8626.00     6.44e-17
8628.00     6.09e-17
8630.00     6.06e-17
8632.00     6.13e-17
8634.00     6.15e-17
8636.00     6.55e-17
8638.00     6.17e-17
8640.00     6.52e-17
8642.00     6.37e-17
8644.00     6.50e-17
8646.00     6.77e-17
8648.00     6.18e-17
8650.00     6.32e-17
8652.00     6.76e-17
8654.00     5.71e-17
8656.00     6.15e-17
8658.00     6.53e-17
8660.00     6.56e-17
8662.00     6.58e-17
8664.00     6.28e-17
8666.00     6.90e-17
8668.00     6.70e-17
8670.00     5.74e-17
8672.00     6.00e-17
8674.00     5.88e-17
8676.00     6.33e-17
8678.00     6.05e-17
8680.00     5.74e-17
8682.00     6.41e-17
8684.00     6.54e-17
8686.00     6.62e-17
8688.00     6.51e-17
8690.00     6.69e-17
8692.00     6.36e-17
8694.00     6.39e-17
8696.00     6.24e-17
8698.00     6.60e-17
8700.00     5.99e-17
8702.00     6.14e-17
8704.00     5.98e-17
8706.00     6.22e-17
8708.00     6.14e-17
8710.00     6.19e-17
8712.00     6.40e-17
8714.00     6.05e-17
8716.00     5.96e-17
8718.00     6.14e-17
8720.00     6.27e-17
8722.00     6.35e-17
8724.00     6.39e-17
8726.00     6.48e-17
8728.00     6.29e-17
8730.00     6.15e-17
8732.00     6.40e-17
8734.00     6.43e-17
8736.00     6.36e-17
8738.00     6.15e-17
8740.00     6.21e-17
8742.00     6.70e-17
8744.00     6.29e-17
8746.00     5.88e-17
8748.00     5.96e-17
8750.00     6.46e-17
8752.00     6.33e-17
8754.00     6.34e-17
8756.00     6.23e-17
8758.00     6.42e-17
8760.00     5.90e-17
8762.00     5.44e-17
8764.00     5.44e-17
8766.00     6.09e-17
8768.00     5.59e-17
8770.00     5.46e-17
8772.00     5.73e-17
8774.00     6.86e-17
8776.00     6.29e-17
8778.00     6.28e-17
8780.00     5.66e-17
8782.00     5.27e-17
8784.00     5.46e-17
8786.00     5.89e-17
8788.00     6.63e-17
8790.00     6.38e-17
8792.00     5.99e-17
8794.00     5.47e-17
8796.00     6.19e-17
8798.00     6.39e-17
8800.00     6.52e-17
8802.00     6.24e-17
8804.00     6.51e-17
8806.00     5.97e-17
8808.00     6.34e-17
8810.00     6.25e-17
8812.00     5.85e-17
8814.00     6.01e-17
8816.00     6.21e-17
8818.00     6.07e-17
8820.00     5.85e-17
8822.00     6.30e-17
8824.00     6.08e-17
8826.00     6.19e-17
8828.00     4.91e-17
8830.00     5.41e-17
8832.00     6.22e-17
8834.00     6.84e-17
8836.00     4.63e-17
8838.00     4.97e-17
8840.00     5.54e-17
8842.00     6.29e-17
8844.00     6.25e-17
8846.00     6.34e-17
8848.00     6.35e-17
8850.00     5.98e-17
8852.00     5.91e-17
8854.00     5.98e-17
8856.00     6.23e-17
8858.00     6.01e-17
8860.00     6.13e-17
8862.00     6.20e-17
8864.00     6.80e-17
8866.00     6.20e-17
8868.00     6.35e-17
8870.00     6.19e-17
8872.00     5.67e-17
8874.00     6.20e-17
8876.00     6.20e-17
8878.00     6.39e-17
8880.00     6.67e-17
8882.00     6.04e-17
8884.00     5.95e-17
8886.00     5.49e-17
8888.00     5.93e-17
8890.00     5.41e-17
8892.00     5.54e-17
8894.00     5.82e-17
8896.00     6.10e-17
8898.00     6.13e-17
8900.00     6.37e-17
8902.00     6.33e-17
8904.00     6.39e-17
8906.00     6.05e-17
8908.00     5.41e-17
8910.00     5.87e-17
8912.00     6.01e-17
8914.00     5.73e-17
8916.00     5.69e-17
8918.00     4.39e-17
8920.00     5.65e-17
8922.00     6.15e-17
8924.00     6.54e-17
8926.00     5.75e-17
8928.00     5.45e-17
8930.00     5.94e-17
8932.00     6.03e-17
8934.00     5.69e-17
8936.00     5.70e-17
8938.00     5.66e-17
8940.00     5.46e-17
8942.00     6.02e-17
8944.00     6.22e-17
8946.00     6.21e-17
8948.00     5.83e-17
8950.00     5.95e-17
8952.00     6.28e-17
8954.00     5.81e-17
8956.00     6.12e-17
8958.00     7.57e-17
8960.00     6.67e-17
8962.00     5.07e-17
8964.00     5.64e-17
8966.00     5.37e-17
8968.00     5.67e-17
8970.00     5.81e-17
8972.00     5.57e-17
8974.00     5.69e-17
8976.00     5.83e-17
8978.00     6.00e-17
8980.00     5.83e-17
8982.00     5.91e-17
8984.00     5.69e-17
8986.00     5.39e-17
8988.00     5.43e-17
8990.00     4.87e-17
8992.00     5.39e-17
8994.00     5.43e-17
8996.00     5.92e-17
8998.00     5.30e-17
9000.00     5.24e-17
9002.00     5.80e-17
9004.00     5.21e-17
9006.00     5.34e-17
9008.00     5.49e-17
9010.00     5.25e-17
9012.00     5.43e-17
9014.00     5.78e-17
9016.00     5.76e-17
9018.00     5.76e-17
9020.00     5.34e-17
9022.00     5.49e-17
9024.00     5.57e-17
9026.00     5.66e-17
9028.00     5.68e-17
9030.00     5.76e-17
9032.00     5.39e-17
9034.00     5.47e-17
9036.00     5.60e-17
9038.00     5.28e-17
9040.00     5.10e-17
9042.00     5.49e-17
9044.00     5.75e-17
9046.00     5.70e-17
9048.00     5.45e-17
9050.00     5.37e-17
9052.00     5.71e-17
9054.00     5.39e-17
9056.00     5.19e-17
9058.00     5.58e-17
9060.00     5.47e-17
9062.00     5.25e-17
9064.00     5.17e-17
9066.00     5.38e-17
9068.00     5.24e-17
9070.00     5.22e-17
9072.00     5.44e-17
9074.00     5.08e-17
9076.00     5.44e-17
9078.00     5.13e-17
9080.00     5.00e-17
9082.00     5.08e-17
9084.00     5.20e-17
9086.00     5.31e-17
9088.00     5.51e-17
9090.00     5.03e-17
9092.00     5.00e-17
9094.00     5.00e-17
9096.00     5.27e-17
9098.00     5.12e-17
9100.00     5.35e-17
9102.00     5.28e-17
9104.00     5.17e-17
9106.00     5.00e-17
9108.00     5.45e-17
9110.00     5.74e-17
9112.00     5.36e-17
9114.00     5.23e-17
9116.00     5.17e-17
9118.00     5.10e-17
9120.00     5.47e-17
9122.00     5.23e-17
9124.00     5.07e-17
9126.00     5.16e-17
9128.00     5.03e-17
9130.00     5.08e-17
9132.00     5.13e-17
9134.00     4.82e-17
9136.00     4.85e-17
9138.00     5.03e-17
9140.00     5.26e-17
9142.00     5.21e-17
9144.00     5.16e-17
9146.00     5.21e-17
9148.00     4.84e-17
9150.00     4.99e-17
9152.00     4.85e-17
9154.00     4.66e-17
9156.00     4.92e-17
9158.00     5.27e-17
9160.00     5.01e-17
9162.00     4.87e-17
9164.00     5.15e-17
9166.00     5.35e-17
9168.00     5.52e-17
9170.00     5.40e-17
9172.00     4.87e-17
9174.00     5.04e-17
9176.00     4.72e-17
9178.00     5.06e-17
9180.00     5.23e-17
9182.00     5.12e-17
9184.00     5.03e-17
9186.00     4.92e-17
9188.00     5.35e-17
9190.00     5.13e-17
9192.00     5.23e-17
9194.00     5.01e-17
9196.00     5.24e-17
9198.00     5.16e-17
9200.00     5.19e-17
9202.00     5.03e-17
9204.00     5.12e-17
9206.00     5.16e-17
9208.00     5.18e-17
9210.00     5.37e-17
9212.00     5.21e-17
9214.00     4.93e-17
9216.00     4.74e-17
9218.00     5.13e-17
9220.00     5.15e-17
9222.00     5.25e-17
9224.00     5.25e-17
9226.00     5.20e-17
9228.00     5.37e-17
9230.00     5.10e-17
9232.00     5.23e-17
9234.00     4.93e-17
9236.00     4.88e-17
9238.00     5.00e-17
9240.00     5.06e-17
9242.00     5.01e-17
9244.00     4.91e-17
9246.00     4.92e-17
9248.00     5.26e-17
9250.00     5.28e-17
9252.00     5.16e-17
9254.00     5.03e-17
9256.00     5.20e-17
9258.00     5.04e-17
9260.00     5.09e-17
9262.00     5.30e-17
9264.00     5.22e-17
9266.00     4.99e-17
9268.00     5.07e-17
9270.00     4.97e-17
9272.00     5.09e-17
9274.00     4.92e-17
9276.00     4.83e-17
9278.00     4.61e-17
9280.00     5.06e-17
9282.00     5.14e-17
9284.00     5.11e-17
9286.00     4.94e-17
9288.00     5.32e-17
9290.00     5.24e-17
9292.00     5.10e-17
9294.00     4.89e-17
9296.00     4.65e-17
9298.00     4.84e-17
9300.00     4.88e-17
9302.00     4.72e-17
9304.00     4.66e-17
9306.00     4.34e-17
9308.00     3.78e-17
9310.00     4.67e-17
9312.00     5.31e-17
9314.00     4.71e-17
9316.00     4.08e-17
9318.00     3.85e-17
9320.00     4.21e-17
9322.00     4.61e-17
9324.00     3.74e-17
9326.00     4.50e-17
9328.00     3.68e-17
9330.00     4.35e-17
9332.00     4.32e-17
9334.00     5.00e-17
9336.00     4.54e-17
9338.00     4.78e-17
9340.00     4.72e-17
9342.00     4.62e-17
9344.00     4.71e-17
9346.00     4.57e-17
9348.00     5.03e-17
9350.00     5.18e-17
9352.00     4.59e-17
9354.00     4.67e-17
9356.00     4.95e-17
9358.00     4.93e-17
9360.00     4.86e-17
9362.00     4.57e-17
9364.00     4.51e-17
9366.00     4.85e-17
9368.00     4.53e-17
9370.00     4.24e-17
9372.00     3.84e-17
9374.00     7.86e-17
9376.00     7.78e-17
9378.00     6.16e-17
9380.00     4.17e-17
9382.00     2.47e-17
9384.00     4.56e-17
9386.00     5.17e-17
9388.00     4.49e-17
9390.00     4.73e-17
9392.00     4.70e-17
9394.00     5.21e-17
9396.00     5.06e-17
9398.00     4.64e-17
9400.00     5.21e-17
9402.00     3.91e-17
9404.00     4.23e-17
9406.00     4.34e-17
9408.00     4.20e-17
9410.00     4.47e-17
9412.00     4.43e-17
9414.00     4.40e-17
9416.00     4.97e-17
9418.00     4.90e-17
9420.00     5.32e-17
9422.00     4.35e-17
9424.00     4.60e-17
9426.00     4.84e-17
9428.00     4.73e-17
9430.00     4.50e-17
9432.00     4.99e-17
9434.00     5.00e-17
9436.00     4.85e-17
9438.00     4.78e-17
9440.00     4.39e-17
9442.00     5.13e-17
9444.00     4.68e-17
9446.00     5.08e-17
9448.00     4.76e-17
9450.00     5.01e-17
9452.00     4.59e-17
9454.00     4.64e-17
9456.00     5.85e-17
9458.00     5.67e-17
9460.00     4.33e-17
9462.00     4.63e-17
9464.00     4.47e-17
9466.00     4.61e-17
9468.00     4.41e-17
9470.00     4.79e-17
9472.00     4.46e-17
9474.00     4.24e-17
9476.00     3.57e-17
9478.00     4.78e-17
9480.00     4.26e-17
9482.00     4.05e-17
9484.00     4.79e-17
9486.00     5.05e-17
9488.00     5.07e-17
9490.00     5.91e-17
9492.00     5.26e-17
9494.00     4.88e-17
9496.00     4.89e-17
9498.00     4.47e-17
9500.00     5.38e-17
9502.00     4.61e-17
9504.00     4.47e-17
9506.00     5.03e-17
9508.00     4.55e-17
9510.00     5.20e-17
9512.00     4.74e-17
9514.00     5.08e-17
9516.00     4.03e-17
9518.00     4.48e-17
9520.00     3.36e-17
9522.00     4.93e-17
9524.00     3.93e-17
9526.00     4.84e-17
9528.00     4.85e-17
9530.00     5.23e-17
9532.00     5.16e-17
9534.00     5.17e-17
9536.00     5.07e-17
9538.00     5.19e-17
9540.00     5.31e-17
9542.00     5.22e-17
9544.00     5.08e-17
9546.00     5.19e-17
9548.00     4.85e-17
9550.00     5.10e-17
9552.00     5.35e-17
9554.00     5.17e-17
9556.00     5.42e-17
9558.00     5.05e-17
9560.00     5.20e-17
9562.00     4.62e-17
9564.00     4.26e-17
9566.00     5.85e-17
9568.00     4.44e-17
9570.00     4.43e-17
9572.00     4.48e-17
9574.00     5.01e-17
9576.00     5.33e-17
9578.00     5.26e-17
9580.00     4.80e-17
9582.00     4.85e-17
9584.00     4.98e-17
9586.00     4.89e-17
9588.00     4.84e-17
9590.00     4.92e-17
9592.00     4.35e-17
9594.00     5.02e-17
9596.00     5.36e-17
9598.00     4.93e-17
9600.00     5.01e-17
9602.00     5.34e-17
9604.00     4.96e-17
9606.00     4.81e-17
9608.00     4.67e-17
9610.00     4.45e-17
9612.00     4.85e-17
9614.00     4.98e-17
9616.00     5.22e-17
9618.00     5.26e-17
9620.00     4.69e-17
9622.00     4.70e-17
9624.00     4.97e-17
9626.00     4.96e-17
9628.00     5.08e-17
9630.00     4.85e-17
9632.00     5.64e-17
9634.00     4.84e-17
9636.00     5.25e-17
9638.00     5.52e-17
9640.00     5.05e-17
9642.00     5.26e-17
9644.00     4.95e-17
9646.00     5.04e-17
9648.00     5.34e-17
9650.00     5.27e-17
9652.00     5.39e-17
9654.00     5.42e-17
9656.00     5.55e-17
9658.00     5.09e-17
9660.00     4.95e-17
9662.00     4.85e-17
9664.00     4.88e-17
9666.00     5.45e-17
9668.00     5.04e-17
9670.00     4.78e-17
9672.00     5.02e-17
9674.00     4.60e-17
9676.00     5.34e-17
9678.00     5.61e-17
9680.00     5.88e-17
9682.00     5.32e-17
9684.00     5.95e-17
9686.00     5.50e-17
9688.00     5.47e-17
9690.00     4.94e-17
9692.00     5.01e-17
9694.00     5.12e-17
9696.00     5.67e-17
9698.00     4.89e-17
9700.00     4.57e-17
9702.00     4.07e-17
9704.00     5.11e-17
9706.00     5.35e-17
9708.00     4.49e-17
9710.00     5.42e-17
9712.00     4.64e-17
9714.00     4.83e-17
9716.00     5.60e-17
9718.00     5.44e-17
9720.00     5.84e-17
9722.00     5.01e-17
9724.00     4.75e-17
9726.00     4.69e-17
9728.00     4.91e-17
9730.00     5.43e-17
9732.00     5.85e-17
9734.00     5.08e-17
9736.00     4.69e-17
9738.00     5.02e-17
9740.00     5.69e-17
9742.00     4.77e-17
9744.00     5.45e-17
9746.00     4.57e-17
9748.00     4.69e-17
9750.00     5.52e-17
9752.00     5.02e-17
9754.00     4.96e-17
9756.00     4.75e-17
9758.00     4.94e-17
9760.00     4.92e-17
9762.00     4.84e-17
9764.00     5.34e-17
9766.00     5.27e-17
9768.00     4.97e-17
9770.00     5.11e-17
9772.00     4.93e-17
9774.00     4.75e-17
9776.00     4.84e-17
9778.00     4.83e-17
9780.00     4.89e-17
9782.00     5.18e-17
9784.00     5.02e-17
9786.00     4.72e-17
9788.00     5.06e-17
9790.00     4.96e-17
9792.00     3.66e-17
9794.00     2.65e-17
9796.00     4.55e-17
9798.00     6.18e-17
9800.00     6.03e-17
9802.00     5.77e-17
9804.00     4.42e-17
9806.00     5.76e-17
9808.00     5.10e-17
9810.00     5.38e-17
9812.00     5.28e-17
9814.00     5.40e-17
9816.00     5.32e-17
9818.00     5.73e-17
9820.00     5.09e-17
9822.00     5.18e-17
9824.00     5.30e-17
9826.00     4.95e-17
9828.00     4.93e-17
9830.00     5.04e-17
9832.00     5.31e-17
9834.00     5.44e-17
9836.00     4.98e-17
9838.00     5.09e-17
9840.00     4.56e-17
9842.00     5.02e-17
9844.00     5.47e-17
9846.00     4.94e-17
9848.00     4.66e-17
9850.00     6.06e-17
9852.00     5.09e-17
9854.00     5.27e-17
9856.00     4.64e-17
9858.00     5.16e-17
9860.00     5.29e-17
9862.00     5.28e-17
9864.00     4.75e-17
9866.00     4.91e-17
9868.00     4.86e-17
9870.00     5.71e-17
9872.00     4.72e-17
9874.00     4.96e-17
9876.00     3.87e-17
9878.00     5.11e-17
9880.00     4.53e-17
9882.00     5.02e-17
9884.00     5.12e-17
9886.00     5.03e-17
9888.00     5.63e-17
9890.00     4.58e-17
9892.00     5.29e-17
9894.00     5.73e-17
9896.00     5.03e-17
9898.00     5.72e-17
9900.00     4.66e-17
9902.00     5.28e-17
9904.00     4.70e-17
9906.00     5.07e-17
9908.00     4.59e-17
9910.00     5.17e-17
9912.00     6.43e-17
9914.00     7.04e-17
9916.00     6.07e-17
9918.00     4.85e-17
9920.00     4.77e-17
9922.00     5.19e-17
9924.00     5.34e-17
9926.00     5.41e-17
9928.00     5.17e-17
9930.00     5.21e-17
9932.00     5.80e-17
9934.00     5.20e-17
9936.00     5.22e-17
9938.00     5.40e-17
9940.00     4.64e-17
9942.00     6.35e-17
9944.00     5.31e-17
9946.00     7.45e-17
9948.00     3.87e-17
9950.00     3.72e-17
9952.00     5.10e-17
9954.00     5.10e-17
9956.00     4.54e-17
9958.00     6.53e-17
9960.00     4.43e-17
9962.00     4.92e-17
9964.00     3.95e-17
9966.00     5.76e-17
9968.00     5.81e-17
9970.00     5.27e-17
9972.00     4.53e-17
9974.00     5.08e-17
9976.00     4.20e-17
9978.00     5.31e-17
9980.00     5.08e-17
9982.00     5.97e-17
9984.00     5.49e-17
9986.00     4.81e-17
9988.00     5.15e-17
9990.00     5.24e-17
9992.00     4.85e-17
9994.00     4.80e-17
9996.00     5.97e-17
9998.00     5.63e-17
10000.00     5.17e-17
10002.00     4.49e-17
10004.00     6.23e-17
10006.00     5.56e-17
10008.00     4.40e-17
10010.00     5.90e-17
10012.00     6.11e-17
10014.00     1.02e-16
10016.00     8.40e-17
10018.00     5.29e-17
10020.00     4.92e-17
10022.00     5.16e-17
10024.00     4.80e-17
10026.00     4.74e-17
10028.00     5.62e-17
10030.00     4.86e-17
10032.00     4.74e-17
10034.00     5.61e-17
10036.00     5.10e-17
10038.00     5.70e-17
10040.00     6.33e-17
10042.00     5.81e-17
10044.00     6.02e-17
10046.00     4.45e-17
10048.00     4.78e-17
10050.00     5.58e-17
10052.00     5.53e-17
10054.00     6.27e-17
10056.00     4.43e-17
10058.00     5.34e-17
10060.00     3.84e-17
10062.00     6.01e-17
10064.00     4.22e-17
10066.00     4.77e-17
10068.00     4.85e-17
10070.00     5.53e-17
10072.00     4.37e-17
10074.00     6.05e-17
10076.00     4.52e-17
10078.00     4.11e-17
10080.00     3.16e-17
10082.00     1.73e-17
10084.00     7.42e-17
10086.00     5.61e-17
10088.00     4.94e-17
10090.00     5.50e-17
10092.00     6.16e-17
10094.00     5.71e-17
10096.00     5.39e-17
10098.00     4.82e-17
10100.00     5.21e-17
10102.00     4.96e-17
10104.00     6.42e-17
10106.00     6.96e-17
10108.00     4.37e-17
10110.00     4.70e-17
10112.00     4.72e-17
10114.00     4.13e-17
10116.00     5.25e-17
10118.00     4.84e-17
10120.00     4.14e-17
10122.00     5.20e-17
10124.00     6.03e-17
10126.00     8.68e-17
10128.00     5.58e-17
10130.00     4.35e-17
10132.00     7.08e-17
10134.00     6.25e-17
10136.00     5.93e-17
10138.00     5.00e-17
10140.00     5.69e-17
10142.00     4.70e-17
10144.00     3.84e-17
10146.00     5.09e-17
10148.00     5.42e-17
10150.00     6.26e-17
10152.00     6.28e-17
10154.00     6.62e-17
10156.00     4.55e-17
10158.00     5.17e-17
10160.00     4.67e-17
10162.00     5.30e-17
10164.00     6.81e-17
10166.00     4.92e-17
10168.00     5.68e-17
10170.00     2.42e-17
10172.00     4.09e-17
10174.00     1.77e-17
10176.00     4.55e-17
10178.00     5.58e-17
10180.00     7.76e-17
10182.00     6.33e-17
10184.00     4.22e-17
10186.00     5.25e-17
10188.00     5.32e-17
10190.00     7.63e-17
10192.00     1.00e-16
10194.00     4.73e-17
10196.00     5.49e-17
10198.00     6.48e-17
10200.00     6.56e-17
10202.00     5.77e-17
10204.00     3.48e-17
10206.00     5.88e-17
10208.00     4.53e-17
10210.00     1.78e-17
10212.00     3.35e-17
10214.00     5.45e-17
10216.00     3.93e-17
10218.00     2.40e-17
10220.00     3.31e-17
10222.00     6.20e-17
10224.00     6.92e-17
10226.00     5.10e-17
10228.00     1.10e-16
10230.00     9.49e-17
10232.00     4.65e-17
10234.00     6.59e-17
10236.00     7.09e-17
10238.00     4.50e-17
10240.00     4.54e-17
10242.00     5.79e-17
10244.00     7.08e-17
10246.00     5.56e-17
10248.00     4.28e-17
10250.00     4.96e-17
10252.00     5.39e-17
10254.00     3.59e-17
10256.00     3.15e-17
10258.00     4.50e-17
10260.00     4.52e-17
10262.00     6.05e-17
10264.00     4.22e-17
10266.00     5.94e-17
10268.00     3.98e-17
10270.00     4.39e-17
10272.00     9.56e-17
10274.00     4.62e-17
10276.00     3.64e-17
10278.00     2.94e-17
10280.00     2.92e-17
10282.00     2.04e-17
10284.00     1.27e-16
10286.00     8.01e-17
10288.00     6.45e-17
10290.00     1.39e-16
10292.00    -3.95e-17
10294.00    -7.40e-17
10296.00     1.21e-16
10298.00     1.94e-17
10300.00     8.37e-17
10302.00     6.08e-17
10304.00     5.82e-17
10306.00     6.86e-17
10308.00     8.19e-17
10310.00     5.29e-17
10312.00     9.03e-17
10314.00     2.06e-17
10316.00     1.02e-16
