3200.00035  9.47327e-19
3202.00013 -8.79432e-19
3203.99990 -2.77065e-17
3205.99968 -4.59337e-17
3207.99946 -3.36117e-18
3210.00042 -2.11887e-17
3212.00019  2.29834e-17
3213.99997  3.15530e-18
3215.99974 -2.16730e-17
3217.99952 -4.18015e-17
3220.00048 -4.23301e-17
3222.00026 -4.24591e-17
3224.00003 -1.89882e-17
3225.99981 -3.68175e-17
3227.99958 -2.56471e-17
3230.00054 -2.84767e-17
3232.00032 -2.63067e-17
3234.00010 -2.21369e-17
3235.99987 -3.39673e-17
3237.99965 -2.27979e-17
3239.99942 -3.76287e-17
3242.00038 -3.24596e-17
3244.00016 -3.62909e-17
3245.99994 -3.96223e-17
3247.99971  2.04605e-18
3249.99949  6.21418e-18
3252.00045 -1.66178e-17
3254.00022 -2.54500e-17
3256.00000 -3.02825e-17
3257.99978 -3.71152e-17
3259.99955 -2.99480e-17
3262.00051 -7.81070e-19
3264.00029 -2.76144e-17
3266.00006  1.25521e-17
3267.99984  1.47184e-17
3269.99962  2.88449e-18
3272.00058 -1.89495e-17
3274.00035 -1.17839e-17
3276.00013 -5.61842e-18
3277.99990  1.54684e-18
3279.99968  8.71189e-18
3281.99946 -1.01233e-17
3284.00042 -5.95857e-18
3286.00019 -1.79411e-18
3287.99997  1.37013e-18
3289.99974 -1.84658e-17
3291.99952  3.69799e-18
3294.00048 -1.81383e-17
3296.00026  8.02512e-18
3298.00003 -1.18117e-17
3299.99981 -2.64866e-18
3301.99958 -9.48587e-18
3304.00054 -1.03232e-17
3306.00032  8.39211e-19
3308.00010 -4.99861e-18
3309.99987 -1.88366e-17
3311.99965  1.03252e-17
3313.99942 -7.51321e-18
3316.00038 -7.35174e-18
3318.00016  1.48094e-17
3319.99994  1.29704e-17
3321.99971  1.31312e-17
3323.99949  1.52917e-17
3326.00045 -4.54779e-18
3328.00022 -1.93876e-17
3330.00000  9.77238e-18
3331.99978 -5.06785e-18
3333.99955 -3.90829e-18
3336.00051 -9.74883e-18
3338.00029 -3.58963e-18
3340.00006 -3.43068e-18
3341.99984 -2.52719e-17
3343.99962 -1.11133e-17
3346.00058 -2.95489e-18
3348.00035 -5.79672e-18
3350.00013 -6.38742e-19
3351.99990  2.15190e-17
3353.99968  9.67660e-18
3355.99946  1.68340e-17
3358.00042 -8.00879e-18
3360.00019  1.61482e-17
3361.99997  2.33050e-17
3363.99974 -2.53844e-18
3365.99952 -1.53821e-17
3368.00048  3.77422e-18
3370.00026 -8.06980e-18
3372.00003 -8.91403e-18
3373.99981  1.24156e-18
3375.99958 -8.60302e-18
3378.00054 -4.44776e-18
3380.00032 -2.29277e-18
3382.00010 -1.13795e-18
3383.99987  6.01663e-18
3385.99965  1.31711e-17
3387.99942 -5.67474e-18
3390.00038  4.79381e-19
3392.00016  1.56332e-17
3393.99994 -1.21319e-18
3395.99971  1.39402e-17
3397.99949  1.00935e-17
3400.00045  2.24661e-18
3402.00022  1.33994e-17
3404.00000  9.55210e-18
3405.99978  9.70455e-18
3407.99955 -5.14320e-18
3410.00051  1.10090e-17
3412.00029 -4.83915e-18
3414.00006  2.31251e-18
3415.99984 -5.53602e-18
3417.99962  1.76153e-17
3420.00058  7.66433e-19
3422.00035  7.91734e-18
3424.00013  1.80681e-17
3425.99990  1.12186e-17
3427.99968  1.03689e-17
3429.99946  9.51902e-18
3432.00042  2.56690e-17
3434.00019  6.81877e-18
3435.99997  9.96835e-18
3437.99974  7.11771e-18
3439.99952  2.32669e-17
3442.00048  7.41592e-18
3444.00026  4.56471e-18
3446.00003  1.17133e-17
3447.99981 -1.13829e-18
3449.99958  1.10099e-17
3452.00054 -8.42004e-19
3454.00032 -5.69417e-18
3456.00010 -5.46548e-19
3457.99987 -1.39909e-18
3459.99965  1.07482e-17
3461.99942  1.48952e-17
3464.00038  3.04220e-18
3466.00016  3.18888e-18
3467.99994  6.33538e-18
3469.99971  1.04817e-17
3471.99949 -4.37221e-18
3474.00045  1.17738e-17
3476.00022  1.39196e-17
3478.00000  9.06508e-18
3479.99978  7.21046e-18
3481.99955 -6.44367e-19
3484.00051  1.05007e-17
3486.00029  9.64549e-18
3488.00006  1.07901e-17
3489.99984 -4.06548e-18
3491.99962  5.07874e-18
3494.00058 -3.77715e-18
3496.00035 -1.06333e-17
3498.00013  5.10430e-19
3499.99990  1.56539e-17
3501.99968  1.79719e-18
3503.99946 -4.05971e-18
3506.00042 -3.91671e-18
3508.00019  1.12260e-17
3509.99997  6.36859e-18
3511.99974 -2.48906e-18
3513.99952 -1.34688e-18
3516.00048  7.95192e-19
3518.00026 -6.30113e-20
3520.00003 -3.92139e-18
3521.99981 -1.77995e-18
3523.99958  9.36132e-18
3526.00054  1.50245e-18
3528.00032 -2.35667e-18
3530.00010  7.84008e-19
3531.99987  4.92452e-18
3533.99965  2.06487e-18
3535.99942 -1.79499e-18
3538.00038  4.34504e-18
3540.00016 -3.51517e-18
3541.99994 -2.37561e-18
3543.99971  5.76380e-18
3545.99949 -5.09697e-18
3548.00045 -7.95783e-18
3550.00022 -1.81900e-18
3552.00000  2.31968e-18
3553.99978 -1.54183e-18
3555.99955 -3.40351e-18
3558.00051 -5.26530e-18
3560.00029  1.28726e-17
3562.00006  9.01041e-18
3563.99984  5.14797e-18
3565.99962  1.28536e-18
3568.00058  2.42266e-18
3570.00035  2.55968e-18
3572.00013 -2.30344e-18
3573.99990 -5.16677e-18
3575.99968  7.96971e-18
3577.99946  1.06011e-19
3580.00042 -8.75777e-18
3582.00019 -3.62182e-18
3583.99997 -9.48604e-18
3585.99974 -6.35045e-18
3587.99952  1.07849e-17
3590.00048  2.92024e-18
3592.00026 -9.94470e-18
3594.00003  1.11902e-17
3595.99981  5.32487e-18
3597.99958  4.59396e-19
3600.00054  5.93770e-19
3602.00032  2.72792e-18
3604.00010  1.28619e-17
3605.99987  9.99568e-18
3607.99965  1.91293e-17
3609.99942  1.42628e-17
3612.00038  1.23961e-17
3614.00016  4.52916e-18
3615.99994  7.66206e-18
3617.99971  2.79478e-18
3619.99949  1.09273e-17
3622.00045  1.40598e-17
3624.00022  6.19200e-18
3626.00000  1.13240e-17
3627.99978  4.45583e-18
3629.99955  9.58752e-18
3632.00051  5.71908e-18
3634.00029  1.88504e-17
3636.00006  6.98152e-18
3637.99984  9.11248e-18
3639.99962  1.82433e-17
3642.00058  3.37395e-18
3644.00035  1.05044e-17
3646.00013  1.76346e-17
3647.99990  1.77647e-17
3649.99968  2.08946e-17
3651.99946  1.40243e-17
3654.00042  9.15397e-18
3656.00019  1.42833e-17
3657.99997  1.84126e-17
3659.99974  2.54160e-18
3661.99952  1.86705e-17
3664.00048  1.87992e-17
3666.00026  2.92772e-18
3668.00003  5.05605e-18
3669.99981  1.01842e-17
3671.99958  1.53122e-17
3674.00054  1.44010e-18
3676.00032  8.56773e-18
3678.00010  6.69519e-18
3679.99987  1.82248e-18
3681.99965 -1.05037e-18
3683.99942  1.10766e-17
3686.00038  1.12034e-17
3688.00016  9.33004e-18
3689.99994 -1.54354e-18
3691.99971  1.55827e-17
3693.99949  6.70883e-18
3696.00045  6.83483e-18
3698.00022  5.96057e-18
3700.00000  6.08613e-18
3701.99978  1.22115e-17
3703.99955 -2.66322e-18
3706.00051  7.46192e-18
3708.00029  3.58681e-18
3710.00006  1.71153e-18
3711.99984 -1.16391e-18
3713.99962 -3.03954e-18
3716.00058  6.08474e-18
3718.00035  2.08780e-19
3720.00013  8.33267e-18
3721.99990  5.45637e-18
3723.99968  1.15799e-17
3725.99946  7.03262e-19
3728.00042  7.82652e-18
3730.00019 -3.05047e-18
3731.99997  1.10724e-17
3733.99974  1.19509e-18
3735.99952  1.03176e-17
3738.00048  6.44004e-18
3740.00026  3.56222e-18
3742.00003  1.06842e-17
3743.99981  1.38061e-17
3745.99958  4.92778e-18
3748.00054  3.04936e-18
3750.00032  6.17069e-18
3752.00010 -4.60813e-18
3753.99987  7.41287e-18
3755.99965  9.53374e-18
3757.99942  7.65441e-18
3760.00038  1.17750e-17
3762.00016  9.89534e-18
3763.99994  1.10155e-17
3765.99971  7.13551e-18
3767.99949  6.25535e-18
3770.00045  1.03751e-17
3772.00022  9.49462e-18
3774.00000  6.61398e-18
3775.99978  1.27332e-17
3777.99955  1.38522e-17
3780.00051  1.59711e-17
3782.00029  1.60898e-17
3784.00006  5.20831e-18
3785.99984  9.32666e-18
3787.99962  9.44485e-18
3790.00058  2.56295e-18
3792.00035  7.68082e-18
3794.00013  9.79853e-18
3795.99990  1.09161e-17
3797.99968  1.50334e-17
3799.99946  9.15064e-18
3802.00042  1.32678e-17
3804.00019  7.38464e-18
3805.99997  1.25014e-17
3807.99974  2.06179e-17
3809.99952  1.47343e-17
3812.00048  1.78506e-17
3814.00026  1.19667e-17
3816.00003  1.50826e-17
3817.99981  9.19833e-18
3819.99958  1.83139e-17
3822.00054  4.42939e-18
3824.00032  1.15446e-17
3826.00010  1.66597e-17
3827.99987  1.47747e-17
3829.99965  1.48895e-17
3831.99942  1.60041e-17
3834.00038  1.71186e-17
3836.00016  7.23287e-18
3837.99994  1.43470e-17
3839.99971  1.24610e-17
3841.99949  2.57478e-18
3844.00045  7.68850e-18
3846.00022  5.80200e-18
3848.00000  2.19153e-17
3849.99978  1.10285e-17
3851.99955  7.14150e-18
3854.00051  8.25442e-18
3856.00029  1.43671e-17
3858.00006  8.47964e-18
3859.99984  4.59200e-18
3861.99962  7.70423e-18
3864.00058  4.81631e-18
3866.00035  5.92823e-18
3868.00013  7.03999e-18
3869.99990 -1.14844e-18
3871.99968  8.26298e-18
3873.99946  6.37424e-18
3876.00042 -5.01459e-18
3878.00019 -1.80366e-18
3879.99997  1.07071e-17
3881.99974  1.48178e-17
3883.99952  1.82825e-18
3886.00048  8.03862e-18
3888.00026  1.21488e-17
3890.00003  8.25880e-18
3891.99981  9.36864e-18
3893.99958  5.47834e-18
3896.00054  3.58793e-18
3898.00032  6.69731e-18
3900.00010  8.80653e-18
3901.99987  4.01559e-18
3903.99965  1.20245e-17
3905.99942  1.31333e-17
3908.00038  2.84193e-18
3910.00016  9.35037e-18
3911.99994  4.55866e-18
3913.99971  3.76679e-18
3915.99949 -1.32524e-18
3918.00045  5.18267e-18
3920.00022 -2.30968e-18
3922.00000  9.99783e-18
3923.99978  3.40521e-18
3925.99955  9.21240e-18
3928.00051  6.61953e-18
3930.00029  6.22643e-18
3932.00006  1.05332e-17
3933.99984  7.63976e-18
3935.99962  7.74619e-18
3938.00058  7.35254e-18
3940.00035  9.95866e-18
3942.00013  1.20646e-17
3943.99990  1.21705e-17
3945.99968  1.12761e-17
3947.99946  1.13817e-17
3950.00042  7.58709e-18
3952.00019  1.45923e-17
3953.99997  1.97392e-19
3955.99974  1.18023e-17
3957.99952  6.20704e-18
3960.00048  7.61172e-18
3962.00026  1.21162e-17
3964.00003  1.92048e-18
3965.99981  4.92465e-18
3967.99958  2.02864e-18
3970.00054  9.53255e-18
3972.00032  6.83625e-18
3974.00010  7.53979e-18
3975.99987  1.08432e-17
3977.99965  4.74645e-18
3979.99942  8.94955e-18
3982.00038  7.05256e-18
3984.00016  4.35536e-18
3985.99994  6.45800e-18
3987.99971  3.76051e-18
3989.99949  5.16286e-18
3992.00045  1.16651e-17
3994.00022  1.04672e-17
3996.00000  5.96908e-18
3997.99978  5.77082e-18
3999.99955  3.67243e-18
4002.00051  1.21740e-17
4004.00029  1.32753e-17
4006.00006  7.07642e-18
4007.99984  1.03774e-17
4009.99962  6.07830e-18
4012.00058  3.87907e-18
4014.00035  2.37963e-18
4016.00013  3.28006e-18
4017.99990  8.18034e-18
4019.99968  2.28047e-18
4021.99946  7.18043e-18
4024.00042  5.98033e-18
4026.00019  6.80009e-19
4027.99997  1.01796e-17
4029.99974  4.47894e-18
4031.99952  5.47819e-18
4034.00048  4.87735e-18
4036.00026  1.97629e-18
4038.00003  7.57510e-18
4039.99981  1.37377e-18
4041.99958  3.77229e-18
4044.00054 -1.29285e-19
4046.00032  3.06893e-18
4048.00010  3.86702e-18
4049.99987  1.11649e-17
4051.99965  1.62743e-19
4053.99942 -2.03962e-18
4056.00038  2.15793e-18
4058.00016 -1.54472e-18
4059.99994  2.45249e-18
4061.99971  6.49575e-19
4063.99949  3.04649e-18
4066.00045  6.14333e-18
4068.00022  4.13996e-18
4070.00000  8.93645e-18
4071.99978  7.13279e-18
4073.99955  5.12900e-18
4076.00051  7.52513e-18
4078.00029  4.42104e-18
4080.00006  7.16802e-19
4081.99984  3.71243e-18
4083.99962  5.50791e-18
4086.00058  1.10331e-18
4088.00035  8.49852e-18
4090.00013  5.29360e-18
4091.99990  3.98851e-18
4093.99968  7.38329e-18
4095.99946  3.67792e-18
4098.00042  1.37246e-18
4100.00019  3.66681e-18
4101.99997  3.26103e-18
4103.99974  5.75510e-18
4105.99952  3.14903e-18
4108.00048  6.42865e-19
4110.00026 -2.63493e-19
4112.00003  3.63001e-18
4113.99981  8.12339e-18
4115.99958 -2.88339e-18
4118.00054 -1.69025e-18
4120.00032  2.50269e-18
4122.00010  6.39548e-18
4123.99987  3.38815e-18
4125.99965  4.18068e-18
4127.99942  4.17307e-18
4130.00038  5.46537e-18
4132.00016  5.05748e-18
4133.99994  2.64943e-18
4135.99971  2.04125e-18
4137.99949 -1.06705e-18
4140.00045  7.42456e-18
4142.00022  8.21596e-18
4144.00000  1.08072e-17
4145.99978  1.39836e-18
4147.99955 -2.10640e-19
4150.00051  5.28028e-18
4152.00029  3.77100e-18
4154.00006  7.86158e-18
4155.99984  8.05203e-18
4157.99962  6.94234e-18
4160.00058  2.93255e-18
4162.00035  6.22259e-18
4164.00013  6.51249e-18
4165.99990  1.20224e-18
4167.99968  6.91874e-19
4169.99946 -1.71866e-18
4172.00042  6.17075e-18
4174.00019  6.35996e-18
4175.99997  8.74903e-18
4177.99974  3.13799e-18
4179.99952  2.92679e-18
4182.00048  5.71551e-18
4184.00026  8.50403e-18
4186.00003 -1.07580e-19
4187.99981  6.48069e-18
4189.99958  2.36882e-18
4192.00054  3.05686e-18
4194.00032  6.64472e-18
4196.00010  6.23243e-18
4197.99987  9.32002e-18
4199.99965  6.90748e-18
4201.99942  6.89479e-18
4204.00038  6.38203e-18
4206.00016  6.06908e-18
4207.99994  6.05599e-18
4209.99971  5.04278e-18
4211.99949  5.82942e-18
4214.00045  7.71599e-18
4216.00022 -2.49763e-18
4218.00000  1.04886e-17
4219.99978  1.00747e-17
4221.99955  5.96070e-18
4224.00051  2.44662e-18
4226.00029  1.03232e-18
4228.00006  1.61791e-18
4229.99984  3.20336e-18
4231.99962  9.88666e-19
4234.00058  2.27391e-18
4236.00035  2.35895e-18
4238.00013 -3.35611e-18
4239.99990  3.32867e-18
4241.99968 -1.28667e-18
4243.99946  9.59785e-18
4246.00042  3.58229e-18
4248.00019  3.66560e-19
4249.99997 -1.54931e-18
4251.99974 -2.26530e-18
4253.99952 -1.48143e-18
4256.00048 -7.97647e-19
4258.00026  6.85958e-19
4260.00003  4.69442e-19
4261.99981 -1.84720e-18
4263.99958  3.63602e-18
4266.00054  2.21915e-18
4268.00032  3.40211e-18
4270.00010  1.84925e-19
4271.99987  3.76762e-18
4273.99965  3.45020e-18
4275.99942  8.73265e-18
4278.00038  1.71500e-18
4280.00016  3.89717e-18
4281.99994  1.87923e-18
4283.99971 -2.38843e-19
4285.99949  1.94295e-18
4288.00045  6.12467e-18
4290.00022  6.20621e-18
4292.00000  7.87621e-19
4293.99978  5.56890e-18
4295.99955  1.50057e-19
4298.00051  2.73113e-18
4300.00029  5.41202e-18
4302.00006  8.92799e-19
4303.99984 -9.26561e-19
4305.99962  1.35396e-18
4308.00058  1.34387e-19
4310.00035 -1.18536e-18
4312.00013  3.09478e-18
4313.99990  1.67480e-18
4315.99968  7.15468e-18
4317.99946  4.73443e-18
4320.00042  3.01409e-18
4322.00019  4.49360e-18
4323.99997  4.17299e-18
4325.99974  4.95223e-18
4327.99952  9.43135e-18
4330.00048  5.91040e-18
4332.00026  1.03893e-17
4334.00003  4.56802e-18
4335.99981  4.24664e-18
4337.99958  7.92515e-18
4340.00054 -3.39644e-18
4342.00032  1.00818e-17
4344.00010  6.05991e-18
4345.99987  2.73791e-18
4347.99965  6.51580e-18
4349.99942  2.59355e-18
4352.00038  2.27121e-18
4354.00016  3.74871e-18
4355.99994  5.42609e-18
4357.99971  2.30333e-18
4359.99949  5.08046e-18
4362.00045  4.05751e-18
4364.00022  7.53440e-18
4366.00000  6.41115e-18
4367.99978  8.08778e-18
4369.99955  5.56429e-18
4372.00051  4.24074e-18
4374.00029  3.41700e-18
4376.00006  2.79314e-18
4377.99984  6.56916e-18
4379.99962  3.64506e-18
4382.00058  3.92088e-18
4384.00035  4.29653e-18
4386.00013  5.57207e-18
4387.99990  1.00475e-17
4389.99968  1.42276e-18
4391.99946  1.59793e-18
4394.00042  8.73013e-19
4396.00019  4.34795e-18
4397.99997 -1.07725e-18
4399.99974 -2.70257e-18
4401.99952 -2.92799e-18
4404.00048  1.64647e-18
4406.00026  6.20789e-19
4408.00003  7.99499e-18
4409.99981 -1.63093e-18
4411.99958 -2.15697e-18
4414.00054 -2.83094e-19
4416.00032  5.09064e-18
4418.00010  6.16422e-18
4419.99987  1.73770e-18
4421.99965  2.31108e-18
4423.99942  1.78431e-18
4426.00038 -1.64254e-18
4428.00016  2.63046e-18
4429.99994  3.70335e-18
4431.99971 -1.82389e-18
4433.99949  9.48743e-19
4436.00045  2.21334e-19
4438.00022  1.39373e-18
4440.00000  3.96601e-18
4441.99978  4.03818e-18
4443.99955  1.41024e-18
4446.00051  8.22151e-20
4448.00029  4.05403e-18
4450.00006 -1.77428e-18
4451.99984  3.79731e-18
4453.99962  5.68769e-19
4456.00058  1.84015e-18
4458.00035  2.31138e-18
4460.00013  5.38249e-18
4461.99990  4.53480e-19
4463.99968 -9.75643e-19
4465.99946  2.59512e-18
4468.00042  6.57973e-20
4470.00019  2.13632e-18
4471.99997  2.90675e-18
4473.99974 -3.62297e-18
4475.99952  1.04720e-18
4478.00048  2.17304e-19
4480.00026  2.68726e-18
4482.00003  3.45709e-18
4483.99981  1.52681e-18
4485.99958  1.69640e-18
4488.00054  4.86593e-18
4490.00032  1.43530e-18
4492.00010 -2.49546e-18
4493.99987  7.36853e-20
4495.99965 -1.95728e-18
4497.99942 -2.28837e-18
4500.00038 -1.01954e-18
4502.00016  1.34914e-18
4503.99994 -2.82307e-19
4505.99971  1.28615e-18
4507.99949  4.55448e-18
4510.00045  8.12276e-18
4512.00022 -6.09129e-19
4514.00000  2.58848e-19
4515.99978 -3.57326e-18
4517.99955  7.39451e-18
4520.00051  2.96221e-18
4522.00029  2.52976e-18
4524.00006 -1.02815e-19
4525.99984 -7.23551e-18
4527.99962 -4.96830e-18
4530.00058 -3.01180e-19
4532.00035  1.76580e-18
4534.00013  2.03267e-18
4535.99990  3.59943e-18
4537.99968 -1.03393e-18
4539.99946  3.25909e-20
4542.00042  3.39905e-18
4544.00019  9.65340e-19
4545.99997  3.43155e-18
4547.99974  3.99764e-18
4549.99952  2.46361e-18
4552.00048  2.72950e-18
4554.00026  1.95254e-19
4556.00003 -3.91157e-20
4557.99981  2.64235e-20
4559.99958 -4.08164e-19
4562.00054 -1.14282e-18
4564.00032 -3.27763e-18
4566.00010 -2.01254e-18
4567.99987 -1.44757e-18
4569.99965 -8.82701e-19
4571.99942 -4.91794e-18
4574.00038  7.46739e-19
4576.00016  1.11272e-19
4577.99994 -1.52431e-18
4579.99971  6.64001e-18
4581.99949 -1.69579e-18
4584.00045 -2.33164e-18
4586.00022  4.73233e-18
4588.00000 -1.60378e-18
4589.99978 -2.94001e-18
4591.99955 -2.17635e-18
4594.00051  1.28724e-18
4596.00029  6.05069e-18
4598.00006 -1.88598e-18
4599.99984  7.72454e-20
4601.99962 -6.45963e-18
4604.00058  3.10342e-18
4606.00035  8.66310e-19
4608.00013 -9.70878e-19
4609.99990 -1.80820e-18
4611.99968  5.85438e-18
4613.99946  5.91686e-18
4616.00042  3.27926e-18
4618.00019 -2.05848e-18
4619.99997  4.80367e-18
4621.99974  2.65717e-19
4623.99952 -2.37235e-18
4626.00048  2.28952e-18
4628.00026 -2.04875e-18
4630.00003 -2.87138e-19
4631.99981 -1.72561e-18
4633.99958  1.43579e-18
4636.00054 -4.80287e-18
4638.00032  1.35832e-18
4640.00010 -3.80602e-19
4641.99987 -4.19619e-19
4643.99965  1.64127e-18
4645.99942 -9.97964e-19
4648.00038  1.46273e-18
4650.00016  1.02331e-18
4651.99994 -7.16246e-19
4653.99971 -2.75591e-18
4655.99949 -4.95653e-19
4658.00045 -3.33546e-18
4660.00022 -2.77542e-18
4662.00000 -2.21550e-18
4663.99978 -4.85568e-18
4665.99955 -5.99594e-18
4668.00051 -2.93628e-18
4670.00029 -4.27676e-18
4672.00006 -2.61736e-18
4673.99984 -5.75804e-18
4675.99962 -3.98833e-19
4678.00058 -2.03971e-18
4680.00035  1.51930e-18
4682.00013  1.97819e-18
4683.99990 -4.36301e-18
4685.99968 -5.30432e-18
4687.99946 -4.14574e-18
4690.00042  1.81278e-18
4692.00019  5.57116e-18
4693.99997 -4.27054e-18
4695.99974 -3.31238e-18
4697.99952  1.45690e-19
4700.00048 -3.59630e-18
4702.00026 -4.03843e-18
4704.00003 -3.98066e-18
4705.99981 -4.92300e-18
4707.99958 -2.66542e-18
4710.00054 -3.60793e-18
4712.00032 -3.75056e-18
4714.00010 -3.99330e-18
4715.99987 -3.33614e-18
4717.99965 -4.07908e-18
4719.99942 -4.62212e-18
4722.00038 -1.16523e-18
4724.00016 -2.50847e-18
4725.99994 -6.95182e-18
4727.99971 -2.19526e-18
4729.99949 -3.83881e-18
4732.00045 -5.08240e-18
4734.00022 -4.42616e-18
4736.00000 -6.69996e-19
4737.99978 -2.21394e-18
4739.99955 -2.55799e-18
4742.00051 -4.50209e-18
4744.00029 -7.14634e-18
4746.00006 -8.69068e-18
4747.99984 -8.63512e-18
4749.99962 -3.47967e-18
4752.00058 -7.24260e-19
4754.00035 -1.06902e-18
4756.00013 -2.61384e-18
4757.99990 -1.95877e-18
4759.99968 -3.70381e-18
4761.99946 -1.64894e-18
4764.00042 -5.39415e-18
4766.00019  1.06052e-18
4767.99997 -2.98490e-18
4769.99974 -5.30415e-19
4771.99952 -1.97603e-18
4774.00048  1.77827e-18
4776.00026 -3.46755e-18
4778.00003 -2.71346e-18
4779.99981  1.24054e-18
4781.99958 -7.05578e-19
4784.00054 -2.35175e-18
4786.00032 -1.99806e-18
4788.00010 -1.04446e-18
4789.99987 -3.69096e-18
4791.99965  1.16245e-18
4793.99942 -4.48424e-18
4796.00038 -6.53099e-18
4798.00016 -4.17787e-18
4799.99994 -1.32484e-18
4801.99971 -2.47192e-18
4803.99949  1.80908e-19
4806.00045 -1.36632e-18
4808.00022 -2.61369e-18
4810.00000 -5.56114e-18
4811.99978  1.19131e-18
4813.99955  1.14366e-18
4816.00051  3.59596e-18
4818.00029  3.04811e-18
4820.00006  4.00183e-19
4821.99984 -8.47847e-19
4823.99962 -3.89596e-18
4826.00058  1.15584e-18
4828.00035  5.07525e-19
4830.00013 -1.64088e-18
4831.99990  2.10627e-19
4833.99968  4.96204e-18
4835.99946  5.01334e-18
4838.00042 -6.35414e-19
4840.00019 -4.38428e-18
4841.99997 -5.33234e-19
4843.99974  5.17689e-19
4845.99952  3.46854e-18
4848.00048  3.11933e-18
4850.00026  2.76998e-18
4852.00003  3.82055e-18
4853.99981  3.87102e-18
4855.99958  1.92140e-18
4858.00054  1.67171e-18
4860.00032  2.19037e-20
4862.00010  3.47201e-18
4863.99987 -1.77989e-19
4865.99965  5.07193e-18
4867.99942 -4.78243e-19
4870.00038 -2.12849e-18
4872.00016 -6.27883e-18
4873.99994 -1.72928e-18
4875.99971 -2.07983e-18
4877.99949 -2.63047e-18
4880.00045 -2.68116e-18
4882.00022 -6.31973e-19
4884.00000 -1.18288e-18
4885.99978  1.46612e-18
4887.99955  2.61502e-18
4890.00051 -1.73612e-18
4892.00029 -2.78740e-18
4894.00006 -5.13877e-18
4895.99984 -1.29022e-18
4897.99962 -1.24175e-18
4900.00058 -1.99336e-18
4902.00035 -1.45081e-19
4904.00013 -1.69689e-18
4905.99990 -9.48806e-19
4907.99968 -5.10080e-18
4909.99946 -3.15287e-18
4912.00042  2.94979e-19
4914.00019 -1.45728e-18
4915.99997 -1.30964e-18
4917.99974 -1.16209e-18
4919.99952 -7.41461e-18
4922.00048 -7.06718e-18
4924.00026 -2.31989e-18
4926.00003 -5.37269e-18
4927.99981 -6.25584e-19
4929.99958  5.21445e-19
4932.00054 -4.03159e-18
4934.00032 -6.78474e-18
4936.00010 -4.93798e-18
4937.99987 -1.99130e-18
4939.99965 -5.94472e-18
4941.99942 -2.29822e-18
4944.00038 -4.25179e-18
4946.00016 -2.90546e-18
4947.99994 -8.15922e-18
4949.99971 -6.61308e-18
4951.99949 -6.56702e-18
4954.00045 -5.12102e-18
4956.00022 -5.77513e-18
4958.00000 -5.42933e-18
4959.99978 -3.88362e-18
4961.99955 -2.33800e-18
4964.00051 -1.79243e-18
4966.00029 -6.64698e-18
4968.00006 -4.01619e-19
4969.99984 -5.55634e-18
4971.99962 -3.91113e-18
4974.00058  3.34002e-19
4976.00035 -2.52097e-18
4978.00013 -4.07605e-18
4979.99990 -9.31197e-19
4981.99968 -8.98643e-18
4983.99946  6.58244e-19
4986.00042 -6.09714e-18
4988.00019 -8.65263e-18
4989.99997 -5.90821e-18
4991.99974 -5.26388e-18
4993.99952 -1.00196e-17
4996.00048 -1.67541e-18
4998.00026 -6.83133e-18
5000.00003 -7.08733e-18
5001.99981  6.56576e-19
5003.99958 -4.79959e-18
5006.00054 -8.55821e-19
5008.00032 -4.31216e-18
5010.00010 -3.16858e-18
5011.99987 -7.22509e-18
5013.99965 -2.48168e-18
5015.99942 -7.43836e-18
5018.00038 -3.49510e-18
5020.00016 -3.35192e-18
5021.99994 -5.30885e-18
5023.99971 -1.76585e-18
5025.99949 -3.12295e-18
5028.00045 -3.08010e-18
5030.00022 -5.73736e-18
5032.00000 -4.29470e-18
5033.99978 -3.65212e-18
5035.99955 -1.40962e-18
5038.00051 -4.06719e-18
5040.00029 -1.42486e-18
5042.00006 -3.08261e-18
5043.99984 -5.54045e-18
5045.99962 -2.59835e-18
5048.00058 -6.25633e-18
5050.00035 -6.71441e-18
5052.00013 -3.67257e-18
5053.99990  1.69182e-19
5055.99968 -2.88915e-18
5057.99946  2.52449e-19
5060.00042 -2.60602e-18
5062.00019 -5.46459e-18
5063.99997 -6.62324e-18
5065.99974 -1.28197e-18
5067.99952 -2.64078e-18
5070.00048 -1.49964e-18
5072.00026 -5.86107e-20
5074.00003 -3.21768e-18
5075.99981 -1.37681e-18
5077.99958  3.26398e-18
5080.00054 -7.95291e-19
5082.00032  5.45327e-19
5084.00010 -6.51412e-18
5085.99987 -7.73659e-19
5087.99965  7.66717e-19
5089.99942  3.80703e-18
5092.00038 -3.05273e-18
5094.00016 -3.91257e-18
5095.99994  2.72750e-18
5097.99971 -5.32512e-19
5099.99949 -1.49261e-18
5102.00045 -9.52753e-19
5104.00022 -2.01300e-18
5106.00000 -1.73334e-19
5107.99978 -5.33737e-19
5109.99955  1.10578e-18
5112.00051  1.64524e-18
5114.00029 -1.15154e-17
5116.00006 -1.17613e-18
5117.99984 -4.36927e-19
5119.99962  2.20221e-18
5122.00058 -9.58726e-19
5124.00035 -2.91976e-18
5126.00013 -1.38086e-18
5127.99990 -1.94205e-18
5129.99968 -3.03324e-19
5131.99946 -3.66466e-18
5134.00042 -2.42606e-18
5136.00019 -3.58756e-18
5137.99997  1.55087e-18
5139.99974  1.98922e-18
5141.99952 -3.87251e-18
5144.00048 -1.83428e-18
5146.00026  1.00384e-18
5148.00003 -2.55813e-18
5149.99981 -2.82016e-18
5151.99958 -2.08227e-18
5154.00054 -2.14443e-18
5156.00032 -1.40670e-18
5158.00010 -6.69040e-19
5159.99987  2.96855e-18
5161.99965 -1.99395e-18
5163.99942 -5.15651e-18
5166.00038 -1.41913e-18
5168.00016  3.01817e-18
5169.99994 -1.94463e-18
5171.99971 -2.07503e-19
5173.99949 -7.70443e-19
5176.00045 -1.13344e-18
5178.00022  3.46754e-21
5180.00000 -3.59705e-19
5181.99978 -1.42295e-18
5183.99955 -5.48626e-18
5186.00051 -4.74964e-18
5188.00029  7.38689e-18
5190.00006  3.42336e-18
5191.99984  2.55974e-18
5193.99962 -2.80394e-18
5196.00058 -3.26768e-18
5198.00035 -1.43152e-18
5200.00013 -2.59542e-18
5201.99990  3.04059e-18
5203.99968  2.97653e-18
5205.99946  4.21240e-18
5208.00042  3.14822e-18
5210.00019 -3.71606e-18
5211.99997 -1.98042e-18
5213.99974  8.55156e-19
5215.99952  1.79066e-18
5218.00048 -5.73881e-19
5220.00026 -2.43852e-18
5222.00003  1.96760e-19
5223.99981 -2.26803e-18
5225.99958 -6.32886e-19
5228.00054 -3.49780e-18
5230.00032  2.83719e-18
5232.00010  3.97212e-18
5233.99987 -6.49304e-18
5235.99965 -2.85825e-18
5237.99942 -1.22355e-18
5240.00038 -1.08889e-18
5242.00016 -2.35432e-18
5243.99994 -2.19825e-19
5245.99971 -3.48541e-18
5247.99949 -2.75106e-18
5250.00045 -6.11676e-18
5252.00022  3.31744e-18
5254.00000 -3.48415e-19
5255.99978  1.38565e-18
5257.99955 -4.78036e-18
5260.00051  1.55359e-18
5262.00029  5.28744e-18
5264.00006 -3.67878e-18
5265.99984 -3.74507e-18
5267.99962  1.58858e-18
5270.00058  3.82217e-18
5272.00035 -1.54432e-18
5274.00013 -4.51089e-18
5275.99990 -1.57753e-18
5277.99968 -1.64424e-18
5279.99946 -2.81101e-18
5282.00042  3.82216e-18
5284.00019 -3.74475e-18
5285.99997 -1.81174e-18
5287.99974 -3.87880e-18
5289.99952 -2.34592e-18
5292.00048 -7.51309e-18
5294.00026  2.41965e-18
5296.00003  3.52319e-19
5297.99981 -1.41508e-18
5299.99958  1.71745e-18
5302.00054 -4.35007e-18
5304.00032  3.28232e-18
5306.00010 -3.18535e-18
5307.99987 -3.25309e-18
5309.99965 -2.82090e-18
5311.99942 -2.18878e-18
5314.00038  4.32979e-20
5316.00016 -6.62471e-18
5317.99994  3.00720e-18
5319.99971  9.39058e-19
5321.99949 -2.29156e-19
5324.00045 -6.09742e-18
5326.00022 -9.65776e-19
5328.00000 -7.33419e-18
5329.99978 -2.80268e-18
5331.99955 -5.37123e-18
5334.00051 -3.83984e-18
5336.00029 -9.08522e-19
5338.00006 -4.97728e-18
5339.99984 -6.84610e-18
5341.99962 -2.51497e-18
5344.00058 -7.08391e-18
5346.00035 -2.95293e-18
5348.00013  2.07799e-18
5349.99990 -3.59116e-18
5351.99968 -1.16038e-18
5353.99946 -6.72966e-18
5356.00042 -6.98994e-19
5358.00019  3.33159e-18
5359.99997 -2.03789e-18
5361.99974 -4.00743e-18
5363.99952 -4.07705e-18
5366.00048 -4.44669e-18
5368.00026 -7.11644e-18
5370.00003 -2.58625e-18
5371.99981 -9.65612e-18
5373.99958 -2.32607e-18
5376.00054  3.90395e-18
5378.00032  7.33885e-19
5380.00010 -9.33624e-18
5381.99987 -5.20644e-18
5383.99965  8.23300e-19
5385.99942 -4.47022e-19
5388.00038 -3.31740e-18
5390.00016  1.81215e-18
5391.99994 -1.85836e-18
5393.99971 -3.42894e-18
5395.99949 -1.49959e-18
5398.00045 -4.67028e-18
5400.00022 -4.44105e-18
5402.00000  2.68811e-18
5403.99978  2.61722e-18
5405.99955  1.44625e-18
5408.00051 -3.52476e-18
5410.00029  9.04151e-19
5412.00006  7.03300e-18
5413.99984  2.26178e-18
5415.99962 -4.70948e-18
5418.00058  3.11919e-18
5420.00035  8.47791e-19
5422.00013 -5.23675e-19
5423.99990 -1.09521e-18
5425.99968 -5.66801e-19
5427.99946  3.61554e-19
5430.00042  2.68985e-18
5432.00019 -2.58193e-18
5433.99997 -2.15377e-18
5435.99974  1.77434e-18
5437.99952  9.02365e-19
5440.00048  3.30366e-19
5442.00026 -6.41723e-19
5444.00003 -1.51387e-18
5445.99981 -4.28608e-18
5447.99958 -3.05835e-18
5450.00054  2.56933e-18
5452.00032  1.99694e-18
5454.00010  1.12449e-18
5455.99987  2.25197e-18
5457.99965 -1.20606e-19
5459.99942  5.06751e-19
5462.00038  6.33408e-18
5464.00016  1.76133e-18
5465.99994  7.88508e-19
5467.99971 -2.08437e-18
5469.99949  1.14269e-18
5472.00045 -4.33029e-18
5474.00022 -3.03354e-19
5476.00000 -1.57647e-18
5477.99978  2.65035e-18
5479.99955 -6.22890e-19
5482.00051 -1.96171e-19
5484.00029  2.23047e-18
5486.00006  6.05705e-18
5487.99984 -7.11642e-18
5489.99962  2.41005e-18
5492.00058 -1.66354e-18
5494.00035 -1.37186e-19
5496.00013  2.38909e-18
5497.99990 -8.84676e-19
5499.99968  5.04149e-18
5501.99946  4.26760e-18
5504.00042 -1.90633e-18
5506.00019 -2.98034e-18
5507.99997  6.45598e-19
5509.99974  8.17148e-18
5511.99952 -2.30271e-18
5514.00048 -1.87693e-18
5516.00026 -3.15123e-18
5518.00003  5.74417e-19
5519.99981  5.10000e-18
5521.99958  2.92553e-18
5524.00054  3.45101e-18
5526.00032  3.67642e-18
5528.00010  3.80178e-18
5529.99987 -5.72922e-19
5531.99965  1.06523e-17
5533.99942 -1.22250e-18
5536.00038  4.60264e-18
5538.00016  2.02771e-18
5539.99994  7.52728e-19
5541.99971  1.57769e-18
5543.99949  2.20258e-18
5546.00045  1.42743e-18
5548.00022  2.35222e-18
5550.00000  2.17695e-18
5551.99978  1.10016e-17
5553.99955  3.02624e-18
5556.00051 -3.04919e-18
5558.00029  6.97532e-18
5560.00006  4.79976e-18
5561.99984  1.42415e-18
5563.99962  4.84850e-18
5566.00058 -6.27205e-19
5568.00035  7.97018e-19
5570.00013  7.22118e-18
5571.99990  1.00453e-17
5573.99968  8.46936e-18
5575.99946  1.57934e-17
5578.00042  1.51173e-17
5580.00019  1.15412e-17
5581.99997  1.72650e-17
5583.99974  9.18883e-18
5585.99952  9.51255e-18
5588.00048 -1.63752e-19
5590.00026  4.95987e-18
5592.00003  8.38343e-18
5593.99981  1.52069e-17
5595.99958  6.53040e-18
5598.00054  1.93538e-17
5600.00032  1.25772e-17
5602.00010  1.69004e-17
5603.99987  1.89237e-17
5605.99965  1.37469e-17
5607.99942  4.36999e-18
5610.00038  7.99309e-18
5612.00016  9.41612e-18
5613.99994  1.55391e-17
5615.99971  7.96200e-18
5617.99949  7.08487e-18
5620.00045  1.47077e-17
5622.00022  1.45305e-17
5624.00000  1.19532e-17
5625.99978  1.08758e-17
5627.99955  8.99840e-18
5630.00051  1.33209e-17
5632.00029  1.00435e-17
5634.00006  1.36659e-17
5635.99984  1.36883e-17
5637.99962  3.41061e-18
5640.00058  1.18329e-17
5642.00035  9.45514e-18
5644.00013  1.01773e-17
5645.99990  1.46994e-17
5647.99968  4.72151e-18
5649.99946  9.14353e-18
5652.00042  3.76551e-18
5654.00019  9.18743e-18
5655.99997  1.60930e-18
5657.99974  7.83111e-18
5659.99952  1.08529e-17
5662.00048 -2.72539e-18
5664.00026  2.19627e-18
5666.00003  2.71788e-18
5667.99981  9.33943e-18
5669.99958  7.56094e-18
5672.00054  9.28241e-18
5674.00032  7.70381e-18
5676.00010  1.47252e-17
5677.99987 -5.55353e-18
5679.99965  1.13677e-17
5681.99942  3.18893e-18
5684.00038  4.71009e-18
5686.00016 -1.06880e-18
5687.99994  4.35225e-18
5689.99971  8.17325e-18
5691.99949  2.89420e-18
5694.00045  5.91512e-18
5696.00022  6.73597e-18
5698.00000  5.56775e-19
5699.99978  8.17752e-18
5701.99955  2.59822e-18
5704.00051  1.29189e-17
5706.00029  3.93950e-18
5708.00006  9.06005e-18
5709.99984  1.09805e-17
5711.99962  8.30102e-18
5714.00058  8.02143e-18
5716.00035  8.24179e-18
5718.00013  7.06210e-18
5719.99990  3.98236e-18
5721.99968  1.32026e-17
5723.99946  9.12273e-18
5726.00042  1.38429e-17
5728.00019  1.26629e-17
5729.99997  1.66829e-17
5731.99974  1.85029e-17
5733.99952  1.77228e-17
5736.00048  9.14272e-18
5738.00026  1.28625e-17
5740.00003  1.69823e-17
5741.99981  9.60205e-18
5743.99958  8.12174e-18
5746.00054  1.07414e-17
5748.00032  1.32610e-17
5750.00010  1.42805e-17
5751.99987  1.54000e-17
5753.99965  9.21944e-18
5755.99942  1.44388e-17
5758.00038  8.45819e-18
5760.00016  1.00775e-17
5761.99994  1.56968e-17
5763.99971  9.81596e-18
5765.99949  1.08351e-17
5768.00045  9.75425e-18
5770.00022  1.01733e-17
5772.00000  1.43923e-17
5773.99978  1.71113e-17
5775.99955  1.30302e-17
5778.00051  1.04491e-17
5780.00029  1.19680e-17
5782.00006  1.69867e-17
5783.99984  1.12055e-17
5785.99962  1.26242e-17
5788.00058  1.37429e-17
5790.00035  1.33615e-17
5792.00013  1.54800e-17
5793.99990  1.65986e-17
5795.99968  1.03170e-17
5797.99946  1.40354e-17
5800.00042  1.47538e-17
5802.00019  1.49722e-17
5803.99997  1.24904e-17
5805.99974  1.91087e-17
5807.99952  1.31269e-17
5810.00048  1.75451e-17
5812.00026  1.76632e-17
5814.00003  1.09812e-17
5815.99981  1.42992e-17
5817.99958  1.32172e-17
5820.00054  1.71352e-17
5822.00032  2.38530e-17
5824.00010  1.50709e-17
5825.99987  1.27887e-17
5827.99965  6.80643e-18
5829.99942  1.83241e-17
5832.00038  1.96418e-17
5834.00016  6.25943e-18
5835.99994  9.77701e-18
5837.99971  2.09945e-17
5839.99949  1.91120e-17
5842.00045  2.16295e-17
5844.00022  9.54687e-18
5846.00000  1.33642e-17
5847.99978  1.80816e-17
5849.99955  1.10988e-17
5852.00051  1.36161e-17
5854.00029  1.33332e-17
5856.00006  1.59504e-17
5857.99984  1.93675e-17
5859.99962  2.09845e-17
5862.00058  1.37016e-17
5864.00035  1.46185e-17
5866.00013  1.43355e-17
5867.99990  8.25235e-18
5869.99968  9.46919e-18
5871.99946  1.53860e-17
5874.00042  1.48027e-17
5876.00019  1.42195e-17
5877.99997  1.57362e-17
5879.99974  9.35278e-18
5881.99952  1.13694e-17
5884.00048  8.38593e-18
5886.00026  1.26024e-17
5888.00003  8.91890e-18
5889.99981  1.00353e-17
5891.99958  1.65517e-17
5894.00054  1.02680e-17
5896.00032  1.48844e-17
5898.00010  1.18006e-17
5899.99987  1.37168e-17
5901.99965  7.63299e-18
5903.99942  1.72491e-17
5906.00038  1.30652e-17
5908.00016  8.98128e-18
5909.99994  1.39973e-17
5911.99971  1.16133e-17
5913.99949  1.10292e-17
5916.00045  1.28451e-17
5918.00022  1.02609e-17
5920.00000  5.57674e-18
5921.99978  6.89251e-18
5923.99955  7.70824e-18
5926.00051  1.03239e-17
5928.00029  1.02396e-17
5930.00006  8.95518e-18
5931.99984  1.41708e-17
5933.99962  5.68628e-18
5936.00058  2.00178e-18
5938.00035  1.71722e-18
5940.00013 -4.26737e-18
5941.99990  4.94800e-18
5943.99968  9.56333e-18
5945.99946  7.27862e-18
5948.00042  1.16939e-17
5950.00019  1.16091e-17
5951.99997  1.65243e-17
5953.99974  8.53939e-18
5955.99952  3.15448e-18
5958.00048  5.16955e-18
5960.00026  2.68457e-18
5962.00003  1.11995e-17
5963.99981  9.51448e-18
5965.99958  8.42938e-18
5968.00054  8.44250e-19
5970.00032  5.45907e-18
5972.00010  9.97386e-18
5973.99987  7.68860e-18
5975.99965  6.80331e-18
5977.99942  8.81798e-18
5980.00038  4.73262e-18
5982.00016  7.74722e-18
5983.99994  5.96178e-18
5985.99971  6.47629e-18
5987.99949  9.99077e-18
5990.00045  5.90522e-18
5992.00022  9.61963e-18
5994.00000  1.05340e-17
5995.99978  7.04833e-18
5997.99955  5.36262e-18
6000.00051  3.47688e-18
6002.00029  1.89110e-18
6004.00006  6.10528e-18
6005.99984  5.61942e-18
6007.99962  9.23354e-18
6010.00058  6.74761e-18
6012.00035  4.66165e-18
6014.00013  1.05756e-17
6015.99990  8.08960e-18
6017.99968  8.00353e-18
6019.99946  1.10174e-17
6022.00042  5.33127e-18
6024.00019  4.24509e-18
6025.99997  9.45887e-18
6027.99974  2.37261e-18
6029.99952  6.58632e-18
6032.00048  1.17000e-17
6034.00026  3.81363e-18
6036.00003  9.27230e-19
6037.99981  4.64079e-18
6039.99958 -4.56835e-20
6042.00054  2.56782e-18
6044.00032  2.48127e-18
6046.00010  6.69469e-18
6047.99987  3.60808e-18
6049.99965  4.02142e-18
6051.99942  6.53474e-18
6054.00038  2.74802e-18
6056.00016  4.86127e-18
6057.99994  6.37448e-18
6059.99971  5.48766e-18
6061.99949  5.20079e-18
6064.00045  5.01390e-18
6066.00022  1.62697e-18
6068.00000  5.04001e-18
6069.99978  5.35301e-18
6071.99955  5.46597e-18
6074.00051 -2.02109e-18
6076.00029  8.49181e-18
6078.00006  3.90467e-18
6079.99984  9.11750e-18
6081.99962  9.53030e-18
6084.00058  6.94306e-18
6086.00035  5.55579e-18
6088.00013  7.16848e-18
6089.99990 -1.18856e-19
6091.99968  4.39377e-18
6093.99946  7.10635e-18
6096.00042  4.61892e-18
6098.00019  3.83144e-18
6099.99997  5.44394e-18
6101.99974  1.75639e-18
6103.99952  5.86882e-18
6106.00048  5.08122e-18
6108.00026  6.19358e-18
6110.00003  6.00590e-18
6111.99981  7.51819e-18
6113.99958  2.83045e-18
6116.00054  7.42686e-19
6118.00032  2.45487e-18
6120.00010 -4.32966e-19
6121.99987  1.07916e-18
6123.99965  7.89126e-18
6125.99942  1.20332e-18
6128.00038  2.91535e-18
6130.00016  3.72736e-18
6131.99994  4.43932e-18
6133.99971  4.85126e-18
6135.99949  7.16316e-18
6138.00045  9.57503e-18
6140.00022  7.68687e-18
6142.00000  3.98675e-19
6143.99978  3.21045e-18
6145.99955  3.12219e-18
6148.00051  2.93390e-18
6150.00029 -4.15441e-18
6152.00006  3.05723e-18
6153.99984  9.16885e-18
6155.99962 -1.61957e-18
6158.00058  4.29199e-18
6160.00035  3.60352e-18
6162.00013  5.31501e-18
6163.99990 -6.73540e-19
6165.99968  1.33789e-18
6167.99946 -5.65071e-18
6170.00042 -3.33934e-18
6172.00019  8.71994e-19
6173.99997  1.38330e-18
6175.99974 -2.10543e-18
6177.99952 -7.09418e-18
6180.00048 -1.38296e-18
6182.00026  7.02823e-18
6184.00003  8.39377e-19
6185.99981  5.65050e-18
6187.99958  5.36159e-18
6190.00054 -2.52734e-18
6192.00032 -5.16313e-19
6194.00010  2.39469e-18
6195.99987 -2.49434e-18
6197.99965  2.61660e-18
6199.99942 -7.72484e-19
6202.00038 -5.06160e-18
6204.00016 -1.05074e-18
6205.99994  6.60077e-19
6207.99971  4.70871e-19
6209.99949  3.38164e-18
6212.00045 -3.07622e-19
6214.00022  4.40308e-18
6216.00000  5.41376e-18
6217.99978 -7.75591e-19
6219.99955 -1.06498e-18
6222.00051 -5.54383e-19
6224.00029  3.55618e-18
6226.00006  4.86671e-18
6227.99984  2.17721e-18
6229.99962  2.78768e-18
6232.00058 -6.01863e-19
6234.00035  3.20855e-18
6236.00013 -1.48106e-18
6237.99990 -1.77070e-18
6239.99968  1.39631e-19
6241.99946 -8.50074e-19
6244.00042  5.36021e-18
6246.00019  3.27045e-18
6247.99997 -1.01933e-18
6249.99974 -4.09137e-19
6251.99952  1.01025e-19
6254.00048  6.71116e-18
6256.00026 -3.27873e-18
6258.00003  4.03135e-18
6259.99981  5.04140e-18
6261.99958  3.05142e-18
6264.00054 -7.38576e-19
6266.00032 -2.86105e-20
6268.00010  9.81331e-19
6269.99987 -3.70876e-18
6271.99965 -3.98870e-19
6273.99942  1.09883e-20
6276.00038 -3.17917e-18
6278.00016 -3.69363e-19
6279.99994  4.14041e-18
6281.99971  3.35016e-18
6283.99949 -2.64012e-18
6286.00045  3.86959e-18
6288.00022  3.79256e-19
6290.00000  1.08890e-18
6291.99978 -1.10149e-18
6293.99955 -9.91895e-19
6296.00051  1.31767e-18
6298.00029  5.42721e-18
6300.00006  9.03672e-18
6301.99984  8.44620e-18
6303.99962  4.55667e-19
6306.00058 -4.43490e-18
6308.00035 -1.42549e-18
6310.00013 -2.31611e-18
6311.99990 -1.06756e-19
6313.99968  6.02568e-19
6315.99946 -1.38812e-18
6318.00042 -2.17884e-18
6320.00019 -1.96959e-18
6321.99997 -2.36036e-18
6323.99974  3.64883e-18
6325.99952  2.65801e-18
6328.00048  6.67164e-19
6330.00026  7.76289e-19
6332.00003 -9.14614e-19
6333.99981  2.49446e-18
6335.99958 -5.49649e-18
6338.00054 -2.08746e-18
6340.00032 -1.78463e-19
6342.00010  1.43051e-18
6343.99987  4.23946e-18
6345.99965  4.54838e-18
6347.99942  1.45728e-18
6350.00038  9.66164e-19
6352.00016  6.75013e-19
6353.99994  5.58384e-18
6355.99971  1.79264e-18
6357.99949 -2.19858e-18
6360.00045 -5.89829e-19
6362.00022  2.51890e-18
6364.00000 -3.72400e-19
6365.99978  1.33628e-18
6367.99955  3.24494e-18
6370.00051  3.53573e-19
6372.00029 -1.73782e-18
6374.00006  2.70766e-19
6375.99984  3.77932e-18
6377.99962  3.87862e-19
6380.00058 -2.00362e-18
6382.00035 -4.19513e-18
6384.00013  5.71333e-18
6385.99990  4.72177e-18
6387.99968  5.43019e-18
6389.99946 -1.66142e-18
6392.00042 -2.55304e-18
6394.00019  6.85532e-18
6395.99997 -2.33636e-18
6397.99974 -4.12806e-18
6399.99952 -2.01977e-18
6402.00048  1.28849e-18
6404.00026 -6.03279e-19
6406.00003  1.20493e-18
6407.99981 -2.68688e-18
6409.99958 -1.37872e-18
6412.00054 -1.77057e-18
6414.00032  2.73755e-18
6416.00010  5.64564e-18
6417.99987  3.65373e-18
6419.99965  3.36177e-18
6421.99942  1.46980e-18
6424.00038  6.97781e-18
6426.00016  2.48580e-18
6427.99994  8.09377e-18
6429.99971  4.90171e-18
6431.99949 -5.90372e-19
6434.00045  7.17530e-19
6436.00022  4.72541e-18
6438.00000  4.23326e-18
6439.99978  4.04110e-18
6441.99955  2.94891e-18
6444.00051  1.05670e-18
6446.00029 -1.23554e-18
6448.00006  3.27221e-18
6449.99984 -2.62007e-18
6451.99962  3.78764e-18
6454.00058  4.09532e-18
6456.00035  2.80298e-18
6458.00013 -1.18937e-18
6459.99990  2.21824e-18
6461.99968  5.12584e-18
6463.99946  3.83342e-18
6466.00042 -9.59023e-19
6468.00019  4.54852e-18
6469.99997  1.55603e-18
6471.99974 -1.73648e-18
6473.99952  1.67099e-18
6476.00048 -2.21549e-19
6478.00026  3.58588e-18
6480.00003 -3.20671e-18
6481.99981  3.70068e-18
6483.99958  1.10805e-18
6486.00054 -1.18459e-18
6488.00032  3.92273e-18
6490.00010 -4.06996e-18
6491.99987 -2.56267e-18
6493.99965  3.24460e-18
6495.99942 -9.48151e-19
6498.00038 -4.54092e-18
6500.00016 -6.83371e-18
6501.99994  1.73480e-19
6503.99971 -2.01935e-18
6505.99949  3.87799e-19
6508.00045 -4.50507e-18
6510.00022 -2.97957e-19
6512.00000  3.80914e-18
6513.99978  1.41621e-18
6515.99955  1.52326e-18
6518.00051  3.23030e-18
6520.00029 -6.62694e-19
6522.00006  5.24430e-18
6523.99984 -3.54872e-18
6525.99962 -3.44176e-18
6528.00058 -4.03482e-18
6530.00035 -4.52791e-18
6532.00013  2.47899e-18
6533.99990 -8.91412e-18
6535.99968 -8.00726e-18
6537.99946 -3.20042e-18
6540.00042 -1.93597e-19
6542.00019 -1.38679e-18
6543.99997 -8.00016e-20
6545.99974  4.26769e-19
6547.99952 -3.16649e-18
6550.00048 -1.45974e-18
6552.00026 -6.53036e-19
6554.00003 -2.34634e-18
6555.99981  8.60337e-19
6557.99958 -3.73300e-18
6560.00054  3.73641e-19
6562.00032 -2.01973e-18
6564.00010  3.78687e-18
6565.99987 -2.00655e-18
6567.99965 -6.99998e-18
6569.99942 -2.59342e-18
6572.00038 -5.86888e-19
6574.00016 -6.80369e-19
6575.99994 -2.57387e-18
6577.99971  4.32602e-19
6579.99949  1.23907e-18
6582.00045 -3.25448e-18
6584.00022 -2.74805e-18
6586.00000 -4.14164e-18
6587.99978  8.64751e-19
6589.99955 -2.02887e-18
6592.00051 -9.22512e-19
6594.00029 -1.51617e-18
6596.00006 -6.10984e-18
6597.99984 -1.03537e-19
6599.99962  1.00276e-18
6602.00058 -1.69096e-18
6604.00035  3.15291e-19
6606.00013 -8.17846e-18
6607.99990 -2.77224e-18
6609.99968 -1.56604e-18
6611.99946  1.40158e-19
6614.00042 -2.35366e-18
6616.00019 -3.94750e-18
6617.99997 -4.74137e-18
6619.99974 -1.33524e-18
6621.99952 -4.29128e-19
6624.00048 -2.32303e-18
6626.00026 -4.21696e-18
6628.00003  2.28910e-18
6629.99981  7.95152e-19
6631.99958 -7.99882e-18
6634.00054 -3.89280e-18
6636.00032  8.13188e-19
6638.00010  1.01917e-18
6639.99987  3.25135e-19
6641.99965 -1.68917e-19
6643.99942 -3.62983e-19
6646.00038 -2.95706e-18
6648.00016 -4.95116e-18
6649.99994 -1.14527e-18
6651.99971  1.16060e-18
6653.99949  8.66459e-19
6656.00045 -1.92769e-18
6658.00022 -3.92187e-18
6660.00000 -2.21606e-18
6661.99978 -1.02637e-20
6663.99955  2.79551e-18
6666.00051  2.20128e-18
6668.00029 -4.92970e-19
6670.00006  3.41277e-18
6671.99984  7.18486e-19
6673.99962 -2.57580e-18
6676.00058 -2.70111e-19
6678.00035  2.73556e-18
6680.00013 -5.45877e-18
6681.99990 -1.45312e-18
6683.99968 -4.47495e-19
6685.99946  2.35812e-18
6688.00042 -2.43627e-18
6690.00019  2.76932e-18
6691.99997 -2.22511e-18
6693.99974 -2.91955e-18
6695.99952  9.85999e-19
6698.00048 -5.90847e-18
6700.00026 -3.10295e-18
6702.00003  1.80256e-18
6703.99981 -3.91955e-19
6705.99958 -6.86477e-19
6708.00054  1.21899e-18
6710.00032  8.24431e-19
6712.00010  3.52987e-18
6713.99987  6.73529e-18
6715.99965  4.44069e-18
6717.99942  3.84609e-18
6720.00038  1.65147e-18
6722.00016  6.85684e-18
6723.99994  2.86219e-18
6725.99971  2.46753e-18
6727.99949  2.17285e-18
6730.00045 -2.52183e-18
6732.00022  8.83472e-19
6734.00000  1.98876e-18
6735.99978  4.99403e-18
6737.99955 -1.30071e-18
6740.00051 -1.89546e-18
6742.00029  3.90977e-18
6744.00006  1.31500e-18
6745.99984 -1.67980e-18
6747.99962  4.25402e-19
6750.00058  3.03058e-18
6752.00035  4.03576e-18
6754.00013 -2.45909e-18
6755.99990  1.84606e-18
6757.99968  4.95119e-18
6759.99946 -2.14369e-18
6762.00042  2.06142e-18
6764.00019 -2.93348e-18
6765.99997  4.71596e-19
6767.99974 -7.23330e-19
6769.99952  2.38172e-18
6772.00048  4.98678e-18
6774.00026  9.91809e-19
6776.00003 -1.60317e-18
6777.99981  3.80184e-18
6779.99958  5.10683e-18
6782.00054 -1.38818e-18
6784.00032 -3.08320e-18
6786.00010 -4.87824e-18
6787.99987  2.72671e-18
6789.99965  1.03165e-18
6791.99942  1.83657e-18
6794.00038  3.24149e-18
6796.00016 -2.55361e-18
6797.99994  3.25128e-18
6799.99971 -4.64383e-18
6801.99949  8.61035e-19
6804.00045  7.65893e-19
6806.00022 -3.62926e-18
6808.00000  2.37558e-18
6809.99978 -5.19598e-19
6811.99955 -4.14791e-19
6814.00051  9.90013e-19
6816.00029 -2.10519e-18
6818.00006  1.49958e-18
6819.99984 -1.69565e-18
6821.99962  7.09112e-19
6824.00058 -1.38614e-18
6826.00035  3.11860e-18
6828.00013 -4.37668e-18
6829.99990 -8.71964e-19
6831.99968 -3.16726e-18
6833.99946  1.03743e-18
6836.00042  1.54212e-18
6838.00019  9.46791e-19
6839.99997  4.05145e-18
6841.99974 -3.94390e-18
6843.99952  1.36074e-18
6846.00048  2.76538e-18
6848.00026  3.47000e-18
6850.00003  4.07461e-18
6851.99981  2.67920e-18
6853.99958  6.83794e-19
6856.00054 -1.31162e-18
6858.00032 -5.20705e-18
6860.00010 -2.60249e-18
6861.99987 -6.69794e-18
6863.99965  1.30660e-18
6865.99942  2.81112e-18
6868.00038 -9.48435e-18
6870.00016 -6.37984e-18
6871.99994 -3.75338e-19
6873.99971  2.29156e-19
6875.99949  2.83363e-18
6878.00045  3.83811e-18
6880.00022 -2.35743e-18
6882.00000  1.84702e-18
6883.99978  3.05147e-18
6885.99955 -1.44410e-18
6888.00051 -4.39670e-19
6890.00029  2.16474e-18
6892.00006  8.69152e-19
6893.99984  7.73546e-19
6895.99962 -2.52206e-18
6898.00058  2.58232e-18
6900.00035  3.18669e-18
6902.00013  3.99105e-18
6903.99990  1.69540e-18
6905.99968 -3.00253e-19
6907.99946 -4.95918e-19
6910.00042 -1.79159e-18
6912.00019  4.12727e-19
6913.99997 -1.08297e-18
6915.99974  1.02134e-18
6917.99952 -1.37438e-18
6920.00048 -1.07009e-18
6922.00026  3.34188e-19
6924.00003  1.63845e-18
6925.99981 -4.05729e-18
6927.99958 -1.05304e-18
6930.00054 -7.48800e-19
6932.00032  3.55436e-19
6934.00010  2.05966e-18
6935.99987 -1.13612e-18
6937.99965 -1.53191e-18
6939.99942  3.67228e-18
6942.00038  6.27648e-18
6944.00016  3.80665e-19
6945.99994  3.78484e-18
6947.99971 -1.21099e-18
6949.99949 -2.70683e-18
6952.00045 -2.60268e-18
6954.00022 -2.09853e-18
6956.00000  1.40560e-18
6957.99978 -1.79027e-18
6959.99955  9.13849e-19
6962.00051  8.17969e-19
6964.00029  3.62208e-18
6966.00006  3.42618e-18
6967.99984  1.83027e-18
6969.99962  1.83435e-18
6972.00058  2.63844e-18
6974.00035  3.74250e-18
6976.00013 -1.65344e-18
6977.99990  3.75062e-18
6979.99968 -1.14533e-18
6981.99946  2.45871e-18
6984.00042  3.86275e-18
6986.00019 -6.33230e-19
6987.99997 -6.29206e-19
6989.99974 -1.02519e-18
6991.99952 -3.02119e-18
6994.00048  3.58281e-18
6996.00026 -3.13187e-19
6998.00003 -9.09207e-19
6999.99981  7.94775e-19
7001.99958 -2.01253e-19
7004.00054  2.80272e-18
7006.00032  7.06674e-19
7008.00010 -2.68937e-18
7009.99987 -2.78542e-18
7011.99965  5.18513e-19
7013.99942 -2.07755e-18
7016.00038 -3.73628e-19
7018.00016  1.83030e-18
7019.99994 -2.16579e-18
7021.99971 -2.46188e-18
7023.99949  1.84202e-18
7026.00045  2.44592e-18
7028.00022  4.34981e-18
7030.00000 -1.54631e-18
7031.99978 -3.42430e-19
7033.99955 -3.85532e-20
7036.00051  3.76531e-18
7038.00029  2.69171e-19
7040.00006  2.27302e-18
7041.99984 -1.62313e-18
7043.99962  1.08072e-18
7046.00058  1.38456e-18
7048.00035  8.83925e-20
7050.00013 -1.00779e-18
7051.99990 -4.30396e-18
7053.99968  1.59985e-18
7055.99946 -4.96341e-19
7058.00042  3.90746e-18
7060.00019 -2.88736e-19
7061.99997  3.15053e-19
7063.99974  2.91884e-18
7065.99952 -2.37738e-18
7068.00048 -9.73595e-19
7070.00026  1.03018e-18
7072.00003 -1.76606e-18
7073.99981  1.43771e-18
7075.99958 -2.05854e-18
7078.00054 -4.35478e-18
7080.00032 -1.75104e-18
7082.00010  1.75270e-18
7083.99987 -4.04356e-18
7085.99965 -1.93983e-18
7087.99942 -4.36103e-19
7090.00038 -3.03238e-18
7092.00016 -1.52866e-18
7093.99994  1.47506e-18
7095.99971 -8.21235e-19
7097.99949  8.82469e-19
7100.00045  2.18617e-18
7102.00022 -8.10131e-19
7104.00000  9.93553e-19
7105.99978  5.29723e-18
7107.99955  3.00918e-19
7110.00051 -8.95400e-19
7112.00029 -1.39173e-18
7114.00006  4.11936e-19
7115.99984  3.81560e-18
7117.99962 -1.38074e-18
7120.00058  4.22921e-19
7122.00035  2.42657e-18
7124.00013 -1.76978e-18
7125.99990 -3.16614e-18
7127.99968 -1.06250e-18
7129.99946 -4.05887e-18
7132.00042  1.24477e-18
7134.00019 -1.75160e-18
7135.99997 -1.24798e-18
7137.99974 -4.44437e-18
7139.99952 -3.14074e-18
7142.00048 -2.03713e-18
7144.00026 -2.83352e-18
7146.00003 -3.12992e-18
7147.99981 -7.26314e-19
7149.99958 -8.22717e-19
7152.00054 -5.71912e-18
7154.00032 -3.51553e-18
7156.00010  8.88058e-19
7157.99987 -2.08360e-19
7159.99965 -2.90478e-18
7161.99942  1.98798e-19
7164.00038 -7.97630e-19
7166.00016 -3.59406e-18
7167.99994 -3.19049e-18
7169.99971 -3.78693e-18
7171.99949 -1.18336e-18
7174.00045 -1.79803e-19
7176.00022 -4.97625e-18
7178.00000 -3.27270e-18
7179.99978  1.03085e-18
7181.99955 -5.76560e-18
7184.00051 -5.46205e-18
7186.00029 -6.75852e-18
7188.00006 -5.95498e-18
7189.99984 -1.35144e-18
7191.99962 -4.44792e-18
7194.00058 -3.94438e-18
7196.00035 -3.94086e-18
7198.00013 -5.23733e-18
7199.99990 -3.93381e-18
7201.99968 -3.53029e-18
7203.99946 -5.52678e-18
7206.00042 -3.82326e-18
7208.00019  1.98025e-18
7209.99997  1.98375e-18
7211.99974  3.68726e-18
7213.99952 -6.09232e-19
7216.00048 -5.73071e-21
7218.00026  3.97768e-19
7220.00003  5.01265e-19
7221.99981 -3.39524e-18
7223.99958 -9.91746e-19
7226.00054 -2.78825e-18
7228.00032 -1.84769e-19
7230.00010 -8.12821e-20
7231.99987 -2.87780e-18
7233.99965 -5.67431e-18
7235.99942  1.62916e-18
7238.00038  1.33264e-18
7240.00016 -3.66387e-18
7241.99994  1.03960e-18
7243.99971  2.64307e-18
7245.99949 -1.05345e-18
7248.00045 -4.99882e-20
7250.00022 -8.54652e-18
7252.00000  1.35694e-18
7253.99978 -6.33959e-18
7255.99955 -6.03613e-18
7258.00051  2.46733e-18
7260.00029 -6.29206e-19
7262.00006 -1.02574e-18
7263.99984 -3.72228e-18
7265.99962 -1.21883e-18
7268.00058 -2.11537e-18
7270.00035 -4.01193e-18
7272.00013 -1.30085e-17
7273.99990 -1.90502e-18
7275.99968  1.19843e-18
7277.99946 -3.39812e-18
7280.00042 -3.89467e-18
7282.00019 -3.79123e-18
7283.99997 -6.28779e-18
7285.99974  3.11565e-18
7287.99952 -3.80897e-19
7290.00048  1.22542e-19
7292.00026 -3.67402e-18
7294.00003 -3.47058e-18
7295.99981 -3.67136e-19
7297.99958 -3.63701e-19
7300.00054 -3.46027e-18
7302.00032 -2.15683e-18
7304.00010 -4.75339e-18
7305.99987 -1.74995e-18
7307.99965 -1.44652e-18
7309.99942 -2.94309e-18
7312.00038 -2.63966e-18
7314.00016  1.36378e-18
7315.99994 -4.53279e-18
7317.99971 -5.29362e-19
7319.99949 -6.25931e-19
7322.00045  2.77506e-19
7324.00022 -2.51907e-18
7326.00000 -1.71564e-18
7327.99978 -4.81221e-18
7329.99955  5.91216e-19
7332.00051 -2.80536e-18
7334.00029 -3.50192e-18
7336.00006 -2.49849e-18
7337.99984 -2.59507e-18
7339.99962  5.60836e-18
7342.00058  4.11179e-18
7344.00035 -5.28478e-18
7346.00013 -7.38135e-18
7347.99990 -7.57793e-18
7349.99968 -3.37450e-18
7351.99946 -2.07107e-18
7354.00042 -1.56764e-18
7356.00019  3.35786e-19
7357.99997 -6.46079e-18
7359.99974  1.34264e-18
7361.99952 -2.75393e-18
7364.00048 -2.15050e-18
7366.00026 -2.34707e-18
7368.00003 -1.43645e-19
7369.99981  5.05979e-18
7371.99958  7.63216e-19
7374.00054 -5.33356e-19
7376.00032 -4.12992e-18
7378.00010 -2.82649e-18
7379.99987 -2.62306e-18
7381.99965 -9.19630e-19
7383.99942 -1.41620e-18
7386.00038 -2.61276e-18
7388.00016 -1.90933e-18
7389.99994 -3.00589e-18
7391.99971 -1.20246e-18
7393.99949 -6.79902e-18
7396.00045 -5.09558e-18
7398.00022 -2.79214e-18
7400.00000 -1.88703e-19
7401.99978  1.91474e-18
7403.99955 -1.81821e-19
7406.00051 -5.97839e-18
7408.00029 -7.57494e-18
7410.00006 -3.57150e-18
7411.99984 -1.46805e-18
7413.99962 -1.06461e-18
7416.00058 -8.61161e-19
7418.00035  4.42287e-19
7420.00013 -1.15427e-18
7421.99990  1.64918e-18
7423.99968 -2.47370e-19
7425.99946 -5.14392e-18
7428.00042  3.45954e-18
7430.00019  1.56299e-18
7431.99997 -1.33355e-18
7433.99974 -3.83010e-18
7435.99952  3.73360e-19
7438.00048 -1.52317e-18
7440.00026 -4.41972e-18
7442.00003 -1.61626e-18
7443.99981 -4.21279e-18
7445.99958 -3.60932e-18
7448.00054 -4.20586e-18
7450.00032 -9.02391e-19
7452.00010 -1.29892e-18
7453.99987 -3.09545e-18
7455.99965  2.08029e-19
7457.99942 -8.84918e-20
7460.00038 -2.88502e-18
7462.00016 -3.98154e-18
7463.99994 -1.07806e-18
7465.99971  8.25424e-19
7467.99949 -1.07109e-18
7470.00045  5.53240e-18
7472.00022 -2.36412e-18
7474.00000  2.73937e-18
7475.99978 -2.25714e-18
7477.99955  2.54635e-18
7480.00051  2.24985e-18
7482.00029  1.75335e-18
7484.00006 -4.31524e-20
7485.99984 -2.03965e-18
7487.99962 -2.93615e-18
7490.00058 -6.03264e-18
7492.00035  1.70869e-19
7494.00013  6.74381e-19
7495.99990  3.87789e-18
7497.99968  2.08141e-18
7499.99946 -3.01508e-18
7502.00042  1.18845e-18
7504.00019 -1.08033e-19
7505.99997 -2.10451e-18
7507.99974 -2.30098e-18
7509.99952 -1.59746e-18
7512.00048  6.06082e-19
7514.00026  6.09612e-19
7516.00003  8.13148e-19
7517.99981  1.01668e-18
7519.99958  5.52023e-18
7522.00054  4.23768e-19
7524.00032  4.62731e-18
7526.00010  3.43086e-18
7527.99987  1.23441e-18
7529.99965  3.43797e-18
7531.99942  4.14153e-18
7534.00038  1.64509e-18
7536.00016  1.44865e-18
7537.99994  1.05221e-18
7539.99971  3.85579e-18
7541.99949  6.75936e-18
7544.00045  8.62935e-19
7546.00022  3.26650e-18
7548.00000  3.37009e-18
7549.99978  5.57367e-18
7551.99955  8.77725e-18
7554.00051  7.28084e-18
7556.00029  4.88444e-18
7558.00006  8.98803e-18
7559.99984  6.69163e-18
7561.99962  9.59523e-18
7564.00058  8.59883e-18
7566.00035  8.90244e-18
7568.00013  7.50604e-18
7569.99990  9.60966e-18
7571.99968  1.17133e-17
7573.99946  5.61690e-18
7576.00042  7.52052e-18
7578.00019  4.22415e-18
7579.99997  3.22778e-18
7581.99974  5.03141e-18
7583.99952  8.23505e-18
7586.00048  6.03869e-18
7588.00026  2.44233e-18
7590.00003  3.14598e-18
7591.99981  1.10496e-17
7593.99958  1.32533e-17
7596.00054  3.75694e-18
7598.00032 -3.33939e-18
7600.00010  1.20643e-17
7601.99987 -2.73207e-18
7603.99965 -2.02840e-18
7605.99942 -7.22472e-18
7608.00038  1.97896e-18
7610.00016  7.38264e-18
7611.99994 -1.13674e-19
7613.99971  2.29002e-18
7615.99949  7.89371e-18
7618.00045  8.69741e-18
7620.00022  1.15011e-17
7622.00000  6.04815e-19
7623.99978  2.70852e-18
7625.99955  4.21223e-18
7628.00051  3.01596e-18
7630.00029  9.51967e-18
7632.00006  5.62340e-18
7633.99984  3.02713e-18
7635.99962  2.63086e-18
7638.00058  7.03460e-18
7640.00035  7.33834e-18
7642.00013  1.05421e-17
7643.99990  5.34583e-18
7645.99968  4.84958e-18
7647.99946  9.65334e-18
7650.00042  6.15710e-18
7652.00019  1.07609e-17
7653.99997  1.37646e-17
7655.99974  9.26841e-18
7657.99952  6.37219e-18
7660.00048  7.87597e-18
7662.00026  1.01798e-17
7664.00003  1.07835e-17
7665.99981  8.28734e-18
7667.99958  8.79114e-18
7670.00054  9.19495e-18
7672.00032  5.49876e-18
7674.00010  1.15026e-17
7675.99987  8.80638e-18
7677.99965  6.91020e-18
7679.99942  9.21403e-18
7682.00038  7.91787e-18
7684.00016  9.22170e-18
7685.99994  1.33255e-17
7687.99971  7.12938e-18
7689.99949  7.63323e-18
7692.00045  5.03708e-18
7694.00022  8.04094e-18
7696.00000  1.47448e-17
7697.99978  1.50487e-17
7699.99955  1.21525e-17
7702.00051  6.35642e-18
7704.00029  9.86030e-18
7706.00006  8.46418e-18
7707.99984  1.25681e-17
7709.99962  1.87720e-17
7712.00058  1.28759e-17
7714.00035  6.17978e-18
7716.00013  6.38369e-18
7717.99990  1.28761e-18
7719.99968  1.10915e-17
7721.99946  1.11954e-17
7724.00042  1.44994e-17
7726.00019  1.35033e-17
7727.99997  1.06073e-17
7729.99974  1.11112e-17
7731.99952  1.37151e-17
7734.00048  1.35191e-17
7736.00026  8.02306e-18
7738.00003  8.22702e-18
7739.99981  1.05310e-17
7741.99958  1.44350e-17
7744.00054  1.33389e-17
7746.00032  1.90429e-17
7748.00010  1.66469e-17
7749.99987  1.29509e-17
7751.99965  1.94549e-17
7753.99942  1.45589e-17
7756.00038  1.44629e-17
7758.00016  1.11670e-17
7759.99994  1.17710e-17
7761.99971  1.20750e-17
7763.99949  1.54790e-17
7766.00045  1.21831e-17
7768.00022  8.98712e-18
7770.00000  5.29117e-18
7771.99978  8.39522e-18
7773.99955  7.59928e-18
7776.00051  1.34034e-17
7778.00029  8.70742e-18
7780.00006  1.32115e-17
7781.99984  1.43156e-17
7783.99962  1.09197e-17
7786.00058  1.14238e-17
7788.00035  1.01278e-17
7790.00013  7.53196e-18
7791.99990  1.70361e-17
7793.99968  1.51402e-17
7795.99946  1.45443e-17
7798.00042  1.20484e-17
7800.00019  1.17526e-17
7801.99997  1.36567e-17
7803.99974  1.24608e-17
7805.99952  1.39650e-17
7808.00048  1.14691e-17
7810.00026  8.57330e-18
7812.00003  1.29775e-17
7813.99981  1.21816e-17
7815.99958  1.72858e-17
7818.00054  1.69900e-17
7820.00032  1.27942e-17
7822.00010  1.40984e-17
7823.99987  9.50258e-18
7825.99965  5.40678e-18
7827.99942  8.71099e-18
7830.00038  7.31521e-18
7832.00016  8.61944e-18
7833.99994  1.05237e-17
7835.99971  1.25279e-17
7837.99949  9.73214e-18
7840.00045  1.19364e-17
7842.00022  1.43406e-17
7844.00000  9.34490e-18
7845.99978  4.34917e-18
7847.99955  1.13534e-17
7850.00051  1.85577e-17
7852.00029  2.50620e-17
7854.00006  7.66629e-18
7855.99984  1.05706e-17
7857.99962  1.60749e-17
7860.00058  8.57920e-18
7862.00035  8.58351e-18
7864.00013  8.78783e-18
7865.99990  1.07922e-17
7867.99968  2.69650e-18
7869.99946  1.17008e-17
7872.00042  1.30052e-17
7874.00019  1.29095e-17
7875.99997  1.34139e-17
7877.99974  1.39183e-17
7879.99952  1.16226e-17
7882.00048  7.42700e-18
7884.00026  8.73139e-18
7886.00003  8.83578e-18
7887.99981  1.37402e-17
7889.99958  1.46446e-17
7892.00054  8.24899e-18
7894.00032  7.25340e-18
7896.00010  6.55782e-18
7897.99987  2.62249e-19
7899.99965  1.18667e-17
7901.99942  7.27112e-18
7904.00038  4.77557e-18
7906.00016  1.07800e-17
7907.99994  1.51845e-17
7909.99971  1.21890e-17
7911.99949  1.35934e-17
7914.00045  1.38979e-17
7916.00022  1.54024e-17
7918.00000  1.02069e-17
7919.99978  5.21138e-18
7921.99955  5.41589e-18
7924.00051  9.32040e-18
7926.00029  2.82492e-18
7928.00006  4.52945e-18
7929.99984  5.93398e-18
7931.99962  5.23851e-18
7934.00058  7.14306e-18
7936.00035  5.47617e-19
7938.00013  7.52175e-19
7939.99990  5.75674e-18
7941.99968  3.46131e-18
7943.99946  5.16589e-18
7946.00042  4.87048e-18
7948.00019  6.57507e-18
7949.99997  5.37967e-18
7951.99974  4.18427e-18
7953.99952  3.48889e-18
7956.00048  1.69351e-18
7958.00026  5.69814e-18
7960.00003  7.10277e-18
7961.99981  5.60741e-18
7963.99958  9.01206e-18
7966.00054  8.61671e-18
7968.00032  6.52137e-18
7970.00010  2.42604e-18
7971.99987  4.13071e-18
7973.99965  2.63540e-18
7975.99942  2.94008e-18
7978.00038  8.94478e-18
7980.00016  1.50495e-17
7981.99994  1.65419e-18
7983.99971  1.45891e-18
7985.99949  6.63631e-19
7988.00045  1.36836e-18
7990.00022  7.17310e-18
7992.00000  2.17784e-18
7993.99978  7.28259e-18
7995.99955  1.28873e-17
7998.00051  5.19212e-18
8000.00029  8.09689e-18
8002.00006  8.00167e-18
8003.99984  4.80645e-18
8005.99962  1.61125e-18
8008.00058  3.16052e-19
8010.00035  5.62086e-18
8012.00013  3.12567e-18
8013.99990  7.03049e-18
8015.99968  8.43532e-18
8017.99946  2.24016e-18
8020.00042  3.94501e-18
8022.00019  4.24985e-18
8023.99997  6.65471e-18
8025.99974  1.00596e-17
8027.99952  1.00645e-17
8030.00048  2.66933e-18
8032.00026  4.77421e-18
8034.00003  2.97911e-18
8035.99981  3.68401e-18
8037.99958  1.88892e-18
8040.00054  4.39383e-18
8042.00032  3.99876e-18
8044.00010  2.60369e-18
8045.99987  4.10863e-18
8047.99965  1.51356e-18
8049.99942 -3.81486e-19
8052.00038  3.62348e-18
8054.00016  2.12845e-18
8055.99994 -1.76658e-18
8057.99971  6.13841e-18
8059.99949  6.94339e-18
8062.00045  2.74839e-18
8064.00022  8.55339e-18
8066.00000  5.15840e-18
8067.99978  5.16342e-18
8069.99955  3.06844e-18
8072.00051 -2.02652e-18
8074.00029 -4.21482e-19
8076.00006  1.68356e-18
8077.99984  1.08862e-18
8079.99962 -2.10632e-18
8082.00058  3.09875e-18
8084.00035  4.60383e-18
8086.00013  2.10891e-18
8087.99990  4.91401e-18
8089.99968  2.31910e-18
8091.99946  2.22421e-18
8094.00042 -2.17067e-18
8096.00019 -3.56555e-18
8097.99997  2.83958e-18
8099.99974  1.14472e-18
8101.99952  4.49857e-19
8104.00048  1.65502e-18
8106.00026  3.16017e-18
8108.00003 -4.93466e-18
8109.99981 -2.92948e-18
8111.99958  1.75693e-19
8114.00054  2.68089e-18
8116.00032 -1.21391e-18
8118.00010  1.69129e-18
8119.99987  1.79650e-18
8121.99965  6.01724e-19
8123.99942 -4.93053e-19
8126.00038  1.81219e-18
8128.00016  3.11743e-18
8129.99994 -2.17732e-18
8131.99971  2.12794e-18
8133.99949  2.33320e-18
8136.00045  7.38484e-19
8138.00022  1.04376e-18
8140.00000  1.94905e-18
8141.99978 -5.45658e-19
8143.99955  3.25965e-18
8146.00051 -3.50394e-20
8148.00029  1.67028e-18
8150.00006  2.47560e-18
8151.99984 -1.51906e-18
8153.99962 -2.51372e-18
8156.00058 -1.60837e-18
8158.00035  3.96990e-19
8160.00013 -1.59764e-18
8161.99990  2.00773e-18
8163.99968 -1.48689e-18
8165.99946 -1.68150e-18
8168.00042 -1.07611e-18
8170.00019 -1.27070e-18
8171.99997  1.34708e-19
8173.99974 -1.55987e-18
8175.99952 -2.65444e-18
8178.00048 -4.74901e-18
8180.00026 -1.34356e-18
8182.00003  5.61887e-19
8183.99981  3.26734e-18
8185.99958  2.72808e-19
8188.00054 -1.72171e-18
8190.00032 -9.16232e-19
8192.00010 -3.10745e-19
8193.99987 -1.20525e-18
8195.99965  1.00254e-19
8197.99942 -9.94235e-19
8200.00038 -2.08871e-18
8202.00016 -1.38319e-18
8203.99994 -5.77647e-19
8205.99971 -2.57210e-18
8207.99949 -1.36655e-18
8210.00045 -3.16099e-18
8212.00022 -9.55427e-19
8214.00000  9.50149e-19
8215.99978  1.25573e-18
8217.99955  1.26132e-18
8220.00051  3.66692e-18
8222.00029  1.72530e-19
8224.00006 -7.21861e-19
8225.99984 -9.16238e-19
8227.99962  1.18939e-18
8230.00058 -1.50497e-18
8232.00035 -6.99325e-19
8234.00013  2.20633e-18
8235.99990  6.11991e-19
8237.99968  3.51765e-18
8239.99946 -3.76668e-19
8242.00042  2.52902e-18
8244.00019  2.33472e-18
8245.99997  7.40416e-19
8247.99974  4.61170e-20
8249.99952  4.05184e-18
8252.00048 -1.14243e-18
8254.00026  2.16329e-18
8256.00003 -1.63096e-18
8257.99981 -1.12522e-18
8259.99958  1.48053e-18
8262.00054  9.86304e-19
8264.00032 -1.10793e-18
8266.00010 -1.02150e-19
8267.99987 -9.63632e-20
8269.99965  4.09435e-19
8271.99942 -4.84771e-19
8274.00038  2.82104e-18
8276.00016 -4.73134e-19
8277.99994 -6.73093e-20
8279.99971 -3.36148e-18
8281.99949  1.74437e-18
8284.00045  2.05022e-18
8286.00022 -1.43923e-19
8288.00000 -8.38060e-19
8289.99978 -3.03218e-18
8291.99955  3.67369e-18
8294.00051 -7.52041e-18
8296.00029 -7.51452e-18
8298.00006 -2.70861e-18
8299.99984  2.59730e-18
8301.99962  4.00322e-18
8304.00058 -3.29084e-18
8306.00035 -4.98491e-18
8308.00013  5.52104e-18
8309.99990  4.82699e-18
8311.99968 -1.67054e-19
8313.99946  5.93892e-18
8316.00042  9.44895e-19
8318.00019 -1.84913e-18
8319.99997  2.75687e-18
8321.99974  3.16287e-18
8323.99952  1.36888e-18
8326.00048 -5.25101e-19
8328.00026  2.88092e-18
8330.00003 -2.01305e-18
8331.99981  9.92994e-19
8333.99958 -1.60096e-18
8336.00054  3.30510e-18
8338.00032 -8.88359e-20
8340.00010  6.01723e-18
8341.99987  4.72331e-18
8343.99965  1.34294e-17
8345.99942  4.53549e-18
8348.00038 -7.35840e-18
8350.00016  3.47710e-19
8351.99994 -8.04617e-18
8353.99971 -2.04005e-18
8355.99949 -3.03391e-18
8358.00045 -2.32777e-18
8360.00022 -2.42162e-18
8362.00000  1.84537e-19
8363.99978  4.79071e-18
8365.99955  1.79687e-18
8368.00051 -1.69694e-18
8370.00029 -1.99075e-18
8372.00006 -3.18455e-18
8373.99984  6.21656e-19
8375.99962  1.32787e-18
8378.00058  3.73409e-18
8380.00035  1.34032e-18
8382.00013 -2.65344e-18
8383.99990  3.55280e-18
8385.99968  5.45906e-18
8387.99946  3.26531e-18
8390.00042  8.71584e-19
8392.00019  1.97786e-18
8393.99997  1.84147e-19
8395.99974  9.90433e-19
8397.99952  1.01967e-17
8400.00048 -3.19695e-18
8402.00026  3.80936e-18
8404.00003  2.61568e-18
8405.99981  7.22020e-19
8407.99958  2.32835e-18
8410.00054 -1.16529e-18
8412.00032 -1.85894e-18
8414.00010  3.54742e-18
8415.99987 -8.46212e-19
8417.99965  8.60169e-19
8419.99942 -5.03345e-18
8422.00038 -9.27051e-19
8424.00016 -2.32065e-18
8425.99994 -4.11424e-18
8427.99971  5.69218e-18
8429.99949  1.34986e-17
8432.00045  4.50504e-18
8434.00022  1.81148e-18
8436.00000  7.17923e-19
8437.99978  2.43787e-20
8439.99955  5.30851e-19
8442.00051  5.37320e-19
8444.00029 -9.56204e-19
8446.00006 -1.54972e-18
8447.99984 -2.34322e-18
8449.99962 -8.36713e-19
8452.00058  2.66980e-18
8454.00035  6.27632e-18
8456.00013 -5.17157e-19
8457.99990 -3.10623e-19
8459.99968  3.69592e-18
8461.99946  7.02462e-19
8464.00042 -8.89097e-18
8466.00019  2.01559e-18
8467.99997  6.62216e-18
8469.99974 -5.67126e-18
8471.99952 -5.56467e-18
8474.00048 -9.58067e-19
8476.00026 -1.85146e-18
8478.00003 -1.74486e-18
8479.99981 -6.38239e-19
8481.99958  2.68390e-19
8484.00054 -2.49742e-20
8486.00032 -1.31833e-18
8488.00010 -3.11168e-18
8489.99987  4.59497e-18
8491.99965  6.50164e-18
8493.99942  2.30831e-18
8496.00038 -1.88501e-18
8498.00016 -5.47832e-18
8499.99994  2.28371e-19
8501.99971  5.93508e-18
8503.99949  3.41788e-19
8506.00045  6.54851e-18
8508.00022 -3.24477e-18
8510.00000  2.61965e-19
8511.99978 -2.53130e-18
8513.99955 -5.92454e-18
8516.00051 -3.11778e-18
8518.00029 -2.11102e-18
8520.00006 -1.70425e-18
8521.99984  2.40253e-18
8523.99962 -2.79068e-18
8526.00058 -4.38388e-18
8528.00035 -2.17709e-18
8530.00013  4.29727e-19
8531.99990  7.36535e-19
8533.99968  4.33575e-20
8535.99946  4.75019e-18
8538.00042  1.75703e-18
8540.00019 -9.36120e-19
8541.99997 -4.02926e-18
8543.99974  1.27760e-18
8545.99952 -2.71554e-18
8548.00048  2.79135e-18
8550.00026  1.99823e-18
8552.00003 -3.19488e-18
8553.99981  1.01202e-18
8555.99958 -1.88107e-18
8558.00054 -1.57416e-18
8560.00032  3.32765e-19
8562.00010  2.39687e-19
8563.99987  1.46626e-19
8565.99965 -1.64643e-18
8567.99942 -2.33948e-18
8570.00038  3.16748e-18
8572.00016 -3.22555e-18
8573.99994 -2.11858e-18
8575.99971  5.88400e-19
8577.99949  2.99538e-18
8580.00045 -6.97614e-19
8582.00022 -3.19062e-18
8584.00000 -1.83608e-19
8585.99978  2.32341e-18
8587.99955 -1.69569e-19
8590.00051 -2.46253e-18
8592.00029 -2.95549e-18
8594.00006 -9.48449e-19
8595.99984 -2.34140e-18
8597.99962  1.46566e-18
8600.00058 -3.32726e-18
8602.00035 -2.52018e-18
8604.00013 -3.01311e-18
8605.99990  7.93984e-19
8607.99968  9.01078e-19
8609.99946  8.18909e-21
8612.00042 -6.84700e-19
8614.00019 -7.77586e-19
8615.99997 -2.47046e-18
8617.99974  3.13667e-18
8619.99952 -6.56193e-19
8622.00048  4.05096e-18
8624.00026  4.05812e-18
8626.00003  6.65278e-19
8627.99981  4.17244e-18
8629.99958  2.79617e-19
8632.00054 -1.41320e-18
8634.00032  7.89399e-18
8636.00010 -1.09881e-18
8637.99987 -2.59161e-18
8639.99965  1.01561e-18
8641.99942 -1.97718e-18
8644.00038 -6.06995e-18
8646.00016 -4.62721e-19
8647.99994 -5.55478e-19
8649.99971  5.51766e-19
8651.99949  7.85902e-18
8654.00045  3.36628e-18
8656.00022 -1.32646e-18
8658.00000 -9.19180e-19
8659.99978  6.98810e-18
8661.99955  2.89539e-18
8664.00051 -7.97319e-19
8666.00029  3.70998e-18
8668.00006  6.11729e-18
8669.99984  2.82460e-18
8671.99962 -1.46807e-18
8674.00058 -6.07415e-20
8676.00035  2.34660e-18
8678.00013  4.95394e-18
8679.99990  2.06128e-18
8681.99968 -1.03136e-18
8683.99946 -1.23998e-19
8686.00042 -8.16626e-19
8688.00019  1.69075e-18
8689.99997 -8.01872e-19
8691.99974 -3.94476e-19
8693.99952 -3.18709e-18
8696.00048 -3.07967e-18
8698.00026  2.42774e-18
8700.00003  3.51486e-20
8701.99981 -3.05743e-18
8703.99958 -4.15000e-18
8706.00054 -1.24256e-18
8708.00032 -3.03511e-18
8710.00010 -5.02766e-18
8711.99987 -1.92021e-18
8713.99965 -3.41274e-18
8715.99942  2.29472e-18
8718.00038 -1.97799e-19
8720.00016 -3.69031e-18
8721.99994 -4.78282e-18
8723.99971 -1.57533e-18
8725.99949 -2.86782e-18
8728.00045  1.83969e-18
8730.00022 -6.52798e-19
8732.00000 -1.14528e-18
8733.99978 -4.37751e-19
8735.99955  2.96978e-18
8738.00051  1.07732e-18
8740.00029 -2.91513e-18
8742.00006 -6.80757e-18
8743.99984 -1.70002e-18
8745.99962  7.55381e-21
8748.00058 -4.18487e-18
8750.00035 -2.77294e-19
8752.00013  2.30294e-19
8753.99990 -2.86211e-18
8755.99968  5.64548e-18
8757.99946 -4.24691e-18
8760.00042 -8.39297e-19
8762.00019 -2.13168e-18
8763.99997  1.75938e-19
8765.99974  1.18357e-18
8767.99952  2.91204e-19
8770.00048  7.98855e-19
8772.00026 -2.59350e-18
8774.00003 -2.85844e-19
8775.99981  1.12218e-17
8777.99958 -1.17052e-18
8780.00054  3.37155e-19
8782.00032 -5.15517e-18
8784.00010 -5.44748e-18
8785.99987 -4.33979e-18
8787.99965  3.86791e-18
8789.99942  5.07561e-18
8792.00038 -2.16675e-19
8794.00016 -5.70896e-18
8795.99994 -3.80124e-18
8797.99971 -2.69351e-18
8799.99949 -3.18578e-18
8802.00045 -6.07804e-18
8804.00022 -2.47029e-18
8806.00000  1.33746e-18
8807.99978 -1.75478e-18
8809.99955 -2.44702e-18
8812.00051 -4.23925e-18
8814.00029  1.56853e-18
8816.00006 -5.32369e-18
8817.99984 -5.11591e-18
8819.99962 -3.60812e-18
8822.00058  9.96786e-20
8824.00035 -6.92516e-19
8826.00013  1.41529e-18
8827.99990  4.72311e-18
8829.99968 -4.76908e-18
8831.99946 -1.76125e-18
8834.00042  8.46590e-19
8836.00019 -3.64558e-18
8837.99997 -3.63773e-18
8839.99974 -2.52988e-18
8841.99952 -2.62204e-18
8844.00048 -4.81416e-18
8846.00026 -2.30630e-18
8848.00003 -9.84246e-20
8849.99981 -6.90550e-19
8851.99958  4.31733e-18
8854.00054 -3.87478e-18
8856.00032 -3.66688e-18
8858.00010 -1.35899e-18
8859.99987 -3.95108e-18
8861.99965 -2.14318e-18
8863.99942  2.26474e-18
8866.00038 -1.42733e-18
8868.00016  2.38060e-18
8869.99994 -3.61147e-18
8871.99971 -3.10354e-18
8873.99949 -7.29560e-18
8876.00045 -7.18764e-18
8878.00022 -5.17969e-18
8880.00000 -6.47173e-18
