3433.000 5.60736e-18 
3434.950 4.42054e-18 
3436.900 3.23354e-18 
3438.850 -2.75359e-18 
3440.800 -8.64091e-18 
3442.750 -1.10284e-17 
3444.700 -3.11605e-18 
3446.650 -4.00385e-18 
3448.600 -3.59180e-18 
3450.550 -4.47994e-18 
3452.500 -9.46822e-18 
3454.450 -7.85667e-18 
3456.400 -7.54529e-18 
3458.350 -4.73405e-18 
3460.300 2.77013e-19 
3462.250 -1.61208e-18 
3464.200 6.79866e-18 
3466.150 8.10924e-18 
3468.100 6.71967e-18 
3470.050 3.22994e-18 
3472.000 4.84005e-18 
3473.950 1.19500e-17 
3475.900 1.15598e-17 
3477.850 1.69407e-19 
3479.800 5.87888e-18 
3481.750 5.98818e-18 
3483.700 -1.15027e-17 
3485.650 -2.09368e-18 
3487.600 1.01517e-18 
3489.550 -3.57617e-18 
3491.500 -5.67651e-19 
3493.450 -6.15930e-18 
3495.400 -1.75110e-18 
3497.350 9.65694e-18 
3499.300 7.96484e-18 
3501.250 5.27256e-18 
3503.200 -6.19869e-19 
3505.150 -9.81245e-18 
3507.100 -4.60519e-18 
3509.050 -1.79809e-18 
3511.000 -1.39113e-18 
3512.950 1.81565e-18 
3514.900 3.22227e-18 
3516.850 8.28762e-19 
3518.800 2.33510e-18 
3520.750 1.01412e-17 
3522.700 8.04726e-18 
3524.650 -3.34689e-18 
3526.600 -2.54118e-18 
3528.550 -3.56283e-20 
3530.500 7.16976e-18 
3532.450 4.57499e-18 
3534.400 3.58008e-18 
3536.350 4.28501e-18 
3538.300 -2.10210e-19 
3540.250 5.89440e-18 
3542.200 8.79886e-18 
3544.150 2.20319e-18 
3546.100 -2.79263e-18 
3548.050 -2.28864e-18 
3550.000 1.31522e-18 
3551.950 4.11893e-18 
3553.900 1.05225e-17 
3555.850 -2.17412e-18 
3557.800 -5.47087e-18 
3559.750 5.13222e-18 
3561.700 3.51519e-20 
3563.650 -2.76204e-18 
3565.600 4.94060e-18 
3567.550 8.44309e-18 
3569.500 2.54541e-18 
3571.450 6.54761e-18 
3573.400 1.28496e-17 
3575.350 8.15153e-18 
3577.300 4.45326e-18 
3579.250 4.25485e-18 
3581.200 4.56279e-19 
3583.150 1.05756e-18 
3585.100 5.65871e-18 
3587.050 1.85969e-18 
3589.000 -5.03947e-18 
3590.950 -6.38782e-19 
3592.900 6.36175e-18 
3594.850 3.36214e-18 
3596.800 6.96239e-18 
3598.750 6.76248e-18 
3600.700 1.76241e-18 
3602.650 3.56220e-18 
3604.600 6.06186e-18 
3606.550 -1.53863e-18 
3608.500 -4.03929e-18 
3610.450 9.25992e-18 
3612.400 1.20590e-17 
3614.350 9.35790e-18 
3616.300 6.45665e-18 
3618.250 8.25528e-18 
3620.200 3.85375e-18 
3622.150 -1.84793e-18 
3624.100 -2.94976e-18 
3626.050 -2.35171e-18 
3628.000 3.04616e-18 
3629.950 6.94390e-18 
3631.900 2.44149e-18 
3633.850 2.63895e-18 
3635.800 2.13625e-18 
3637.750 2.33340e-18 
3639.700 9.33041e-18 
3641.650 7.92727e-18 
3643.600 2.72401e-18 
3645.550 -6.17940e-18 
3647.500 -6.38298e-18 
3649.450 2.41330e-18 
3651.400 9.30946e-18 
3653.350 7.80547e-18 
3655.300 -1.09868e-18 
3657.250 1.29704e-18 
3659.200 4.19262e-18 
3661.150 1.88041e-19 
3663.100 -1.01666e-18 
3665.050 -8.21516e-19 
3667.000 -2.02651e-18 
3668.950 5.96834e-18 
3670.900 2.16305e-18 
3672.850 1.57634e-19 
3674.800 -1.34793e-18 
3676.750 -4.25365e-18 
3678.700 -1.05949e-18 
3680.650 3.53451e-18 
3682.600 6.32838e-18 
3684.550 1.07221e-17 
3686.500 -1.84309e-19 
3688.450 -4.19086e-18 
3690.400 4.60244e-18 
3692.350 4.49561e-18 
3694.300 6.78863e-18 
3696.250 5.48151e-18 
3698.200 5.97426e-18 
3700.150 5.06685e-18 
3702.100 7.85933e-18 
3704.050 7.35164e-18 
3706.000 -1.45617e-18 
3707.950 1.73587e-18 
3709.900 6.02778e-18 
3711.850 6.01956e-18 
3713.800 1.02112e-17 
3715.750 9.70268e-18 
3717.700 1.49940e-17 
3719.650 1.47852e-17 
3721.600 7.87633e-18 
3723.550 8.06726e-18 
3725.500 9.05806e-18 
3727.450 4.94872e-18 
3729.400 1.02393e-17 
3731.350 1.13297e-17 
3733.300 5.51990e-18 
3735.250 4.91002e-18 
3737.200 6.69999e-18 
3739.150 8.98983e-18 
3741.100 4.17955e-18 
3743.050 -3.30886e-19 
3745.000 1.04586e-17 
3746.950 1.68479e-17 
3748.900 1.53370e-17 
3750.850 1.39261e-17 
3752.800 1.06149e-17 
3754.750 8.90369e-18 
3756.700 1.09923e-17 
3758.650 1.15808e-17 
3760.600 7.26916e-18 
3762.550 3.85738e-18 
3764.500 4.84545e-18 
3766.450 7.93340e-18 
3768.400 9.12122e-18 
3770.350 1.09089e-17 
3772.300 1.33964e-17 
3774.250 1.16839e-17 
3776.200 9.97115e-18 
3778.150 1.01583e-17 
3780.100 6.94532e-18 
3782.050 4.23220e-18 
3784.000 2.41895e-18 
3785.950 2.05571e-19 
3787.900 -2.60796e-18 
3789.850 -4.21597e-19 
3791.800 4.96463e-18 
3793.750 7.25070e-18 
3795.700 7.73666e-18 
3797.650 2.32249e-18 
3799.600 3.20819e-18 
3801.550 7.39375e-18 
3803.500 5.57917e-18 
3805.450 1.02645e-17 
3807.400 1.48496e-17 
3809.350 1.03347e-17 
3811.300 2.41960e-18 
3813.250 8.04370e-19 
3815.200 8.08902e-18 
3817.150 1.17735e-17 
3819.100 3.75794e-18 
3821.050 -7.57803e-19 
3823.000 3.52632e-18 
3824.950 5.11032e-18 
3826.900 5.89418e-18 
3828.850 1.13779e-17 
3830.800 9.36154e-18 
3832.750 8.34502e-18 
3834.700 4.12838e-18 
3836.650 -4.88391e-19 
3838.600 5.29471e-18 
3840.550 5.67768e-18 
3842.500 5.46052e-18 
3844.450 4.84323e-18 
3846.400 4.32582e-18 
3848.350 3.00828e-18 
3850.300 7.90616e-19 
3852.250 2.97282e-18 
3854.200 3.25489e-18 
3856.150 4.23685e-18 
3858.100 3.71867e-18 
3860.050 5.00038e-18 
3862.000 5.18195e-18 
3863.950 5.76339e-18 
3865.900 8.44470e-18 
3867.850 7.52591e-18 
3869.800 9.80697e-18 
3871.750 9.78792e-18 
3873.700 3.06873e-18 
3875.650 5.04942e-18 
3877.600 3.52999e-18 
3879.550 1.61044e-18 
3881.500 9.90754e-19 
3883.450 -4.29059e-19 
3885.400 -4.89956e-20 
3887.350 -3.36904e-18 
3889.300 1.91077e-18 
3891.250 3.39047e-18 
3893.200 9.70038e-19 
3895.150 2.44948e-18 
3897.100 3.62881e-18 
3899.050 4.70802e-18 
3901.000 4.28709e-18 
3902.950 3.86604e-18 
3904.900 2.64488e-18 
3906.850 3.02359e-18 
3908.800 -2.19782e-18 
3910.750 -4.81936e-18 
3912.700 -6.41019e-19 
3914.650 6.23720e-18 
3916.600 5.61529e-18 
3918.550 -3.10673e-18 
3920.500 2.37113e-18 
3922.450 8.94886e-18 
3924.400 5.02647e-18 
3926.350 2.00396e-18 
3928.300 5.18133e-18 
3930.250 5.15858e-18 
3932.200 3.35703e-19 
3934.150 1.21271e-18 
3936.100 1.78960e-18 
3938.050 -2.93364e-18 
3940.000 5.43008e-19 
3941.950 5.41952e-18 
3943.900 2.59594e-18 
3945.850 1.47223e-18 
3947.800 8.48393e-19 
3949.750 -1.07557e-18 
3951.700 -9.99631e-19 
3953.650 3.37617e-18 
3955.600 5.55187e-18 
3957.550 1.92744e-18 
3959.500 -5.97105e-19 
3961.450 4.78226e-19 
3963.400 2.55343e-18 
3965.350 4.62854e-18 
3967.300 3.50352e-18 
3969.250 1.87838e-18 
3971.200 5.53119e-19 
3973.150 -3.27226e-18 
3975.100 -4.97738e-19 
3977.050 3.07665e-18 
3979.000 1.95092e-18 
3980.950 5.02508e-18 
3982.900 9.39911e-18 
3984.850 5.47305e-18 
3986.800 3.74685e-18 
3988.750 6.52054e-18 
3990.700 9.59412e-18 
3992.650 7.46758e-18 
3994.600 2.14093e-18 
3996.550 1.11415e-18 
3998.500 2.88726e-18 
4000.450 3.56026e-18 
4002.400 3.23314e-18 
4004.350 4.00590e-18 
4006.300 4.97856e-18 
4008.250 3.15109e-18 
4010.200 -1.47649e-18 
4012.150 -6.30419e-18 
4014.100 -3.63198e-18 
4016.050 5.84009e-18 
4018.000 6.41205e-18 
4019.950 1.08390e-18 
4021.900 2.95563e-18 
4023.850 5.62726e-18 
4025.800 5.29877e-18 
4027.750 3.97016e-18 
4029.700 4.04144e-18 
4031.650 4.61262e-18 
4033.600 3.78368e-18 
4035.550 4.05461e-18 
4037.500 4.12545e-18 
4039.450 5.49616e-18 
4041.400 5.56677e-18 
4043.350 9.37272e-19 
4045.300 3.70765e-18 
4047.250 7.17792e-18 
4049.200 3.24807e-18 
4051.150 3.81813e-18 
4053.100 7.98806e-18 
4055.050 4.55788e-18 
4057.000 -3.72410e-19 
4058.950 7.97197e-19 
4060.900 3.86668e-18 
4062.850 7.63607e-18 
4064.800 8.60533e-18 
4066.750 6.27449e-18 
4068.700 1.43539e-19 
4070.650 1.11248e-18 
4072.600 7.98131e-18 
4074.550 3.55003e-18 
4076.500 -1.68136e-18 
4078.450 1.68713e-18 
4080.400 3.65552e-18 
4082.350 -1.07618e-18 
4084.300 -1.20802e-18 
4086.250 4.06004e-18 
4088.200 4.82799e-18 
4090.150 5.09583e-18 
4092.100 2.16358e-18 
4094.050 -8.68791e-19 
4096.000 -4.01279e-19 
4097.950 1.26615e-18 
4099.900 3.73344e-18 
4101.850 5.20064e-18 
4103.800 -1.32279e-19 
4105.750 -7.65291e-19 
4107.700 4.30159e-18 
4109.650 2.26834e-18 
4111.600 3.35008e-19 
4113.550 -4.98449e-19 
4115.500 1.06800e-18 
4117.450 2.03435e-18 
4119.400 4.00571e-19 
4121.350 6.67105e-20 
4123.300 3.93272e-18 
4125.250 6.09863e-18 
4127.200 2.56445e-18 
4129.150 -2.96986e-18 
4131.100 -3.50426e-18 
4133.050 3.61223e-19 
4135.000 1.26615e-19 
4136.950 2.59191e-18 
4138.900 2.65708e-18 
4140.850 1.02214e-18 
4142.800 2.78710e-18 
4144.750 5.55196e-18 
4146.700 3.91673e-18 
4148.650 -2.81863e-18 
4150.600 -1.65407e-18 
4152.550 3.31036e-18 
4154.500 2.47471e-18 
4156.450 -1.06105e-18 
4158.400 2.40307e-18 
4160.350 3.06711e-18 
4162.300 1.33102e-18 
4164.250 2.79485e-18 
4166.200 4.58576e-19 
4168.150 -1.77817e-19 
4170.100 -1.14300e-19 
4172.050 4.49106e-19 
4174.000 8.12417e-19 
4175.950 -4.24373e-19 
4177.900 1.63872e-18 
4179.850 2.10173e-18 
4181.800 1.56461e-18 
4183.750 2.82742e-18 
4185.700 7.90123e-19 
4187.650 -7.47291e-19 
4189.600 -1.48479e-18 
4191.550 6.77590e-19 
4193.500 4.43989e-18 
4195.450 1.10209e-18 
4197.400 -9.35836e-19 
4199.350 4.26154e-19 
4201.300 4.88030e-19 
4203.250 -4.50178e-19 
4205.200 -3.88849e-18 
4207.150 -4.32691e-18 
4209.100 -2.36542e-18 
4211.050 -1.20403e-18 
4213.000 1.85726e-18 
4214.950 -1.08155e-18 
4216.900 -2.62047e-18 
4218.850 2.74052e-18 
4220.800 2.30140e-18 
4222.750 1.76220e-18 
4224.700 2.62289e-18 
4226.650 2.83472e-19 
4228.600 -1.56023e-19 
4230.550 1.70436e-18 
4232.500 -5.35335e-19 
4234.450 -6.07513e-18 
4236.400 -6.71505e-18 
4238.350 -1.95503e-18 
4240.300 -1.19514e-18 
4242.250 -3.73533e-18 
4244.200 -2.75613e-19 
4246.150 -6.16005e-19 
4248.100 -3.25649e-18 
4250.050 3.02920e-19 
4252.000 8.62250e-19 
4253.950 -1.37853e-18 
4255.900 -1.71941e-18 
4257.850 -3.60373e-19 
4259.800 1.19855e-18 
4261.750 1.25740e-18 
4263.700 -8.38596e-20 
4265.650 1.37478e-18 
4267.600 2.33333e-18 
4269.550 -2.10822e-18 
4271.500 -5.04986e-18 
4273.450 -1.89159e-18 
4275.400 6.65649e-20 
4277.350 -1.27536e-18 
4279.300 -1.41738e-18 
4281.250 2.40498e-19 
4283.200 1.79830e-18 
4285.150 7.55980e-19 
4287.100 2.21358e-18 
4289.050 2.47107e-18 
4291.000 -4.71513e-19 
4292.950 -8.14194e-19 
4294.900 -9.56979e-19 
4296.850 -6.99844e-19 
4298.800 -7.42821e-19 
4300.750 -3.18587e-18 
4302.700 -2.62902e-18 
4304.650 2.77205e-20 
4306.600 -5.15612e-19 
4308.550 -7.59057e-19 
4310.500 -4.02579e-19 
4312.450 2.15381e-18 
4314.400 5.61009e-18 
4316.350 1.76629e-18 
4318.300 -2.87762e-18 
4320.250 -3.42160e-18 
4322.200 -2.66568e-18 
4324.150 -6.09857e-19 
4326.100 -2.54120e-19 
4328.050 -1.29849e-18 
4330.000 1.57072e-19 
4331.950 1.25367e-20 
4333.900 1.96790e-18 
4335.850 2.22318e-18 
4337.800 -1.12165e-18 
4339.750 2.33457e-19 
4341.700 4.18846e-18 
4343.650 2.64337e-18 
4345.600 -1.00180e-18 
4347.550 8.52922e-19 
4349.500 3.80757e-18 
4351.450 5.26213e-18 
4353.400 3.41658e-18 
4355.350 3.17096e-18 
4357.300 -1.74763e-19 
4359.250 1.47944e-18 
4361.200 4.63354e-18 
4363.150 3.18754e-18 
4365.100 1.84147e-18 
4367.050 3.39530e-18 
4369.000 2.04906e-18 
4370.950 -1.69729e-18 
4372.900 -1.54372e-18 
4374.850 -8.90232e-19 
4376.800 -1.23685e-18 
4378.750 2.31645e-18 
4380.700 2.46968e-18 
4382.650 -1.27721e-18 
4384.600 -6.24161e-19 
4386.550 -7.12203e-20 
4388.500 2.68165e-18 
4390.450 2.03443e-18 
4392.400 6.87112e-19 
4394.350 2.23972e-18 
4396.300 1.39222e-18 
4398.250 -3.15535e-18 
4400.200 -3.80301e-18 
4402.150 2.44925e-18 
4404.100 -1.19859e-18 
4406.050 -3.74651e-18 
4408.000 4.05491e-19 
4409.950 5.15739e-18 
4411.900 2.50921e-18 
4413.850 -1.23904e-18 
4415.800 2.21259e-18 
4417.750 2.46416e-18 
4419.700 -4.84357e-19 
4421.650 5.67026e-19 
4423.600 4.18338e-19 
4425.550 -9.30442e-19 
4427.500 -9.79306e-19 
4429.450 6.71750e-19 
4431.400 2.02271e-18 
4433.350 5.17360e-18 
4435.300 1.42439e-18 
4437.250 -3.24900e-19 
4439.200 9.25738e-19 
4441.150 -1.12373e-18 
4443.100 -7.32617e-20 
4445.050 -1.22290e-18 
4447.000 4.27401e-19 
4448.950 -1.22383e-19 
4450.900 -1.47227e-18 
4452.850 -2.82222e-18 
4454.800 1.22772e-18 
4456.750 3.07761e-18 
4458.700 3.27405e-19 
4460.650 2.87710e-18 
4462.600 3.02673e-18 
4464.550 -1.42373e-18 
4466.500 -1.27426e-18 
4468.450 -9.24881e-19 
4470.400 -3.17559e-18 
4472.350 -2.63804e-20 
4474.300 1.92275e-18 
4476.250 1.71802e-19 
4478.200 2.20771e-19 
4480.150 3.69654e-19 
4482.100 -6.81541e-19 
4484.050 -9.32828e-19 
4486.000 -1.84177e-19 
4487.950 -1.53561e-18 
4489.900 -1.87148e-19 
4491.850 2.76126e-18 
4493.800 3.70956e-18 
4495.750 1.25781e-18 
4497.700 -3.94032e-19 
4499.650 -3.64597e-18 
4501.600 -4.39797e-18 
4503.550 9.49941e-19 
4505.500 4.89778e-18 
4507.450 3.74554e-18 
4509.400 2.69320e-18 
4511.350 3.40798e-19 
4513.300 -2.81169e-18 
4515.250 -3.86425e-18 
4517.200 -4.11689e-18 
4519.150 -1.86962e-18 
4521.100 -5.22421e-19 
4523.050 -7.53032e-20 
4525.000 4.71731e-19 
4526.950 7.18698e-19 
4528.900 -2.33443e-18 
4530.850 -2.87617e-19 
4532.800 4.25910e-18 
4534.750 1.90575e-18 
4536.700 5.52325e-19 
4538.650 1.59880e-18 
4540.600 2.44523e-18 
4542.550 2.49155e-18 
4544.500 4.93781e-18 
4546.450 5.98400e-18 
4548.400 4.13010e-18 
4550.350 2.27612e-18 
4552.300 -2.27794e-18 
4554.250 -8.32061e-19 
4556.200 3.31373e-18 
4558.150 -1.04056e-18 
4560.100 -3.99491e-18 
4562.050 -1.49359e-19 
4564.000 1.59613e-18 
4565.950 -2.75845e-18 
4567.900 -4.41312e-18 
4569.850 -1.67858e-19 
4571.800 2.37732e-18 
4573.750 7.22423e-19 
4575.700 8.67461e-19 
4577.650 4.91241e-18 
4579.600 2.45729e-18 
4581.550 -7.97912e-19 
4583.500 1.46815e-19 
4585.450 -1.00852e-18 
4587.400 -3.63953e-19 
4589.350 -4.19447e-19 
4591.300 1.42497e-18 
4593.250 1.86933e-18 
4595.200 3.01362e-18 
4597.150 2.85781e-18 
4599.100 4.10195e-18 
4601.050 3.84600e-18 
4603.000 9.89983e-19 
4604.950 -2.76611e-18 
4606.900 -1.52228e-18 
4608.850 1.21490e-19 
4610.800 -1.34830e-19 
4612.750 -4.91216e-19 
4614.700 -3.47671e-19 
4616.650 2.19579e-18 
4618.600 3.63919e-18 
4620.550 2.78250e-18 
4622.500 -1.74251e-19 
4624.450 -3.10689e-20 
4626.400 3.12026e-19 
4628.350 -4.49424e-20 
4630.300 1.29801e-18 
4632.250 1.84090e-18 
4634.200 -1.01629e-18 
4636.150 3.42644e-18 
4638.100 3.16911e-18 
4640.050 2.31171e-18 
4642.000 1.55424e-18 
4643.950 1.59669e-18 
4645.900 8.39066e-19 
4647.850 -8.18624e-19 
4649.800 -1.87639e-18 
4651.750 9.65780e-19 
4653.700 1.80788e-18 
4655.650 -1.50104e-19 
4657.600 -6.08143e-19 
4659.550 -1.66263e-19 
4661.500 -1.12445e-18 
4663.450 1.41730e-18 
4665.400 3.35896e-18 
4667.350 3.40057e-18 
4669.300 4.64209e-18 
4671.250 3.18356e-18 
4673.200 1.22496e-18 
4675.150 -2.83373e-18 
4677.100 -5.79247e-18 
4679.050 -5.45130e-18 
4681.000 5.89813e-19 
4682.950 6.03087e-18 
4684.900 6.77183e-18 
4686.850 1.11274e-18 
4688.800 -1.44643e-18 
4690.750 -2.70566e-18 
4692.700 -2.56496e-18 
4694.650 -9.24328e-19 
4696.600 9.16228e-19 
4698.550 3.75672e-18 
4700.500 4.19715e-18 
4702.450 1.13751e-18 
4704.400 2.47779e-18 
4706.350 4.11801e-18 
4708.300 -4.18454e-20 
4710.250 2.29824e-18 
4712.200 2.03827e-18 
4714.150 1.17821e-18 
4716.100 -6.81908e-19 
4718.050 -3.34210e-18 
4720.000 -3.02348e-19 
4721.950 1.83734e-18 
4723.900 2.07694e-18 
4725.850 9.16490e-19 
4727.800 -9.44035e-19 
4729.750 6.95374e-19 
4731.700 2.03473e-18 
4733.650 -1.02599e-18 
4735.600 3.13220e-19 
4737.550 -2.47641e-19 
4739.500 3.19145e-18 
4741.450 4.03046e-18 
4743.400 9.69406e-19 
4745.350 -1.79171e-18 
4747.300 9.47105e-19 
4749.250 6.85858e-19 
4751.200 -2.67545e-18 
4753.150 -1.13684e-18 
4755.100 -2.98275e-19 
4757.050 -1.05979e-18 
4759.000 -1.52137e-18 
4760.950 -1.88300e-18 
4762.900 -4.47042e-20 
4764.850 1.19353e-18 
4766.800 2.33169e-18 
4768.750 1.96979e-18 
4770.700 2.70783e-18 
4772.650 1.04580e-18 
4774.600 2.83710e-19 
4776.550 2.52155e-18 
4778.500 5.15934e-18 
4780.450 2.89706e-18 
4782.400 1.13471e-18 
4784.350 1.27230e-18 
4786.300 3.09822e-19 
4788.250 -6.52710e-19 
4790.200 -3.15305e-19 
4792.150 -1.37798e-18 
4794.100 -1.14070e-18 
4796.050 1.96512e-19 
4798.000 -7.66338e-19 
4799.950 -1.02925e-18 
4801.900 2.07768e-19 
4803.850 2.14473e-18 
4805.800 5.88162e-18 
4807.750 6.41846e-18 
4809.700 1.45524e-18 
4811.650 1.89194e-18 
4813.600 2.22860e-18 
4815.550 2.86518e-18 
4817.500 4.00171e-18 
4819.450 1.13818e-18 
4821.400 1.27457e-18 
4823.350 2.51091e-18 
4825.300 1.44719e-18 
4827.250 1.68341e-18 
4829.200 3.51957e-18 
4831.150 2.85566e-18 
4833.100 5.91701e-19 
4835.050 -1.72327e-19 
4837.000 1.76359e-18 
4838.950 3.09945e-18 
4840.900 5.35229e-19 
4842.850 -1.22904e-18 
4844.800 2.10663e-18 
4846.750 3.04225e-18 
4848.700 1.17780e-18 
4850.650 4.01329e-18 
4852.600 1.94872e-18 
4854.550 1.38409e-18 
4856.500 3.31940e-18 
4858.450 1.85466e-18 
4860.400 2.28985e-18 
4862.350 3.52499e-18 
4864.300 -3.39946e-19 
4866.250 -2.00493e-18 
4868.200 5.30031e-19 
4870.150 6.64926e-19 
4872.100 1.99977e-18 
4874.050 3.63454e-18 
4876.000 2.06926e-18 
4877.950 3.10393e-18 
4879.900 4.23854e-18 
4881.850 3.67308e-18 
4883.800 8.07563e-19 
4885.750 -5.58003e-19 
4887.700 8.76371e-19 
4889.650 -3.89321e-19 
4891.600 -5.55060e-19 
4893.550 1.47913e-18 
4895.500 -1.88672e-18 
4897.450 -1.52638e-19 
4899.400 1.48138e-18 
4901.350 2.31536e-18 
4903.300 -1.75074e-18 
4905.250 -9.16882e-19 
4907.200 -5.83080e-19 
4909.150 6.50655e-19 
4911.100 3.08434e-18 
4913.050 3.11797e-18 
4915.000 -1.14846e-18 
4916.950 -4.51495e-18 
4918.900 -2.08150e-18 
4920.850 1.45191e-18 
4922.800 5.18525e-18 
4924.750 3.18541e-19 
4926.700 -3.84823e-18 
4928.650 3.84950e-19 
4930.600 6.18074e-19 
4932.550 1.15114e-18 
4934.500 -1.91585e-18 
4936.450 -2.58290e-18 
4938.400 -1.05000e-18 
4940.350 8.28471e-20 
4942.300 5.15631e-19 
4944.250 3.64837e-18 
4946.200 1.08105e-18 
4948.150 -3.78634e-18 
4950.100 -2.65376e-18 
4952.050 -1.72125e-18 
4954.000 5.01121e-18 
4955.950 2.64362e-18 
4957.900 1.17597e-18 
4959.850 7.08270e-19 
4961.800 -9.59493e-19 
4963.750 -1.92730e-18 
4965.700 7.04834e-19 
4967.650 3.03691e-18 
4969.600 4.26894e-18 
4971.550 1.90091e-18 
4973.500 -1.67168e-19 
4975.450 3.06470e-18 
4977.400 1.19651e-18 
4979.350 -6.71730e-19 
4981.300 4.75997e-18 
4983.250 8.91626e-19 
4985.200 -4.76769e-19 
4987.150 -1.34523e-18 
4989.100 -1.11373e-18 
4991.050 -2.18229e-18 
4993.000 2.74910e-18 
4994.950 3.68044e-18 
4996.900 6.61172e-18 
4998.850 1.14295e-18 
5000.800 -2.72587e-18 
5002.750 -3.79474e-18 
5004.700 1.23633e-18 
5006.650 3.67354e-19 
5008.600 -6.01668e-19 
5010.550 1.29245e-19 
5012.500 1.76011e-18 
5014.450 3.29094e-18 
5016.400 3.72170e-18 
5018.350 2.75242e-18 
5020.300 1.08307e-18 
5022.250 1.71368e-18 
5024.200 2.94425e-18 
5026.150 3.37475e-18 
5028.100 3.60521e-18 
5030.050 1.83562e-18 
5032.000 1.76598e-18 
5033.950 1.19629e-18 
5035.900 1.32654e-18 
5037.850 2.45675e-18 
5039.800 3.38690e-18 
5041.750 2.41701e-18 
5043.700 2.34707e-18 
5045.650 9.77064e-19 
5047.600 9.07022e-19 
5049.550 -1.26308e-18 
5051.500 -2.23322e-18 
5053.450 -5.03409e-19 
5055.400 3.26343e-19 
5057.350 1.55605e-18 
5059.300 6.85706e-19 
5061.250 -5.84681e-19 
5063.200 4.48779e-20 
5065.150 -2.56178e-20 
5067.100 -6.96153e-19 
5069.050 -1.96674e-18 
5071.000 -1.83738e-18 
5072.950 2.91937e-19 
5074.900 4.12120e-18 
5076.850 3.25042e-18 
5078.800 -1.52042e-18 
5080.750 -3.69129e-18 
5082.700 4.37784e-19 
5084.650 6.66800e-19 
5086.600 -1.04215e-19 
5088.550 4.12470e-18 
5090.500 5.75359e-18 
5092.450 -1.01758e-18 
5094.400 -1.58880e-18 
5096.350 5.63994e-18 
5098.300 2.16863e-18 
5100.250 -2.30273e-18 
5102.200 8.25872e-19 
5104.150 2.35442e-18 
5106.100 4.18292e-18 
5108.050 4.51137e-18 
5110.000 5.39777e-19 
5111.950 -2.93186e-18 
5113.900 -7.03550e-19 
5115.850 2.72471e-18 
5117.800 1.95293e-18 
5119.750 2.78111e-18 
5121.700 7.09240e-19 
5123.650 3.73731e-18 
5125.600 8.36535e-18 
5127.550 4.39333e-18 
5129.500 2.42128e-18 
5131.450 -1.65082e-18 
5133.400 -3.12298e-18 
5135.350 -8.95172e-19 
5137.300 -2.67416e-19 
5139.250 1.16030e-18 
5141.200 4.58797e-18 
5143.150 2.31559e-18 
5145.100 1.14316e-18 
5147.050 3.37069e-18 
5149.000 2.49818e-18 
5150.950 3.02563e-18 
5152.900 2.75302e-18 
5154.850 4.88037e-18 
5156.800 3.00768e-18 
5158.750 -6.65060e-19 
5160.700 -9.37842e-19 
5162.650 -5.10675e-19 
5164.600 3.21646e-18 
5166.550 2.94354e-18 
5168.500 3.97058e-18 
5170.450 2.89758e-18 
5172.400 2.62453e-18 
5174.350 1.55143e-18 
5176.300 1.57830e-18 
5178.250 6.05117e-19 
5180.200 1.43189e-18 
5182.150 1.05862e-18 
5184.100 4.58532e-18 
5186.050 2.91195e-18 
5188.000 7.83856e-18 
5189.950 6.46512e-18 
5191.900 1.89163e-18 
5193.850 3.91810e-18 
5195.800 6.24453e-18 
5197.750 5.17092e-18 
5199.700 5.79726e-18 
5201.650 2.42355e-18 
5203.600 -1.05018e-18 
5205.550 3.67603e-18 
5207.500 4.10220e-18 
5209.450 3.62834e-18 
5211.400 1.35442e-18 
5213.350 1.38047e-18 
5215.300 1.00647e-18 
5217.250 2.93243e-18 
5219.200 3.25835e-18 
5221.150 3.98423e-18 
5223.100 2.31006e-18 
5225.050 4.35850e-19 
5227.000 3.66161e-18 
5228.950 5.78731e-18 
5230.900 3.71298e-18 
5232.850 2.53861e-18 
5234.800 6.26419e-18 
5236.750 4.98974e-18 
5238.700 1.41524e-18 
5240.650 3.44070e-18 
5242.600 5.26613e-18 
5244.550 3.09150e-18 
5246.500 1.31684e-18 
5248.450 2.64215e-18 
5250.400 5.66740e-18 
5252.350 4.99262e-18 
5254.300 3.11779e-18 
5256.250 1.74293e-18 
5258.200 5.06803e-18 
5260.150 4.89308e-18 
5262.100 4.11810e-18 
5264.050 5.04307e-18 
5266.000 2.26801e-18 
5267.950 -5.07093e-19 
5269.900 -2.82242e-19 
5271.850 2.54257e-18 
5273.800 4.56735e-18 
5275.750 4.29209e-18 
5277.700 7.51678e-18 
5279.650 4.54144e-18 
5281.600 2.96606e-18 
5283.550 1.39064e-18 
5285.500 3.11518e-18 
5287.450 1.23968e-18 
5289.400 1.36414e-18 
5291.350 2.58856e-18 
5293.300 4.01294e-18 
5295.250 5.43729e-18 
5297.200 2.96160e-18 
5299.150 4.78587e-18 
5301.100 3.01010e-18 
5303.050 3.03428e-18 
5305.000 1.65844e-18 
5306.950 2.88255e-18 
5308.900 4.30662e-18 
5310.850 7.03067e-18 
5312.800 2.75466e-18 
5314.750 1.47862e-18 
5316.700 4.00256e-18 
5318.650 3.62643e-18 
5320.600 5.55028e-18 
5322.550 2.97409e-18 
5324.500 -1.02134e-19 
5326.450 2.12161e-18 
5328.400 6.24530e-18 
5330.350 4.56896e-18 
5332.300 3.69258e-18 
5334.250 4.61617e-18 
5336.200 5.39719e-19 
5338.150 1.46323e-18 
5340.100 3.38671e-18 
5342.050 3.31014e-18 
5344.000 3.83355e-18 
5345.950 6.55691e-18 
5347.900 5.38024e-18 
5349.850 3.70353e-18 
5351.800 5.52678e-18 
5353.750 1.85000e-18 
5355.700 3.77319e-18 
5357.650 5.29633e-18 
5359.600 4.61944e-18 
5361.550 5.84251e-18 
5363.500 5.36555e-18 
5365.450 6.78856e-18 
5367.400 5.61152e-18 
5369.350 4.83445e-18 
5371.300 2.15734e-18 
5373.250 6.08021e-18 
5375.200 6.30303e-18 
5377.150 6.12582e-18 
5379.100 3.84857e-18 
5381.050 1.47129e-18 
5383.000 1.69397e-18 
5384.950 9.01662e-18 
5386.900 7.63923e-18 
5388.850 3.16181e-18 
5390.800 5.18434e-18 
5392.750 3.10685e-18 
5394.700 3.12933e-18 
5396.650 4.45176e-18 
5398.600 -3.25831e-19 
5400.550 4.29654e-18 
5402.500 8.21887e-18 
5404.450 5.44117e-18 
5406.400 7.16343e-18 
5408.350 1.48567e-18 
5410.300 3.90786e-18 
5412.250 6.73002e-18 
5414.200 8.85216e-18 
5416.150 6.67425e-18 
5418.100 6.29631e-18 
5420.050 5.61834e-18 
5422.000 9.34033e-18 
5423.950 4.06229e-18 
5425.900 2.88422e-18 
5427.850 3.80611e-18 
5429.800 4.62797e-18 
5431.750 8.34979e-18 
5433.700 8.27159e-18 
5435.650 6.39334e-18 
5437.600 8.71507e-18 
5439.550 7.13677e-18 
5441.500 6.55842e-18 
5443.450 8.28005e-18 
5445.400 8.30165e-18 
5447.350 7.32321e-18 
5449.300 8.04473e-18 
5451.250 7.46623e-18 
5453.200 8.38770e-18 
5455.150 7.50913e-18 
5457.100 8.73053e-18 
5459.050 1.44519e-17 
5461.000 1.14732e-17 
5462.950 6.89453e-18 
5464.900 7.11580e-18 
5466.850 6.93704e-18 
5468.800 1.06582e-17 
5470.750 9.07942e-18 
5472.700 8.20056e-18 
5474.650 6.32167e-18 
5476.600 1.14428e-17 
5478.550 1.12638e-17 
5480.500 4.18481e-18 
5482.450 5.10580e-18 
5484.400 8.02675e-18 
5486.350 8.84767e-18 
5488.300 6.86856e-18 
5490.250 1.02894e-17 
5492.200 1.02103e-17 
5494.150 7.33105e-18 
5496.100 8.95181e-18 
5498.050 1.17725e-17 
5500.000 1.42933e-17 
5501.950 7.71393e-18 
5503.900 7.73457e-18 
5505.850 1.11552e-17 
5507.800 9.37576e-18 
5509.750 1.06963e-17 
5511.700 1.40168e-17 
5513.650 1.19373e-17 
5515.600 9.65779e-18 
5517.550 8.57821e-18 
5519.500 7.79861e-18 
5521.450 1.03190e-17 
5523.400 9.13932e-18 
5525.350 4.95964e-18 
5527.300 8.77991e-18 
5529.250 7.30016e-18 
5531.200 8.32039e-18 
5533.150 9.94058e-18 
5535.100 9.56074e-18 
5537.050 7.08087e-18 
5539.000 5.80097e-18 
5540.950 1.18211e-17 
5542.900 1.24411e-17 
5544.850 5.16110e-18 
5546.800 3.48109e-18 
5548.750 5.50104e-18 
5550.700 4.02097e-18 
5552.650 6.64087e-18 
5554.600 6.56074e-18 
5556.550 2.68058e-18 
5558.500 5.10039e-18 
5560.450 9.72017e-18 
5562.400 6.13993e-18 
5564.350 5.95966e-18 
5566.300 9.27935e-18 
5568.250 4.49902e-18 
5570.200 9.21866e-18 
5572.150 8.83827e-18 
5574.100 8.05786e-18 
5576.050 6.77741e-18 
5578.000 4.99694e-18 
5579.950 3.91644e-18 
5581.900 3.33591e-18 
5583.850 1.95536e-18 
5585.800 1.57477e-18 
5587.750 3.59416e-18 
5589.700 4.91352e-18 
5591.650 5.23285e-18 
5593.600 6.85216e-18 
5595.550 5.87143e-18 
5597.500 1.90690e-19 
5599.450 1.10991e-18 
5601.400 2.92910e-18 
5603.350 1.94828e-18 
5605.300 1.06741e-18 
5607.250 2.28653e-18 
5609.200 1.30562e-18 
5611.150 2.46781e-20 
5613.100 1.64371e-18 
5615.050 2.36272e-18 
5617.000 3.68170e-18 
5618.950 3.10065e-18 
5620.900 1.31957e-18 
5622.850 2.93848e-18 
5624.800 3.65735e-18 
5626.750 6.76195e-19 
5628.700 2.95017e-19 
5630.650 6.13808e-19 
5632.600 8.32577e-19 
5634.550 1.35132e-18 
5636.500 9.70033e-19 
5638.450 1.28873e-18 
5640.400 4.00738e-18 
5642.350 3.42602e-18 
5644.300 1.54463e-18 
5646.250 2.16322e-18 
5648.200 3.58178e-18 
5650.150 6.20031e-18 
5652.100 5.11882e-18 
5654.050 6.37300e-19 
5656.000 2.15576e-18 
5657.950 1.27419e-18 
5659.900 3.09260e-18 
5661.850 1.41098e-18 
5663.800 2.92933e-18 
5665.750 4.34766e-18 
5667.700 5.56597e-18 
5669.650 1.84248e-19 
5671.600 -1.09750e-18 
5673.550 2.52073e-18 
5675.500 3.33894e-18 
5677.450 1.57121e-19 
5679.400 1.57527e-18 
5681.350 4.19341e-18 
5683.300 4.21151e-18 
5685.250 6.02959e-18 
5687.200 -3.52348e-19 
5689.150 -3.93432e-18 
5691.100 -1.61631e-18 
5693.050 3.70167e-18 
5695.000 4.71963e-18 
5696.950 3.83757e-18 
5698.900 6.55548e-18 
5700.850 7.33660e-20 
5702.800 4.91228e-19 
5704.750 1.90907e-18 
5706.700 1.02688e-18 
5708.650 -3.55327e-19 
5710.600 -2.73756e-18 
5712.550 -2.41982e-18 
5714.500 4.79790e-18 
5716.450 -1.84398e-19 
5718.400 -6.66731e-19 
5720.350 7.50921e-19 
5722.300 2.56854e-18 
5724.250 1.98615e-18 
5726.200 -6.96271e-19 
5728.150 1.21278e-19 
5730.100 -1.61188e-19 
5732.050 2.25632e-18 
5734.000 3.27381e-18 
5735.950 2.39127e-18 
5737.900 -1.69129e-18 
5739.850 -9.73875e-19 
5741.800 2.14351e-18 
5743.750 2.66089e-18 
5745.700 3.07824e-18 
5747.650 2.89556e-18 
5749.600 5.12865e-19 
5751.550 1.03014e-18 
5753.500 6.47405e-19 
5755.450 1.16464e-18 
5757.400 7.81851e-19 
5759.350 4.49904e-18 
5761.300 4.51621e-18 
5763.250 2.83335e-18 
5765.200 -1.04952e-18 
5767.150 -3.32422e-19 
5769.100 2.48466e-18 
5771.050 -1.98285e-19 
5773.000 2.21875e-18 
5774.950 5.13576e-18 
5776.900 4.25275e-18 
5778.850 3.46972e-18 
5780.800 -1.31333e-18 
5782.750 1.50360e-18 
5784.700 2.52050e-18 
5786.650 3.73836e-20 
5788.600 5.54249e-19 
5790.550 -9.28916e-19 
5792.500 -2.21210e-18 
5794.450 1.04701e-19 
5796.400 2.14753e-20 
5798.350 4.83823e-18 
5800.300 5.54962e-19 
5802.250 -1.82833e-18 
5804.200 -4.99163e-18 
5806.150 3.05033e-19 
5808.100 -2.27832e-18 
5810.050 -1.36169e-18 
5812.000 4.35492e-18 
5813.950 3.71505e-19 
5815.900 -4.31193e-18 
5817.850 5.04615e-19 
5819.800 3.02114e-18 
5821.750 5.23764e-18 
5823.700 -8.45874e-19 
5825.650 -1.29414e-19 
5827.600 6.58703e-18 
5829.550 5.03447e-19 
5831.500 -2.38015e-18 
5833.450 4.36230e-19 
5835.400 2.85259e-18 
5837.350 9.68933e-19 
5839.300 -1.11475e-18 
5841.250 -3.29845e-18 
5843.200 1.17832e-19 
5845.150 2.53409e-18 
5847.100 4.50330e-19 
5849.050 -2.33345e-18 
5851.000 3.82748e-19 
5852.950 -3.01071e-19 
5854.900 -2.84911e-19 
5856.850 -2.68769e-19 
5858.800 2.44735e-18 
5860.750 7.26345e-18 
5862.700 1.03795e-17 
5864.650 -4.40226e-21 
5866.600 -5.06836e-18 
5868.550 5.27663e-19 
5870.500 1.43670e-19 
5872.450 6.45966e-18 
5874.400 -2.62438e-18 
5876.350 3.09157e-18 
5878.300 8.07495e-19 
5880.250 2.34059e-20 
5882.200 1.63930e-18 
5884.150 2.45517e-18 
5886.100 1.17102e-18 
5888.050 -3.01315e-18 
5890.000 -2.39734e-18 
5891.950 -2.78154e-18 
5893.900 2.93424e-18 
5895.850 1.11500e-17 
5897.800 -4.34268e-19 
5899.750 -3.81855e-18 
5901.700 -2.50284e-18 
5903.650 9.12841e-19 
5905.600 1.82850e-18 
5907.550 -2.35585e-18 
5909.500 -6.23022e-18 
5911.450 -1.42461e-18 
5913.400 -6.30902e-18 
5915.350 1.06557e-19 
5917.300 4.62211e-18 
5919.250 -9.62348e-19 
5921.200 -4.81683e-18 
5923.150 -5.72133e-18 
5925.100 -1.11584e-18 
5927.050 -5.00381e-19 
5929.000 3.71507e-18 
5930.950 -3.46950e-18 
5932.900 -5.38409e-18 
5934.850 -2.83869e-18 
5936.800 -1.12332e-18 
5938.750 -6.07956e-19 
5940.700 2.20739e-18 
5942.650 2.02271e-18 
5944.600 4.93802e-18 
5946.550 5.05330e-18 
5948.500 -8.06142e-18 
5950.450 1.38383e-18 
5952.400 5.49907e-18 
5954.350 2.71429e-18 
5956.300 -3.92051e-18 
5958.250 3.44679e-19 
5960.200 -4.01522e-20 
5962.150 5.37500e-18 
5964.100 1.09013e-18 
5966.050 5.40525e-18 
5968.000 -7.79647e-19 
5969.950 4.35438e-19 
5971.900 -5.75950e-18 
5973.850 -8.75445e-18 
5975.800 1.18058e-18 
5977.750 3.79560e-18 
5979.700 -5.60939e-18 
5981.650 -4.34442e-18 
5983.600 1.74055e-18 
5985.550 3.15550e-18 
5987.500 -3.29561e-19 
5989.450 -3.19464e-18 
5991.400 -1.29974e-18 
5993.350 -8.84855e-19 
5995.300 3.00109e-20 
5997.250 -2.75514e-18 
5999.200 5.59701e-19 
6001.150 -2.52548e-18 
6003.100 -2.10676e-19 
6005.050 -8.95889e-19 
6007.000 2.01889e-18 
6008.950 4.43364e-18 
6010.900 4.48378e-19 
6012.850 -3.68956e-20 
6014.800 -2.21891e-20 
6016.750 9.25044e-20 
6018.700 -2.09282e-18 
6020.650 -8.78160e-19 
6022.600 -4.06351e-18 
6024.550 1.51116e-19 
6026.500 -3.27427e-18 
6028.450 -6.19670e-19 
6030.400 3.09491e-18 
6032.350 4.30948e-18 
6034.300 3.82403e-18 
6036.250 4.33857e-18 
6038.200 1.15309e-18 
6040.150 -3.24048e-20 
6042.100 -1.51791e-18 
6044.050 3.96560e-19 
6046.000 -2.18898e-18 
6047.950 -1.47453e-18 
6049.900 2.43990e-18 
6051.850 -5.45688e-19 
6053.800 -5.39129e-18 
6055.750 -4.62690e-18 
6057.700 -4.08253e-18 
6059.650 2.11821e-19 
6061.600 2.82616e-18 
6063.550 1.40487e-19 
6065.500 -4.90520e-18 
6067.450 -2.43090e-18 
6069.400 2.83375e-19 
6071.350 -8.02357e-19 
6073.300 5.11893e-19 
6075.250 1.02613e-18 
6077.200 -1.05964e-18 
6079.150 -5.34544e-18 
6081.100 -5.42124e-18 
6083.050 -5.67706e-18 
6085.000 -5.08290e-18 
6086.950 -5.12874e-18 
6088.900 -3.56461e-18 
6090.850 -1.86049e-18 
6092.800 -1.64638e-18 
6094.750 2.16771e-18 
6096.700 1.48180e-18 
6098.650 -1.60414e-18 
6100.600 1.50991e-18 
6102.550 3.62395e-18 
6104.500 1.43798e-18 
6106.450 -4.42801e-18 
6108.400 -7.05402e-18 
6110.350 -4.58004e-18 
6112.300 5.59393e-18 
6114.250 -1.49212e-18 
6116.200 -3.38817e-18 
6118.150 4.03575e-18 
6120.100 3.14967e-18 
6122.050 -1.03644e-18 
6124.000 7.77451e-19 
6125.950 2.89133e-18 
6127.900 8.05182e-19 
6129.850 1.31903e-18 
6131.800 1.23286e-18 
6133.750 6.46679e-19 
6135.700 3.46048e-18 
6137.650 1.77428e-18 
6139.600 1.58806e-18 
6141.550 8.01818e-19 
6143.500 -3.84427e-19 
6145.450 -5.45069e-18 
6147.400 -9.56964e-19 
6149.350 1.15675e-18 
6151.300 -2.97955e-18 
6153.250 1.88414e-18 
6155.200 3.69781e-18 
6157.150 -8.85323e-20 
6159.100 4.25116e-19 
6161.050 1.33875e-18 
6163.000 2.52372e-19 
6164.950 5.06598e-18 
6166.900 -2.20423e-19 
6168.850 3.93161e-19 
6170.800 6.50673e-18 
6172.750 -2.50971e-18 
6174.700 -5.93616e-18 
6176.650 -1.65263e-18 
6178.600 3.56089e-18 
6180.550 4.77439e-18 
6182.500 -9.12111e-19 
6184.450 -4.45863e-18 
6186.400 1.11484e-18 
6188.350 7.28299e-19 
6190.300 -2.34826e-18 
6192.250 -6.54482e-18 
6194.200 -3.18140e-18 
6196.150 1.58200e-18 
6198.100 -5.13460e-18 
6200.050 -2.04122e-18 
6202.000 2.32215e-18 
6203.950 -7.36449e-18 
6205.900 -3.93114e-18 
6207.850 1.26220e-18 
6209.800 -2.44821e-20 
6211.750 -7.11169e-19 
6213.700 -6.97870e-19 
6215.650 1.71541e-18 
6217.600 -4.71308e-19 
6219.550 5.41954e-19 
6221.500 2.15521e-18 
6223.450 -3.84156e-18 
6225.400 -4.44833e-18 
6227.350 -1.10511e-18 
6229.300 1.50809e-18 
6231.250 -7.78715e-19 
6233.200 -7.65532e-19 
6235.150 2.84763e-18 
6237.100 -8.39207e-19 
6239.050 -4.26063e-19 
6241.000 8.78707e-18 
6242.950 1.50020e-18 
6244.900 -3.87669e-18 
6246.850 -3.09359e-18 
6248.800 -6.05066e-20 
6250.750 2.65257e-18 
6252.700 7.56564e-18 
6254.650 1.17869e-18 
6256.600 2.29174e-18 
6258.550 2.30477e-18 
6260.500 1.31779e-18 
6262.450 -7.69201e-19 
6264.400 3.64379e-18 
6266.350 -1.21322e-18 
6268.300 -2.50024e-18 
6270.250 -1.49728e-18 
6272.200 2.89568e-18 
6274.150 -2.32138e-18 
6276.100 2.21552e-19 
6278.050 -8.65531e-19 
6280.000 5.47380e-19 
6281.950 3.46028e-18 
6283.900 2.67317e-18 
6285.850 2.58604e-18 
6287.800 1.49891e-18 
6289.750 1.11768e-19 
6291.700 -2.74539e-18 
6293.650 2.43744e-18 
6295.600 1.15027e-18 
6297.550 -7.36921e-19 
6299.500 -2.63412e-18 
6301.450 -4.05133e-18 
6303.400 -5.11855e-18 
6305.350 -4.74578e-18 
6307.300 -7.30177e-20 
6309.250 -4.28027e-18 
6311.200 -2.12753e-18 
6313.150 2.46520e-18 
6315.100 -1.25208e-18 
6317.050 -3.02938e-18 
6319.000 -2.41668e-18 
6320.950 -3.05399e-18 
6322.900 -2.14132e-18 
6324.850 1.84135e-18 
6326.800 2.54002e-19 
6328.750 1.66648e-19 
6330.700 1.77928e-18 
6332.650 -2.93809e-18 
6334.600 -1.31548e-18 
6336.550 1.17126e-19 
6338.500 -2.21028e-18 
6340.450 9.42308e-19 
6342.400 8.54880e-19 
6344.350 4.36744e-18 
6346.300 5.58000e-18 
6348.250 -3.37746e-18 
6350.200 -1.63492e-18 
6352.150 4.31760e-18 
6354.100 6.30116e-19 
6356.050 -2.92738e-18 
6358.000 2.15511e-18 
6359.950 8.67599e-19 
6361.900 -1.99276e-20 
6363.850 -3.07462e-19 
6365.800 -3.95007e-19 
6367.750 3.17440e-19 
6369.700 4.92988e-18 
6371.650 3.54230e-18 
6373.600 -3.32528e-18 
6375.550 -1.98288e-18 
6377.500 -2.40048e-18 
6379.450 -4.48091e-19 
6381.400 -4.05715e-19 
6383.350 4.16654e-19 
6385.300 -2.49099e-18 
6387.250 -2.27864e-18 
6389.200 3.53703e-19 
6391.150 -3.00397e-18 
6393.100 1.67836e-18 
6395.050 2.19066e-18 
6397.000 -8.77033e-19 
6398.950 -1.81474e-18 
6400.900 1.62754e-18 
6402.850 2.33982e-18 
6404.800 -8.27918e-19 
6406.750 1.36434e-18 
6408.700 3.76585e-19 
6410.650 -3.05118e-18 
6412.600 4.01050e-19 
6414.550 -3.39673e-18 
6416.500 -1.28452e-18 
6418.450 3.23768e-18 
6420.400 9.49868e-19 
6422.350 2.56205e-18 
6424.300 1.07422e-18 
6426.250 2.38639e-18 
6428.200 -8.91456e-19 
6430.150 -3.19311e-19 
6432.100 2.22828e-19 
6434.050 1.03495e-18 
6436.000 4.14707e-18 
6437.950 -2.16082e-18 
6439.900 1.07129e-18 
6441.850 1.38338e-18 
6443.800 -1.43454e-18 
6445.750 1.07534e-19 
6447.700 7.19601e-19 
6449.650 1.23166e-18 
6451.600 -1.29629e-18 
6453.550 -1.62426e-18 
6455.500 -2.55222e-18 
6457.450 -4.70202e-19 
6459.400 7.91808e-19 
6461.350 -1.56186e-19 
6463.300 3.01581e-18 
6465.250 4.22780e-18 
6467.200 2.63978e-18 
6469.150 3.05175e-18 
6471.100 4.26371e-18 
6473.050 4.67566e-18 
6475.000 4.18760e-18 
6476.950 -4.80459e-19 
6478.900 2.71147e-18 
6480.850 -6.46615e-19 
6482.800 -4.00471e-18 
6484.750 -7.02804e-19 
6486.700 -2.09103e-20 
6488.650 -2.06903e-18 
6490.600 -9.47151e-19 
6492.550 1.74717e-19 
6494.500 -7.43422e-19 
6496.450 4.51843e-18 
6498.400 -2.81973e-18 
6500.350 -9.36889e-18 
6502.300 -7.76070e-19 
6504.250 -2.03425e-18 
6506.200 -5.92439e-19 
6508.150 -2.92064e-18 
6510.100 -2.00885e-18 
6512.050 3.31294e-18 
6514.000 -1.98528e-18 
6515.950 5.64849e-20 
6517.900 -2.67176e-18 
6519.850 3.26000e-18 
6521.800 1.17174e-18 
6523.750 2.73476e-19 
6525.700 -3.74794e-19 
6527.650 -1.83077e-19 
6529.600 1.58636e-19 
6531.550 -3.45966e-18 
6533.500 -2.17965e-19 
6535.450 1.65372e-18 
6537.400 1.56540e-18 
6539.350 -3.98293e-18 
6541.300 2.08873e-18 
6543.250 -1.24961e-18 
6545.200 -2.56796e-18 
6547.150 1.12368e-18 
6549.100 -8.64690e-19 
6551.050 -2.26307e-18 
6553.000 -3.71145e-18 
6554.950 -1.30984e-18 
6556.900 -1.78242e-19 
6558.850 -3.71665e-18 
6560.800 -1.29507e-18 
6562.750 -4.37349e-18 
6564.700 4.32808e-18 
6566.650 5.59641e-19 
6568.600 -9.88051e-20 
6570.550 1.56274e-18 
6572.500 -1.41572e-18 
6574.450 -3.17419e-18 
6576.400 -3.80267e-18 
6578.350 2.10885e-18 
6580.300 3.70350e-19 
6582.250 -2.25815e-18 
6584.200 1.64334e-18 
6586.150 2.15483e-18 
6588.100 -1.64370e-18 
6590.050 -1.28223e-18 
6592.000 -3.92077e-18 
6593.950 -1.06931e-18 
6595.900 -2.45787e-18 
6597.850 -5.40643e-18 
6599.800 -1.43500e-18 
6601.750 3.04642e-18 
6603.700 2.95784e-18 
6605.650 1.16925e-18 
6607.600 1.68065e-18 
6609.550 -3.30796e-18 
6611.500 -2.84658e-18 
6613.450 2.94803e-19 
6615.400 -1.81383e-18 
6617.350 1.63754e-18 
6619.300 6.98890e-19 
6621.250 -1.04976e-18 
6623.200 -4.73842e-18 
6625.150 -1.14709e-18 
6627.100 -1.68576e-18 
6629.050 -6.06444e-18 
6631.000 6.56867e-19 
6632.950 2.72817e-18 
6634.900 -4.30532e-19 
6636.850 -4.43924e-18 
6638.800 -4.43796e-18 
6640.750 1.47331e-18 
6642.700 -6.54201e-20 
6644.650 -1.61416e-18 
6646.600 1.90709e-18 
6648.550 1.15833e-18 
6650.500 -4.10427e-19 
6652.450 2.24080e-18 
6654.400 1.04203e-18 
6656.350 -1.26676e-18 
6658.300 -2.01555e-18 
6660.250 1.58565e-18 
6662.200 6.16848e-19 
6664.150 -2.84197e-18 
6666.100 -3.99079e-18 
6668.050 -3.39962e-18 
6670.000 -2.95845e-18 
6671.950 7.22709e-19 
6673.900 2.56386e-18 
6675.850 -1.65500e-18 
6677.800 1.58614e-18 
6679.750 3.19727e-18 
6681.700 1.06839e-18 
6683.650 4.29504e-19 
6685.600 1.83061e-18 
6687.550 -3.71829e-18 
6689.500 -7.66619e-18 
6691.450 -3.14611e-18 
6693.400 1.12497e-18 
6695.350 1.08605e-18 
6697.300 -8.82891e-19 
6699.250 -3.36183e-18 
6701.200 -2.04078e-18 
6703.150 -2.14974e-18 
6705.100 -1.90870e-18 
6707.050 7.22328e-19 
6709.000 -8.76649e-19 
6710.950 -1.97563e-18 
6712.900 -1.07462e-18 
6714.850 4.46378e-19 
6716.800 2.20737e-18 
6718.750 4.51836e-18 
6720.700 2.62934e-18 
6722.650 -1.62969e-18 
6724.600 -1.16872e-18 
6726.550 2.36224e-18 
6728.500 5.87319e-18 
6730.450 1.84137e-19 
6732.400 -3.69493e-18 
6734.350 -1.99399e-18 
6736.300 9.56930e-19 
6738.250 2.52785e-18 
6740.200 1.73876e-18 
6742.150 -1.78034e-18 
6744.100 1.18056e-18 
6746.050 -1.53855e-18 
6748.000 -3.20767e-18 
6749.950 -4.81679e-18 
6751.900 -3.69592e-18 
6753.850 3.51494e-18 
6755.800 2.32579e-18 
6757.750 7.76641e-19 
6759.700 2.94748e-18 
6761.650 3.65831e-18 
6763.600 3.66914e-18 
6765.550 1.97996e-18 
6767.500 2.99078e-18 
6769.450 -2.84161e-20 
6771.400 5.92383e-19 
6773.350 5.13176e-19 
6775.300 9.63960e-19 
6777.250 -4.52600e-20 
6779.200 9.05513e-19 
6781.150 5.46277e-19 
6783.100 1.59703e-18 
6785.050 1.77779e-18 
6787.000 -1.86147e-18 
6788.950 -3.60731e-19 
6790.900 -1.94000e-18 
6792.850 -1.23928e-18 
6794.800 2.34144e-18 
6796.750 -1.93785e-18 
6798.700 -3.78715e-18 
6800.650 1.42355e-18 
6802.600 2.08424e-18 
6804.550 -7.25080e-19 
6806.500 2.20560e-18 
6808.450 1.76627e-18 
6810.400 -2.73307e-18 
6812.350 -1.93242e-18 
6814.300 -1.65177e-18 
6816.250 -1.01113e-18 
6818.200 1.23951e-18 
6820.150 1.66013e-18 
6822.100 3.59075e-18 
6824.050 4.61367e-19 
6826.000 -3.87802e-18 
6827.950 4.92578e-19 
6829.900 3.13317e-18 
6831.850 -2.11624e-18 
6833.800 -3.01567e-18 
6835.750 4.16491e-18 
6837.700 5.17547e-18 
6839.650 6.98603e-18 
6841.600 6.09658e-18 
6843.550 -4.52872e-19 
6845.500 -3.08233e-18 
6847.450 -9.61800e-19 
6849.400 2.63872e-18 
6851.350 2.84924e-18 
6853.300 1.31975e-18 
6855.250 -1.69974e-18 
6857.200 -1.79246e-19 
6859.150 1.49124e-18 
6861.100 -1.38827e-18 
6863.050 2.72202e-19 
6865.000 5.42267e-18 
6866.950 3.73314e-18 
6868.900 -2.13641e-18 
6870.850 -7.05959e-19 
6872.800 -1.14552e-18 
6874.750 -1.42508e-18 
6876.700 -1.60465e-18 
6878.650 -1.48423e-18 
6880.600 1.66618e-18 
6882.550 4.61659e-18 
6884.500 -5.03010e-19 
6886.450 -3.75261e-18 
6888.400 1.39777e-18 
6890.350 4.65815e-18 
6892.300 3.86852e-18 
6894.250 -2.61111e-19 
6896.200 9.99249e-19 
6898.150 7.89599e-19 
6900.100 -7.90054e-19 
6902.050 4.12028e-18 
6904.000 3.83062e-18 
6905.950 -1.19906e-18 
6907.900 1.86126e-18 
6909.850 2.96157e-18 
6911.800 3.97187e-18 
6913.750 4.48217e-18 
6915.700 2.52459e-19 
6917.650 2.68274e-18 
6919.600 9.31302e-18 
6921.550 3.32328e-18 
6923.500 -2.66645e-18 
6925.450 -1.36197e-19 
6927.400 1.97405e-18 
6929.350 7.24290e-19 
6931.300 2.34523e-19 
6933.250 5.84750e-19 
6935.200 1.43497e-18 
6937.150 -4.74818e-19 
6939.100 -3.84610e-19 
6941.050 6.85586e-19 
6943.000 3.43578e-18 
6944.950 2.37597e-18 
6946.900 -1.50386e-18 
6948.850 -3.48369e-18 
6950.800 9.06473e-19 
6952.750 4.18663e-18 
6954.700 1.07678e-18 
6956.650 -1.71308e-18 
6958.600 -1.69294e-18 
6960.550 -2.39282e-18 
6962.500 -1.27269e-18 
6964.450 -5.32579e-19 
6966.400 2.56753e-18 
6968.350 4.96763e-18 
6970.300 7.17772e-18 
6972.250 3.38780e-18 
6974.200 -1.30212e-18 
6976.150 3.57953e-19 
6978.100 3.21802e-18 
6980.050 1.39807e-18 
6982.000 -2.57188e-18 
6983.950 -3.86184e-18 
6985.900 -1.75180e-18 
6987.850 -1.27177e-18 
6989.800 1.21825e-18 
6991.750 -2.91174e-18 
6993.700 -2.34173e-18 
6995.650 -3.31735e-19 
6997.600 -9.21742e-19 
6999.550 -6.71760e-19 
7001.500 2.91822e-18 
7003.450 2.45819e-18 
7005.400 -1.34185e-18 
7007.350 4.38106e-19 
7009.300 2.84805e-18 
7011.250 9.67994e-19 
7013.200 -2.35207e-18 
7015.150 -2.57215e-18 
7017.100 -6.22276e-20 
7019.050 1.70768e-18 
7021.000 2.38759e-18 
7022.950 2.87484e-19 
7024.900 -3.04263e-18 
7026.850 -1.30275e-18 
7028.800 1.12713e-18 
7030.750 3.78700e-18 
7032.700 2.84686e-18 
7034.650 2.99671e-18 
7036.600 2.86655e-18 
7038.550 2.35639e-18 
7040.500 -2.09378e-18 
7042.450 -1.51396e-18 
7044.400 2.25853e-19 
7046.350 -1.80434e-18 
7048.300 -2.44541e-19 
7050.250 4.28525e-18 
7052.200 1.69504e-18 
7054.150 8.24814e-19 
7056.100 2.06458e-18 
7058.050 1.12434e-18 
7060.000 7.34099e-19 
7061.950 2.82385e-18 
7063.900 -2.96416e-19 
7065.850 -1.30668e-18 
7067.800 4.63038e-19 
7069.750 -1.84724e-18 
7071.700 -1.86754e-18 
7073.650 1.94216e-18 
7075.600 7.11858e-19 
7077.550 -1.97846e-18 
7079.500 5.31221e-19 
7081.450 3.02089e-18 
7083.400 -2.46945e-18 
7085.350 2.40207e-19 
7087.300 3.01985e-18 
7089.250 4.57949e-18 
7091.200 2.21913e-18 
7093.150 9.78747e-19 
7095.100 1.77836e-18 
7097.050 -1.18203e-18 
7099.000 2.75699e-20 
7100.950 1.30716e-18 
7102.900 -6.93256e-19 
7104.850 1.21632e-18 
7106.800 2.61589e-18 
7108.750 3.65545e-18 
7110.700 1.41500e-18 
7112.650 -1.47545e-18 
7114.600 1.73408e-18 
7116.550 4.51361e-18 
7118.500 4.82313e-18 
7120.450 1.60264e-18 
7122.400 -3.77854e-19 
7124.350 -5.68357e-19 
7126.300 2.65113e-18 
7128.250 3.77061e-18 
7130.200 5.58008e-18 
7132.150 2.34955e-18 
7134.100 -1.50100e-18 
7136.050 9.58450e-19 
7138.000 1.20789e-18 
7139.950 -2.21268e-18 
7141.900 1.80674e-18 
7143.850 4.96158e-19 
7145.800 -4.18444e-18 
7147.750 -4.35037e-19 
7149.700 1.34435e-18 
7151.650 -6.56265e-19 
7153.600 -3.66689e-18 
7155.550 -4.62753e-18 
7157.500 2.05183e-18 
7159.450 1.95118e-18 
7161.400 9.50518e-19 
7163.350 5.53985e-18 
7165.300 6.44917e-18 
7167.250 4.45849e-18 
7169.200 -6.42204e-19 
7171.150 1.99709e-18 
7173.100 5.88638e-18 
7175.050 1.59566e-18 
7177.000 2.96494e-18 
7178.950 2.34420e-18 
7180.900 -3.26655e-18 
7182.850 -4.61730e-18 
7184.800 2.07194e-18 
7186.750 5.65117e-18 
7188.700 3.96039e-18 
7190.650 2.31960e-18 
7192.600 -2.71193e-19 
7194.550 -1.56200e-18 
7196.500 -1.27281e-18 
7198.450 3.76366e-19 
7200.400 1.66553e-18 
7202.350 9.24694e-19 
7204.300 1.33845e-19 
7206.250 6.82989e-19 
7208.200 6.42123e-19 
7210.150 1.16125e-18 
7212.100 2.88036e-18 
7214.050 2.34947e-18 
7216.000 5.38569e-19 
7217.950 3.09766e-18 
7219.900 3.48674e-18 
7221.850 6.35810e-19 
7223.800 3.05487e-18 
7225.750 2.84393e-18 
7227.700 -4.57030e-19 
7229.650 -4.37996e-19 
7231.600 -4.98968e-19 
7233.550 1.06005e-18 
7235.500 -1.04094e-18 
7237.450 -7.46194e-18 
7239.400 -1.83296e-18 
7241.350 -1.91397e-18 
7243.300 -1.39850e-17 
7245.250 -1.39560e-17 
7247.200 -7.83709e-18 
7249.150 -1.59814e-18 
7251.100 7.55079e-18 
7253.050 3.55971e-18 
7255.000 -4.98137e-18 
7256.950 -3.53246e-18 
7258.900 -1.22357e-18 
7260.850 2.25532e-18 
7262.800 3.11420e-18 
7264.750 1.59307e-18 
7266.700 2.75193e-18 
7268.650 4.30078e-18 
7270.600 1.49962e-18 
7272.550 9.58446e-19 
7274.500 8.75727e-18 
7276.450 1.11661e-17 
7278.400 7.77488e-18 
7280.350 1.29367e-18 
7282.300 -1.06775e-17 
7284.250 -8.98877e-18 
7286.200 2.43999e-18 
7288.150 5.91875e-18 
7290.100 1.99749e-18 
7292.050 2.13622e-18 
7294.000 7.84949e-19 
7295.950 9.23663e-19 
7297.900 -8.87633e-19 
7299.850 2.12106e-18 
7301.800 3.52975e-18 
7303.750 -2.42158e-18 
7305.700 2.53709e-18 
7307.650 1.74574e-18 
7309.600 -3.45561e-18 
7311.550 -1.14698e-18 
7313.500 1.89164e-18 
7315.450 4.17026e-18 
7317.400 1.18886e-18 
7319.350 2.27458e-19 
7321.300 1.12604e-18 
7323.250 3.15462e-18 
7325.200 5.78318e-18 
7327.150 9.19173e-18 
7329.100 5.20028e-18 
7331.050 1.37881e-18 
7333.000 3.31733e-18 
7334.950 5.32585e-18 
7336.900 3.71435e-18 
7338.850 -1.82716e-18 
7340.800 -4.48680e-19 
7342.750 3.58979e-18 
7344.700 7.18250e-19 
7346.650 2.55670e-18 
7348.600 4.65141e-19 
7350.550 5.93567e-19 
7352.500 1.38199e-18 
7354.450 3.36039e-18 
7356.400 3.89879e-18 
7358.350 1.47177e-19 
7360.300 -4.48645e-18 
7362.250 -4.06084e-19 
7364.200 5.45227e-18 
7366.150 8.46061e-18 
7368.100 7.66895e-18 
7370.050 5.47727e-18 
7372.000 1.95558e-18 
7373.950 -3.53612e-18 
7375.900 -8.67835e-19 
7377.850 1.06044e-18 
7379.800 3.12871e-18 
7381.750 7.82697e-18 
7383.700 3.73521e-18 
7385.650 8.63443e-19 
7387.600 2.23167e-18 
7389.550 5.85988e-18 
7391.500 6.38078e-19 
7393.450 -5.47673e-18 
7395.400 -1.47556e-18 
7397.350 5.26124e-20 
7399.300 3.12077e-18 
7401.250 3.20891e-18 
7403.200 -1.14296e-18 
7405.150 3.94516e-18 
7407.100 6.93327e-18 
7409.050 5.44137e-18 
7411.000 4.52946e-18 
7412.950 5.27536e-19 
7414.900 -4.55740e-18 
7416.850 -2.42635e-18 
7418.800 -4.58310e-19 
7420.750 -2.60279e-19 
7422.700 2.07774e-18 
7424.650 2.37574e-18 
7426.600 -4.06262e-19 
7428.550 -7.68281e-19 
7430.500 3.77969e-18 
7432.450 2.96765e-18 
7434.400 3.01560e-18 
7436.350 1.29353e-18 
7438.300 -4.88546e-19 
7440.250 7.89364e-19 
7442.200 7.27264e-19 
7444.150 6.55151e-19 
7446.100 -5.16974e-19 
7448.050 -6.99112e-19 
7450.000 1.96874e-18 
7451.950 3.25658e-18 
7453.900 4.34404e-19 
7455.850 2.84222e-18 
7457.800 3.22002e-18 
7459.750 9.37810e-19 
7461.700 1.85559e-18 
7463.650 3.30335e-18 
7465.600 3.75111e-18 
7467.550 7.18845e-19 
7469.500 -1.64342e-18 
7471.450 5.94291e-19 
7473.400 -1.63801e-18 
7475.350 -2.06032e-18 
7477.300 2.63736e-18 
7479.250 4.05026e-19 
7481.200 -4.99132e-18 
7483.150 -5.27368e-18 
7485.100 -4.58885e-18 
7487.050 -6.51444e-18 
7489.000 -5.81684e-18 
7490.950 8.90750e-19 
7492.900 5.47832e-18 
7494.850 1.50589e-18 
7496.800 -1.23656e-18 
7498.750 3.59098e-18 
7500.700 4.06850e-18 
7502.650 -2.81399e-18 
7504.600 -1.49649e-18 
7506.550 6.13099e-18 
7508.500 7.13847e-18 
7510.450 4.09593e-18 
7512.400 3.33337e-18 
7514.350 4.72080e-18 
7516.300 6.66822e-18 
7518.250 8.37563e-18 
7520.200 3.54302e-18 
7522.150 -1.31960e-18 
7524.100 4.24776e-18 
7526.050 4.93511e-18 
7528.000 4.71245e-18 
7529.950 5.81978e-18 
7531.900 7.97088e-19 
7533.850 5.34387e-19 
7535.800 9.21669e-19 
7537.750 1.71894e-18 
7539.700 5.06620e-18 
7541.650 4.31344e-18 
7543.600 3.62067e-18 
7545.550 1.00788e-18 
7547.500 1.95085e-19 
7549.450 4.32227e-18 
7551.400 1.91945e-18 
7553.350 1.81660e-18 
7555.300 5.81375e-18 
7557.250 6.32088e-18 
7559.200 4.78800e-18 
7561.150 1.50510e-18 
7563.100 8.62192e-19 
7565.050 2.03926e-18 
7567.000 8.96327e-19 
7568.950 2.95337e-18 
7570.900 2.94040e-18 
7572.850 1.00742e-18 
7574.800 1.01442e-18 
7576.750 2.09141e-18 
7578.700 4.18839e-18 
7580.650 3.27534e-18 
7582.600 5.91229e-18 
7584.550 2.66922e-18 
7586.500 5.65614e-18 
7588.450 7.43304e-18 
7590.400 2.31992e-18 
7592.350 3.88679e-18 
7594.300 8.65365e-18 
7596.250 9.86049e-18 
7598.200 4.07319e-19 
7600.150 4.94129e-19 
7602.100 -1.00091e-17 
7604.050 -5.81229e-18 
7606.000 7.99447e-18 
7607.950 1.24122e-18 
7609.900 2.29796e-18 
7611.850 6.31468e-18 
7613.800 6.82139e-18 
7615.750 4.11808e-18 
7617.700 2.27476e-18 
7619.650 8.54141e-18 
7621.600 8.84806e-18 
7623.550 6.05469e-18 
7625.500 4.15130e-18 
7627.450 7.16790e-18 
7629.400 1.37745e-17 
7631.350 3.04105e-18 
7633.300 -3.17040e-18 
7635.250 5.89414e-18 
7637.200 1.82066e-18 
7639.150 -2.08284e-18 
7641.100 9.71365e-18 
7643.050 9.22012e-18 
7645.000 -1.14342e-18 
7646.950 3.83017e-19 
7648.900 4.37944e-18 
7650.850 2.84585e-18 
7652.800 2.12224e-18 
7654.750 2.25862e-18 
7656.700 6.54976e-19 
7658.650 6.31319e-19 
7660.600 3.89765e-18 
7662.550 4.82396e-18 
7664.500 3.88025e-18 
7666.450 4.55653e-18 
7668.400 1.68279e-18 
7670.350 -9.09613e-20 
7672.300 2.58527e-18 
7674.250 6.72148e-18 
7676.200 8.52768e-18 
7678.150 6.33386e-18 
7680.100 4.61002e-18 
7682.050 3.68616e-18 
7684.000 9.02292e-19 
7685.950 2.73840e-18 
7687.900 4.57450e-18 
7689.850 5.03058e-18 
7691.800 7.07664e-18 
7693.750 2.83268e-18 
7695.700 1.85871e-18 
7697.650 3.41472e-18 
7699.600 3.53071e-18 
7701.550 5.71669e-18 
7703.500 5.65265e-18 
7705.450 -8.51414e-19 
7707.400 2.04509e-19 
7709.350 6.33042e-18 
7711.300 3.55630e-18 
7713.250 9.74218e-18 
7715.200 1.54480e-17 
7717.150 3.67387e-18 
7719.100 -4.56132e-18 
7721.050 -3.45051e-18 
7723.000 9.01269e-19 
7724.950 6.87703e-18 
7726.900 4.56278e-18 
7728.850 7.68511e-19 
7730.800 2.45422e-18 
7732.750 2.67992e-18 
7734.700 1.50559e-18 
7736.650 8.81249e-19 
7738.600 -4.21811e-18 
7740.550 -4.46449e-18 
7742.500 4.07811e-18 
7744.450 4.62370e-18 
7746.400 1.76927e-18 
7748.350 -3.79379e-18 
7750.300 -8.95966e-18 
7752.250 1.28586e-18 
7754.200 7.36135e-18 
7756.150 1.43682e-18 
7758.100 2.52279e-19 
7760.050 1.78772e-18 
7762.000 3.62313e-18 
7763.950 7.08853e-18 
7765.900 8.99391e-18 
7767.850 2.75928e-18 
7769.800 2.04619e-19 
7771.750 9.10994e-18 
7773.700 9.01525e-18 
7775.650 -9.99465e-19 
7777.600 -2.63420e-18 
7779.550 -2.08951e-19 
7781.500 1.34628e-18 
7783.450 2.83149e-18 
7785.400 9.46678e-19 
7787.350 2.81849e-19 
7789.300 3.93700e-18 
7791.250 6.76213e-18 
7793.200 7.76725e-18 
7795.150 -3.79966e-18 
7797.100 -8.84259e-18 
7799.050 1.12246e-18 
7801.000 2.99750e-18 
7802.950 4.12513e-19 
7804.900 3.12751e-18 
7806.850 2.94248e-18 
7808.800 1.98744e-18 
7810.750 7.01237e-18 
7812.700 1.15173e-17 
7814.650 5.48218e-18 
7816.600 -1.25295e-18 
7818.550 9.13191e-18 
7820.500 7.43674e-18 
7822.450 2.19156e-18 
7824.400 7.24635e-18 
7826.350 6.36112e-18 
7828.300 3.10588e-18 
7830.250 5.51061e-18 
7832.200 2.37532e-18 
7834.150 -1.61999e-18 
7836.100 1.85468e-18 
7838.050 2.13933e-18 
7840.000 2.69396e-18 
7841.950 3.24857e-18 
7843.900 4.28316e-18 
7845.850 5.51772e-18 
7847.800 9.40227e-18 
7849.750 5.87679e-18 
7851.700 -8.69871e-18 
7853.650 -8.34224e-19 
7855.600 1.57202e-17 
7857.550 8.62468e-18 
7859.500 2.99096e-19 
7861.450 4.20349e-18 
7863.400 4.84787e-18 
7865.350 1.67222e-18 
7867.300 3.29655e-18 
7869.250 1.02509e-17 
7871.200 4.12516e-18 
7873.150 2.91942e-18 
7875.100 5.24367e-18 
7877.050 2.33789e-18 
7879.000 -1.77905e-19 
7880.950 5.53628e-18 
7882.900 5.90044e-18 
7884.850 -2.49543e-18 
7886.800 2.44869e-18 
7888.750 -1.16722e-18 
7890.700 -8.18315e-18 
7892.650 -3.36050e-18 
7894.600 -2.47508e-18 
7896.550 -5.01076e-19 
7898.500 1.87291e-18 
7900.450 4.08686e-18 
7902.400 4.20080e-18 
7904.350 3.17472e-18 
7906.300 4.92860e-18 
7908.250 4.69247e-18 
7910.200 -9.73682e-19 
7912.150 -9.43986e-18 
7914.100 -1.05961e-17 
7916.050 3.83772e-18 
7918.000 1.83515e-17 
7919.950 1.36552e-17 
7921.900 6.98906e-19 
7923.850 4.12592e-19 
7925.800 1.00625e-18 
7927.750 -5.70111e-19 
7929.700 4.51350e-18 
7931.650 1.64710e-18 
7933.600 -4.39934e-18 
7935.550 -2.88079e-18 
7937.500 -3.71427e-18 
7939.450 -3.91277e-18 
7941.400 -2.03530e-18 
7943.350 -1.69185e-18 
7945.300 3.51574e-19 
7947.250 1.03498e-18 
7949.200 -5.29165e-18 
7951.150 -9.49829e-18 
7953.100 -4.28096e-18 
7955.050 -3.24736e-18 
7957.000 -7.48375e-19 
7958.950 3.57488e-18 
7960.900 1.55812e-18 
7962.850 2.48133e-18 
7964.800 9.63451e-18 
7966.750 1.02377e-17 
7968.700 5.69081e-18 
7970.650 3.63915e-19 
7972.600 8.67003e-19 
7974.550 5.00006e-18 
7976.500 8.35310e-18 
7978.450 1.51561e-17 
7980.400 7.75910e-18 
7982.350 4.12206e-18 
7984.300 5.75000e-19 
7986.250 -1.58209e-18 
7988.200 3.00080e-18 
7990.150 3.25366e-18 
7992.100 -5.20350e-18 
7994.050 -8.29069e-18 
7996.000 -6.53791e-18 
7997.950 -4.60514e-18 
7999.900 -9.52410e-19 
8001.850 3.79030e-18 
8003.800 2.32298e-18 
8005.750 2.41564e-18 
8007.700 5.87827e-18 
8009.650 6.75088e-18 
8011.600 1.03035e-17 
8013.550 4.42601e-18 
8015.500 2.04855e-18 
8017.450 -3.58953e-19 
8019.400 -1.39648e-18 
8021.350 7.41597e-18 
8023.300 8.71840e-18 
8025.250 1.21208e-17 
8027.200 9.12317e-18 
8029.150 -4.38449e-18 
8031.100 -2.89317e-18 
8033.050 -4.98771e-20 
8035.000 2.79239e-18 
8036.950 6.93463e-18 
8038.900 2.64684e-18 
8040.850 -1.14098e-18 
8042.800 -4.18818e-19 
8044.750 -2.52869e-18 
8046.700 -1.24458e-18 
8048.650 6.26749e-18 
8050.600 5.23955e-18 
8052.550 1.67157e-18 
8054.500 3.48356e-18 
8056.450 1.14553e-18 
8058.400 -8.25270e-20 
8060.350 -2.39761e-18 
8062.300 -3.03993e-18 
8064.250 -2.06869e-19 
8066.200 -3.65040e-19 
8068.150 9.96763e-19 
8070.100 2.57854e-18 
8072.050 5.87028e-18 
8074.000 2.39200e-18 
8075.950 -4.46304e-19 
8077.900 -2.44641e-19 
8079.850 -1.83301e-18 
8081.800 -3.41400e-19 
8083.750 3.36018e-18 
8085.700 1.38173e-18 
8087.650 -1.06749e-19 
8089.600 -1.24526e-18 
8091.550 2.66209e-19 
8093.500 1.52765e-18 
8095.450 -1.18094e-18 
8097.400 2.70431e-19 
8099.350 -1.39822e-18 
8101.300 -7.69690e-18 
8103.250 -1.34056e-17 
8105.200 -1.46043e-17 
8107.150 -1.03831e-17 
8109.100 3.21810e-18 
8111.050 1.79927e-18 
8113.000 -5.03958e-18 
8114.950 -2.78460e-19 
8116.900 3.43262e-18 
8118.850 1.72369e-18 
8120.800 9.47132e-20 
8122.750 2.65714e-19 
8124.700 -1.78332e-18 
8126.650 -4.62377e-19 
8128.600 5.34853e-18 
8130.550 5.96941e-18 
8132.500 3.60026e-18 
8134.450 7.10833e-20 
8136.400 -5.42813e-18 
8138.350 1.32264e-18 
8140.300 7.21336e-18 
8142.250 -5.49594e-18 
8144.200 -6.54527e-18 
8146.150 3.10537e-18 
8148.100 2.78598e-18 
8150.050 6.49656e-18 
8152.000 6.36710e-18 
8153.950 1.94762e-18 
8155.900 6.81811e-18 
8157.850 4.88856e-18 
8159.800 -1.11018e-19 
8161.750 4.27938e-18 
8163.700 4.20974e-18 
8165.650 1.99007e-18 
8167.600 2.80365e-19 
8169.550 -1.06937e-18 
8171.500 -2.04913e-18 
8173.450 -5.85892e-18 
8175.400 2.27125e-18 
8177.350 9.62139e-18 
8179.300 4.13150e-18 
8181.250 -3.36042e-18 
8183.200 -1.30837e-18 
8185.150 3.38164e-18 
8187.100 2.09163e-18 
8189.050 -1.08842e-18 
8191.000 -5.56850e-18 
8192.950 -5.91862e-18 
8194.900 -8.08762e-19 
8196.850 -9.28940e-19 
8198.800 3.23085e-18 
8200.750 5.19061e-18 
8202.700 -9.89667e-19 
8204.650 -3.79297e-18 
8206.600 2.29686e-19 
8208.550 -3.21869e-18 
8210.500 -5.74109e-18 
8212.450 -5.76153e-18 
8214.400 2.10800e-18 
8216.350 7.11749e-18 
8218.300 1.45696e-18 
8220.250 5.49638e-18 
8222.200 6.31578e-18 
8224.150 6.14515e-18 
8226.100 9.71447e-18 
8228.050 2.52377e-18 
8230.000 4.37303e-18 
8231.950 4.32226e-18 
8233.900 1.90145e-18 
8235.850 -5.29384e-19 
8237.800 -4.52026e-18 
8239.750 7.30884e-18 
8241.700 5.01790e-18 
8243.650 -3.70908e-18 
8245.600 -1.64408e-18 
8247.550 -2.81813e-18 
8249.500 -2.94321e-18 
8251.450 -2.36332e-18 
8253.400 -5.37846e-18 
8255.350 -7.59642e-19 
8257.300 -1.80086e-18 
8259.250 1.53789e-18 
8261.200 4.89661e-18 
8263.150 4.64529e-18 
8265.100 2.04393e-18 
8267.050 8.39255e-18 
8269.000 -4.44888e-18 
8270.950 2.47966e-18 
8272.900 1.68817e-18 
8274.850 1.19866e-17 
8276.800 1.44851e-17 
8278.750 7.38348e-18 
8280.700 2.73184e-18 
8282.650 -1.52983e-18 
8284.600 1.59846e-18 
8286.550 4.25672e-18 
8288.500 6.67494e-18 
8290.450 9.37312e-18 
8292.400 1.20713e-17 
8294.350 1.20694e-17 
8296.300 -6.18254e-18 
8298.250 -5.37450e-18 
8300.200 7.56351e-18 
8302.150 4.42148e-18 
8304.100 -4.04359e-18 
8306.050 -2.52269e-18 
8308.000 -1.35484e-18 
8309.950 1.69299e-18 
8311.900 5.26077e-18 
8313.850 5.33852e-18 
8315.800 3.94623e-18 
8317.750 -4.26609e-18 
8319.700 -2.28145e-18 
8321.650 3.91915e-18 
8323.600 -1.05329e-18 
8325.550 2.92424e-18 
8327.500 7.13172e-18 
8329.450 5.85918e-18 
8331.400 2.02659e-18 
8333.350 -6.09603e-18 
8335.300 7.91306e-19 
8337.250 -3.21394e-19 
8339.200 4.28587e-18 
8341.150 3.36309e-18 
8343.100 2.29028e-18 
8345.050 1.33743e-18 
8347.000 4.74541e-19 
8348.950 -1.98388e-19 
8350.900 -1.71354e-19 
8352.850 -1.18744e-17 
8354.800 -1.78074e-17 
8356.750 -7.23048e-18 
8358.700 3.39640e-18 
8360.650 -1.58676e-18 
8362.600 -5.48996e-18 
8364.550 4.16805e-19 
8366.500 -3.22851e-18 
8368.450 -1.94979e-18 
8370.400 4.27686e-18 
8372.350 6.70347e-18 
8374.300 5.47004e-18 
8376.250 6.08656e-18 
8378.200 8.25305e-18 
8380.150 8.84950e-18 
8382.100 -9.64087e-19 
8384.050 -6.84771e-18 
8386.000 1.19861e-18 
8387.950 7.23490e-18 
8389.900 1.15312e-17 
8391.850 -1.73263e-18 
8393.800 -1.43765e-17 
8395.750 -7.89034e-18 
8397.700 -1.89843e-17 
8399.650 -1.57882e-17 
8401.600 -1.52922e-17 
8403.550 2.23781e-19 
8405.500 5.59971e-18 
8407.450 1.33956e-17 
8409.400 1.51914e-17 
8411.350 -3.52475e-18 
8413.300 1.81301e-18 
8415.250 8.73420e-21 
8417.200 4.87441e-18 
8419.150 2.42006e-18 
8421.100 -5.31434e-18 
8423.050 3.61215e-19 
8425.000 6.60673e-18 
8426.950 4.20221e-18 
8428.900 1.95764e-18 
8430.850 -1.07697e-18 
8432.800 -4.35662e-18 
8434.750 -7.16631e-18 
8436.700 -7.05105e-18 
8438.650 -3.75821e-19 
8440.600 4.99362e-19 
8442.550 4.06450e-18 
8444.500 -5.03999e-20 
8446.450 -7.18535e-18 
8448.400 -1.49034e-18 
8450.350 6.13464e-18 
8452.300 -4.92044e-18 
8454.250 -2.67055e-18 
8456.200 -5.50710e-19 
8458.150 -4.16091e-18 
8460.100 1.10688e-17 
8462.050 9.86356e-18 
8464.000 -3.06878e-18 
8465.950 -7.56715e-18 
8467.900 -1.03026e-17 
8469.850 3.71197e-18 
8471.800 5.95647e-18 
8473.750 -6.49080e-19 
8475.700 -3.84670e-19 
8477.650 -3.37831e-18 
8479.600 2.88402e-18 
8481.550 4.28294e-19 
8483.500 -1.87748e-18 
8485.450 -3.28846e-21 
8487.400 1.05086e-18 
8489.350 6.58496e-18 
8491.300 2.31902e-18 
8493.250 -3.45278e-18 
8495.200 -3.80701e-18 
8497.150 -6.86909e-18 
8499.100 -1.45521e-18 
8501.050 -2.40138e-18 
8503.000 8.14241e-18 
8504.950 1.37362e-17 
8506.900 9.32985e-18 
8508.850 2.33501e-19 
8510.800 -1.62891e-19 
8512.750 1.55067e-18 
8514.700 -6.58154e-20 
8516.650 -4.92344e-19 
8518.600 -6.28918e-19 
8520.550 -8.45541e-19 
8522.500 -6.30221e-18 
8524.450 -3.06992e-18 
8526.400 1.00643e-17 
8528.350 9.05752e-18 
8530.300 9.25067e-18 
8532.250 1.27438e-17 
8534.200 1.29368e-17 
8536.150 2.57983e-18 
8538.100 -1.52720e-18 
8540.050 -3.48428e-18 
8542.000 -1.14914e-17 
8543.950 -7.26860e-18 
8545.900 1.25418e-18 
8547.850 4.81691e-18 
8549.800 3.54960e-18 
8551.750 -1.44777e-18 
8553.700 -5.33518e-18 
8555.650 1.19735e-18 
8557.600 5.25985e-18 
8559.550 6.42295e-19 
8561.500 -7.45308e-19 
8563.450 3.87704e-18 
8565.400 6.51934e-18 
8567.350 7.91601e-19 
8569.300 -5.08620e-18 
8571.250 -3.45404e-18 
8573.200 2.42807e-18 
8575.150 -7.69871e-19 
8577.100 8.47215e-18 
8579.050 8.26411e-18 
8581.000 -1.39397e-18 
8582.950 -8.72105e-19 
8584.900 -2.50029e-18 
8586.850 2.79148e-18 
8588.800 2.47320e-18 
8590.750 4.11488e-18 
8592.700 -2.93050e-18 
8594.650 1.19807e-18 
8596.600 1.74960e-18 
8598.550 6.51070e-19 
8600.500 -6.27751e-18 
8602.450 1.53387e-18 
8604.400 -4.10380e-18 
8606.350 -5.49353e-18 
8608.300 -5.74230e-18 
8610.250 5.90888e-18 
8612.200 3.63000e-18 
8614.150 -3.88921e-19 
8616.100 -5.57790e-18 
8618.050 8.13080e-19 
8620.000 -2.07160e-17 
8621.950 -5.01712e-18 
8623.900 4.65702e-19 
8625.850 2.12648e-18 
8627.800 -4.32180e-18 
8629.750 -2.25213e-18 
8631.700 1.38489e-19 
8633.650 3.59060e-19 
8635.600 1.39580e-19 
8637.550 1.11000e-17 
8639.500 -2.10954e-18 
8641.450 3.74082e-18 
8643.400 5.21135e-19 
8645.350 -4.28060e-18 
8647.300 -1.19284e-17 
8649.250 -6.98823e-18 
8651.200 5.10187e-18 
8653.150 -9.96808e-18 
8655.100 4.60193e-18 
