3396.00000  6.84000e-18
3397.95000  6.80000e-18
3399.89999  1.12000e-17
3401.85000  1.26000e-17
3403.80000  1.17000e-17
3405.74999  8.05000e-18
3407.70000  6.88000e-18
3409.65000  9.79000e-18
3411.59999  1.21000e-17
3413.55000  9.93000e-18
3415.50000  1.18000e-17
3417.44999  1.28000e-17
3419.40000  8.98000e-18
3421.35000  8.10000e-18
3423.29999  7.71000e-18
3425.25000  7.49000e-18
3427.20000  8.82000e-18
3429.14999  9.32000e-18
3431.10000  8.94000e-18
3433.05000  1.10000e-17
3434.99999  8.63000e-18
3436.95000  9.91000e-18
3438.90000  9.56000e-18
3440.84999  1.03000e-17
3442.80000  8.84000e-18
3444.75000  8.55000e-18
3446.69999  9.79000e-18
3448.65000  1.05000e-17
3450.60000  9.50000e-18
3452.54999  9.07000e-18
3454.50000  9.64000e-18
3456.45000  9.13000e-18
3458.39999  9.05000e-18
3460.35000  1.07000e-17
3462.30000  1.39000e-17
3464.24999  1.16000e-17
3466.20000  8.63000e-18
3468.15000  4.91000e-18
3470.09999  5.22000e-18
3472.05000  5.33000e-18
3474.00000  7.16000e-18
3475.94999  9.48000e-18
3477.90000  1.01000e-17
3479.85000  1.01000e-17
3481.79999  9.71000e-18
3483.75000  8.43000e-18
3485.70000  7.60000e-18
3487.64999  4.86000e-18
3489.60000  8.13000e-18
3491.55000  1.02000e-17
3493.49999  9.17000e-18
3495.45000  1.11000e-17
3497.40000  1.09000e-17
3499.34999  1.03000e-17
3501.30000  1.09000e-17
3503.25000  9.17000e-18
3505.19999  9.41000e-18
3507.15000  9.60000e-18
3509.10000  8.32000e-18
3511.04999  8.03000e-18
3513.00000  9.04000e-18
3514.95000  9.74000e-18
3516.89999  8.70000e-18
3518.85000  8.53000e-18
3520.80000  8.81000e-18
3522.74999  9.69000e-18
3524.70000  9.74000e-18
3526.65000  8.63000e-18
3528.59999  8.08000e-18
3530.55000  6.96000e-18
3532.50000  5.83000e-18
3534.44999  7.71000e-18
3536.40000  1.01000e-17
3538.35000  1.27000e-17
3540.29999  1.01000e-17
3542.25000  7.44000e-18
3544.20000  6.55000e-18
3546.14999  3.77000e-18
3548.10000  3.76000e-18
3550.05000  6.60000e-18
3551.99999  8.41000e-18
3553.95000  5.85000e-18
3555.90000  5.21000e-18
3557.84999  8.79000e-18
3559.80000  8.57000e-18
3561.75000  7.47000e-18
3563.69999  6.29000e-18
3565.65000  6.91000e-18
3567.60000  1.00000e-17
3569.54999  8.59000e-18
3571.50000  7.14000e-18
3573.45000  9.61000e-18
3575.39999  7.19000e-18
3577.35000  6.31000e-18
3579.30000  6.07000e-18
3581.24999  9.06000e-18
3583.20000  9.76000e-18
3585.15000  7.79000e-18
3587.09999  6.61000e-18
3589.05000  7.54000e-18
3591.00000  8.97000e-18
3592.94999  1.02000e-17
3594.90000  1.05000e-17
3596.85000  9.75000e-18
3598.79999  6.59000e-18
3600.75000  5.31000e-18
3602.70000  8.78000e-18
3604.64999  9.23000e-18
3606.60000  7.09000e-18
3608.55000  7.13000e-18
3610.49999  7.71000e-18
3612.45000  8.38000e-18
3614.40000  7.01000e-18
3616.34999  4.34000e-18
3618.30000  7.43000e-18
3620.25000  6.23000e-18
3622.19999  7.17000e-18
3624.15000  7.16000e-18
3626.10000  6.95000e-18
3628.04999  7.81000e-18
3630.00000  8.93000e-18
3631.95000  9.19000e-18
3633.89999  8.81000e-18
3635.85000  1.04000e-17
3637.80000  9.06000e-18
3639.74999  8.08000e-18
3641.70000  6.61000e-18
3643.65000  8.07000e-18
3645.59999  7.55000e-18
3647.55000  9.13000e-18
3649.50000  6.94000e-18
3651.44999  8.27000e-18
3653.40000  5.09000e-18
3655.35000  7.69000e-18
3657.30000  7.41000e-18
3659.25000  8.61000e-18
3661.20000  7.95000e-18
3663.15000  7.27000e-18
3665.10000  6.39000e-18
3667.05000  7.41000e-18
3669.00000  9.36000e-18
3670.95000  7.25000e-18
3672.90000  6.49000e-18
3674.85000  8.44000e-18
3676.80000  6.95000e-18
3678.75000  6.20000e-18
3680.70000  6.39000e-18
3682.65000  7.62000e-18
3684.60000  5.73000e-18
3686.55000  6.26000e-18
3688.50000  7.78000e-18
3690.45000  5.69000e-18
3692.40000  4.20000e-18
3694.35000  6.48000e-18
3696.30000  8.33000e-18
3698.25000  6.19000e-18
3700.20000  7.78000e-18
3702.15000  7.11000e-18
3704.10000  6.94000e-18
3706.05000  9.42000e-18
3708.00000  1.00000e-17
3709.95000  8.31000e-18
3711.90000  1.08000e-17
3713.85000  8.30000e-18
3715.80000  6.50000e-18
3717.75000  7.45000e-18
3719.70000  7.83000e-18
3721.65000  7.98000e-18
3723.60000  7.74000e-18
3725.55000  6.23000e-18
3727.50000  5.51000e-18
3729.45000  5.30000e-18
3731.40000  7.30000e-18
3733.35000  7.50000e-18
3735.30000  9.50000e-18
3737.25000  9.20000e-18
3739.20000  8.37000e-18
3741.15000  8.65000e-18
3743.10000  7.21000e-18
3745.05000  5.65000e-18
3747.00000  7.46000e-18
3748.95000  9.69000e-18
3750.90000  9.34000e-18
3752.85000  6.17000e-18
3754.80000  3.85000e-18
3756.75000  7.27000e-18
3758.70000  6.80000e-18
3760.65000  5.54000e-18
3762.60000  7.25000e-18
3764.55000  8.80000e-18
3766.50000  9.22000e-18
3768.45000  1.00000e-17
3770.40000  8.93000e-18
3772.35000  7.91000e-18
3774.30000  9.08000e-18
3776.25000  9.41000e-18
3778.20000  7.40000e-18
3780.15000  4.68000e-18
3782.10000  5.38000e-18
3784.05000  6.48000e-18
3786.00000  6.29000e-18
3787.95000  6.91000e-18
3789.90000  5.49000e-18
3791.85000  5.07000e-18
3793.80000  6.00000e-18
3795.75000  6.15000e-18
3797.70000  6.71000e-18
3799.65000  6.79000e-18
3801.60000  5.85000e-18
3803.55000  5.87000e-18
3805.50000  6.85000e-18
3807.45000  5.65000e-18
3809.40000  5.26000e-18
3811.35000  7.56000e-18
3813.30000  6.59000e-18
3815.25000  4.75000e-18
3817.20000  6.89000e-18
3819.15000  7.25000e-18
3821.10000  6.83000e-18
3823.05000  6.63000e-18
3825.00000  7.40000e-18
3826.95000  6.96000e-18
3828.90000  6.92000e-18
3830.85000  6.29000e-18
3832.80000  5.83000e-18
3834.75000  5.14000e-18
3836.70000  6.62000e-18
3838.65000  7.06000e-18
3840.60000  6.43000e-18
3842.55000  5.70000e-18
3844.50000  5.49000e-18
3846.45000  6.21000e-18
3848.40000  6.59000e-18
3850.35000  5.45000e-18
3852.30000  4.26000e-18
3854.25000  6.57000e-18
3856.20000  7.89000e-18
3858.15000  7.49000e-18
3860.10000  6.29000e-18
3862.05000  5.10000e-18
3864.00000  6.25000e-18
3865.95000  5.20000e-18
3867.90000  5.85000e-18
3869.85000  7.82000e-18
3871.80000  6.81000e-18
3873.75000  6.68000e-18
3875.70000  6.41000e-18
3877.65000  6.15000e-18
3879.60000  7.29000e-18
3881.55000  7.42000e-18
3883.50000  6.12000e-18
3885.45000  5.89000e-18
3887.40000  5.67000e-18
3889.35000  5.03000e-18
3891.30000  6.22000e-18
3893.25000  6.86000e-18
3895.20000  5.48000e-18
3897.15000  5.70000e-18
3899.10000  4.18000e-18
3901.05000  4.78000e-18
3903.00000  5.16000e-18
3904.95000  5.55000e-18
3906.90000  7.67000e-18
3908.85000  8.73000e-18
3910.80000  7.52000e-18
3912.75000  5.19000e-18
3914.70000  4.42000e-18
3916.65000  4.26000e-18
3918.60000  4.98000e-18
3920.55000  5.17000e-18
3922.50000  5.36000e-18
3924.45000  5.32000e-18
3926.40000  6.32000e-18
3928.35000  6.24000e-18
3930.30000  4.68000e-18
3932.25000  6.48000e-18
3934.20000  4.89000e-18
3936.15000  3.94000e-18
3938.10000  6.24000e-18
3940.05000  6.95000e-18
3942.00000  6.65000e-18
3943.95000  6.17000e-18
3945.90000  4.24000e-18
3947.85000  3.96000e-18
3949.80000  5.48000e-18
3951.75000  6.39000e-18
3953.70000  7.24000e-18
3955.65000  6.10000e-18
3957.60000  4.23000e-18
3959.55000  5.46000e-18
3961.50000  6.16000e-18
3963.45000  6.56000e-18
3965.40000  5.07000e-18
3967.35000  4.18000e-18
3969.30000  5.66000e-18
3971.25000  6.70000e-18
3973.20000  5.86000e-18
3975.15000  3.94000e-18
3977.10000  4.93000e-18
3979.05000  5.65000e-18
3981.00000  5.52000e-18
3982.95000  4.76000e-18
3984.90000  4.67000e-18
3986.85000  4.63000e-18
3988.80000  5.15000e-18
3990.75000  5.51000e-18
3992.70000  5.13000e-18
3994.65000  5.20000e-18
3996.60000  4.85000e-18
3998.55000  5.52000e-18
4000.50000  5.84000e-18
4002.45000  5.77000e-18
4004.40000  4.64000e-18
4006.35000  6.13000e-18
4008.30000  6.72000e-18
4010.25000  6.02000e-18
4012.20000  7.17000e-18
4014.15000  6.77000e-18
4016.10000  5.10000e-18
4018.05000  6.05000e-18
4020.00000  5.92000e-18
4021.95000  6.23000e-18
4023.90000  6.98000e-18
4025.85000  7.22000e-18
4027.80000  4.96000e-18
4029.75000  5.60000e-18
4031.70000  5.41000e-18
4033.65000  3.79000e-18
4035.60000  4.61000e-18
4037.55000  5.17000e-18
4039.50000  5.72000e-18
4041.45000  6.78000e-18
4043.40000  7.60000e-18
4045.35000  5.53000e-18
4047.30000  5.50000e-18
4049.25000  4.78000e-18
4051.20000  6.06000e-18
4053.15000  6.60000e-18
4055.10000  6.44000e-18
4057.05000  5.75000e-18
4059.00000  5.25000e-18
4060.95000  2.66000e-18
4062.90000  4.75000e-18
4064.85000  4.93000e-18
4066.80000  5.66000e-18
4068.75000  6.11000e-18
4070.70000  4.77000e-18
4072.65000  4.58000e-18
4074.60000  4.20000e-18
4076.55000  5.66000e-18
4078.50000  4.80000e-18
4080.45000  5.71000e-18
4082.40000  6.94000e-18
4084.35000  4.57000e-18
4086.30000  4.73000e-18
4088.25000  5.39000e-18
4090.20000  5.01000e-18
4092.15000  4.61000e-18
4094.10000  3.34000e-18
4096.05000  4.37000e-18
4098.00000  4.64000e-18
4099.95000  5.03000e-18
4101.90000  5.08000e-18
4103.85000  5.69000e-18
4105.80000  5.35000e-18
4107.75000  3.82000e-18
4109.70000  6.06000e-18
4111.65000  5.98000e-18
4113.60000  5.63000e-18
4115.55000  4.18000e-18
4117.50000  4.65000e-18
4119.45000  5.48000e-18
4121.40000  5.00000e-18
4123.35000  4.52000e-18
4125.30000  4.49000e-18
4127.25000  4.87000e-18
4129.20000  6.43000e-18
4131.15000  5.85000e-18
4133.10000  6.29000e-18
4135.05000  5.53000e-18
4137.00000  5.54000e-18
4138.95000  5.52000e-18
4140.90000  6.10000e-18
4142.85000  6.19000e-18
4144.80000  4.46000e-18
4146.75000  4.96000e-18
4148.70000  5.15000e-18
4150.65000  4.82000e-18
4152.60000  4.65000e-18
4154.55000  4.40000e-18
4156.50000  4.51000e-18
4158.45000  5.84000e-18
4160.40000  4.67000e-18
4162.35000  3.52000e-18
4164.30000  3.36000e-18
4166.25000  4.12000e-18
4168.20000  3.93000e-18
4170.15000  5.82000e-18
4172.10000  5.41000e-18
4174.05000  6.58000e-18
4176.00000  6.13000e-18
4177.95000  5.38000e-18
4179.90000  2.88000e-18
4181.85000  3.46000e-18
4183.80000  5.01000e-18
4185.75000  6.33000e-18
4187.70000  5.14000e-18
4189.65000  4.82000e-18
4191.60000  4.10000e-18
4193.55000  3.30000e-18
4195.50000  4.16000e-18
4197.45000  4.49000e-18
4199.40000  3.98000e-18
4201.35000  5.31000e-18
4203.30000  4.89000e-18
4205.25000  3.67000e-18
4207.20000  4.54000e-18
4209.15000  4.75000e-18
4211.10000  4.32000e-18
4213.05000  5.31000e-18
4215.00000  4.62000e-18
4216.95000  4.81000e-18
4218.90000  6.07000e-18
4220.85000  2.99000e-18
4222.80000  2.74000e-18
4224.75000  5.02000e-18
4226.70000  5.71000e-18
4228.65000  4.62000e-18
4230.60000  4.35000e-18
4232.55000  4.95000e-18
4234.50000  5.23000e-18
4236.45000  4.85000e-18
4238.40000  4.39000e-18
4240.35000  4.82000e-18
4242.30000  3.46000e-18
4244.25000  4.10000e-18
4246.20000  4.32000e-18
4248.15000  3.55000e-18
4250.10000  3.24000e-18
4252.05000  3.52000e-18
4254.00000  5.25000e-18
4255.95000  5.03000e-18
4257.90000  4.52000e-18
4259.85000  3.77000e-18
4261.80000  4.25000e-18
4263.75000  5.09000e-18
4265.70000  3.65000e-18
4267.65000  3.82000e-18
4269.60000  5.28000e-18
4271.55000  4.46000e-18
4273.50000  2.76000e-18
4275.45000  3.17000e-18
4277.40000  4.29000e-18
4279.35000  4.74000e-18
4281.30000  4.66000e-18
4283.25000  3.90000e-18
4285.20000  4.79000e-18
4287.15000  4.28000e-18
4289.10000  4.23000e-18
4291.05000  4.57000e-18
4293.00000  4.66000e-18
4294.95000  4.65000e-18
4296.90000  4.92000e-18
4298.85000  3.94000e-18
4300.80000  4.29000e-18
4302.75000  4.78000e-18
4304.70000  4.15000e-18
4306.65000  4.20000e-18
4308.60000  4.32000e-18
4310.55000  4.23000e-18
4312.50000  3.21000e-18
4314.45000  4.04000e-18
4316.40000  3.59000e-18
4318.35000  3.22000e-18
4320.30000  3.43000e-18
4322.25000  5.30000e-18
4324.20000  4.20000e-18
4326.15000  3.99000e-18
4328.10000  4.57000e-18
4330.05000  4.14000e-18
4332.00000  5.31000e-18
4333.95000  5.49000e-18
4335.90000  4.46000e-18
4337.85000  5.31000e-18
4339.80000  6.11000e-18
4341.75000  5.59000e-18
4343.70000  4.53000e-18
4345.65000  5.21000e-18
4347.60000  4.24000e-18
4349.55000  3.77000e-18
4351.50000  4.83000e-18
4353.45000  5.40000e-18
4355.40000  7.51000e-18
4357.35000  6.91000e-18
4359.30000  3.69000e-18
4361.25000  4.02000e-18
4363.20000  4.07000e-18
4365.15000  5.20000e-18
4367.10000  5.03000e-18
4369.05000  2.51000e-18
4371.00000  3.67000e-18
4372.95000  4.88000e-18
4374.90000  3.92000e-18
4376.85000  4.78000e-18
4378.80000  4.79000e-18
4380.75000  3.66000e-18
4382.70000  4.24000e-18
4384.65000  4.83000e-18
4386.60000  3.38000e-18
4388.55000  4.14000e-18
4390.50000  5.00000e-18
4392.45000  5.07000e-18
4394.40000  4.06000e-18
4396.35000  5.35000e-18
4398.30000  5.04000e-18
4400.25000  4.27000e-18
4402.20000  3.82000e-18
4404.15000  5.73000e-18
4406.10000  4.12000e-18
4408.05000  3.34000e-18
4410.00000  4.75000e-18
4411.95000  6.20000e-18
4413.90000  6.60000e-18
4415.85000  4.05000e-18
4417.80000  3.35000e-18
4419.75000  5.68000e-18
4421.70000  5.53000e-18
4423.65000  3.53000e-18
4425.60000  5.02000e-18
4427.55000  5.41000e-18
4429.50000  3.77000e-18
4431.45000  2.96000e-18
4433.40000  3.34000e-18
4435.35000  4.79000e-18
4437.30000  5.35000e-18
4439.25000  4.48000e-18
4441.20000  4.66000e-18
4443.15000  4.63000e-18
4445.10000  3.12000e-18
4447.05000  3.23000e-18
4449.00000  4.65000e-18
4450.95000  4.78000e-18
4452.90000  5.07000e-18
4454.85000  3.29000e-18
4456.80000  4.75000e-18
4458.75000  4.34000e-18
4460.70000  3.63000e-18
4462.65001  4.56000e-18
4464.60000  5.21000e-18
4466.55000  5.05000e-18
4468.50001  4.25000e-18
4470.45000  4.45000e-18
4472.40000  5.18000e-18
4474.35001  3.75000e-18
4476.30000  3.77000e-18
4478.25000  3.92000e-18
4480.20001  4.19000e-18
4482.15000  3.79000e-18
4484.10000  3.36000e-18
4486.05001  3.57000e-18
4488.00000  3.42000e-18
4489.95000  4.18000e-18
4491.90001  3.92000e-18
4493.85000  4.19000e-18
4495.80000  4.07000e-18
4497.75001  4.02000e-18
4499.70000  3.11000e-18
4501.65000  3.59000e-18
4503.60001  4.92000e-18
4505.55000  4.77000e-18
4507.50000  5.09000e-18
4509.45001  4.93000e-18
4511.40000  5.73000e-18
4513.35000  5.00000e-18
4515.30001  3.91000e-18
4517.25000  4.28000e-18
4519.20000  3.48000e-18
4521.15001  3.67000e-18
4523.10000  3.34000e-18
4525.05000  4.24000e-18
4527.00001  4.62000e-18
4528.95000  3.45000e-18
4530.90000  2.74000e-18
4532.85001  4.00000e-18
4534.80000  3.96000e-18
4536.75000  5.21000e-18
4538.70001  5.09000e-18
4540.65000  4.41000e-18
4542.60000  3.66000e-18
4544.55001  3.05000e-18
4546.50000  3.96000e-18
4548.45000  4.30000e-18
4550.40001  3.39000e-18
4552.35000  2.01000e-18
4554.30000  3.87000e-18
4556.25001  2.46000e-18
4558.20000  3.85000e-18
4560.15000  3.87000e-18
4562.10001  2.42000e-18
4564.05000  2.85000e-18
4566.00000  4.20000e-18
4567.95001  2.95000e-18
4569.90000  1.95000e-18
4571.85000  2.37000e-18
4573.80001  4.03000e-18
4575.75000  4.40000e-18
4577.70000  4.21000e-18
4579.65001  4.61000e-18
4581.60000  3.91000e-18
4583.55000  4.44000e-18
4585.50001  3.69000e-18
4587.45000  4.56000e-18
4589.40000  3.74000e-18
4591.35001  4.13000e-18
4593.30000  3.67000e-18
4595.25000  3.53000e-18
4597.20001  3.18000e-18
4599.15000  3.04000e-18
4601.10000  3.57000e-18
4603.05001  4.26000e-18
4605.00000  4.09000e-18
4606.95000  3.09000e-18
4608.90001  3.23000e-18
4610.85000  3.34000e-18
4612.80000  2.60000e-18
4614.75001  3.88000e-18
4616.70000  4.73000e-18
4618.65000  3.99000e-18
4620.60001  3.44000e-18
4622.55000  3.38000e-18
4624.50000  3.74000e-18
4626.45001  2.56000e-18
4628.40000  3.09000e-18
4630.35000  3.24000e-18
4632.30001  3.34000e-18
4634.25000  3.52000e-18
4636.20000  3.06000e-18
4638.15001  3.27000e-18
4640.10000  3.25000e-18
4642.05000  3.15000e-18
4644.00001  1.61000e-18
4645.95000  3.38000e-18
4647.90000  4.21000e-18
4649.85001  3.25000e-18
4651.80000  3.32000e-18
4653.75000  3.75000e-18
4655.70001  3.34000e-18
4657.65000  3.48000e-18
4659.60000  3.47000e-18
4661.55001  3.13000e-18
4663.50000  4.58000e-18
4665.45000  4.09000e-18
4667.40001  4.22000e-18
4669.35000  5.76000e-18
4671.30000  4.11000e-18
4673.25001  3.66000e-18
4675.20000  4.71000e-18
4677.15000  4.52000e-18
4679.10001  4.02000e-18
4681.05000  3.11000e-18
4683.00000  4.63000e-18
4684.95001  4.88000e-18
4686.90000  4.41000e-18
4688.85000  3.49000e-18
4690.80001  3.06000e-18
4692.75000  3.37000e-18
4694.70000  3.40000e-18
4696.65001  3.56000e-18
4698.60000  2.90000e-18
4700.55000  2.11000e-18
4702.50001  2.06000e-18
4704.45000  2.43000e-18
4706.40000  2.20000e-18
4708.35001  4.23000e-18
4710.30000  2.90000e-18
4712.25000  2.54000e-18
4714.20001  3.44000e-18
4716.15000  3.87000e-18
4718.10000  3.57000e-18
4720.05001  3.50000e-18
4722.00000  3.85000e-18
4723.95000  4.59000e-18
4725.90001  4.05000e-18
4727.85000  1.34000e-18
4729.80000  2.84000e-18
4731.75001  3.83000e-18
4733.70000  3.54000e-18
4735.65000  3.87000e-18
4737.60001  2.95000e-18
4739.55000  3.36000e-18
4741.50000  3.01000e-18
4743.45001  2.74000e-18
4745.40000  1.80000e-18
4747.35000  2.42000e-18
4749.30001  2.94000e-18
4751.25000  3.02000e-18
4753.20000  4.33000e-18
4755.15001  4.06000e-18
4757.10000  4.31000e-18
4759.05000  3.77000e-18
4761.00001  3.69000e-18
4762.95000  3.04000e-18
4764.90000  2.32000e-18
4766.85001  3.94000e-18
4768.80000  4.05000e-18
4770.75000  3.49000e-18
4772.69999  3.30000e-18
4774.65000  3.29000e-18
4776.60000  5.09000e-18
4778.54999  5.21000e-18
4780.50000  3.64000e-18
4782.45000  3.13000e-18
4784.39999  2.67000e-18
4786.35000  3.03000e-18
4788.30000  3.37000e-18
4790.24999  3.57000e-18
4792.20000  2.83000e-18
4794.15000  2.72000e-18
4796.09999  4.10000e-18
4798.05000  4.16000e-18
4800.00000  2.87000e-18
4801.94999  3.21000e-18
4803.90000  2.88000e-18
4805.85000  3.12000e-18
4807.79999  3.62000e-18
4809.75000  3.09000e-18
4811.70000  3.69000e-18
4813.64999  3.43000e-18
4815.60000  3.20000e-18
4817.55000  4.15000e-18
4819.49999  4.46000e-18
4821.45000  4.05000e-18
4823.40000  2.92000e-18
4825.34999  3.99000e-18
4827.30000  4.45000e-18
4829.25000  3.65000e-18
4831.19999  3.38000e-18
4833.15000  2.52000e-18
4835.10000  2.18000e-18
4837.04999  3.24000e-18
4839.00000  4.75000e-18
4840.95000  2.92000e-18
4842.89999  2.06000e-18
4844.85000  3.69000e-18
4846.80000  3.24000e-18
4848.74999  3.26000e-18
4850.70000  3.86000e-18
4852.65000  3.18000e-18
4854.59999  3.06000e-18
4856.55000  3.38000e-18
4858.50000  3.88000e-18
4860.44999  3.58000e-18
4862.40000  4.57000e-18
4864.35000  3.80000e-18
4866.29999  3.09000e-18
4868.25000  2.51000e-18
4870.20000  2.84000e-18
4872.14999  4.35000e-18
4874.10000  3.94000e-18
4876.05000  2.52000e-18
4877.99999  3.06000e-18
4879.95000  2.65000e-18
4881.90000  2.40000e-18
4883.84999  2.74000e-18
4885.80000  2.49000e-18
4887.75000  2.47000e-18
4889.69999  2.61000e-18
4891.65000  3.45000e-18
4893.60000  3.57000e-18
4895.54999  2.89000e-18
4897.50000  3.81000e-18
4899.45000  4.02000e-18
4901.39999  3.11000e-18
4903.35000  3.42000e-18
4905.30000  2.60000e-18
4907.24999  3.13000e-18
4909.20000  2.00000e-18
4911.15000  1.85000e-18
4913.09999  3.20000e-18
4915.05000  3.79000e-18
4917.00000  4.48000e-18
4918.94999  3.74000e-18
4920.90000  2.74000e-18
4922.85000  2.71000e-18
4924.79999  2.67000e-18
4926.75000  1.43000e-18
4928.70000  2.47000e-18
4930.64999  3.45000e-18
4932.60000  3.65000e-18
4934.55000  3.18000e-18
4936.49999  2.89000e-18
4938.45000  1.93000e-18
4940.40000  1.68000e-18
4942.34999  2.87000e-18
4944.30000  3.72000e-18
4946.25000  2.31000e-18
4948.19999  2.70000e-18
4950.15000  2.60000e-18
4952.10000  2.93000e-18
4954.04999  3.12000e-18
4956.00000  2.19000e-18
4957.95000  2.22000e-18
4959.89999  1.93000e-18
4961.85000  1.05000e-18
4963.80000  1.82000e-18
4965.74999  9.99000e-19
4967.70000  1.97000e-18
4969.65000  2.48000e-18
4971.59999  3.68000e-18
4973.55000  3.63000e-18
4975.50000  2.25000e-18
4977.44999  2.33000e-18
4979.40000  2.64000e-18
4981.35000  3.29000e-18
4983.29999  3.11000e-18
4985.25000  2.94000e-18
4987.20000  3.43000e-18
4989.14999  3.92000e-18
4991.10000  3.43000e-18
4993.05000  3.57000e-18
4994.99999  3.02000e-18
4996.95000  2.61000e-18
4998.90000  2.34000e-18
5000.84999  2.59000e-18
5002.80000  3.43000e-18
5004.75000  3.79000e-18
5006.69999  3.14000e-18
5008.65000  2.47000e-18
5010.60000  1.86000e-18
5012.54999  2.49000e-18
5014.50000  3.41000e-18
5016.45000  3.25000e-18
5018.39999  2.76000e-18
5020.35000  2.48000e-18
5022.30000  2.37000e-18
5024.24999  2.10000e-18
5026.20000  2.45000e-18
5028.15000  3.35000e-18
5030.09999  2.68000e-18
5032.05000  1.65000e-18
5034.00000  2.47000e-18
5035.94999  2.90000e-18
5037.90000  2.58000e-18
5039.85000  2.08000e-18
5041.79999  2.09000e-18
5043.75000  2.35000e-18
5045.70000  1.91000e-18
5047.64999  1.91000e-18
5049.60000  2.97000e-18
5051.55000  3.45000e-18
5053.49999  3.10000e-18
5055.45000  3.34000e-18
5057.40000  3.72000e-18
5059.34999  3.00000e-18
5061.30000  2.13000e-18
5063.25000  2.17000e-18
5065.19999  2.56000e-18
5067.15000  2.58000e-18
5069.10000  2.38000e-18
5071.04999  2.99000e-18
5073.00000  2.56000e-18
5074.95000  1.81000e-18
5076.89999  1.88000e-18
5078.85000  2.39000e-18
5080.80000  1.56000e-18
5082.75000  1.73000e-18
5084.70000  3.76000e-18
5086.65000  3.57000e-18
5088.60000  2.24000e-18
5090.55000  2.88000e-18
5092.50000  3.74000e-18
5094.45000  3.34000e-18
5096.40000  3.16000e-18
5098.35000  2.52000e-18
5100.30000  1.94000e-18
5102.25000  2.81000e-18
5104.20000  2.64000e-18
5106.15000  2.34000e-18
5108.10000  2.89000e-18
5110.05000  3.16000e-18
5112.00000  3.18000e-18
5113.95000  3.20000e-18
5115.90000  2.84000e-18
5117.85000  1.28000e-18
5119.80000  1.46000e-18
5121.75000  2.83000e-18
5123.70000  3.31000e-18
5125.65000  2.71000e-18
5127.60000  2.39000e-18
5129.55000  2.53000e-18
5131.50000  2.25000e-18
5133.45000  3.08000e-18
5135.40000  3.34000e-18
5137.35000  2.92000e-18
5139.30000  2.89000e-18
5141.25000  2.48000e-18
5143.20000  2.17000e-18
5145.15000  3.31000e-18
5147.10000  2.22000e-18
5149.05000  1.87000e-18
5151.00000  2.95000e-18
5152.95000  3.57000e-18
5154.90000  3.48000e-18
5156.85000  2.97000e-18
5158.80000  3.22000e-18
5160.75000  3.04000e-18
5162.70000  2.94000e-18
5164.65000  2.79000e-18
5166.60000  3.05000e-18
5168.55000  2.78000e-18
5170.50000  2.76000e-18
5172.45000  2.12000e-18
5174.40000  2.15000e-18
5176.35000  2.55000e-18
5178.30000  2.24000e-18
5180.25000  2.59000e-18
5182.20000  3.23000e-18
5184.15000  3.57000e-18
5186.10000  2.37000e-18
5188.05000  2.60000e-18
5190.00000  2.74000e-18
5191.95000  2.75000e-18
5193.90000  2.87000e-18
5195.85000  3.57000e-18
5197.80000  3.50000e-18
5199.75000  2.74000e-18
5201.70000  2.62000e-18
5203.65000  2.13000e-18
5205.60000  1.97000e-18
5207.55000  2.34000e-18
5209.50000  3.02000e-18
5211.45000  2.70000e-18
5213.40000  2.17000e-18
5215.35000  2.01000e-18
5217.30000  1.58000e-18
5219.25000  2.12000e-18
5221.20000  2.85000e-18
5223.15000  2.22000e-18
5225.10000  2.09000e-18
5227.05000  1.96000e-18
5229.00000  2.37000e-18
5230.95000  2.04000e-18
5232.90000  1.55000e-18
5234.85000  2.89000e-18
5236.80000  3.50000e-18
5238.75000  2.75000e-18
5240.70000  3.46000e-18
5242.65000  4.23000e-18
5244.60000  3.01000e-18
5246.55000  3.12000e-18
5248.50000  1.92000e-18
5250.45000  1.20000e-18
5252.40000  1.66000e-18
5254.35000  2.07000e-18
5256.30000  2.90000e-18
5258.25000  3.08000e-18
5260.20000  1.79000e-18
5262.15000  2.07000e-18
5264.10000  2.53000e-18
5266.05000  2.27000e-18
5268.00000  2.24000e-18
5269.95000  2.14000e-18
5271.90000  2.76000e-18
5273.85000  3.46000e-18
5275.80000  2.10000e-18
5277.75000  1.33000e-18
5279.70000  1.66000e-18
5281.65000  2.16000e-18
5283.60000  2.33000e-18
5285.55000  1.53000e-18
5287.50000  1.70000e-18
5289.45000  1.86000e-18
5291.40000  2.21000e-18
5293.35000  1.91000e-18
5295.30000  1.75000e-18
5297.25000  2.80000e-18
5299.20000  3.40000e-18
5301.15000  2.32000e-18
5303.10000  1.62000e-18
5305.05000  2.34000e-18
5307.00000  2.39000e-18
5308.95000  2.75000e-18
5310.90000  3.34000e-18
5312.85000  2.64000e-18
5314.80000  8.43000e-19
5316.75000  4.76000e-19
5318.70000  1.91000e-18
5320.65000  2.38000e-18
5322.60000  1.11000e-18
5324.55000  1.56000e-18
5326.50000  2.63000e-18
5328.45000  2.46000e-18
5330.40000  3.00000e-18
5332.35000  3.05000e-18
5334.30000  2.03000e-18
5336.25000  1.77000e-18
5338.20000  3.51000e-18
5340.15000  2.57000e-18
5342.10000  1.47000e-18
5344.05000  1.37000e-18
5346.00000  1.53000e-18
5347.95000  1.85000e-18
5349.90000  2.25000e-18
5351.85000  2.30000e-18
5353.80000  1.88000e-18
5355.75000  2.79000e-18
5357.70000  2.99000e-18
5359.65000  2.66000e-18
5361.60000  3.99000e-18
5363.55000  2.37000e-18
5365.50000  1.15000e-18
5367.45000  2.15000e-18
5369.40000  1.47000e-18
5371.35000  1.00000e-18
5373.30000  1.85000e-18
5375.25000  2.16000e-18
5377.20000  2.54000e-18
5379.15000  2.31000e-18
5381.10000  2.14000e-18
5383.05000  1.59000e-18
5385.00000  1.33000e-18
5386.95000  2.19000e-18
5388.90000  2.75000e-18
5390.85000  2.83000e-18
5392.80000  2.69000e-18
5394.75000  2.32000e-18
5396.70000  1.33000e-18
5398.65000  1.48000e-18
5400.60000  2.25000e-18
5402.55000  2.13000e-18
5404.50000  2.80000e-18
5406.45000  2.83000e-18
5408.40000  2.55000e-18
5410.35000  2.88000e-18
5412.30000  2.22000e-18
5414.25000  2.31000e-18
5416.20000  2.38000e-18
5418.15000  2.53000e-18
5420.10000  2.02000e-18
5422.05000  1.87000e-18
5424.00000  3.06000e-18
5425.95000  3.34000e-18
5427.90000  2.67000e-18
5429.85000  1.90000e-18
5431.80000  1.92000e-18
5433.75000  1.50000e-18
5435.70000  2.02000e-18
5437.65000  3.33000e-18
5439.60000  2.85000e-18
5441.55000  1.70000e-18
5443.50000  2.13000e-18
5445.45000  2.86000e-18
5447.40000  2.48000e-18
5449.35000  1.88000e-18
5451.30000  1.50000e-18
5453.25000  2.61000e-18
5455.20000  4.36000e-18
5457.15000  3.64000e-18
5459.10000  2.88000e-18
5461.05000  3.57000e-18
5463.00000  2.54000e-18
5464.95000  1.65000e-18
5466.90000  2.48000e-18
5468.85000  2.92000e-18
5470.80000  3.31000e-18
5472.75000  3.51000e-18
5474.70000  2.77000e-18
5476.65000  1.52000e-18
5478.60000  2.17000e-18
5480.55000  3.29000e-18
5482.50000  2.21000e-18
5484.45000  1.55000e-18
5486.40000  2.36000e-18
5488.35000  3.23000e-18
5490.30000  2.32000e-18
5492.25000  2.26000e-18
5494.20000  3.51000e-18
5496.15000  3.19000e-18
5498.10000  3.12000e-18
5500.05000  2.90000e-18
5502.00000  2.73000e-18
5503.95000  3.64000e-18
5505.90000  3.60000e-18
5507.85000  3.16000e-18
5509.80000  2.54000e-18
5511.75000  2.05000e-18
5513.70000  2.58000e-18
5515.65000  3.28000e-18
5517.60000  3.37000e-18
5519.55000  2.24000e-18
5521.50000  2.08000e-18
5523.45000  3.00000e-18
5525.40000  3.70000e-18
5527.35000  2.96000e-18
5529.30000  1.76000e-18
5531.25000  2.29000e-18
5533.20000  1.65000e-18
5535.15000  1.30000e-18
5537.10000  2.32000e-18
5539.05000  2.42000e-18
5541.00000  2.80000e-18
5542.95000  3.17000e-18
5544.90000  3.20000e-18
5546.85000  2.66000e-18
5548.80000  2.50000e-18
5550.75000  2.67000e-18
5552.70000  2.47000e-18
5554.65000  3.62000e-18
5556.60000  4.36000e-18
5558.55000  3.47000e-18
5560.50000  2.25000e-18
5562.45000  1.85000e-18
5564.40000  2.45000e-18
5566.35000  1.93000e-18
5568.30000  2.43000e-18
5570.25000  2.54000e-18
5572.20000  3.02000e-18
5574.15000  3.22000e-18
5576.10000  3.16000e-18
5578.05000  2.87000e-18
5580.00000  2.08000e-18
5581.95000  2.67000e-18
5583.90000  2.73000e-18
5585.85000  2.11000e-18
5587.80000  1.33000e-18
5589.75000  1.85000e-18
5591.70000  2.93000e-18
5593.65000  2.81000e-18
5595.60000  2.14000e-18
5597.55000  1.35000e-18
5599.50000  2.14000e-18
5601.45000  2.74000e-18
5603.40000  1.97000e-18
5605.35000  1.88000e-18
5607.30000  2.31000e-18
5609.25000  1.52000e-18
5611.20000  1.67000e-18
5613.15000  2.49000e-18
5615.10000  2.44000e-18
5617.05000  1.96000e-18
5619.00000  2.41000e-18
5620.95000  2.98000e-18
5622.90000  2.62000e-18
5624.85000  2.39000e-18
5626.80000  1.71000e-18
5628.75000  2.24000e-18
5630.70000  2.45000e-18
5632.65000  1.78000e-18
5634.60000  2.20000e-18
5636.55000  1.46000e-18
5638.50000  4.04000e-19
5640.45000  1.15000e-18
5642.40000  2.28000e-18
5644.35000  2.48000e-18
5646.30000  2.04000e-18
5648.25000  1.74000e-18
5650.20000  1.45000e-18
5652.15000  1.11000e-18
5654.10000  1.67000e-18
5656.05000  2.14000e-18
5658.00000  1.99000e-18
5659.95000  1.80000e-18
5661.90000  7.59000e-19
5663.85000  9.30000e-19
5665.80000  1.16000e-18
5667.75000  1.04000e-18
5669.70000  1.86000e-18
5671.65000  3.17000e-18
5673.60000  2.40000e-18
5675.55000  5.63000e-19
5677.50000  3.68000e-19
5679.45000  9.14000e-19
5681.40000  6.67000e-19
5683.35000  2.94000e-19
5685.30000  1.57000e-18
5687.25000  4.63000e-18
5689.20000  5.08000e-18
5691.15000  2.63000e-18
5693.10000  1.71000e-18
5695.05000  2.32000e-18
5697.00000  1.83000e-18
5698.95000  2.67000e-18
5700.90000  2.65000e-18
5702.85000  1.06000e-18
5704.80000  1.40000e-18
5706.75000  2.20000e-18
5708.70000  1.50000e-18
5710.65000  1.57000e-18
5712.60000  2.47000e-18
5714.55000  1.06000e-18
5716.50000 -2.93000e-19
5718.45000 -8.84000e-20
5720.40000  1.69000e-18
5722.35000  2.66000e-18
5724.30000  1.91000e-18
5726.25000  2.16000e-18
5728.20000  1.48000e-18
5730.15000  1.32000e-18
5732.10000  1.12000e-18
5734.05000  9.25000e-19
5736.00000  2.28000e-18
5737.95000  1.91000e-18
5739.90000  1.26000e-18
5741.85000  2.50000e-18
5743.80000  1.90000e-18
5745.75000  1.18000e-18
5747.70000  2.30000e-18
5749.65000  2.30000e-18
5751.60000  1.16000e-18
5753.55000  1.42000e-18
5755.50000  1.28000e-18
5757.45000  7.36000e-19
5759.40000  1.49000e-18
5761.35000  2.84000e-18
5763.30000  2.96000e-18
5765.25000  2.24000e-18
5767.20000  3.24000e-18
5769.15000  2.56000e-18
5771.10000  1.78000e-18
5773.05000  2.03000e-18
5775.00000  1.55000e-18
5776.95000  6.07000e-19
5778.90000  1.18000e-18
5780.85000  2.37000e-18
5782.80000  3.10000e-18
5784.75000  2.20000e-18
5786.70000  1.92000e-18
5788.65000  2.83000e-18
5790.60000  3.38000e-18
5792.55000  3.37000e-18
5794.50000  2.11000e-18
5796.45000  2.05000e-18
5798.40000  1.61000e-18
5800.35000  1.57000e-18
5802.30000  2.67000e-18
5804.25000  2.13000e-18
5806.20000  1.44000e-18
5808.15000  1.47000e-18
5810.10000  1.93000e-18
5812.05000  2.61000e-18
5814.00000  1.67000e-18
5815.95000  1.10000e-18
5817.90000  1.24000e-18
5819.85000  1.01000e-18
5821.80000 -1.60000e-19
5823.75000  2.34000e-19
5825.70000  1.89000e-18
5827.65000  2.00000e-18
5829.60000  1.58000e-18
5831.55000  6.88000e-19
5833.50000 -7.77000e-20
5835.45000 -1.33000e-19
5837.40000  3.82000e-19
5839.35000  1.69000e-18
5841.30000  1.69000e-18
5843.25000  7.77000e-19
5845.20000  8.45000e-19
5847.15000  1.61000e-18
5849.10000  9.74000e-19
5851.05000  1.64000e-18
5853.00000  1.06000e-18
5854.95000  1.09000e-18
5856.90000  2.32000e-18
5858.85000  3.50000e-18
5860.80000  3.04000e-18
5862.75000  3.57000e-18
5864.70000  4.26000e-18
5866.65000  3.11000e-18
5868.60000  2.79000e-18
5870.55000  2.19000e-18
5872.50000  6.47000e-19
5874.45000 -6.45000e-19
5876.40000 -5.49000e-19
5878.35000  7.48000e-19
5880.30000  2.36000e-18
5882.25000  1.73000e-18
5884.20000  7.65000e-19
5886.15000  1.11000e-18
5888.10001  1.83000e-19
5890.05000  3.08000e-18
5892.00000  2.98000e-18
5893.95001  1.14000e-18
5895.90000  2.70000e-18
5897.85000  3.89000e-18
5899.80001  1.63000e-18
5901.75000  2.47000e-18
5903.70000  2.40000e-18
5905.65001  2.64000e-18
5907.60000  2.38000e-18
5909.55000  1.78000e-18
5911.50001  1.29000e-18
5913.45000  2.51000e-19
5915.40000  7.65000e-19
5917.35001  1.57000e-18
5919.30000  1.51000e-18
5921.25000  1.20000e-18
5923.20001  1.93000e-18
5925.15000  3.50000e-18
5927.10000  2.65000e-18
5929.05001  8.71000e-19
5931.00000  1.02000e-18
5932.95000  1.35000e-18
5934.90001  3.23000e-18
5936.85000  3.40000e-18
5938.80000  2.54000e-18
5940.75001  1.89000e-18
5942.70000  2.46000e-18
5944.65000  1.23000e-18
5946.60001  3.85000e-19
5948.55000  2.23000e-18
5950.50000  2.09000e-18
5952.45001  6.30000e-19
5954.40000  2.51000e-18
5956.35000  3.17000e-18
5958.30001  1.75000e-19
5960.25000 -1.77000e-18
5962.20000  7.71000e-19
5964.15001  2.44000e-18
5966.10000  2.44000e-18
5968.05000  2.15000e-18
5970.00001  2.93000e-18
5971.95000  1.71000e-18
5973.90000  2.23000e-18
5975.85001  1.51000e-18
5977.80000  4.79000e-19
5979.75000  1.52000e-18
5981.70001  2.24000e-18
5983.65000  1.44000e-18
5985.60000  1.49000e-18
5987.55001  2.28000e-18
5989.50000  1.87000e-18
5991.45000  7.14000e-19
5993.40001  1.10000e-18
5995.35000  2.14000e-18
5997.30000  2.93000e-18
5999.25001  2.48000e-18
6001.20000  1.56000e-18
6003.15000  2.26000e-18
6005.10001  3.19000e-18
6007.05000  2.38000e-18
6009.00000  1.36000e-18
6010.95001  2.30000e-18
6012.90000  3.35000e-18
6014.85000  3.08000e-18
6016.80001  2.50000e-18
6018.75000  1.98000e-18
6020.70000  1.20000e-18
6022.65001  1.48000e-18
6024.60000  1.41000e-18
6026.55000  6.73000e-19
6028.50001 -1.38000e-19
6030.45000  3.44000e-19
6032.40000  1.97000e-18
6034.35001  1.53000e-18
6036.30000  8.97000e-19
6038.25000  9.76000e-19
6040.20001  8.87000e-19
6042.15000  1.52000e-18
6044.10000  2.07000e-18
6046.05001  1.57000e-18
6048.00000  2.37000e-18
6049.95000  2.65000e-18
6051.90001  2.70000e-18
6053.85000  1.63000e-18
6055.80000  8.48000e-19
6057.75001  1.92000e-18
6059.70000  2.47000e-18
6061.65000  1.02000e-18
6063.60001  1.20000e-18
6065.55000  1.33000e-18
6067.50000  2.58000e-18
6069.45001  2.22000e-18
6071.40000  2.15000e-18
6073.35000  1.40000e-18
6075.30001  7.55000e-19
6077.25000  1.42000e-18
6079.20000  2.13000e-18
6081.15001  2.10000e-18
6083.10000  1.10000e-18
6085.05000  4.80000e-19
6087.00001  9.35000e-19
6088.95000  8.42000e-19
6090.90000  1.41000e-18
6092.85001  1.04000e-18
6094.80000 -2.33000e-19
6096.75000 -5.74000e-20
6098.70001  1.75000e-18
6100.65000  2.31000e-18
6102.60000  5.52000e-19
6104.55001  1.17000e-18
6106.50000  1.55000e-18
6108.45000  1.61000e-18
6110.40001  1.38000e-18
6112.35000  1.48000e-18
6114.30000  7.69000e-19
6116.25001  1.53000e-18
6118.20000  2.61000e-18
6120.15000  1.26000e-18
6122.10001  1.65000e-18
6124.05000  1.31000e-18
6126.00000  1.48000e-18
6127.95001  1.17000e-18
6129.90000 -6.52000e-20
6131.85000  8.57000e-19
6133.80001  9.21000e-19
6135.75000  7.48000e-19
6137.70000  2.20000e-18
6139.65001  2.62000e-18
6141.60000  1.87000e-18
6143.55000  2.56000e-18
6145.50001  1.66000e-18
6147.45000  1.64000e-18
6149.40000  2.34000e-18
6151.35001  2.34000e-18
6153.30000  1.93000e-18
6155.25000  2.96000e-18
6157.20001  3.85000e-18
6159.15000  1.70000e-18
6161.10000  2.06000e-18
6163.05001  2.48000e-18
6165.00000  1.91000e-18
6166.95000  1.98000e-18
6168.90001  1.26000e-18
6170.85000  2.42000e-18
6172.80000  2.64000e-18
6174.75001  1.37000e-18
6176.70000  1.74000e-18
6178.65000  2.07000e-18
6180.60001  1.48000e-18
6182.55000  1.02000e-18
6184.50000  1.28000e-18
6186.45001  2.06000e-18
6188.40000  2.44000e-18
6190.35000  9.95000e-19
6192.30001  9.40000e-19
6194.25000  2.41000e-18
6196.20000  1.72000e-18
6198.14999  7.16000e-19
6200.10000  1.98000e-18
6202.05000  2.46000e-18
6203.99999  1.63000e-18
6205.95000  2.30000e-18
6207.90000  2.01000e-18
6209.84999  2.18000e-18
6211.80000  1.86000e-18
6213.75000  5.79000e-19
6215.69999  5.03000e-19
6217.65000  6.98000e-19
6219.60000  1.65000e-18
6221.54999  1.49000e-18
6223.50000  2.65000e-18
6225.45000  1.58000e-18
6227.39999  1.55000e-18
6229.35000  8.45000e-19
6231.30000  1.11000e-18
6233.24999  1.16000e-18
6235.20000  6.32000e-19
6237.15000  6.95000e-19
6239.09999  1.84000e-18
6241.05000  1.85000e-18
6243.00000  1.95000e-18
6244.94999  2.29000e-18
6246.90000  2.06000e-18
6248.85000  2.28000e-18
6250.79999  2.96000e-18
6252.75000  1.31000e-18
6254.70000  1.22000e-19
6256.64999  4.84000e-19
6258.60000  2.23000e-18
6260.55000  2.71000e-18
6262.49999  1.74000e-18
6264.45000  2.59000e-18
6266.40000  4.27000e-18
6268.34999  3.17000e-18
6270.30000  1.30000e-18
6272.25000  4.25000e-19
6274.19999  1.41000e-18
6276.15000  4.82000e-19
6278.10000  6.94000e-19
6280.04999  7.07000e-19
6282.00000  2.36000e-18
6283.95000  2.99000e-18
6285.89999  8.61000e-19
6287.85000  5.80000e-19
6289.80000  9.85000e-19
6291.74999  2.18000e-19
6293.70000  7.15000e-19
6295.65000 -5.24000e-19
6297.59999 -5.31000e-19
6299.55000  3.47000e-18
6301.50000  1.17000e-18
6303.44999  3.10000e-19
6305.40000  9.91000e-19
6307.35000  1.35000e-18
6309.29999  1.38000e-18
6311.25000  5.43000e-19
6313.20000  6.41000e-19
6315.14999  1.20000e-18
6317.10000 -5.69000e-19
6319.05000  2.34000e-19
6320.99999  1.53000e-18
6322.95000  1.92000e-18
6324.90000 -8.13000e-20
6326.84999  4.20000e-19
6328.80000  2.60000e-18
6330.75000  1.96000e-18
6332.69999  4.71000e-19
6334.65000  9.20000e-19
6336.60000  1.45000e-18
6338.54999  2.18000e-18
6340.50000  6.00000e-20
6342.45000  1.14000e-18
6344.39999  1.75000e-18
6346.35000  1.64000e-18
6348.30000  1.77000e-18
6350.24999  2.01000e-18
6352.20000  1.62000e-18
6354.15000  1.65000e-18
6356.09999  2.24000e-18
6358.05000  8.00000e-19
6360.00000  1.73000e-18
6361.94999  2.84000e-18
6363.90000  1.96000e-18
6365.85000  1.61000e-18
6367.79999  1.11000e-18
6369.75000  2.37000e-18
6371.70000  2.55000e-18
6373.64999  9.23000e-19
6375.60000  1.73000e-18
6377.55000  2.94000e-18
6379.49999  3.11000e-18
6381.45000  1.52000e-18
6383.40000  9.70000e-19
6385.34999  1.18000e-18
6387.30000  8.30000e-19
6389.25000  1.14000e-18
6391.19999  7.39000e-19
6393.15000  1.75000e-18
6395.10000  2.85000e-18
6397.04999  1.69000e-18
6399.00000  2.35000e-18
6400.95000  1.43000e-18
6402.89999  1.28000e-18
6404.85000  1.27000e-18
6406.80000  2.38000e-19
6408.74999  1.78000e-18
6410.70000  1.50000e-18
6412.65000  1.10000e-18
6414.59999  1.56000e-18
6416.55000  2.60000e-18
6418.50000  2.04000e-18
6420.44999  1.84000e-18
6422.40000  1.84000e-18
6424.35000  1.34000e-18
6426.29999  1.91000e-18
6428.25000  1.84000e-18
6430.20000  2.10000e-18
6432.14999  1.74000e-18
6434.10000  1.84000e-18
6436.05000  8.26000e-19
6437.99999  1.51000e-18
6439.95000  2.35000e-18
6441.90000  1.72000e-18
6443.84999  1.88000e-19
6445.80000  1.18000e-18
6447.75000  2.73000e-18
6449.69999  1.68000e-18
6451.65000  1.18000e-18
6453.60000  6.33000e-19
6455.54999  1.58000e-18
6457.50000  3.25000e-18
6459.45000  2.21000e-18
6461.39999  2.76000e-18
6463.35000  1.91000e-18
6465.30000  6.34000e-19
6467.24999  1.63000e-18
6469.20000  3.43000e-18
6471.15000  1.72000e-18
6473.09999  1.73000e-18
6475.05000  2.03000e-18
6477.00000  6.26000e-19
6478.94999  8.23000e-19
6480.90000  1.60000e-18
6482.85000  1.07000e-18
6484.79999  2.74000e-18
6486.75000  9.59000e-19
6488.70000  1.71000e-18
6490.64999  2.87000e-18
6492.60000  2.51000e-18
6494.55000  2.38000e-18
6496.49999  1.85000e-18
6498.45000  2.14000e-18
6500.40000  3.29000e-18
6502.34999  1.43000e-18
6504.30000  1.57000e-18
6506.25000  4.54000e-18
6508.20000  1.58000e-18
6510.15000 -5.34000e-19
6512.10000  4.14000e-20
6514.05000  2.02000e-18
6516.00000  1.45000e-18
6517.95000  1.72000e-18
6519.90000  8.55000e-19
6521.85000  7.91000e-19
6523.80000  1.24000e-18
6525.75000  9.96000e-19
6527.70000  1.79000e-18
6529.65000  1.43000e-18
6531.60000 -4.52000e-19
6533.55000  1.62000e-18
6535.50000  1.69000e-18
6537.45000  1.10000e-18
6539.40000  1.92000e-18
6541.35000  5.75000e-19
6543.30000  1.01000e-18
6545.25000  2.84000e-19
6547.20000  2.24000e-18
6549.15000  1.09000e-18
6551.10000  1.19000e-18
6553.05000 -1.10000e-18
6555.00000 -1.01000e-19
6556.95000  1.92000e-18
6558.90000  1.38000e-18
6560.85000  1.33000e-18
6562.80000  1.33000e-19
6564.75000  2.59000e-19
6566.70000  1.08000e-18
6568.65000  2.27000e-18
6570.60000  1.67000e-18
6572.55000 -2.81000e-19
6574.50000 -8.12000e-19
6576.45000 -7.57000e-19
6578.40000 -7.89000e-19
6580.35000 -6.69000e-19
6582.30000 -3.69000e-19
6584.25000  6.06000e-19
6586.20000  1.74000e-19
6588.15000 -6.94000e-19
6590.10000 -2.21000e-19
6592.05000  1.09000e-18
6594.00000  1.38000e-18
6595.95000  1.96000e-18
6597.90000  7.15000e-19
6599.85000  9.22000e-19
6601.80000  1.29000e-18
6603.75000  1.83000e-19
6605.70000  1.46000e-18
6607.65000  1.84000e-18
6609.60000 -3.75000e-19
6611.55000  5.59000e-19
6613.50000  1.29000e-18
6615.45000  8.35000e-19
6617.40000  8.91000e-19
6619.35000  7.94000e-19
6621.30000  7.84000e-19
6623.25000  1.57000e-18
6625.20000  4.75000e-19
6627.15000  1.46000e-18
6629.10000  3.14000e-19
6631.05000 -3.04000e-19
6633.00000  2.60000e-19
6634.95000  5.50000e-20
6636.90000  2.67000e-19
6638.85000  5.48000e-19
6640.80000 -5.21000e-19
6642.75000  1.66000e-20
6644.70000 -1.51000e-19
6646.65000 -1.32000e-18
6648.60000  5.54000e-19
6650.55000  3.14000e-19
6652.50000  1.36000e-18
6654.45000  1.59000e-18
6656.40000  8.11000e-19
6658.35000  3.85000e-19
6660.30000 -7.42000e-19
6662.25000  2.25000e-18
6664.20000  7.95000e-19
6666.15000  1.45000e-20
6668.10000  7.87000e-19
6670.05000 -2.00000e-19
6672.00000  3.78000e-19
6673.95000  9.04000e-20
6675.90000 -2.25000e-19
6677.85000 -4.50000e-20
6679.80000  3.22000e-19
6681.75000  9.34000e-19
6683.70000  1.31000e-18
6685.65000  6.34000e-19
6687.60000  1.36000e-18
6689.55000  1.08000e-18
6691.50000  8.44000e-19
6693.45000 -7.14000e-19
6695.40000  1.01000e-18
6697.35000  1.52000e-18
6699.30000  1.32000e-18
6701.25000  6.11000e-19
6703.20000  9.80000e-19
6705.15000  9.78000e-19
6707.10000  3.70000e-19
6709.05000  9.09000e-19
6711.00000 -5.96000e-19
6712.95000 -3.67000e-19
6714.90000  6.85000e-19
6716.85000  8.84000e-19
6718.80000  6.49000e-19
6720.75000  1.26000e-18
6722.70000  2.26000e-18
6724.65000  2.42000e-18
6726.60000  1.29000e-18
6728.55000  1.41000e-18
6730.50000  2.55000e-18
6732.45000  2.34000e-18
6734.40000  1.24000e-18
6736.35000  7.77000e-19
6738.30000  4.23000e-19
6740.25000  2.33000e-18
6742.20000  1.20000e-18
6744.15000  1.13000e-18
6746.10000  5.53000e-20
6748.05000  1.16000e-18
6750.00000  4.98000e-19
6751.95000  7.88000e-20
6753.90000 -1.48000e-19
6755.85000  2.55000e-18
6757.80000  1.56000e-18
6759.75000  1.48000e-18
6761.70000  1.42000e-18
6763.65000  5.75000e-19
6765.60000 -4.16000e-19
6767.55000  3.33000e-19
6769.50000 -2.97000e-19
6771.45000 -4.20000e-20
6773.40000  7.82000e-19
6775.35000  2.36000e-18
6777.30000  8.13000e-19
6779.25000 -3.10000e-19
6781.20000  2.55000e-20
6783.15000  3.10000e-19
6785.10000 -3.60000e-19
6787.05000  1.29000e-18
6789.00000  3.39000e-18
6790.95000  7.06000e-19
6792.90000  1.36000e-18
6794.85000  1.26000e-18
6796.80000  1.72000e-18
6798.75000  3.44000e-19
6800.70000  5.46000e-19
6802.65000 -2.67000e-20
6804.60000  2.25000e-19
6806.55000  1.14000e-18
6808.50000  3.76000e-19
6810.45000 -4.23000e-19
6812.40000  5.99000e-20
6814.35000  2.18000e-18
6816.30000  1.18000e-18
6818.25000  7.31000e-19
6820.20000  6.33000e-19
6822.15000  2.92000e-18
6824.10000  1.38000e-18
6826.05000  2.34000e-18
6828.00000  5.68000e-18
6829.95000  4.70000e-18
6831.90000 -4.96000e-19
6833.85000  8.30000e-19
6835.80000  2.86000e-18
6837.75000  1.33000e-18
6839.70000  1.84000e-19
6841.65000  1.80000e-18
6843.60000  2.45000e-18
6845.55000  1.24000e-18
6847.50000  7.24000e-19
6849.45000  1.84000e-18
6851.40000  1.43000e-18
6853.35000  2.63000e-18
6855.30000  1.21000e-18
6857.25000  1.60000e-18
6859.20000  1.66000e-18
6861.15000  1.14000e-18
6863.10000  3.02000e-18
6865.05000  2.13000e-18
6867.00000  3.76000e-19
6868.95000  1.38000e-18
6870.90000  1.25000e-18
6872.85000  1.29000e-18
6874.80000  5.73000e-19
6876.75000  6.77000e-19
6878.70000  1.18000e-18
6880.65000  1.09000e-18
6882.60000  4.88000e-20
6884.55000 -1.03000e-18
6886.50000  9.05000e-19
6888.45000  2.39000e-18
6890.40000  1.95000e-18
6892.35000  1.08000e-18
6894.30000  1.22000e-18
6896.25000  1.31000e-18
6898.20000  1.44000e-18
6900.15000  2.04000e-18
6902.10000  3.25000e-18
6904.05000  1.76000e-19
6906.00000 -2.21000e-19
6907.95000  1.40000e-18
6909.90000  2.51000e-19
6911.85000  2.40000e-19
6913.80000 -5.00000e-19
6915.75000 -1.00000e-18
6917.70000 -1.25000e-18
6919.65000  1.40000e-18
6921.60000 -6.59000e-19
6923.55000  5.58000e-19
6925.50000  1.35000e-18
6927.45000 -3.73000e-19
6929.40000 -4.69000e-19
6931.35000  2.19000e-19
6933.30000  1.08000e-19
6935.25000  1.29000e-18
6937.20000  3.08000e-18
6939.15000  1.47000e-18
6941.10000  1.45000e-19
6943.05000  1.34000e-18
6945.00000 -6.62000e-19
6946.95000 -5.21000e-19
6948.90000  6.04000e-19
6950.85000  1.34000e-18
6952.80000  1.80000e-18
6954.75000  7.09000e-20
6956.70000  2.39000e-19
6958.65000  1.31000e-18
6960.60000  1.24000e-18
6962.55000  4.68000e-19
6964.50000  3.35000e-18
6966.45000  2.38000e-18
6968.40000  5.98000e-20
6970.35000  6.76000e-19
6972.30000  8.40000e-19
6974.25000 -1.33000e-18
6976.20000 -7.50000e-19
6978.15000  2.29000e-19
6980.10000  4.63000e-19
6982.05000  4.49000e-19
6984.00000  5.14000e-19
6985.95000  1.33000e-18
6987.90000 -2.36000e-19
6989.85000  5.03000e-19
6991.80000  1.97000e-18
6993.75000  9.90000e-19
6995.70000  1.24000e-19
6997.65000 -9.90000e-20
6999.60000  7.65000e-19
7001.55000  7.12000e-19
7003.50000  1.21000e-18
7005.45000  1.49000e-18
7007.40000  1.78000e-18
7009.35000  1.28000e-18
7011.30000  1.53000e-18
7013.25000  3.27000e-19
7015.20000 -3.12000e-19
7017.15000  1.28000e-18
7019.10000  1.40000e-20
7021.05000  7.72000e-19
7023.00000  1.09000e-18
7024.95000  2.14000e-18
7026.90000  2.14000e-18
7028.85000  3.75000e-19
7030.80000  7.68000e-19
7032.75000  5.91000e-19
7034.70000 -6.78000e-19
7036.65000  2.28000e-19
7038.60000  1.36000e-18
7040.55000  8.79000e-19
7042.50000 -2.05000e-19
7044.45000  1.33000e-18
7046.40000  1.47000e-18
7048.35000  1.45000e-18
7050.30000  1.06000e-18
7052.25000 -3.81000e-19
7054.20000  1.49000e-18
7056.15000  1.76000e-19
7058.10000 -8.26000e-19
7060.05000  1.64000e-18
7062.00000  1.85000e-18
7063.95000 -3.19000e-19
7065.90000 -9.30000e-19
7067.85000 -1.95000e-19
7069.80000  1.13000e-18
7071.75000  1.99000e-19
7073.70000  6.86000e-19
7075.65000  1.20000e-18
7077.60000  1.66000e-18
7079.55000  3.05000e-20
7081.50000  1.07000e-20
7083.45000 -9.18000e-19
7085.40000 -1.21000e-18
7087.35000  6.13000e-19
7089.30000  1.07000e-18
7091.25000  9.10000e-19
7093.20000  2.11000e-19
7095.15000  2.35000e-19
7097.10000  1.03000e-18
7099.05000  2.70000e-20
7101.00000 -1.39000e-18
7102.95000 -2.92000e-22
7104.90000 -4.92000e-20
7106.85000  6.19000e-20
7108.80000  1.30000e-18
7110.75000  1.09000e-18
7112.70000  1.18000e-18
7114.65000  6.82000e-19
7116.60000 -1.67000e-18
7118.55000 -2.32000e-19
7120.50000  1.90000e-18
7122.45000  1.11000e-18
7124.40000 -3.52000e-19
7126.35000 -2.26000e-19
7128.30000 -2.14000e-19
7130.25000 -9.56000e-20
7132.20000 -5.76000e-20
7134.15000  7.49000e-19
7136.10000  5.73000e-19
7138.05000  9.61000e-19
7140.00000  1.60000e-18
7141.95000 -1.24000e-18
7143.90000 -1.72000e-18
7145.85000 -2.54000e-19
7147.80000 -3.08000e-19
7149.75000  2.08000e-18
7151.70000  1.34000e-18
7153.65000  2.95000e-19
7155.60000  8.03000e-19
7157.55000  1.76000e-19
7159.50000  9.17000e-19
7161.45000  4.70000e-19
7163.40000  4.97000e-19
7165.35000  9.34000e-19
7167.30000  1.35000e-18
7169.25000  1.44000e-18
7171.20000  1.74000e-18
7173.15000  1.64000e-18
7175.10000  3.13000e-19
7177.05000  2.20000e-18
7179.00000  2.15000e-18
7180.95000  1.61000e-18
7182.90000 -9.99000e-20
7184.85000  2.60000e-19
7186.80000  1.66000e-18
7188.75000 -9.54000e-19
7190.70000  6.68000e-19
7192.65000  2.34000e-18
7194.60000 -5.68000e-20
7196.55000 -5.67000e-19
7198.50000  5.07000e-19
7200.45000  8.32000e-19
7202.40000  2.19000e-18
7204.35000  1.95000e-18
7206.30000  1.37000e-18
7208.25000  9.52000e-19
7210.20000  1.58000e-18
7212.15000  1.52000e-18
7214.10000  1.92000e-19
7216.05000  2.06000e-19
7218.00000  3.84000e-19
7219.95000  1.57000e-18
7221.90000  9.61000e-19
7223.85000 -1.12000e-18
7225.80000  3.97000e-19
7227.75000  7.93000e-19
7229.70000  5.64000e-19
7231.65000  1.77000e-18
7233.60000  1.61000e-18
7235.55000  4.96000e-19
7237.50000 -1.97000e-21
7239.45000 -9.44000e-19
7241.40000  1.72000e-18
7243.35000  2.05000e-19
7245.30000  4.49000e-19
7247.25000  9.29000e-19
7249.20000  1.69000e-18
7251.15000  5.66000e-19
7253.10000  1.00000e-18
7255.05000  1.64000e-18
7257.00000  5.31000e-19
7258.95000 -1.28000e-18
7260.90000 -1.83000e-18
7262.85000 -8.61000e-19
7264.80000  4.89000e-19
7266.75000  5.50000e-19
7268.70000  3.30000e-20
7270.65000  1.12000e-18
7272.60000  1.20000e-18
7274.55000  1.35000e-18
7276.50000  4.03000e-18
7278.45000  6.66000e-18
7280.40000 -2.79000e-18
7282.35000 -1.64000e-18
7284.30000  8.42000e-19
7286.25000 -5.98000e-19
7288.20000  6.16000e-19
7290.15000 -5.09000e-19
7292.10000  5.90000e-19
7294.05000  1.91000e-18
7296.00000  1.10000e-18
7297.95000 -2.00000e-18
7299.90000  8.96000e-20
7301.85000  1.48000e-18
7303.80000  7.25000e-19
7305.75000  9.49000e-19
7307.70000  2.48000e-19
7309.65000  1.43000e-18
7311.60000  1.28000e-18
7313.55001  1.97000e-19
7315.50000 -1.81000e-18
7317.45000  4.39000e-19
7319.40001  7.26000e-19
7321.35000 -1.14000e-19
7323.30000  1.11000e-18
7325.25001  4.78000e-19
7327.20000  6.73000e-19
7329.15000  9.68000e-19
7331.10001  6.58000e-19
7333.05000  2.35000e-18
7335.00000  6.17000e-20
7336.95001 -9.84000e-19
7338.90000  3.66000e-18
7340.85000  4.02000e-18
7342.80001  3.14000e-18
7344.75000  1.01000e-18
7346.70000 -5.35000e-19
7348.65001  1.66000e-18
7350.60000 -1.96000e-19
7352.55000  3.98000e-19
7354.50001  1.77000e-18
7356.45000 -1.94000e-18
7358.40000 -2.07000e-18
7360.35001  1.04000e-18
7362.30000  3.32000e-18
7364.25000  3.67000e-18
7366.20001  3.15000e-18
7368.15000  2.60000e-18
7370.10000  6.79000e-19
7372.05001  5.10000e-19
7374.00000  9.87000e-19
7375.95000  2.11000e-18
7377.90001  2.03000e-18
7379.85000  1.90000e-18
7381.80000  2.75000e-18
7383.75001  2.40000e-18
7385.70000  6.78000e-19
7387.65000  3.61000e-19
7389.60001  1.09000e-19
7391.55000 -7.14000e-19
7393.50000 -1.40000e-18
7395.45001 -1.10000e-18
7397.40000  7.74000e-19
7399.35000 -7.45000e-19
7401.30001 -1.30000e-18
7403.25000 -2.64000e-19
7405.20000 -1.43000e-18
7407.15001  1.04000e-19
7409.10000 -7.69000e-19
7411.05000  8.32000e-19
7413.00001  9.10000e-19
7414.95000  7.37000e-19
7416.90000 -1.19000e-19
7418.85001  6.00000e-21
7420.80000  1.35000e-18
7422.75000  1.55000e-18
7424.70001  2.11000e-18
7426.65000  2.76000e-18
7428.60000  2.43000e-18
7430.55001  8.59000e-19
7432.50000  1.82000e-18
7434.45000  1.55000e-18
7436.40001  7.59000e-19
7438.35000 -9.30000e-22
7440.30000 -1.73000e-19
7442.25001  3.71000e-19
7444.20000  2.48000e-20
7446.15000 -2.60000e-19
7448.10001 -5.88000e-20
7450.05000 -2.04000e-19
7452.00000  3.38000e-19
7453.95001  3.02000e-19
7455.90000  4.14000e-19
7457.85000  3.50000e-19
7459.80001  1.58000e-18
7461.75000  1.85000e-18
7463.70000  2.29000e-18
7465.65001  1.78000e-18
7467.60000 -6.88000e-20
7469.55000  1.10000e-18
7471.50001 -7.03000e-19
7473.45000 -9.62000e-19
7475.40000  8.08000e-19
7477.35001  4.92000e-19
7479.30000  3.89000e-19
7481.25000  9.56000e-19
7483.20001 -4.99000e-19
7485.15000  2.83000e-19
7487.10000 -1.67000e-18
7489.05001  7.92000e-19
7491.00000  1.40000e-18
7492.95000  3.18000e-19
7494.90001  1.75000e-18
7496.85000  8.22000e-19
7498.80000 -9.17000e-19
7500.75001 -1.34000e-18
7502.70000  2.62000e-19
7504.65000 -1.77000e-19
7506.60001  7.81000e-19
7508.55000  1.46000e-18
7510.50000  1.39000e-18
7512.45001  4.36000e-19
7514.40000  5.38000e-20
7516.35000  5.26000e-19
7518.30001  1.14000e-18
7520.25000  8.48000e-19
7522.20000 -1.63000e-18
7524.15001 -8.05000e-19
7526.10000  1.72000e-18
7528.05000  3.29000e-18
7530.00001  3.00000e-18
7531.95000  2.36000e-18
7533.90000  1.13000e-18
7535.85001  7.03000e-19
7537.80000  1.06000e-18
7539.75000  1.09000e-18
7541.70001  1.10000e-18
7543.65000  4.65000e-19
7545.60000 -4.27000e-19
7547.55001  3.99000e-19
7549.50000  8.12000e-19
7551.45000  2.84000e-19
7553.40001  1.03000e-18
7555.35000  1.31000e-18
7557.30000 -3.66000e-19
7559.25001  2.45000e-19
7561.20000  1.97000e-18
7563.15000  1.38000e-18
7565.10001  3.25000e-19
7567.05000  1.48000e-18
7569.00000 -1.31000e-18
7570.95001 -1.68000e-18
7572.90000  1.62000e-18
7574.85000  7.36000e-19
7576.80001  1.39000e-18
7578.75000  2.91000e-19
7580.70000 -1.16000e-18
7582.65001 -1.15000e-18
7584.60000 -2.26000e-18
7586.55000 -4.07000e-19
7588.50001  6.14000e-19
7590.45000 -1.54000e-19
7592.40000  1.37000e-18
7594.35001  1.15000e-18
7596.30000  7.72000e-19
7598.25000  5.11000e-18
7600.20001  3.29000e-18
7602.15000  3.05000e-18
7604.10000  2.96000e-18
7606.05001  2.27000e-18
7608.00000  4.19000e-18
7609.95000  3.26000e-18
7611.90001  3.74000e-19
7613.85000  2.50000e-18
7615.80000  2.88000e-18
7617.75001  3.83000e-18
7619.70000  3.93000e-18
7621.65000  1.99000e-18
7623.59999  2.17000e-18
7625.55000  6.09000e-19
7627.50000 -1.38000e-18
7629.44999 -1.16000e-18
7631.40000 -1.54000e-18
7633.35000 -2.83000e-18
7635.29999 -1.43000e-18
7637.25000 -1.84000e-18
7639.20000 -1.24000e-18
7641.14999  5.14000e-19
7643.10000  1.04000e-18
7645.05000  7.36000e-19
7646.99999  2.16000e-18
7648.95000  3.26000e-18
7650.90000  3.03000e-18
7652.84999  3.16000e-19
7654.80000 -9.13000e-19
7656.75000  9.48000e-19
7658.69999  5.93000e-20
7660.65000  9.68000e-19
7662.60000  2.22000e-18
7664.54999  1.19000e-18
7666.50000  9.09000e-19
7668.45000  7.95000e-19
7670.39999 -1.12000e-18
7672.35000 -7.07000e-19
7674.30000  3.96000e-19
7676.24999 -4.38000e-19
7678.20000  3.08000e-19
7680.15000  1.69000e-18
7682.09999  2.59000e-18
7684.05000  1.83000e-18
7686.00000  1.75000e-18
7687.94999  2.03000e-18
7689.90000  8.04000e-19
7691.85000  1.44000e-18
7693.79999  1.80000e-18
7695.75000 -4.26000e-19
7697.70000  4.56000e-19
7699.64999  1.27000e-18
7701.60000  1.69000e-18
7703.55000  1.23000e-18
7705.49999 -5.08000e-19
7707.45000  3.51000e-19
7709.40000  6.05000e-19
7711.34999 -2.13000e-18
7713.30000 -8.56000e-19
7715.25000  1.24000e-18
7717.19999  4.95000e-18
7719.15000  4.58000e-18
7721.10000  1.34000e-18
7723.04999  2.77000e-18
7725.00000  2.41000e-18
7726.95000  4.42000e-18
7728.89999  2.30000e-18
7730.85000  1.26000e-18
7732.80000 -1.92000e-19
7734.74999 -9.64000e-19
7736.70000  1.21000e-18
7738.65000  9.19000e-19
7740.59999  1.04000e-18
7742.55000 -4.48000e-19
7744.50000 -3.32000e-19
7746.44999 -3.87000e-19
7748.40000 -2.20000e-18
7750.35000 -2.25000e-19
7752.29999  1.59000e-18
7754.25000  3.44000e-19
7756.20000 -1.47000e-19
7758.14999 -1.28000e-18
7760.10000 -1.98000e-18
7762.05000  1.08000e-18
7763.99999  1.33000e-18
7765.95000  1.39000e-19
7767.90000  5.63000e-19
7769.84999  1.79000e-18
7771.80000  2.97000e-18
7773.75000  1.28000e-18
7775.69999  1.83000e-18
7777.65000  1.70000e-18
7779.60000  4.87000e-19
7781.54999 -1.08000e-19
7783.50000 -1.67000e-18
7785.45000 -1.75000e-18
7787.39999  3.49000e-19
7789.35000 -3.29000e-19
7791.30000  2.79000e-18
7793.24999  4.13000e-18
7795.20000  3.25000e-18
7797.15000  1.24000e-18
7799.09999  1.23000e-18
7801.05000  6.79000e-20
7803.00000 -9.21000e-19
7804.94999  1.50000e-18
7806.90000 -1.42000e-18
7808.85000 -2.16000e-18
7810.79999  2.51000e-18
7812.75000  8.52000e-19
7814.70000 -8.19000e-19
7816.64999  1.25000e-18
7818.60000 -7.31000e-19
7820.55000  3.17000e-18
7822.49999  1.79000e-18
7824.45000 -1.76000e-18
7826.40000 -4.41000e-21
7828.34999  2.81000e-18
7830.30000  1.70000e-19
7832.25000 -2.13000e-18
7834.19999 -2.54000e-19
7836.15000  5.03000e-19
7838.10000 -7.88000e-20
7840.04999 -1.16000e-18
7842.00000  1.20000e-18
7843.95000  2.42000e-18
7845.89999 -5.61000e-19
7847.85000  9.14000e-19
7849.80000  3.58000e-18
7851.74999  2.59000e-18
7853.70000  3.27000e-18
7855.65000  3.10000e-18
7857.59999  2.93000e-18
7859.55000  3.20000e-18
7861.50000  1.70000e-18
7863.44999 -9.74000e-19
7865.40000 -3.37000e-19
7867.35000  6.12000e-19
7869.29999 -2.73000e-18
7871.25000  1.80000e-18
7873.20000  3.30000e-18
7875.14999 -1.09000e-18
7877.10000 -8.59000e-19
7879.05000  1.04000e-18
7880.99999  3.06000e-18
7882.95000  1.53000e-18
7884.90000  2.72000e-19
7886.84999  1.08000e-18
7888.80000  3.67000e-18
7890.75000 -8.59000e-19
7892.69999 -1.64000e-18
7894.65000  7.65000e-19
7896.60000  1.06000e-18
7898.54999 -1.28000e-18
7900.50000 -5.99000e-19
7902.45000 -1.44000e-18
7904.39999 -2.63000e-19
7906.35000  5.65000e-19
7908.30000 -1.40000e-18
7910.24999  1.67000e-19
7912.20000  5.03000e-18
7914.15000  4.73000e-18
7916.09999  9.44000e-19
7918.05000 -4.82000e-18
7920.00000  5.91000e-19
7921.94999  4.03000e-18
7923.90000  3.52000e-19
7925.85000 -2.22000e-18
7927.79999 -1.04000e-18
7929.75000  1.61000e-18
7931.70000  4.51000e-18
7933.65000  3.36000e-19
7935.60000 -3.27000e-19
7937.55000 -1.78000e-19
7939.50000 -1.02000e-18
7941.45000  2.02000e-18
7943.40000  2.34000e-18
7945.35000 -1.98000e-18
7947.30000 -5.12000e-19
7949.25000  2.08000e-18
7951.20000 -9.28000e-19
7953.15000 -2.00000e-19
7955.10000  1.31000e-18
7957.05000  1.69000e-18
7959.00000  8.14000e-19
7960.95000 -2.97000e-18
7962.90000 -3.33000e-18
7964.85000  5.57000e-19
7966.80000 -1.07000e-18
7968.75000 -2.54000e-18
7970.70000  3.11000e-18
7972.65000  1.21000e-18
7974.60000 -3.50000e-18
7976.55000 -3.55000e-18
7978.50000  1.02000e-18
7980.45000  1.28000e-18
7982.40000 -2.67000e-18
7984.35000 -1.32000e-19
7986.30000 -6.79000e-19
7988.25000 -6.49000e-19
7990.20000  2.37000e-18
7992.15000  4.46000e-18
7994.10000  7.26000e-20
7996.05000 -1.59000e-18
7998.00000  1.64000e-19
7999.95000  1.20000e-18
8001.90000  1.62000e-18
8003.85000  1.69000e-18
8005.80000 -9.84000e-20
8007.75000 -4.55000e-19
8009.70000  7.62000e-19
8011.65000 -3.56000e-20
8013.60000  1.50000e-18
8015.55000  2.04000e-18
8017.50000  3.51000e-18
8019.45000  1.52000e-18
8021.40000 -1.36000e-18
8023.35000 -4.79000e-18
8025.30000 -2.89000e-18
8027.25000  2.63000e-18
8029.20000  3.42000e-18
8031.15000  2.28000e-18
8033.10000 -7.60000e-20
8035.05000 -5.27000e-19
8037.00000 -3.70000e-19
8038.95000  1.26000e-18
8040.90000  1.14000e-18
8042.85000  2.89000e-19
8044.80000  1.34000e-18
8046.75000  1.02000e-18
8048.70000  1.96000e-18
8050.65000  6.74000e-19
8052.60000  1.21000e-18
8054.55000  3.47000e-18
8056.50000 -3.49000e-20
8058.45000 -4.31000e-18
8060.40000 -3.16000e-19
8062.35000  4.25000e-19
8064.30000  4.15000e-19
8066.25000  7.89000e-19
8068.20000  2.05000e-18
8070.15000  7.95000e-19
8072.10000  1.47000e-18
8074.05000  6.48000e-19
8076.00000  1.74000e-19
8077.95000 -5.96000e-19
8079.90000 -2.30000e-18
8081.85000 -1.92000e-18
8083.80000  1.17000e-18
8085.75000  2.44000e-18
8087.70000  3.03000e-19
8089.65000 -2.16000e-18
8091.60000 -3.72000e-18
8093.55000  5.34000e-19
8095.50000  3.12000e-18
8097.45000  9.32000e-19
8099.40000 -7.40000e-19
8101.35000 -1.29000e-18
8103.30000  2.32000e-18
8105.25000  1.25000e-18
8107.20000 -9.41000e-19
8109.15000 -2.78000e-18
8111.10000 -2.04000e-18
8113.05000 -1.60000e-19
8115.00000  1.74000e-18
8116.95000  4.99000e-19
8118.90000  7.18000e-19
8120.85000  4.03000e-18
8122.80000  1.19000e-18
8124.75000 -9.66000e-19
8126.70000 -4.73000e-19
8128.65000 -1.43000e-18
8130.60000  8.13000e-19
8132.55000  3.14000e-18
8134.50000  9.28000e-19
8136.45000  1.22000e-18
8138.40000  1.77000e-18
8140.35000  2.68000e-19
8142.30000 -3.94000e-19
8144.25000 -5.94000e-19
8146.20000  8.18000e-20
8148.15000  9.52000e-19
8150.10000  1.85000e-18
8152.05000  6.50000e-19
8154.00000  1.49000e-18
8155.95000  2.29000e-18
8157.90000  2.65000e-18
8159.85000  7.04000e-19
8161.80000 -4.69000e-19
8163.75000  2.43000e-18
8165.70000  1.03000e-18
8167.65000 -9.01000e-19
8169.60000  1.51000e-18
8171.55000  6.20000e-19
8173.50000 -1.05000e-18
8175.45000 -1.54000e-18
8177.40000  8.96000e-21
8179.35000 -1.27000e-18
8181.30000 -9.65000e-19
8183.25000  5.30000e-18
8185.20000  5.18000e-18
8187.15000  1.42000e-18
8189.10000  5.94000e-19
8191.05000 -5.87000e-19
8193.00000  4.76000e-19
8194.95000  7.69000e-19
8196.90000  1.63000e-18
8198.85000  1.82000e-18
8200.80000  6.61000e-19
8202.75000  2.48000e-18
8204.70000  1.75000e-18
8206.65000  1.98000e-18
8208.60000  3.24000e-18
8210.55000  2.42000e-18
8212.50000  1.17000e-18
8214.45000  3.11000e-18
8216.40000  4.01000e-19
8218.35000  1.65000e-18
8220.30000  1.80000e-18
8222.25000  5.17000e-18
8224.20000  5.03000e-18
8226.15000  2.50000e-18
8228.10000  2.99000e-18
8230.05000  2.31000e-18
8232.00000 -1.80000e-18
8233.95000 -9.26000e-19
8235.90000  4.14000e-19
8237.85000  7.61000e-19
8239.80000  4.23000e-18
8241.75000  1.54000e-18
8243.70000 -1.92000e-18
8245.65000 -1.76000e-18
8247.60000 -8.30000e-19
8249.55000  1.00000e-18
8251.50000  1.02000e-18
8253.45000 -1.70000e-18
8255.40000 -2.10000e-18
8257.35000  1.54000e-18
8259.30000  1.46000e-18
8261.25000  1.00000e-18
8263.20000 -9.24000e-19
8265.15000  7.03000e-19
8267.10000  2.28000e-18
8269.05000  2.11000e-18
8271.00000  1.14000e-18
8272.95000 -8.48000e-19
8274.90000  1.89000e-18
8276.85000  2.93000e-19
8278.80000 -1.56000e-18
8280.75000  3.00000e-19
8282.70000  2.57000e-18
8284.65000  3.63000e-20
8286.60000  1.57000e-18
8288.55000  9.30000e-22
8290.50000 -7.89000e-18
8292.45000 -4.31000e-18
8294.40000 -3.14000e-18
8296.35000 -8.27000e-19
8298.30000  4.88000e-18
8300.25000  3.91000e-18
8302.20000 -1.86000e-18
8304.15000 -8.71000e-19
8306.10000  1.17000e-18
8308.05000  1.37000e-18
8310.00000  5.09000e-18
8311.95000  2.08000e-18
8313.90000  6.98000e-20
8315.85000  2.21000e-18
8317.80000  6.23000e-19
8319.75000 -2.84000e-19
8321.70000  2.41000e-18
8323.65000  3.53000e-18
8325.60000  1.48000e-18
8327.55000  1.85000e-18
8329.50000  1.62000e-18
8331.45000 -2.68000e-19
8333.40000 -1.74000e-19
8335.35000 -2.04000e-20
8337.30000 -2.10000e-19
8339.25000  5.27000e-18
8341.20000  2.87000e-18
8343.15000  3.51000e-18
8345.10000  1.17000e-17
8347.05000  5.64000e-18
8349.00000 -1.46000e-19
8350.95000  2.96000e-18
8352.90000  1.03000e-18
8354.85000 -9.56000e-19
8356.80000  2.78000e-18
8358.75000  5.44000e-18
8360.70000  5.46000e-18
8362.65000  5.11000e-18
8364.60000  2.27000e-18
8366.55000 -5.17000e-19
8368.50000  5.72000e-19
8370.45000 -9.44000e-20
8372.40000 -1.09000e-20
8374.35000 -2.67000e-18
8376.30000 -4.02000e-18
8378.25000  4.42000e-19
8380.20000 -2.68000e-19
8382.15000 -3.82000e-18
8384.10000 -3.21000e-18
8386.05000 -2.54000e-18
8388.00000 -3.68000e-19
8389.95000  1.09000e-18
8391.90000  1.86000e-18
8393.85000  6.25000e-18
8395.80000  3.18000e-18
8397.75000 -6.15000e-19
8399.70000 -8.43000e-18
8401.65000  8.83000e-19
8403.60000  2.11000e-18
8405.55000  1.22000e-19
8407.50000 -1.79000e-20
8409.45000 -3.47000e-18
8411.40000 -7.72000e-18
8413.35000 -7.14000e-18
8415.30000 -3.77000e-18
8417.25000 -2.65000e-18
8419.20000 -2.53000e-18
8421.15000 -3.17000e-18
8423.10000  3.51000e-18
8425.05000 -3.95000e-18
8427.00000 -2.12000e-18
8428.95000  1.15000e-17
8430.90000  3.90000e-18
8432.85000 -9.95000e-20
8434.80000  3.01000e-18
8436.75000  8.22000e-20
8438.70000 -7.70000e-19
8440.65000 -7.21000e-19
8442.60000 -6.38000e-21
8444.55000  3.00000e-18
8446.50000 -4.12000e-19
8448.45000  3.30000e-18
8450.40000  9.36000e-18
8452.35000  4.06000e-18
8454.30000  9.29000e-19
8456.25000  3.31000e-19
8458.20000 -3.04000e-18
8460.15000 -2.95000e-18
8462.10000  1.36000e-18
8464.05000  2.44000e-18
8466.00000  2.76000e-18
8467.95000  2.00000e-18
8469.90000  2.47000e-18
8471.85000 -1.08000e-18
8473.80000  1.65000e-18
8475.75000  2.71000e-18
8477.70000  8.21000e-19
8479.65000  1.02000e-18
8481.60000  2.00000e-18
8483.55000  2.39000e-18
8485.50000  2.49000e-18
8487.45000  8.37000e-19
8489.40000 -9.33000e-19
8491.35000 -7.21000e-19
8493.30000  1.57000e-19
8495.25000 -2.45000e-18
8497.20000  1.18000e-18
8499.15000  2.31000e-18
8501.10000  7.84000e-18
8503.05000  9.14000e-18
8505.00000  4.65000e-18
8506.95000  2.33000e-19
8508.90000 -2.98000e-18
8510.85000 -7.06000e-19
8512.80000  2.09000e-18
8514.75000  1.23000e-18
8516.70000  1.83000e-18
8518.65000 -7.75000e-19
8520.60000 -1.19000e-18
8522.55000  1.94000e-18
8524.50000  1.94000e-18
8526.45000  8.45000e-19
8528.40000  1.22000e-19
8530.35000  9.19000e-19
8532.30000  1.55000e-18
8534.25000  1.27000e-18
8536.20000  2.96000e-20
8538.15000 -1.14000e-18
8540.10000 -5.97000e-19
8542.05000  1.91000e-18
8544.00000 -3.41000e-20
8545.95000 -7.61000e-19
8547.90000  2.67000e-18
8549.85000 -1.52000e-18
8551.80000 -2.01000e-18
8553.75000 -2.08000e-18
8555.70000  8.94000e-19
8557.65000  3.92000e-18
8559.60000  2.36000e-19
8561.55000  2.34000e-18
8563.50000  3.21000e-18
8565.45000 -1.56000e-19
8567.40000  1.20000e-19
8569.35000  1.48000e-18
8571.30000  3.14000e-18
8573.25000  2.33000e-20
8575.20000  1.54000e-18
8577.15000 -2.29000e-19
8579.10000 -2.88000e-18
8581.05000 -3.91000e-19
8583.00000 -2.16000e-18
8584.95000  2.63000e-18
8586.90000  4.32000e-18
8588.85000  1.19000e-18
8590.80000  1.37000e-19
8592.75000 -1.65000e-18
8594.70000 -5.62000e-19
8596.65000 -2.94000e-18
8598.60000  1.42000e-19
8600.55000  2.31000e-18
8602.50000  1.50000e-18
8604.45000  2.16000e-18
8606.40000  4.21000e-19
8608.35000  1.05000e-18
8610.30000  9.51000e-19
8612.25000 -1.65000e-18
8614.20000 -2.57000e-18
8616.15000 -5.16000e-18
