3559.78604984 1.16109444369e-16
3561.96853805 1.42468036763e-16
3564.15102625 1.58115213665e-16
3566.33351445 1.63459349506e-16
3568.51600266 1.80316355185e-16
3570.69849086 1.72998122901e-16
3572.88097906 1.72717596402e-16
3575.06346726 1.66727099777e-16
3577.24595547 1.66412056063e-16
3579.42844367 1.79022000656e-16
3581.61093187 1.9762528357e-16
3583.79342008 1.8910240489e-16
3585.97590828 1.69735801349e-16
3588.15839648 1.81652665441e-16
3590.34088469 1.80981252882e-16
3592.52337289 1.69110829416e-16
3594.70586109 1.76495637088e-16
3596.88834929 1.80671584496e-16
3599.0708375 1.75028986185e-16
3601.2533257 1.45894403687e-16
3603.4358139 1.72047990584e-16
3605.61830211 1.98341079739e-16
3607.80079031 1.81018830315e-16
3609.98327851 1.63526583201e-16
3612.16576672 1.79314517728e-16
3614.34825492 1.89378716787e-16
3616.53074312 1.73083320788e-16
3618.71323133 1.72604831368e-16
3620.89571953 1.5416604202e-16
3623.07820773 1.76560638128e-16
3625.26069593 1.87973749979e-16
3627.44318414 1.67211305679e-16
3629.62567234 1.81889081214e-16
3631.80816054 1.78412961229e-16
3633.99064875 1.7101737283e-16
3636.17313695 1.84938284388e-16
3638.35562515 1.76217357373e-16
3640.53811336 1.61957757314e-16
3642.72060156 1.74892919545e-16
3644.90308976 1.82975483904e-16
3647.08557796 1.76566869512e-16
3649.26806617 1.5812825497e-16
3651.45055437 1.5668719005e-16
3653.63304257 1.70134720403e-16
3655.81553078 1.49376315386e-16
3657.99801898 1.62136781091e-16
3660.18050718 1.7972688245e-16
3662.36299539 1.68845988675e-16
3664.54548359 1.65179766018e-16
3666.72797179 1.6541569973e-16
3668.91046 1.68654531584e-16
3671.0929482 1.69941361776e-16
3673.2754364 1.69618635466e-16
3675.4579246 1.74898159244e-16
3677.64041281 1.69999158993e-16
3679.82290101 1.84182895611e-16
3682.00538921 1.76527655605e-16
3684.18787742 1.63957255558e-16
3686.37036562 1.7722170077e-16
3688.55285382 1.82781451895e-16
3690.73534203 1.60856215127e-16
3692.91783023 1.7352765205e-16
3695.10031843 1.82226570534e-16
3697.28280663 1.63859979957e-16
3699.46529484 1.85843576395e-16
3701.64778304 1.94468032811e-16
3703.83027124 1.79822952389e-16
3706.01275945 1.78505844368e-16
3708.19524765 1.66583779472e-16
3710.37773585 1.66881668145e-16
3712.56022406 1.70742735655e-16
3714.74271226 1.60001587196e-16
3716.92520046 1.86859891363e-16
3719.10768867 1.72714572204e-16
3721.29017687 1.92351531497e-16
3723.47266507 1.7010820672e-16
3725.65515327 1.68758402127e-16
3727.83764148 1.6993579558e-16
3730.02012968 1.60151619953e-16
3732.20261788 1.55660365632e-16
3734.38510609 1.59220867996e-16
3736.56759429 1.67117720179e-16
3738.75008249 1.58420783436e-16
3740.9325707 1.54641000157e-16
3743.1150589 1.51099268517e-16
3745.2975471 1.81999604044e-16
3747.48003531 1.67395272073e-16
3749.66252351 1.69245709533e-16
3751.84501171 1.6866564649e-16
3754.02749991 1.82106379546e-16
3756.20998812 1.85701116409e-16
3758.39247632 1.62343600346e-16
3760.57496452 1.44122563706e-16
3762.75745273 1.55586352973e-16
3764.93994093 1.79673747542e-16
3767.12242913 1.79914719132e-16
3769.30491734 1.83264013352e-16
3771.48740554 1.66717922357e-16
3773.66989374 1.59038703488e-16
3775.85238194 1.72842252232e-16
3778.03487015 1.77241240424e-16
3780.21735835 1.9353706688e-16
3782.39984655 1.73724038856e-16
3784.58233476 1.72689358968e-16
3786.76482296 1.75638794746e-16
3788.94731116 1.75401894875e-16
3791.12979937 1.79263638412e-16
3793.31228757 1.74240823847e-16
3795.49477577 1.68794203264e-16
3797.67726398 1.73718340936e-16
3799.85975218 1.90886296536e-16
3802.04224038 1.87607983365e-16
3804.22472858 1.69305249176e-16
3806.40721679 1.75846559437e-16
3808.58970499 1.67469175301e-16
3810.77219319 1.72299915226e-16
3812.9546814 1.69411834237e-16
3815.1371696 1.64620482644e-16
3817.3196578 1.72655582439e-16
3819.50214601 1.7782830696e-16
3821.68463421 1.65880457433e-16
3823.86712241 1.76561985683e-16
3826.04961061 1.96636404451e-16
3828.23209882 1.92490226016e-16
3830.41458702 1.76895422628e-16
3832.59707522 1.71695813074e-16
3834.77956343 1.73785876742e-16
3836.96205163 1.71440375994e-16
3839.14453983 1.65960796739e-16
3841.32702804 1.71109508133e-16
3843.50951624 1.79288598307e-16
3845.69200444 1.62769646434e-16
3847.87449265 1.67594322013e-16
3850.05698085 1.73232826995e-16
3852.23946905 1.73042282432e-16
3854.42195725 1.72017653906e-16
3856.60444546 1.7558253681e-16
3858.78693366 1.79152566173e-16
3860.96942186 1.6307830671e-16
3863.15191007 1.55489689414e-16
3865.33439827 1.66994668199e-16
3867.51688647 1.73932001402e-16
3869.69937468 1.68370488031e-16
3871.88186288 1.59536652194e-16
3874.06435108 1.79063035264e-16
3876.24683928 1.69883693578e-16
3878.42932749 1.59373423559e-16
3880.61181569 1.63125041279e-16
3882.79430389 1.56808684173e-16
3884.9767921 1.65532865811e-16
3887.1592803 1.77879508074e-16
3889.3417685 1.65145411851e-16
3891.52425671 1.59986185472e-16
3893.70674491 1.59927505625e-16
3895.88923311 1.73524306637e-16
3898.07172132 1.86366874706e-16
3900.25420952 1.72071836739e-16
3902.43669772 1.6367996441e-16
3904.61918592 1.64964396884e-16
3906.80167413 1.76258705441e-16
3908.98416233 1.85881295727e-16
3911.16665053 1.7920053166e-16
3913.34913874 1.64574519499e-16
3915.53162694 1.74583830387e-16
3917.71411514 1.97955039861e-16
3919.89660335 1.68239718481e-16
3922.07909155 1.72469317003e-16
3924.26157975 1.72161293635e-16
3926.44406796 1.66294995254e-16
3928.62655616 1.68064526465e-16
3930.80904436 1.64970776863e-16
3932.99153256 1.55154829819e-16
3935.17402077 1.63358639655e-16
3937.35650897 1.78230552772e-16
3939.53899717 1.62754263644e-16
3941.72148538 1.64635639434e-16
3943.90397358 1.69987830518e-16
3946.08646178 1.57586270431e-16
3948.26894999 1.63318979689e-16
3950.45143819 1.58014487647e-16
3952.63392639 1.68356649328e-16
3954.81641459 1.55730936102e-16
3956.9989028 1.60300073702e-16
3959.181391 1.75691268521e-16
3961.3638792 1.81275668681e-16
3963.54636741 1.72691379689e-16
3965.72885561 1.62660268991e-16
3967.91134381 1.58164225849e-16
3970.09383202 1.61163935365e-16
3972.27632022 1.6531014753e-16
3974.45880842 1.62458598944e-16
3976.64129663 1.67193976944e-16
3978.82378483 1.76407152082e-16
3981.00627303 1.68870936034e-16
3983.18876123 1.65224973232e-16
3985.37124944 1.61375253118e-16
3987.55373764 1.77018023877e-16
3989.73622584 1.86231070992e-16
3991.91871405 1.67599222677e-16
3994.10120225 1.68921511483e-16
3996.28369045 1.68078870816e-16
3998.46617866 1.7120269397e-16
4000.64866686 1.60894185478e-16
4002.83115506 1.73465442201e-16
4005.01364326 1.68411451855e-16
4007.19613147 1.6463868642e-16
4009.37861967 1.7148021254e-16
4011.56110787 1.66976257219e-16
4013.74359608 1.73080124607e-16
4015.92608428 1.61649663365e-16
4018.10857248 1.603510709e-16
4020.29106069 1.75312222039e-16
4022.47354889 1.72374477241e-16
4024.65603709 1.75058508941e-16
4026.8385253 1.65348864691e-16
4029.0210135 1.77643157378e-16
4031.2035017 1.57420972527e-16
4033.3859899 1.59043899283e-16
4035.56847811 1.66976283721e-16
4037.75096631 1.6845585054e-16
4039.93345451 1.63371073165e-16
4042.11594272 1.71585716345e-16
4044.29843092 1.75056285915e-16
4046.48091912 1.73411878434e-16
4048.66340733 1.86681095734e-16
4050.84589553 2.17193041682e-16
4053.02838373 2.32689103646e-16
4055.21087193 2.09629467198e-16
4057.39336014 1.97764533666e-16
4059.57584834 1.87563090481e-16
4061.75833654 1.78374896311e-16
4063.94082475 1.70082465545e-16
4066.12331295 1.75889123518e-16
4068.30580115 1.73916788999e-16
4070.48828936 1.70802621276e-16
4072.67077756 1.64321130189e-16
4074.85326576 1.75121712009e-16
4077.03575397 1.72876250523e-16
4079.21824217 1.74449326308e-16
4081.40073037 1.80561919742e-16
4083.58321857 1.74143734994e-16
4085.76570678 1.68136817342e-16
4087.94819498 1.82284103531e-16
4090.13068318 1.97838928127e-16
4092.31317139 1.73049289186e-16
4094.49565959 1.66146343882e-16
4096.67814779 1.74512903192e-16
4098.860636 1.66060203809e-16
4101.0431242 1.7784001252e-16
4103.2256124 1.78539019961e-16
4105.40810061 1.78686070749e-16
4107.59058881 1.83228526422e-16
4109.77307701 1.8348239752e-16
4111.95556521 1.76280020191e-16
4114.13805342 1.78260942038e-16
4116.32054162 1.93044692006e-16
4118.50302982 1.90805269127e-16
4120.68551803 1.81731117334e-16
4122.86800623 1.68456928542e-16
4125.05049443 1.6386194175e-16
4127.23298264 1.65150244327e-16
4129.41547084 1.55969201442e-16
4131.59795904 1.61410543331e-16
4133.78044724 1.62966745755e-16
4135.96293545 1.66565555081e-16
4138.14542365 1.72945743926e-16
4140.32791185 1.76552842e-16
4142.51040006 1.79612927455e-16
4144.69288826 1.63284214467e-16
4146.87537646 1.74689613373e-16
4149.05786467 1.73360199659e-16
4151.24035287 1.69856701311e-16
4153.42284107 1.76092204305e-16
4155.60532928 1.6369568976e-16
4157.78781748 1.59644763048e-16
4159.97030568 1.74246870346e-16
4162.15279388 1.71032899497e-16
4164.33528209 1.61159194939e-16
4166.51777029 1.49240811878e-16
4168.70025849 1.60785548444e-16
4170.8827467 1.59941703427e-16
4173.0652349 1.43308793636e-16
4175.2477231 1.51904582081e-16
4177.43021131 1.65290350909e-16
4179.61269951 1.67848321964e-16
4181.79518771 1.72139525903e-16
4183.97767591 1.72986429587e-16
4186.16016412 1.76492875619e-16
4188.34265232 1.85261430229e-16
4190.52514052 1.9329330514e-16
4192.70762873 1.80610131295e-16
4194.89011693 1.69930841005e-16
4197.07260513 1.76404554865e-16
4199.25509334 1.65653375787e-16
4201.43758154 1.69200065953e-16
4203.62006974 1.74338293642e-16
4205.80255795 1.87289941935e-16
4207.98504615 1.74985277968e-16
4210.16753435 1.72866067141e-16
4212.35002255 1.79707441281e-16
4214.53251076 1.64113640538e-16
4216.71499896 1.73761468347e-16
4218.89748716 1.65722738323e-16
4221.07997537 1.59828945873e-16
4223.26246357 1.57108877993e-16
4225.44495177 1.57936306578e-16
4227.62743998 1.53706581488e-16
4229.80992818 1.47485644255e-16
4231.99241638 1.54464407171e-16
4234.17490458 1.61685464628e-16
4236.35739279 1.67782613629e-16
4238.53988099 1.70245836907e-16
4240.72236919 1.73150380958e-16
4242.9048574 1.72913508395e-16
4245.0873456 1.64215505576e-16
4247.2698338 1.78263056708e-16
4249.45232201 1.7287595568e-16
4251.63481021 1.68443627983e-16
4253.81729841 1.65641755156e-16
4255.99978662 1.69546217985e-16
4258.18227482 1.70501259438e-16
4260.36476302 1.7887443069e-16
4262.54725122 1.73295480265e-16
4264.72973943 1.73058907655e-16
4266.91222763 1.63233654965e-16
4269.09471583 1.49669783206e-16
4271.27720404 1.55232728577e-16
4273.45969224 1.42271224668e-16
4275.64218044 1.32568516096e-16
4277.82466865 1.35703089801e-16
4280.00715685 1.45124150329e-16
4282.18964505 1.63111883761e-16
4284.37213326 1.6617997074e-16
4286.55462146 1.67425327408e-16
4288.73710966 1.61302183092e-16
4290.91959786 1.57752937649e-16
4293.10208607 1.69240183027e-16
4295.28457427 1.74936048244e-16
4297.46706247 1.77906211025e-16
4299.64955068 1.61880416105e-16
4301.83203888 1.54133375569e-16
4304.01452708 1.6688640221e-16
4306.19701529 1.60859038102e-16
4308.37950349 1.51349545752e-16
4310.56199169 1.41096096806e-16
4312.74447989 1.39554027047e-16
4314.9269681 1.37834626231e-16
4317.1094563 1.44142638957e-16
4319.2919445 1.3836453743e-16
4321.47443271 1.43093382393e-16
4323.65692091 1.39125210023e-16
4325.83940911 1.43380937416e-16
4328.02189732 1.51708775708e-16
4330.20438552 1.60900076205e-16
4332.38687372 1.73309162095e-16
4334.56936193 1.71275099314e-16
4336.75185013 1.77592621952e-16
4338.93433833 1.70375613242e-16
4341.11682653 1.77333747119e-16
4343.29931474 1.76240030293e-16
4345.48180294 1.72682988688e-16
4347.66429114 1.79763269457e-16
4349.84677935 1.68672601287e-16
4352.02926755 1.56957848234e-16
4354.21175575 1.67031296107e-16
4356.39424396 1.77623216249e-16
4358.57673216 1.68268685357e-16
4360.75922036 1.67596907332e-16
4362.94170856 1.73093339395e-16
4365.12419677 1.7691784967e-16
4367.30668497 1.69301991646e-16
4369.48917317 1.73819099381e-16
4371.67166138 1.79518712826e-16
4373.85414958 1.77535670066e-16
4376.03663778 1.71718583455e-16
4378.21912599 1.69310940837e-16
4380.40161419 1.69413965086e-16
4382.58410239 1.68202341207e-16
4384.7665906 1.7110159284e-16
4386.9490788 1.67917964305e-16
4389.131567 1.67665906654e-16
4391.3140552 1.71867064709e-16
4393.49654341 1.79947219474e-16
4395.67903161 1.81156640327e-16
4397.86151981 1.74581232905e-16
4400.04400802 1.6662093442e-16
4402.22649622 1.66876153061e-16
4404.40898442 1.71462509369e-16
4406.59147263 1.64238956797e-16
4408.77396083 1.53603193003e-16
4410.95644903 1.58145622064e-16
4413.13893723 1.7916331988e-16
4415.32142544 1.85557572781e-16
4417.50391364 1.75582799733e-16
4419.68640184 1.67059887941e-16
4421.86889005 1.69674253953e-16
4424.05137825 1.74985569343e-16
4426.23386645 1.74417268919e-16
4428.41635466 1.65219014968e-16
4430.59884286 1.64722484998e-16
4432.78133106 1.72861996673e-16
4434.96381927 1.63002896935e-16
4437.14630747 1.57367121223e-16
4439.32879567 1.66135686181e-16
4441.51128387 1.55753313938e-16
4443.69377208 1.58493460055e-16
4445.87626028 1.67192047568e-16
4448.05874848 1.61879531879e-16
4450.24123669 1.67239344117e-16
4452.42372489 1.56139386087e-16
4454.60621309 1.50783860795e-16
4456.7887013 1.57325196373e-16
4458.9711895 1.55952154293e-16
4461.1536777 1.63812287037e-16
4463.33616591 1.61178795846e-16
4465.51865411 1.52755776428e-16
4467.70114231 1.57683699657e-16
4469.88363051 1.59131633763e-16
4472.06611872 1.55675435751e-16
4474.24860692 1.60954822709e-16
4476.43109512 1.68047093341e-16
4478.61358333 1.75288963352e-16
4480.79607153 1.66320223322e-16
4482.97855973 1.70212416984e-16
4485.16104794 1.70677131613e-16
4487.34353614 1.65915969649e-16
4489.52602434 1.57950509369e-16
4491.70851254 1.68702416537e-16
4493.89100075 1.64538343298e-16
4496.07348895 1.50092256817e-16
4498.25597715 1.53749998346e-16
4500.43846536 1.64530860142e-16
4502.62095356 1.73149048305e-16
4504.80344176 1.67122120176e-16
4506.98592997 1.67576750863e-16
4509.16841817 1.59103744677e-16
4511.35090637 1.50085652763e-16
4513.53339458 1.52008564035e-16
4515.71588278 1.70472974698e-16
4517.89837098 1.65167040228e-16
4520.08085918 1.68095365559e-16
4522.26334739 1.73577170954e-16
4524.44583559 1.66154931036e-16
4526.62832379 1.65760745625e-16
4528.810812 1.71442788167e-16
4530.9933002 1.75153845725e-16
4533.1757884 1.66789010597e-16
4535.35827661 1.59253447605e-16
4537.54076481 1.62567919217e-16
4539.72325301 1.53604607447e-16
4541.90574121 1.50495214947e-16
4544.08822942 1.63539516117e-16
4546.27071762 1.58312486622e-16
4548.45320582 1.6201032511e-16
4550.63569403 1.65100934548e-16
4552.81818223 1.65588402045e-16
4555.00067043 1.60705241226e-16
4557.18315864 1.65847564934e-16
4559.36564684 1.67293549385e-16
4561.54813504 1.69550564313e-16
4563.73062325 1.56332422766e-16
4565.91311145 1.47871127235e-16
4568.09559965 1.58038884094e-16
4570.27808785 1.66838329428e-16
4572.46057606 1.74618539398e-16
4574.64306426 1.66588172571e-16
4576.82555246 1.59222762215e-16
4579.00804067 1.58470286111e-16
4581.19052887 1.70857869345e-16
4583.37301707 1.66099453193e-16
4585.55550528 1.61777739153e-16
4587.73799348 1.6647824915e-16
4589.92048168 1.64057677193e-16
4592.10296988 1.62181839675e-16
4594.28545809 1.51312967109e-16
4596.46794629 1.54639777728e-16
4598.65043449 1.59047054934e-16
4600.8329227 1.51233739084e-16
4603.0154109 1.55943324889e-16
4605.1978991 1.6246728551e-16
4607.38038731 1.60512884446e-16
4609.56287551 1.58391696406e-16
4611.74536371 1.60774407931e-16
4613.92785192 1.54875648729e-16
4616.11034012 1.61486343879e-16
4618.29282832 1.56321959133e-16
4620.47531652 1.54642116445e-16
4622.65780473 1.56936773816e-16
4624.84029293 1.55347428612e-16
4627.02278113 1.59520008364e-16
4629.20526934 1.63073065366e-16
4631.38775754 1.70074469189e-16
4633.57024574 1.55481987719e-16
4635.75273395 1.58311402248e-16
4637.93522215 1.64135621204e-16
4640.11771035 1.69714196453e-16
4642.30019856 1.68611075299e-16
4644.48268676 1.50650001159e-16
4646.66517496 1.54765252761e-16
4648.84766316 1.56646321196e-16
4651.03015137 1.64213335769e-16
4653.21263957 1.63693985821e-16
4655.39512777 1.66150644307e-16
4657.57761598 1.65325140712e-16
4659.76010418 1.69280634646e-16
4661.94259238 1.62999487066e-16
4664.12508059 1.5718705816e-16
4666.30756879 1.60776036918e-16
4668.49005699 1.54308482569e-16
4670.67254519 1.50207460221e-16
4672.8550334 1.5834348623e-16
4675.0375216 1.56625677071e-16
4677.2200098 1.53880589899e-16
4679.40249801 1.58560366221e-16
4681.58498621 1.62051040529e-16
4683.76747441 1.66896846559e-16
4685.94996262 1.58587422721e-16
4688.13245082 1.52865635018e-16
4690.31493902 1.61180921268e-16
4692.49742723 1.57618209271e-16
4694.67991543 1.59207140857e-16
4696.86240363 1.57185975859e-16
4699.04489183 1.65836297689e-16
4701.22738004 1.55479654191e-16
4703.40986824 1.54337109708e-16
4705.59235644 1.61701765564e-16
4707.77484465 1.64708336478e-16
4709.95733285 1.62244914463e-16
4712.13982105 1.6568894467e-16
4714.32230926 1.55893125813e-16
4716.50479746 1.54328729467e-16
4718.68728566 1.64438868134e-16
4720.86977386 1.65688305823e-16
4723.05226207 1.70415100382e-16
4725.23475027 1.64774040143e-16
4727.41723847 1.58238025609e-16
4729.59972668 1.62625432634e-16
4731.78221488 1.65831606236e-16
4733.96470308 1.68122772998e-16
4736.14719129 1.54973095497e-16
4738.32967949 1.58478378953e-16
4740.51216769 1.65685065979e-16
4742.6946559 1.70416613327e-16
4744.8771441 1.83997045896e-16
4747.0596323 1.76709501766e-16
4749.2421205 1.6509499518e-16
4751.42460871 1.665700082e-16
4753.60709691 1.72182788131e-16
4755.78958511 1.72266982525e-16
4757.97207332 1.6719417512e-16
4760.15456152 1.64492021828e-16
4762.33704972 1.66837512831e-16
4764.51953793 1.6133415424e-16
4766.70202613 1.57428405699e-16
4768.88451433 1.62037004824e-16
4771.06700253 1.62316329822e-16
4773.24949074 1.72111033943e-16
4775.43197894 1.74397937499e-16
4777.61446714 1.78019601405e-16
4779.79695535 1.71370285522e-16
4781.97944355 1.70496726136e-16
4784.16193175 1.7777812118e-16
4786.34441996 1.76276430339e-16
4788.52690816 1.71939922374e-16
4790.70939636 1.6452937178e-16
4792.89188457 1.69602971918e-16
4795.07437277 1.69327286655e-16
4797.25686097 1.70117552601e-16
4799.43934917 1.72564896799e-16
4801.62183738 1.64885206742e-16
4803.80432558 1.64523175514e-16
4805.98681378 1.64843809386e-16
4808.16930199 1.70643523837e-16
4810.35179019 1.79486279047e-16
4812.53427839 1.79386094057e-16
4814.7167666 1.67904038047e-16
4816.8992548 1.58928322549e-16
4819.081743 1.70128846936e-16
4821.26423121 1.70196568029e-16
4823.44671941 1.67119586388e-16
4825.62920761 1.63437328668e-16
4827.81169581 1.73798355748e-16
4829.99418402 1.74034674368e-16
4832.17667222 1.72401646657e-16
4834.35916042 1.6646403823e-16
4836.54164863 1.75737509558e-16
4838.72413683 1.59667126225e-16
4840.90662503 1.7351790448e-16
4843.08911324 1.74913490638e-16
4845.27160144 1.73171858748e-16
4847.45408964 1.7190807504e-16
4849.63657784 1.65407395324e-16
4851.81906605 1.75179667084e-16
4854.00155425 1.7843579867e-16
4856.18404245 1.66238037214e-16
4858.36653066 1.67471836886e-16
4860.54901886 1.71792194954e-16
4862.73150706 1.7578119745e-16
4864.91399527 1.61750893431e-16
4867.09648347 1.72451855225e-16
4869.27897167 1.74136499644e-16
4871.46145988 1.77651221814e-16
4873.64394808 1.73478589442e-16
4875.82643628 1.73045854293e-16
4878.00892448 1.77838523754e-16
4880.19141269 1.78769173175e-16
4882.37390089 1.69077798533e-16
4884.55638909 1.65235977415e-16
4886.7388773 1.72325105162e-16
4888.9213655 1.85028996534e-16
4891.1038537 1.8468258098e-16
4893.28634191 1.87546127908e-16
4895.46883011 1.84348973833e-16
4897.65131831 1.87092820046e-16
4899.83380651 1.84643576961e-16
4902.01629472 1.84311640879e-16
4904.19878292 1.71414949864e-16
4906.38127112 1.78357176429e-16
4908.56375933 1.79178439941e-16
4910.74624753 1.79342797847e-16
4912.92873573 1.75175343416e-16
4915.11122394 1.73458025166e-16
4917.29371214 1.7353853588e-16
4919.47620034 1.64733641658e-16
4921.65868855 1.68654678162e-16
4923.84117675 1.72835908494e-16
4926.02366495 1.56835472086e-16
4928.20615315 1.75190332927e-16
4930.38864136 1.64172616456e-16
4932.57112956 1.73927460091e-16
4934.75361776 1.72749645544e-16
4936.93610597 1.67865520885e-16
4939.11859417 1.7200162799e-16
4941.30108237 1.68184378176e-16
4943.48357058 1.69473898543e-16
4945.66605878 1.78946208346e-16
4947.84854698 1.70111820746e-16
4950.03103518 1.65450120648e-16
4952.21352339 1.8054033764e-16
4954.39601159 1.8030855702e-16
4956.57849979 1.69641786677e-16
4958.760988 1.67372556466e-16
4960.9434762 1.66529841739e-16
4963.1259644 1.79644444415e-16
4965.30845261 1.80510756352e-16
4967.49094081 1.65517250249e-16
4969.67342901 1.77106837302e-16
4971.85591722 1.76898135792e-16
4974.03840542 1.77222018435e-16
4976.22089362 1.66115738527e-16
4978.40338182 1.60200407555e-16
4980.58587003 1.53863869293e-16
4982.76835823 1.56626237762e-16
4984.95084643 1.6278076288e-16
4987.13333464 1.64729357101e-16
4989.31582284 1.75561590601e-16
4991.49831104 1.75139908685e-16
4993.68079925 1.70214257564e-16
4995.86328745 1.66020767596e-16
4998.04577565 1.66820594896e-16
5000.22826386 1.64300885206e-16
5002.41075206 1.63436635339e-16
5004.59324026 1.60199761026e-16
5006.77572846 1.57598882278e-16
5008.95821667 1.61049961136e-16
5011.14070487 1.65730575953e-16
5013.32319307 1.68519105339e-16
5015.50568128 1.69105167713e-16
5017.68816948 1.6743995178e-16
5019.87065768 1.63643107056e-16
5022.05314589 1.62615572127e-16
5024.23563409 1.64117979334e-16
5026.41812229 1.60126134055e-16
5028.60061049 1.58866385955e-16
5030.7830987 1.68033762675e-16
5032.9655869 1.64301079118e-16
5035.1480751 1.59806159385e-16
5037.33056331 1.64358642089e-16
5039.51305151 1.56688834828e-16
5041.69553971 1.58018214588e-16
5043.87802792 1.55647467264e-16
5046.06051612 1.57250445862e-16
5048.24300432 1.65871815603e-16
5050.42549253 1.53558536757e-16
5052.60798073 1.47738470752e-16
5054.79046893 1.4926395067e-16
5056.97295713 1.52405902783e-16
5059.15544534 1.58796497908e-16
5061.33793354 1.60985268344e-16
5063.52042174 1.53352183803e-16
5065.70290995 1.60477210221e-16
5067.88539815 1.64077286429e-16
5070.06788635 1.53473250514e-16
5072.25037456 1.53731085997e-16
5074.43286276 1.52519922089e-16
5076.61535096 1.54552645284e-16
5078.79783916 1.56419976683e-16
5080.98032737 1.50964082252e-16
5083.16281557 1.49078980921e-16
5085.34530377 1.5666714119e-16
5087.52779198 1.64257273272e-16
5089.71028018 1.60824125379e-16
5091.89276838 1.56442711578e-16
5094.07525659 1.50441508388e-16
5096.25774479 1.55717909681e-16
5098.44023299 1.63535241035e-16
5100.6227212 1.55498178117e-16
5102.8052094 1.58300340285e-16
5104.9876976 1.51899286112e-16
5107.1701858 1.49373907347e-16
5109.35267401 1.56694084478e-16
5111.53516221 1.55800335204e-16
5113.71765041 1.60072268873e-16
5115.90013862 1.51416898879e-16
5118.08262682 1.46376727403e-16
5120.26511502 1.54567344202e-16
5122.44760323 1.55683185832e-16
5124.63009143 1.51431150788e-16
5126.81257963 1.58245227412e-16
5128.99506783 1.54933913131e-16
5131.17755604 1.51403635335e-16
5133.36004424 1.57575330961e-16
5135.54253244 1.60944463715e-16
5137.72502065 1.57620914063e-16
5139.90750885 1.45948503961e-16
5142.08999705 1.46412716257e-16
5144.27248526 1.51145345906e-16
5146.45497346 1.64457848246e-16
5148.63746166 1.5805984125e-16
5150.81994987 1.56005279577e-16
5153.00243807 1.55841302679e-16
5155.18492627 1.61192122611e-16
5157.36741447 1.61516222674e-16
5159.54990268 1.56131126272e-16
5161.73239088 1.5480782289e-16
5163.91487908 1.61076376711e-16
5166.09736729 1.60281963936e-16
5168.27985549 1.61945321578e-16
5170.46234369 1.62628001089e-16
5172.6448319 1.62314570273e-16
5174.8273201 1.64540898538e-16
5177.0098083 1.59295931681e-16
5179.19229651 1.61481019902e-16
5181.37478471 1.57814483406e-16
5183.55727291 1.52067359118e-16
5185.73976111 1.5626809247e-16
5187.92224932 1.60251583106e-16
5190.10473752 1.66288517176e-16
5192.28722572 1.62015096756e-16
5194.46971393 1.61172755815e-16
5196.65220213 1.66167740375e-16
5198.83469033 1.62012167551e-16
5201.01717854 1.63953171097e-16
5203.19966674 1.64289294387e-16
5205.38215494 1.76388601891e-16
5207.56464314 1.65523915114e-16
5209.74713135 1.58421431085e-16
5211.92961955 1.6070997245e-16
5214.11210775 1.62444565478e-16
5216.29459596 1.52842997153e-16
5218.47708416 1.62083191172e-16
5220.65957236 1.62362161063e-16
5222.84206057 1.58397130178e-16
5225.02454877 1.61322371673e-16
5227.20703697 1.60876600877e-16
5229.38952518 1.62372999374e-16
5231.57201338 1.5224316362e-16
5233.75450158 1.62458550153e-16
5235.93698978 1.62330315e-16
5238.11947799 1.6164654037e-16
5240.30196619 1.61325842069e-16
5242.48445439 1.53506494157e-16
5244.6669426 1.66969381049e-16
5246.8494308 1.67102295424e-16
5249.031919 1.51179355806e-16
5251.21440721 1.58557922737e-16
5253.39689541 1.64180767342e-16
5255.57938361 1.61270734928e-16
5257.76187181 1.61806593705e-16
5259.94436002 1.59921908706e-16
5262.12684822 1.53481512347e-16
5264.30933642 1.53962492559e-16
5266.49182463 1.56039267038e-16
5268.67431283 1.53763089581e-16
5270.85680103 1.58344384973e-16
5273.03928924 1.53618763179e-16
5275.22177744 1.53471352693e-16
5277.40426564 1.5382457565e-16
5279.58675385 1.47967995499e-16
5281.76924205 1.61699148069e-16
5283.95173025 1.8223119877e-16
5286.13421845 1.93067909355e-16
5288.31670666 1.77824895995e-16
5290.49919486 1.68187873438e-16
5292.68168306 1.53879256585e-16
5294.86417127 1.43841307857e-16
5297.04665947 1.51746183191e-16
5299.22914767 1.54849916391e-16
5301.41163588 1.59209027792e-16
5303.59412408 1.54921756603e-16
5305.77661228 1.46172256941e-16
5307.95910048 1.59664498625e-16
5310.14158869 1.57875320749e-16
5312.32407689 1.53821495924e-16
5314.50656509 1.57995207642e-16
5316.6890533 1.54899763734e-16
5318.8715415 1.59296823987e-16
5321.0540297 1.66369587486e-16
5323.23651791 1.61243997056e-16
5325.41900611 1.56003353936e-16
5327.60149431 1.55786408624e-16
5329.78398252 1.51819190432e-16
5331.96647072 1.55440988779e-16
5334.14895892 1.62556796654e-16
5336.33144712 1.69199133541e-16
5338.51393533 1.60723281701e-16
5340.69642353 1.61936528874e-16
5342.87891173 1.6817354808e-16
5345.06139994 1.5881909453e-16
5347.24388814 1.54331894322e-16
5349.42637634 1.51237474291e-16
5351.60886455 1.60088477257e-16
5353.79135275 1.63831073405e-16
5355.97384095 1.59481232101e-16
5358.15632916 1.6656951573e-16
5360.33881736 1.65577238976e-16
5362.52130556 1.58422658619e-16
5364.70379376 1.54194665275e-16
5366.88628197 1.59642115456e-16
5369.06877017 1.63196946154e-16
5371.25125837 1.61957961539e-16
5373.43374658 1.65385836853e-16
5375.61623478 1.6212254586e-16
5377.79872298 1.66760570873e-16
5379.98121119 1.72064412871e-16
5382.16369939 1.61371791307e-16
5384.34618759 1.6265341351e-16
5386.52867579 1.68711067997e-16
5388.711164 1.58735081532e-16
5390.8936522 1.58756892644e-16
5393.0761404 1.70191973463e-16
5395.25862861 1.65711046943e-16
5397.44111681 1.58136597894e-16
5399.62360501 1.5568041398e-16
5401.80609322 1.52509602849e-16
5403.98858142 1.59203301082e-16
5406.17106962 1.65881661195e-16
5408.35355783 1.61410703997e-16
5410.53604603 1.60621209902e-16
5412.71853423 1.65053036177e-16
5414.90102243 1.60076248055e-16
5417.08351064 1.54257477121e-16
5419.26599884 1.53352737506e-16
5421.44848704 1.53314332046e-16
5423.63097525 1.57024659927e-16
5425.81346345 1.58966651306e-16
5427.99595165 1.59404227292e-16
5430.17843986 1.52380565607e-16
5432.36092806 1.48403800152e-16
5434.54341626 1.4874343165e-16
5436.72590446 1.55137064816e-16
5438.90839267 1.62133643532e-16
5441.09088087 1.62806071623e-16
5443.27336907 1.61128765122e-16
5445.45585728 1.69336451637e-16
5447.63834548 1.70353057163e-16
5449.82083368 1.65236886185e-16
5452.00332189 1.54100313427e-16
5454.18581009 1.49726045031e-16
5456.36829829 1.49466933701e-16
5458.5507865 1.50717130954e-16
5460.7332747 1.46336613604e-16
5462.9157629 1.54508488621e-16
5465.0982511 1.59340363198e-16
5467.28073931 1.45439473935e-16
5469.46322751 1.48432325644e-16
5471.64571571 1.48156322917e-16
5473.82820392 1.48238728762e-16
5476.01069212 1.51083754594e-16
5478.19318032 1.51664029341e-16
5480.37566853 1.56474690235e-16
5482.55815673 1.5379390744e-16
5484.74064493 1.5327851217e-16
5486.92313313 1.52231087896e-16
5489.10562134 1.40602216955e-16
5491.28810954 1.36839187222e-16
5493.47059774 1.43748244888e-16
5495.65308595 1.45690411865e-16
5497.83557415 1.45982501222e-16
5500.01806235 1.46553207202e-16
5502.20055056 1.5126287291e-16
5504.38303876 1.55670411254e-16
5506.56552696 1.52051986425e-16
5508.74801517 1.47108835266e-16
5510.93050337 1.41446157162e-16
5513.11299157 1.42402229291e-16
5515.29547977 1.3814558823e-16
5517.47796798 1.4734017654e-16
5519.66045618 1.47522829486e-16
5521.84294438 1.45239993267e-16
5524.02543259 1.44727096957e-16
5526.20792079 1.41013549835e-16
5528.39040899 1.50788348097e-16
5530.5728972 1.45914507729e-16
5532.7553854 1.40347726889e-16
5534.9378736 1.43249602932e-16
5537.12036181 1.43868961677e-16
5539.30285001 1.57593630932e-16
5541.48533821 1.42111681151e-16
5543.66782641 1.42999440448e-16
5545.85031462 1.48399336973e-16
5548.03280282 1.50547799146e-16
5550.21529102 1.52012771427e-16
5552.39777923 1.48993435122e-16
5554.58026743 1.39791439095e-16
5556.76275563 1.47898879766e-16
5558.94524384 1.49969470021e-16
5561.12773204 1.44890685425e-16
5563.31022024 1.48229341474e-16
5565.49270844 1.5008446606e-16
5567.67519665 1.4741674264e-16
5569.85768485 1.32204864881e-16
5572.04017305 1.56533229354e-16
5574.22266126 1.45249624114e-16
5576.40514946 1.38932215118e-16
5578.58763766 1.63011650487e-16
5580.77012587 1.45319056434e-16
5582.95261407 1.31098352776e-16
5585.13510227 1.41082981742e-16
5587.31759048 1.3785634809e-16
5589.50007868 1.38996358904e-16
5591.68256688 1.36562899627e-16
5593.86505508 1.46006419902e-16
5596.04754329 1.42528952993e-16
5598.23003149 1.35236758084e-16
5600.41251969 1.38879325765e-16
5602.5950079 1.40432802595e-16
5604.7774961 1.35756318872e-16
5606.9599843 1.41878385529e-16
5609.14247251 1.43756818245e-16
5611.32496071 1.40587626186e-16
5613.50744891 1.43380407558e-16
5615.68993711 1.34050187556e-16
5617.87242532 1.2939217019e-16
5620.05491352 1.22805588702e-16
5622.23740172 1.16202457377e-16
5624.41988993 1.26618915382e-16
5626.60237813 1.3663190768e-16
5628.78486633 1.40608143583e-16
5630.96735454 1.36097544658e-16
5633.14984274 1.38997996957e-16
5635.33233094 1.31606494835e-16
5637.51481915 1.38379029693e-16
5639.69730735 1.42731799126e-16
5641.87979555 1.39343349244e-16
5644.06228375 1.31511430288e-16
5646.24477196 1.34956545328e-16
5648.42726016 1.37600621534e-16
5650.60974836 1.4137348446e-16
5652.79223657 1.48093965289e-16
5654.97472477 1.4600556061e-16
5657.15721297 1.38059448291e-16
5659.33970118 1.34912659989e-16
5661.52218938 1.33573908301e-16
5663.70467758 1.31220195005e-16
5665.88716578 1.33270048791e-16
5668.06965399 1.37923316397e-16
5670.25214219 1.40187908372e-16
5672.43463039 1.38641182541e-16
5674.6171186 1.36913507264e-16
5676.7996068 1.48963971919e-16
5678.982095 1.44195548765e-16
5681.16458321 1.31458586226e-16
5683.34707141 1.33594796703e-16
5685.52955961 1.37145397495e-16
5687.71204782 1.41179687214e-16
5689.89453602 1.39120547704e-16
5692.07702422 1.3982394892e-16
5694.25951242 1.36298704358e-16
5696.44200063 1.3708276132e-16
5698.62448883 1.38779692916e-16
5700.80697703 1.42463924385e-16
5702.98946524 1.45591959524e-16
5705.17195344 1.36943395494e-16
5707.35444164 1.3674081088e-16
5709.53692985 1.3746919256e-16
5711.71941805 1.37988134072e-16
5713.90190625 1.32714872252e-16
5716.08439445 1.34822731149e-16
5718.26688266 1.40071176062e-16
5720.44937086 1.3457492776e-16
5722.63185906 1.47846253149e-16
5724.81434727 1.34236838268e-16
5726.99683547 1.2794954789e-16
5729.17932367 1.39271668431e-16
5731.36181188 1.3705996875e-16
5733.54430008 1.30838600532e-16
5735.72678828 1.42174465484e-16
5737.90927649 1.4249627579e-16
5740.09176469 1.37457744332e-16
5742.27425289 1.32961123425e-16
5744.45674109 1.38395844479e-16
5746.6392293 1.51852880997e-16
5748.8217175 1.5014225046e-16
5751.0042057 1.40628370043e-16
5753.18669391 1.45490688366e-16
5755.36918211 1.37803149762e-16
5757.55167031 1.4412086117e-16
5759.73415852 1.40787794035e-16
5761.91664672 1.39161315686e-16
5764.09913492 1.35785224109e-16
5766.28162313 1.45637126145e-16
5768.46411133 1.43513553608e-16
5770.64659953 1.35716970798e-16
5772.82908773 1.47047543155e-16
5775.01157594 1.38111820507e-16
5777.19406414 1.32019732813e-16
5779.37655234 1.36970234094e-16
5781.55904055 1.37771892582e-16
5783.74152875 1.42013466803e-16
5785.92401695 1.44655786169e-16
5788.10650516 1.32884208102e-16
5790.28899336 1.29806847122e-16
5792.47148156 1.2922465794e-16
5794.65396976 1.27207881958e-16
5796.83645797 1.40874900756e-16
5799.01894617 1.37201354345e-16
5801.20143437 1.35045777016e-16
5803.38392258 1.34232442853e-16
5805.56641078 1.37774875683e-16
5807.74889898 1.32170626027e-16
5809.93138719 1.31315724148e-16
5812.11387539 1.35347337499e-16
5814.29636359 1.39817241946e-16
5816.4788518 1.37530468666e-16
5818.66134 1.4771853665e-16
5820.8438282 1.41700822854e-16
5823.0263164 1.40403320517e-16
5825.20880461 1.4515076522e-16
5827.39129281 1.35465774564e-16
5829.57378101 1.35496431379e-16
5831.75626922 1.42070990642e-16
5833.93875742 1.37996803583e-16
5836.12124562 1.45204185401e-16
5838.30373383 1.34714402459e-16
5840.48622203 1.31850032032e-16
5842.66871023 1.42661464233e-16
5844.85119843 1.43390340092e-16
5847.03368664 1.40461153558e-16
5849.21617484 1.37017907579e-16
5851.39866304 1.35735099051e-16
5853.58115125 1.39395163429e-16
5855.76363945 1.40088075967e-16
5857.94612765 1.35162301905e-16
5860.12861586 1.40327565106e-16
5862.31110406 1.35712173712e-16
5864.49359226 1.34134490517e-16
5866.67608047 1.39868269396e-16
5868.85856867 1.42458175646e-16
5871.04105687 1.3750835518e-16
5873.22354507 1.31502687255e-16
5875.40603328 1.3396744784e-16
5877.58852148 1.29426050053e-16
5879.77100968 1.255174462e-16
5881.95349789 1.2556045801e-16
5884.13598609 1.31214505683e-16
5886.31847429 1.36528983232e-16
5888.5009625 1.37723602507e-16
5890.6834507 1.40446554854e-16
5892.8659389 1.31488385926e-16
5895.0484271 1.31433652838e-16
5897.23091531 1.40916481734e-16
5899.41340351 1.27889910041e-16
5901.59589171 1.29700410326e-16
5903.77837992 1.26928681383e-16
5905.96086812 1.28762644331e-16
5908.14335632 1.32894264213e-16
5910.32584453 1.33712029769e-16
5912.50833273 1.32518101433e-16
5914.69082093 1.41744105542e-16
5916.87330914 1.37025342103e-16
5919.05579734 1.29598627811e-16
5921.23828554 1.35948172752e-16
5923.42077374 1.33034443456e-16
5925.60326195 1.30004274175e-16
5927.78575015 1.39042688374e-16
5929.96823835 1.34607898989e-16
5932.15072656 1.25526061238e-16
5934.33321476 1.35504733081e-16
5936.51570296 1.32766917619e-16
5938.69819117 1.29124667622e-16
5940.88067937 1.33405733741e-16
5943.06316757 1.32582405392e-16
5945.24565578 1.31787035013e-16
5947.42814398 1.31213872951e-16
5949.61063218 1.24461767299e-16
5951.79312038 1.20165973305e-16
5953.97560859 1.32677722752e-16
5956.15809679 1.2855574774e-16
5958.34058499 1.32414446487e-16
5960.5230732 1.29790523037e-16
5962.7055614 1.34297880684e-16
5964.8880496 1.32141582429e-16
5967.07053781 1.32247257483e-16
5969.25302601 1.40661661536e-16
5971.43551421 1.3175475523e-16
5973.61800241 1.31761979366e-16
5975.80049062 1.39051737511e-16
5977.98297882 1.31940417082e-16
5980.16546702 1.33579634963e-16
5982.34795523 1.30939493582e-16
5984.53044343 1.25170936528e-16
5986.71293163 1.30430342004e-16
5988.89541984 1.35534474716e-16
5991.07790804 1.28467869327e-16
5993.26039624 1.26245648581e-16
5995.44288445 1.33146399319e-16
5997.62537265 1.30681827004e-16
5999.80786085 1.30319645564e-16
6001.99034905 1.32182208133e-16
6004.17283726 1.35616640779e-16
6006.35532546 1.2445594665e-16
6008.53781366 1.22448146807e-16
6010.72030187 1.23027807488e-16
6012.90279007 1.27737248864e-16
6015.08527827 1.35186605251e-16
6017.26776648 1.29948761045e-16
6019.45025468 1.31853891552e-16
6021.63274288 1.29221714803e-16
6023.81523108 1.32674104147e-16
6025.99771929 1.37295337878e-16
6028.18020749 1.32650898947e-16
6030.36269569 1.34764511468e-16
6032.5451839 1.37375122211e-16
6034.7276721 1.3381061303e-16
6036.9101603 1.37090804839e-16
6039.09264851 1.38254162593e-16
6041.27513671 1.36497419815e-16
6043.45762491 1.36346716571e-16
6045.64011312 1.33367041387e-16
6047.82260132 1.30196475348e-16
6050.00508952 1.31400102203e-16
6052.18757772 1.34420282005e-16
6054.37006593 1.2894114942e-16
6056.55255413 1.27205256671e-16
6058.73504233 1.25924727559e-16
6060.91753054 1.29769042802e-16
6063.10001874 1.33428273625e-16
6065.28250694 1.31788993013e-16
6067.46499515 1.27478705563e-16
6069.64748335 1.18878601713e-16
6071.82997155 1.24569612129e-16
6074.01245975 1.27638949472e-16
6076.19494796 1.26041075899e-16
6078.37743616 1.26839460183e-16
6080.55992436 1.26793691825e-16
6082.74241257 1.32423709019e-16
6084.92490077 1.25685324213e-16
6087.10738897 1.23613407022e-16
6089.28987718 1.27334341234e-16
6091.47236538 1.27058278493e-16
6093.65485358 1.20793676283e-16
6095.83734179 1.23079291111e-16
6098.01982999 1.30939878626e-16
6100.20231819 1.31020759658e-16
6102.38480639 1.28375425725e-16
6104.5672946 1.31694503392e-16
6106.7497828 1.29475365141e-16
6108.932271 1.2777940147e-16
6111.11475921 1.2853921995e-16
6113.29724741 1.33647911053e-16
6115.47973561 1.35794259318e-16
6117.66222382 1.30072213714e-16
6119.84471202 1.32145745457e-16
6122.02720022 1.33184577032e-16
6124.20968843 1.32334249222e-16
6126.39217663 1.33241743462e-16
6128.57466483 1.24789000097e-16
6130.75715303 1.18705132525e-16
6132.93964124 1.26759727157e-16
6135.12212944 1.26153760878e-16
6137.30461764 1.2578075897e-16
6139.48710585 1.32298819985e-16
6141.66959405 1.38546400837e-16
6143.85208225 1.33500584569e-16
6146.03457046 1.24977454407e-16
6148.21705866 1.22919903337e-16
6150.39954686 1.30795561258e-16
6152.58203506 1.29454782488e-16
6154.76452327 1.25588472668e-16
6156.94701147 1.2828586129e-16
6159.12949967 1.30731847734e-16
6161.31198788 1.30684662387e-16
6163.49447608 1.25334146683e-16
6165.67696428 1.29858548295e-16
6167.85945249 1.26254284667e-16
6170.04194069 1.30903900104e-16
6172.22442889 1.38966071615e-16
6174.4069171 1.36289962559e-16
6176.5894053 1.35459702839e-16
6178.7718935 1.34946251902e-16
6180.9543817 1.3054945593e-16
6183.13686991 1.26851039975e-16
6185.31935811 1.34118572374e-16
6187.50184631 1.3236886658e-16
6189.68433452 1.2403374479e-16
6191.86682272 1.30223696991e-16
6194.04931092 1.32299889617e-16
6196.23179913 1.23637266437e-16
6198.41428733 1.23158456984e-16
6200.59677553 1.17060738865e-16
6202.77926373 1.17265807054e-16
6204.96175194 1.30487894775e-16
6207.14424014 1.24922503246e-16
6209.32672834 1.17057722834e-16
6211.50921655 1.23419727092e-16
6213.69170475 1.27871507397e-16
6215.87419295 1.30689465048e-16
6218.05668116 1.33797089287e-16
6220.23916936 1.30668926875e-16
6222.42165756 1.26852689439e-16
6224.60414577 1.33148303671e-16
6226.78663397 1.34410233599e-16
6228.96912217 1.32175005078e-16
6231.15161037 1.3045057063e-16
6233.33409858 1.30277147705e-16
6235.51658678 1.25893375862e-16
6237.69907498 1.25045585882e-16
6239.88156319 1.22821421155e-16
6242.06405139 1.23392649027e-16
6244.24653959 1.35546247719e-16
6246.4290278 1.36151463487e-16
6248.611516 1.31100154032e-16
6250.7940042 1.3189055652e-16
6252.9764924 1.29476166199e-16
6255.15898061 1.31258140008e-16
6257.34146881 1.29423755171e-16
6259.52395701 1.30666747817e-16
6261.70644522 1.24911040486e-16
6263.88893342 1.24227544898e-16
6266.07142162 1.26089282802e-16
6268.25390983 1.3391293123e-16
6270.43639803 1.27321330439e-16
6272.61888623 1.23353152378e-16
6274.80137444 1.29530673221e-16
6276.98386264 1.3105891011e-16
6279.16635084 1.31437077071e-16
6281.34883904 1.27761098522e-16
6283.53132725 1.2075326785e-16
6285.71381545 1.19645772628e-16
6287.89630365 1.31851991264e-16
6290.07879186 1.33701455803e-16
6292.26128006 1.26610270408e-16
6294.44376826 1.29190481949e-16
6296.62625647 1.26437925101e-16
6298.80874467 1.22629977411e-16
6300.99123287 1.31577739627e-16
6303.17372108 1.26905109314e-16
6305.35620928 1.29501312751e-16
6307.53869748 1.33133633257e-16
6309.72118568 1.25228600113e-16
6311.90367389 1.24161612387e-16
6314.08616209 1.26310703258e-16
6316.26865029 1.32148666207e-16
6318.4511385 1.28732712141e-16
6320.6336267 1.29587437895e-16
6322.8161149 1.21197257351e-16
6324.99860311 1.33598350971e-16
6327.18109131 1.36940433481e-16
6329.36357951 1.24729581204e-16
6331.54606771 1.30686153044e-16
6333.72855592 1.32033644608e-16
6335.91104412 1.33910555832e-16
6338.09353232 1.28655303051e-16
6340.27602053 1.22688825695e-16
6342.45850873 1.27614748274e-16
6344.64099693 1.21563364133e-16
6346.82348514 1.26443253785e-16
6349.00597334 1.27152552712e-16
6351.18846154 1.25182002007e-16
6353.37094975 1.28555265997e-16
6355.55343795 1.25810317573e-16
6357.73592615 1.24700077556e-16
6359.91841435 1.26472942654e-16
6362.10090256 1.28400919291e-16
6364.28339076 1.3651278813e-16
6366.46587896 1.23275178098e-16
6368.64836717 1.23171056176e-16
6370.83085537 1.26032024233e-16
6373.01334357 1.23293646957e-16
6375.19583178 1.28810877847e-16
6377.37831998 1.24298582429e-16
6379.56080818 1.28852001658e-16
6381.74329638 1.31147198705e-16
6383.92578459 1.32154242287e-16
6386.10827279 1.29983771752e-16
6388.29076099 1.28204689266e-16
6390.4732492 1.34605646299e-16
6392.6557374 1.29566445497e-16
6394.8382256 1.28235648742e-16
6397.02071381 1.27806941287e-16
6399.20320201 1.21592878293e-16
6401.38569021 1.12666308438e-16
6403.56817842 1.13518812999e-16
6405.75066662 1.18381737109e-16
6407.93315482 1.15727714173e-16
6410.11564302 1.19281733661e-16
6412.29813123 1.21907909017e-16
6414.48061943 1.20805408051e-16
6416.66310763 1.17211396328e-16
6418.84559584 1.21842588527e-16
6421.02808404 1.27083349308e-16
6423.21057224 1.28527720614e-16
6425.39306045 1.27433300412e-16
6427.57554865 1.22706911712e-16
6429.75803685 1.22605526554e-16
6431.94052505 1.23070164377e-16
6434.12301326 1.25967765447e-16
6436.30550146 1.20922785173e-16
6438.48798966 1.18028199994e-16
6440.67047787 1.19554684502e-16
6442.85296607 1.24244605555e-16
6445.03545427 1.2013657049e-16
6447.21794248 1.2296664677e-16
6449.40043068 1.23677386018e-16
6451.58291888 1.1990777094e-16
6453.76540709 1.24339921287e-16
6455.94789529 1.25101808182e-16
6458.13038349 1.26425315333e-16
6460.31287169 1.30866983929e-16
6462.4953599 1.3843936243e-16
6464.6778481 1.33001477376e-16
6466.8603363 1.16806245447e-16
6469.04282451 1.20492603112e-16
6471.22531271 1.24514056476e-16
6473.40780091 1.20936520537e-16
6475.59028912 1.18433473587e-16
6477.77277732 1.23366912334e-16
6479.95526552 1.32403642554e-16
6482.13775373 1.17926696195e-16
6484.32024193 1.25900775087e-16
6486.50273013 1.34850515522e-16
6488.68521833 1.30427118836e-16
6490.86770654 1.21422811929e-16
6493.05019474 1.18277833091e-16
6495.23268294 1.27263897524e-16
6497.41517115 1.33124299297e-16
6499.59765935 1.22302954893e-16
6501.78014755 1.22934671232e-16
6503.96263576 1.24569556973e-16
6506.14512396 1.23608379464e-16
6508.32761216 1.2121785854e-16
6510.51010036 1.17205592508e-16
6512.69258857 1.17838117231e-16
6514.87507677 1.24404708188e-16
6517.05756497 1.28354825902e-16
6519.24005318 1.31185168289e-16
6521.42254138 1.20105188156e-16
6523.60502958 1.22581177449e-16
6525.78751779 1.32250103463e-16
6527.97000599 1.33866545338e-16
6530.15249419 1.27777042286e-16
6532.3349824 1.24110373641e-16
6534.5174706 1.14229311211e-16
6536.6999588 1.17062303669e-16
6538.882447 1.20907064737e-16
6541.06493521 1.29336013864e-16
6543.24742341 1.25111398297e-16
6545.42991161 1.23827943798e-16
6547.61239982 1.27267134632e-16
6549.79488802 1.31732301627e-16
6551.97737622 1.21880956328e-16
6554.15986443 1.23012994161e-16
6556.34235263 1.17418733022e-16
6558.52484083 1.25627189951e-16
6560.70732903 1.29562869428e-16
6562.88981724 1.27518380521e-16
6565.07230544 1.25954819508e-16
6567.25479364 1.25016947523e-16
6569.43728185 1.29477152459e-16
6571.61977005 1.22091090306e-16
6573.80225825 1.20493057804e-16
6575.98474646 1.17648358898e-16
6578.16723466 1.28393479775e-16
6580.34972286 1.35211668284e-16
6582.53221107 1.31007179607e-16
6584.71469927 1.31200701516e-16
6586.89718747 1.26081175189e-16
6589.07967567 1.24893738811e-16
6591.26216388 1.23722923699e-16
6593.44465208 1.27675210543e-16
6595.62714028 1.2614993961e-16
6597.80962849 1.26790413938e-16
6599.99211669 1.23224752654e-16
6602.17460489 1.28316030184e-16
6604.3570931 1.30032468567e-16
6606.5395813 1.24220859811e-16
6608.7220695 1.18464328685e-16
6610.9045577 1.18102291661e-16
6613.08704591 1.21782418266e-16
6615.26953411 1.22911020332e-16
6617.45202231 1.24393134549e-16
6619.63451052 1.29957806328e-16
6621.81699872 1.27827838446e-16
6623.99948692 1.28756330592e-16
6626.18197513 1.21275536908e-16
6628.36446333 1.21857666378e-16
6630.54695153 1.27222060639e-16
6632.72943974 1.30357862111e-16
6634.91192794 1.25463695862e-16
6637.09441614 1.27961029426e-16
6639.27690434 1.31406100611e-16
6641.45939255 1.29054292263e-16
6643.64188075 1.3244519146e-16
6645.82436895 1.32662988481e-16
6648.00685716 1.29930364983e-16
6650.18934536 1.26974094506e-16
6652.37183356 1.22324256654e-16
6654.55432177 1.22719482723e-16
6656.73680997 1.27059460417e-16
6658.91929817 1.29898093933e-16
6661.10178638 1.24827512261e-16
6663.28427458 1.28925571233e-16
6665.46676278 1.31052639197e-16
6667.64925098 1.23465134745e-16
6669.83173919 1.24676952356e-16
6672.01422739 1.22870867662e-16
6674.19671559 1.23837181604e-16
6676.3792038 1.27815791433e-16
6678.561692 1.24598861045e-16
6680.7441802 1.25275287232e-16
6682.92666841 1.3076442498e-16
6685.10915661 1.30786314007e-16
6687.29164481 1.29858527283e-16
6689.47413301 1.26582774015e-16
6691.65662122 1.30552974613e-16
6693.83910942 1.27727839684e-16
6696.02159762 1.24291200026e-16
6698.20408583 1.16638900451e-16
6700.38657403 1.17632068481e-16
6702.56906223 1.23233114029e-16
6704.75155044 1.28905919893e-16
6706.93403864 1.25159242602e-16
6709.11652684 1.17869983985e-16
6711.29901505 1.19353290019e-16
6713.48150325 1.20316937903e-16
6715.66399145 1.24231428796e-16
6717.84647965 1.27770145216e-16
6720.02896786 1.30474118941e-16
6722.21145606 1.24714089378e-16
6724.39394426 1.1918201184e-16
6726.57643247 1.22487159752e-16
6728.75892067 1.23306183113e-16
6730.94140887 1.21810780643e-16
6733.12389708 1.25339592149e-16
6735.30638528 1.24500385328e-16
6737.48887348 1.22079722373e-16
6739.67136168 1.27003459208e-16
6741.85384989 1.3146675523e-16
6744.03633809 1.30911807393e-16
6746.21882629 1.35595331901e-16
6748.4013145 1.36914051814e-16
6750.5838027 1.29789348124e-16
6752.7662909 1.2967861937e-16
6754.94877911 1.23694223716e-16
6757.13126731 1.15683956963e-16
6759.31375551 1.27097380276e-16
6761.49624372 1.30062077865e-16
6763.67873192 1.27551165413e-16
6765.86122012 1.28042286811e-16
6768.04370832 1.29950188524e-16
6770.22619653 1.31568189633e-16
6772.40868473 1.20523457848e-16
6774.59117293 1.24323418712e-16
6776.77366114 1.28583705921e-16
6778.95614934 1.22159836357e-16
6781.13863754 1.2696785237e-16
6783.32112575 1.27546409721e-16
6785.50361395 1.26474259446e-16
6787.68610215 1.26033877981e-16
6789.86859035 1.24203190378e-16
6792.05107856 1.30400803914e-16
6794.23356676 1.29713547652e-16
6796.41605496 1.28552458501e-16
6798.59854317 1.29756232807e-16
6800.78103137 1.23181786227e-16
6802.96351957 1.21022640128e-16
6805.14600778 1.27026257798e-16
6807.32849598 1.30660805745e-16
6809.51098418 1.24440921536e-16
6811.69347239 1.24765424227e-16
6813.87596059 1.23504360625e-16
6816.05844879 1.26964042238e-16
6818.24093699 1.30302539463e-16
6820.4234252 1.2779388531e-16
6822.6059134 1.31778864939e-16
6824.7884016 1.39272832936e-16
6826.97088981 1.3159578712e-16
6829.15337801 1.30872012754e-16
6831.33586621 1.40437702379e-16
6833.51835442 1.41086241166e-16
6835.70084262 1.31005162488e-16
6837.88333082 1.28617012572e-16
6840.06581903 1.26656431372e-16
6842.24830723 1.24813212844e-16
6844.43079543 1.34650557614e-16
6846.61328363 1.32053194047e-16
6848.79577184 1.33431873775e-16
6850.97826004 1.36573815879e-16
6853.16074824 1.38056272403e-16
6855.34323645 1.29654791749e-16
6857.52572465 1.29245787163e-16
6859.70821285 1.36679752765e-16
6861.89070106 1.31091024764e-16
6864.07318926 1.39805440292e-16
6866.25567746 1.36688369299e-16
6868.43816566 1.13635432671e-16
6870.62065387 1.1653824174e-16
6872.80314207 1.34195142017e-16
6874.98563027 1.38466923413e-16
6877.16811848 1.26348333225e-16
6879.35060668 1.2228752489e-16
6881.53309488 1.31932153721e-16
6883.71558309 1.33040277582e-16
6885.89807129 1.31601342344e-16
6888.08055949 1.30552174811e-16
6890.2630477 1.24960165069e-16
6892.4455359 1.27335430889e-16
6894.6280241 1.3326480956e-16
6896.8105123 1.32615761569e-16
6898.99300051 1.38504407833e-16
6901.17548871 1.31440146596e-16
6903.35797691 1.20957406586e-16
6905.54046512 1.25669510399e-16
6907.72295332 1.39186881183e-16
6909.90544152 1.35932443406e-16
6912.08792973 1.32413844119e-16
6914.27041793 1.38736953215e-16
6916.45290613 1.27801292728e-16
6918.63539433 1.33472808135e-16
6920.81788254 1.36188003102e-16
6923.00037074 1.43672843794e-16
6925.18285894 1.39201329412e-16
6927.36534715 1.31809193462e-16
6929.54783535 1.26622444841e-16
6931.73032355 1.34808522018e-16
6933.91281176 1.28905646065e-16
6936.09529996 1.29293122346e-16
6938.27778816 1.33244777997e-16
6940.46027637 1.19867399916e-16
6942.64276457 1.34112141953e-16
6944.82525277 1.31558572635e-16
6947.00774097 1.3215227631e-16
6949.19022918 1.35222287944e-16
6951.37271738 1.26954841098e-16
6953.55520558 1.23823544764e-16
6955.73769379 1.31045274816e-16
6957.92018199 1.39553870505e-16
6960.10267019 1.31257959341e-16
6962.2851584 1.26559702682e-16
6964.4676466 1.3329155777e-16
6966.6501348 1.31010045572e-16
6968.832623 1.27229980792e-16
6971.01511121 1.25185569721e-16
6973.19759941 1.2104177241e-16
6975.38008761 1.21604203282e-16
6977.56257582 1.38064948992e-16
6979.74506402 1.30653925835e-16
6981.92755222 1.29549139691e-16
6984.11004043 1.26788709514e-16
6986.29252863 1.3016378069e-16
6988.47501683 1.41477787973e-16
6990.65750504 1.36200589799e-16
6992.83999324 1.32938763872e-16
6995.02248144 1.31179834284e-16
6997.20496964 1.29799864176e-16
6999.38745785 1.34823791365e-16
7001.56994605 1.23256767177e-16
7003.75243425 1.30289247501e-16
7005.93492246 1.34099096249e-16
7008.11741066 1.28219619292e-16
7010.29989886 1.31147714086e-16
7012.48238707 1.27624055881e-16
7014.66487527 1.22635758593e-16
7016.84736347 1.30013096079e-16
7019.02985168 1.30525472344e-16
7021.21233988 1.31553352e-16
7023.39482808 1.28739874126e-16
7025.57731628 1.29501182086e-16
7027.75980449 1.28879423024e-16
7029.94229269 1.31647494742e-16
7032.12478089 1.29065752017e-16
7034.3072691 1.28198250567e-16
7036.4897573 1.27035016664e-16
7038.6722455 1.25574118311e-16
7040.85473371 1.3220888521e-16
7043.03722191 1.27952785788e-16
7045.21971011 1.2214857936e-16
7047.40219831 1.2649647008e-16
7049.58468652 1.31736538946e-16
7051.76717472 1.20578762235e-16
7053.94966292 1.20474374801e-16
7056.13215113 1.23804106875e-16
7058.31463933 1.25234180321e-16
7060.49712753 1.27376904768e-16
7062.67961574 1.24486553156e-16
7064.86210394 1.24615299881e-16
7067.04459214 1.26163790809e-16
7069.22708035 1.23357128057e-16
7071.40956855 1.21845844195e-16
7073.59205675 1.26820923765e-16
7075.77454495 1.30861519701e-16
7077.95703316 1.31168420215e-16
7080.13952136 1.28122756849e-16
7082.32200956 1.25185249906e-16
7084.50449777 1.23213554301e-16
7086.68698597 1.21750903069e-16
7088.86947417 1.27550328386e-16
7091.05196238 1.32799309784e-16
7093.23445058 1.32135450836e-16
7095.41693878 1.31460028019e-16
7097.59942698 1.35105756548e-16
7099.78191519 1.32808647747e-16
7101.96440339 1.25196841591e-16
7104.14689159 1.2214236416e-16
7106.3293798 1.20835352064e-16
7108.511868 1.21485909869e-16
7110.6943562 1.31884971309e-16
7112.87684441 1.3223700116e-16
7115.05933261 1.27185573327e-16
7117.24182081 1.40268174795e-16
7119.42430902 1.45788779675e-16
7121.60679722 1.44211965017e-16
7123.78928542 1.36618889097e-16
7125.97177362 1.31463076789e-16
7128.15426183 1.35207910634e-16
7130.33675003 1.53244066033e-16
7132.51923823 2.16445356447e-16
7134.70172644 2.73089022965e-16
7136.88421464 2.85076179244e-16
7139.06670284 2.41196042248e-16
7141.24919105 1.86784623742e-16
7143.43167925 1.44914585411e-16
7145.61416745 1.34884965177e-16
7147.79665565 1.27668794843e-16
7149.97914386 1.31148670808e-16
7152.16163206 1.31529179028e-16
7154.34412026 1.53210910496e-16
7156.52660847 1.94001814196e-16
7158.70909667 2.02237202582e-16
7160.89158487 1.86568481099e-16
7163.07407308 1.59208080229e-16
7165.25656128 1.49943618723e-16
7167.43904948 1.30225436122e-16
7169.62153769 1.24659340652e-16
7171.80402589 1.23885778901e-16
7173.98651409 1.16749775929e-16
7176.16900229 1.14642902931e-16
7178.3514905 1.21503531208e-16
7180.5339787 1.22416333779e-16
7182.7164669 1.26151028929e-16
7184.89895511 1.16938264387e-16
7187.08144331 1.20197040608e-16
7189.26393151 1.14570769512e-16
7191.44641972 1.30917216193e-16
7193.62890792 1.32954211027e-16
7195.81139612 1.21724529031e-16
7197.99388433 1.27144058695e-16
7200.17637253 1.2488841579e-16
7202.35886073 1.23554636361e-16
7204.54134893 1.1845085672e-16
7206.72383714 1.19616727335e-16
7208.90632534 1.24951608927e-16
7211.08881354 1.27541386769e-16
7213.27130175 1.25577378863e-16
7215.45378995 1.20714285297e-16
7217.63627815 1.2139342024e-16
7219.81876636 1.17857260366e-16
7222.00125456 1.2181803797e-16
7224.18374276 1.15647992903e-16
7226.36623096 1.2305591555e-16
7228.54871917 1.26576206568e-16
7230.73120737 1.21622681599e-16
7232.91369557 1.25959250613e-16
7235.09618378 1.34270893208e-16
7237.27867198 1.21535300476e-16
7239.46116018 1.03261481328e-16
7241.64364839 1.13777138122e-16
7243.82613659 1.27806313401e-16
7246.00862479 1.18054614387e-16
7248.191113 1.19614807036e-16
7250.3736012 1.15698357667e-16
7252.5560894 1.22364695963e-16
7254.7385776 1.24794443085e-16
7256.92106581 1.17057382996e-16
7259.10355401 1.16802056794e-16
7261.28604221 1.21931150371e-16
7263.46853042 1.29240948532e-16
7265.65101862 1.242077692e-16
7267.83350682 1.15826846005e-16
7270.01599503 1.24160971094e-16
7272.19848323 1.17953100019e-16
7274.38097143 1.16046335606e-16
7276.56345963 1.28438453379e-16
7278.74594784 1.20008396849e-16
7280.92843604 1.16602342024e-16
7283.11092424 1.21395035163e-16
7285.29341245 1.18876917629e-16
7287.47590065 1.16780133994e-16
7289.65838885 1.10992357438e-16
7291.84087706 1.13222079706e-16
7294.02336526 1.17058919164e-16
7296.20585346 1.15508073306e-16
7298.38834167 1.23228588762e-16
7300.57082987 1.44820205859e-16
7302.75331807 1.55902340609e-16
7304.93580627 1.38183503191e-16
7307.11829448 1.25002201255e-16
7309.30078268 1.25920690402e-16
7311.48327088 1.12330196468e-16
7313.66575909 1.21493254316e-16
7315.84824729 1.42116660628e-16
7318.03073549 1.40257645314e-16
7320.2132237 1.31690183762e-16
7322.3957119 1.24594092741e-16
7324.5782001 1.21859008906e-16
7326.7606883 1.24546426542e-16
7328.94317651 1.13393821893e-16
7331.12566471 1.09873284616e-16
7333.30815291 1.15602476751e-16
7335.49064112 1.30444911853e-16
7337.67312932 1.27595557699e-16
7339.85561752 1.22019243229e-16
7342.03810573 1.24617189089e-16
7344.22059393 1.15885529539e-16
7346.40308213 1.17562050906e-16
7348.58557034 1.24346286258e-16
7350.76805854 1.18436209874e-16
7352.95054674 1.20897490641e-16
7355.13303494 1.1115774096e-16
7357.31552315 1.01878104352e-16
7359.49801135 1.1307934917e-16
7361.68049955 1.09925637109e-16
7363.86298776 1.17530137536e-16
7366.04547596 1.13559773824e-16
7368.22796416 1.1381403188e-16
7370.41045237 1.21288234975e-16
7372.59294057 1.10034718617e-16
7374.77542877 1.14371671995e-16
7376.95791698 1.22458807872e-16
7379.14040518 1.16391020336e-16
7381.32289338 1.16555876507e-16
7383.50538158 1.13677161913e-16
7385.68786979 1.06466108393e-16
7387.87035799 1.08656602773e-16
7390.05284619 1.09962685674e-16
7392.2353344 1.14336216363e-16
7394.4178226 1.25158680883e-16
7396.6003108 1.15684266158e-16
7398.78279901 1.14088864507e-16
7400.96528721 1.15719724635e-16
7403.14777541 1.09381054704e-16
7405.33026361 1.17603157105e-16
7407.51275182 1.11228932869e-16
7409.69524002 1.1146590399e-16
7411.87772822 1.19020002321e-16
7414.06021643 1.21034861685e-16
7416.24270463 1.14040572109e-16
7418.42519283 1.12943873546e-16
7420.60768104 1.1681563759e-16
7422.79016924 1.15751252941e-16
7424.97265744 1.20861435246e-16
7427.15514565 1.20000520743e-16
7429.33763385 1.20733879038e-16
7431.52012205 1.15275123434e-16
7433.70261025 1.09529245149e-16
7435.88509846 1.1678361885e-16
7438.06758666 1.07301406119e-16
7440.25007486 1.07937077178e-16
7442.43256307 1.11924218728e-16
7444.61505127 1.1690377587e-16
7446.79753947 1.2132795219e-16
7448.98002768 1.04839219764e-16
7451.16251588 1.04034714351e-16
7453.34500408 1.16311953854e-16
7455.52749228 1.17152608589e-16
7457.70998049 1.11265555306e-16
7459.89246869 1.14995131464e-16
7462.07495689 1.12958282295e-16
7464.2574451 1.08647898794e-16
7466.4399333 1.07529588734e-16
7468.6224215 1.18031520461e-16
7470.80490971 1.1380041812e-16
7472.98739791 1.18667249321e-16
7475.16988611 1.25086374204e-16
7477.35237432 1.03022694985e-16
7479.53486252 1.20264120309e-16
7481.71735072 1.09626753919e-16
7483.89983892 1.05305477693e-16
7486.08232713 1.0895480864e-16
7488.26481533 1.14062431754e-16
7490.44730353 1.04835615856e-16
7492.62979174 1.19910198824e-16
7494.81227994 1.16106931947e-16
7496.99476814 1.08480278893e-16
7499.17725635 1.15310749622e-16
7501.35974455 1.11749472968e-16
7503.54223275 1.12596316458e-16
7505.72472095 1.06537084765e-16
7507.90720916 1.1536907992e-16
7510.08969736 1.08779014565e-16
7512.27218556 1.09633089899e-16
7514.45467377 1.20956521296e-16
7516.63716197 1.10728466222e-16
7518.81965017 1.125532573e-16
7521.00213838 1.19918380517e-16
7523.18462658 1.1598433946e-16
7525.36711478 1.17067581626e-16
7527.54960299 1.15816023151e-16
7529.73209119 1.02775461086e-16
7531.91457939 1.07405218425e-16
7534.09706759 1.07934186349e-16
7536.2795558 1.06459263831e-16
7538.462044 1.18058368815e-16
7540.6445322 1.19885854005e-16
7542.82702041 1.1529721094e-16
7545.00950861 1.15167988274e-16
7547.19199681 1.09223341233e-16
7549.37448502 1.10852474725e-16
7551.55697322 1.14496685218e-16
7553.73946142 1.06668248243e-16
7555.92194963 1.08506168664e-16
7558.10443783 1.11388045692e-16
7560.28692603 1.16002636849e-16
7562.46941423 1.23979623595e-16
7564.65190244 1.20104739703e-16
7566.83439064 1.11419306742e-16
7569.01687884 1.15814268649e-16
7571.19936705 1.18420037568e-16
7573.38185525 1.11631591821e-16
7575.56434345 1.09669151127e-16
7577.74683166 1.10750360511e-16
7579.92931986 1.15665384219e-16
7582.11180806 1.18594890859e-16
7584.29429626 1.02642003527e-16
7586.47678447 1.13735776813e-16
7588.65927267 1.20591688238e-16
7590.84176087 1.19533849906e-16
7593.02424908 1.29662303739e-16
7595.20673728 1.0230908615e-16
7597.38922548 1.04681777977e-16
7599.57171369 1.06188820423e-16
7601.75420189 9.14297240361e-17
7603.93669009 1.07308953092e-16
7606.1191783 1.11449006551e-16
7608.3016665 1.07118989451e-16
7610.4841547 9.79093730467e-17
7612.6666429 9.71437874139e-17
7614.84913111 1.17417777152e-16
7617.03161931 1.07588813654e-16
7619.21410751 9.9733394242e-17
7621.39659572 1.08289605302e-16
7623.57908392 1.26074964391e-16
7625.76157212 1.11418184085e-16
7627.94406033 1.03441170978e-16
7630.12654853 1.07564991342e-16
7632.30903673 1.09220210661e-16
7634.49152493 1.08559523828e-16
7636.67401314 9.65136001258e-17
7638.85650134 9.95236778188e-17
7641.03898954 1.12354955052e-16
7643.22147775 1.18932149889e-16
7645.40396595 1.07516099107e-16
7647.58645415 1.03837158521e-16
7649.76894236 1.12905143533e-16
7651.95143056 1.09541196908e-16
7654.13391876 1.13500220953e-16
7656.31640697 1.18756332386e-16
7658.49889517 1.27776583785e-16
7660.68138337 1.20883033285e-16
7662.86387157 1.09623503874e-16
7665.04635978 1.1693301329e-16
7667.22884798 1.11553967056e-16
7669.41133618 1.22774947432e-16
7671.59382439 1.14656343766e-16
7673.77631259 1.0422454176e-16
7675.95880079 1.06200959174e-16
7678.141289 1.10228540603e-16
7680.3237772 1.17293709171e-16
7682.5062654 1.07287912453e-16
7684.6887536 1.14350238643e-16
7686.87124181 1.17174920935e-16
7689.05373001 1.10858905478e-16
7691.23621821 1.07054080136e-16
7693.41870642 1.08191033169e-16
7695.60119462 1.13911172338e-16
7697.78368282 1.15852077746e-16
7699.96617103 1.12182574849e-16
7702.14865923 1.07594427268e-16
7704.33114743 1.09795108362e-16
7706.51363564 1.18462898907e-16
7708.69612384 1.08272130855e-16
7710.87861204 1.17531694535e-16
7713.06110024 1.16388021965e-16
7715.24358845 1.06769999928e-16
7717.42607665 9.86892284706e-17
7719.60856485 1.0325499524e-16
7721.79105306 1.02965892969e-16
7723.97354126 1.05332488089e-16
7726.15602946 1.00581534452e-16
7728.33851767 1.0066543611e-16
7730.52100587 1.10863884746e-16
7732.70349407 1.13632152539e-16
7734.88598228 1.03288837978e-16
7737.06847048 1.03799151189e-16
7739.25095868 1.17884837249e-16
7741.43344688 1.08322399185e-16
7743.61593509 1.00193750578e-16
7745.79842329 1.15372179274e-16
7747.98091149 1.10602363133e-16
7750.1633997 8.9616064585e-17
7752.3458879 9.1007143548e-17
7754.5283761 1.07630245271e-16
7756.71086431 1.05523552269e-16
7758.89335251 1.01806235847e-16
7761.07584071 1.06857026403e-16
7763.25832891 1.11188600597e-16
7765.44081712 1.18681201471e-16
7767.62330532 1.03990131117e-16
7769.80579352 9.81653089211e-17
7771.98828173 9.37592666571e-17
7774.17076993 9.66188072892e-17
7776.35325813 1.1226167298e-16
7778.53574634 1.10265535023e-16
7780.71823454 1.00328284793e-16
7782.90072274 1.0111338661e-16
7785.08321095 1.10813966132e-16
7787.26569915 1.029109882e-16
7789.44818735 9.17063758744e-17
7791.63067555 1.01868507437e-16
7793.81316376 1.02505721347e-16
7795.99565196 1.06337708566e-16
7798.17814016 9.40369801157e-17
7800.36062837 9.11077911807e-17
7802.54311657 1.05022434979e-16
7804.72560477 1.16367052435e-16
7806.90809298 1.02806952771e-16
7809.09058118 1.05290415284e-16
7811.27306938 1.01095467446e-16
7813.45555758 9.67158904585e-17
7815.63804579 1.00386721392e-16
7817.82053399 1.15937668172e-16
7820.00302219 9.06118184697e-17
7822.1855104 9.51261596877e-17
7824.3679986 1.03289604932e-16
7826.5504868 1.09099125776e-16
7828.73297501 9.4155148822e-17
7830.91546321 1.01106387969e-16
7833.09795141 1.12011135785e-16
7835.28043962 1.06033515202e-16
7837.46292782 1.09819982777e-16
7839.64541602 1.01695878332e-16
7841.82790422 9.67061748595e-17
7844.01039243 1.09555666308e-16
7846.19288063 9.79625120906e-17
7848.37536883 1.19662382361e-16
7850.55785704 1.15410751921e-16
7852.74034524 9.60687251116e-17
7854.92283344 8.76441982345e-17
7857.10532165 9.76591233795e-17
7859.28780985 9.03616024346e-17
7861.47029805 1.0874277547e-16
7863.65278625 1.05474812516e-16
7865.83527446 1.04297752922e-16
7868.01776266 9.12892438037e-17
7870.20025086 1.00116516626e-16
7872.38273907 1.07397264978e-16
7874.56522727 1.10343084975e-16
7876.74771547 9.9761887555e-17
7878.93020368 1.02866049456e-16
7881.11269188 1.16893846706e-16
7883.29518008 1.23447871895e-16
7885.47766829 1.08910375932e-16
7887.66015649 1.10443791441e-16
7889.84264469 1.04747227308e-16
7892.02513289 9.03157083641e-17
7894.2076211 9.63754023339e-17
7896.3901093 1.03141900236e-16
7898.5725975 1.07815894213e-16
7900.75508571 9.82151087425e-17
7902.93757391 1.01587340821e-16
7905.12006211 1.04492468098e-16
7907.30255032 1.03355217449e-16
7909.48503852 9.95265643074e-17
7911.66752672 9.68780290486e-17
7913.85001493 1.04503017471e-16
7916.03250313 1.01372878126e-16
7918.21499133 9.79887834029e-17
7920.39747953 1.11757732793e-16
7922.57996774 1.00980090521e-16
7924.76245594 1.01138102935e-16
7926.94494414 1.02858666464e-16
7929.12743235 9.95049891929e-17
7931.30992055 1.07815006439e-16
7933.49240875 1.05706151644e-16
7935.67489696 1.10417445477e-16
7937.85738516 1.12253242493e-16
7940.03987336 1.06484346053e-16
7942.22236156 1.06694510054e-16
7944.40484977 1.01065650942e-16
7946.58733797 1.03376205154e-16
7948.76982617 1.16850287611e-16
7950.95231438 1.10372781303e-16
7953.13480258 9.89689992629e-17
7955.31729078 1.0839079435e-16
7957.49977899 1.02240841751e-16
7959.68226719 1.07160789842e-16
7961.86475539 1.2282125999e-16
7964.0472436 1.16031586049e-16
7966.2297318 1.00319237185e-16
7968.41222 9.90183478693e-17
7970.5947082 9.62710768393e-17
7972.77719641 9.98774246975e-17
7974.95968461 1.00011069769e-16
7977.14217281 1.04093175452e-16
7979.32466102 1.09010202432e-16
7981.50714922 1.04900831792e-16
7983.68963742 1.05519257148e-16
7985.87212563 9.83719999938e-17
7988.05461383 1.10889108143e-16
7990.23710203 8.15450050055e-17
7992.41959023 9.74529117325e-17
7994.60207844 1.1402357672e-16
7996.78456664 1.05071397109e-16
7998.96705484 1.0163723369e-16
8001.14954305 9.01688247292e-17
8003.33203125 9.16709746898e-17
8005.51451945 9.3457102359e-17
8007.69700766 9.58759640009e-17
8009.87949586 1.11006536646e-16
8012.06198406 9.95927942643e-17
8014.24447227 9.17621302725e-17
