3418.20000  1.45728e-16  8.39510e-17
3421.24802  9.18804e-18  8.11702e-17
3424.29603 -9.17194e-17  7.60550e-17
3427.34405  6.67110e-18  7.81925e-17
3430.39206 -5.69211e-17  7.69473e-17
3433.44008 -1.30048e-18  7.54845e-17
3436.48810  1.08415e-16  7.62634e-17
3439.53611  1.45976e-16  7.65969e-17
3442.58413 -6.25436e-17  7.37781e-17
3445.63214 -8.71076e-17  7.11385e-17
3448.68016 -2.23935e-17  7.10109e-17
3451.72818 -5.32957e-17  7.08164e-17
3454.77619  9.60019e-17  7.23846e-17
3457.82421  6.06595e-17  7.09425e-17
3460.87222  4.75713e-17  6.93973e-17
3463.92024  4.53990e-17  6.75746e-17
3466.96826  1.55325e-16  7.07221e-17
3470.01627 -8.65530e-18  6.55455e-17
3473.06429  7.00661e-17  6.63671e-17
3476.11231  1.97799e-16  6.98993e-17
3479.16032 -4.67683e-17  6.34822e-17
3482.20834  1.26873e-16  6.66606e-17
3485.25635 -9.24542e-18  6.20926e-17
3488.30437  1.89697e-16  6.54157e-17
3491.35239 -1.19394e-17  5.85316e-17
3494.40040  8.82303e-17  6.28471e-17
3497.44842  1.35998e-16  6.28818e-17
3500.49643  1.20689e-16  6.18573e-17
3503.54445  5.49559e-17  5.79633e-17
3506.59247  7.63867e-17  5.86780e-17
3509.64048  2.14259e-16  6.26758e-17
3512.68850  1.17947e-16  5.82417e-17
3515.73651  2.77967e-17  5.45201e-17
3518.78453  8.51068e-17  5.55830e-17
3521.83255  5.93174e-18  5.35940e-17
3524.88056  1.15203e-16  5.51282e-17
3527.92858  1.07709e-16  5.40995e-17
3530.97659  8.53227e-17  5.30733e-17
3534.02461  2.32864e-18  5.04497e-17
3537.07263  1.14643e-16  5.35024e-17
3540.12064  1.12263e-16  5.25638e-17
3543.16866  1.03024e-16  5.05829e-17
3546.21667  1.48991e-17  4.81697e-17
3549.26469  7.77198e-18  4.75961e-17
3552.31271  3.56297e-17  4.66461e-17
3555.36072  1.71753e-16  5.09640e-17
3558.40874  1.06140e-16  4.71601e-17
3561.45676  2.25459e-17  4.45527e-17
3564.50477  1.23231e-16  4.72664e-17
3567.55279  7.31467e-17  4.43639e-17
3570.60080  6.18708e-17  4.29537e-17
3573.64882  7.03296e-17  4.22255e-17
3576.69684  1.67155e-17  4.06650e-17
3579.74485  4.72789e-17  4.12516e-17
3582.79287  6.55976e-17  4.05736e-17
3585.84088  4.32630e-17  3.95089e-17
3588.88890  9.60044e-17  4.03001e-17
3591.93692 -6.43393e-18  3.73252e-17
3594.98493  4.15314e-17  3.77028e-17
3598.03295  1.28957e-16  3.88014e-17
3601.08096  2.25543e-16  4.10241e-17
3604.12898  9.55720e-17  3.72146e-17
3607.17700  4.85155e-17  3.57688e-17
3610.22501  1.49678e-16  3.70016e-17
3613.27303  9.64240e-17  3.55687e-17
3616.32104  8.42842e-17  3.40883e-17
3619.36906  1.14636e-16  3.52582e-17
3622.41708  1.21396e-16  3.44139e-17
3625.46509  1.48721e-16  3.39700e-17
3628.51311  1.33814e-16  3.35898e-17
3631.56112  5.88622e-17  3.10132e-17
3634.60914  1.12861e-16  3.27176e-17
3637.65716  9.82189e-17  3.15149e-17
3640.70517  1.27788e-16  3.15363e-17
3643.75319  1.20499e-16  3.08400e-17
3646.80121  6.50682e-17  2.93266e-17
3649.84922  1.08627e-16  2.97240e-17
3652.89724  9.71939e-17  2.91231e-17
3655.94525  8.61510e-17  2.84494e-17
3658.99327  1.34009e-16  2.86830e-17
3662.04129  8.24247e-17  2.74570e-17
3665.08930  1.57482e-16  2.84244e-17
3668.13732  1.07280e-16  2.68220e-17
3671.18533  1.02693e-16  2.62585e-17
3674.23335  1.42249e-16  2.64868e-17
3677.28137  1.22428e-16  2.54171e-17
3680.32938  1.22378e-16  2.57355e-17
3683.37740  1.26778e-16  2.54110e-17
3686.42541  1.66401e-16  2.55070e-17
3689.47343  1.45632e-16  2.52479e-17
3692.52145  1.35659e-16  2.45081e-17
3695.56946  1.30907e-16  2.41570e-17
3698.61748  1.71220e-16  2.43616e-17
3701.66549  1.30658e-16  2.37158e-17
3704.71351  1.67626e-16  2.44152e-17
3707.76153  1.44556e-16  2.35303e-17
3710.80954  1.52533e-16  2.32952e-17
3713.85756  1.45602e-16  2.27453e-17
3716.90557  1.26211e-16  2.23205e-17
3719.95359  1.29820e-16  2.19759e-17
3723.00161  1.43438e-16  2.20607e-17
3726.04962  1.35922e-16  2.15419e-17
3729.09764  1.38802e-16  2.12248e-17
3732.14566  1.22097e-16  2.12156e-17
3735.19367  1.17639e-16  2.09207e-17
3738.24169  1.60112e-16  2.09760e-17
3741.28970  1.10948e-16  2.04379e-17
3744.33772  1.13712e-16  1.96420e-17
3747.38574  1.09042e-16  1.97101e-17
3750.43375  1.26214e-16  1.92123e-17
3753.48177  1.27249e-16  1.91678e-17
3756.52978  1.23078e-16  1.88926e-17
3759.57780  1.58791e-16  1.93060e-17
3762.62582  1.25143e-16  1.80655e-17
3765.67383  1.76288e-16  1.89374e-17
3768.72185  1.44207e-16  1.81421e-17
3771.76986  1.65779e-16  1.83443e-17
3774.81788  2.07272e-16  1.86692e-17
3777.86590  1.74214e-16  1.79621e-17
3780.91391  1.88887e-16  1.79597e-17
3783.96193  1.99059e-16  1.76990e-17
3787.00994  1.82362e-16  1.74240e-17
3790.05796  1.88239e-16  1.72475e-17
3793.10598  1.89211e-16  1.72156e-17
3796.15399  2.12629e-16  1.71444e-17
3799.20201  1.89800e-16  1.65692e-17
3802.25002  1.83667e-16  1.63304e-17
3805.29804  2.07677e-16  1.65413e-17
3808.34606  1.74533e-16  1.60021e-17
3811.39407  1.72453e-16  1.56799e-17
3814.44209  1.98416e-16  1.59053e-17
3817.49011  1.94569e-16  1.56026e-17
3820.53812  1.77311e-16  1.49830e-17
3823.58614  1.80256e-16  1.50709e-17
3826.63415  1.68720e-16  1.48426e-17
3829.68217  1.78056e-16  1.48081e-17
3832.73019  1.82862e-16  1.47909e-17
3835.77820  1.61757e-16  1.43934e-17
3838.82622  1.55576e-16  1.41472e-17
3841.87423  1.62484e-16  1.41516e-17
3844.92225  1.47238e-16  1.38984e-17
3847.97027  1.49945e-16  1.37730e-17
3851.01828  1.63721e-16  1.39523e-17
3854.06630  1.63192e-16  1.38317e-17
3857.11431  1.26464e-16  1.31472e-17
3860.16233  1.14419e-16  1.29124e-17
3863.21035  1.29401e-16  1.30138e-17
3866.25836  1.25930e-16  1.29756e-17
3869.30638  1.21204e-16  1.28634e-17
3872.35439  1.06843e-16  1.25241e-17
3875.40241  9.06829e-17  1.21942e-17
3878.45043  1.03340e-16  1.22974e-17
3881.49844  1.19541e-16  1.23438e-17
3884.54646  1.06370e-16  1.20543e-17
3887.59447  1.06992e-16  1.19037e-17
3890.64249  8.17757e-17  1.15089e-17
3893.69051  1.04177e-16  1.16785e-17
3896.73852  1.01654e-16  1.15157e-17
3899.78654  1.16945e-16  1.16544e-17
3902.83456  9.97731e-17  1.12196e-17
3905.88257  9.89325e-17  1.12439e-17
3908.93059  9.82965e-17  1.10542e-17
3911.97860  1.16440e-16  1.14681e-17
3915.02662  1.00206e-16  1.10108e-17
3918.07464  1.20961e-16  1.10660e-17
3921.12265  1.10119e-16  1.08973e-17
3924.17067  1.29889e-16  1.10185e-17
3927.21868  1.28933e-16  1.08610e-17
3930.26670  1.04419e-16  1.02947e-17
3933.31472  9.85208e-17  1.01949e-17
3936.36273  9.31128e-17  9.98940e-18
3939.41075  1.17409e-16  1.03555e-17
3942.45876  1.01376e-16  9.93424e-18
3945.50678  1.06587e-16  1.00464e-17
3948.55480  1.05299e-16  9.96589e-18
3951.60281  1.27207e-16  1.03302e-17
3954.65083  1.09857e-16  9.82407e-18
3957.69884  1.13517e-16  9.86514e-18
3960.74686  1.07921e-16  9.64086e-18
3963.79488  1.24444e-16  9.78531e-18
3966.84289  1.06486e-16  9.44418e-18
3969.89091  1.15308e-16  9.57404e-18
3972.93892  1.29479e-16  9.62560e-18
3975.98694  1.20445e-16  9.53477e-18
3979.03496  1.42439e-16  9.84562e-18
3982.08297  1.41721e-16  9.74521e-18
3985.13099  1.51356e-16  9.78415e-18
3988.17901  1.43283e-16  9.61145e-18
3991.22702  1.57291e-16  9.73399e-18
3994.27504  1.56103e-16  9.74072e-18
3997.32305  1.55506e-16  9.60383e-18
4000.37107  1.46474e-16  9.40042e-18
4003.41909  1.20593e-16  8.86218e-18
4006.46710  1.34350e-16  9.08332e-18
4009.51512  1.18312e-16  8.80199e-18
4012.56313  1.28284e-16  8.94724e-18
4015.61115  1.38070e-16  9.00819e-18
4018.65917  1.20051e-16  8.67860e-18
4021.70718  1.37940e-16  8.90191e-18
4024.75520  1.19336e-16  8.62946e-18
4027.80321  1.31106e-16  8.72968e-18
4030.85123  1.20728e-16  8.53612e-18
4033.89925  1.12242e-16  8.38828e-18
4036.94726  1.03994e-16  8.23221e-18
4039.99528  1.02096e-16  8.21484e-18
4043.04329  1.00195e-16  8.13758e-18
4046.09131  8.56812e-17  7.77653e-18
4049.13933  1.13113e-16  8.17021e-18
4052.18734  1.06372e-16  8.02266e-18
4055.23536  1.06086e-16  7.91330e-18
4058.28337  1.12553e-16  8.03096e-18
4061.33139  9.99227e-17  7.84892e-18
4064.37941  1.18163e-16  8.16024e-18
4067.42742  1.05949e-16  8.00956e-18
4070.47544  1.14864e-16  8.05350e-18
4073.52346  1.15023e-16  8.12642e-18
4076.57147  1.20731e-16  8.14415e-18
4079.61949  1.11114e-16  7.89670e-18
4082.66750  1.14467e-16  7.99014e-18
4085.71552  1.30632e-16  8.20483e-18
4088.76354  1.15877e-16  7.96628e-18
4091.81155  1.27796e-16  8.08046e-18
4094.85957  1.17790e-16  7.86556e-18
4097.90758  1.06261e-16  7.65366e-18
4100.95560  1.08379e-16  7.54872e-18
4104.00362  1.09643e-16  7.57093e-18
4107.05163  1.36837e-16  7.96978e-18
4110.09965  1.35462e-16  7.86279e-18
4113.14766  1.29620e-16  7.69445e-18
4116.19568  1.43329e-16  7.87292e-18
4119.24370  1.34792e-16  7.81231e-18
4122.29171  1.22553e-16  7.57282e-18
4125.33973  1.30686e-16  7.58398e-18
4128.38774  1.20042e-16  7.44704e-18
4131.43576  1.09479e-16  7.34318e-18
4134.48378  1.30330e-16  7.62189e-18
4137.53179  1.35769e-16  7.72383e-18
4140.57981  1.34972e-16  7.71589e-18
4143.62782  1.28243e-16  7.46693e-18
4146.67584  1.03821e-16  7.11449e-18
4149.72386  9.68729e-17  6.95090e-18
4152.77187  1.04587e-16  7.16642e-18
4155.81989  1.16054e-16  7.25836e-18
4158.86791  1.06126e-16  7.16619e-18
4161.91592  1.02917e-16  7.07815e-18
4164.96394  1.13370e-16  7.20227e-18
4168.01195  1.10504e-16  7.11996e-18
4171.05997  1.09458e-16  7.04080e-18
4174.10799  1.07903e-16  6.96659e-18
4177.15600  1.10201e-16  6.96816e-18
4180.20402  1.18716e-16  7.04830e-18
4183.25203  1.19067e-16  7.03667e-18
4186.30005  9.46313e-17  6.68083e-18
4189.34807  9.89027e-17  6.72834e-18
4192.39608  9.41102e-17  6.57376e-18
4195.44410  8.94938e-17  6.46636e-18
4198.49211  1.03788e-16  6.62220e-18
4201.54013  1.12140e-16  6.68997e-18
4204.58815  1.12848e-16  6.58053e-18
4207.63616  1.12935e-16  6.54946e-18
4210.68418  1.23206e-16  6.65833e-18
4213.73219  1.31586e-16  6.78633e-18
4216.78021  1.39096e-16  6.84003e-18
4219.82823  1.36668e-16  6.77523e-18
4222.87624  1.22041e-16  6.58106e-18
4225.92426  1.15732e-16  6.48675e-18
4228.97227  1.22377e-16  6.57339e-18
4232.02029  1.13514e-16  6.43996e-18
4235.06831  9.80658e-17  6.14169e-18
4238.11632  1.01588e-16  6.16002e-18
4241.16434  9.64248e-17  6.05923e-18
4244.21236  9.32006e-17  5.98803e-18
4247.26037  8.76011e-17  5.84302e-18
4250.30839  9.34817e-17  5.97474e-18
4253.35640  9.38283e-17  5.95204e-18
4256.40442  9.01418e-17  5.91095e-18
4259.45244  9.38052e-17  5.99961e-18
4262.50045  8.65068e-17  5.90005e-18
4265.54847  8.71573e-17  5.91932e-18
4268.59648  8.82223e-17  5.84588e-18
4271.64450  9.23722e-17  5.91575e-18
4274.69252  1.04038e-16  6.07937e-18
4277.74053  1.05189e-16  6.03974e-18
4280.78855  9.96189e-17  5.93860e-18
4283.83656  1.00656e-16  5.99782e-18
4286.88458  1.06232e-16  6.05811e-18
4289.93260  1.04604e-16  6.04834e-18
4292.98061  1.05555e-16  6.00571e-18
4296.02863  9.52400e-17  5.87995e-18
4299.07664  1.02402e-16  5.98277e-18
4302.12466  9.83846e-17  5.90208e-18
4305.17268  1.04770e-16  5.95534e-18
4308.22069  1.00405e-16  5.90703e-18
4311.26871  9.95309e-17  5.91189e-18
4314.31672  1.09248e-16  6.02183e-18
4317.36474  1.02564e-16  5.92513e-18
4320.41276  9.62981e-17  5.84249e-18
4323.46077  9.67232e-17  5.83336e-18
4326.50879  9.57612e-17  5.78313e-18
4329.55681  9.40835e-17  5.68844e-18
4332.60482  9.96640e-17  5.78236e-18
4335.65284  1.03264e-16  5.79943e-18
4338.70085  1.02042e-16  5.77806e-18
4341.74887  1.13341e-16  5.94243e-18
4344.79689  1.08504e-16  5.85751e-18
4347.84490  1.01677e-16  5.76283e-18
4350.89292  1.08131e-16  5.83313e-18
4353.94093  1.04097e-16  5.76250e-18
4356.98895  1.17873e-16  5.92565e-18
4360.03697  1.11706e-16  5.84021e-18
4363.08498  1.21465e-16  5.90937e-18
4366.13300  1.23959e-16  5.89482e-18
4369.18101  1.20878e-16  5.89863e-18
4372.22903  1.09387e-16  5.72524e-18
4375.27705  1.03846e-16  5.65580e-18
4378.32506  1.05871e-16  5.71956e-18
4381.37308  1.02834e-16  5.65836e-18
4384.42109  1.00771e-16  5.60685e-18
4387.46911  1.04974e-16  5.64161e-18
4390.51713  9.76157e-17  5.51884e-18
4393.56514  8.94609e-17  5.43283e-18
4396.61316  9.51233e-17  5.50860e-18
4399.66117  9.75397e-17  5.50503e-18
4402.70919  1.06124e-16  5.63536e-18
4405.75721  1.09063e-16  5.70872e-18
4408.80522  1.06420e-16  5.61313e-18
4411.85324  1.15175e-16  5.67274e-18
4414.90126  1.01395e-16  5.50745e-18
4417.94927  1.02991e-16  5.55484e-18
4420.99729  1.07164e-16  5.56363e-18
4424.04530  1.12510e-16  5.62687e-18
4427.09332  1.09698e-16  5.59634e-18
4430.14134  1.06000e-16  5.47026e-18
4433.18935  1.03653e-16  5.44230e-18
4436.23737  9.63658e-17  5.35177e-18
4439.28538  9.29216e-17  5.30467e-18
4442.33340  9.51829e-17  5.30092e-18
4445.38142  9.01658e-17  5.19074e-18
4448.42943  9.50221e-17  5.23713e-18
4451.47745  1.01259e-16  5.35149e-18
4454.52546  1.03854e-16  5.34263e-18
4457.57348  1.06070e-16  5.31288e-18
4460.62150  1.09033e-16  5.30632e-18
4463.66951  1.12227e-16  5.38637e-18
4466.71753  1.08120e-16  5.28353e-18
4469.76554  1.08103e-16  5.29827e-18
4472.81356  1.13679e-16  5.37837e-18
4475.86158  1.17987e-16  5.37959e-18
4478.90959  1.25873e-16  5.49017e-18
4481.95761  1.23589e-16  5.42291e-18
4485.00562  1.29732e-16  5.49134e-18
4488.05364  1.18017e-16  5.32624e-18
4491.10166  1.23967e-16  5.37018e-18
4494.14967  1.22697e-16  5.36179e-18
4497.19769  1.11525e-16  5.22314e-18
4500.24571  1.14401e-16  5.26387e-18
4503.29372  1.18765e-16  5.31695e-18
4506.34174  1.12305e-16  5.21904e-18
4509.38975  1.15456e-16  5.24695e-18
4512.43777  1.13789e-16  5.22201e-18
4515.48579  1.00878e-16  5.04524e-18
4518.53380  1.12127e-16  5.19354e-18
4521.58182  1.12254e-16  5.17640e-18
4524.62983  9.90080e-17  5.02623e-18
4527.67785  1.12140e-16  5.17235e-18
4530.72587  1.00157e-16  5.04215e-18
4533.77388  8.75803e-17  4.89294e-18
4536.82190  8.87605e-17  4.89252e-18
4539.86991  9.63288e-17  4.99779e-18
4542.91793  8.75947e-17  4.86440e-18
4545.96595  9.12380e-17  4.89089e-18
4549.01396  9.53789e-17  4.92273e-18
4552.06198  9.41303e-17  4.88619e-18
4555.10999  9.43955e-17  4.86960e-18
4558.15801  9.04720e-17  4.80067e-18
4561.20603  9.47423e-17  4.85092e-18
4564.25404  9.21519e-17  4.83864e-18
4567.30206  7.91897e-17  4.59565e-18
4570.35007  8.78266e-17  4.72861e-18
4573.39809  1.00397e-16  4.85573e-18
4576.44611  8.93504e-17  4.73161e-18
4579.49412  9.59014e-17  4.77318e-18
4582.54214  9.65244e-17  4.80833e-18
4585.59016  1.02310e-16  4.87244e-18
4588.63817  9.74376e-17  4.75632e-18
4591.68619  8.94171e-17  4.61695e-18
4594.73420  8.55117e-17  4.56097e-18
4597.78222  8.94253e-17  4.62258e-18
4600.83024  9.26432e-17  4.68429e-18
4603.87825  9.10414e-17  4.65588e-18
4606.92627  9.31352e-17  4.65693e-18
4609.97428  9.64913e-17  4.66786e-18
4613.02230  8.95899e-17  4.58164e-18
4616.07032  8.83251e-17  4.57758e-18
4619.11833  9.84158e-17  4.70110e-18
4622.16635  7.87432e-17  4.43639e-18
4625.21436  8.05627e-17  4.43851e-18
4628.26238  8.90551e-17  4.56664e-18
4631.31040  9.42619e-17  4.57942e-18
4634.35841  9.25392e-17  4.56960e-18
4637.40643  9.26325e-17  4.57582e-18
4640.45444  8.49612e-17  4.45764e-18
4643.50246  9.00954e-17  4.52836e-18
4646.55048  8.95684e-17  4.51911e-18
4649.59849  8.03860e-17  4.37831e-18
4652.64651  8.75231e-17  4.49276e-18
4655.69452  8.43228e-17  4.44950e-18
4658.74254  8.63618e-17  4.43472e-18
4661.79056  8.76107e-17  4.42966e-18
4664.83857  8.01600e-17  4.38079e-18
4667.88659  8.35931e-17  4.39946e-18
4670.93461  8.86478e-17  4.43885e-18
4673.98262  8.60629e-17  4.40423e-18
4677.03064  8.36530e-17  4.37653e-18
4680.07865  8.51066e-17  4.39068e-18
4683.12667  8.79752e-17  4.41989e-18
4686.17469  8.72219e-17  4.39500e-18
4689.22270  8.80689e-17  4.37696e-18
4692.27072  8.73588e-17  4.39173e-18
4695.31873  8.84407e-17  4.38914e-18
4698.36675  8.74080e-17  4.36486e-18
4701.41477  8.46074e-17  4.32985e-18
4704.46278  8.72762e-17  4.29360e-18
4707.51080  9.00614e-17  4.36460e-18
4710.55881  9.86686e-17  4.47989e-18
4713.60683  9.78398e-17  4.46799e-18
4716.65485  8.52615e-17  4.29663e-18
4719.70286  8.94566e-17  4.32777e-18
4722.75088  9.24816e-17  4.35785e-18
4725.79889  8.51228e-17  4.26044e-18
4728.84691  8.55667e-17  4.23974e-18
4731.89493  8.46613e-17  4.25100e-18
4734.94294  8.80936e-17  4.28333e-18
4737.99096  9.20941e-17  4.30760e-18
4741.03897  8.75471e-17  4.23903e-18
4744.08699  9.38262e-17  4.33868e-18
4747.13501  8.33794e-17  4.17718e-18
4750.18302  8.95711e-17  4.25401e-18
4753.23104  9.06220e-17  4.27558e-18
4756.27906  9.14894e-17  4.25129e-18
4759.32707  8.30926e-17  4.14472e-18
4762.37509  7.91165e-17  4.11828e-18
4765.42310  8.71867e-17  4.20793e-18
4768.47112  8.58569e-17  4.17364e-18
4771.51914  8.18387e-17  4.14136e-18
4774.56715  8.66319e-17  4.17946e-18
4777.61517  9.06434e-17  4.20434e-18
4780.66318  8.32252e-17  4.11718e-18
4783.71120  7.81044e-17  4.03839e-18
4786.75922  8.21931e-17  4.10337e-18
4789.80723  8.23258e-17  4.08604e-18
4792.85525  8.96180e-17  4.18799e-18
4795.90326  8.53945e-17  4.14226e-18
4798.95128  8.51297e-17  4.12050e-18
4801.99930  8.56787e-17  4.13349e-18
4805.04731  8.31154e-17  4.10696e-18
4808.09533  8.55642e-17  4.12810e-18
4811.14334  8.45124e-17  4.10532e-18
4814.19136  8.72356e-17  4.15098e-18
4817.23938  8.18500e-17  4.10850e-18
4820.28739  8.41856e-17  4.12824e-18
4823.33541  8.71506e-17  4.15958e-18
4826.38342  8.52224e-17  4.16777e-18
4829.43144  8.40397e-17  4.12761e-18
4832.47946  8.41486e-17  4.12949e-18
4835.52747  8.57367e-17  4.13614e-18
4838.57549  8.41056e-17  4.09684e-18
4841.62351  8.18687e-17  4.03800e-18
4844.67152  8.40335e-17  4.06712e-18
4847.71954  8.66062e-17  4.10258e-18
4850.76755  7.68472e-17  3.94406e-18
4853.81557  8.16561e-17  4.01406e-18
4856.86359  8.08379e-17  3.99430e-18
4859.91160  8.80800e-17  4.04269e-18
4862.95962  7.99751e-17  3.93735e-18
4866.00763  7.97667e-17  3.97007e-18
4869.05565  8.47767e-17  4.00739e-18
4872.10367  8.26771e-17  3.97684e-18
4875.15168  8.49219e-17  4.01217e-18
4878.19970  8.80208e-17  4.02794e-18
4881.24771  8.33523e-17  3.98075e-18
4884.29573  8.09914e-17  3.92753e-18
4887.34375  7.92243e-17  3.93278e-18
4890.39176  7.86151e-17  3.91857e-18
4893.43978  8.43815e-17  3.98159e-18
4896.48779  7.80661e-17  3.89136e-18
4899.53581  7.92320e-17  3.91047e-18
4902.58383  8.87864e-17  4.01942e-18
4905.63184  8.80118e-17  4.01739e-18
4908.67986  8.51722e-17  3.98107e-18
4911.72787  8.72786e-17  4.01655e-18
4914.77589  8.53353e-17  3.98169e-18
4917.82391  8.44579e-17  3.96141e-18
4920.87192  9.15320e-17  4.07347e-18
4923.91994  8.51868e-17  3.98655e-18
4926.96796  8.77448e-17  4.02174e-18
4930.01597  8.87138e-17  4.04496e-18
4933.06399  8.52712e-17  3.98382e-18
4936.11200  8.52165e-17  3.95894e-18
4939.16002  8.88426e-17  4.01145e-18
4942.20804  8.78797e-17  4.01626e-18
4945.25605  8.37014e-17  3.94354e-18
4948.30407  8.28945e-17  3.93263e-18
4951.35208  8.42703e-17  3.93708e-18
4954.40010  8.50763e-17  3.96216e-18
4957.44812  8.14862e-17  3.89597e-18
4960.49613  8.30778e-17  3.93015e-18
4963.54415  9.13139e-17  4.03027e-18
4966.59216  8.95974e-17  4.02140e-18
4969.64018  8.98175e-17  4.02130e-18
4972.68820  9.11480e-17  4.03006e-18
4975.73621  8.97513e-17  3.99157e-18
4978.78423  9.18389e-17  4.02220e-18
4981.83224  9.62426e-17  4.05345e-18
4984.88026  9.37262e-17  4.03945e-18
4987.92828  8.77672e-17  3.94972e-18
4990.97629  8.85548e-17  3.94917e-18
4994.02431  9.47895e-17  4.05125e-18
4997.07232  9.08560e-17  3.99164e-18
5000.12034  8.88612e-17  3.96441e-18
5003.16836  9.29395e-17  4.01854e-18
5006.21637  9.38034e-17  4.02109e-18
5009.26439  9.20832e-17  3.98824e-18
5012.31241  9.12632e-17  3.97843e-18
5015.36042  9.44599e-17  4.02063e-18
5018.40844  9.48828e-17  3.99861e-18
5021.45645  9.85979e-17  4.05656e-18
5024.50447  9.13104e-17  3.95713e-18
5027.55249  9.41251e-17  4.00046e-18
5030.60050  9.74861e-17  4.04401e-18
5033.64852  9.26485e-17  3.97482e-18
5036.69653  9.05611e-17  3.94467e-18
5039.74455  9.25656e-17  3.95990e-18
5042.79257  9.16111e-17  3.93777e-18
5045.84058  8.92980e-17  3.92814e-18
5048.88860  9.64002e-17  4.00949e-18
5051.93661  9.57203e-17  3.99963e-18
5054.98463  1.03056e-16  4.06277e-18
5058.03265  9.81668e-17  3.99859e-18
5061.08066  9.98122e-17  4.04244e-18
5064.12868  1.03491e-16  4.08302e-18
5067.17669  9.63264e-17  3.97286e-18
5070.22471  9.57926e-17  3.96358e-18
5073.27273  1.00978e-16  4.01870e-18
5076.32074  9.59734e-17  3.94480e-18
5079.36876  1.02981e-16  4.04024e-18
5082.41677  9.61219e-17  3.96071e-18
5085.46479  9.87949e-17  3.98556e-18
5088.51281  1.03456e-16  4.05823e-18
5091.56082  1.04546e-16  4.04562e-18
5094.60884  9.55497e-17  3.92990e-18
5097.65686  9.35631e-17  3.91855e-18
5100.70487  1.01235e-16  3.98456e-18
5103.75289  9.88943e-17  3.98508e-18
5106.80090  1.06271e-16  4.03109e-18
5109.84892  9.61812e-17  3.90200e-18
5112.89694  1.02231e-16  3.97660e-18
5115.94495  1.05203e-16  4.01365e-18
5118.99297  9.73747e-17  3.93200e-18
5122.04098  9.41065e-17  3.89491e-18
5125.08900  9.72309e-17  3.93232e-18
5128.13702  9.61394e-17  3.91236e-18
5131.18503  9.32388e-17  3.86732e-18
5134.23305  9.61995e-17  3.91119e-18
5137.28106  8.87865e-17  3.83864e-18
5140.32908  9.02993e-17  3.83211e-18
5143.37710  9.11645e-17  3.81342e-18
5146.42511  9.25890e-17  3.86811e-18
5149.47313  9.47365e-17  3.87159e-18
5152.52114  8.77919e-17  3.77106e-18
5155.56916  8.30939e-17  3.71266e-18
5158.61718  8.39458e-17  3.71483e-18
5161.66519  8.34618e-17  3.70502e-18
5164.71321  8.58545e-17  3.72962e-18
5167.76122  8.98315e-17  3.75345e-18
5170.80924  8.93287e-17  3.76824e-18
5173.85726  8.85563e-17  3.73629e-18
5176.90527  8.55741e-17  3.71912e-18
5179.95329  8.49532e-17  3.70755e-18
5183.00131  8.53229e-17  3.68192e-18
5186.04932  8.94067e-17  3.74401e-18
5189.09734  9.21524e-17  3.79547e-18
5192.14535  8.52825e-17  3.70613e-18
5195.19337  8.80816e-17  3.74400e-18
5198.24139  8.65574e-17  3.74082e-18
5201.28940  8.18786e-17  3.67524e-18
5204.33742  8.23922e-17  3.67502e-18
5207.38543  8.71416e-17  3.69969e-18
5210.43345  8.88922e-17  3.71015e-18
5213.48147  8.80292e-17  3.73330e-18
5216.52948  8.98568e-17  3.74617e-18
5219.57750  8.66271e-17  3.69123e-18
5222.62551  7.91730e-17  3.60351e-18
5225.67353  8.89130e-17  3.71549e-18
5228.72155  8.52511e-17  3.68367e-18
5231.76956  8.55189e-17  3.66888e-18
5234.81758  8.90564e-17  3.69302e-18
5237.86559  8.76582e-17  3.68548e-18
5240.91361  8.41885e-17  3.64515e-18
5243.96163  8.14735e-17  3.60956e-18
5247.00964  8.40739e-17  3.63279e-18
5250.05766  8.74720e-17  3.66664e-18
5253.10567  8.55654e-17  3.64272e-18
5256.15369  7.98636e-17  3.57516e-18
5259.20171  8.03774e-17  3.54342e-18
5262.24972  8.66355e-17  3.62183e-18
5265.29774  8.48796e-17  3.60099e-18
5268.34576  8.32647e-17  3.57491e-18
5271.39377  8.65610e-17  3.63138e-18
5274.44179  7.89610e-17  3.54280e-18
5277.48980  7.75502e-17  3.51307e-18
5280.53782  7.73458e-17  3.52036e-18
5283.58584  8.08234e-17  3.53692e-18
5286.63385  8.13609e-17  3.54440e-18
5289.68187  8.17591e-17  3.57294e-18
5292.72988  8.38951e-17  3.59147e-18
5295.77790  8.23454e-17  3.55862e-18
5298.82592  8.06944e-17  3.53590e-18
5301.87393  7.88523e-17  3.53704e-18
5304.92195  7.75264e-17  3.50512e-18
5307.96996  8.17119e-17  3.57708e-18
5311.01798  7.92967e-17  3.52997e-18
5314.06600  7.59228e-17  3.48691e-18
5317.11401  7.31773e-17  3.43780e-18
5320.16203  7.72890e-17  3.48659e-18
5323.21004  8.07334e-17  3.54215e-18
5326.25806  7.37020e-17  3.45063e-18
5329.30608  7.83631e-17  3.50428e-18
5332.35409  7.72364e-17  3.45693e-18
5335.40211  7.62282e-17  3.45088e-18
5338.45012  7.68509e-17  3.44531e-18
5341.49814  7.23705e-17  3.38462e-18
5344.54616  7.01231e-17  3.37446e-18
5347.59417  7.48164e-17  3.42399e-18
5350.64219  7.66494e-17  3.44812e-18
5353.69021  7.69986e-17  3.43801e-18
5356.73822  7.58781e-17  3.42962e-18
5359.78624  6.94963e-17  3.34610e-18
5362.83425  7.40565e-17  3.41231e-18
5365.88227  7.07410e-17  3.34427e-18
5368.93029  6.99709e-17  3.35155e-18
5371.97830  7.44876e-17  3.41386e-18
5375.02632  7.24815e-17  3.39848e-18
5378.07433  7.16873e-17  3.38842e-18
5381.12235  7.04064e-17  3.34182e-18
5384.17037  7.15276e-17  3.32936e-18
5387.21838  7.20141e-17  3.35030e-18
5390.26640  7.71875e-17  3.42507e-18
5393.31441  7.40052e-17  3.37302e-18
5396.36243  7.24659e-17  3.34122e-18
5399.41045  7.24117e-17  3.34433e-18
5402.45846  6.82692e-17  3.30580e-18
5405.50648  7.24788e-17  3.34882e-18
5408.55449  7.40318e-17  3.34241e-18
5411.60251  6.63137e-17  3.21844e-18
5414.65053  6.54409e-17  3.22655e-18
5417.69854  6.74901e-17  3.24099e-18
5420.74656  7.01951e-17  3.28221e-18
5423.79457  6.74878e-17  3.26023e-18
5426.84259  6.39883e-17  3.19561e-18
5429.89061  6.70095e-17  3.25947e-18
5432.93862  6.79763e-17  3.26267e-18
5435.98664  6.25034e-17  3.15809e-18
5439.03466  6.01567e-17  3.14337e-18
5442.08267  6.72185e-17  3.25758e-18
5445.13069  6.56880e-17  3.21849e-18
5448.17870  6.35266e-17  3.19051e-18
5451.22672  6.46098e-17  3.19613e-18
5454.27474  6.25566e-17  3.16162e-18
5457.32275  6.47249e-17  3.20331e-18
5460.37077  6.29802e-17  3.17549e-18
5463.41878  6.12087e-17  3.14006e-18
5466.46680  6.85413e-17  3.25171e-18
5469.51482  6.71864e-17  3.21837e-18
5472.56283  6.39753e-17  3.18346e-18
5475.61085  6.17971e-17  3.15307e-18
5478.65886  5.82382e-17  3.08983e-18
5481.70688  6.27416e-17  3.13776e-18
5484.75490  6.50884e-17  3.18630e-18
5487.80291  6.15837e-17  3.13518e-18
5490.85093  6.76393e-17  3.22758e-18
5493.89894  6.34085e-17  3.17488e-18
5496.94696  5.91867e-17  3.10314e-18
5499.99498  6.29905e-17  3.14900e-18
5503.04299  6.49123e-17  3.17883e-18
5506.09101  6.51066e-17  3.18912e-18
5509.13902  6.68099e-17  3.20828e-18
5512.18704  6.46385e-17  3.18214e-18
5515.23506  6.50634e-17  3.18307e-18
5518.28307  5.96602e-17  3.11149e-18
5521.33109  6.08929e-17  3.14655e-18
5524.37911  6.22149e-17  3.14907e-18
5527.42712  6.24111e-17  3.12360e-18
5530.47514  6.45141e-17  3.18154e-18
5533.52315  5.77428e-17  3.10535e-18
5536.57117  5.94555e-17  3.12000e-18
5539.61919  5.76459e-17  3.08457e-18
5542.66720  5.91040e-17  3.09880e-18
5545.71522  6.20279e-17  3.14763e-18
5548.76323  6.21980e-17  3.14236e-18
5551.81125  5.87229e-17  3.10117e-18
5554.85927  5.60692e-17  3.06395e-18
5557.90728  5.85000e-17  3.10766e-18
5560.95530  6.19091e-17  3.14176e-18
5564.00331  6.39228e-17  3.22325e-18
5567.05133  5.99925e-17  4.80593e-18
5570.09935  6.48045e-17  6.27035e-18
5573.14736  7.37509e-17  6.71010e-18
5576.19538  6.37615e-17  6.57967e-18
5579.24339  5.78239e-17  6.56735e-18
5582.29141  5.83971e-17  6.04098e-18
5585.33943  5.91548e-17  4.01666e-18
5588.38744  6.15765e-17  3.08397e-18
5591.43546  5.72025e-17  3.07633e-18
5594.48347  5.92737e-17  3.09311e-18
5597.53149  6.15497e-17  3.10620e-18
5600.57951  5.95539e-17  3.08712e-18
5603.62752  5.79562e-17  3.06630e-18
5606.67554  5.92767e-17  3.06819e-18
5609.72356  5.53364e-17  3.03770e-18
5612.77157  5.64392e-17  3.03013e-18
5615.81959  5.82398e-17  3.06660e-18
5618.86760  5.70087e-17  3.04927e-18
5621.91562  5.19878e-17  2.97465e-18
5624.96364  5.06408e-17  2.95726e-18
5628.01165  5.41879e-17  2.97925e-18
5631.05967  5.35997e-17  2.97290e-18
5634.10768  5.19650e-17  2.96676e-18
5637.15570  5.22244e-17  2.98021e-18
5640.20372  5.60181e-17  3.01788e-18
5643.25173  5.60574e-17  2.99672e-18
5646.29975  5.59430e-17  3.01557e-18
5649.34776  5.93137e-17  3.06201e-18
5652.39578  5.71623e-17  3.01804e-18
5655.44380  5.45930e-17  2.98430e-18
5658.49181  5.57491e-17  2.99774e-18
5661.53983  5.98691e-17  3.06127e-18
5664.58784  5.32240e-17  2.97472e-18
5667.63586  5.35192e-17  2.97973e-18
5670.68388  5.75996e-17  3.04356e-18
5673.73189  5.30079e-17  2.97759e-18
5676.77991  5.12867e-17  2.94371e-18
5679.82792  5.80891e-17  3.04283e-18
5682.87594  5.59634e-17  3.03682e-18
5685.92396  5.72694e-17  3.04228e-18
5688.97197  5.52297e-17  3.03379e-18
5692.01999  5.45138e-17  3.03009e-18
5695.06801  5.66607e-17  3.03059e-18
5698.11602  5.46113e-17  2.99269e-18
5701.16404  5.46175e-17  2.99040e-18
5704.21205  5.74262e-17  3.04033e-18
5707.26007  5.82051e-17  3.05374e-18
5710.30809  5.38297e-17  2.99028e-18
5713.35610  5.52224e-17  3.02121e-18
5716.40412  5.69660e-17  3.04538e-18
5719.45213  5.33830e-17  2.98060e-18
5722.50015  5.15884e-17  2.95298e-18
5725.54817  5.34026e-17  2.98035e-18
5728.59618  5.45617e-17  2.99784e-18
5731.64420  5.29970e-17  2.96088e-18
5734.69221  5.35698e-17  2.98105e-18
5737.74023  5.69107e-17  3.01269e-18
5740.78825  5.75031e-17  3.02240e-18
5743.83626  5.48468e-17  3.01246e-18
5746.88428  5.58622e-17  3.00051e-18
5749.93229  5.67095e-17  3.01067e-18
5752.98031  5.35017e-17  2.94891e-18
5756.02833  5.30549e-17  2.95358e-18
5759.07634  5.29992e-17  2.96893e-18
5762.12436  5.20375e-17  2.94780e-18
5765.17237  5.36080e-17  2.95354e-18
5768.22039  5.26011e-17  2.94946e-18
5771.26841  5.15231e-17  2.90496e-18
5774.31642  5.22211e-17  2.96048e-18
5777.36444  5.18033e-17  2.92325e-18
5780.41246  5.30407e-17  2.94889e-18
5783.46047  5.36666e-17  2.96734e-18
5786.50849  5.15699e-17  2.92811e-18
5789.55650  5.23717e-17  2.92280e-18
5792.60452  5.25728e-17  2.95593e-18
5795.65254  5.23877e-17  2.94376e-18
5798.70055  5.12625e-17  2.91096e-18
5801.74857  5.34581e-17  2.94671e-18
5804.79658  5.59229e-17  2.99433e-18
5807.84460  5.69830e-17  3.00032e-18
5810.89262  5.18968e-17  2.92241e-18
5813.94063  5.03713e-17  2.90912e-18
5816.98865  5.89725e-17  3.03284e-18
5820.03666  5.62305e-17  3.00697e-18
5823.08468  5.43278e-17  2.94529e-18
5826.13270  5.26290e-17  2.94117e-18
5829.18071  5.22333e-17  2.94541e-18
5832.22873  5.37287e-17  2.95696e-18
5835.27674  5.69285e-17  2.98781e-18
5838.32476  5.66693e-17  2.99048e-18
5841.37278  5.40142e-17  2.95402e-18
5844.42079  4.84862e-17  2.87790e-18
5847.46881  5.17581e-17  2.91415e-18
5850.51682  5.48683e-17  2.94321e-18
5853.56484  5.08153e-17  2.90035e-18
5856.61286  5.18908e-17  2.93728e-18
5859.66087  5.42021e-17  2.99843e-18
5862.70889  4.95192e-17  2.94662e-18
5865.75691  5.61207e-17  3.06666e-18
5868.80492  4.87084e-17  2.94817e-18
5871.85294  5.19001e-17  2.97620e-18
5874.90095  5.60573e-17  3.00671e-18
5877.94897  5.35372e-17  3.07554e-18
5880.99699  5.04840e-17  3.31025e-18
5884.04500  5.13871e-17  3.50579e-18
5887.09302  5.26284e-17  3.69529e-18
5890.14103  4.58121e-17  3.70077e-18
5893.18905  4.52769e-17  3.69783e-18
5896.23707  5.04074e-17  3.51699e-18
5899.28508  4.87084e-17  3.26077e-18
5902.33310  4.95406e-17  3.09626e-18
5905.38111  5.29857e-17  2.97297e-18
5908.42913  5.18079e-17  2.97676e-18
5911.47715  5.21642e-17  2.98940e-18
5914.52516  5.09233e-17  2.95663e-18
5917.57318  5.12081e-17  2.97249e-18
5920.62119  5.19756e-17  2.97753e-18
5923.66921  4.93755e-17  2.93617e-18
5926.71723  4.97663e-17  2.94236e-18
5929.76524  5.16349e-17  2.98692e-18
5932.81326  5.42359e-17  2.99906e-18
5935.86127  5.01540e-17  2.94999e-18
5938.90929  5.29691e-17  2.99352e-18
5941.95731  5.16803e-17  2.93998e-18
5945.00532  4.78718e-17  2.91759e-18
5948.05334  5.29424e-17  2.99509e-18
5951.10136  4.98569e-17  2.93952e-18
5954.14937  5.02631e-17  2.95273e-18
5957.19739  4.91350e-17  2.93887e-18
5960.24540  4.94280e-17  2.92056e-18
5963.29342  5.16879e-17  2.93079e-18
5966.34144  5.24238e-17  2.97115e-18
5969.38945  5.31437e-17  2.98135e-18
5972.43747  4.95912e-17  2.92538e-18
5975.48548  4.79256e-17  2.89934e-18
5978.53350  5.05685e-17  2.93607e-18
5981.58152  5.35771e-17  2.96125e-18
5984.62953  5.27066e-17  2.95660e-18
5987.67755  4.94748e-17  2.89028e-18
5990.72556  4.70908e-17  2.85331e-18
5993.77358  4.89223e-17  2.89049e-18
5996.82160  5.32092e-17  2.94409e-18
5999.86961  5.07943e-17  2.93521e-18
6002.91763  5.12584e-17  2.92357e-18
6005.96564  4.59234e-17  2.84161e-18
6009.01366  4.41620e-17  2.80947e-18
6012.06168  5.12642e-17  2.86602e-18
6015.10969  5.49780e-17  2.93229e-18
6018.15771  5.04975e-17  2.87602e-18
6021.20572  4.83297e-17  2.85920e-18
6024.25374  4.79958e-17  2.82934e-18
6027.30176  5.40906e-17  2.94560e-18
6030.34977  5.32173e-17  2.92549e-18
6033.39779  4.85128e-17  2.85672e-18
6036.44581  5.20910e-17  2.91146e-18
6039.49382  4.88538e-17  2.83788e-18
6042.54184  4.75218e-17  2.81223e-18
6045.58985  5.08015e-17  2.88024e-18
6048.63787  4.99522e-17  2.83916e-18
6051.68589  4.66648e-17  2.79118e-18
6054.73390  4.65391e-17  2.79564e-18
6057.78192  5.08244e-17  2.84547e-18
6060.82993  5.28682e-17  2.88045e-18
6063.87795  4.61849e-17  2.79562e-18
6066.92597  4.75577e-17  2.83903e-18
6069.97398  4.71711e-17  2.79583e-18
6073.02200  4.86549e-17  2.81252e-18
6076.07001  5.32360e-17  2.88351e-18
6079.11803  5.43229e-17  2.87988e-18
6082.16605  5.11865e-17  2.85211e-18
6085.21406  4.85341e-17  2.82442e-18
6088.26208  5.11847e-17  2.86789e-18
6091.31009  5.28710e-17  2.89418e-18
6094.35811  5.01338e-17  2.84846e-18
6097.40613  4.94224e-17  2.84682e-18
6100.45414  5.22727e-17  2.87260e-18
6103.50216  4.87213e-17  2.82720e-18
6106.55017  4.81651e-17  2.81960e-18
6109.59819  4.80650e-17  2.81252e-18
6112.64621  4.86449e-17  2.80641e-18
6115.69422  4.90342e-17  2.80332e-18
6118.74224  4.97185e-17  2.81152e-18
6121.79026  5.04307e-17  2.82036e-18
6124.83827  4.82648e-17  2.80169e-18
6127.88629  5.01584e-17  2.82399e-18
6130.93430  5.30621e-17  2.88435e-18
6133.98232  5.19763e-17  2.86609e-18
6137.03034  5.23224e-17  2.88364e-18
6140.07835  5.22543e-17  2.87830e-18
6143.12637  4.82865e-17  2.81071e-18
6146.17438  5.03247e-17  2.82256e-18
6149.22240  5.51218e-17  2.90162e-18
6152.27042  5.20179e-17  2.83850e-18
6155.31843  5.10076e-17  2.86683e-18
6158.36645  5.28739e-17  2.89408e-18
6161.41446  5.09541e-17  2.85775e-18
6164.46248  4.88764e-17  2.83697e-18
6167.51050  4.88740e-17  2.84753e-18
6170.55851  4.98349e-17  2.85201e-18
6173.60653  5.30061e-17  2.89095e-18
6176.65454  5.25133e-17  2.88594e-18
6179.70256  4.97198e-17  2.83953e-18
6182.75058  5.09990e-17  2.84797e-18
6185.79859  5.24636e-17  2.86452e-18
6188.84661  4.87508e-17  2.80614e-18
6191.89462  4.79674e-17  2.79011e-18
6194.94264  4.95267e-17  2.82163e-18
6197.99066  5.41126e-17  2.90368e-18
6201.03867  5.25986e-17  2.88732e-18
6204.08669  4.92711e-17  2.83825e-18
6207.13471  4.96694e-17  2.85545e-18
6210.18272  4.82547e-17  2.82530e-18
6213.23074  4.79368e-17  2.82104e-18
6216.27875  4.88429e-17  2.86262e-18
6219.32677  4.71850e-17  2.82268e-18
6222.37479  4.88854e-17  2.83342e-18
6225.42280  4.85985e-17  2.88953e-18
6228.47082  4.97388e-17  2.93583e-18
6231.51883  5.42860e-17  3.00531e-18
6234.56685  4.67545e-17  2.90791e-18
6237.61487  5.06680e-17  2.97626e-18
6240.66288  5.01328e-17  2.94401e-18
6243.71090  5.13649e-17  2.91471e-18
6246.75891  4.72551e-17  2.86120e-18
6249.80693  3.90772e-17  2.75849e-18
6252.85495  4.44733e-17  2.83759e-18
6255.90296  4.33480e-17  2.82509e-18
6258.95098  4.45330e-17  2.85062e-18
6261.99899  4.76110e-17  2.91793e-18
6265.04701  4.72541e-17  2.86320e-18
6268.09503  4.66981e-17  2.81189e-18
6271.14304  4.91960e-17  2.86244e-18
6274.19106  4.32494e-17  2.76550e-18
6277.23907  4.08962e-17  2.74656e-18
6280.28709  4.67477e-17  2.84810e-18
6283.33511  4.48672e-17  2.81893e-18
6286.38312  4.15090e-17  2.77451e-18
6289.43114  4.60030e-17  3.04543e-18
6292.47916  5.08923e-17  3.42889e-18
6295.52717  4.99445e-17  3.48304e-18
6298.57519  5.08002e-17  3.48535e-18
6301.62320  4.60221e-17  3.45445e-18
6304.67122  4.63113e-17  3.37134e-18
6307.71924  4.89039e-17  3.10286e-18
6310.76725  4.84851e-17  2.84344e-18
6313.81527  4.86996e-17  2.85045e-18
6316.86328  4.43838e-17  2.77272e-18
6319.91130  4.77310e-17  2.84071e-18
6322.95932  4.75245e-17  2.89400e-18
6326.00733  4.91485e-17  2.92088e-18
6329.05535  5.39541e-17  2.95185e-18
6332.10336  5.14403e-17  2.91465e-18
6335.15138  4.68616e-17  2.82711e-18
6338.19940  4.76560e-17  2.80935e-18
6341.24741  4.82408e-17  2.83596e-18
6344.29543  4.99162e-17  2.86951e-18
6347.34344  4.59592e-17  2.82902e-18
6350.39146  4.45030e-17  2.84995e-18
6353.43948  4.82656e-17  2.97322e-18
6356.48749  4.68361e-17  3.03413e-18
6359.53551  4.95561e-17  3.08051e-18
6362.58352  4.54416e-17  3.00102e-18
6365.63154  4.50874e-17  2.98783e-18
6368.67956  4.51114e-17  2.94060e-18
6371.72757  4.20187e-17  2.78597e-18
6374.77559  3.93236e-17  2.71903e-18
6377.82361  4.42783e-17  2.79074e-18
6380.87162  4.74212e-17  2.83223e-18
6383.91964  5.06801e-17  2.86022e-18
6386.96765  4.90521e-17  2.83891e-18
6390.01567  5.12294e-17  2.85570e-18
6393.06369  5.33104e-17  2.86729e-18
6396.11170  4.86735e-17  2.79022e-18
6399.15972  5.01969e-17  2.79086e-18
6402.20773  4.27938e-17  2.69834e-18
6405.25575  4.66739e-17  2.75228e-18
6408.30377  5.12932e-17  2.82811e-18
6411.35178  4.56360e-17  2.75102e-18
6414.39980  4.24999e-17  2.70820e-18
6417.44781  4.71866e-17  2.78011e-18
6420.49583  4.39388e-17  2.75194e-18
6423.54385  4.79624e-17  2.80006e-18
6426.59186  4.74724e-17  2.76287e-18
6429.63988  4.87496e-17  2.77793e-18
6432.68789  5.03363e-17  2.79571e-18
6435.73591  4.47730e-17  2.70084e-18
6438.78393  4.49293e-17  2.70465e-18
6441.83194  4.78876e-17  2.75479e-18
6444.87996  4.52765e-17  2.75478e-18
6447.92797  4.41441e-17  2.73113e-18
6450.97599  4.63196e-17  2.76476e-18
6454.02401  4.49977e-17  2.78266e-18
6457.07202  4.12824e-17  2.73140e-18
6460.12004  4.33730e-17  2.80147e-18
6463.16806  4.70737e-17  2.85999e-18
6466.21607  4.21936e-17  2.80922e-18
6469.26409  4.24600e-17  2.79742e-18
6472.31210  4.59457e-17  2.80757e-18
6475.36012  4.34110e-17  2.74362e-18
6478.40814  4.36095e-17  2.75258e-18
6481.45615  4.45776e-17  2.74601e-18
6484.50417  4.09944e-17  2.66492e-18
6487.55218  4.29146e-17  2.71052e-18
6490.60020  4.46525e-17  2.78823e-18
6493.64822  4.38040e-17  2.79490e-18
6496.69623  4.21980e-17  2.79529e-18
6499.74425  4.06027e-17  2.79327e-18
6502.79226  4.38570e-17  2.80445e-18
6505.84028  4.61894e-17  2.77927e-18
6508.88830  4.58304e-17  2.75389e-18
6511.93631  4.58016e-17  2.75886e-18
6514.98433  4.47931e-17  2.74228e-18
6518.03234  4.22408e-17  2.70578e-18
6521.08036  4.57142e-17  2.76636e-18
6524.12838  4.65248e-17  2.84732e-18
6527.17639  4.60932e-17  2.82198e-18
6530.22441  4.63719e-17  2.79927e-18
6533.27242  4.58846e-17  2.81683e-18
6536.32044  4.35760e-17  2.80271e-18
6539.36846  4.63642e-17  2.80458e-18
6542.41647  4.33044e-17  2.74381e-18
6545.46449  4.19524e-17  2.79603e-18
6548.51251  4.25134e-17  2.81700e-18
6551.56052  4.57008e-17  2.84800e-18
6554.60854  4.61441e-17  2.85105e-18
6557.65655  4.02285e-17  2.76204e-18
6560.70457  4.54617e-17  2.79694e-18
6563.75259  4.55555e-17  2.77136e-18
6566.80060  4.35286e-17  2.78744e-18
6569.84862  4.31183e-17  2.82152e-18
6572.89663  4.05387e-17  2.77586e-18
6575.94465  3.91397e-17  2.72333e-18
6578.99267  4.19826e-17  2.76044e-18
6582.04068  4.48844e-17  2.77482e-18
6585.08870  4.54403e-17  2.75224e-18
6588.13671  4.48986e-17  2.74642e-18
6591.18473  4.37284e-17  2.75609e-18
6594.23275  4.49486e-17  2.75764e-18
6597.28076  4.51213e-17  2.77177e-18
6600.32878  4.31990e-17  2.75443e-18
6603.37679  4.40181e-17  2.76823e-18
6606.42481  4.59913e-17  2.81206e-18
6609.47283  4.42077e-17  2.76856e-18
6612.52084  4.32548e-17  2.72716e-18
6615.56886  4.35538e-17  2.72876e-18
6618.61687  3.95984e-17  2.64942e-18
6621.66489  4.63156e-17  2.76707e-18
6624.71291  4.18230e-17  2.70340e-18
6627.76092  4.15655e-17  2.73723e-18
6630.80894  4.83793e-17  2.84565e-18
6633.85696  4.70615e-17  2.81346e-18
6636.90497  4.06666e-17  2.71815e-18
6639.95299  4.11379e-17  2.67932e-18
6643.00100  4.54391e-17  2.75916e-18
6646.04902  4.79129e-17  2.79748e-18
6649.09704  4.64518e-17  2.76864e-18
6652.14505  4.57041e-17  2.74379e-18
6655.19307  4.55484e-17  2.73848e-18
6658.24108  4.04443e-17  2.67910e-18
6661.28910  4.03637e-17  2.67861e-18
6664.33712  4.30085e-17  2.73576e-18
6667.38513  4.21801e-17  2.75130e-18
6670.43315  3.94761e-17  2.69870e-18
6673.48116  3.89273e-17  2.65791e-18
6676.52918  4.06108e-17  2.68144e-18
6679.57720  4.15943e-17  2.68978e-18
6682.62521  4.29605e-17  2.70581e-18
6685.67323  4.41272e-17  2.75213e-18
6688.72124  4.21149e-17  2.73603e-18
6691.76926  4.14415e-17  2.71056e-18
6694.81728  4.25541e-17  2.71413e-18
6697.86529  4.19871e-17  2.69821e-18
6700.91331  4.45117e-17  2.76006e-18
6703.96132  4.53655e-17  2.76105e-18
6707.00934  4.35869e-17  2.71989e-18
6710.05736  4.09643e-17  2.68087e-18
6713.10537  4.04746e-17  2.68669e-18
6716.15339  4.48344e-17  2.73662e-18
6719.20141  4.71683e-17  2.77258e-18
6722.24942  4.38439e-17  2.74297e-18
6725.29744  4.24009e-17  2.70886e-18
6728.34545  4.41368e-17  2.72913e-18
6731.39347  4.47403e-17  2.75469e-18
6734.44149  4.43803e-17  2.74884e-18
6737.48950  4.45753e-17  2.75588e-18
6740.53752  4.16193e-17  2.71402e-18
6743.58553  4.46257e-17  2.73027e-18
6746.63355  4.53168e-17  2.74554e-18
6749.68157  4.49249e-17  2.74276e-18
6752.72958  4.47875e-17  2.73098e-18
6755.77760  4.00450e-17  2.68377e-18
6758.82561  4.44990e-17  2.77343e-18
6761.87363  4.13506e-17  2.74501e-18
6764.92165  4.12573e-17  2.74513e-18
6767.96966  4.32267e-17  2.77078e-18
6771.01768  4.14029e-17  2.74298e-18
6774.06569  4.28093e-17  2.74699e-18
6777.11371  4.53980e-17  2.76042e-18
6780.16173  4.43435e-17  2.75843e-18
6783.20974  4.24944e-17  2.75347e-18
6786.25776  3.98628e-17  2.71666e-18
6789.30577  3.94257e-17  2.68848e-18
6792.35379  4.04797e-17  2.70524e-18
6795.40181  3.95068e-17  2.69474e-18
6798.44982  4.29700e-17  2.73926e-18
6801.49784  4.24865e-17  2.74382e-18
6804.54586  4.09973e-17  2.72932e-18
6807.59387  4.20116e-17  2.74944e-18
6810.64189  4.18571e-17  2.74663e-18
6813.68990  3.85704e-17  2.70455e-18
6816.73792  3.96004e-17  2.76363e-18
6819.78594  3.84928e-17  2.80898e-18
6822.83395  3.86960e-17  2.91737e-18
6825.88197  4.24453e-17  3.02457e-18
6828.92998  4.55679e-17  3.07968e-18
6831.97800  4.44502e-17  3.07657e-18
6835.02602  4.29319e-17  2.99775e-18
6838.07403  4.40311e-17  2.93972e-18
6841.12205  4.39150e-17  2.87776e-18
6844.17006  4.31478e-17  2.82799e-18
6847.21808  4.22174e-17  2.78056e-18
6850.26610  4.13438e-17  2.78609e-18
6853.31411  4.04782e-17  2.86403e-18
6856.36213  3.82348e-17  2.87544e-18
6859.41014  4.25315e-17  2.94441e-18
6862.45816  4.65201e-17  2.94296e-18
6865.50618  4.64445e-17  2.90749e-18
6868.55419  4.13648e-17  2.78410e-18
6871.60221  3.49708e-17  2.55407e-18
6874.65022  4.31842e-17  2.67241e-18
6877.69824  4.47628e-17  2.73932e-18
6880.74626  4.27085e-17  2.74739e-18
6883.79427  4.36680e-17  2.78415e-18
6886.84229  4.18851e-17  2.75821e-18
6889.89031  3.97630e-17  2.69605e-18
6892.93832  4.72309e-17  2.83418e-18
6895.98634  4.24407e-17  2.73653e-18
6899.03435  3.82113e-17  2.69502e-18
6902.08237  4.03069e-17  2.79312e-18
6905.13039  4.41699e-17  2.85632e-18
6908.17840  4.53216e-17  2.84679e-18
6911.22642  4.44143e-17  2.85243e-18
6914.27443  4.22629e-17  2.89100e-18
6917.32245  4.06491e-17  2.90383e-18
6920.37047  3.97471e-17  2.86081e-18
6923.41848  4.07373e-17  2.86347e-18
6926.46650  4.53889e-17  2.92920e-18
6929.51451  4.56017e-17  2.89166e-18
6932.56253  4.36003e-17  2.87222e-18
6935.61055  4.62552e-17  2.89039e-18
6938.65856  4.19381e-17  2.89404e-18
6941.70658  3.69370e-17  2.90556e-18
6944.75459  4.05011e-17  2.95085e-18
6947.80261  4.31816e-17  2.97285e-18
6950.85063  4.42550e-17  2.98651e-18
6953.89864  4.18417e-17  2.93783e-18
6956.94666  4.21941e-17  2.87168e-18
6959.99467  4.38795e-17  2.86733e-18
6963.04269  4.44382e-17  2.89969e-18
6966.09071  4.59770e-17  2.94453e-18
6969.13872  4.58983e-17  3.03870e-18
6972.18674  4.15383e-17  2.98138e-18
6975.23476  4.30034e-17  2.96659e-18
6978.28277  4.38353e-17  2.96198e-18
6981.33079  4.57260e-17  2.96972e-18
6984.37880  4.84668e-17  2.99481e-18
6987.42682  4.48186e-17  2.89949e-18
6990.47484  4.06894e-17  2.85988e-18
6993.52285  4.30716e-17  2.88900e-18
6996.57087  4.68628e-17  2.93912e-18
6999.61888  4.70632e-17  2.95472e-18
7002.66690  4.49964e-17  2.96076e-18
7005.71492  4.72177e-17  2.98412e-18
7008.76293  4.82184e-17  2.98137e-18
7011.81095  4.79810e-17  2.97181e-18
7014.85896  4.66307e-17  2.95968e-18
7017.90698  4.77448e-17  2.95514e-18
7020.95500  4.96125e-17  2.94307e-18
7024.00301  4.72216e-17  2.94576e-18
7027.05103  4.83851e-17  2.95989e-18
7030.09904  4.89060e-17  2.96682e-18
7033.14706  4.61300e-17  2.93649e-18
7036.19508  4.82417e-17  2.98536e-18
7039.24309  5.23966e-17  3.07752e-18
7042.29111  4.93239e-17  3.05181e-18
7045.33912  4.95244e-17  3.06607e-18
7048.38714  4.70637e-17  3.03197e-18
7051.43516  5.36027e-17  3.11829e-18
7054.48317  5.06178e-17  3.07208e-18
7057.53119  4.14562e-17  2.92273e-18
7060.57921  4.73791e-17  2.98869e-18
7063.62722  4.80228e-17  3.00710e-18
7066.67524  4.97735e-17  3.02763e-18
7069.72325  5.10317e-17  3.03705e-18
7072.77127  4.83031e-17  2.99805e-18
7075.81929  4.73517e-17  2.99312e-18
7078.86730  5.07650e-17  3.05666e-18
7081.91532  4.79744e-17  3.01891e-18
7084.96333  4.61114e-17  3.00627e-18
7088.01135  4.86749e-17  3.02271e-18
7091.05937  4.93488e-17  3.03397e-18
7094.10738  4.61947e-17  2.98962e-18
7097.15540  4.50435e-17  2.96535e-18
7100.20341  5.02801e-17  3.03459e-18
7103.25143  5.05562e-17  3.06126e-18
7106.29945  5.17099e-17  3.07545e-18
7109.34746  4.98331e-17  3.04556e-18
7112.39548  4.82950e-17  3.03963e-18
7115.44349  5.31769e-17  3.10638e-18
7118.49151  5.27155e-17  3.09278e-18
7121.53953  4.83904e-17  3.02432e-18
7124.58754  5.12616e-17  3.09386e-18
7127.63556  5.41819e-17  3.15097e-18
7130.68357  5.19249e-17  3.11654e-18
7133.73159  4.95410e-17  3.08554e-18
7136.77961  4.79474e-17  3.06746e-18
7139.82762  4.46526e-17  3.02778e-18
7142.87564  4.94614e-17  3.12237e-18
7145.92366  5.16379e-17  3.15417e-18
7148.97167  4.77948e-17  3.10385e-18
7152.01969  4.80672e-17  3.09250e-18
7155.06770  4.98985e-17  3.10380e-18
7158.11572  5.16683e-17  3.14200e-18
7161.16374  5.16034e-17  3.09379e-18
7164.21175  4.91256e-17  3.05860e-18
7167.25977  4.84851e-17  3.02747e-18
7170.30778  5.11168e-17  3.03386e-18
7173.35580  5.26617e-17  3.04429e-18
7176.40382  4.58400e-17  2.96314e-18
7179.45183  4.72235e-17  2.97916e-18
7182.49985  4.41536e-17  2.91700e-18
7185.54786  4.12066e-17  2.84232e-18
7188.59588  4.35251e-17  2.84258e-18
7191.64390  4.44382e-17  2.86894e-18
7194.69191  4.90360e-17  2.96964e-18
7197.73993  4.28808e-17  2.89978e-18
7200.78794  4.30252e-17  2.90116e-18
7203.83596  4.52784e-17  2.93354e-18
7206.88398  4.20613e-17  2.92267e-18
7209.93199  4.29006e-17  2.96748e-18
7212.98001  3.95779e-17  2.93260e-18
7216.02802  4.26038e-17  3.01535e-18
7219.07604  4.49297e-17  3.02936e-18
7222.12406  4.10523e-17  2.95310e-18
7225.17207  4.14194e-17  2.97489e-18
7228.22009  4.58826e-17  3.14002e-18
7231.26811  4.38047e-17  3.28524e-18
7234.31612  4.04121e-17  3.45278e-18
7237.36414  4.44704e-17  3.59988e-18
7240.41215  4.79643e-17  3.69023e-18
7243.46017  4.31010e-17  3.61443e-18
7246.50819  3.60227e-17  3.38872e-18
7249.55620  3.93844e-17  3.23393e-18
7252.60422  4.39637e-17  3.12914e-18
7255.65223  4.21551e-17  3.03552e-18
7258.70025  3.84509e-17  2.97968e-18
7261.74827  4.17062e-17  3.02239e-18
7264.79628  4.71775e-17  3.22661e-18
7267.84430  3.94479e-17  3.35782e-18
7270.89231  3.56116e-17  3.36489e-18
7273.94033  3.80107e-17  3.46486e-18
7276.98835  4.27838e-17  3.62629e-18
7280.03636  4.27948e-17  3.53780e-18
7283.08438  3.98131e-17  3.24451e-18
7286.13239  4.58779e-17  3.26400e-18
7289.18041  4.42765e-17  3.18239e-18
7292.22843  4.26428e-17  3.11247e-18
7295.27644  4.02273e-17  3.10832e-18
7298.32446  3.95934e-17  3.11177e-18
7301.37247  4.12355e-17  3.12149e-18
7304.42049  3.97892e-17  3.18932e-18
7307.46851  4.34136e-17  3.37276e-18
7310.51652  3.86649e-17  3.31778e-18
7313.56454  3.60528e-17  3.20575e-18
7316.61256  3.83717e-17  3.31715e-18
7319.66057  3.73944e-17  3.39507e-18
7322.70859  3.70001e-17  3.15924e-18
7325.75660  4.12417e-17  3.10993e-18
7328.80462  4.32677e-17  3.34628e-18
7331.85264  4.20937e-17  3.53954e-18
7334.90065  3.97778e-17  3.50721e-18
7337.94867  4.21617e-17  3.43833e-18
7340.99668  4.53728e-17  3.51246e-18
7344.04470  4.93979e-17  3.54703e-18
7347.09272  3.92010e-17  3.20040e-18
7350.14073  3.83903e-17  3.08993e-18
7353.18875  4.56347e-17  3.23145e-18
7356.23676  3.88873e-17  3.17440e-18
7359.28478  4.28252e-17  3.43969e-18
7362.33280  4.40333e-17  3.51071e-18
7365.38081  4.12268e-17  3.38954e-18
7368.42883  3.98500e-17  3.33089e-18
7371.47684  3.94311e-17  3.31768e-18
7374.52486  3.94148e-17  3.17336e-18
7377.57288  4.41961e-17  3.04076e-18
7380.62089  4.31462e-17  3.05546e-18
7383.66891  3.36035e-17  2.98712e-18
7386.71692  3.58375e-17  3.03138e-18
7389.76494  4.28565e-17  3.21697e-18
7392.81296  3.77074e-17  3.30812e-18
7395.86097  4.17608e-17  3.37147e-18
7398.90899  4.04439e-17  3.23943e-18
7401.95701  3.82916e-17  3.18832e-18
7405.00502  3.85980e-17  3.19332e-18
7408.05304  4.14230e-17  3.09171e-18
7411.10105  3.85143e-17  2.98830e-18
7414.14907  3.50177e-17  2.90250e-18
7417.19709  3.74281e-17  2.96978e-18
7420.24510  3.76867e-17  3.01275e-18
7423.29312  3.93771e-17  3.06820e-18
7426.34113  4.19055e-17  3.14783e-18
7429.38915  3.91460e-17  3.15955e-18
7432.43717  3.84001e-17  3.19427e-18
7435.48518  4.06900e-17  3.18396e-18
7438.53320  4.04580e-17  3.15002e-18
7441.58121  3.73287e-17  3.07795e-18
7444.62923  3.60019e-17  2.96980e-18
7447.67725  3.65719e-17  2.94999e-18
7450.72526  3.71258e-17  2.99118e-18
7453.77328  4.02234e-17  3.03255e-18
7456.82129  4.14078e-17  3.09330e-18
7459.86931  3.74721e-17  3.08555e-18
7462.91733  3.52795e-17  3.07907e-18
7465.96534  4.02119e-17  3.18314e-18
7469.01336  3.48805e-17  3.14210e-18
7472.06137  4.02951e-17  3.26888e-18
7475.10939  4.24084e-17  3.33169e-18
7478.15741  3.89171e-17  3.25488e-18
7481.20542  3.87223e-17  3.18957e-18
7484.25344  3.74375e-17  3.14914e-18
7487.30146  3.75752e-17  3.08981e-18
7490.34947  3.88050e-17  3.04224e-18
7493.39749  3.80851e-17  3.00535e-18
7496.44550  3.51216e-17  2.96607e-18
7499.49352  3.69518e-17  2.95686e-18
7502.54154  4.01164e-17  3.00007e-18
7505.58955  3.69201e-17  2.98797e-18
7508.63757  3.44827e-17  2.94849e-18
7511.68558  3.82805e-17  3.11331e-18
7514.73360  3.97367e-17  3.29662e-18
7517.78162  3.95055e-17  3.33567e-18
7520.82963  3.87310e-17  3.35281e-18
7523.87765  4.00861e-17  3.38767e-18
7526.92566  3.96195e-17  3.35122e-18
7529.97368  3.83080e-17  3.20069e-18
7533.02170  3.55521e-17  3.03448e-18
7536.06971  3.25258e-17  2.98957e-18
7539.11773  3.54752e-17  2.96094e-18
7542.16574  3.67757e-17  2.97238e-18
7545.21376  4.00367e-17  3.07162e-18
7548.26178  3.87964e-17  3.05503e-18
7551.30979  3.48833e-17  3.01966e-18
7554.35781  3.75795e-17  3.08235e-18
7557.40582  3.49116e-17  3.03462e-18
7560.45384  3.80839e-17  3.20266e-18
7563.50186  3.21465e-17  3.15838e-18
7566.54987  3.39680e-17  3.17933e-18
7569.59789  3.85203e-17  3.25985e-18
7572.64591  3.20799e-17  3.16042e-18
7575.69392  3.65245e-17  3.24106e-18
7578.74194  3.78651e-17  3.15367e-18
7581.78995  3.43610e-17  3.03978e-18
7584.83797  3.33703e-17  3.01556e-18
7587.88599  3.34840e-17  2.96687e-18
7590.93400  3.27505e-17  2.81106e-18
7593.98202  2.65022e-17  2.59544e-18
7597.03003  3.08119e-17  2.50203e-18
7600.07805  2.80815e-17  2.43956e-18
7603.12607  2.73468e-17  2.36564e-18
7606.17408  3.01595e-17  2.38683e-18
7609.22210  2.76509e-17  2.53811e-18
7612.27011  3.42148e-17  2.68585e-18
7615.31813  4.38172e-17  2.84655e-18
7618.36615  3.74179e-17  2.82699e-18
7621.41416  2.82614e-17  2.72542e-18
7624.46218  3.48357e-17  2.72873e-18
7627.51019  3.80781e-17  2.71953e-18
7630.55821  3.19560e-17  2.64664e-18
7633.60623  3.20455e-17  2.65700e-18
7636.65424  3.78038e-17  2.70697e-18
7639.70226  3.51627e-17  2.69192e-18
7642.75027  2.72246e-17  2.63190e-18
7645.79829  3.04454e-17  2.77291e-18
7648.84631  4.00128e-17  2.90069e-18
7651.89432  3.58136e-17  2.90843e-18
7654.94234  3.53331e-17  2.95925e-18
7657.99036  3.80810e-17  3.00408e-18
7661.03837  3.51175e-17  2.96864e-18
7664.08639  3.82306e-17  3.05154e-18
7667.13440  3.19697e-17  2.93035e-18
7670.18242  3.49599e-17  2.94062e-18
7673.23044  3.60268e-17  2.96119e-18
7676.27845  3.32604e-17  2.95853e-18
7679.32647  3.94034e-17  3.07562e-18
7682.37448  3.23710e-17  2.96786e-18
7685.42250  3.27006e-17  2.98546e-18
7688.47052  3.45619e-17  3.09038e-18
7691.51853  3.70586e-17  3.15102e-18
7694.56655  3.92774e-17  3.14369e-18
7697.61456  3.66371e-17  3.10840e-18
7700.66258  3.70320e-17  3.30894e-18
7703.71060  3.97971e-17  3.65752e-18
7706.75861  3.90034e-17  3.92372e-18
7709.80663  3.58145e-17  4.02051e-18
7712.85464  3.76312e-17  4.07175e-18
7715.90266  3.99234e-17  4.15469e-18
7718.95068  3.72052e-17  3.88134e-18
7721.99869  3.49780e-17  3.47924e-18
7725.04671  3.29492e-17  3.24288e-18
7728.09472  3.18392e-17  3.19836e-18
7731.14274  3.58045e-17  3.16820e-18
7734.19076  3.23901e-17  3.06457e-18
7737.23877  3.88815e-17  3.29660e-18
7740.28679  4.40799e-17  3.72476e-18
7743.33481  4.06756e-17  3.85457e-18
7746.38282  3.89531e-17  3.79263e-18
7749.43084  3.80372e-17  3.93508e-18
7752.47885  3.34139e-17  3.92211e-18
7755.52687  3.74390e-17  3.62932e-18
7758.57489  3.63915e-17  3.37096e-18
7761.62290  3.29696e-17  3.37162e-18
7764.67092  3.33443e-17  3.37403e-18
7767.71893  3.07568e-17  3.21629e-18
7770.76695  3.71146e-17  3.40161e-18
7773.81497  3.95324e-17  3.49028e-18
7776.86298  3.68949e-17  3.38708e-18
7779.91100  3.59493e-17  3.37277e-18
7782.95901  3.32898e-17  3.52048e-18
7786.00703  3.37377e-17  3.62735e-18
7789.05505  3.78520e-17  3.66207e-18
7792.10306  3.46955e-17  3.57679e-18
7795.15108  3.47006e-17  3.62477e-18
7798.19909  3.26317e-17  3.53565e-18
7801.24711  2.79180e-17  3.21381e-18
7804.29513  3.38764e-17  3.28454e-18
7807.34314  3.60086e-17  3.37648e-18
7810.39116  3.33540e-17  3.67392e-18
7813.43917  3.35757e-17  3.82979e-18
7816.48719  3.87001e-17  3.74142e-18
7819.53521  4.00676e-17  3.74688e-18
7822.58322  3.66365e-17  3.75907e-18
7825.63124  3.89788e-17  3.56299e-18
7828.67926  3.97916e-17  3.34114e-18
7831.72727  3.37026e-17  3.24081e-18
7834.77529  3.06941e-17  3.21280e-18
7837.82330  3.24605e-17  3.29817e-18
7840.87132  3.11511e-17  3.53253e-18
7843.91934  2.68997e-17  3.77662e-18
7846.96735  3.30118e-17  3.91549e-18
7850.01537  3.58462e-17  3.96117e-18
7853.06338  3.16649e-17  4.00430e-18
7856.11140  3.29510e-17  3.96423e-18
7859.15942  3.40960e-17  3.75682e-18
7862.20743  3.27617e-17  3.65447e-18
7865.25545  3.13970e-17  3.57924e-18
7868.30346  3.32610e-17  3.55958e-18
7871.35148  3.44580e-17  3.64929e-18
7874.39950  3.38003e-17  3.57116e-18
7877.44751  3.38179e-17  3.55538e-18
7880.49553  3.07682e-17  3.65568e-18
7883.54354  3.11267e-17  3.66095e-18
7886.59156  3.42656e-17  3.57292e-18
7889.63958  3.48451e-17  3.54105e-18
7892.68759  3.50458e-17  3.50014e-18
7895.73561  3.74297e-17  3.33253e-18
7898.78362  3.09979e-17  3.10628e-18
7901.83164  2.77106e-17  3.34940e-18
7904.87966  3.58323e-17  3.85530e-18
7907.92767  4.00688e-17  3.98982e-18
7910.97569  4.48894e-17  4.24764e-18
7914.02371  3.70261e-17  4.19408e-18
7917.07172  2.68553e-17  3.89450e-18
7920.11974  2.70608e-17  3.67737e-18
7923.16775  2.82401e-17  3.56605e-18
7926.21577  3.03493e-17  3.45526e-18
7929.26379  3.46896e-17  3.39057e-18
7932.31180  3.10129e-17  3.32586e-18
7935.35982  2.80861e-17  3.21886e-18
7938.40783  3.08897e-17  3.17611e-18
7941.45585  3.32240e-17  3.26779e-18
7944.50387  3.06414e-17  3.20038e-18
7947.55188  3.05702e-17  3.16824e-18
7950.59990  3.16810e-17  3.26763e-18
7953.64791  3.47487e-17  3.49093e-18
7956.69593  3.59812e-17  3.64893e-18
7959.74395  3.02863e-17  3.58345e-18
7962.79196  3.25396e-17  3.60658e-18
7965.83998  3.37339e-17  3.74734e-18
7968.88799  3.63363e-17  3.72034e-18
7971.93601  3.46212e-17  3.48548e-18
7974.98403  2.86904e-17  3.32365e-18
7978.03204  3.20385e-17  3.38226e-18
7981.08006  3.38979e-17  3.66020e-18
7984.12807  3.36523e-17  3.81174e-18
7987.17609  3.09323e-17  3.71560e-18
7990.22411  2.84263e-17  3.65068e-18
7993.27212  3.48034e-17  3.76106e-18
7996.32014  2.86120e-17  3.58698e-18
7999.36816  2.99592e-17  3.28136e-18
8002.41617  3.08377e-17  3.15088e-18
8005.46419  2.86298e-17  3.22252e-18
8008.51220  3.17655e-17  3.25101e-18
8011.56022  3.23220e-17  3.29754e-18
8014.60824  3.54348e-17  3.63992e-18
8017.65625  3.62898e-17  3.75279e-18
8020.70427  3.25589e-17  3.67389e-18
8023.75228  3.12538e-17  3.61384e-18
8026.80030  3.09064e-17  3.55863e-18
8029.84832  2.48103e-17  3.32870e-18
8032.89633  2.98111e-17  3.16266e-18
8035.94435  3.13999e-17  3.08849e-18
8038.99236  2.97998e-17  3.11916e-18
8042.04038  3.20362e-17  3.21844e-18
8045.08840  3.10049e-17  3.20133e-18
8048.13641  2.81385e-17  3.19302e-18
8051.18443  3.10273e-17  3.39916e-18
8054.23244  3.60761e-17  3.53379e-18
8057.28046  3.28464e-17  3.40736e-18
8060.32848  2.82777e-17  3.29201e-18
8063.37649  2.98191e-17  3.33948e-18
8066.42451  3.41692e-17  3.33412e-18
8069.47252  3.01927e-17  3.15762e-18
8072.52054  2.87081e-17  3.09863e-18
8075.56856  3.46569e-17  3.22294e-18
8078.61657  3.38153e-17  3.19491e-18
8081.66459  3.05158e-17  3.16374e-18
8084.71261  3.04207e-17  3.17783e-18
8087.76062  3.06792e-17  3.18223e-18
8090.80864  3.01797e-17  3.21704e-18
8093.85665  3.13616e-17  3.29610e-18
8096.90467  2.90195e-17  3.26619e-18
8099.95269  3.15379e-17  3.25979e-18
8103.00070  3.26448e-17  3.28239e-18
8106.04872  3.24999e-17  3.22662e-18
8109.09673  3.32070e-17  3.13262e-18
8112.14475  3.59138e-17  3.17501e-18
8115.19277  3.01807e-17  3.07965e-18
8118.24078  2.60009e-17  2.98228e-18
8121.28880  2.95298e-17  3.04204e-18
8124.33681  3.20826e-17  3.11032e-18
8127.38483  2.94581e-17  3.08895e-18
8130.43285  3.17292e-17  3.16024e-18
8133.48086  3.04812e-17  3.11422e-18
8136.52888  2.78480e-17  3.10886e-18
8139.57689  2.81859e-17  3.13688e-18
8142.62491  2.83151e-17  3.11732e-18
8145.67293  2.74345e-17  3.07624e-18
8148.72094  2.75821e-17  3.05524e-18
8151.76896  2.90085e-17  3.06679e-18
8154.81697  2.85358e-17  3.03642e-18
8157.86499  2.93303e-17  3.03037e-18
8160.91301  3.07201e-17  3.07283e-18
8163.96102  3.04915e-17  3.05610e-18
8167.00904  3.49575e-17  3.17389e-18
8170.05706  3.14406e-17  3.11702e-18
8173.10507  2.85321e-17  3.04879e-18
8176.15309  3.25194e-17  3.09886e-18
8179.20110  3.11695e-17  3.09674e-18
8182.24912  2.86692e-17  3.08783e-18
8185.29714  2.78670e-17  3.10718e-18
8188.34515  3.12950e-17  3.18416e-18
8191.39317  3.20278e-17  3.17920e-18
8194.44118  2.86471e-17  3.13967e-18
8197.48920  3.19610e-17  3.19384e-18
8200.53722  2.84849e-17  3.11520e-18
8203.58523  2.98931e-17  3.15505e-18
8206.63325  2.93923e-17  3.14535e-18
8209.68126  2.65578e-17  3.07964e-18
8212.72928  3.09130e-17  3.16744e-18
8215.77730  2.89620e-17  3.12338e-18
8218.82531  2.53136e-17  2.99912e-18
8221.87333  2.31390e-17  2.96924e-18
8224.92134  2.34067e-17  2.98796e-18
8227.96936  2.56675e-17  3.00796e-18
8231.01738  2.81489e-17  3.05466e-18
8234.06539  3.11038e-17  3.10654e-18
8237.11341  3.59705e-17  3.24339e-18
8240.16142  3.50822e-17  3.25941e-18
8243.20944  2.95144e-17  3.13461e-18
8246.25746  2.95467e-17  3.16513e-18
8249.30547  3.21293e-17  3.19486e-18
8252.35349  2.49789e-17  3.05125e-18
8255.40151  2.88281e-17  3.12158e-18
8258.44952  3.19045e-17  3.17716e-18
8261.49754  2.37902e-17  3.03205e-18
8264.54555  2.80273e-17  3.15101e-18
8267.59357  2.87013e-17  3.32568e-18
8270.64159  2.72599e-17  3.55227e-18
8273.68960  3.06693e-17  3.80267e-18
8276.73762  3.03765e-17  4.04808e-18
8279.78563  2.78445e-17  4.28660e-18
8282.83365  2.96911e-17  4.28957e-18
8285.88167  2.44937e-17  4.23859e-18
8288.92968  2.37395e-17  4.33396e-18
8291.97770  2.76973e-17  4.31257e-18
8295.02571  2.59736e-17  4.04371e-18
8298.07373  2.88648e-17  4.02874e-18
8301.12175  2.93038e-17  4.05620e-18
8304.16976  2.88242e-17  3.72070e-18
8307.21778  2.86648e-17  3.41041e-18
8310.26579  2.86596e-17  3.44541e-18
8313.31381  2.75246e-17  3.40969e-18
8316.36183  2.98017e-17  3.31020e-18
8319.40984  2.51262e-17  3.14026e-18
8322.45786  2.67138e-17  3.16677e-18
8325.50587  3.05000e-17  3.20737e-18
8328.55389  2.72200e-17  3.18925e-18
8331.60191  2.99258e-17  3.60916e-18
8334.64992  3.25221e-17  4.42873e-18
8337.69794  3.18691e-17  4.69729e-18
8340.74596  3.43331e-17  4.81085e-18
8343.79397  3.77471e-17  5.07318e-18
8346.84199  2.59726e-17  4.89417e-18
8349.89000  2.34547e-17  4.29889e-18
8352.93802  2.65116e-17  3.93984e-18
8355.98604  2.71032e-17  3.86517e-18
8359.03405  2.94173e-17  3.69348e-18
8362.08207  2.82299e-17  3.44317e-18
8365.13008  2.90576e-17  3.49658e-18
8368.17810  2.74061e-17  3.44167e-18
8371.22612  2.68249e-17  3.54570e-18
8374.27413  2.55636e-17  3.61968e-18
8377.32215  2.64106e-17  3.59681e-18
8380.37016  3.38499e-17  3.77072e-18
8383.41818  2.85280e-17  3.65201e-18
8386.46620  2.68461e-17  3.83133e-18
8389.51421  2.86027e-17  4.20155e-18
8392.56223  3.18713e-17  4.39491e-18
8395.61024  3.31677e-17  4.39159e-18
8398.65826  2.93875e-17  4.32450e-18
8401.70628  3.14636e-17  4.35586e-18
8404.75429  3.12363e-17  4.10107e-18
8407.80231  2.90447e-17  3.75596e-18
8410.85032  2.81490e-17  3.72200e-18
8413.89834  2.68380e-17  3.70702e-18
8416.94636  3.56467e-17  4.08156e-18
8419.99437  2.87175e-17  4.44209e-18
8423.04239  2.27286e-17  4.49067e-18
8426.09041  2.75001e-17  4.45023e-18
8429.13842  2.91020e-17  4.57450e-18
8432.18644  2.45982e-17  4.43429e-18
8435.23445  2.86109e-17  3.96577e-18
8438.28247  3.48776e-17  3.61976e-18
8441.33049  3.03210e-17  3.58553e-18
8444.37850  2.56214e-17  3.66647e-18
8447.42652  3.21401e-17  3.83308e-18
8450.47453  2.46658e-17  3.66676e-18
8453.52255  2.54899e-17  4.04530e-18
8456.57057  3.13855e-17  4.40973e-18
8459.61858  2.66413e-17  4.21389e-18
8462.66660  2.83524e-17  4.22751e-18
8465.71461  3.35738e-17  4.29420e-18
8468.76263  3.52405e-17  4.17142e-18
8471.81065  3.39774e-17  3.72077e-18
8474.85866  2.57280e-17  3.24522e-18
8477.90668  2.55494e-17  3.25563e-18
8480.95469  3.21751e-17  3.43664e-18
8484.00271  3.53770e-17  3.67692e-18
8487.05073  2.94515e-17  3.63866e-18
8490.09874  2.70147e-17  3.61714e-18
8493.14676  3.83909e-17  3.97421e-18
8496.19477  3.45155e-17  4.22648e-18
8499.24279  2.91113e-17  4.06434e-18
8502.29081  2.90373e-17  3.93000e-18
8505.33882  2.94861e-17  3.95263e-18
8508.38684  2.85399e-17  3.82831e-18
8511.43486  2.96697e-17  3.50557e-18
8514.48287  3.06098e-17  3.39275e-18
8517.53089  3.12918e-17  3.41341e-18
8520.57890  3.52830e-17  3.44654e-18
8523.62692  3.22040e-17  3.39319e-18
8526.67494  2.34480e-17  3.31082e-18
8529.72295  2.73746e-17  3.41445e-18
8532.77097  2.96505e-17  3.44157e-18
8535.81898  3.00497e-17  3.53753e-18
8538.86700  2.96464e-17  3.71080e-18
8541.91502  2.79543e-17  3.75163e-18
8544.96303  2.87914e-17  3.68300e-18
8548.01105  2.47649e-17  3.57814e-18
8551.05906  2.60960e-17  3.56938e-18
8554.10708  2.95138e-17  3.49996e-18
8557.15510  2.49626e-17  3.27017e-18
8560.20311  2.66754e-17  3.22842e-18
8563.25113  3.31724e-17  3.40231e-18
8566.29914  2.95071e-17  3.37684e-18
8569.34716  2.84229e-17  3.37285e-18
8572.39518  3.15615e-17  3.45262e-18
8575.44319  2.67726e-17  3.34324e-18
8578.49121  2.78164e-17  3.42989e-18
8581.53922  2.59956e-17  3.43975e-18
8584.58724  2.82391e-17  3.51726e-18
8587.63526  3.00802e-17  3.61492e-18
8590.68327  2.77777e-17  3.54657e-18
8593.73129  2.95938e-17  3.54574e-18
8596.77931  2.62892e-17  3.50226e-18
8599.82732  3.01336e-17  3.59436e-18
8602.87534  3.49555e-17  3.76057e-18
8605.92335  3.02403e-17  3.81396e-18
8608.97137  2.67156e-17  3.99778e-18
8612.01939  3.02713e-17  4.37804e-18
8615.06740  3.10364e-17  4.74085e-18
8618.11542  2.35208e-17  4.94667e-18
8621.16343  2.40017e-17  5.12601e-18
8624.21145  2.88021e-17  5.38697e-18
8627.25947  3.30524e-17  5.45004e-18
8630.30748  2.72252e-17  5.21449e-18
8633.35550  2.38744e-17  4.91255e-18
8636.40351  2.84294e-17  4.68359e-18
8639.45153  2.53493e-17  4.45941e-18
8642.49955  2.26101e-17  4.43671e-18
8645.54756  2.91781e-17  4.68799e-18
8648.59558  3.57370e-17  5.03632e-18
8651.64359  3.19600e-17  5.23442e-18
8654.69161  1.99802e-17  5.23744e-18
8657.73963  2.04350e-17  5.26868e-18
8660.78764  3.10597e-17  5.33782e-18
8663.83566  2.77465e-17  5.17867e-18
8666.88367  2.29110e-17  4.97363e-18
8669.93169  3.34213e-17  4.91237e-18
8672.97971  3.17116e-17  4.73244e-18
8676.02772  2.50363e-17  4.44433e-18
8679.07574  2.63828e-17  4.28575e-18
8682.12376  2.91093e-17  4.19757e-18
8685.17177  3.23789e-17  4.09257e-18
8688.21979  3.17238e-17  3.99773e-18
8691.26780  2.74509e-17  3.81057e-18
8694.31582  2.84903e-17  3.71258e-18
8697.36384  2.60843e-17  3.62327e-18
8700.41185  2.66439e-17  3.58227e-18
8703.45987  3.16163e-17  3.62460e-18
8706.50788  2.67446e-17  3.53099e-18
8709.55590  2.41685e-17  3.42661e-18
8712.60392  2.35573e-17  3.43597e-18
8715.65193  2.56098e-17  3.44462e-18
8718.69995  2.57813e-17  3.43743e-18
8721.74796  3.25192e-17  3.54311e-18
8724.79598  3.10559e-17  3.51489e-18
8727.84400  2.67432e-17  3.45886e-18
8730.89201  2.42814e-17  3.41730e-18
8733.94003  2.32487e-17  3.41186e-18
8736.98804  2.34379e-17  3.38777e-18
8740.03606  2.84430e-17  3.52020e-18
8743.08408  3.09904e-17  3.56060e-18
8746.13209  2.78837e-17  3.54867e-18
8749.18011  2.63318e-17  3.85326e-18
8752.22812  3.14574e-17  4.47851e-18
8755.27614  2.83011e-17  4.82063e-18
8758.32416  2.87250e-17  5.28556e-18
8761.37217  3.12102e-17  5.59700e-18
8764.42019  3.47327e-17  5.62924e-18
8767.46821  3.51767e-17  5.68894e-18
8770.51622  2.56525e-17  5.60041e-18
8773.56424  2.51687e-17  5.24713e-18
8776.61225  2.83190e-17  4.92112e-18
8779.66027  3.08797e-17  4.94279e-18
8782.70829  3.63293e-17  4.92031e-18
8785.75630  2.34178e-17  4.14349e-18
8788.80432  2.98458e-17  3.95998e-18
8791.85233  2.85300e-17  3.94145e-18
8794.90035  2.30433e-17  3.78355e-18
8797.94837  2.86201e-17  3.69594e-18
8800.99638  3.14559e-17  3.66663e-18
8804.04440  3.08639e-17  3.62834e-18
8807.09241  2.56817e-17  3.49846e-18
8810.14043  2.12257e-17  3.44603e-18
8813.18845  2.89125e-17  3.81506e-18
8816.23646  2.86758e-17  4.58484e-18
8819.28448  2.67806e-17  5.49296e-18
8822.33249  2.66981e-17  5.76122e-18
8825.38051  1.98715e-17  5.90144e-18
8828.42853  2.07730e-17  6.24263e-18
8831.47654  3.17764e-17  6.08285e-18
8834.52456  2.22929e-17  5.10925e-18
8837.57257  2.44318e-17  4.56707e-18
8840.62059  2.66049e-17  4.50810e-18
8843.66861  3.19299e-17  4.31879e-18
8846.71662  3.48057e-17  4.02421e-18
8849.76464  2.76609e-17  3.89142e-18
8852.81266  2.85990e-17  3.92379e-18
8855.86067  3.03614e-17  4.03378e-18
8858.90869  2.67158e-17  4.12290e-18
8861.95670  2.32303e-17  4.12932e-18
8865.00472  1.93563e-17  4.11488e-18
8868.05274  2.67035e-17  4.18114e-18
8871.10075  3.13916e-17  4.21095e-18
8874.14877  3.07777e-17  4.36710e-18
8877.19678  2.42362e-17  4.77211e-18
8880.24480  2.32582e-17  5.07103e-18
8883.29282  2.59000e-17  5.07835e-18
8886.34083  2.46550e-17  5.10122e-18
8889.38885  2.63162e-17  5.03267e-18
8892.43686  2.62159e-17  4.67699e-18
8895.48488  2.78281e-17  4.46670e-18
8898.53290  2.21921e-17  4.33205e-18
8901.58091  1.85216e-17  4.29246e-18
8904.62893  2.47820e-17  4.36285e-18
8907.67694  2.92910e-17  4.65324e-18
8910.72496  3.06999e-17  5.19776e-18
8913.77298  2.99403e-17  5.41543e-18
8916.82099  2.79644e-17  5.37467e-18
8919.86901  2.54303e-17  5.37220e-18
8922.91702  3.02481e-17  5.38275e-18
8925.96504  3.80644e-17  4.97423e-18
8929.01306  3.01795e-17  4.02284e-18
8932.06107  2.64305e-17  3.84907e-18
8935.10909  2.34313e-17  4.12321e-18
8938.15711  2.02354e-17  4.14651e-18
8941.20512  2.08434e-17  4.17026e-18
8944.25314  2.10690e-17  4.19874e-18
8947.30115  2.59992e-17  4.62586e-18
8950.34917  2.70682e-17  5.04308e-18
8953.39719  2.68657e-17  5.06208e-18
8956.44520  2.25281e-17  4.88363e-18
8959.49322  2.88982e-17  4.99841e-18
8962.54123  2.46404e-17  4.79303e-18
8965.58925  2.52225e-17  4.18757e-18
8968.63727  2.41080e-17  3.61408e-18
8971.68528  1.98978e-17  3.42164e-18
8974.73330  1.58484e-17  3.40914e-18
8977.78131  1.69092e-17  3.64492e-18
8980.82933  1.93798e-17  3.87369e-18
8983.87735  2.22339e-17  3.94899e-18
8986.92536  2.06300e-17  3.98205e-18
8989.97338  1.84853e-17  4.09528e-18
8993.02139  2.05690e-17  4.44991e-18
8996.06941  2.42783e-17  4.53170e-18
8999.11743  1.80170e-17  4.31995e-18
9002.16544  1.65395e-17  4.24093e-18
9005.21346  2.10495e-17  4.22167e-18
9008.26147  1.78684e-17  3.85649e-18
9011.30949  2.25845e-17  3.60748e-18
9014.35751  2.76828e-17  3.56721e-18
9017.40552  1.96359e-17  3.42660e-18
9020.45354  1.62160e-17  3.28868e-18
9023.50156  2.08085e-17  3.38628e-18
9026.54957  2.26758e-17  3.58698e-18
9029.59759  2.23314e-17  3.71864e-18
9032.64560  2.42322e-17  3.82090e-18
9035.69362  2.37814e-17  3.81732e-18
9038.74164  2.23471e-17  3.95102e-18
9041.78965  1.67476e-17  4.04433e-18
9044.83767  2.06934e-17  4.11979e-18
9047.88568  2.92723e-17  4.21448e-18
9050.93370  2.76215e-17  4.17058e-18
9053.98172  2.80236e-17  4.08801e-18
9057.02973  2.20497e-17  3.81886e-18
9060.07775  2.20598e-17  3.57748e-18
9063.12576  2.15218e-17  3.54300e-18
9066.17378  1.61310e-17  3.44730e-18
9069.22180  1.99204e-17  3.49062e-18
9072.26981  1.84669e-17  3.49575e-18
9075.31783  1.55066e-17  3.37834e-18
9078.36584  1.68980e-17  3.32907e-18
9081.41386  2.24424e-17  3.53906e-18
9084.46188  2.21667e-17  3.59295e-18
9087.50989  2.13494e-17  3.64382e-18
9090.55791  2.11124e-17  3.71036e-18
9093.60592  1.93459e-17  3.74207e-18
9096.65394  1.91842e-17  3.82322e-18
9099.70196  1.63824e-17  3.72652e-18
9102.74997  2.18251e-17  3.80708e-18
9105.79799  2.28400e-17  3.80787e-18
9108.84601  2.06225e-17  3.64789e-18
9111.89402  2.29806e-17  3.66398e-18
9114.94204  2.21504e-17  3.61694e-18
9117.99005  1.92473e-17  3.43442e-18
9121.03807  1.73454e-17  3.40087e-18
9124.08609  2.25722e-17  3.53868e-18
9127.13410  2.34448e-17  3.58335e-18
9130.18212  1.48005e-17  3.38911e-18
9133.23013  1.22324e-17  3.17938e-18
9136.27815  1.76540e-17  3.38453e-18
9139.32617  2.19496e-17  3.61308e-18
9142.37418  2.06217e-17  3.59549e-18
9145.42220  1.68858e-17  3.57234e-18
9148.47021  1.86712e-17  3.62959e-18
9151.51823  1.86669e-17  3.68298e-18
9154.56625  2.10615e-17  3.79374e-18
9157.61426  2.99644e-17  4.02966e-18
9160.66228  2.38128e-17  3.82403e-18
9163.71029  1.76838e-17  3.64416e-18
9166.75831  1.42450e-17  3.53260e-18
9169.80633  1.26888e-17  3.41810e-18
9172.85434  1.47647e-17  3.38833e-18
9175.90236  1.79146e-17  3.49626e-18
9178.95037  1.65483e-17  3.44992e-18
9181.99839  1.84188e-17  3.51442e-18
9185.04641  2.09296e-17  3.58391e-18
9188.09442  1.68471e-17  3.49253e-18
9191.14244  2.01150e-17  3.56743e-18
9194.19046  2.28184e-17  3.64282e-18
9197.23847  2.27160e-17  3.60967e-18
9200.28649  2.13322e-17  3.59364e-18
9203.33450  1.86234e-17  3.55408e-18
9206.38252  1.61012e-17  3.49684e-18
9209.43054  1.75128e-17  3.61681e-18
9212.47855  1.96681e-17  3.71747e-18
9215.52657  1.60141e-17  3.62246e-18
9218.57458  1.50036e-17  3.63307e-18
9221.62260  2.53176e-17  3.89504e-18
9224.67062  2.65248e-17  3.89686e-18
9227.71863  2.04377e-17  3.75214e-18
9230.76665  2.10584e-17  3.68587e-18
9233.81466  2.13411e-17  3.67604e-18
9236.86268  1.99830e-17  3.63894e-18
9239.91070  2.16787e-17  3.61191e-18
9242.95871  2.01764e-17  3.64681e-18
9246.00673  2.11011e-17  3.63443e-18
9249.05474  1.89476e-17  3.61869e-18
9252.10276  1.78057e-17  3.58460e-18
9255.15078  1.56173e-17  3.59843e-18
9258.19879  1.77770e-17  3.67279e-18
9261.24681  1.97912e-17  3.75289e-18
9264.29482  1.35096e-17  3.53911e-18
9267.34284  1.42334e-17  3.53984e-18
9270.39086  1.22110e-17  3.45438e-18
9273.43887  1.52860e-17  3.48674e-18
9276.48689  2.37964e-17  3.69344e-18
9279.53491  2.11659e-17  3.66060e-18
9282.58292  2.49712e-17  3.72419e-18
9285.63094  1.74084e-17  3.59143e-18
9288.67895  1.44778e-17  3.49996e-18
9291.72697  2.06624e-17  3.64543e-18
9294.77499  1.52325e-17  3.62519e-18
9297.82300  1.35394e-17  3.97117e-18
9300.87102  1.26123e-17  4.45292e-18
9303.91903  1.60211e-17  5.16309e-18
9306.96705  1.64183e-17  5.77259e-18
9310.01507  1.98984e-18  5.92048e-18
9313.06308  2.05083e-17  6.18849e-18
9316.11110  2.75058e-17  6.17068e-18
9319.15911  1.18206e-17  5.74900e-18
9322.20713  1.15565e-17  5.24774e-18
9325.25515  2.93579e-17  4.89267e-18
9328.30316  2.10929e-17  4.61317e-18
9331.35118  1.57217e-17  4.32601e-18
9334.39919  1.73018e-17  3.98221e-18
9337.44721  1.52736e-17  3.69194e-18
9340.49523  1.97610e-17  3.68732e-18
9343.54324  1.67211e-17  3.58921e-18
9346.59126  2.06968e-17  3.62064e-18
9349.63927  2.11741e-17  3.55452e-18
9352.68729  1.24403e-17  3.40104e-18
9355.73531  2.06977e-17  3.56574e-18
9358.78332  1.71098e-17  3.42527e-18
9361.83134  1.84782e-17  3.51785e-18
9364.87936  2.11403e-17  3.81219e-18
9367.92737 -2.20848e-18  4.53963e-18
9370.97539  1.47615e-17  5.76615e-18
9374.02340  2.86441e-18  5.83319e-18
9377.07142  1.31359e-17  5.90037e-18
9380.11944  2.99272e-17  5.98719e-18
9383.16745  9.99433e-18  5.38076e-18
9386.21547  1.85788e-17  4.56278e-18
9389.26348  3.27066e-17  3.92847e-18
9392.31150  1.73878e-17  3.66224e-18
9395.35952  1.94510e-17  3.83090e-18
9398.40753  2.84522e-17  4.12112e-18
9401.45555  1.52871e-17  3.94308e-18
9404.50356  6.19974e-18  3.75450e-18
9407.55158  1.35695e-17  3.81238e-18
9410.59960  2.29123e-17  3.96543e-18
9413.64761  2.23999e-17  4.10310e-18
9416.69563  1.49768e-17  4.16498e-18
9419.74364  1.07793e-17  4.16518e-18
9422.79166  1.20580e-17  4.21832e-18
9425.83968  1.74345e-17  4.17107e-18
9428.88769  1.40938e-17  3.99612e-18
9431.93571  8.34352e-18  4.14176e-18
9434.98372  2.03230e-17  4.73742e-18
9438.03174  3.22618e-17  5.04360e-18
9441.07976  2.50426e-17  4.96151e-18
9444.12777  1.28661e-17  4.85690e-18
9447.17579  1.89782e-17  4.75766e-18
9450.22381  2.30840e-17  4.43535e-18
9453.27182  1.72408e-17  4.29030e-18
9456.31984  1.81368e-17  4.44635e-18
9459.36785  2.19671e-17  4.48027e-18
9462.41587  1.72904e-17  4.36303e-18
9465.46389  1.56536e-17  4.31023e-18
9468.51190  2.33739e-17  4.34317e-18
9471.55992  2.03133e-17  4.58153e-18
9474.60793  1.76113e-17  4.81629e-18
9477.65595  2.59496e-17  4.90383e-18
9480.70397  2.41866e-17  4.85591e-18
9483.75198  2.43778e-17  4.78357e-18
9486.80000  3.82585e-17  4.57389e-18
9489.84801  2.76512e-17  3.93241e-18
9492.89603  2.27165e-17  3.69281e-18
9495.94405  2.09340e-17  3.90373e-18
9498.99206  2.02927e-17  4.12879e-18
9502.04008  2.35909e-17  4.26521e-18
9505.08809  2.70625e-17  4.38901e-18
9508.13611  2.36926e-17  4.40544e-18
9511.18413  2.66133e-17  4.31580e-18
9514.23214  2.71256e-17  4.14897e-18
9517.28016  2.22563e-17  3.97533e-18
9520.32817  1.72079e-17  3.76297e-18
9523.37619  2.39264e-17  3.91812e-18
9526.42421  2.36120e-17  3.90961e-18
9529.47222  2.46919e-17  3.76837e-18
9532.52024  3.36475e-17  3.79257e-18
9535.56826  2.49599e-17  3.67728e-18
9538.61627  1.37941e-17  3.55446e-18
9541.66429  1.74611e-17  3.58529e-18
9544.71230  1.81387e-17  3.72673e-18
9547.76032  9.88583e-18  3.83761e-18
9550.80834  1.65540e-17  4.04872e-18
9553.85635  2.19387e-17  4.14025e-18
9556.90437  1.61379e-17  4.02633e-18
9559.95238  7.62817e-18  4.05286e-18
9563.00040  2.35394e-17  4.57227e-18
9566.04842  2.32087e-17  4.58954e-18
9569.09643  2.41149e-17  4.60454e-18
9572.14445  2.64839e-17  4.65915e-18
9575.19246  2.05862e-17  4.42596e-18
9578.24048  2.68995e-17  4.20531e-18
9581.28850  2.67746e-17  3.85036e-18
9584.33651  2.41144e-17  3.65255e-18
9587.38453  2.93815e-17  3.70550e-18
9590.43254  2.95430e-17  3.65881e-18
9593.48056  6.41072e-18  3.24165e-18
9596.52858  4.07788e-18  3.25981e-18
9599.57659  1.39725e-17  3.49644e-18
9602.62461  2.26694e-17  3.73446e-18
9605.67262  3.18205e-17  3.97061e-18
9608.72064  2.39117e-17  3.87941e-18
9611.76866  2.61629e-17  3.91478e-18
9614.81667  2.50973e-17  4.02616e-18
9617.86469  3.07915e-17  4.15311e-18
9620.91271  3.24723e-17  4.13286e-18
9623.96072  1.44667e-17  3.85047e-18
9627.00874  2.78796e-17  4.00195e-18
9630.05675  3.93030e-17  4.11096e-18
9633.10477  2.63191e-17  3.76815e-18
9636.15279  1.71210e-17  3.56122e-18
9639.20080  1.25859e-17  3.44954e-18
9642.24882  1.34458e-17  3.46595e-18
9645.29683  2.01229e-17  3.53768e-18
9648.34485  2.07180e-17  3.56694e-18
9651.39287  1.75413e-17  3.54309e-18
9654.44088  9.73205e-18  3.37029e-18
9657.48890  1.24560e-17  3.46177e-18
9660.53691  1.42512e-17  3.57096e-18
9663.58493  9.49101e-18  3.57026e-18
9666.63295  1.75441e-17  3.86622e-18
9669.68096  1.62189e-17  3.86434e-18
9672.72898  1.79181e-17  3.95691e-18
9675.77699  1.95824e-17  4.10410e-18
9678.82501  1.24203e-17  4.01379e-18
9681.87303  1.24061e-17  4.09000e-18
9684.92104  1.33343e-17  4.11103e-18
9687.96906  1.23002e-17  4.01261e-18
9691.01707  1.12444e-17  3.94602e-18
9694.06509  1.65892e-17  4.10535e-18
