3980.0000 3.4334810e-15
3981.5000 2.5269451e-15
3983.0000 3.3382373e-15
3984.5000 2.6379590e-15
3986.0000 3.5011701e-15
3987.5000 4.2973769e-15
3989.0000 2.9589178e-15
3990.5000 2.9396371e-15
3992.0000 3.4829312e-15
3993.5000 3.2095625e-15
3995.0000 3.0300781e-15
3996.5000 3.3548155e-15
3998.0000 2.9596497e-15
3999.5000 3.1921546e-15
4001.0000 3.4556802e-15
4002.5000 3.1446318e-15
4004.0000 2.8088570e-15
4005.5000 4.1967791e-15
4007.0000 2.6038051e-15
4008.5000 2.5648637e-15
4010.0000 2.4262024e-15
4011.5000 2.3295000e-15
4013.0000 1.5623623e-15
4014.5000 2.2348865e-15
4016.0000 1.4839815e-15
4017.5000 2.0043611e-15
4019.0000 2.2996228e-15
4020.5000 3.0484301e-15
4022.0000 2.8929719e-15
4023.5000 2.6256422e-15
4025.0000 2.9243751e-15
4026.5000 3.1877064e-15
4028.0000 3.6317431e-15
4029.5000 2.7104242e-15
4031.0000 2.5680947e-15
4032.5000 3.0054470e-15
4034.0000 3.2468992e-15
4035.5000 3.7629322e-15
4037.0000 3.6989481e-15
4038.5000 3.4255426e-15
4040.0000 2.8710637e-15
4041.5000 2.8064480e-15
4043.0000 2.9706095e-15
4044.5000 2.4720302e-15
4046.0000 2.1078571e-15
4047.5000 2.0000653e-15
4049.0000 2.2445110e-15
4050.5000 2.3245931e-15
4052.0000 1.9084973e-15
4053.5000 2.5747753e-15
4055.0000 2.6594099e-15
4056.5000 2.2686287e-15
4058.0000 2.8326622e-15
4059.5000 3.6552218e-15
4061.0000 2.9628299e-15
4062.5000 3.4664101e-15
4064.0000 3.0070644e-15
4065.5000 3.0865672e-15
4067.0000 3.4460596e-15
4068.5000 3.4600637e-15
4070.0000 3.1015624e-15
4071.5000 3.7208246e-15
4073.0000 3.2466489e-15
4074.5000 3.3774277e-15
4076.0000 3.0678315e-15
4077.5000 3.6914975e-15
4079.0000 2.9678499e-15
4080.5000 2.6967250e-15
4082.0000 2.9842655e-15
4083.5000 3.4343437e-15
4085.0000 2.4110471e-15
4086.5000 2.7023434e-15
4088.0000 2.9004276e-15
4089.5000 2.7903589e-15
4091.0000 3.0329203e-15
4092.5000 3.5721551e-15
4094.0000 3.2093262e-15
4095.5000 3.0079538e-15
4097.0000 3.0124351e-15
4098.5000 3.4509614e-15
4100.0000 3.5280666e-15
4101.5000 3.7036110e-15
4103.0000 3.0194461e-15
4104.5000 3.2696321e-15
4106.0000 3.1689059e-15
4107.5000 2.8888502e-15
4109.0000 3.0118545e-15
4110.5000 3.1190809e-15
4112.0000 2.8878694e-15
4113.5000 3.1575534e-15
4115.0000 3.0139458e-15
4116.5000 3.0486550e-15
4118.0000 3.4706220e-15
4119.5000 3.0015960e-15
4121.0000 3.1990055e-15
4122.5000 2.9648374e-15
4124.0000 3.6169436e-15
4125.5000 3.0015832e-15
4127.0000 2.9220017e-15
4128.5000 2.8876064e-15
4130.0000 2.7660671e-15
4131.5000 2.9979837e-15
4133.0000 3.3706798e-15
4134.5000 3.2642767e-15
4136.0000 2.7689767e-15
4137.5000 3.0392134e-15
4139.0000 3.1403195e-15
4140.5000 2.8843652e-15
4142.0000 3.0938844e-15
4143.5000 2.9864826e-15
4145.0000 3.4616951e-15
4146.5000 2.6940111e-15
4148.0000 3.0763951e-15
4149.5000 3.0059756e-15
4151.0000 3.0941156e-15
4152.5000 3.1554468e-15
4154.0000 3.1774542e-15
4155.5000 2.8581484e-15
4157.0000 3.0331135e-15
4158.5000 3.0522608e-15
4160.0000 3.1892399e-15
4161.5000 3.0404624e-15
4163.0000 3.1933083e-15
4164.5000 3.3140051e-15
4166.0000 2.9341292e-15
4167.5000 3.1858513e-15
4169.0000 2.9237652e-15
4170.5000 2.9986495e-15
4172.0000 3.3392855e-15
4173.5000 3.0110337e-15
4175.0000 3.2948349e-15
4176.5000 3.1701320e-15
4178.0000 3.4044411e-15
4179.5000 3.2745276e-15
4181.0000 2.8211345e-15
4182.5000 2.6833168e-15
4184.0000 2.6320573e-15
4185.5000 2.7275894e-15
4187.0000 2.7935112e-15
4188.5000 3.0671734e-15
4190.0000 2.8990198e-15
4191.5000 3.2514618e-15
4193.0000 3.0256527e-15
4194.5000 3.1404644e-15
4196.0000 3.2102982e-15
4197.5000 3.2745072e-15
4199.0000 3.0119726e-15
4200.5000 3.0673881e-15
4202.0000 2.8861465e-15
4203.5000 2.9091436e-15
4205.0000 3.0068141e-15
4206.5000 2.8468290e-15
4208.0000 3.1123367e-15
4209.5000 3.0350498e-15
4211.0000 3.0080618e-15
4212.5000 2.7648359e-15
4214.0000 2.8927737e-15
4215.5000 2.6339695e-15
4217.0000 2.6291706e-15
4218.5000 3.0168096e-15
4220.0000 3.0301493e-15
4221.5000 2.9750603e-15
4223.0000 3.1395966e-15
4224.5000 3.1543059e-15
4226.0000 2.8272484e-15
4227.5000 2.6506570e-15
4229.0000 2.9546284e-15
4230.5000 2.7976138e-15
4232.0000 2.8182376e-15
4233.5000 2.6984504e-15
4235.0000 2.8586363e-15
4236.5000 2.9529945e-15
4238.0000 2.6045992e-15
4239.5000 2.6498172e-15
4241.0000 2.4431974e-15
4242.5000 2.7193626e-15
4244.0000 3.0866180e-15
4245.5000 3.0616706e-15
4247.0000 2.9044337e-15
4248.5000 2.7364541e-15
4250.0000 2.8595092e-15
4251.5000 2.7225847e-15
4253.0000 2.9769585e-15
4254.5000 2.8555565e-15
4256.0000 3.1016284e-15
4257.5000 2.9793993e-15
4259.0000 2.7894632e-15
4260.5000 3.0221651e-15
4262.0000 2.9441704e-15
4263.5000 2.7315981e-15
4265.0000 2.8954813e-15
4266.5000 2.6855885e-15
4268.0000 2.8277198e-15
4269.5000 2.7946039e-15
4271.0000 2.7907312e-15
4272.5000 2.8038510e-15
4274.0000 2.9562789e-15
4275.5000 2.7919243e-15
4277.0000 2.7948339e-15
4278.5000 2.9836849e-15
4280.0000 2.9735229e-15
4281.5000 2.8433057e-15
4283.0000 2.6976373e-15
4284.5000 3.0099600e-15
4286.0000 2.8670233e-15
4287.5000 2.7953370e-15
4289.0000 2.5919241e-15
4290.5000 2.8379046e-15
4292.0000 2.9933576e-15
4293.5000 3.0436248e-15
4295.0000 2.9037107e-15
4296.5000 2.9914886e-15
4298.0000 2.5909229e-15
4299.5000 2.9212787e-15
4301.0000 2.7947856e-15
4302.5000 2.9254513e-15
4304.0000 3.0395171e-15
4305.5000 3.0567777e-15
4307.0000 2.8381498e-15
4308.5000 2.9015152e-15
4310.0000 2.5836566e-15
4311.5000 2.5069541e-15
4313.0000 2.2792468e-15
4314.5000 2.6473358e-15
4316.0000 2.9268908e-15
4317.5000 2.7356168e-15
4319.0000 2.6512669e-15
4320.5000 2.7197209e-15
4322.0000 2.7088347e-15
4323.5000 2.7681063e-15
4325.0000 2.7218046e-15
4326.5000 2.7324798e-15
4328.0000 2.8397088e-15
4329.5000 2.7197336e-15
4331.0000 2.4524521e-15
4332.5000 2.7043877e-15
4334.0000 2.7627586e-15
4335.5000 2.7108053e-15
4337.0000 2.6367672e-15
4338.5000 2.8277261e-15
4340.0000 2.8737776e-15
4341.5000 2.7533602e-15
4343.0000 2.5872408e-15
4344.5000 2.6076879e-15
4346.0000 2.6020924e-15
4347.5000 2.5919190e-15
4349.0000 2.9136833e-15
4350.5000 2.9383170e-15
4352.0000 2.7502905e-15
4353.5000 2.7613343e-15
4355.0000 2.9304395e-15
4356.5000 2.7987307e-15
4358.0000 2.5638752e-15
4359.5000 2.4212840e-15
4361.0000 2.4986446e-15
4362.5000 2.7550806e-15
4364.0000 2.6943961e-15
4365.5000 2.8308250e-15
4367.0000 2.7784042e-15
4368.5000 2.6659914e-15
4370.0000 2.6154472e-15
4371.5000 2.6974861e-15
4373.0000 2.8555082e-15
4374.5000 2.6839165e-15
4376.0000 2.5475396e-15
4377.5000 2.5019519e-15
4379.0000 2.7307519e-15
4380.5000 2.7414258e-15
4382.0000 2.6157204e-15
4383.5000 2.6727203e-15
4385.0000 2.5852714e-15
4386.5000 2.4709388e-15
4388.0000 2.3111989e-15
4389.5000 2.4223615e-15
4391.0000 2.5216380e-15
4392.5000 2.6088924e-15
4394.0000 2.5483680e-15
4395.5000 2.3747307e-15
4397.0000 2.4535372e-15
4398.5000 2.5557474e-15
4400.0000 2.6405103e-15
4401.5000 2.5183066e-15
4403.0000 2.5595718e-15
4404.5000 3.0623897e-15
4406.0000 2.8558525e-15
4407.5000 3.0729671e-15
4409.0000 2.8886673e-15
4410.5000 2.6593832e-15
4412.0000 2.7378251e-15
4413.5000 2.5397193e-15
4415.0000 2.6158424e-15
4416.5000 2.7645971e-15
4418.0000 3.0887297e-15
4419.5000 2.8036503e-15
4421.0000 2.8491325e-15
4422.5000 2.8580912e-15
4424.0000 2.8224292e-15
4425.5000 2.6477538e-15
4427.0000 2.5603596e-15
4428.5000 2.5005733e-15
4430.0000 2.2799431e-15
4431.5000 2.5668928e-15
4433.0000 2.6024532e-15
4434.5000 2.6926744e-15
4436.0000 2.7332040e-15
4437.5000 2.8404305e-15
4439.0000 2.9071857e-15
4440.5000 2.7629186e-15
4442.0000 2.6088403e-15
4443.5000 2.7535292e-15
4445.0000 2.8071850e-15
4446.5000 2.8506115e-15
4448.0000 2.6820691e-15
4449.5000 2.8229221e-15
4451.0000 2.9612747e-15
4452.5000 2.9057233e-15
4454.0000 2.9578010e-15
4455.5000 2.6957136e-15
4457.0000 2.9215583e-15
4458.5000 2.8012997e-15
4460.0000 2.7898901e-15
4461.5000 2.8641658e-15
4463.0000 2.6897102e-15
4464.5000 2.7226775e-15
4466.0000 2.9006982e-15
4467.5000 2.8118428e-15
4469.0000 2.9062582e-15
4470.5000 2.8201993e-15
4472.0000 2.5707032e-15
4473.5000 2.3619120e-15
4475.0000 2.5985539e-15
4476.5000 2.6752169e-15
4478.0000 2.6377634e-15
4479.5000 2.6980413e-15
4481.0000 2.7469807e-15
4482.5000 2.5190460e-15
4484.0000 2.5778336e-15
4485.5000 2.7166207e-15
4487.0000 2.8340446e-15
4488.5000 2.7890935e-15
4490.0000 2.8123625e-15
4491.5000 2.7313503e-15
4493.0000 2.7555685e-15
4494.5000 2.6842100e-15
4496.0000 2.6360545e-15
4497.5000 2.7367337e-15
4499.0000 2.6818848e-15
4500.5000 2.8484731e-15
4502.0000 2.8418103e-15
4503.5000 2.8159772e-15
4505.0000 2.6529275e-15
4506.5000 2.6863979e-15
4508.0000 2.7825005e-15
4509.5000 2.7629911e-15
4511.0000 2.7485054e-15
4512.5000 2.7450851e-15
4514.0000 2.7537287e-15
4515.5000 2.8083399e-15
4517.0000 2.5461687e-15
4518.5000 2.7052606e-15
4520.0000 2.7043916e-15
4521.5000 2.6436334e-15
4523.0000 2.6796258e-15
4524.5000 2.5755275e-15
4526.0000 2.5992972e-15
4527.5000 2.8001168e-15
4529.0000 2.8835304e-15
4530.5000 2.8772513e-15
4532.0000 2.7311940e-15
4533.5000 2.7962772e-15
4535.0000 2.6822902e-15
4536.5000 2.8709823e-15
4538.0000 2.8189084e-15
4539.5000 2.7490301e-15
4541.0000 2.8220251e-15
4542.5000 2.7738137e-15
4544.0000 2.8106498e-15
4545.5000 2.6879670e-15
4547.0000 2.6041113e-15
4548.5000 2.6255088e-15
4550.0000 2.6092520e-15
4551.5000 2.6894218e-15
4553.0000 2.7077242e-15
4554.5000 2.7883794e-15
4556.0000 2.6440653e-15
4557.5000 2.8182452e-15
4559.0000 2.8049272e-15
4560.5000 2.6708208e-15
4562.0000 2.7190411e-15
4563.5000 2.9051706e-15
4565.0000 2.9604654e-15
4566.5000 2.7841713e-15
4568.0000 2.9702411e-15
4569.5000 2.8204445e-15
4571.0000 2.8219070e-15
4572.5000 2.7890121e-15
4574.0000 2.7185608e-15
4575.5000 2.7623139e-15
4577.0000 2.8795408e-15
4578.5000 2.8228065e-15
4580.0000 2.6281516e-15
4581.5000 2.7519906e-15
4583.0000 2.8027444e-15
4584.5000 2.8087960e-15
4586.0000 2.7231082e-15
4587.5000 2.7615591e-15
4589.0000 2.9798135e-15
4590.5000 2.7840697e-15
4592.0000 2.8551410e-15
4593.5000 2.9126148e-15
4595.0000 2.9715650e-15
4596.5000 2.9187821e-15
4598.0000 2.9896717e-15
4599.5000 2.7986532e-15
4601.0000 2.8997339e-15
4602.5000 2.9355522e-15
4604.0000 2.9099542e-15
4605.5000 2.9193170e-15
4607.0000 2.7892485e-15
4608.5000 2.9215316e-15
4610.0000 2.8553303e-15
4611.5000 2.7965288e-15
4613.0000 2.9698421e-15
4614.5000 2.8796565e-15
4616.0000 2.6987706e-15
4617.5000 2.7118167e-15
4619.0000 2.6712388e-15
4620.5000 2.6691373e-15
4622.0000 2.7006078e-15
4623.5000 2.6984987e-15
4625.0000 2.7967397e-15
4626.5000 2.6785280e-15
4628.0000 2.6800324e-15
4629.5000 2.7512867e-15
4631.0000 2.9192967e-15
4632.5000 2.7927844e-15
4634.0000 2.7369929e-15
4635.5000 2.7767779e-15
4637.0000 2.7810597e-15
4638.5000 2.7459999e-15
4640.0000 2.7369344e-15
4641.5000 2.6967936e-15
4643.0000 2.7168507e-15
4644.5000 2.6762093e-15
4646.0000 2.6271173e-15
4647.5000 2.7320504e-15
4649.0000 2.6279610e-15
4650.5000 2.7728608e-15
4652.0000 2.8210125e-15
4653.5000 2.8166824e-15
4655.0000 2.8248775e-15
4656.5000 2.7303250e-15
4658.0000 2.6631644e-15
4659.5000 2.7723195e-15
4661.0000 2.7974842e-15
4662.5000 2.8832966e-15
4664.0000 2.8673460e-15
4665.5000 2.7302805e-15
4667.0000 2.8383442e-15
4668.5000 2.8132138e-15
4670.0000 2.8958040e-15
4671.5000 2.6881106e-15
4673.0000 2.6396552e-15
4674.5000 2.6306406e-15
4676.0000 2.7003664e-15
4677.5000 2.6688743e-15
4679.0000 2.7014832e-15
4680.5000 2.8045714e-15
4682.0000 2.8498504e-15
4683.5000 2.7943129e-15
4685.0000 2.6457361e-15
4686.5000 2.7807306e-15
4688.0000 2.8215614e-15
4689.5000 2.8028346e-15
4691.0000 2.8067720e-15
4692.5000 2.6630831e-15
4694.0000 2.8989042e-15
4695.5000 2.7841218e-15
4697.0000 2.8145733e-15
4698.5000 2.8097350e-15
4700.0000 2.7773420e-15
4701.5000 2.9896895e-15
4703.0000 2.9997943e-15
4704.5000 2.9475323e-15
4706.0000 2.8771217e-15
4707.5000 2.9137659e-15
4709.0000 2.8884881e-15
4710.5000 2.8796666e-15
4712.0000 2.8293080e-15
4713.5000 2.9707734e-15
4715.0000 2.9720846e-15
4716.5000 2.9943843e-15
4718.0000 2.9848855e-15
4719.5000 3.0004537e-15
4721.0000 2.9547656e-15
4722.5000 3.0944078e-15
4724.0000 3.0216111e-15
4725.5000 3.0421344e-15
4727.0000 3.1402319e-15
4728.5000 2.9718293e-15
4730.0000 2.8784456e-15
4731.5000 3.0926672e-15
4733.0000 2.9889717e-15
4734.5000 3.0837605e-15
4736.0000 3.1004392e-15
4737.5000 3.1100484e-15
4739.0000 3.1177518e-15
4740.5000 3.0181806e-15
4742.0000 3.0763405e-15
4743.5000 3.0109358e-15
4745.0000 3.0921907e-15
4746.5000 3.1424604e-15
4748.0000 2.9898445e-15
4749.5000 3.0437862e-15
4751.0000 3.0289016e-15
4752.5000 2.9705968e-15
4754.0000 3.0941931e-15
4755.5000 3.2139333e-15
4757.0000 3.0244533e-15
4758.5000 2.9727746e-15
4760.0000 2.9869070e-15
4761.5000 2.8255204e-15
4763.0000 2.7571109e-15
4764.5000 2.9721812e-15
4766.0000 2.8607785e-15
4767.5000 2.9712270e-15
4769.0000 3.0841443e-15
4770.5000 3.1020541e-15
4772.0000 3.1617704e-15
4773.5000 3.0341096e-15
4775.0000 2.9417538e-15
4776.5000 2.9877113e-15
4778.0000 3.0850070e-15
4779.5000 3.2007029e-15
4781.0000 3.2241257e-15
4782.5000 3.1380389e-15
4784.0000 3.1366057e-15
4785.5000 3.1323506e-15
4787.0000 2.9682132e-15
4788.5000 3.0649347e-15
4790.0000 3.0842472e-15
4791.5000 3.1449800e-15
4793.0000 3.0698339e-15
4794.5000 2.9187668e-15
4796.0000 2.9200438e-15
4797.5000 2.9319731e-15
4799.0000 2.9337912e-15
4800.5000 2.8586058e-15
4802.0000 2.8228332e-15
4803.5000 2.8100958e-15
4805.0000 2.7817763e-15
4806.5000 2.8060669e-15
4808.0000 2.9007224e-15
4809.5000 2.8145110e-15
4811.0000 2.8096803e-15
4812.5000 2.7303199e-15
4814.0000 2.8041839e-15
4815.5000 2.7231463e-15
4817.0000 2.8873815e-15
4818.5000 2.8710853e-15
4820.0000 2.8738614e-15
4821.5000 2.7324913e-15
4823.0000 2.6494093e-15
4824.5000 2.6305034e-15
4826.0000 2.6281389e-15
4827.5000 2.6144905e-15
4829.0000 2.7106719e-15
4830.5000 2.7455831e-15
4832.0000 2.5873869e-15
4833.5000 2.6642075e-15
4835.0000 2.6808138e-15
4836.5000 2.7160667e-15
4838.0000 2.7425134e-15
4839.5000 2.7113110e-15
4841.0000 2.5833313e-15
4842.5000 2.6531892e-15
4844.0000 2.7220028e-15
4845.5000 2.6668922e-15
4847.0000 2.6782510e-15
4848.5000 2.7090367e-15
4850.0000 2.6767556e-15
4851.5000 2.6562818e-15
4853.0000 2.6492226e-15
4854.5000 2.6901664e-15
4856.0000 2.6444008e-15
4857.5000 2.5813022e-15
4859.0000 2.5058144e-15
4860.5000 2.5566533e-15
4862.0000 2.5736255e-15
4863.5000 2.5693005e-15
4865.0000 2.5802934e-15
4866.5000 2.6283650e-15
4868.0000 2.6098987e-15
4869.5000 2.5892928e-15
4871.0000 2.6580758e-15
4872.5000 2.6590148e-15
4874.0000 2.6658631e-15
4875.5000 2.6904865e-15
4877.0000 2.7806163e-15
4878.5000 2.6321170e-15
4880.0000 2.6129785e-15
4881.5000 2.6179426e-15
4883.0000 2.6464159e-15
4884.5000 2.5911706e-15
4886.0000 2.6072051e-15
4887.5000 2.5447101e-15
4889.0000 2.6740506e-15
4890.5000 2.6807121e-15
4892.0000 2.7616023e-15
4893.5000 2.6378320e-15
4895.0000 2.6618684e-15
4896.5000 2.7177604e-15
4898.0000 2.7104597e-15
4899.5000 2.6811251e-15
4901.0000 2.7080330e-15
4902.5000 2.7116071e-15
4904.0000 2.6972688e-15
4905.5000 2.6637654e-15
4907.0000 2.6805647e-15
4908.5000 2.5903499e-15
4910.0000 2.6910939e-15
4911.5000 2.6497079e-15
4913.0000 2.7019178e-15
4914.5000 2.7266632e-15
4916.0000 2.7777029e-15
4917.5000 2.7721099e-15
4919.0000 2.7335039e-15
4920.5000 2.6900190e-15
4922.0000 2.6714027e-15
4923.5000 2.5960725e-15
4925.0000 2.7618349e-15
4926.5000 2.7357922e-15
4928.0000 2.6235433e-15
4929.5000 2.6549744e-15
4931.0000 2.6550620e-15
4932.5000 2.6947848e-15
4934.0000 2.7157631e-15
4935.5000 2.7231171e-15
4937.0000 2.7641231e-15
4938.5000 2.6834311e-15
4940.0000 2.7530311e-15
4941.5000 2.7464700e-15
4943.0000 2.7272057e-15
4944.5000 2.7299641e-15
4946.0000 2.7145687e-15
4947.5000 2.7149359e-15
4949.0000 2.7222633e-15
4950.5000 2.7046304e-15
4952.0000 2.7398122e-15
4953.5000 2.6773121e-15
4955.0000 2.6568294e-15
4956.5000 2.5526257e-15
4958.0000 2.4998898e-15
4959.5000 2.3837771e-15
4961.0000 2.4831438e-15
4962.5000 2.5566292e-15
4964.0000 2.6902896e-15
4965.5000 2.7894657e-15
4967.0000 2.7004414e-15
4968.5000 2.6459229e-15
4970.0000 2.6516036e-15
4971.5000 2.5702877e-15
4973.0000 2.6817159e-15
4974.5000 2.5916789e-15
4976.0000 2.6183568e-15
4977.5000 2.6785534e-15
4979.0000 2.6772219e-15
4980.5000 2.6718182e-15
4982.0000 2.6458594e-15
4983.5000 2.5213216e-15
4985.0000 2.5510400e-15
4986.5000 2.5066873e-15
4988.0000 2.5276020e-15
4989.5000 2.5737055e-15
4991.0000 2.5519955e-15
4992.5000 2.5262946e-15
4994.0000 2.7710121e-15
4995.5000 2.6721803e-15
4997.0000 2.7692346e-15
4998.5000 2.6511779e-15
5000.0000 2.6193313e-15
5001.5000 2.6636002e-15
5003.0000 2.5806275e-15
5004.5000 2.6092113e-15
5006.0000 2.5989643e-15
5007.5000 2.5834965e-15
5009.0000 2.5752670e-15
5010.5000 2.4836685e-15
5012.0000 2.5270709e-15
5013.5000 2.5947613e-15
5015.0000 2.6169033e-15
5016.5000 2.5941336e-15
5018.0000 2.3801331e-15
5019.5000 2.3880817e-15
5021.0000 2.3935451e-15
5022.5000 2.5066415e-15
5024.0000 2.4390833e-15
5025.5000 2.5533499e-15
5027.0000 2.5814763e-15
5028.5000 2.6887738e-15
5030.0000 2.6342897e-15
5031.5000 2.5524757e-15
5033.0000 2.4586436e-15
5034.5000 2.4309530e-15
5036.0000 2.4070537e-15
5037.5000 2.4413640e-15
5039.0000 2.4325145e-15
5040.5000 2.5239910e-15
5042.0000 2.5773838e-15
5043.5000 2.6183454e-15
5045.0000 2.5444890e-15
5046.5000 2.5767358e-15
5048.0000 2.5297784e-15
5049.5000 2.5353270e-15
5051.0000 2.5864086e-15
5052.5000 2.5875851e-15
5054.0000 2.5005772e-15
5055.5000 2.4785164e-15
5057.0000 2.4224135e-15
5058.5000 2.4946424e-15
5060.0000 2.5783710e-15
5061.5000 2.7087216e-15
5063.0000 2.5952631e-15
5064.5000 2.5332433e-15
5066.0000 2.4098452e-15
5067.5000 2.3946645e-15
5069.0000 2.4408621e-15
5070.5000 2.4584708e-15
5072.0000 2.5055577e-15
5073.5000 2.4785698e-15
5075.0000 2.4928318e-15
5076.5000 2.4670369e-15
5078.0000 2.4103839e-15
5079.5000 2.4638529e-15
5081.0000 2.4652721e-15
5082.5000 2.3570877e-15
5084.0000 2.3630669e-15
5085.5000 2.3810111e-15
5087.0000 2.3915453e-15
5088.5000 2.3909570e-15
5090.0000 2.5110453e-15
5091.5000 2.4552601e-15
5093.0000 2.5238093e-15
5094.5000 2.4867166e-15
5096.0000 2.4435544e-15
5097.5000 2.5461572e-15
5099.0000 2.5052655e-15
5100.5000 2.4719934e-15
5102.0000 2.4941036e-15
5103.5000 2.5027841e-15
5105.0000 2.5714884e-15
5106.5000 2.5813950e-15
5108.0000 2.7977523e-15
5109.5000 2.9679668e-15
5111.0000 2.7063647e-15
5112.5000 2.5567880e-15
5114.0000 2.3866816e-15
5115.5000 2.3516421e-15
5117.0000 2.3449272e-15
5118.5000 2.3547283e-15
5120.0000 2.3726800e-15
5121.5000 2.4306836e-15
5123.0000 2.4164241e-15
5124.5000 2.3362543e-15
5126.0000 2.4206742e-15
5127.5000 2.4189322e-15
5129.0000 2.4029994e-15
5130.5000 2.4042890e-15
5132.0000 2.4360060e-15
5133.5000 2.4806484e-15
5135.0000 2.4428099e-15
5136.5000 2.3765387e-15
5138.0000 2.3654899e-15
5139.5000 2.3118786e-15
5141.0000 2.3104988e-15
5142.5000 2.1992650e-15
5144.0000 2.2398721e-15
5145.5000 2.3647301e-15
5147.0000 2.4816255e-15
5148.5000 2.4399956e-15
5150.0000 2.3506790e-15
5151.5000 2.3594077e-15
5153.0000 2.3650960e-15
5154.5000 2.3985168e-15
5156.0000 2.3664936e-15
5157.5000 2.4301131e-15
5159.0000 2.4832378e-15
5160.5000 2.5034562e-15
5162.0000 2.4502045e-15
5163.5000 2.4588227e-15
5165.0000 2.4808758e-15
5166.5000 2.3756315e-15
5168.0000 2.2815859e-15
5169.5000 2.2151292e-15
5171.0000 2.2949649e-15
5172.5000 2.3452931e-15
5174.0000 2.2591567e-15
5175.5000 2.3136637e-15
5177.0000 2.3774421e-15
5178.5000 2.2878726e-15
5180.0000 2.2977004e-15
5181.5000 2.2123925e-15
5183.0000 2.2128702e-15
5184.5000 2.2062239e-15
5186.0000 2.2484700e-15
5187.5000 2.2915878e-15
5189.0000 2.3539215e-15
5190.5000 2.3833197e-15
5192.0000 2.3734868e-15
5193.5000 2.3245245e-15
5195.0000 2.3330398e-15
5196.5000 2.3733712e-15
5198.0000 2.3621953e-15
5199.5000 2.3462460e-15
5201.0000 2.2608402e-15
5202.5000 2.1970936e-15
5204.0000 2.2649848e-15
5205.5000 2.2993598e-15
5207.0000 2.2898954e-15
5208.5000 2.3101189e-15
5210.0000 2.3132915e-15
5211.5000 2.2439278e-15
5213.0000 2.2111244e-15
5214.5000 2.1898502e-15
5216.0000 2.2917822e-15
5217.5000 2.3179557e-15
5219.0000 2.2842287e-15
5220.5000 2.3428333e-15
5222.0000 2.3647110e-15
5223.5000 2.3629602e-15
5225.0000 2.2691763e-15
5226.5000 2.2941645e-15
5228.0000 2.1491478e-15
5229.5000 2.1992625e-15
5231.0000 2.2314687e-15
5232.5000 2.2117140e-15
5234.0000 2.2118296e-15
5235.5000 2.2503416e-15
5237.0000 2.2433293e-15
5238.5000 2.2600995e-15
5240.0000 2.3747434e-15
5241.5000 2.2561353e-15
5243.0000 2.2682399e-15
5244.5000 2.2527289e-15
5246.0000 2.2457701e-15
5247.5000 2.1794290e-15
5249.0000 2.2233371e-15
5250.5000 2.2614577e-15
5252.0000 2.2638286e-15
5253.5000 2.3038728e-15
5255.0000 2.2740223e-15
5256.5000 2.2135931e-15
5258.0000 2.1933773e-15
5259.5000 2.2902753e-15
5261.0000 2.3419756e-15
5262.5000 2.3770660e-15
5264.0000 2.3608600e-15
5265.5000 2.3425804e-15
5267.0000 2.3119104e-15
5268.5000 2.1986043e-15
5270.0000 2.1067555e-15
5271.5000 1.9931687e-15
5273.0000 1.9478275e-15
5274.5000 2.0559369e-15
5276.0000 1.9588458e-15
5277.5000 1.9494119e-15
5279.0000 2.0628615e-15
5280.5000 2.2288335e-15
5282.0000 2.2396117e-15
5283.5000 2.2829289e-15
5285.0000 2.1765144e-15
5286.5000 2.0966203e-15
5288.0000 1.9958941e-15
5289.5000 1.9397416e-15
5291.0000 2.0859209e-15
5292.5000 2.1944420e-15
5294.0000 2.1670004e-15
5295.5000 2.1495544e-15
5297.0000 2.1168971e-15
5298.5000 2.1199084e-15
5300.0000 2.1515491e-15
5301.5000 2.1829676e-15
5303.0000 2.1472305e-15
5304.5000 2.2171291e-15
5306.0000 2.1845735e-15
5307.5000 2.0994231e-15
5309.0000 2.1556251e-15
5310.5000 2.1124769e-15
5312.0000 2.0302373e-15
5313.5000 2.0377921e-15
5315.0000 2.0558607e-15
5316.5000 2.1734028e-15
5318.0000 2.2240028e-15
5319.5000 2.2157899e-15
5321.0000 2.2111155e-15
5322.5000 2.1843309e-15
5324.0000 2.2273470e-15
5325.5000 2.2144190e-15
5327.0000 2.2216548e-15
5328.5000 2.2645388e-15
5330.0000 2.1236400e-15
5331.5000 2.1079613e-15
5333.0000 1.9900812e-15
5334.5000 2.1292889e-15
5336.0000 2.2036942e-15
5337.5000 2.2594642e-15
5339.0000 2.1739555e-15
5340.5000 2.1293550e-15
5342.0000 2.2046319e-15
5343.5000 2.2917720e-15
5345.0000 2.1762437e-15
5346.5000 2.2208303e-15
5348.0000 2.2967844e-15
5349.5000 2.2459162e-15
5351.0000 2.2756143e-15
5352.5000 2.2633813e-15
5354.0000 2.2003069e-15
5355.5000 2.1861516e-15
5357.0000 2.1449511e-15
5358.5000 2.2409204e-15
5360.0000 2.2018862e-15
5361.5000 2.2098196e-15
5363.0000 2.2931226e-15
5364.5000 2.2779991e-15
5366.0000 2.2843672e-15
5367.5000 2.2295222e-15
5369.0000 2.1313409e-15
5370.5000 2.0472933e-15
5372.0000 2.0049163e-15
5373.5000 2.0195265e-15
5375.0000 2.0309094e-15
5376.5000 2.0235974e-15
5378.0000 1.9946997e-15
5379.5000 2.0960155e-15
5381.0000 2.1528261e-15
5382.5000 2.1389680e-15
5384.0000 2.1438559e-15
5385.5000 2.2274943e-15
5387.0000 2.1971051e-15
5388.5000 2.2121345e-15
5390.0000 2.1337804e-15
5391.5000 2.1727802e-15
5393.0000 2.2154151e-15
5394.5000 2.2798808e-15
5396.0000 2.2556157e-15
5397.5000 2.3081914e-15
5399.0000 2.2926652e-15
5400.5000 2.2794247e-15
5402.0000 2.2370794e-15
5403.5000 2.2252467e-15
5405.0000 2.1480780e-15
5406.5000 2.1702848e-15
5408.0000 2.1304782e-15
5409.5000 2.2259150e-15
5411.0000 2.2473646e-15
5412.5000 2.3207382e-15
5414.0000 2.2325664e-15
5415.5000 2.2396485e-15
5417.0000 2.2329374e-15
5418.5000 2.2765303e-15
5420.0000 2.2481511e-15
5421.5000 2.1819676e-15
5423.0000 2.1707422e-15
5424.5000 2.1967989e-15
5426.0000 2.1827071e-15
5427.5000 2.2533274e-15
5429.0000 2.2106581e-15
5430.5000 2.1424824e-15
5432.0000 2.1052690e-15
5433.5000 2.1227189e-15
5435.0000 2.0602225e-15
5436.5000 1.9889784e-15
5438.0000 2.0614461e-15
5439.5000 2.2062277e-15
5441.0000 2.2064780e-15
5442.5000 2.1885466e-15
5444.0000 2.2382496e-15
5445.5000 2.2487089e-15
5447.0000 2.2144698e-15
5448.5000 2.1232665e-15
5450.0000 2.1523483e-15
5451.5000 2.2362637e-15
5453.0000 2.2222660e-15
5454.5000 2.2216002e-15
5456.0000 2.1466702e-15
5457.5000 2.1710484e-15
5459.0000 2.1671491e-15
5460.5000 2.1989398e-15
5462.0000 2.2108576e-15
5463.5000 2.3131606e-15
5465.0000 2.2781643e-15
5466.5000 2.3197269e-15
5468.0000 2.2916132e-15
5469.5000 2.2457853e-15
5471.0000 2.2456125e-15
5472.5000 2.2127355e-15
5474.0000 2.1795205e-15
5475.5000 2.1873383e-15
5477.0000 2.1437149e-15
5478.5000 2.1187776e-15
5480.0000 2.0895953e-15
5481.5000 2.1668975e-15
5483.0000 2.2161177e-15
5484.5000 2.2110177e-15
5486.0000 2.2355789e-15
5487.5000 2.2305310e-15
5489.0000 2.2161406e-15
5490.5000 2.2141395e-15
5492.0000 2.1547916e-15
5493.5000 2.2358305e-15
5495.0000 2.2229966e-15
5496.5000 2.2018138e-15
5498.0000 2.1490728e-15
5499.5000 2.1696190e-15
5501.0000 2.1399845e-15
5502.5000 2.1251888e-15
5504.0000 2.1369085e-15
5505.5000 2.0970942e-15
5507.0000 2.0798298e-15
5508.5000 2.0764234e-15
5510.0000 2.1629283e-15
5511.5000 2.1427988e-15
5513.0000 2.0860314e-15
5514.5000 1.9928816e-15
5516.0000 2.0402938e-15
5517.5000 2.0981119e-15
5519.0000 2.1165477e-15
5520.5000 2.1530014e-15
5522.0000 2.1825877e-15
5523.5000 2.1944534e-15
5525.0000 2.1629918e-15
5526.5000 2.1834605e-15
5528.0000 2.2185763e-15
5529.5000 2.1618458e-15
5531.0000 2.1773657e-15
5532.5000 2.1696241e-15
5534.0000 2.1841466e-15
5535.5000 2.1698274e-15
5537.0000 2.1706088e-15
5538.5000 2.1300157e-15
5540.0000 2.0981691e-15
5541.5000 2.0947487e-15
5543.0000 2.1088875e-15
5544.5000 2.1033021e-15
5546.0000 2.1330790e-15
5547.5000 2.1487819e-15
5549.0000 2.1903876e-15
5550.5000 2.2426102e-15
5552.0000 2.2034693e-15
5553.5000 2.2348458e-15
5555.0000 2.2073903e-15
5556.5000 2.0909332e-15
5558.0000 2.1133040e-15
5559.5000 2.1681859e-15
5561.0000 2.1907751e-15
5562.5000 2.2305424e-15
5564.0000 2.1338019e-15
5565.5000 2.0916930e-15
5567.0000 2.0881469e-15
5568.5000 2.1599450e-15
5570.0000 2.1756834e-15
5571.5000 2.1599132e-15
5573.0000 2.1109497e-15
5574.5000 2.1381968e-15
5576.0000 2.1598078e-15
5577.5000 2.2090572e-15
5579.0000 2.2024770e-15
5580.5000 2.1427175e-15
5582.0000 2.1479801e-15
5583.5000 2.1300170e-15
5585.0000 2.0741606e-15
5586.5000 2.0453354e-15
5588.0000 2.0404412e-15
5589.5000 2.1220772e-15
5591.0000 2.1123447e-15
5592.5000 2.0921187e-15
5594.0000 2.0909282e-15
5595.5000 2.1319304e-15
5597.0000 2.1238598e-15
5598.5000 2.1364155e-15
5600.0000 2.1563938e-15
5601.5000 2.1678593e-15
5603.0000 2.1850602e-15
5604.5000 2.0995883e-15
5606.0000 2.1351208e-15
5607.5000 2.1573620e-15
5609.0000 2.1079422e-15
5610.5000 2.1064963e-15
5612.0000 2.1581230e-15
5613.5000 2.1049983e-15
5615.0000 2.0866819e-15
5616.5000 2.0639999e-15
5618.0000 2.0989429e-15
5619.5000 2.1599539e-15
5621.0000 2.1156228e-15
5622.5000 2.1215525e-15
5624.0000 2.0982872e-15
5625.5000 2.1087529e-15
5627.0000 2.1226058e-15
5628.5000 2.1423808e-15
5630.0000 2.1577812e-15
5631.5000 2.1797187e-15
5633.0000 2.1562146e-15
5634.5000 2.1161412e-15
5636.0000 2.1283385e-15
5637.5000 2.0863224e-15
5639.0000 2.1064049e-15
5640.5000 2.0473950e-15
5642.0000 2.0907884e-15
5643.5000 2.0807548e-15
5645.0000 2.0924859e-15
5646.5000 2.0689957e-15
5648.0000 2.1073514e-15
5649.5000 2.0796913e-15
5651.0000 2.1162771e-15
5652.5000 2.1536570e-15
5654.0000 2.1100603e-15
5655.5000 2.1217329e-15
5657.0000 2.1168057e-15
5658.5000 2.1028104e-15
5660.0000 2.1063413e-15
5661.5000 2.1389312e-15
5663.0000 2.2515486e-15
5664.5000 2.1379770e-15
5666.0000 2.1041852e-15
5667.5000 2.1886991e-15
5669.0000 2.1669051e-15
5670.5000 2.1423134e-15
5672.0000 2.1010240e-15
5673.5000 2.1313358e-15
5675.0000 2.0805045e-15
5676.5000 2.1018791e-15
5678.0000 2.0324671e-15
5679.5000 2.0652311e-15
5681.0000 2.1051953e-15
5682.5000 2.0925557e-15
5684.0000 2.0717147e-15
5685.5000 2.0707047e-15
5687.0000 2.0570639e-15
5688.5000 2.0684774e-15
5690.0000 2.1311198e-15
5691.5000 2.1055371e-15
5693.0000 2.0811779e-15
5694.5000 2.1122698e-15
5696.0000 2.0887517e-15
5697.5000 2.0837558e-15
5699.0000 2.0795846e-15
5700.5000 2.0102374e-15
5702.0000 1.9771114e-15
5703.5000 1.9815850e-15
5705.0000 2.0369090e-15
5706.5000 2.0626074e-15
5708.0000 2.1133320e-15
5709.5000 2.0557972e-15
5711.0000 2.0176143e-15
5712.5000 1.9938955e-15
5714.0000 2.0175444e-15
5715.5000 1.9924686e-15
5717.0000 2.0424576e-15
5718.5000 2.0940550e-15
5720.0000 2.1242194e-15
5721.5000 2.1973274e-15
5723.0000 2.1228002e-15
5724.5000 2.1428814e-15
5726.0000 2.1126497e-15
5727.5000 2.0839858e-15
5729.0000 1.9778788e-15
5730.5000 1.9668706e-15
5732.0000 2.0161620e-15
5733.5000 2.0857316e-15
5735.0000 2.0684786e-15
5736.5000 2.0404247e-15
5738.0000 2.0614537e-15
5739.5000 2.0120899e-15
5741.0000 2.1006175e-15
5742.5000 2.1086347e-15
5744.0000 2.0737985e-15
5745.5000 2.1210544e-15
5747.0000 2.1317170e-15
5748.5000 2.0963928e-15
5750.0000 2.0987624e-15
5751.5000 2.0816264e-15
5753.0000 2.0250598e-15
5754.5000 2.0755645e-15
5756.0000 2.1014179e-15
5757.5000 2.0986265e-15
5759.0000 2.0984168e-15
5760.5000 2.0237104e-15
5762.0000 2.0865574e-15
5763.5000 2.0598299e-15
5765.0000 2.1003659e-15
5766.5000 2.1125811e-15
5768.0000 2.1061927e-15
5769.5000 2.1071583e-15
5771.0000 2.1012718e-15
5772.5000 2.0446848e-15
5774.0000 2.0275920e-15
5775.5000 2.0525445e-15
5777.0000 2.0578606e-15
5778.5000 2.0950537e-15
5780.0000 2.1023467e-15
5781.5000 2.0897897e-15
5783.0000 2.0721518e-15
5784.5000 2.0692067e-15
5786.0000 2.1067860e-15
5787.5000 2.1133332e-15
5789.0000 2.1225397e-15
5790.5000 2.1294236e-15
5792.0000 2.1426755e-15
5793.5000 2.1369326e-15
5795.0000 2.1419310e-15
5796.5000 2.1299776e-15
5798.0000 2.0974703e-15
5799.5000 2.0898952e-15
5801.0000 2.0821435e-15
5802.5000 2.0879563e-15
5804.0000 2.0734732e-15
5805.5000 2.0637687e-15
5807.0000 2.0988247e-15
5808.5000 2.0921034e-15
5810.0000 2.0906702e-15
5811.5000 2.1721830e-15
5813.0000 2.0870339e-15
5814.5000 2.0914237e-15
5816.0000 2.0226597e-15
5817.5000 2.0387361e-15
5819.0000 2.0289032e-15
5820.5000 2.0640711e-15
5822.0000 2.0093353e-15
5823.5000 2.0336094e-15
5825.0000 1.9717890e-15
5826.5000 1.9491806e-15
5828.0000 1.9978876e-15
5829.5000 2.0776673e-15
5831.0000 2.0335611e-15
5832.5000 2.0826378e-15
5834.0000 2.1009097e-15
5835.5000 2.1291021e-15
5837.0000 2.1501642e-15
5838.5000 2.1035550e-15
5840.0000 2.0887314e-15
5841.5000 2.1002388e-15
5843.0000 2.1658582e-15
5844.5000 2.0632185e-15
5846.0000 2.0473238e-15
5847.5000 2.0618997e-15
5849.0000 2.0882829e-15
5850.5000 2.1399273e-15
5852.0000 2.1249195e-15
5853.5000 2.1169581e-15
5855.0000 2.0601082e-15
5856.5000 2.1173774e-15
5858.0000 2.1006695e-15
5859.5000 2.0570055e-15
5861.0000 2.0516310e-15
5862.5000 2.1114045e-15
5864.0000 2.1000381e-15
5865.5000 2.0943409e-15
5867.0000 2.0737997e-15
5868.5000 2.0911467e-15
5870.0000 2.0355533e-15
5871.5000 2.0570652e-15
5873.0000 2.0728659e-15
5874.5000 2.0624816e-15
5876.0000 2.0402442e-15
5877.5000 2.0334404e-15
5879.0000 1.9948230e-15
5880.5000 2.0628157e-15
5882.0000 2.0760779e-15
5883.5000 2.0838753e-15
5885.0000 2.0446620e-15
5886.5000 2.0407093e-15
5888.0000 2.0211693e-15
5889.5000 1.9705044e-15
5891.0000 2.0698851e-15
5892.5000 1.9881500e-15
5894.0000 1.9863610e-15
5895.5000 2.0023523e-15
5897.0000 2.0181555e-15
5898.5000 1.9304691e-15
5900.0000 1.9561293e-15
5901.5000 1.9734814e-15
5903.0000 1.9686609e-15
5904.5000 2.0115702e-15
5906.0000 2.0419760e-15
5907.5000 2.0586178e-15
5909.0000 2.0150643e-15
5910.5000 2.0487252e-15
5912.0000 2.0432161e-15
5913.5000 2.0212023e-15
5915.0000 2.0124088e-15
5916.5000 2.0501140e-15
5918.0000 2.0594602e-15
5919.5000 2.0616900e-15
5921.0000 2.0018682e-15
5922.5000 2.0249594e-15
5924.0000 2.0584412e-15
5925.5000 2.1086919e-15
5927.0000 2.0769698e-15
5928.5000 2.0710210e-15
5930.0000 2.1221052e-15
5931.5000 2.0635387e-15
5933.0000 2.0785288e-15
5934.5000 2.0721251e-15
5936.0000 2.0473009e-15
5937.5000 2.0887161e-15
5939.0000 2.1108480e-15
5940.5000 2.0616163e-15
5942.0000 2.1394674e-15
5943.5000 2.0297913e-15
5945.0000 2.1439334e-15
5946.5000 2.1527701e-15
5948.0000 2.1343343e-15
5949.5000 2.1079549e-15
5951.0000 2.1366569e-15
5952.5000 2.1072396e-15
5954.0000 2.0595479e-15
5955.5000 2.0588046e-15
5957.0000 2.1083488e-15
5958.5000 2.1033136e-15
5960.0000 2.1557229e-15
5961.5000 2.1342848e-15
5963.0000 2.1036236e-15
5964.5000 2.1202997e-15
5966.0000 2.1154957e-15
5967.5000 2.0986023e-15
5969.0000 2.1088342e-15
5970.5000 2.1312532e-15
5972.0000 2.0982974e-15
5973.5000 2.1047341e-15
5975.0000 2.0869831e-15
5976.5000 2.0891189e-15
5978.0000 2.0712180e-15
5979.5000 2.1046794e-15
5981.0000 2.1696648e-15
5982.5000 2.1633806e-15
5984.0000 2.1610440e-15
5985.5000 2.1374472e-15
5987.0000 2.1474262e-15
5988.5000 2.2407552e-15
5990.0000 2.1940227e-15
5991.5000 2.1800923e-15
5993.0000 2.2412266e-15
5994.5000 2.2485272e-15
5996.0000 2.2188329e-15
5997.5000 2.2027006e-15
5999.0000 2.1885326e-15
6000.5000 2.2060447e-15
6002.0000 2.1850017e-15
6003.5000 2.1726188e-15
6005.0000 2.2187415e-15
6006.5000 2.0974144e-15
6008.0000 1.9746706e-15
6009.5000 1.9044417e-15
6011.0000 1.9162795e-15
6012.5000 1.9761648e-15
6014.0000 1.9440895e-15
6015.5000 1.8648891e-15
6017.0000 1.9119621e-15
6018.5000 2.0199724e-15
6020.0000 2.0472908e-15
6021.5000 2.0441487e-15
6023.0000 2.0816150e-15
6024.5000 2.0826047e-15
6026.0000 2.0259479e-15
6027.5000 2.0772722e-15
6029.0000 2.0878305e-15
6030.5000 2.0997370e-15
6032.0000 2.0607714e-15
6033.5000 1.9684093e-15
6035.0000 2.0182407e-15
6036.5000 2.0210143e-15
6038.0000 2.0456428e-15
6039.5000 2.0466923e-15
6041.0000 2.1082942e-15
6042.5000 2.0497201e-15
6044.0000 2.0382647e-15
6045.5000 2.0610115e-15
6047.0000 2.0682144e-15
6048.5000 1.9849901e-15
6050.0000 2.0035377e-15
6051.5000 2.0258323e-15
6053.0000 2.0417016e-15
6054.5000 2.0541810e-15
6056.0000 2.0145243e-15
6057.5000 2.0421158e-15
6059.0000 2.0576941e-15
6060.5000 2.0607435e-15
6062.0000 2.0050484e-15
6063.5000 2.0514010e-15
6065.0000 2.0483136e-15
6066.5000 2.0564718e-15
6068.0000 2.0786901e-15
6069.5000 2.0109388e-15
6071.0000 2.0117519e-15
6072.5000 2.0107075e-15
6074.0000 2.0214361e-15
6075.5000 1.9899999e-15
6077.0000 1.9914141e-15
6078.5000 2.0157059e-15
6080.0000 2.0031960e-15
6081.5000 1.9798609e-15
6083.0000 1.9756286e-15
6084.5000 2.0675905e-15
6086.0000 1.9830131e-15
6087.5000 1.9858249e-15
6089.0000 2.0225021e-15
6090.5000 2.0056177e-15
6092.0000 2.0171505e-15
6093.5000 2.0016484e-15
6095.0000 2.0023180e-15
6096.5000 2.0181339e-15
6098.0000 1.9948255e-15
6099.5000 1.9808557e-15
6101.0000 2.0041591e-15
6102.5000 1.9542883e-15
6104.0000 2.0024311e-15
6105.5000 1.9632013e-15
6107.0000 1.9483370e-15
6108.5000 1.9939082e-15
6110.0000 1.9752093e-15
6111.5000 2.0006040e-15
6113.0000 1.9824032e-15
6114.5000 1.9977376e-15
6116.0000 1.9961749e-15
6117.5000 1.9764113e-15
6119.0000 1.9585802e-15
6120.5000 1.9630361e-15
6122.0000 1.9669634e-15
6123.5000 1.9903341e-15
6125.0000 1.9481007e-15
6126.5000 1.9611595e-15
6128.0000 1.9541409e-15
6129.5000 1.9574164e-15
6131.0000 1.9423260e-15
6132.5000 1.9233336e-15
6134.0000 1.9321513e-15
6135.5000 1.8876512e-15
6137.0000 1.9241709e-15
6138.5000 1.9208586e-15
6140.0000 1.9069510e-15
6141.5000 1.9258125e-15
6143.0000 1.8698443e-15
6144.5000 1.9306876e-15
6146.0000 1.9617325e-15
6147.5000 1.9308820e-15
6149.0000 1.9515629e-15
6150.5000 1.9406361e-15
6152.0000 1.9920239e-15
6153.5000 1.9578967e-15
6155.0000 1.9747456e-15
6156.5000 1.9752551e-15
6158.0000 1.9447362e-15
6159.5000 1.9772575e-15
6161.0000 1.9961583e-15
6162.5000 1.9754850e-15
6164.0000 1.9688578e-15
6165.5000 1.9869938e-15
6167.0000 1.9583770e-15
6168.5000 1.9830423e-15
6170.0000 1.9963667e-15
6171.5000 1.9790375e-15
6173.0000 1.9178283e-15
6174.5000 1.9664895e-15
6176.0000 1.9372869e-15
6177.5000 1.9296572e-15
6179.0000 1.9400212e-15
6180.5000 1.9808989e-15
6182.0000 1.9460017e-15
6183.5000 1.9674970e-15
6185.0000 1.9162045e-15
6186.5000 1.9549858e-15
6188.0000 1.8836515e-15
6189.5000 1.9432255e-15
6191.0000 1.9169351e-15
6192.5000 1.9274375e-15
6194.0000 1.9957505e-15
6195.5000 1.9645303e-15
6197.0000 1.9617401e-15
6198.5000 1.9866012e-15
6200.0000 1.9793044e-15
6201.5000 1.9751509e-15
6203.0000 1.9335502e-15
6204.5000 1.9011039e-15
6206.0000 1.9520470e-15
6207.5000 1.9469546e-15
6209.0000 1.9226018e-15
6210.5000 1.9465264e-15
6212.0000 1.9119138e-15
6213.5000 1.9605661e-15
6215.0000 1.9265647e-15
6216.5000 1.9414201e-15
6218.0000 1.9243348e-15
6219.5000 1.9336671e-15
6221.0000 1.9831859e-15
6222.5000 1.9464769e-15
6224.0000 1.9400898e-15
6225.5000 1.8798601e-15
6227.0000 1.8977128e-15
6228.5000 1.8804357e-15
6230.0000 1.9429219e-15
6231.5000 1.8807787e-15
6233.0000 1.9263131e-15
6234.5000 1.9580301e-15
6236.0000 1.9051074e-15
6237.5000 1.9646230e-15
6239.0000 1.9171701e-15
6240.5000 1.9224976e-15
6242.0000 1.9322669e-15
6243.5000 1.9069586e-15
6245.0000 1.8819184e-15
6246.5000 1.8675484e-15
6248.0000 1.8706676e-15
6249.5000 1.8953229e-15
6251.0000 1.9073576e-15
6252.5000 1.9220872e-15
6254.0000 1.8855345e-15
6255.5000 1.9594099e-15
6257.0000 1.9099457e-15
6258.5000 1.9243475e-15
6260.0000 1.8828015e-15
6261.5000 1.8083441e-15
6263.0000 1.8606937e-15
6264.5000 1.8657556e-15
6266.0000 1.8565479e-15
6267.5000 1.8863870e-15
6269.0000 1.9117575e-15
6270.5000 1.9474031e-15
6272.0000 1.8769823e-15
6273.5000 1.8378910e-15
6275.0000 1.7807729e-15
6276.5000 1.7529400e-15
6278.0000 1.7629482e-15
6279.5000 1.7764162e-15
6281.0000 1.8124938e-15
6282.5000 1.7841107e-15
6284.0000 1.8055806e-15
6285.5000 1.7911293e-15
6287.0000 1.7640447e-15
6288.5000 1.7512820e-15
6290.0000 1.7584035e-15
6291.5000 1.7775953e-15
6293.0000 1.7861029e-15
6294.5000 1.7311512e-15
6296.0000 1.7612432e-15
6297.5000 1.8253531e-15
6299.0000 1.7642900e-15
6300.5000 1.7918344e-15
6302.0000 1.8229390e-15
6303.5000 1.8330870e-15
6305.0000 1.8359635e-15
6306.5000 1.8391171e-15
6308.0000 1.8617178e-15
6309.5000 1.7867395e-15
6311.0000 1.8385631e-15
6312.5000 1.8257609e-15
6314.0000 1.8023458e-15
6315.5000 1.7673838e-15
6317.0000 1.7890888e-15
6318.5000 1.7892654e-15
6320.0000 1.8497237e-15
6321.5000 1.8452577e-15
6323.0000 1.8523716e-15
6324.5000 1.8391450e-15
6326.0000 1.8329663e-15
6327.5000 1.8311049e-15
6329.0000 1.8820557e-15
6330.5000 1.8684708e-15
6332.0000 1.8585071e-15
6333.5000 1.8322764e-15
6335.0000 1.8453898e-15
6336.5000 1.8372468e-15
6338.0000 1.8483680e-15
6339.5000 1.7975583e-15
6341.0000 1.7906744e-15
6342.5000 1.8185772e-15
6344.0000 1.8272831e-15
6345.5000 1.7738128e-15
6347.0000 1.8022492e-15
6348.5000 1.8218781e-15
6350.0000 1.7936971e-15
6351.5000 1.8181668e-15
6353.0000 1.8107137e-15
6354.5000 1.8189355e-15
6356.0000 1.7593513e-15
6357.5000 1.7331981e-15
6359.0000 1.7472378e-15
6360.5000 1.7941570e-15
6362.0000 1.8603469e-15
6363.5000 1.8338290e-15
6365.0000 1.8245958e-15
6366.5000 1.7699656e-15
6368.0000 1.7868119e-15
6369.5000 1.7606562e-15
6371.0000 1.7476139e-15
6372.5000 1.7554049e-15
6374.0000 1.7394556e-15
6375.5000 1.7778265e-15
6377.0000 1.7801732e-15
6378.5000 1.7822239e-15
6380.0000 1.7541255e-15
6381.5000 1.7840700e-15
6383.0000 1.7459621e-15
6384.5000 1.7670699e-15
6386.0000 1.8088549e-15
6387.5000 1.7779637e-15
6389.0000 1.7455365e-15
6390.5000 1.8379494e-15
6392.0000 1.8568160e-15
6393.5000 1.7851043e-15
6395.0000 1.8315382e-15
6396.5000 1.7970183e-15
6398.0000 1.8594143e-15
6399.5000 1.8335152e-15
6401.0000 1.8669068e-15
6402.5000 1.8331658e-15
6404.0000 1.8542533e-15
6405.5000 1.9348767e-15
6407.0000 1.8311392e-15
6408.5000 1.8135115e-15
6410.0000 1.8356129e-15
6411.5000 1.8723981e-15
6413.0000 1.8737068e-15
6414.5000 1.8710208e-15
6416.0000 1.9020759e-15
6417.5000 1.8935504e-15
6419.0000 1.8734057e-15
6420.5000 1.8235743e-15
6422.0000 1.8330616e-15
6423.5000 1.8124366e-15
6425.0000 1.8258105e-15
6426.5000 1.7701040e-15
6428.0000 1.8618995e-15
6429.5000 1.7967324e-15
6431.0000 1.8179775e-15
6432.5000 1.8012988e-15
6434.0000 1.8773520e-15
6435.5000 1.8643656e-15
6437.0000 1.8821878e-15
6438.5000 1.8901809e-15
6440.0000 1.8682891e-15
6441.5000 1.8260417e-15
6443.0000 1.8385377e-15
6444.5000 1.8626656e-15
6446.0000 1.7871130e-15
6447.5000 1.7796815e-15
6449.0000 1.8082831e-15
6450.5000 1.8585363e-15
6452.0000 1.8731300e-15
6453.5000 1.8459209e-15
6455.0000 1.8874454e-15
6456.5000 1.8802133e-15
6458.0000 1.8790546e-15
6459.5000 1.8805056e-15
6461.0000 1.8616339e-15
6462.5000 1.8526384e-15
6464.0000 1.8416963e-15
6465.5000 1.7941443e-15
6467.0000 1.7633993e-15
6468.5000 1.8424815e-15
6470.0000 1.8300211e-15
6471.5000 1.8109767e-15
6473.0000 1.8211158e-15
6474.5000 1.7885056e-15
6476.0000 1.8256275e-15
6477.5000 1.8730652e-15
6479.0000 1.8181223e-15
6480.5000 1.8744818e-15
6482.0000 1.9005258e-15
6483.5000 1.8278752e-15
6485.0000 1.8183701e-15
6486.5000 1.8697655e-15
6488.0000 1.8266961e-15
6489.5000 1.8042834e-15
6491.0000 1.7828071e-15
6492.5000 1.8349839e-15
6494.0000 1.8432985e-15
6495.5000 1.8841813e-15
6497.0000 1.8698265e-15
6498.5000 1.8751718e-15
6500.0000 1.8900805e-15
6501.5000 1.9493547e-15
6503.0000 1.8922341e-15
6504.5000 1.8848280e-15
6506.0000 1.9166873e-15
6507.5000 1.8535468e-15
6509.0000 1.8796695e-15
6510.5000 1.8507897e-15
6512.0000 1.8459743e-15
6513.5000 1.8354642e-15
6515.0000 1.7626802e-15
6516.5000 1.8233278e-15
6518.0000 1.8049060e-15
6519.5000 1.8205135e-15
6521.0000 1.8607407e-15
6522.5000 1.7957948e-15
6524.0000 1.7855299e-15
6525.5000 1.8401322e-15
6527.0000 1.8644902e-15
6528.5000 1.8148938e-15
6530.0000 1.8368872e-15
6531.5000 1.8320591e-15
6533.0000 1.7956271e-15
6534.5000 1.8750879e-15
6536.0000 1.8537006e-15
6537.5000 1.8334669e-15
6539.0000 1.8046023e-15
6540.5000 1.8301634e-15
6542.0000 1.7932270e-15
6543.5000 1.8224689e-15
6545.0000 1.8300758e-15
6546.5000 1.8427788e-15
6548.0000 1.8516245e-15
6549.5000 1.8549203e-15
6551.0000 1.8059847e-15
6552.5000 1.8067191e-15
6554.0000 1.8535100e-15
6555.5000 1.8208591e-15
6557.0000 1.8733231e-15
6558.5000 1.8194742e-15
6560.0000 1.8520704e-15
6561.5000 1.7741521e-15
6563.0000 1.8052681e-15
6564.5000 1.8286667e-15
6566.0000 1.8913384e-15
6567.5000 1.8727475e-15
6569.0000 1.8051791e-15
6570.5000 1.8428601e-15
6572.0000 1.8739253e-15
6573.5000 1.8100568e-15
6575.0000 1.8896943e-15
6576.5000 1.8864035e-15
6578.0000 1.8658789e-15
6579.5000 1.8897756e-15
6581.0000 1.7953145e-15
6582.5000 1.7943984e-15
6584.0000 1.8322904e-15
6585.5000 1.8477607e-15
6587.0000 1.8558986e-15
6588.5000 1.8527032e-15
6590.0000 1.8759989e-15
6591.5000 1.8612261e-15
6593.0000 1.9100626e-15
6594.5000 1.8639159e-15
6596.0000 1.8901237e-15
6597.5000 1.9285315e-15
6599.0000 1.9392487e-15
6600.5000 1.9368689e-15
6602.0000 1.8849055e-15
6603.5000 1.9273562e-15
6605.0000 1.9058736e-15
6606.5000 1.9520546e-15
6608.0000 1.9586984e-15
6609.5000 1.9833460e-15
6611.0000 1.9985330e-15
6612.5000 1.9741853e-15
6614.0000 1.9570187e-15
6615.5000 1.9365119e-15
6617.0000 1.9619053e-15
6618.5000 1.9487169e-15
6620.0000 1.9683534e-15
6621.5000 1.9519174e-15
6623.0000 1.9232117e-15
6624.5000 1.9150102e-15
6626.0000 1.8821802e-15
6627.5000 1.8219505e-15
6629.0000 1.8752899e-15
6630.5000 1.8812006e-15
6632.0000 1.8940015e-15
6633.5000 1.9378574e-15
6635.0000 2.0182508e-15
6636.5000 1.9585409e-15
6638.0000 2.0301585e-15
6639.5000 2.0717770e-15
6641.0000 2.0452134e-15
6642.5000 2.0024730e-15
6644.0000 2.0131190e-15
6645.5000 2.0451994e-15
6647.0000 2.0806608e-15
6648.5000 2.0525928e-15
6650.0000 2.0151901e-15
6651.5000 2.0171366e-15
6653.0000 2.0507581e-15
6654.5000 2.1330320e-15
6656.0000 2.1292673e-15
6657.5000 2.0984969e-15
6659.0000 2.1404521e-15
6660.5000 2.0975262e-15
6662.0000 2.1411534e-15
6663.5000 2.1460476e-15
6665.0000 2.1336800e-15
6666.5000 2.1104452e-15
6668.0000 2.1503675e-15
6669.5000 2.1573734e-15
6671.0000 2.1607404e-15
6672.5000 2.1958142e-15
6674.0000 2.2634410e-15
6675.5000 2.2560819e-15
6677.0000 2.2504889e-15
6678.5000 2.2499578e-15
6680.0000 2.2528166e-15
6681.5000 2.2979456e-15
6683.0000 2.2583169e-15
6684.5000 2.2043041e-15
6686.0000 2.2276455e-15
6687.5000 2.1721907e-15
6689.0000 2.1753175e-15
6690.5000 2.2227424e-15
6692.0000 2.2136287e-15
6693.5000 2.2227437e-15
6695.0000 2.1770582e-15
6696.5000 2.1178729e-15
6698.0000 2.2044324e-15
6699.5000 2.1999308e-15
6701.0000 2.2228098e-15
6702.5000 2.2611502e-15
6704.0000 2.2841143e-15
6705.5000 2.2568824e-15
6707.0000 2.2371138e-15
6708.5000 2.2021492e-15
6710.0000 2.2328498e-15
6711.5000 2.2333224e-15
6713.0000 2.2064907e-15
6714.5000 2.1936949e-15
6716.0000 2.2659135e-15
6717.5000 2.3373978e-15
6719.0000 2.2860532e-15
6720.5000 2.1625420e-15
6722.0000 2.0756446e-15
6723.5000 2.0237142e-15
6725.0000 1.9675885e-15
6726.5000 1.9427745e-15
6728.0000 1.9123789e-15
6729.5000 1.8750904e-15
6731.0000 1.9696011e-15
6732.5000 1.9384546e-15
6734.0000 1.9400059e-15
6735.5000 1.9691399e-15
6737.0000 1.9832202e-15
6738.5000 1.9252217e-15
6740.0000 1.8998715e-15
6741.5000 1.8686728e-15
6743.0000 1.8829362e-15
6744.5000 1.8751387e-15
6746.0000 1.8381311e-15
6747.5000 1.8972528e-15
6749.0000 1.8666476e-15
6750.5000 1.8836744e-15
6752.0000 1.9176034e-15
6753.5000 1.9076193e-15
6755.0000 1.9046018e-15
6756.5000 1.9007392e-15
6758.0000 1.8734108e-15
6759.5000 1.8365137e-15
6761.0000 1.8241384e-15
6762.5000 1.8492155e-15
6764.0000 1.7972292e-15
6765.5000 1.7905715e-15
6767.0000 1.7970704e-15
6768.5000 1.7956461e-15
6770.0000 1.7653229e-15
6771.5000 1.8198706e-15
6773.0000 1.8519205e-15
6774.5000 1.8637647e-15
6776.0000 1.7822620e-15
6777.5000 1.7847485e-15
6779.0000 1.7484867e-15
6780.5000 1.7274285e-15
6782.0000 1.7688030e-15
6783.5000 1.7899273e-15
6785.0000 1.7750414e-15
6786.5000 1.7748979e-15
6788.0000 1.7658489e-15
6789.5000 1.7736146e-15
6791.0000 1.7902183e-15
6792.5000 1.7952129e-15
6794.0000 1.7495540e-15
6795.5000 1.7438276e-15
6797.0000 1.7398927e-15
6798.5000 1.7173529e-15
6800.0000 1.7273408e-15
6801.5000 1.6926367e-15
6803.0000 1.6867896e-15
6804.5000 1.7348041e-15
6806.0000 1.7601581e-15
6807.5000 1.7665236e-15
6809.0000 1.7829736e-15
6810.5000 1.7913529e-15
6812.0000 1.7769918e-15
6813.5000 1.7315845e-15
6815.0000 1.7016208e-15
6816.5000 1.6707424e-15
6818.0000 1.7119086e-15
6819.5000 1.6917397e-15
6821.0000 1.6898758e-15
6822.5000 1.6828343e-15
6824.0000 1.7081490e-15
6825.5000 1.7410781e-15
6827.0000 1.7143862e-15
6828.5000 1.7314358e-15
6830.0000 1.7120267e-15
6831.5000 1.6447836e-15
6833.0000 1.6592311e-15
6834.5000 1.6005770e-15
6836.0000 1.6035781e-15
6837.5000 1.6091545e-15
6839.0000 1.5978034e-15
6840.5000 1.6136917e-15
6842.0000 1.6153968e-15
6843.5000 1.5958670e-15
6845.0000 1.6055461e-15
6846.5000 1.6102180e-15
6848.0000 1.5897645e-15
6849.5000 1.5629188e-15
6851.0000 1.5247563e-15
6852.5000 1.5275782e-15
6854.0000 1.5153783e-15
6855.5000 1.5322208e-15
6857.0000 1.5403905e-15
6858.5000 1.5682298e-15
6860.0000 1.5682590e-15
