4210.0 3.580683e-15
4211.0 3.982219e-15
4212.0 3.716830e-15
4213.0 2.582242e-15
4214.0 1.496308e-15
4215.0 1.648731e-15
4216.0 2.659910e-15
4217.0 3.719840e-15
4218.0 4.350270e-15
4219.0 4.169683e-15
4220.0 3.334500e-15
4221.0 2.157325e-15
4222.0 1.201145e-15
4223.0 7.848839e-16
4224.0 9.854943e-16
4225.0 1.693789e-15
4226.0 2.370389e-15
4227.0 2.734164e-15
4228.0 2.871194e-15
4229.0 3.014527e-15
4230.0 3.129268e-15
4231.0 3.163348e-15
4232.0 3.179366e-15
4233.0 3.165862e-15
4234.0 3.135454e-15
4235.0 3.097087e-15
4236.0 2.968332e-15
4237.0 2.697862e-15
4238.0 2.569773e-15
4239.0 2.863193e-15
4240.0 3.231993e-15
4241.0 3.308392e-15
4242.0 3.287980e-15
4243.0 3.296203e-15
4244.0 3.296866e-15
4245.0 3.317347e-15
4246.0 3.055530e-15
4247.0 2.627110e-15
4248.0 2.296185e-15
4249.0 2.273413e-15
4250.0 2.443142e-15
4251.0 2.260376e-15
4252.0 2.100873e-15
4253.0 1.890668e-15
4254.0 1.794511e-15
4255.0 2.000285e-15
4256.0 2.362461e-15
4257.0 2.658564e-15
4258.0 2.784904e-15
4259.0 2.473044e-15
4260.0 2.026017e-15
4261.0 1.986868e-15
4262.0 2.442197e-15
4263.0 3.163186e-15
4264.0 3.475131e-15
4265.0 2.871634e-15
4266.0 1.854502e-15
4267.0 1.299112e-15
4268.0 1.058243e-15
4269.0 7.931722e-16
4270.0 8.649520e-16
4271.0 1.824016e-15
4272.0 2.760523e-15
4273.0 2.887228e-15
4274.0 2.745133e-15
4275.0 2.967590e-15
4276.0 3.089060e-15
4277.0 2.622643e-15
4278.0 2.232988e-15
4279.0 2.419082e-15
4280.0 2.701839e-15
4281.0 2.556934e-15
4282.0 2.291752e-15
4283.0 2.364202e-15
4284.0 2.503694e-15
4285.0 2.673674e-15
4286.0 2.689611e-15
4287.0 2.484144e-15
4288.0 2.360744e-15
4289.0 2.240770e-15
4290.0 2.390375e-15
4291.0 2.685502e-15
4292.0 2.690451e-15
4293.0 2.310566e-15
4294.0 1.859367e-15
4295.0 1.678617e-15
4296.0 1.590707e-15
4297.0 1.453232e-15
4298.0 1.487995e-15
4299.0 1.708214e-15
4300.0 1.917912e-15
4301.0 1.867989e-15
4302.0 1.788218e-15
4303.0 2.264146e-15
4304.0 2.933256e-15
4305.0 3.191692e-15
4306.0 2.980969e-15
4307.0 2.248820e-15
4308.0 1.759726e-15
4309.0 1.969500e-15
4310.0 2.377674e-15
4311.0 2.170535e-15
4312.0 1.816656e-15
4313.0 1.588996e-15
4314.0 1.464318e-15
4315.0 1.621468e-15
4316.0 1.914556e-15
4317.0 2.115392e-15
4318.0 2.261811e-15
4319.0 2.265657e-15
4320.0 2.261678e-15
4321.0 2.262937e-15
4322.0 2.242158e-15
4323.0 2.152346e-15
4324.0 2.170879e-15
4325.0 2.433640e-15
4326.0 2.676611e-15
4327.0 2.392365e-15
4328.0 2.004223e-15
4329.0 2.083272e-15
4330.0 2.227501e-15
4331.0 2.129341e-15
4332.0 2.025546e-15
4333.0 2.203917e-15
4334.0 2.308960e-15
4335.0 2.430026e-15
4336.0 2.331855e-15
4337.0 2.258604e-15
4338.0 2.292909e-15
4339.0 2.249266e-15
4340.0 2.076252e-15
4341.0 1.848268e-15
4342.0 1.649997e-15
4343.0 1.585084e-15
4344.0 1.660710e-15
4345.0 1.991341e-15
4346.0 2.147756e-15
4347.0 1.814005e-15
4348.0 1.404562e-15
4349.0 1.247360e-15
4350.0 1.262249e-15
4351.0 1.413181e-15
4352.0 1.548470e-15
4353.0 1.621049e-15
4354.0 1.893894e-15
4355.0 2.256239e-15
4356.0 2.281732e-15
4357.0 1.643478e-15
4358.0 1.217698e-15
4359.0 1.390657e-15
4360.0 1.877602e-15
4361.0 2.181137e-15
4362.0 2.214349e-15
4363.0 2.159905e-15
4364.0 2.067935e-15
4365.0 1.929109e-15
4366.0 1.828531e-15
4367.0 1.711123e-15
4368.0 1.564515e-15
4369.0 1.641404e-15
4370.0 1.898184e-15
4371.0 2.165243e-15
4372.0 2.271380e-15
4373.0 2.095637e-15
4374.0 1.976678e-15
4375.0 2.156542e-15
4376.0 2.241266e-15
4377.0 1.875066e-15
4378.0 1.406556e-15
4379.0 1.266753e-15
4380.0 1.434128e-15
4381.0 1.808189e-15
4382.0 2.243584e-15
4383.0 2.400509e-15
4384.0 2.440372e-15
4385.0 2.316062e-15
4386.0 2.355813e-15
4387.0 2.551957e-15
4388.0 2.630557e-15
4389.0 2.501635e-15
4390.0 2.228512e-15
4391.0 1.886036e-15
4392.0 1.595079e-15
4393.0 1.453337e-15
4394.0 1.481688e-15
4395.0 1.476219e-15
4396.0 1.525659e-15
4397.0 1.436870e-15
4398.0 1.399503e-15
4399.0 1.593809e-15
4400.0 1.842046e-15
4401.0 1.963128e-15
4402.0 1.968801e-15
4403.0 1.891502e-15
4404.0 1.690491e-15
4405.0 1.602481e-15
4406.0 1.519866e-15
4407.0 1.467328e-15
4408.0 1.508939e-15
4409.0 1.646114e-15
4410.0 1.802370e-15
4411.0 1.975157e-15
4412.0 2.099708e-15
4413.0 2.137832e-15
4414.0 2.158338e-15
4415.0 2.144541e-15
4416.0 2.181027e-15
4417.0 2.178157e-15
4418.0 2.132673e-15
4419.0 2.103427e-15
4420.0 2.054984e-15
4421.0 2.158493e-15
4422.0 2.262226e-15
4423.0 2.204659e-15
4424.0 2.129913e-15
4425.0 2.113657e-15
4426.0 2.226803e-15
4427.0 2.379032e-15
4428.0 2.438248e-15
4429.0 2.456867e-15
4430.0 2.491850e-15
4431.0 2.513268e-15
4432.0 2.429032e-15
4433.0 2.090544e-15
4434.0 1.989199e-15
4435.0 2.113308e-15
4436.0 2.217710e-15
4437.0 2.103210e-15
4438.0 1.723627e-15
4439.0 1.242823e-15
4440.0 1.050906e-15
4441.0 1.388527e-15
4442.0 1.821192e-15
4443.0 1.934693e-15
4444.0 1.958920e-15
4445.0 2.070478e-15
4446.0 2.209394e-15
4447.0 2.362236e-15
4448.0 2.362348e-15
4449.0 2.100763e-15
4450.0 1.733504e-15
4451.0 1.399268e-15
4452.0 1.302195e-15
4453.0 1.481685e-15
4454.0 1.663571e-15
4455.0 1.700394e-15
4456.0 1.636377e-15
4457.0 1.413591e-15
4458.0 1.309417e-15
4459.0 1.681074e-15
4460.0 1.992427e-15
4461.0 2.031424e-15
4462.0 1.983686e-15
4463.0 1.864681e-15
4464.0 1.863173e-15
4465.0 2.010509e-15
4466.0 1.990747e-15
4467.0 1.663027e-15
4468.0 1.454515e-15
4469.0 1.646839e-15
4470.0 1.788669e-15
4471.0 1.559665e-15
4472.0 1.409285e-15
4473.0 1.690189e-15
4474.0 2.163264e-15
4475.0 2.364195e-15
4476.0 2.293140e-15
4477.0 2.206995e-15
4478.0 2.185694e-15
4479.0 2.340981e-15
4480.0 2.410498e-15
4481.0 2.238956e-15
4482.0 2.041705e-15
4483.0 2.002605e-15
4484.0 1.946005e-15
4485.0 1.610343e-15
4486.0 1.208663e-15
4487.0 1.092133e-15
4488.0 1.069235e-15
4489.0 1.005683e-15
4490.0 1.078439e-15
4491.0 1.466426e-15
4492.0 1.819094e-15
4493.0 1.924194e-15
4494.0 1.910542e-15
4495.0 1.854593e-15
4496.0 1.833522e-15
4497.0 1.881662e-15
4498.0 1.907563e-15
4499.0 1.843571e-15
4500.0 1.656544e-15
4501.0 1.417015e-15
4502.0 1.330511e-15
4503.0 1.465707e-15
4504.0 1.726139e-15
4505.0 1.798127e-15
4506.0 1.726184e-15
4507.0 1.699679e-15
4508.0 1.623231e-15
4509.0 1.369038e-15
4510.0 1.199509e-15
4511.0 1.354529e-15
4512.0 1.744588e-15
4513.0 2.160517e-15
4514.0 2.183311e-15
4515.0 1.822129e-15
4516.0 1.391526e-15
4517.0 1.361765e-15
4518.0 1.617318e-15
4519.0 1.923142e-15
4520.0 1.961110e-15
4521.0 1.661280e-15
4522.0 1.373021e-15
4523.0 1.410944e-15
4524.0 1.711521e-15
4525.0 1.936523e-15
4526.0 1.830258e-15
4527.0 1.519334e-15
4528.0 1.393131e-15
4529.0 1.659983e-15
4530.0 2.017474e-15
4531.0 1.849352e-15
4532.0 1.454918e-15
4533.0 1.373409e-15
4534.0 1.408088e-15
4535.0 1.331724e-15
4536.0 1.330340e-15
4537.0 1.628378e-15
4538.0 1.860846e-15
4539.0 1.800523e-15
4540.0 1.643109e-15
4541.0 1.532168e-15
4542.0 1.476337e-15
4543.0 1.484687e-15
4544.0 1.526214e-15
4545.0 1.560482e-15
4546.0 1.538407e-15
4547.0 1.411307e-15
4548.0 1.230971e-15
4549.0 1.118279e-15
4550.0 1.123332e-15
4551.0 1.268931e-15
4552.0 1.508323e-15
4553.0 1.649681e-15
4554.0 1.669612e-15
4555.0 1.573090e-15
4556.0 1.530276e-15
4557.0 1.733870e-15
4558.0 2.015341e-15
4559.0 2.126062e-15
4560.0 2.097460e-15
4561.0 1.943720e-15
4562.0 1.802465e-15
4563.0 1.725792e-15
4564.0 1.740375e-15
4565.0 1.757482e-15
4566.0 1.767926e-15
4567.0 1.787385e-15
4568.0 1.784756e-15
4569.0 1.798274e-15
4570.0 1.825453e-15
4571.0 1.803196e-15
4572.0 1.756898e-15
4573.0 1.688306e-15
4574.0 1.560813e-15
4575.0 1.445899e-15
4576.0 1.472722e-15
4577.0 1.719260e-15
4578.0 1.906603e-15
4579.0 1.757897e-15
4580.0 1.623700e-15
4581.0 1.554072e-15
4582.0 1.637140e-15
4583.0 1.669665e-15
4584.0 1.632915e-15
4585.0 1.439809e-15
4586.0 1.299046e-15
4587.0 1.481846e-15
4588.0 1.687987e-15
4589.0 1.606598e-15
4590.0 1.430271e-15
4591.0 1.382341e-15
4592.0 1.436025e-15
4593.0 1.496518e-15
4594.0 1.433948e-15
4595.0 1.295968e-15
4596.0 1.339815e-15
4597.0 1.470467e-15
4598.0 1.616450e-15
4599.0 1.804124e-15
4600.0 1.864950e-15
4601.0 1.773829e-15
4602.0 1.624987e-15
4603.0 1.480251e-15
4604.0 1.355752e-15
4605.0 1.305189e-15
4606.0 1.361761e-15
4607.0 1.419333e-15
4608.0 1.472040e-15
4609.0 1.565243e-15
4610.0 1.579336e-15
4611.0 1.576513e-15
4612.0 1.598552e-15
4613.0 1.580781e-15
4614.0 1.419955e-15
4615.0 1.481857e-15
4616.0 1.542187e-15
4617.0 1.484060e-15
4618.0 1.380485e-15
4619.0 1.305001e-15
4620.0 1.336849e-15
4621.0 1.475013e-15
4622.0 1.571828e-15
4623.0 1.529792e-15
4624.0 1.386436e-15
4625.0 1.251166e-15
4626.0 1.216389e-15
4627.0 1.302024e-15
4628.0 1.444253e-15
4629.0 1.451551e-15
4630.0 1.556019e-15
4631.0 1.691558e-15
4632.0 1.829074e-15
4633.0 1.795885e-15
4634.0 1.779647e-15
4635.0 1.762675e-15
4636.0 1.630675e-15
4637.0 1.533196e-15
4638.0 1.519226e-15
4639.0 1.502100e-15
4640.0 1.526603e-15
4641.0 1.607461e-15
4642.0 1.607392e-15
4643.0 1.537860e-15
4644.0 1.590484e-15
4645.0 1.778482e-15
4646.0 1.887582e-15
4647.0 1.772830e-15
4648.0 1.533645e-15
4649.0 1.308037e-15
4650.0 1.109183e-15
4651.0 1.173559e-15
4652.0 1.318527e-15
4653.0 1.339754e-15
4654.0 1.479276e-15
4655.0 1.848460e-15
4656.0 2.030090e-15
4657.0 1.758828e-15
4658.0 1.423427e-15
4659.0 1.377825e-15
4660.0 1.534303e-15
4661.0 1.677017e-15
4662.0 1.627797e-15
4663.0 1.467347e-15
4664.0 1.240273e-15
4665.0 9.911959e-16
4666.0 9.218452e-16
4667.0 1.196718e-15
4668.0 1.488070e-15
4669.0 1.546831e-15
4670.0 1.508018e-15
4671.0 1.542574e-15
4672.0 1.624377e-15
4673.0 1.598943e-15
4674.0 1.623431e-15
4675.0 1.730143e-15
4676.0 1.748633e-15
4677.0 1.593822e-15
4678.0 1.367456e-15
4679.0 1.290722e-15
4680.0 1.341423e-15
4681.0 1.523277e-15
4682.0 1.752708e-15
4683.0 1.801373e-15
4684.0 1.667269e-15
4685.0 1.573817e-15
4686.0 1.535800e-15
4687.0 1.412947e-15
4688.0 1.400707e-15
4689.0 1.562654e-15
4690.0 1.709831e-15
4691.0 1.699347e-15
4692.0 1.543253e-15
4693.0 1.365583e-15
4694.0 1.353127e-15
4695.0 1.531082e-15
4696.0 1.657680e-15
4697.0 1.597702e-15
4698.0 1.443346e-15
4699.0 1.344241e-15
4700.0 1.396886e-15
4701.0 1.460482e-15
4702.0 1.442137e-15
4703.0 1.426370e-15
4704.0 1.469570e-15
4705.0 1.546495e-15
4706.0 1.447520e-15
4707.0 1.432322e-15
4708.0 1.562527e-15
4709.0 1.688966e-15
4710.0 1.724191e-15
4711.0 1.671232e-15
4712.0 1.610743e-15
4713.0 1.580190e-15
4714.0 1.640882e-15
4715.0 1.873823e-15
4716.0 2.077424e-15
4717.0 2.005326e-15
4718.0 1.782334e-15
4719.0 1.579388e-15
4720.0 1.451703e-15
4721.0 1.496560e-15
4722.0 1.624216e-15
4723.0 1.692192e-15
4724.0 1.704196e-15
4725.0 1.695835e-15
4726.0 1.699385e-15
4727.0 1.755909e-15
4728.0 1.865174e-15
4729.0 1.814844e-15
4730.0 1.771263e-15
4731.0 1.876311e-15
4732.0 1.991930e-15
4733.0 1.916657e-15
4734.0 1.705304e-15
4735.0 1.566437e-15
4736.0 1.579592e-15
4737.0 1.640919e-15
4738.0 1.671846e-15
4739.0 1.727402e-15
4740.0 1.724833e-15
4741.0 1.644744e-15
4742.0 1.627174e-15
4743.0 1.630417e-15
4744.0 1.682661e-15
4745.0 1.759429e-15
4746.0 1.807065e-15
4747.0 1.718733e-15
4748.0 1.624205e-15
4749.0 1.730530e-15
4750.0 1.844450e-15
4751.0 1.794887e-15
4752.0 1.691265e-15
4753.0 1.709403e-15
4754.0 1.722623e-15
4755.0 1.625649e-15
4756.0 1.532153e-15
4757.0 1.498376e-15
4758.0 1.509473e-15
4759.0 1.608355e-15
4760.0 1.687623e-15
4761.0 1.610086e-15
4762.0 1.593033e-15
4763.0 1.751648e-15
4764.0 1.797082e-15
4765.0 1.755597e-15
4766.0 1.581904e-15
4767.0 1.492286e-15
4768.0 1.440241e-15
4769.0 1.460020e-15
4770.0 1.545469e-15
4771.0 1.516586e-15
4772.0 1.413721e-15
4773.0 1.415133e-15
4774.0 1.478125e-15
4775.0 1.473352e-15
4776.0 1.458770e-15
4777.0 1.520018e-15
4778.0 1.645315e-15
4779.0 1.777666e-15
4780.0 1.880673e-15
4781.0 1.948093e-15
4782.0 1.937745e-15
4783.0 1.865883e-15
4784.0 1.831641e-15
4785.0 1.716614e-15
4786.0 1.536607e-15
4787.0 1.464344e-15
4788.0 1.325956e-15
4789.0 1.252649e-15
4790.0 1.333495e-15
4791.0 1.523596e-15
4792.0 1.612867e-15
4793.0 1.538568e-15
4794.0 1.440615e-15
4795.0 1.320041e-15
4796.0 1.339242e-15
4797.0 1.377555e-15
4798.0 1.408230e-15
4799.0 1.274288e-15
4800.0 1.166121e-15
4801.0 1.329971e-15
4802.0 1.514168e-15
4803.0 1.443502e-15
4804.0 1.253722e-15
4805.0 1.116379e-15
4806.0 1.091672e-15
4807.0 1.202296e-15
4808.0 1.490353e-15
4809.0 1.719807e-15
4810.0 1.760886e-15
4811.0 1.613671e-15
4812.0 1.373358e-15
4813.0 1.198039e-15
4814.0 1.093150e-15
4815.0 1.019344e-15
4816.0 1.061998e-15
4817.0 1.097318e-15
4818.0 1.165714e-15
4819.0 1.320930e-15
4820.0 1.439618e-15
4821.0 1.466748e-15
4822.0 1.392051e-15
4823.0 1.241979e-15
4824.0 1.134884e-15
4825.0 1.123464e-15
4826.0 1.201929e-15
4827.0 1.378124e-15
4828.0 1.545808e-15
4829.0 1.620402e-15
4830.0 1.605988e-15
4831.0 1.473438e-15
4832.0 1.326622e-15
4833.0 1.257190e-15
4834.0 1.225853e-15
4835.0 1.215414e-15
4836.0 1.272166e-15
4837.0 1.422067e-15
4838.0 1.545553e-15
4839.0 1.420191e-15
4840.0 1.249201e-15
4841.0 1.250202e-15
4842.0 1.312060e-15
4843.0 1.386248e-15
4844.0 1.368084e-15
4845.0 1.189995e-15
4846.0 1.171176e-15
4847.0 1.136754e-15
4848.0 1.159351e-15
4849.0 1.158108e-15
4850.0 1.100791e-15
4851.0 1.075367e-15
4852.0 1.120054e-15
4853.0 1.231312e-15
4854.0 1.343075e-15
4855.0 1.348463e-15
4856.0 1.284277e-15
4857.0 1.283949e-15
4858.0 1.305455e-15
4859.0 1.327255e-15
4860.0 1.326948e-15
4861.0 1.251730e-15
4862.0 1.190790e-15
4863.0 1.224106e-15
4864.0 1.260989e-15
4865.0 1.277153e-15
4866.0 1.232415e-15
4867.0 9.861684e-16
4868.0 9.000687e-16
4869.0 1.009025e-15
4870.0 1.177246e-15
4871.0 1.271350e-15
4872.0 1.251787e-15
4873.0 1.233126e-15
4874.0 1.234288e-15
4875.0 1.118392e-15
4876.0 1.081784e-15
4877.0 1.138803e-15
4878.0 1.238554e-15
4879.0 1.231780e-15
4880.0 1.202204e-15
4881.0 1.268599e-15
4882.0 1.263302e-15
4883.0 1.095006e-15
4884.0 9.695051e-16
4885.0 8.953329e-16
4886.0 9.247171e-16
4887.0 1.100204e-15
4888.0 1.228173e-15
4889.0 1.202406e-15
4890.0 1.102617e-15
4891.0 1.010105e-15
4892.0 1.047195e-15
4893.0 1.191644e-15
4894.0 1.303668e-15
4895.0 1.293690e-15
4896.0 1.214454e-15
4897.0 1.186863e-15
4898.0 1.195061e-15
4899.0 1.212790e-15
4900.0 1.209430e-15
4901.0 1.141744e-15
4902.0 1.108454e-15
4903.0 1.025212e-15
4904.0 1.003563e-15
4905.0 1.022546e-15
4906.0 1.050197e-15
4907.0 1.035401e-15
4908.0 1.035476e-15
4909.0 1.166243e-15
4910.0 1.259867e-15
4911.0 1.174884e-15
4912.0 1.097998e-15
4913.0 1.099040e-15
4914.0 1.131587e-15
4915.0 1.227607e-15
4916.0 1.299134e-15
4917.0 1.241143e-15
4918.0 1.188648e-15
4919.0 1.204660e-15
4920.0 1.196971e-15
4921.0 1.211211e-15
4922.0 1.255126e-15
4923.0 1.311823e-15
4924.0 1.358103e-15
4925.0 1.363754e-15
4926.0 1.366625e-15
4927.0 1.432970e-15
4928.0 1.464340e-15
4929.0 1.424741e-15
4930.0 1.380997e-15
4931.0 1.354034e-15
4932.0 1.304428e-15
4933.0 1.255844e-15
4934.0 1.263020e-15
4935.0 1.291038e-15
4936.0 1.270957e-15
4937.0 1.262861e-15
4938.0 1.268017e-15
4939.0 1.203492e-15
4940.0 1.246191e-15
4941.0 1.461670e-15
4942.0 1.631234e-15
4943.0 1.637176e-15
4944.0 1.518336e-15
4945.0 1.378429e-15
4946.0 1.279124e-15
4947.0 1.325322e-15
4948.0 1.438957e-15
4949.0 1.394117e-15
4950.0 1.255863e-15
4951.0 1.255163e-15
4952.0 1.329797e-15
4953.0 1.370741e-15
4954.0 1.516894e-15
4955.0 1.574222e-15
4956.0 1.527351e-15
4957.0 1.507475e-15
4958.0 1.532485e-15
4959.0 1.596400e-15
4960.0 1.736247e-15
4961.0 1.839627e-15
4962.0 1.859501e-15
4963.0 1.800881e-15
4964.0 1.763964e-15
4965.0 1.755543e-15
4966.0 1.693320e-15
4967.0 1.603342e-15
4968.0 1.600055e-15
4969.0 1.650959e-15
4970.0 1.646502e-15
4971.0 1.572746e-15
4972.0 1.437512e-15
4973.0 1.343549e-15
4974.0 1.303744e-15
4975.0 1.234262e-15
4976.0 1.178516e-15
4977.0 1.217273e-15
4978.0 1.305621e-15
4979.0 1.371458e-15
4980.0 1.430584e-15
4981.0 1.474312e-15
4982.0 1.450874e-15
4983.0 1.332191e-15
4984.0 1.160621e-15
4985.0 1.051063e-15
4986.0 1.081080e-15
4987.0 1.163741e-15
4988.0 1.180342e-15
4989.0 1.120406e-15
4990.0 1.095225e-15
4991.0 1.171552e-15
4992.0 1.285563e-15
4993.0 1.310746e-15
4994.0 1.331608e-15
4995.0 1.314642e-15
4996.0 1.219822e-15
4997.0 1.108171e-15
4998.0 1.014745e-15
4999.0 9.123833e-16
5000.0 9.395124e-16
5001.0 1.026438e-15
5002.0 1.022367e-15
5003.0 9.782628e-16
5004.0 9.133908e-16
5005.0 9.084892e-16
5006.0 9.851954e-16
5007.0 9.261792e-16
5008.0 9.739229e-16
5009.0 1.099658e-15
5010.0 1.105623e-15
5011.0 1.032392e-15
5012.0 9.829904e-16
5013.0 9.889127e-16
5014.0 1.061773e-15
5015.0 1.092036e-15
5016.0 1.043848e-15
5017.0 9.569173e-16
5018.0 9.455317e-16
5019.0 1.069669e-15
5020.0 1.185516e-15
5021.0 1.156018e-15
5022.0 1.070211e-15
5023.0 9.846534e-16
5024.0 1.008331e-15
5025.0 1.145380e-15
5026.0 1.255313e-15
5027.0 1.239006e-15
5028.0 1.133571e-15
5029.0 1.020944e-15
5030.0 1.025421e-15
5031.0 1.044489e-15
5032.0 9.922326e-16
5033.0 9.500033e-16
5034.0 9.460348e-16
5035.0 9.025864e-16
5036.0 8.236791e-16
5037.0 8.011052e-16
5038.0 8.959750e-16
5039.0 1.003577e-15
5040.0 1.066232e-15
5041.0 1.077968e-15
5042.0 1.042450e-15
5043.0 9.595904e-16
5044.0 8.769178e-16
5045.0 9.340222e-16
5046.0 1.036490e-15
5047.0 1.049338e-15
5048.0 1.021767e-15
5049.0 1.010680e-15
5050.0 1.009793e-15
5051.0 1.031926e-15
5052.0 1.002350e-15
5053.0 9.771945e-16
5054.0 9.101488e-16
5055.0 8.455205e-16
5056.0 7.899238e-16
5057.0 7.456886e-16
5058.0 8.244430e-16
5059.0 8.850498e-16
5060.0 9.778809e-16
5061.0 1.043228e-15
5062.0 1.037652e-15
5063.0 8.609614e-16
5064.0 6.358138e-16
5065.0 6.561009e-16
5066.0 8.262723e-16
5067.0 9.243455e-16
5068.0 9.233948e-16
5069.0 9.268478e-16
5070.0 9.360852e-16
5071.0 9.899917e-16
5072.0 1.153883e-15
5073.0 1.142811e-15
5074.0 1.106983e-15
5075.0 1.036825e-15
5076.0 9.905764e-16
5077.0 9.327614e-16
5078.0 8.239172e-16
5079.0 8.365669e-16
5080.0 8.768676e-16
5081.0 8.611019e-16
5082.0 8.507344e-16
5083.0 9.104831e-16
5084.0 9.939856e-16
5085.0 1.011408e-15
5086.0 9.572554e-16
5087.0 9.512991e-16
5088.0 9.638810e-16
5089.0 1.019193e-15
5090.0 1.097998e-15
5091.0 1.108431e-15
5092.0 1.054113e-15
5093.0 1.027879e-15
5094.0 1.014581e-15
5095.0 9.606652e-16
5096.0 9.250082e-16
5097.0 9.687175e-16
5098.0 9.659806e-16
5099.0 8.212471e-16
5100.0 7.551812e-16
5101.0 9.236465e-16
5102.0 1.123475e-15
5103.0 1.205078e-15
5104.0 1.187717e-15
5105.0 1.085937e-15
5106.0 9.976620e-16
5107.0 1.057653e-15
5108.0 1.162145e-15
5109.0 1.146501e-15
5110.0 1.063129e-15
5111.0 9.513941e-16
5112.0 8.548488e-16
5113.0 8.778747e-16
5114.0 9.183028e-16
5115.0 8.862681e-16
5116.0 9.130012e-16
5117.0 1.012362e-15
5118.0 1.071740e-15
5119.0 1.097418e-15
5120.0 1.130693e-15
5121.0 1.139357e-15
5122.0 1.085583e-15
5123.0 9.608842e-16
5124.0 8.557038e-16
5125.0 8.641822e-16
5126.0 9.649753e-16
5127.0 1.061261e-15
5128.0 1.058705e-15
5129.0 1.021413e-15
5130.0 9.341885e-16
5131.0 8.187344e-16
5132.0 7.921205e-16
5133.0 8.209705e-16
5134.0 9.047129e-16
5135.0 8.785925e-16
5136.0 8.816825e-16
5137.0 9.886959e-16
5138.0 1.064922e-15
5139.0 1.059028e-15
5140.0 9.361938e-16
5141.0 8.551773e-16
5142.0 8.968458e-16
5143.0 9.646918e-16
5144.0 9.946745e-16
5145.0 1.038451e-15
5146.0 1.065816e-15
5147.0 9.456659e-16
5148.0 8.881232e-16
5149.0 8.807198e-16
5150.0 8.464195e-16
5151.0 8.495059e-16
5152.0 8.936992e-16
5153.0 8.854264e-16
5154.0 8.828309e-16
5155.0 8.095468e-16
5156.0 7.588200e-16
5157.0 8.590869e-16
5158.0 9.543333e-16
5159.0 9.160969e-16
5160.0 8.334311e-16
5161.0 8.129824e-16
5162.0 8.692993e-16
5163.0 9.645493e-16
5164.0 1.013445e-15
5165.0 1.001534e-15
5166.0 9.999604e-16
5167.0 9.513078e-16
5168.0 9.531159e-16
5169.0 9.687598e-16
5170.0 8.864668e-16
5171.0 8.023707e-16
5172.0 7.100402e-16
5173.0 7.064617e-16
5174.0 8.248821e-16
5175.0 9.778153e-16
5176.0 1.032723e-15
5177.0 9.751118e-16
5178.0 8.966631e-16
5179.0 7.408770e-16
5180.0 6.543099e-16
5181.0 6.971666e-16
5182.0 7.843190e-16
5183.0 8.824298e-16
5184.0 9.131423e-16
5185.0 8.932314e-16
5186.0 7.848218e-16
5187.0 7.323191e-16
5188.0 7.849510e-16
5189.0 8.088019e-16
5190.0 7.789868e-16
5191.0 7.072037e-16
5192.0 6.883343e-16
5193.0 7.348598e-16
5194.0 8.001541e-16
5195.0 8.438891e-16
5196.0 8.004483e-16
5197.0 7.589719e-16
5198.0 7.560909e-16
5199.0 7.095477e-16
5200.0 6.540511e-16
5201.0 7.026882e-16
5202.0 8.150376e-16
5203.0 9.109850e-16
5204.0 9.041853e-16
5205.0 7.924226e-16
5206.0 6.904951e-16
5207.0 6.904003e-16
5208.0 7.782745e-16
5209.0 8.860101e-16
5210.0 9.546610e-16
5211.0 9.073465e-16
5212.0 8.028153e-16
5213.0 7.399304e-16
5214.0 6.982283e-16
5215.0 6.460822e-16
5216.0 6.562558e-16
5217.0 7.097063e-16
5218.0 7.891510e-16
5219.0 8.817488e-16
5220.0 8.808410e-16
5221.0 8.640876e-16
5222.0 8.782667e-16
5223.0 8.833381e-16
5224.0 8.194682e-16
5225.0 7.040644e-16
5226.0 6.096496e-16
5227.0 5.818921e-16
5228.0 6.289954e-16
5229.0 7.024709e-16
5230.0 7.478698e-16
5231.0 7.674532e-16
5232.0 8.255711e-16
5233.0 9.201290e-16
5234.0 9.740696e-16
5235.0 9.743908e-16
5236.0 9.390496e-16
5237.0 8.627358e-16
5238.0 7.971584e-16
5239.0 7.152514e-16
5240.0 6.511866e-16
5241.0 6.615760e-16
5242.0 7.216801e-16
5243.0 7.816222e-16
5244.0 8.475792e-16
5245.0 8.711110e-16
5246.0 8.442638e-16
5247.0 7.909082e-16
5248.0 7.652693e-16
5249.0 8.010627e-16
5250.0 7.921058e-16
5251.0 7.436967e-16
5252.0 7.258529e-16
5253.0 7.707719e-16
5254.0 7.940067e-16
5255.0 7.410039e-16
5256.0 7.677347e-16
5257.0 8.878976e-16
5258.0 9.514451e-16
5259.0 9.021559e-16
5260.0 8.719420e-16
5261.0 9.261431e-16
5262.0 9.793505e-16
5263.0 9.261037e-16
5264.0 8.376530e-16
5265.0 7.804648e-16
5266.0 7.172317e-16
5267.0 6.453438e-16
5268.0 6.202626e-16
5269.0 5.923439e-16
5270.0 6.049613e-16
5271.0 6.835908e-16
5272.0 7.315027e-16
5273.0 7.836374e-16
5274.0 8.297810e-16
5275.0 8.480803e-16
5276.0 8.494675e-16
5277.0 8.508713e-16
5278.0 8.385632e-16
5279.0 8.689325e-16
5280.0 8.280475e-16
5281.0 7.612612e-16
5282.0 7.299929e-16
5283.0 6.992215e-16
5284.0 6.832755e-16
5285.0 6.902562e-16
5286.0 6.675211e-16
5287.0 6.619642e-16
5288.0 7.371223e-16
5289.0 8.320822e-16
5290.0 9.159243e-16
5291.0 9.478715e-16
5292.0 8.742532e-16
5293.0 6.959723e-16
5294.0 5.651865e-16
5295.0 5.895140e-16
5296.0 6.403012e-16
5297.0 6.978975e-16
5298.0 7.397520e-16
5299.0 7.212071e-16
5300.0 7.165178e-16
5301.0 7.894710e-16
5302.0 8.015280e-16
5303.0 7.505479e-16
5304.0 7.529425e-16
5305.0 8.280755e-16
5306.0 8.700495e-16
5307.0 8.241327e-16
5308.0 7.238632e-16
5309.0 6.879843e-16
5310.0 7.127441e-16
5311.0 7.229758e-16
5312.0 7.884943e-16
5313.0 7.417392e-16
5314.0 6.829009e-16
5315.0 7.313524e-16
5316.0 7.866444e-16
5317.0 7.620048e-16
5318.0 6.961483e-16
5319.0 6.480550e-16
5320.0 6.388991e-16
5321.0 6.762284e-16
5322.0 7.003817e-16
5323.0 6.257001e-16
5324.0 5.957054e-16
5325.0 6.246940e-16
5326.0 6.257987e-16
5327.0 5.702199e-16
5328.0 4.773599e-16
5329.0 5.835243e-16
5330.0 6.408052e-16
5331.0 5.728926e-16
5332.0 5.724130e-16
5333.0 6.300726e-16
5334.0 6.799453e-16
5335.0 7.138511e-16
5336.0 7.223103e-16
5337.0 7.057361e-16
5338.0 6.974024e-16
5339.0 7.121304e-16
5340.0 7.380266e-16
5341.0 6.919178e-16
5342.0 6.485438e-16
5343.0 7.277332e-16
5344.0 8.072844e-16
5345.0 7.349934e-16
5346.0 6.357057e-16
5347.0 6.187259e-16
5348.0 6.212861e-16
5349.0 5.881229e-16
5350.0 5.875995e-16
5351.0 6.393018e-16
5352.0 6.951779e-16
5353.0 6.983341e-16
5354.0 6.693511e-16
5355.0 7.019413e-16
5356.0 6.853581e-16
5357.0 6.298109e-16
5358.0 5.724197e-16
5359.0 5.234458e-16
5360.0 5.294130e-16
5361.0 5.589078e-16
5362.0 6.426444e-16
5363.0 6.855275e-16
5364.0 6.412012e-16
5365.0 6.305840e-16
5366.0 6.188667e-16
5367.0 5.610085e-16
5368.0 5.497720e-16
5369.0 5.874392e-16
5370.0 5.598731e-16
5371.0 5.527070e-16
5372.0 6.006370e-16
5373.0 6.384289e-16
5374.0 6.273149e-16
5375.0 5.975395e-16
5376.0 5.806818e-16
5377.0 6.197152e-16
5378.0 7.022492e-16
5379.0 7.460008e-16
5380.0 6.992308e-16
5381.0 6.472918e-16
5382.0 6.300245e-16
5383.0 5.930680e-16
5384.0 5.583545e-16
5385.0 5.504924e-16
5386.0 5.054663e-16
5387.0 5.391929e-16
5388.0 6.199380e-16
5389.0 6.673340e-16
5390.0 6.696075e-16
5391.0 6.527889e-16
5392.0 6.520074e-16
5393.0 6.501023e-16
5394.0 6.281504e-16
5395.0 6.017868e-16
5396.0 5.988158e-16
5397.0 6.156530e-16
5398.0 6.104742e-16
5399.0 5.674277e-16
5400.0 5.687070e-16
5401.0 6.433472e-16
5402.0 5.824947e-16
5403.0 5.292437e-16
5404.0 5.635212e-16
5405.0 5.915540e-16
5406.0 5.973719e-16
5407.0 7.616060e-16
5408.0 8.632076e-16
5409.0 7.899057e-16
5410.0 7.195568e-16
5411.0 7.668340e-16
5412.0 7.686313e-16
5413.0 7.580786e-16
5414.0 7.283494e-16
5415.0 7.062534e-16
5416.0 7.163233e-16
5417.0 6.477446e-16
5418.0 6.207299e-16
5419.0 6.164305e-16
5420.0 5.948781e-16
5421.0 5.829108e-16
5422.0 5.435753e-16
5423.0 5.375392e-16
5424.0 4.928127e-16
5425.0 4.433943e-16
5426.0 4.848802e-16
5427.0 5.300924e-16
5428.0 5.977504e-16
5429.0 6.249627e-16
5430.0 5.927080e-16
5431.0 5.586406e-16
5432.0 5.788644e-16
5433.0 6.122798e-16
5434.0 6.161449e-16
5435.0 6.229056e-16
5436.0 6.553464e-16
5437.0 6.280907e-16
5438.0 5.903131e-16
5439.0 5.765961e-16
5440.0 5.747704e-16
5441.0 5.815003e-16
5442.0 5.883980e-16
5443.0 5.828238e-16
5444.0 5.786728e-16
5445.0 5.624185e-16
5446.0 5.281620e-16
5447.0 5.315329e-16
5448.0 5.834600e-16
5449.0 6.469915e-16
5450.0 6.789404e-16
5451.0 6.773927e-16
5452.0 6.565613e-16
5453.0 5.930811e-16
5454.0 5.703518e-16
5455.0 5.887256e-16
5456.0 5.428143e-16
5457.0 4.904321e-16
5458.0 4.888933e-16
5459.0 5.500838e-16
5460.0 5.697487e-16
5461.0 4.844443e-16
5462.0 4.592526e-16
5463.0 4.778579e-16
5464.0 4.633764e-16
5465.0 4.712450e-16
5466.0 5.586850e-16
5467.0 5.132583e-16
5468.0 4.662137e-16
5469.0 4.662454e-16
5470.0 4.620075e-16
5471.0 4.909281e-16
5472.0 5.273124e-16
5473.0 5.226982e-16
5474.0 5.107979e-16
5475.0 5.371642e-16
5476.0 5.506316e-16
5477.0 5.189319e-16
5478.0 4.571523e-16
5479.0 4.646575e-16
5480.0 5.607958e-16
5481.0 5.945054e-16
5482.0 5.399704e-16
5483.0 4.905464e-16
5484.0 4.708533e-16
5485.0 4.557429e-16
5486.0 4.940377e-16
5487.0 4.676396e-16
5488.0 4.207875e-16
5489.0 4.518226e-16
5490.0 5.313287e-16
5491.0 5.854457e-16
5492.0 5.429155e-16
5493.0 5.095151e-16
5494.0 5.410853e-16
5495.0 5.484013e-16
5496.0 5.851597e-16
5497.0 5.164374e-16
5498.0 4.407908e-16
5499.0 4.802908e-16
5500.0 4.829498e-16
5501.0 5.078370e-16
5502.0 5.618335e-16
5503.0 5.441357e-16
5504.0 4.557795e-16
5505.0 4.706649e-16
5506.0 5.057017e-16
5507.0 5.241345e-16
5508.0 5.448040e-16
5509.0 5.569041e-16
5510.0 5.185824e-16
5511.0 4.861210e-16
5512.0 4.676080e-16
5513.0 4.671843e-16
5514.0 5.068280e-16
5515.0 5.193312e-16
5516.0 5.494692e-16
5517.0 5.531813e-16
5518.0 4.844768e-16
5519.0 4.372076e-16
5520.0 4.887645e-16
5521.0 5.274392e-16
5522.0 5.261163e-16
5523.0 5.596626e-16
5524.0 5.679272e-16
5525.0 5.414727e-16
5526.0 5.426415e-16
5527.0 5.835327e-16
5528.0 5.924594e-16
5529.0 5.661115e-16
5530.0 5.299165e-16
5531.0 5.048401e-16
5532.0 5.070679e-16
5533.0 5.233388e-16
5534.0 5.220334e-16
5535.0 5.096415e-16
5536.0 4.986091e-16
5537.0 4.618290e-16
5538.0 3.955049e-16
5539.0 3.883498e-16
5540.0 4.500361e-16
5541.0 5.137344e-16
5542.0 5.204663e-16
5543.0 4.774445e-16
5544.0 4.376216e-16
5545.0 4.238597e-16
5546.0 4.319671e-16
5547.0 4.563381e-16
5548.0 4.722968e-16
5549.0 4.959654e-16
5550.0 5.013021e-16
5551.0 4.273448e-16
5552.0 3.623542e-16
5553.0 3.982926e-16
5554.0 4.692656e-16
5555.0 4.810575e-16
5556.0 4.694768e-16
5557.0 4.851872e-16
5558.0 5.241886e-16
5559.0 4.882866e-16
5560.0 3.842712e-16
5561.0 4.426368e-16
5562.0 4.239650e-16
5563.0 3.355054e-16
5564.0 3.345253e-16
5565.0 3.765184e-16
5566.0 4.655996e-16
5567.0 5.131729e-16
5568.0 4.979994e-16
5569.0 4.397030e-16
5570.0 3.523338e-16
5571.0 3.516143e-16
5572.0 4.094886e-16
5573.0 4.048508e-16
5574.0 3.133792e-16
5575.0 3.222612e-16
5576.0 3.969072e-16
5577.0 4.988722e-16
5578.0 5.851466e-16
5579.0 5.866914e-16
5580.0 5.561657e-16
5581.0 5.416705e-16
5582.0 5.117395e-16
5583.0 4.373556e-16
5584.0 4.103884e-16
5585.0 4.119350e-16
5586.0 4.255983e-16
5587.0 4.567778e-16
5588.0 4.547324e-16
5589.0 4.679087e-16
5590.0 4.794861e-16
5591.0 4.643385e-16
5592.0 4.625086e-16
5593.0 5.100386e-16
5594.0 5.042197e-16
5595.0 4.527156e-16
5596.0 4.367961e-16
5597.0 3.860914e-16
5598.0 3.597358e-16
5599.0 3.988525e-16
5600.0 4.274564e-16
5601.0 3.438102e-16
5602.0 3.069090e-16
5603.0 3.221715e-16
5604.0 3.420785e-16
5605.0 3.461349e-16
5606.0 3.243816e-16
5607.0 3.548955e-16
5608.0 3.994937e-16
5609.0 4.082590e-16
5610.0 4.166207e-16
5611.0 3.983026e-16
5612.0 3.966061e-16
5613.0 4.468160e-16
5614.0 5.039126e-16
5615.0 5.304089e-16
5616.0 5.355169e-16
5617.0 5.258674e-16
5618.0 5.027564e-16
5619.0 4.758329e-16
5620.0 4.558940e-16
5621.0 4.326517e-16
5622.0 3.948644e-16
5623.0 3.692720e-16
5624.0 4.327438e-16
5625.0 4.476405e-16
5626.0 3.915283e-16
5627.0 3.381784e-16
5628.0 2.931109e-16
5629.0 3.327538e-16
5630.0 4.323024e-16
5631.0 5.056102e-16
5632.0 4.974920e-16
5633.0 4.451637e-16
5634.0 4.082887e-16
5635.0 4.148212e-16
5636.0 4.404073e-16
5637.0 4.749871e-16
5638.0 4.654999e-16
5639.0 4.040393e-16
5640.0 3.628080e-16
5641.0 3.620794e-16
5642.0 4.133463e-16
5643.0 4.684031e-16
5644.0 4.767329e-16
5645.0 4.334836e-16
5646.0 3.859316e-16
5647.0 3.842998e-16
5648.0 4.048806e-16
5649.0 3.981530e-16
5650.0 3.730411e-16
5651.0 3.284977e-16
5652.0 3.157080e-16
5653.0 3.646663e-16
5654.0 4.055410e-16
5655.0 4.322380e-16
5656.0 4.747364e-16
5657.0 4.943899e-16
5658.0 4.425239e-16
5659.0 4.413694e-16
5660.0 4.861257e-16
5661.0 4.901299e-16
5662.0 4.254234e-16
5663.0 3.962353e-16
5664.0 4.227686e-16
5665.0 4.649200e-16
5666.0 4.672771e-16
5667.0 4.367202e-16
5668.0 3.714357e-16
5669.0 3.231258e-16
5670.0 3.229883e-16
5671.0 3.480209e-16
5672.0 3.964930e-16
5673.0 3.680246e-16
5674.0 3.045827e-16
5675.0 3.399026e-16
5676.0 3.746447e-16
5677.0 4.023308e-16
5678.0 4.424441e-16
5679.0 4.640037e-16
5680.0 4.654089e-16
5681.0 4.452355e-16
5682.0 4.282517e-16
5683.0 4.192454e-16
5684.0 3.800060e-16
5685.0 3.185770e-16
5686.0 2.887587e-16
5687.0 3.295421e-16
5688.0 4.054064e-16
5689.0 4.562118e-16
5690.0 4.942955e-16
5691.0 5.253153e-16
5692.0 5.156495e-16
5693.0 4.415751e-16
5694.0 4.037576e-16
5695.0 3.960216e-16
5696.0 3.670438e-16
5697.0 4.352633e-16
5698.0 4.439911e-16
5699.0 4.057610e-16
5700.0 4.239325e-16
5701.0 3.345834e-16
5702.0 3.355705e-16
5703.0 4.087650e-16
5704.0 4.056240e-16
5705.0 3.861762e-16
5706.0 3.678985e-16
5707.0 3.939797e-16
5708.0 4.328846e-16
5709.0 3.987631e-16
5710.0 3.903272e-16
5711.0 3.924424e-16
5712.0 3.652854e-16
5713.0 3.437405e-16
5714.0 3.466106e-16
5715.0 3.607673e-16
5716.0 3.792185e-16
5717.0 3.911778e-16
5718.0 3.441685e-16
5719.0 3.503804e-16
5720.0 3.855213e-16
5721.0 3.467340e-16
5722.0 3.064377e-16
5723.0 3.198899e-16
5724.0 3.572032e-16
5725.0 3.961404e-16
5726.0 4.807679e-16
5727.0 4.973098e-16
5728.0 4.742074e-16
5729.0 4.637178e-16
5730.0 4.267040e-16
5731.0 4.550404e-16
5732.0 4.956629e-16
5733.0 4.927188e-16
5734.0 4.927196e-16
5735.0 4.031354e-16
5736.0 3.431376e-16
5737.0 3.664732e-16
5738.0 3.456635e-16
5739.0 4.128682e-16
5740.0 4.508410e-16
5741.0 3.840982e-16
5742.0 3.565068e-16
5743.0 3.666258e-16
5744.0 3.872228e-16
5745.0 3.968664e-16
5746.0 3.857648e-16
5747.0 3.823950e-16
5748.0 4.025886e-16
5749.0 4.196789e-16
5750.0 4.076992e-16
5751.0 4.224590e-16
5752.0 4.188321e-16
5753.0 3.802201e-16
5754.0 3.592184e-16
5755.0 3.769458e-16
5756.0 4.111485e-16
5757.0 4.269514e-16
5758.0 4.196577e-16
5759.0 4.556818e-16
5760.0 4.617002e-16
5761.0 4.254133e-16
5762.0 4.122824e-16
5763.0 4.388252e-16
5764.0 4.434585e-16
5765.0 4.088070e-16
5766.0 3.969569e-16
5767.0 4.146744e-16
5768.0 4.470519e-16
5769.0 4.217074e-16
5770.0 3.663882e-16
5771.0 4.083308e-16
5772.0 4.253466e-16
5773.0 3.978096e-16
5774.0 4.153979e-16
5775.0 5.005497e-16
5776.0 5.210966e-16
5777.0 4.624958e-16
5778.0 4.133744e-16
5779.0 3.937995e-16
5780.0 4.050077e-16
5781.0 4.005493e-16
5782.0 3.705199e-16
5783.0 3.764602e-16
5784.0 4.026052e-16
5785.0 4.206909e-16
5786.0 4.041466e-16
5787.0 3.748288e-16
5788.0 3.750066e-16
5789.0 4.308253e-16
5790.0 4.699269e-16
5791.0 4.249234e-16
5792.0 4.075726e-16
5793.0 4.175326e-16
5794.0 3.940456e-16
5795.0 3.777556e-16
5796.0 4.290902e-16
5797.0 5.240460e-16
5798.0 5.701701e-16
5799.0 5.210500e-16
5800.0 5.025895e-16
5801.0 5.466700e-16
5802.0 5.641036e-16
5803.0 5.124905e-16
5804.0 4.818755e-16
5805.0 4.926938e-16
5806.0 5.003885e-16
5807.0 4.976341e-16
5808.0 4.862327e-16
5809.0 4.524111e-16
5810.0 4.217003e-16
5811.0 4.411527e-16
5812.0 4.373559e-16
5813.0 4.304646e-16
5814.0 4.691561e-16
5815.0 4.936246e-16
5816.0 4.710060e-16
5817.0 4.173437e-16
5818.0 3.837720e-16
5819.0 4.002905e-16
5820.0 4.000268e-16
5821.0 3.937198e-16
5822.0 4.179566e-16
5823.0 4.101160e-16
5824.0 4.183717e-16
5825.0 4.839375e-16
5826.0 5.516630e-16
5827.0 5.552133e-16
5828.0 5.302106e-16
5829.0 5.038188e-16
5830.0 4.827589e-16
5831.0 4.669488e-16
5832.0 4.554391e-16
5833.0 4.454098e-16
5834.0 4.487383e-16
5835.0 4.583283e-16
5836.0 4.860342e-16
5837.0 4.654414e-16
5838.0 3.749084e-16
5839.0 4.139129e-16
5840.0 4.515461e-16
5841.0 4.281211e-16
5842.0 4.692815e-16
5843.0 4.617012e-16
5844.0 4.269932e-16
5845.0 4.274187e-16
5846.0 4.466368e-16
5847.0 4.504029e-16
5848.0 4.337346e-16
5849.0 4.063516e-16
5850.0 4.046979e-16
5851.0 4.177313e-16
5852.0 4.617572e-16
5853.0 4.993841e-16
5854.0 4.364218e-16
5855.0 4.008265e-16
5856.0 4.483123e-16
5857.0 5.221654e-16
5858.0 5.207672e-16
5859.0 4.977937e-16
5860.0 4.862230e-16
5861.0 4.620909e-16
5862.0 4.068237e-16
5863.0 3.930552e-16
5864.0 4.316171e-16
5865.0 4.661545e-16
5866.0 4.711591e-16
5867.0 4.910245e-16
5868.0 4.826008e-16
5869.0 3.868099e-16
5870.0 3.701170e-16
5871.0 4.339696e-16
5872.0 4.571363e-16
5873.0 4.015388e-16
5874.0 3.867455e-16
5875.0 4.061992e-16
5876.0 4.058100e-16
5877.0 4.094752e-16
5878.0 4.341664e-16
5879.0 4.481623e-16
5880.0 4.459019e-16
5881.0 4.607571e-16
5882.0 4.639165e-16
5883.0 3.959503e-16
5884.0 3.133829e-16
5885.0 3.638886e-16
5886.0 3.915539e-16
5887.0 3.518119e-16
5888.0 3.565810e-16
5889.0 3.760032e-16
5890.0 4.016563e-16
5891.0 4.300380e-16
5892.0 4.091800e-16
5893.0 3.446533e-16
5894.0 2.813558e-16
5895.0 2.710000e-16
5896.0 3.317611e-16
5897.0 4.075528e-16
5898.0 4.189476e-16
5899.0 3.592553e-16
5900.0 3.336527e-16
5901.0 3.335323e-16
5902.0 3.419963e-16
5903.0 3.658935e-16
5904.0 3.822222e-16
5905.0 3.531340e-16
5906.0 3.151479e-16
5907.0 3.196816e-16
5908.0 3.374473e-16
5909.0 3.488594e-16
5910.0 3.550592e-16
5911.0 3.599947e-16
5912.0 3.707696e-16
5913.0 3.852844e-16
5914.0 3.730667e-16
5915.0 3.150058e-16
5916.0 2.625985e-16
5917.0 2.816563e-16
5918.0 3.472945e-16
5919.0 3.543018e-16
5920.0 3.628288e-16
5921.0 3.781735e-16
5922.0 3.755719e-16
5923.0 3.769506e-16
5924.0 3.972466e-16
5925.0 4.277539e-16
5926.0 4.325228e-16
5927.0 4.212472e-16
5928.0 4.029566e-16
5929.0 3.784550e-16
5930.0 3.487406e-16
5931.0 3.279953e-16
5932.0 3.192999e-16
5933.0 3.269473e-16
5934.0 3.699492e-16
5935.0 3.757320e-16
5936.0 3.461309e-16
5937.0 3.395439e-16
5938.0 3.187623e-16
5939.0 3.337367e-16
5940.0 3.761054e-16
5941.0 3.873459e-16
5942.0 4.066782e-16
5943.0 4.186963e-16
5944.0 3.934172e-16
5945.0 3.644390e-16
5946.0 3.510724e-16
5947.0 3.455688e-16
5948.0 3.443461e-16
5949.0 3.514431e-16
5950.0 3.576739e-16
5951.0 3.623049e-16
5952.0 3.747038e-16
5953.0 3.506542e-16
5954.0 3.559274e-16
5955.0 4.011425e-16
5956.0 3.975155e-16
5957.0 3.960831e-16
5958.0 4.207061e-16
5959.0 4.474669e-16
5960.0 4.395880e-16
5961.0 4.194267e-16
5962.0 4.088443e-16
5963.0 4.034439e-16
5964.0 3.935958e-16
5965.0 4.056377e-16
5966.0 4.381164e-16
5967.0 4.549599e-16
5968.0 4.238460e-16
5969.0 3.950111e-16
5970.0 3.833182e-16
5971.0 3.166733e-16
5972.0 3.068187e-16
5973.0 3.604684e-16
5974.0 3.883654e-16
5975.0 4.556535e-16
5976.0 5.169207e-16
5977.0 5.407966e-16
5978.0 5.686284e-16
5979.0 5.700278e-16
5980.0 5.399396e-16
5981.0 5.004715e-16
5982.0 4.793161e-16
5983.0 4.717518e-16
5984.0 4.714907e-16
5985.0 4.779593e-16
5986.0 4.535080e-16
5987.0 4.551445e-16
5988.0 4.751960e-16
5989.0 4.297481e-16
5990.0 4.388395e-16
5991.0 4.928349e-16
5992.0 5.178532e-16
5993.0 5.515977e-16
5994.0 5.824562e-16
5995.0 5.833849e-16
5996.0 5.525988e-16
5997.0 5.201792e-16
5998.0 5.006079e-16
5999.0 4.926915e-16
6000.0 4.964483e-16
6001.0 5.153078e-16
6002.0 5.483705e-16
6003.0 5.705290e-16
6004.0 5.139286e-16
6005.0 4.538126e-16
6006.0 4.427889e-16
6007.0 4.514268e-16
6008.0 4.865604e-16
6009.0 5.349758e-16
6010.0 5.612721e-16
6011.0 5.054231e-16
6012.0 4.408584e-16
6013.0 4.159615e-16
6014.0 4.075005e-16
6015.0 4.317623e-16
6016.0 4.746385e-16
6017.0 4.935030e-16
6018.0 4.794456e-16
6019.0 4.853426e-16
6020.0 5.045377e-16
6021.0 5.008856e-16
6022.0 4.604371e-16
6023.0 4.292147e-16
6024.0 4.181321e-16
6025.0 3.979065e-16
6026.0 4.220306e-16
6027.0 4.464032e-16
6028.0 4.309943e-16
6029.0 4.200572e-16
6030.0 4.065723e-16
6031.0 3.918213e-16
6032.0 3.899673e-16
6033.0 3.895225e-16
6034.0 3.807884e-16
6035.0 3.675716e-16
6036.0 3.676598e-16
6037.0 3.655034e-16
6038.0 3.515992e-16
6039.0 3.468923e-16
6040.0 3.872947e-16
6041.0 4.136873e-16
6042.0 3.930195e-16
6043.0 3.501213e-16
6044.0 3.348805e-16
6045.0 3.610260e-16
6046.0 4.057833e-16
6047.0 4.231450e-16
6048.0 4.184573e-16
6049.0 3.971317e-16
6050.0 3.660039e-16
6051.0 3.615586e-16
6052.0 3.855257e-16
6053.0 4.138082e-16
6054.0 4.040129e-16
6055.0 3.706660e-16
6056.0 3.574850e-16
6057.0 3.648243e-16
6058.0 3.996698e-16
6059.0 4.096408e-16
6060.0 3.876601e-16
6061.0 3.854973e-16
6062.0 3.834629e-16
6063.0 3.547067e-16
6064.0 3.358987e-16
6065.0 3.817457e-16
6066.0 4.173022e-16
6067.0 3.813158e-16
6068.0 3.482146e-16
6069.0 3.503756e-16
6070.0 3.683270e-16
6071.0 3.815380e-16
6072.0 3.956646e-16
6073.0 3.986210e-16
6074.0 3.824757e-16
6075.0 3.463307e-16
6076.0 3.466369e-16
6077.0 3.743166e-16
6078.0 3.836827e-16
6079.0 3.942143e-16
6080.0 4.288574e-16
6081.0 4.633171e-16
6082.0 4.490257e-16
6083.0 4.685399e-16
6084.0 4.764288e-16
6085.0 3.837432e-16
6086.0 3.093861e-16
6087.0 2.814929e-16
6088.0 2.751758e-16
6089.0 2.889998e-16
6090.0 3.243973e-16
6091.0 3.673577e-16
6092.0 3.986232e-16
6093.0 4.049718e-16
6094.0 3.859301e-16
6095.0 3.679176e-16
6096.0 3.927935e-16
6097.0 4.183053e-16
6098.0 4.011549e-16
6099.0 3.411499e-16
6100.0 2.860034e-16
6101.0 2.802874e-16
6102.0 3.077199e-16
6103.0 3.282924e-16
6104.0 3.372112e-16
6105.0 3.364816e-16
6106.0 3.409145e-16
6107.0 3.556544e-16
6108.0 3.624429e-16
6109.0 3.566847e-16
6110.0 3.676026e-16
6111.0 3.977162e-16
6112.0 3.961376e-16
6113.0 3.288633e-16
6114.0 3.158328e-16
6115.0 3.296415e-16
6116.0 2.976324e-16
6117.0 3.464140e-16
6118.0 3.773511e-16
6119.0 3.222797e-16
6120.0 2.743238e-16
6121.0 2.481303e-16
6122.0 2.570214e-16
6123.0 3.169913e-16
6124.0 3.954969e-16
6125.0 4.265623e-16
6126.0 4.024632e-16
6127.0 3.644184e-16
6128.0 3.316470e-16
6129.0 3.091403e-16
6130.0 2.984054e-16
6131.0 3.371594e-16
6132.0 3.730452e-16
6133.0 3.456345e-16
6134.0 3.002877e-16
6135.0 3.043026e-16
6136.0 3.259110e-16
6137.0 3.113567e-16
6138.0 3.163582e-16
6139.0 3.621153e-16
6140.0 3.911825e-16
6141.0 3.553157e-16
6142.0 3.220503e-16
6143.0 3.473689e-16
6144.0 3.934658e-16
6145.0 4.387736e-16
6146.0 4.601010e-16
6147.0 4.341117e-16
6148.0 3.856844e-16
6149.0 3.548844e-16
6150.0 3.451454e-16
6151.0 3.499384e-16
6152.0 3.663729e-16
6153.0 3.941586e-16
6154.0 4.248614e-16
6155.0 4.065391e-16
6156.0 3.610663e-16
6157.0 3.405618e-16
6158.0 3.447278e-16
6159.0 3.269794e-16
6160.0 2.995127e-16
6161.0 3.170238e-16
6162.0 3.525625e-16
6163.0 3.635170e-16
6164.0 3.444587e-16
6165.0 2.988231e-16
6166.0 2.694414e-16
6167.0 2.975152e-16
6168.0 3.452424e-16
6169.0 3.638485e-16
6170.0 3.625297e-16
6171.0 3.559823e-16
6172.0 3.501512e-16
6173.0 3.535439e-16
6174.0 3.603053e-16
6175.0 3.317117e-16
6176.0 3.053197e-16
6177.0 2.967703e-16
6178.0 2.787312e-16
6179.0 2.758650e-16
6180.0 2.950386e-16
6181.0 3.265042e-16
6182.0 3.301051e-16
6183.0 2.922416e-16
6184.0 2.656741e-16
6185.0 2.784457e-16
6186.0 3.194783e-16
6187.0 3.603990e-16
6188.0 3.804683e-16
6189.0 3.678956e-16
6190.0 3.485439e-16
6191.0 3.498593e-16
6192.0 3.293320e-16
6193.0 2.680400e-16
6194.0 2.237480e-16
6195.0 2.440628e-16
6196.0 2.796390e-16
6197.0 2.893339e-16
6198.0 2.875282e-16
6199.0 2.891516e-16
6200.0 2.955033e-16
6201.0 2.980454e-16
6202.0 2.924414e-16
6203.0 2.665725e-16
6204.0 2.550253e-16
6205.0 3.202066e-16
6206.0 3.560364e-16
6207.0 2.926386e-16
6208.0 2.272471e-16
6209.0 2.399096e-16
6210.0 2.860446e-16
6211.0 2.995571e-16
6212.0 2.879712e-16
6213.0 2.515507e-16
6214.0 2.177646e-16
6215.0 2.380745e-16
6216.0 2.670968e-16
6217.0 2.653027e-16
6218.0 2.462157e-16
6219.0 2.194808e-16
6220.0 1.963796e-16
6221.0 1.851739e-16
6222.0 1.866714e-16
6223.0 1.981301e-16
6224.0 2.273551e-16
6225.0 2.771801e-16
6226.0 3.022836e-16
6227.0 2.808749e-16
6228.0 2.724130e-16
6229.0 2.797075e-16
6230.0 2.792028e-16
6231.0 2.803246e-16
6232.0 3.072882e-16
6233.0 3.335145e-16
6234.0 3.343862e-16
6235.0 3.203792e-16
6236.0 3.026056e-16
6237.0 2.866614e-16
6238.0 2.795095e-16
6239.0 2.882351e-16
6240.0 3.000644e-16
6241.0 3.051344e-16
6242.0 3.140094e-16
6243.0 3.182157e-16
6244.0 3.031332e-16
6245.0 3.147505e-16
6246.0 3.137878e-16
6247.0 2.784047e-16
6248.0 2.756601e-16
6249.0 2.931400e-16
6250.0 2.925422e-16
6251.0 2.604694e-16
6252.0 2.401388e-16
6253.0 2.588801e-16
6254.0 2.674309e-16
6255.0 2.285621e-16
6256.0 1.897043e-16
6257.0 2.011973e-16
6258.0 2.344928e-16
6259.0 2.395193e-16
6260.0 2.288731e-16
6261.0 2.360446e-16
6262.0 2.609747e-16
6263.0 3.081199e-16
6264.0 3.613333e-16
6265.0 3.664417e-16
6266.0 3.371934e-16
6267.0 3.171488e-16
6268.0 3.056509e-16
6269.0 3.027580e-16
6270.0 3.030058e-16
6271.0 3.108296e-16
6272.0 3.273118e-16
6273.0 3.309969e-16
6274.0 3.059425e-16
6275.0 2.672682e-16
6276.0 2.459824e-16
6277.0 2.690648e-16
6278.0 2.823907e-16
6279.0 2.670773e-16
6280.0 2.607857e-16
6281.0 2.704432e-16
6282.0 2.822473e-16
6283.0 2.886713e-16
6284.0 2.955072e-16
6285.0 2.916889e-16
6286.0 2.717892e-16
6287.0 2.437241e-16
6288.0 2.434605e-16
6289.0 2.735532e-16
6290.0 2.894974e-16
6291.0 2.862731e-16
6292.0 2.873840e-16
6293.0 3.124484e-16
6294.0 3.370771e-16
6295.0 3.627062e-16
6296.0 3.672683e-16
6297.0 3.260705e-16
6298.0 2.560545e-16
6299.0 1.971792e-16
6300.0 1.877670e-16
6301.0 2.456485e-16
6302.0 3.167877e-16
6303.0 3.084245e-16
6304.0 2.873545e-16
6305.0 3.053814e-16
6306.0 3.432442e-16
6307.0 3.687818e-16
6308.0 3.664527e-16
6309.0 3.427377e-16
6310.0 3.326032e-16
6311.0 3.335996e-16
6312.0 3.201975e-16
6313.0 2.792249e-16
6314.0 2.559165e-16
6315.0 2.781603e-16
6316.0 3.016683e-16
6317.0 3.113133e-16
6318.0 3.240490e-16
6319.0 3.364178e-16
6320.0 3.043572e-16
6321.0 2.236973e-16
6322.0 1.916818e-16
6323.0 2.561952e-16
6324.0 3.311127e-16
6325.0 3.408939e-16
6326.0 3.435569e-16
6327.0 3.309714e-16
6328.0 2.804484e-16
6329.0 2.579275e-16
6330.0 2.485733e-16
6331.0 2.273756e-16
6332.0 2.194304e-16
6333.0 2.601700e-16
6334.0 3.252405e-16
6335.0 3.541426e-16
6336.0 3.722366e-16
6337.0 3.540751e-16
6338.0 2.922216e-16
6339.0 2.889604e-16
6340.0 3.362121e-16
6341.0 3.711054e-16
6342.0 3.601944e-16
6343.0 3.001716e-16
6344.0 2.516581e-16
6345.0 2.589737e-16
6346.0 2.818352e-16
6347.0 2.702641e-16
6348.0 2.426864e-16
6349.0 2.424412e-16
6350.0 2.636251e-16
6351.0 2.889354e-16
6352.0 2.698765e-16
6353.0 2.300996e-16
6354.0 2.596350e-16
6355.0 2.800035e-16
6356.0 2.761503e-16
6357.0 3.144513e-16
6358.0 3.284983e-16
6359.0 3.155359e-16
6360.0 3.022958e-16
6361.0 2.669072e-16
6362.0 2.339942e-16
6363.0 2.320579e-16
6364.0 2.430306e-16
6365.0 2.762805e-16
6366.0 3.073077e-16
6367.0 2.977549e-16
6368.0 2.725038e-16
6369.0 2.657480e-16
6370.0 2.789922e-16
6371.0 2.955711e-16
6372.0 3.012395e-16
6373.0 3.018006e-16
6374.0 3.152566e-16
6375.0 3.587008e-16
6376.0 4.000342e-16
6377.0 3.724255e-16
6378.0 3.133381e-16
6379.0 2.997035e-16
6380.0 2.707119e-16
6381.0 2.452881e-16
6382.0 2.785009e-16
6383.0 3.223035e-16
6384.0 3.464253e-16
6385.0 3.458372e-16
6386.0 3.074011e-16
6387.0 2.394701e-16
6388.0 1.963223e-16
6389.0 2.172779e-16
6390.0 2.668660e-16
6391.0 3.001194e-16
6392.0 3.108214e-16
6393.0 3.040010e-16
6394.0 2.980268e-16
6395.0 3.161724e-16
6396.0 3.500221e-16
6397.0 3.793391e-16
6398.0 3.845831e-16
6399.0 3.915278e-16
6400.0 4.025559e-16
6401.0 3.814879e-16
6402.0 3.507911e-16
6403.0 3.336486e-16
6404.0 3.303141e-16
6405.0 3.290511e-16
6406.0 2.957095e-16
6407.0 2.101905e-16
6408.0 1.551228e-16
6409.0 1.902085e-16
6410.0 2.675875e-16
6411.0 3.153338e-16
6412.0 3.117070e-16
6413.0 2.741261e-16
6414.0 2.651572e-16
6415.0 2.773531e-16
6416.0 2.791118e-16
6417.0 2.868821e-16
6418.0 2.924353e-16
6419.0 2.787311e-16
6420.0 2.669528e-16
6421.0 3.008423e-16
6422.0 3.393344e-16
6423.0 3.135810e-16
6424.0 2.673438e-16
6425.0 2.595893e-16
6426.0 2.923473e-16
6427.0 3.428093e-16
6428.0 3.640922e-16
6429.0 3.165962e-16
6430.0 2.680580e-16
6431.0 2.675606e-16
6432.0 2.765041e-16
6433.0 2.681030e-16
6434.0 2.625222e-16
6435.0 2.844016e-16
6436.0 3.086525e-16
6437.0 3.139888e-16
6438.0 3.080489e-16
6439.0 3.157339e-16
6440.0 3.134587e-16
6441.0 2.683202e-16
6442.0 2.334141e-16
6443.0 2.437851e-16
6444.0 2.654255e-16
6445.0 2.697256e-16
6446.0 2.816160e-16
6447.0 3.260747e-16
6448.0 3.688956e-16
6449.0 3.788742e-16
6450.0 3.605953e-16
6451.0 3.498501e-16
6452.0 3.380536e-16
6453.0 3.184286e-16
6454.0 3.407987e-16
6455.0 3.681280e-16
6456.0 3.416093e-16
6457.0 2.999171e-16
6458.0 2.550501e-16
6459.0 2.315837e-16
6460.0 2.956302e-16
6461.0 3.630794e-16
6462.0 3.588744e-16
6463.0 3.462260e-16
6464.0 3.454491e-16
6465.0 3.431955e-16
6466.0 3.214971e-16
6467.0 2.927429e-16
6468.0 2.665485e-16
6469.0 2.501081e-16
6470.0 2.446238e-16
6471.0 2.491833e-16
6472.0 2.608445e-16
6473.0 2.702681e-16
6474.0 2.737300e-16
6475.0 2.806454e-16
6476.0 3.052007e-16
6477.0 3.336501e-16
6478.0 3.164773e-16
6479.0 3.000808e-16
6480.0 3.132447e-16
6481.0 3.087651e-16
6482.0 2.952697e-16
6483.0 3.007707e-16
6484.0 3.249398e-16
6485.0 3.291566e-16
6486.0 3.278482e-16
6487.0 3.574741e-16
6488.0 3.697290e-16
6489.0 3.400038e-16
6490.0 3.012738e-16
6491.0 2.596350e-16
6492.0 2.504383e-16
6493.0 3.079681e-16
6494.0 3.932535e-16
6495.0 4.212246e-16
6496.0 3.618551e-16
6497.0 3.059395e-16
6498.0 2.972112e-16
6499.0 3.111307e-16
6500.0 3.075256e-16
6501.0 2.785466e-16
6502.0 2.713267e-16
6503.0 2.881281e-16
6504.0 3.074505e-16
6505.0 3.229681e-16
6506.0 3.461285e-16
6507.0 3.653814e-16
6508.0 3.737148e-16
6509.0 3.728079e-16
6510.0 3.623744e-16
6511.0 3.555886e-16
6512.0 3.236917e-16
6513.0 2.985537e-16
6514.0 3.235233e-16
6515.0 3.469328e-16
6516.0 3.415581e-16
6517.0 3.158011e-16
6518.0 2.844115e-16
6519.0 2.639078e-16
6520.0 2.647925e-16
6521.0 2.995694e-16
6522.0 3.276613e-16
6523.0 3.007484e-16
6524.0 2.932617e-16
6525.0 3.693235e-16
6526.0 4.423275e-16
6527.0 4.092626e-16
6528.0 3.361648e-16
6529.0 3.208031e-16
6530.0 3.512827e-16
6531.0 3.826537e-16
6532.0 3.869329e-16
6533.0 3.593533e-16
6534.0 3.182686e-16
6535.0 2.927598e-16
6536.0 3.169449e-16
6537.0 3.848622e-16
6538.0 4.174561e-16
6539.0 4.016863e-16
6540.0 3.733998e-16
6541.0 3.435258e-16
6542.0 3.433926e-16
6543.0 3.846397e-16
6544.0 4.076742e-16
6545.0 3.772644e-16
6546.0 3.614630e-16
6547.0 4.141065e-16
6548.0 4.354247e-16
6549.0 3.810539e-16
6550.0 3.524310e-16
6551.0 3.372583e-16
6552.0 3.176530e-16
6553.0 3.274052e-16
6554.0 3.507441e-16
6555.0 3.647377e-16
6556.0 3.687532e-16
6557.0 3.500712e-16
6558.0 3.355424e-16
6559.0 3.688157e-16
6560.0 4.171091e-16
6561.0 4.304485e-16
6562.0 4.100385e-16
6563.0 3.784275e-16
6564.0 3.478984e-16
6565.0 3.338849e-16
6566.0 3.579596e-16
6567.0 4.194292e-16
6568.0 4.620613e-16
6569.0 4.492509e-16
6570.0 4.041583e-16
6571.0 3.617289e-16
6572.0 3.477772e-16
6573.0 3.587032e-16
6574.0 3.499052e-16
6575.0 3.618014e-16
6576.0 4.085301e-16
6577.0 4.061405e-16
6578.0 3.870551e-16
6579.0 4.006458e-16
6580.0 4.030145e-16
6581.0 4.081245e-16
6582.0 4.256648e-16
6583.0 4.045305e-16
6584.0 3.647306e-16
6585.0 3.521106e-16
6586.0 3.530295e-16
6587.0 3.592390e-16
6588.0 3.636143e-16
6589.0 3.702164e-16
6590.0 3.836683e-16
6591.0 3.943635e-16
6592.0 3.846908e-16
6593.0 3.604560e-16
6594.0 3.602094e-16
6595.0 3.961556e-16
6596.0 4.531399e-16
6597.0 5.103049e-16
6598.0 5.422212e-16
6599.0 5.053062e-16
6600.0 4.179069e-16
6601.0 3.986173e-16
6602.0 4.260903e-16
6603.0 3.919974e-16
6604.0 3.600728e-16
6605.0 3.801699e-16
6606.0 4.006258e-16
6607.0 3.950163e-16
6608.0 4.039034e-16
6609.0 4.768557e-16
6610.0 5.402624e-16
6611.0 5.215470e-16
6612.0 4.635353e-16
6613.0 4.300967e-16
6614.0 4.319605e-16
6615.0 4.309816e-16
6616.0 4.416367e-16
6617.0 4.807273e-16
6618.0 5.121082e-16
6619.0 5.385725e-16
6620.0 5.538615e-16
6621.0 5.266501e-16
6622.0 5.062921e-16
6623.0 5.426633e-16
6624.0 5.814495e-16
6625.0 5.573689e-16
6626.0 4.932322e-16
6627.0 4.412689e-16
6628.0 4.220573e-16
6629.0 4.370920e-16
6630.0 4.759960e-16
6631.0 5.336070e-16
6632.0 5.617424e-16
6633.0 5.270974e-16
6634.0 5.075364e-16
6635.0 5.586388e-16
6636.0 6.288925e-16
6637.0 6.464492e-16
6638.0 6.105362e-16
6639.0 5.619001e-16
6640.0 5.412375e-16
6641.0 5.564092e-16
6642.0 5.860691e-16
6643.0 6.028762e-16
6644.0 5.972527e-16
6645.0 5.846954e-16
6646.0 5.791500e-16
6647.0 5.855877e-16
6648.0 6.021932e-16
6649.0 6.299837e-16
6650.0 6.670782e-16
6651.0 6.624626e-16
6652.0 6.254420e-16
6653.0 6.383698e-16
6654.0 6.555994e-16
6655.0 6.096652e-16
6656.0 5.862585e-16
6657.0 6.493656e-16
6658.0 7.366638e-16
6659.0 7.951213e-16
6660.0 8.242619e-16
6661.0 8.207223e-16
6662.0 7.693238e-16
6663.0 6.824067e-16
6664.0 6.684159e-16
6665.0 7.622931e-16
6666.0 8.449906e-16
6667.0 8.518385e-16
6668.0 8.388871e-16
6669.0 8.610367e-16
6670.0 8.817818e-16
6671.0 8.627111e-16
6672.0 8.353408e-16
6673.0 8.310201e-16
6674.0 8.246422e-16
6675.0 7.931543e-16
6676.0 7.780997e-16
6677.0 7.969285e-16
6678.0 8.344373e-16
6679.0 8.948696e-16
6680.0 9.441143e-16
6681.0 9.414882e-16
6682.0 9.306358e-16
6683.0 9.495198e-16
6684.0 9.630627e-16
6685.0 9.273687e-16
6686.0 8.764913e-16
6687.0 8.672345e-16
6688.0 9.003634e-16
6689.0 9.460134e-16
6690.0 9.644868e-16
6691.0 9.818523e-16
6692.0 1.005914e-15
6693.0 9.936679e-16
6694.0 9.687105e-16
6695.0 9.761922e-16
6696.0 1.034265e-15
6697.0 1.127652e-15
6698.0 1.186984e-15
6699.0 1.176466e-15
6700.0 1.137836e-15
6701.0 1.124453e-15
6702.0 1.121919e-15
6703.0 1.103051e-15
6704.0 1.071198e-15
6705.0 1.057439e-15
6706.0 1.061731e-15
6707.0 1.034859e-15
6708.0 9.982853e-16
6709.0 9.932106e-16
6710.0 1.021871e-15
6711.0 1.049034e-15
6712.0 9.988637e-16
6713.0 8.999478e-16
6714.0 8.183385e-16
6715.0 7.728984e-16
6716.0 7.567956e-16
6717.0 7.743631e-16
6718.0 8.029507e-16
6719.0 7.698895e-16
6720.0 7.078139e-16
6721.0 6.948331e-16
6722.0 7.096238e-16
6723.0 7.222156e-16
6724.0 7.487994e-16
6725.0 7.601790e-16
6726.0 7.285719e-16
6727.0 7.069307e-16
6728.0 7.226284e-16
6729.0 7.593978e-16
6730.0 7.677212e-16
6731.0 7.347255e-16
6732.0 7.028342e-16
6733.0 6.599248e-16
6734.0 6.261571e-16
6735.0 6.452394e-16
6736.0 6.757386e-16
6737.0 6.746057e-16
6738.0 6.579238e-16
6739.0 6.341777e-16
6740.0 5.894477e-16
6741.0 5.265501e-16
6742.0 5.097968e-16
6743.0 5.723248e-16
6744.0 5.851293e-16
6745.0 5.072689e-16
6746.0 4.785776e-16
6747.0 5.551174e-16
6748.0 6.303432e-16
6749.0 6.107838e-16
6750.0 5.418675e-16
6751.0 5.146161e-16
6752.0 5.799999e-16
6753.0 6.743376e-16
6754.0 6.718903e-16
6755.0 5.662777e-16
6756.0 4.590714e-16
6757.0 4.359870e-16
6758.0 4.945091e-16
6759.0 5.355456e-16
6760.0 5.283841e-16
6761.0 5.449978e-16
6762.0 5.800534e-16
6763.0 5.883586e-16
6764.0 5.917523e-16
6765.0 6.106139e-16
6766.0 6.098940e-16
6767.0 5.806363e-16
6768.0 5.448328e-16
6769.0 4.940408e-16
6770.0 4.558786e-16
6771.0 4.603214e-16
6772.0 4.709863e-16
6773.0 4.726757e-16
6774.0 4.808360e-16
6775.0 4.928176e-16
6776.0 5.129932e-16
6777.0 5.366316e-16
6778.0 5.248226e-16
6779.0 4.539219e-16
6780.0 3.911672e-16
6781.0 3.891339e-16
6782.0 4.275159e-16
6783.0 4.807607e-16
6784.0 5.192184e-16
6785.0 5.238354e-16
6786.0 5.024117e-16
6787.0 4.678358e-16
6788.0 4.082542e-16
6789.0 3.570533e-16
6790.0 3.674722e-16
6791.0 4.311748e-16
6792.0 4.787395e-16
6793.0 4.433202e-16
6794.0 3.540878e-16
6795.0 2.988395e-16
6796.0 3.151899e-16
6797.0 3.955583e-16
6798.0 4.878386e-16
6799.0 5.382002e-16
6800.0 5.545104e-16
6801.0 5.594522e-16
6802.0 5.587367e-16
6803.0 5.325386e-16
6804.0 4.865503e-16
6805.0 4.650337e-16
6806.0 4.543662e-16
6807.0 4.305251e-16
6808.0 4.163287e-16
6809.0 4.181620e-16
6810.0 4.166221e-16
6811.0 4.054252e-16
6812.0 3.834388e-16
6813.0 3.461244e-16
6814.0 3.389864e-16
6815.0 3.833167e-16
6816.0 4.338581e-16
6817.0 4.831788e-16
6818.0 5.077185e-16
6819.0 4.748088e-16
6820.0 4.262453e-16
6821.0 4.096884e-16
6822.0 4.284191e-16
6823.0 4.730440e-16
6824.0 4.939817e-16
6825.0 4.564407e-16
6826.0 4.262734e-16
6827.0 4.458160e-16
6828.0 4.621841e-16
6829.0 4.337154e-16
6830.0 4.088921e-16
6831.0 4.066789e-16
6832.0 4.368605e-16
6833.0 5.143196e-16
6834.0 5.481640e-16
6835.0 4.713631e-16
6836.0 3.417734e-16
6837.0 2.570347e-16
6838.0 2.654081e-16
6839.0 3.324924e-16
6840.0 3.852807e-16
6841.0 4.018336e-16
6842.0 4.029392e-16
6843.0 4.036915e-16
6844.0 4.124502e-16
6845.0 4.235257e-16
6846.0 4.057329e-16
6847.0 3.654877e-16
6848.0 3.367617e-16
6849.0 3.181332e-16
6850.0 3.145584e-16
6851.0 3.295344e-16
6852.0 3.341125e-16
6853.0 3.381769e-16
6854.0 3.700838e-16
6855.0 3.816049e-16
6856.0 3.573878e-16
6857.0 3.439728e-16
6858.0 3.691057e-16
6859.0 4.254211e-16
6860.0 4.450757e-16
6861.0 4.276095e-16
6862.0 4.207651e-16
6863.0 3.935637e-16
6864.0 3.440820e-16
6865.0 3.065668e-16
6866.0 2.878472e-16
6867.0 2.945096e-16
6868.0 3.317283e-16
6869.0 3.857965e-16
6870.0 4.203114e-16
6871.0 4.086663e-16
6872.0 4.038392e-16
6873.0 4.587226e-16
6874.0 5.238189e-16
6875.0 5.447033e-16
6876.0 5.245305e-16
6877.0 4.883549e-16
6878.0 4.537436e-16
6879.0 4.285429e-16
6880.0 3.928115e-16
6881.0 3.292998e-16
6882.0 2.713256e-16
6883.0 2.467468e-16
6884.0 2.449240e-16
6885.0 2.237363e-16
6886.0 2.134301e-16
6887.0 2.843284e-16
6888.0 3.877948e-16
6889.0 4.561339e-16
6890.0 4.916362e-16
6891.0 5.078161e-16
6892.0 4.881950e-16
6893.0 4.042739e-16
6894.0 3.400899e-16
6895.0 3.916594e-16
6896.0 4.414753e-16
6897.0 3.864447e-16
6898.0 3.238936e-16
6899.0 2.985410e-16
6900.0 2.839193e-16
6901.0 3.041623e-16
6902.0 3.435596e-16
6903.0 3.622698e-16
6904.0 3.851413e-16
6905.0 4.098189e-16
6906.0 3.755118e-16
6907.0 3.193393e-16
6908.0 2.995395e-16
6909.0 2.780859e-16
6910.0 2.674889e-16
6911.0 3.180186e-16
6912.0 4.048046e-16
6913.0 4.833667e-16
6914.0 5.082436e-16
6915.0 4.605987e-16
6916.0 3.841240e-16
6917.0 3.206918e-16
6918.0 2.866994e-16
6919.0 2.888214e-16
6920.0 2.965771e-16
6921.0 3.038541e-16
6922.0 3.464047e-16
6923.0 3.959333e-16
6924.0 3.927238e-16
6925.0 3.533132e-16
6926.0 3.327586e-16
6927.0 3.530458e-16
6928.0 3.722473e-16
6929.0 3.255845e-16
6930.0 2.473227e-16
6931.0 2.309897e-16
6932.0 2.812098e-16
6933.0 3.576089e-16
6934.0 4.249514e-16
6935.0 4.495358e-16
6936.0 4.106628e-16
6937.0 3.111790e-16
6938.0 2.396172e-16
6939.0 2.752558e-16
6940.0 3.394846e-16
6941.0 3.283629e-16
6942.0 2.679014e-16
6943.0 2.170166e-16
6944.0 2.200266e-16
6945.0 2.843821e-16
6946.0 3.192320e-16
6947.0 2.751973e-16
6948.0 2.519779e-16
6949.0 3.161269e-16
6950.0 3.670645e-16
6951.0 3.166483e-16
6952.0 2.583273e-16
6953.0 2.684855e-16
6954.0 2.856800e-16
6955.0 2.910242e-16
6956.0 2.698105e-16
6957.0 1.847363e-16
6958.0 1.204067e-16
6959.0 1.621766e-16
6960.0 2.300489e-16
6961.0 2.630033e-16
6962.0 2.903853e-16
6963.0 3.305995e-16
6964.0 3.446246e-16
6965.0 2.918028e-16
6966.0 2.450298e-16
6967.0 2.748272e-16
6968.0 3.107292e-16
6969.0 2.770107e-16
6970.0 2.204700e-16
6971.0 2.170627e-16
6972.0 2.666459e-16
6973.0 3.228815e-16
6974.0 3.612892e-16
6975.0 3.812334e-16
6976.0 4.066030e-16
6977.0 4.543390e-16
6978.0 4.695489e-16
6979.0 3.892283e-16
6980.0 2.744873e-16
6981.0 2.218925e-16
6982.0 2.287168e-16
6983.0 2.652270e-16
6984.0 3.303148e-16
6985.0 3.876400e-16
6986.0 3.605865e-16
6987.0 2.837437e-16
6988.0 2.537904e-16
6989.0 2.876523e-16
6990.0 3.393333e-16
6991.0 3.694566e-16
6992.0 3.892112e-16
6993.0 4.020977e-16
6994.0 3.584119e-16
6995.0 2.419947e-16
6996.0 1.414797e-16
6997.0 1.346386e-16
6998.0 1.831456e-16
6999.0 2.254764e-16
7000.0 2.675764e-16
7001.0 3.115358e-16
7002.0 3.180728e-16
7003.0 2.974911e-16
7004.0 3.118222e-16
7005.0 3.574666e-16
7006.0 3.866982e-16
7007.0 3.909792e-16
7008.0 3.949533e-16
7009.0 4.088875e-16
7010.0 3.921746e-16
7011.0 3.442232e-16
7012.0 2.960741e-16
7013.0 2.437221e-16
7014.0 2.200540e-16
7015.0 2.510380e-16
7016.0 2.960629e-16
7017.0 3.186482e-16
7018.0 3.457071e-16
7019.0 4.016273e-16
7020.0 4.409427e-16
7021.0 3.946361e-16
7022.0 3.299580e-16
7023.0 3.399716e-16
7024.0 3.737208e-16
7025.0 3.622021e-16
7026.0 3.142876e-16
7027.0 2.655718e-16
7028.0 2.716078e-16
7029.0 3.706306e-16
7030.0 4.891065e-16
7031.0 5.316636e-16
7032.0 4.875634e-16
7033.0 3.817740e-16
7034.0 2.760777e-16
7035.0 2.309004e-16
7036.0 2.205430e-16
7037.0 1.824807e-16
7038.0 1.483700e-16
7039.0 1.894082e-16
7040.0 2.804670e-16
7041.0 3.587068e-16
7042.0 3.676252e-16
7043.0 2.800407e-16
7044.0 1.927972e-16
7045.0 2.155818e-16
7046.0 3.057957e-16
7047.0 3.726925e-16
7048.0 4.136428e-16
7049.0 4.629631e-16
7050.0 4.731103e-16
7051.0 4.108595e-16
7052.0 3.840726e-16
7053.0 4.132894e-16
7054.0 3.924106e-16
7055.0 3.249108e-16
7056.0 2.803143e-16
7057.0 2.869670e-16
7058.0 3.220070e-16
7059.0 3.510800e-16
7060.0 3.653146e-16
7061.0 3.482747e-16
7062.0 3.154679e-16
7063.0 3.259603e-16
7064.0 3.859609e-16
7065.0 4.401811e-16
7066.0 4.460553e-16
7067.0 4.014375e-16
7068.0 3.470269e-16
7069.0 3.313662e-16
7070.0 3.534738e-16
7071.0 3.983174e-16
7072.0 4.653211e-16
7073.0 4.890283e-16
7074.0 4.397020e-16
7075.0 3.760083e-16
7076.0 3.069574e-16
7077.0 2.266395e-16
7078.0 1.953293e-16
7079.0 2.426392e-16
7080.0 3.093350e-16
7081.0 3.509567e-16
7082.0 3.409097e-16
7083.0 2.596140e-16
7084.0 1.952245e-16
7085.0 2.321102e-16
7086.0 2.944650e-16
7087.0 2.831087e-16
7088.0 2.072495e-16
7089.0 1.309265e-16
7090.0 9.842318e-17
7091.0 1.322540e-16
7092.0 1.899179e-16
7093.0 2.103426e-16
7094.0 2.306009e-16
7095.0 2.942710e-16
7096.0 3.488915e-16
7097.0 3.309569e-16
7098.0 2.709323e-16
7099.0 2.257527e-16
7100.0 2.120212e-16
7101.0 2.374395e-16
7102.0 2.691221e-16
7103.0 2.641100e-16
7104.0 2.259012e-16
7105.0 1.790423e-16
7106.0 1.758428e-16
7107.0 2.466833e-16
7108.0 3.462560e-16
7109.0 4.185193e-16
7110.0 4.072830e-16
7111.0 2.802623e-16
7112.0 1.585406e-16
7113.0 1.556690e-16
7114.0 2.101209e-16
7115.0 2.543013e-16
7116.0 2.874522e-16
7117.0 3.271259e-16
7118.0 3.724602e-16
7119.0 3.943672e-16
7120.0 3.760221e-16
7121.0 3.218722e-16
7122.0 2.706378e-16
7123.0 2.569914e-16
7124.0 2.640985e-16
7125.0 2.688877e-16
7126.0 2.468907e-16
7127.0 1.925730e-16
7128.0 1.589160e-16
7129.0 1.839701e-16
7130.0 2.492578e-16
7131.0 3.189185e-16
7132.0 3.418126e-16
7133.0 3.047724e-16
7134.0 2.827828e-16
7135.0 3.222093e-16
7136.0 3.629806e-16
7137.0 3.414994e-16
7138.0 2.774440e-16
7139.0 2.130514e-16
7140.0 1.903402e-16
7141.0 2.208685e-16
7142.0 2.386483e-16
7143.0 1.961831e-16
7144.0 1.279698e-16
7145.0 9.851360e-17
7146.0 1.272834e-16
7147.0 1.890105e-16
7148.0 2.487006e-16
7149.0 2.864448e-16
7150.0 3.244842e-16
7151.0 3.696185e-16
7152.0 3.823159e-16
7153.0 3.453403e-16
7154.0 3.183234e-16
7155.0 3.588812e-16
7156.0 4.070636e-16
7157.0 3.837032e-16
7158.0 3.344814e-16
7159.0 3.138960e-16
7160.0 3.029948e-16
7161.0 2.960784e-16
7162.0 2.781858e-16
7163.0 2.388427e-16
7164.0 2.327070e-16
7165.0 2.994064e-16
7166.0 3.715396e-16
7167.0 3.757590e-16
7168.0 3.242666e-16
7169.0 2.617099e-16
7170.0 2.497178e-16
7171.0 2.931869e-16
7172.0 2.936460e-16
7173.0 2.129303e-16
7174.0 1.430967e-16
7175.0 1.584830e-16
7176.0 2.285712e-16
7177.0 2.995264e-16
7178.0 3.224006e-16
7179.0 2.916999e-16
7180.0 2.784176e-16
7181.0 2.968690e-16
7182.0 3.021925e-16
7183.0 2.831777e-16
7184.0 2.762854e-16
7185.0 3.120534e-16
7186.0 3.267498e-16
7187.0 2.628209e-16
7188.0 1.893792e-16
7189.0 1.744923e-16
7190.0 2.257158e-16
7191.0 3.197038e-16
7192.0 3.905527e-16
7193.0 4.073188e-16
7194.0 3.848420e-16
7195.0 3.357383e-16
7196.0 2.863586e-16
7197.0 2.603766e-16
7198.0 2.683446e-16
7199.0 3.300130e-16
7200.0 4.046502e-16
7201.0 4.230551e-16
7202.0 4.068335e-16
7203.0 4.005961e-16
7204.0 3.820069e-16
7205.0 3.218313e-16
7206.0 2.281876e-16
7207.0 1.441721e-16
7208.0 1.643977e-16
7209.0 2.971355e-16
7210.0 4.001926e-16
7211.0 4.095514e-16
7212.0 3.897254e-16
7213.0 3.702734e-16
7214.0 3.590154e-16
7215.0 3.692579e-16
7216.0 3.617728e-16
7217.0 3.160109e-16
7218.0 2.836576e-16
7219.0 2.599817e-16
7220.0 2.342521e-16
7221.0 2.693269e-16
7222.0 3.225417e-16
7223.0 3.070350e-16
7224.0 2.717329e-16
7225.0 2.835130e-16
7226.0 3.099211e-16
7227.0 3.016219e-16
7228.0 2.561627e-16
7229.0 1.933201e-16
7230.0 1.474793e-16
7231.0 1.491897e-16
7232.0 1.941269e-16
7233.0 2.630945e-16
7234.0 3.051057e-16
7235.0 2.788262e-16
7236.0 2.389005e-16
7237.0 2.348306e-16
7238.0 2.516376e-16
7239.0 2.898954e-16
7240.0 3.429045e-16
7241.0 3.845523e-16
7242.0 4.080058e-16
7243.0 3.968371e-16
7244.0 3.510859e-16
7245.0 2.940851e-16
7246.0 2.475402e-16
7247.0 2.295742e-16
7248.0 2.554164e-16
7249.0 3.408058e-16
7250.0 4.419153e-16
7251.0 4.854888e-16
7252.0 4.653185e-16
7253.0 4.238632e-16
7254.0 3.981010e-16
7255.0 4.002711e-16
7256.0 3.825283e-16
7257.0 3.167610e-16
7258.0 2.496875e-16
7259.0 2.116674e-16
7260.0 2.240929e-16
7261.0 2.839362e-16
7262.0 3.208677e-16
7263.0 3.123178e-16
7264.0 3.036456e-16
7265.0 3.150617e-16
7266.0 3.304437e-16
7267.0 3.247181e-16
7268.0 3.098831e-16
7269.0 3.206706e-16
7270.0 3.563538e-16
7271.0 3.997568e-16
7272.0 4.102120e-16
7273.0 3.670219e-16
7274.0 3.232258e-16
7275.0 3.145828e-16
7276.0 3.519694e-16
7277.0 3.971665e-16
7278.0 3.626655e-16
7279.0 3.045705e-16
7280.0 3.030212e-16
7281.0 3.171326e-16
7282.0 2.989426e-16
7283.0 2.204119e-16
7284.0 1.786189e-16
7285.0 2.918029e-16
7286.0 4.341660e-16
7287.0 4.564379e-16
7288.0 3.761278e-16
7289.0 2.301645e-16
7290.0 1.060083e-16
7291.0 1.074931e-16
7292.0 1.826758e-16
7293.0 2.245109e-16
7294.0 2.183902e-16
7295.0 1.986275e-16
7296.0 2.231017e-16
7297.0 3.167529e-16
7298.0 3.614172e-16
7299.0 2.604570e-16
7300.0 1.055722e-16
7301.0 4.993867e-18
7302.0 -2.832368e-17
7303.0 -6.551480e-18
7304.0 7.986833e-17
7305.0 2.260498e-16
7306.0 3.330627e-16
7307.0 3.156716e-16
7308.0 2.338167e-16
7309.0 1.833681e-16
7310.0 1.911153e-16
7311.0 2.151996e-16
7312.0 1.920408e-16
7313.0 1.341905e-16
7314.0 1.218839e-16
7315.0 1.585497e-16
7316.0 1.911175e-16
7317.0 2.088640e-16
7318.0 2.043337e-16
7319.0 1.918562e-16
7320.0 2.331927e-16
7321.0 3.187984e-16
7322.0 3.493834e-16
7323.0 3.213605e-16
7324.0 3.098517e-16
7325.0 2.995780e-16
7326.0 2.618539e-16
7327.0 2.136877e-16
7328.0 1.980894e-16
7329.0 2.319898e-16
7330.0 2.268150e-16
7331.0 1.676826e-16
7332.0 1.437671e-16
7333.0 1.485854e-16
7334.0 1.628254e-16
7335.0 2.170148e-16
7336.0 2.783190e-16
7337.0 2.993841e-16
7338.0 2.872511e-16
7339.0 2.574720e-16
7340.0 2.315812e-16
7341.0 2.114383e-16
7342.0 1.734305e-16
7343.0 1.371913e-16
7344.0 1.667454e-16
7345.0 2.859951e-16
7346.0 4.085083e-16
7347.0 4.371408e-16
7348.0 3.835632e-16
7349.0 2.947410e-16
7350.0 2.061147e-16
7351.0 1.382940e-16
7352.0 8.068332e-17
7353.0 5.297940e-17
7354.0 9.394249e-17
7355.0 1.698517e-16
7356.0 2.025875e-16
7357.0 2.011246e-16
7358.0 2.086296e-16
7359.0 2.105823e-16
7360.0 2.089089e-16
7361.0 2.255411e-16
7362.0 2.539062e-16
7363.0 2.788191e-16
7364.0 3.084903e-16
7365.0 3.694902e-16
7366.0 4.295529e-16
7367.0 4.208958e-16
7368.0 3.487857e-16
7369.0 2.804861e-16
7370.0 2.412913e-16
7371.0 2.083576e-16
7372.0 1.865080e-16
7373.0 1.926546e-16
7374.0 2.222027e-16
7375.0 2.473728e-16
7376.0 2.701345e-16
7377.0 3.275306e-16
7378.0 3.812612e-16
7379.0 3.624073e-16
7380.0 3.138502e-16
7381.0 3.040782e-16
7382.0 3.218990e-16
7383.0 3.395332e-16
7384.0 3.400211e-16
7385.0 3.125285e-16
7386.0 2.524703e-16
7387.0 1.647680e-16
7388.0 1.017449e-16
7389.0 1.159115e-16
7390.0 1.739534e-16
7391.0 2.073079e-16
7392.0 2.223484e-16
7393.0 2.582907e-16
7394.0 2.990375e-16
7395.0 3.221922e-16
7396.0 3.664398e-16
7397.0 4.589489e-16
7398.0 5.180476e-16
7399.0 4.614289e-16
7400.0 3.438949e-16
7401.0 2.408625e-16
7402.0 1.531280e-16
7403.0 1.007615e-16
7404.0 1.555902e-16
7405.0 3.330365e-16
7406.0 4.584663e-16
7407.0 3.849516e-16
7408.0 2.559410e-16
7409.0 2.332835e-16
7410.0 3.102850e-16
7411.0 4.363353e-16
7412.0 5.254961e-16
7413.0 5.068982e-16
7414.0 4.347194e-16
7415.0 3.921251e-16
7416.0 3.584772e-16
7417.0 2.893639e-16
7418.0 2.259566e-16
7419.0 2.085184e-16
7420.0 1.907138e-16
7421.0 1.474646e-16
7422.0 9.413885e-17
7423.0 5.324513e-17
7424.0 1.050211e-16
7425.0 2.682554e-16
7426.0 4.189989e-16
7427.0 4.767740e-16
7428.0 4.695046e-16
7429.0 4.261517e-16
7430.0 3.635122e-16
7431.0 3.048846e-16
7432.0 3.069934e-16
7433.0 4.037073e-16
7434.0 4.786558e-16
7435.0 4.112364e-16
7436.0 2.555301e-16
7437.0 1.238531e-16
7438.0 7.905496e-17
7439.0 1.204307e-16
7440.0 1.691967e-16
7441.0 1.615706e-16
7442.0 1.384455e-16
7443.0 1.471146e-16
7444.0 1.619127e-16
7445.0 1.606665e-16
7446.0 1.698765e-16
7447.0 2.078925e-16
7448.0 2.574590e-16
7449.0 2.937588e-16
7450.0 3.038656e-16
7451.0 2.883416e-16
7452.0 2.865631e-16
7453.0 3.311721e-16
7454.0 3.782452e-16
7455.0 3.774290e-16
7456.0 3.410714e-16
7457.0 3.008722e-16
7458.0 2.452764e-16
7459.0 1.524662e-16
7460.0 9.481583e-17
7461.0 1.550211e-16
7462.0 2.706883e-16
7463.0 3.551767e-16
7464.0 4.209880e-16
7465.0 4.902715e-16
7466.0 5.003106e-16
7467.0 4.012217e-16
7468.0 2.814731e-16
7469.0 2.300192e-16
7470.0 2.135153e-16
7471.0 1.742132e-16
7472.0 1.034200e-16
7473.0 5.277412e-17
7474.0 6.777929e-17
7475.0 1.149156e-16
7476.0 1.503014e-16
7477.0 1.755756e-16
7478.0 2.378747e-16
7479.0 3.583700e-16
7480.0 4.217118e-16
7481.0 3.193423e-16
7482.0 1.609552e-16
7483.0 9.257976e-17
7484.0 1.052838e-16
7485.0 1.723455e-16
7486.0 2.916029e-16
7487.0 4.058630e-16
7488.0 4.398024e-16
7489.0 3.815037e-16
7490.0 2.883915e-16
7491.0 2.215928e-16
7492.0 2.470161e-16
7493.0 3.749679e-16
7494.0 4.597548e-16
7495.0 3.914277e-16
7496.0 2.683525e-16
7497.0 2.041346e-16
7498.0 1.768038e-16
7499.0 1.557584e-16
7500.0 1.548711e-16
7501.0 1.720577e-16
7502.0 2.493155e-16
7503.0 4.234793e-16
7504.0 5.678369e-16
7505.0 5.644027e-16
7506.0 4.774841e-16
7507.0 3.929723e-16
7508.0 3.171107e-16
7509.0 2.210503e-16
7510.0 9.404873e-17
7511.0 -1.909343e-17
7512.0 -9.702936e-17
7513.0 -1.769843e-16
7514.0 -1.854542e-16
7515.0 -2.637235e-17
7516.0 1.276987e-16
7517.0 1.078853e-16
7518.0 7.785474e-17
7519.0 2.177653e-16
7520.0 3.882450e-16
7521.0 3.954484e-16
7522.0 3.128905e-16
7523.0 2.724545e-16
7524.0 2.554019e-16
7525.0 2.348352e-16
7526.0 2.701999e-16
7527.0 3.780113e-16
7528.0 4.300442e-16
7529.0 3.258914e-16
7530.0 1.774498e-16
7531.0 1.006211e-16
7532.0 7.296566e-17
7533.0 8.658705e-17
7534.0 1.628598e-16
7535.0 2.592470e-16
7536.0 2.484105e-16
7537.0 8.736256e-17
7538.0 -3.177917e-17
7539.0 3.765525e-17
7540.0 1.719338e-16
7541.0 2.280422e-16
7542.0 1.890352e-16
7543.0 8.425873e-17
7544.0 8.977633e-18
7545.0 5.639907e-17
7546.0 2.332567e-16
7547.0 4.772016e-16
7548.0 6.412801e-16
7549.0 6.327488e-16
7550.0 5.225598e-16
7551.0 4.044822e-16
7552.0 3.422437e-16
7553.0 3.557473e-16
7554.0 3.498702e-16
7555.0 2.485964e-16
7556.0 1.452435e-16
7557.0 1.365220e-16
7558.0 1.687603e-16
7559.0 1.753551e-16
7560.0 1.659400e-16
