3980.0 3.181956e-16
3981.0 2.604707e-16
3982.0 1.022602e-15
3983.0 1.572399e-15
3984.0 8.420349e-16
3985.0 6.340857e-16
3986.0 8.261494e-16
3987.0 6.382129e-16
3988.0 5.222846e-16
3989.0 5.057994e-16
3990.0 5.436512e-16
3991.0 6.123529e-16
3992.0 6.133502e-16
3993.0 1.019522e-15
3994.0 1.362775e-15
3995.0 5.537611e-16
3996.0 6.321015e-16
3997.0 1.350914e-15
3998.0 1.167114e-15
3999.0 7.871072e-16
4000.0 7.057090e-16
4001.0 8.440851e-16
4002.0 8.979159e-16
4003.0 5.883093e-16
4004.0 4.305373e-16
4005.0 7.370312e-16
4006.0 9.071299e-16
4007.0 8.988886e-16
4008.0 1.064073e-15
4009.0 1.236252e-15
4010.0 9.006585e-16
4011.0 6.562317e-16
4012.0 1.136351e-15
4013.0 1.083430e-15
4014.0 8.549329e-16
4015.0 8.397897e-16
4016.0 8.254255e-16
4017.0 4.314282e-16
4018.0 2.155715e-16
4019.0 6.777983e-16
4020.0 8.865808e-16
4021.0 8.530446e-16
4022.0 8.728394e-16
4023.0 8.813422e-16
4024.0 7.140457e-16
4025.0 6.397768e-16
4026.0 6.861248e-16
4027.0 6.272059e-16
4028.0 6.469458e-16
4029.0 7.897010e-16
4030.0 9.414502e-16
4031.0 8.698175e-16
4032.0 6.871795e-16
4033.0 7.520825e-16
4034.0 8.900641e-16
4035.0 7.440972e-16
4036.0 5.258919e-16
4037.0 7.645268e-16
4038.0 8.849237e-16
4039.0 9.085486e-16
4040.0 9.133983e-16
4041.0 7.755934e-16
4042.0 7.747109e-16
4043.0 1.103223e-15
4044.0 1.000877e-15
4045.0 1.099406e-15
4046.0 1.472804e-15
4047.0 1.427749e-15
4048.0 1.146656e-15
4049.0 9.558218e-16
4050.0 9.520744e-16
4051.0 1.041270e-15
4052.0 1.097957e-15
4053.0 1.086884e-15
4054.0 9.450592e-16
4055.0 7.468988e-16
4056.0 5.547098e-16
4057.0 4.935534e-16
4058.0 7.368732e-16
4059.0 5.940904e-16
4060.0 2.190458e-16
4061.0 4.969620e-16
4062.0 8.877289e-16
4063.0 9.227887e-16
4064.0 6.857088e-16
4065.0 8.201885e-16
4066.0 9.296699e-16
4067.0 6.267421e-16
4068.0 4.777885e-16
4069.0 7.870198e-16
4070.0 9.972977e-16
4071.0 8.145651e-16
4072.0 8.858415e-16
4073.0 8.130099e-16
4074.0 5.713706e-16
4075.0 4.753745e-16
4076.0 9.131664e-16
4077.0 1.152115e-15
4078.0 8.559233e-16
4079.0 9.002125e-16
4080.0 9.796431e-16
4081.0 8.464253e-16
4082.0 6.636405e-16
4083.0 7.936608e-16
4084.0 7.662931e-16
4085.0 5.114315e-16
4086.0 7.040241e-16
4087.0 8.824027e-16
4088.0 8.598979e-16
4089.0 7.653650e-16
4090.0 4.330037e-16
4091.0 4.935347e-16
4092.0 8.747880e-16
4093.0 9.444836e-16
4094.0 6.367778e-16
4095.0 5.207619e-16
4096.0 8.790800e-16
4097.0 1.122437e-15
4098.0 9.469164e-16
4099.0 6.399357e-16
4100.0 6.740530e-16
4101.0 8.197393e-16
4102.0 7.296777e-16
4103.0 6.383371e-16
4104.0 5.876728e-16
4105.0 7.105259e-16
4106.0 9.343320e-16
4107.0 8.889250e-16
4108.0 7.650999e-16
4109.0 7.210013e-16
4110.0 7.850633e-16
4111.0 6.846361e-16
4112.0 6.414482e-16
4113.0 7.958035e-16
4114.0 8.435697e-16
4115.0 8.863762e-16
4116.0 9.393759e-16
4117.0 8.215251e-16
4118.0 8.331970e-16
4119.0 8.268011e-16
4120.0 6.293665e-16
4121.0 6.698886e-16
4122.0 7.389562e-16
4123.0 8.649512e-16
4124.0 1.054568e-15
4125.0 9.980195e-16
4126.0 8.211286e-16
4127.0 5.358713e-16
4128.0 4.791096e-16
4129.0 5.134876e-16
4130.0 5.251741e-16
4131.0 5.854113e-16
4132.0 6.922150e-16
4133.0 8.220672e-16
4134.0 8.828133e-16
4135.0 9.111294e-16
4136.0 1.092023e-15
4137.0 9.350058e-16
4138.0 6.407265e-16
4139.0 8.498258e-16
4140.0 9.408835e-16
4141.0 7.858167e-16
4142.0 7.935063e-16
4143.0 6.543568e-16
4144.0 5.242358e-16
4145.0 6.810293e-16
4146.0 9.014964e-16
4147.0 9.603364e-16
4148.0 8.020461e-16
4149.0 7.002331e-16
4150.0 7.711195e-16
4151.0 7.709234e-16
4152.0 6.980400e-16
4153.0 1.016811e-15
4154.0 1.055774e-15
4155.0 6.081050e-16
4156.0 4.657557e-16
4157.0 6.542357e-16
4158.0 8.980180e-16
4159.0 8.920578e-16
4160.0 8.866997e-16
4161.0 8.791735e-16
4162.0 8.796775e-16
4163.0 8.104637e-16
4164.0 7.941494e-16
4165.0 8.915424e-16
4166.0 9.356040e-16
4167.0 8.691829e-16
4168.0 9.550621e-16
4169.0 1.088499e-15
4170.0 8.606149e-16
4171.0 8.291770e-16
4172.0 9.986684e-16
4173.0 9.958904e-16
4174.0 9.191737e-16
4175.0 9.153157e-16
4176.0 9.760239e-16
4177.0 8.101825e-16
4178.0 9.799896e-16
4179.0 1.237131e-15
4180.0 1.077512e-15
4181.0 1.043318e-15
4182.0 1.161636e-15
4183.0 1.206703e-15
4184.0 1.199900e-15
4185.0 1.244377e-15
4186.0 1.216697e-15
4187.0 1.100669e-15
4188.0 9.066848e-16
4189.0 8.595617e-16
4190.0 9.837965e-16
4191.0 1.024941e-15
4192.0 8.437163e-16
4193.0 7.354951e-16
4194.0 8.621051e-16
4195.0 9.812887e-16
4196.0 9.588000e-16
4197.0 8.048997e-16
4198.0 7.605584e-16
4199.0 6.279132e-16
4200.0 6.665279e-16
4201.0 8.005112e-16
4202.0 9.083927e-16
4203.0 8.760030e-16
4204.0 7.782166e-16
4205.0 7.541509e-16
4206.0 6.503356e-16
4207.0 6.978361e-16
4208.0 8.125606e-16
4209.0 7.433072e-16
4210.0 7.007837e-16
4211.0 8.864433e-16
4212.0 8.815347e-16
4213.0 8.856484e-16
4214.0 8.137258e-16
4215.0 8.036196e-16
4216.0 9.465782e-16
4217.0 9.221307e-16
4218.0 7.295688e-16
4219.0 6.324168e-16
4220.0 6.062337e-16
4221.0 5.540713e-16
4222.0 5.565113e-16
4223.0 6.437087e-16
4224.0 7.118828e-16
4225.0 7.116764e-16
4226.0 6.900404e-16
4227.0 6.073013e-16
4228.0 5.429362e-16
4229.0 6.863414e-16
4230.0 6.418734e-16
4231.0 5.076421e-16
4232.0 5.300871e-16
4233.0 6.515117e-16
4234.0 8.024644e-16
4235.0 8.731968e-16
4236.0 8.201659e-16
4237.0 8.107447e-16
4238.0 7.139744e-16
4239.0 6.161853e-16
4240.0 7.485532e-16
4241.0 8.128501e-16
4242.0 7.654479e-16
4243.0 6.086388e-16
4244.0 4.189692e-16
4245.0 5.313253e-16
4246.0 6.686818e-16
4247.0 5.914629e-16
4248.0 5.579164e-16
4249.0 6.706531e-16
4250.0 8.771284e-16
4251.0 6.914590e-16
4252.0 6.916454e-16
4253.0 7.621290e-16
4254.0 6.527186e-16
4255.0 6.787223e-16
4256.0 7.401265e-16
4257.0 6.395088e-16
4258.0 7.993722e-16
4259.0 7.185371e-16
4260.0 3.284968e-16
4261.0 3.504469e-16
4262.0 5.343826e-16
4263.0 5.729028e-16
4264.0 5.345001e-16
4265.0 5.757410e-16
4266.0 6.251238e-16
4267.0 7.131542e-16
4268.0 6.554366e-16
4269.0 6.439539e-16
4270.0 5.368859e-16
4271.0 3.845557e-16
4272.0 4.425479e-16
4273.0 6.064169e-16
4274.0 6.910568e-16
4275.0 6.775742e-16
4276.0 4.427374e-16
4277.0 3.684704e-16
4278.0 7.373900e-16
4279.0 6.019567e-16
4280.0 5.254835e-16
4281.0 7.914969e-16
4282.0 6.901668e-16
4283.0 8.281043e-16
4284.0 9.162638e-16
4285.0 6.771953e-16
4286.0 5.411430e-16
4287.0 5.363704e-16
4288.0 6.594367e-16
4289.0 6.468093e-16
4290.0 7.224595e-16
4291.0 7.631997e-16
4292.0 5.801701e-16
4293.0 3.986215e-16
4294.0 4.039147e-16
4295.0 6.020063e-16
4296.0 6.836927e-16
4297.0 5.736935e-16
4298.0 4.858213e-16
4299.0 4.865358e-16
4300.0 6.150413e-16
4301.0 7.394251e-16
4302.0 6.085721e-16
4303.0 5.053995e-16
4304.0 5.610940e-16
4305.0 5.012239e-16
4306.0 3.513275e-16
4307.0 4.350338e-16
4308.0 6.130977e-16
4309.0 6.354211e-16
4310.0 7.964764e-16
4311.0 6.770486e-16
4312.0 6.276513e-16
4313.0 7.088304e-16
4314.0 3.683406e-16
4315.0 1.929598e-16
4316.0 4.141958e-16
4317.0 4.402443e-16
4318.0 4.611031e-16
4319.0 5.233808e-16
4320.0 6.107305e-16
4321.0 5.120537e-16
4322.0 4.372082e-16
4323.0 5.096098e-16
4324.0 5.845212e-16
4325.0 5.661141e-16
4326.0 6.264349e-16
4327.0 6.512645e-16
4328.0 5.436507e-16
4329.0 4.690095e-16
4330.0 4.660907e-16
4331.0 6.913830e-16
4332.0 7.219093e-16
4333.0 6.205962e-16
4334.0 5.571091e-16
4335.0 8.528876e-16
4336.0 7.819670e-16
4337.0 4.842303e-16
4338.0 6.217307e-16
4339.0 6.541239e-16
4340.0 5.462611e-16
4341.0 6.013184e-16
4342.0 5.156165e-16
4343.0 5.114731e-16
4344.0 5.741922e-16
4345.0 4.561340e-16
4346.0 3.843428e-16
4347.0 4.578351e-16
4348.0 5.750084e-16
4349.0 5.550254e-16
4350.0 4.914139e-16
4351.0 5.524842e-16
4352.0 5.461077e-16
4353.0 4.715657e-16
4354.0 5.985406e-16
4355.0 7.842252e-16
4356.0 7.187469e-16
4357.0 5.575569e-16
4358.0 6.862945e-16
4359.0 7.171206e-16
4360.0 7.044924e-16
4361.0 6.516355e-16
4362.0 5.563321e-16
4363.0 6.256213e-16
4364.0 5.668858e-16
4365.0 3.193168e-16
4366.0 4.255666e-16
4367.0 6.035586e-16
4368.0 6.203295e-16
4369.0 6.782177e-16
4370.0 6.277998e-16
4371.0 5.114137e-16
4372.0 5.098564e-16
4373.0 6.023611e-16
4374.0 6.503960e-16
4375.0 5.935082e-16
4376.0 5.694541e-16
4377.0 7.153310e-16
4378.0 7.163076e-16
4379.0 5.254917e-16
4380.0 5.444555e-16
4381.0 6.530921e-16
4382.0 7.219679e-16
4383.0 6.215865e-16
4384.0 7.263139e-16
4385.0 6.582795e-16
4386.0 5.771639e-16
4387.0 7.140384e-16
4388.0 7.152454e-16
4389.0 5.723615e-16
4390.0 4.617578e-16
4391.0 4.659042e-16
4392.0 5.362234e-16
4393.0 5.607618e-16
4394.0 5.493149e-16
4395.0 5.743907e-16
4396.0 7.666214e-16
4397.0 7.365756e-16
4398.0 4.502084e-16
4399.0 4.134286e-16
4400.0 6.276411e-16
4401.0 5.689631e-16
4402.0 6.512880e-16
4403.0 7.257958e-16
4404.0 4.093674e-16
4405.0 5.413229e-16
4406.0 6.891203e-16
4407.0 6.150689e-16
4408.0 6.998867e-16
4409.0 8.047693e-16
4410.0 7.901243e-16
4411.0 7.557359e-16
4412.0 7.985196e-16
4413.0 8.610690e-16
4414.0 8.298317e-16
4415.0 6.364088e-16
4416.0 5.655274e-16
4417.0 6.463305e-16
4418.0 7.686323e-16
4419.0 7.692693e-16
4420.0 7.530721e-16
4421.0 8.455231e-16
4422.0 7.069679e-16
4423.0 7.317352e-16
4424.0 8.998268e-16
4425.0 8.504972e-16
4426.0 9.369401e-16
4427.0 1.043549e-15
4428.0 9.427736e-16
4429.0 7.789315e-16
4430.0 7.345367e-16
4431.0 7.549973e-16
4432.0 7.562494e-16
4433.0 6.024617e-16
4434.0 6.622950e-16
4435.0 7.525482e-16
4436.0 7.504693e-16
4437.0 8.309750e-16
4438.0 8.766847e-16
4439.0 7.959583e-16
4440.0 7.344498e-16
4441.0 8.175362e-16
4442.0 8.530845e-16
4443.0 5.243728e-16
4444.0 4.676429e-16
4445.0 6.038482e-16
4446.0 5.269246e-16
4447.0 5.524591e-16
4448.0 6.540309e-16
4449.0 6.908415e-16
4450.0 6.253713e-16
4451.0 5.253444e-16
4452.0 5.467594e-16
4453.0 6.389026e-16
4454.0 5.920909e-16
4455.0 5.414424e-16
4456.0 6.470248e-16
4457.0 6.974569e-16
4458.0 5.973015e-16
4459.0 5.939281e-16
4460.0 5.970454e-16
4461.0 5.878243e-16
4462.0 7.298711e-16
4463.0 8.028949e-16
4464.0 6.583961e-16
4465.0 6.374211e-16
4466.0 6.818803e-16
4467.0 6.217105e-16
4468.0 6.352862e-16
4469.0 6.934547e-16
4470.0 6.816605e-16
4471.0 6.724566e-16
4472.0 7.266069e-16
4473.0 7.305883e-16
4474.0 6.674159e-16
4475.0 5.216492e-16
4476.0 3.992229e-16
4477.0 4.701168e-16
4478.0 5.753949e-16
4479.0 6.324924e-16
4480.0 6.480108e-16
4481.0 7.133769e-16
4482.0 6.320408e-16
4483.0 5.711284e-16
4484.0 6.530892e-16
4485.0 6.120685e-16
4486.0 4.873506e-16
4487.0 5.042424e-16
4488.0 6.408731e-16
4489.0 6.983555e-16
4490.0 7.016399e-16
4491.0 7.141534e-16
4492.0 6.104739e-16
4493.0 6.006884e-16
4494.0 6.951936e-16
4495.0 6.823281e-16
4496.0 5.808017e-16
4497.0 5.221504e-16
4498.0 5.330099e-16
4499.0 5.141715e-16
4500.0 5.533984e-16
4501.0 6.113114e-16
4502.0 6.046080e-16
4503.0 5.725827e-16
4504.0 6.516922e-16
4505.0 7.251101e-16
4506.0 6.933777e-16
4507.0 5.861546e-16
4508.0 4.783704e-16
4509.0 4.270883e-16
4510.0 5.076469e-16
4511.0 6.469687e-16
4512.0 7.124692e-16
4513.0 6.396283e-16
4514.0 5.304330e-16
4515.0 6.076892e-16
4516.0 6.315398e-16
4517.0 5.974855e-16
4518.0 5.981225e-16
4519.0 6.862981e-16
4520.0 6.907585e-16
4521.0 7.201893e-16
4522.0 7.127609e-16
4523.0 6.089282e-16
4524.0 7.809553e-16
4525.0 8.730423e-16
4526.0 6.273388e-16
4527.0 5.162865e-16
4528.0 5.152036e-16
4529.0 4.866541e-16
4530.0 6.339288e-16
4531.0 8.493325e-16
4532.0 7.789462e-16
4533.0 5.472451e-16
4534.0 5.165506e-16
4535.0 5.122131e-16
4536.0 5.179908e-16
4537.0 6.381082e-16
4538.0 6.283701e-16
4539.0 6.352039e-16
4540.0 7.103476e-16
4541.0 5.924248e-16
4542.0 4.792963e-16
4543.0 5.238857e-16
4544.0 6.747436e-16
4545.0 7.423940e-16
4546.0 6.635374e-16
4547.0 5.590313e-16
4548.0 6.469462e-16
4549.0 6.465966e-16
4550.0 5.190985e-16
4551.0 5.217768e-16
4552.0 7.259506e-16
4553.0 7.207377e-16
4554.0 5.154701e-16
4555.0 5.352077e-16
4556.0 5.446178e-16
4557.0 5.380184e-16
4558.0 6.057420e-16
4559.0 6.128459e-16
4560.0 6.373825e-16
4561.0 6.540209e-16
4562.0 6.204129e-16
4563.0 5.988257e-16
4564.0 6.349783e-16
4565.0 6.227915e-16
4566.0 6.505034e-16
4567.0 6.573128e-16
4568.0 5.772741e-16
4569.0 5.522880e-16
4570.0 6.505822e-16
4571.0 6.809350e-16
4572.0 5.834336e-16
4573.0 6.419276e-16
4574.0 6.230108e-16
4575.0 4.513548e-16
4576.0 4.186688e-16
4577.0 5.664747e-16
4578.0 6.605289e-16
4579.0 5.425030e-16
4580.0 6.273464e-16
4581.0 6.052851e-16
4582.0 5.125672e-16
4583.0 4.520116e-16
4584.0 4.586178e-16
4585.0 5.183920e-16
4586.0 6.143557e-16
4587.0 6.335673e-16
4588.0 6.176823e-16
4589.0 6.126650e-16
4590.0 6.034695e-16
4591.0 6.411019e-16
4592.0 6.791104e-16
4593.0 6.534763e-16
4594.0 5.923595e-16
4595.0 5.300477e-16
4596.0 6.047245e-16
4597.0 6.457612e-16
4598.0 5.910080e-16
4599.0 6.474543e-16
4600.0 7.382633e-16
4601.0 6.887105e-16
4602.0 6.200689e-16
4603.0 6.123569e-16
4604.0 6.183661e-16
4605.0 7.194897e-16
4606.0 7.837912e-16
4607.0 6.194113e-16
4608.0 6.124687e-16
4609.0 7.378387e-16
4610.0 6.977021e-16
4611.0 6.281779e-16
4612.0 7.241316e-16
4613.0 7.923193e-16
4614.0 5.467999e-16
4615.0 6.401624e-16
4616.0 7.013068e-16
4617.0 5.950390e-16
4618.0 6.632198e-16
4619.0 7.062040e-16
4620.0 6.455180e-16
4621.0 5.745219e-16
4622.0 5.972366e-16
4623.0 6.437698e-16
4624.0 6.315253e-16
4625.0 6.412587e-16
4626.0 6.422992e-16
4627.0 6.261383e-16
4628.0 6.181821e-16
4629.0 4.961129e-16
4630.0 4.897783e-16
4631.0 5.101179e-16
4632.0 5.460300e-16
4633.0 4.918922e-16
4634.0 5.519713e-16
4635.0 6.723216e-16
4636.0 6.475692e-16
4637.0 6.209979e-16
4638.0 6.284056e-16
4639.0 5.585073e-16
4640.0 5.456628e-16
4641.0 6.614392e-16
4642.0 6.933198e-16
4643.0 5.222599e-16
4644.0 4.500697e-16
4645.0 5.153769e-16
4646.0 5.028660e-16
4647.0 5.239429e-16
4648.0 6.152980e-16
4649.0 6.991654e-16
4650.0 5.886262e-16
4651.0 5.298963e-16
4652.0 5.451027e-16
4653.0 5.132580e-16
4654.0 5.380033e-16
4655.0 6.208935e-16
4656.0 6.823549e-16
4657.0 6.613116e-16
4658.0 6.298079e-16
4659.0 5.916598e-16
4660.0 5.780404e-16
4661.0 5.955807e-16
4662.0 5.382668e-16
4663.0 5.369194e-16
4664.0 6.327757e-16
4665.0 5.980332e-16
4666.0 4.410780e-16
4667.0 4.648448e-16
4668.0 4.600225e-16
4669.0 4.408231e-16
4670.0 5.008207e-16
4671.0 5.680949e-16
4672.0 5.877446e-16
4673.0 5.414065e-16
4674.0 6.678089e-16
4675.0 6.559790e-16
4676.0 5.616575e-16
4677.0 6.510840e-16
4678.0 6.056499e-16
4679.0 5.436164e-16
4680.0 5.045350e-16
4681.0 4.672095e-16
4682.0 5.866170e-16
4683.0 6.422708e-16
4684.0 4.688515e-16
4685.0 5.299481e-16
4686.0 7.021648e-16
4687.0 6.418648e-16
4688.0 5.163064e-16
4689.0 4.895994e-16
4690.0 5.079883e-16
4691.0 5.000239e-16
4692.0 5.260039e-16
4693.0 5.705628e-16
4694.0 6.156705e-16
4695.0 6.300086e-16
4696.0 5.241125e-16
4697.0 4.944178e-16
4698.0 5.980241e-16
4699.0 5.712501e-16
4700.0 6.111283e-16
4701.0 6.600666e-16
4702.0 5.034655e-16
4703.0 4.771166e-16
4704.0 5.818678e-16
4705.0 6.019625e-16
4706.0 4.783593e-16
4707.0 4.400359e-16
4708.0 5.146461e-16
4709.0 6.144634e-16
4710.0 6.417194e-16
4711.0 6.549046e-16
4712.0 7.135381e-16
4713.0 7.412394e-16
4714.0 7.113506e-16
4715.0 6.769240e-16
4716.0 6.581766e-16
4717.0 6.039045e-16
4718.0 6.188126e-16
4719.0 7.373354e-16
4720.0 6.780869e-16
4721.0 6.799957e-16
4722.0 8.075229e-16
4723.0 7.654185e-16
4724.0 7.452639e-16
4725.0 7.781762e-16
4726.0 7.311008e-16
4727.0 7.265825e-16
4728.0 7.611755e-16
4729.0 7.146800e-16
4730.0 8.193943e-16
4731.0 8.915382e-16
4732.0 8.761577e-16
4733.0 8.470751e-16
4734.0 8.459798e-16
4735.0 8.073129e-16
4736.0 7.725313e-16
4737.0 8.045739e-16
4738.0 7.791810e-16
4739.0 8.037760e-16
4740.0 8.751339e-16
4741.0 8.189359e-16
4742.0 8.077084e-16
4743.0 7.726311e-16
4744.0 6.322945e-16
4745.0 6.068015e-16
4746.0 7.532094e-16
4747.0 8.310504e-16
4748.0 6.947632e-16
4749.0 6.787857e-16
4750.0 7.928700e-16
4751.0 7.349692e-16
4752.0 6.893454e-16
4753.0 7.468016e-16
4754.0 7.410972e-16
4755.0 6.725914e-16
4756.0 6.506736e-16
4757.0 6.797451e-16
4758.0 6.873204e-16
4759.0 7.129847e-16
4760.0 7.608842e-16
4761.0 7.596989e-16
4762.0 7.540262e-16
4763.0 7.557352e-16
4764.0 6.668566e-16
4765.0 7.235971e-16
4766.0 7.304462e-16
4767.0 7.723233e-16
4768.0 7.819223e-16
4769.0 7.280804e-16
4770.0 8.029763e-16
4771.0 9.157625e-16
4772.0 9.036930e-16
4773.0 9.338927e-16
4774.0 1.008089e-15
4775.0 1.035505e-15
4776.0 1.101519e-15
4777.0 1.128592e-15
4778.0 1.071552e-15
4779.0 1.003849e-15
4780.0 1.022762e-15
4781.0 1.114124e-15
4782.0 1.135451e-15
4783.0 1.126016e-15
4784.0 1.171377e-15
4785.0 1.125411e-15
4786.0 9.824078e-16
4787.0 9.219837e-16
4788.0 8.600325e-16
4789.0 9.212271e-16
4790.0 9.057937e-16
4791.0 9.121010e-16
4792.0 9.634204e-16
4793.0 8.908066e-16
4794.0 8.624818e-16
4795.0 8.147508e-16
4796.0 8.280459e-16
4797.0 7.244171e-16
4798.0 6.681570e-16
4799.0 6.648741e-16
4800.0 6.682349e-16
4801.0 6.640934e-16
4802.0 6.413564e-16
4803.0 6.024398e-16
4804.0 5.576840e-16
4805.0 6.047847e-16
4806.0 6.570774e-16
4807.0 5.059559e-16
4808.0 5.716162e-16
4809.0 7.096184e-16
4810.0 6.677626e-16
4811.0 6.611814e-16
4812.0 6.129608e-16
4813.0 5.599904e-16
4814.0 6.485759e-16
4815.0 6.257677e-16
4816.0 5.761952e-16
4817.0 5.305000e-16
4818.0 4.950265e-16
4819.0 5.476342e-16
4820.0 5.829341e-16
4821.0 5.125494e-16
4822.0 4.514908e-16
4823.0 5.081634e-16
4824.0 6.178300e-16
4825.0 5.759088e-16
4826.0 5.150174e-16
4827.0 5.440271e-16
4828.0 4.949821e-16
4829.0 4.647160e-16
4830.0 4.995734e-16
4831.0 4.999229e-16
4832.0 5.189455e-16
4833.0 5.703902e-16
4834.0 5.952135e-16
4835.0 5.880080e-16
4836.0 4.959805e-16
4837.0 4.165498e-16
4838.0 4.565034e-16
4839.0 4.460737e-16
4840.0 4.339791e-16
4841.0 4.789282e-16
4842.0 4.897265e-16
4843.0 5.424152e-16
4844.0 5.593671e-16
4845.0 4.323519e-16
4846.0 4.349326e-16
4847.0 4.219420e-16
4848.0 5.028523e-16
4849.0 5.081858e-16
4850.0 4.902511e-16
4851.0 4.955587e-16
4852.0 4.534931e-16
4853.0 3.894095e-16
4854.0 4.229386e-16
4855.0 4.845922e-16
4856.0 3.789327e-16
4857.0 3.212769e-16
4858.0 3.748721e-16
4859.0 4.757336e-16
4860.0 4.860022e-16
4861.0 4.603496e-16
4862.0 4.753845e-16
4863.0 4.498025e-16
4864.0 4.415239e-16
4865.0 4.730058e-16
4866.0 4.710964e-16
4867.0 3.697455e-16
4868.0 3.616879e-16
4869.0 3.782411e-16
4870.0 4.739906e-16
4871.0 5.004086e-16
4872.0 4.413438e-16
4873.0 4.610440e-16
4874.0 4.290879e-16
4875.0 3.915912e-16
4876.0 4.900993e-16
4877.0 4.090695e-16
4878.0 4.050680e-16
4879.0 4.745651e-16
4880.0 4.828719e-16
4881.0 3.885352e-16
4882.0 3.582624e-16
4883.0 4.343265e-16
4884.0 4.435471e-16
4885.0 3.806803e-16
4886.0 3.576087e-16
4887.0 4.308977e-16
4888.0 4.920045e-16
4889.0 4.560186e-16
4890.0 3.773327e-16
4891.0 4.096899e-16
4892.0 4.282864e-16
4893.0 3.892824e-16
4894.0 4.295737e-16
4895.0 5.069952e-16
4896.0 5.117196e-16
4897.0 4.664359e-16
4898.0 4.495646e-16
4899.0 4.310090e-16
4900.0 4.070319e-16
4901.0 3.846435e-16
4902.0 4.327864e-16
4903.0 4.681025e-16
4904.0 5.396172e-16
4905.0 5.272595e-16
4906.0 5.004704e-16
4907.0 4.640243e-16
4908.0 4.054361e-16
4909.0 4.547051e-16
4910.0 5.073962e-16
4911.0 4.780941e-16
4912.0 4.769789e-16
4913.0 4.805124e-16
4914.0 4.705844e-16
4915.0 5.055914e-16
4916.0 4.979435e-16
4917.0 4.661997e-16
4918.0 5.212863e-16
4919.0 5.920905e-16
4920.0 5.442041e-16
4921.0 5.236073e-16
4922.0 5.869864e-16
4923.0 6.220089e-16
4924.0 5.755003e-16
4925.0 4.673507e-16
4926.0 3.919968e-16
4927.0 4.369968e-16
4928.0 4.604407e-16
4929.0 4.030162e-16
4930.0 4.755351e-16
4931.0 5.507894e-16
4932.0 5.023648e-16
4933.0 4.510504e-16
4934.0 5.304421e-16
4935.0 6.032458e-16
4936.0 5.214375e-16
4937.0 5.452545e-16
4938.0 5.361042e-16
4939.0 3.777867e-16
4940.0 4.204778e-16
4941.0 5.071178e-16
4942.0 5.047363e-16
4943.0 5.261782e-16
4944.0 5.644742e-16
4945.0 5.472278e-16
4946.0 4.508419e-16
4947.0 4.825951e-16
4948.0 5.908341e-16
4949.0 6.026762e-16
4950.0 5.343525e-16
4951.0 5.944843e-16
4952.0 6.664320e-16
4953.0 6.129540e-16
4954.0 6.485457e-16
4955.0 6.862632e-16
4956.0 7.013675e-16
4957.0 7.488866e-16
4958.0 7.835665e-16
4959.0 8.007067e-16
4960.0 8.529222e-16
4961.0 8.368565e-16
4962.0 8.050779e-16
4963.0 7.465413e-16
4964.0 6.662301e-16
4965.0 5.986176e-16
4966.0 5.865013e-16
4967.0 6.353128e-16
4968.0 6.369988e-16
4969.0 6.843866e-16
4970.0 6.822589e-16
4971.0 5.649528e-16
4972.0 5.264578e-16
4973.0 5.306934e-16
4974.0 5.154583e-16
4975.0 4.595851e-16
4976.0 5.015128e-16
4977.0 5.917668e-16
4978.0 5.747895e-16
4979.0 5.510472e-16
4980.0 5.318760e-16
4981.0 5.087718e-16
4982.0 5.371507e-16
4983.0 5.466556e-16
4984.0 5.119900e-16
4985.0 4.909908e-16
4986.0 4.551747e-16
4987.0 4.600258e-16
4988.0 4.941559e-16
4989.0 4.418120e-16
4990.0 4.247182e-16
4991.0 4.721768e-16
4992.0 4.980214e-16
4993.0 3.947746e-16
4994.0 4.051343e-16
4995.0 4.855927e-16
4996.0 4.071566e-16
4997.0 4.525669e-16
4998.0 5.667469e-16
4999.0 4.850395e-16
5000.0 4.304079e-16
5001.0 4.446177e-16
5002.0 4.525899e-16
5003.0 4.873257e-16
5004.0 4.527738e-16
5005.0 3.900843e-16
5006.0 4.341997e-16
5007.0 4.407469e-16
5008.0 5.129048e-16
5009.0 5.385618e-16
5010.0 4.660888e-16
5011.0 4.286141e-16
5012.0 4.392950e-16
5013.0 4.187759e-16
5014.0 4.178553e-16
5015.0 4.531993e-16
5016.0 4.654381e-16
5017.0 4.105423e-16
5018.0 4.240754e-16
5019.0 5.182408e-16
5020.0 5.337956e-16
5021.0 4.698995e-16
5022.0 4.161602e-16
5023.0 3.829984e-16
5024.0 4.144343e-16
5025.0 4.375542e-16
5026.0 4.366570e-16
5027.0 4.621892e-16
5028.0 4.874724e-16
5029.0 4.253679e-16
5030.0 3.830269e-16
5031.0 3.841955e-16
5032.0 4.709722e-16
5033.0 5.404361e-16
5034.0 4.604904e-16
5035.0 4.613249e-16
5036.0 4.682340e-16
5037.0 4.261995e-16
5038.0 4.648658e-16
5039.0 4.922637e-16
5040.0 4.376262e-16
5041.0 3.530788e-16
5042.0 3.803421e-16
5043.0 4.203443e-16
5044.0 3.644078e-16
5045.0 3.823622e-16
5046.0 4.690024e-16
5047.0 4.813056e-16
5048.0 3.883537e-16
5049.0 3.999386e-16
5050.0 4.357094e-16
5051.0 4.475353e-16
5052.0 4.394517e-16
5053.0 4.003359e-16
5054.0 3.318476e-16
5055.0 3.608960e-16
5056.0 3.967697e-16
5057.0 4.202653e-16
5058.0 4.950964e-16
5059.0 3.964040e-16
5060.0 3.985748e-16
5061.0 4.097725e-16
5062.0 3.652412e-16
5063.0 3.841627e-16
5064.0 3.830851e-16
5065.0 4.031909e-16
5066.0 4.407932e-16
5067.0 4.074312e-16
5068.0 3.392797e-16
5069.0 3.633461e-16
5070.0 3.630863e-16
5071.0 3.400746e-16
5072.0 4.209132e-16
5073.0 3.496191e-16
5074.0 3.370689e-16
5075.0 3.576892e-16
5076.0 4.202760e-16
5077.0 4.400072e-16
5078.0 3.914063e-16
5079.0 4.301756e-16
5080.0 4.313058e-16
5081.0 3.536007e-16
5082.0 3.057316e-16
5083.0 3.613756e-16
5084.0 3.864738e-16
5085.0 3.772202e-16
5086.0 3.502016e-16
5087.0 3.479191e-16
5088.0 3.278115e-16
5089.0 3.310800e-16
5090.0 3.962727e-16
5091.0 3.790152e-16
5092.0 3.256500e-16
5093.0 3.426164e-16
5094.0 3.723592e-16
5095.0 3.851024e-16
5096.0 3.945159e-16
5097.0 4.205281e-16
5098.0 4.171900e-16
5099.0 3.671120e-16
5100.0 3.530144e-16
5101.0 4.081847e-16
5102.0 4.169273e-16
5103.0 3.736180e-16
5104.0 3.504011e-16
5105.0 3.804962e-16
5106.0 3.829938e-16
5107.0 3.629666e-16
5108.0 3.762858e-16
5109.0 3.985701e-16
5110.0 4.668221e-16
5111.0 5.141898e-16
5112.0 4.119827e-16
5113.0 3.703662e-16
5114.0 4.246311e-16
5115.0 4.044980e-16
5116.0 3.952036e-16
5117.0 3.827875e-16
5118.0 3.277463e-16
5119.0 3.301839e-16
5120.0 3.459079e-16
5121.0 3.238087e-16
5122.0 3.640297e-16
5123.0 3.804625e-16
5124.0 3.736215e-16
5125.0 4.109468e-16
5126.0 4.419931e-16
5127.0 4.325412e-16
5128.0 3.784524e-16
5129.0 3.925289e-16
5130.0 4.174253e-16
5131.0 4.086642e-16
5132.0 4.147074e-16
5133.0 3.635907e-16
5134.0 3.652654e-16
5135.0 3.195301e-16
5136.0 2.570851e-16
5137.0 3.327026e-16
5138.0 4.150836e-16
5139.0 4.006735e-16
5140.0 3.727619e-16
5141.0 3.545782e-16
5142.0 3.703030e-16
5143.0 3.884290e-16
5144.0 3.652239e-16
5145.0 3.535906e-16
5146.0 3.832152e-16
5147.0 3.821543e-16
5148.0 4.076252e-16
5149.0 3.612784e-16
5150.0 3.014053e-16
5151.0 3.452797e-16
5152.0 4.388343e-16
5153.0 4.183691e-16
5154.0 3.644713e-16
5155.0 3.377198e-16
5156.0 3.590979e-16
5157.0 3.834059e-16
5158.0 3.820144e-16
5159.0 3.611886e-16
5160.0 3.364249e-16
5161.0 3.777560e-16
5162.0 4.152224e-16
5163.0 3.918920e-16
5164.0 3.728962e-16
5165.0 4.248783e-16
5166.0 4.718576e-16
5167.0 3.354497e-16
5168.0 2.980792e-16
5169.0 3.762163e-16
5170.0 3.729227e-16
5171.0 2.996945e-16
5172.0 2.467896e-16
5173.0 2.806195e-16
5174.0 3.553810e-16
5175.0 4.171690e-16
5176.0 3.787536e-16
5177.0 3.268609e-16
5178.0 4.148506e-16
5179.0 3.916589e-16
5180.0 3.283470e-16
5181.0 3.296336e-16
5182.0 3.407192e-16
5183.0 3.571985e-16
5184.0 3.392761e-16
5185.0 3.625782e-16
5186.0 3.057896e-16
5187.0 2.684736e-16
5188.0 3.374655e-16
5189.0 3.518419e-16
5190.0 3.459619e-16
5191.0 3.392577e-16
5192.0 3.184617e-16
5193.0 3.786419e-16
5194.0 4.357454e-16
5195.0 3.839272e-16
5196.0 3.480262e-16
5197.0 3.194845e-16
5198.0 2.808887e-16
5199.0 2.784031e-16
5200.0 3.012905e-16
5201.0 3.051843e-16
5202.0 2.359959e-16
5203.0 2.786334e-16
5204.0 3.137801e-16
5205.0 2.846086e-16
5206.0 3.049972e-16
5207.0 3.363129e-16
5208.0 3.433704e-16
5209.0 3.189182e-16
5210.0 3.370189e-16
5211.0 3.493856e-16
5212.0 3.268200e-16
5213.0 3.172288e-16
5214.0 3.104569e-16
5215.0 2.873045e-16
5216.0 3.075793e-16
5217.0 3.566938e-16
5218.0 3.418977e-16
5219.0 2.885712e-16
5220.0 2.744170e-16
5221.0 3.455091e-16
5222.0 4.016686e-16
5223.0 3.369552e-16
5224.0 2.778280e-16
5225.0 3.091619e-16
5226.0 3.515382e-16
5227.0 3.073774e-16
5228.0 2.836045e-16
5229.0 3.152281e-16
5230.0 3.554627e-16
5231.0 3.851287e-16
5232.0 4.271011e-16
5233.0 4.325394e-16
5234.0 3.538599e-16
5235.0 3.242368e-16
5236.0 3.384103e-16
5237.0 3.063862e-16
5238.0 3.164389e-16
5239.0 3.174087e-16
5240.0 2.934401e-16
5241.0 2.945887e-16
5242.0 2.926206e-16
5243.0 2.470293e-16
5244.0 2.294787e-16
5245.0 2.820228e-16
5246.0 3.291327e-16
5247.0 3.065668e-16
5248.0 2.663471e-16
5249.0 3.003605e-16
5250.0 3.208078e-16
5251.0 3.184824e-16
5252.0 3.510121e-16
5253.0 3.662710e-16
5254.0 3.267931e-16
5255.0 3.018591e-16
5256.0 3.489626e-16
5257.0 4.032201e-16
5258.0 3.930016e-16
5259.0 3.296862e-16
5260.0 2.816221e-16
5261.0 2.682006e-16
5262.0 2.993150e-16
5263.0 3.048646e-16
5264.0 3.161308e-16
5265.0 3.637097e-16
5266.0 3.775921e-16
5267.0 3.460541e-16
5268.0 3.428559e-16
5269.0 3.375433e-16
5270.0 3.110845e-16
5271.0 3.086237e-16
5272.0 2.993163e-16
5273.0 3.044027e-16
5274.0 3.280152e-16
5275.0 3.331541e-16
5276.0 3.080333e-16
5277.0 2.842533e-16
5278.0 2.580244e-16
5279.0 3.057946e-16
5280.0 2.984200e-16
5281.0 2.842830e-16
5282.0 3.206460e-16
5283.0 3.137436e-16
5284.0 3.150781e-16
5285.0 3.103904e-16
5286.0 2.388803e-16
5287.0 2.108864e-16
5288.0 2.223668e-16
5289.0 1.893599e-16
5290.0 1.911349e-16
5291.0 2.757540e-16
5292.0 3.458234e-16
5293.0 3.065280e-16
5294.0 2.890938e-16
5295.0 2.753354e-16
5296.0 2.155248e-16
5297.0 2.585915e-16
5298.0 2.623768e-16
5299.0 2.307732e-16
5300.0 3.037676e-16
5301.0 3.438218e-16
5302.0 3.036694e-16
5303.0 2.797870e-16
5304.0 2.689887e-16
5305.0 2.832584e-16
5306.0 2.978933e-16
5307.0 2.942778e-16
5308.0 2.557029e-16
5309.0 2.546666e-16
5310.0 2.785051e-16
5311.0 2.406604e-16
5312.0 2.846454e-16
5313.0 2.768783e-16
5314.0 2.350332e-16
5315.0 2.462564e-16
5316.0 2.828399e-16
5317.0 3.057267e-16
5318.0 3.055755e-16
5319.0 3.102587e-16
5320.0 3.044009e-16
5321.0 2.729001e-16
5322.0 2.297954e-16
5323.0 2.265077e-16
5324.0 3.053775e-16
5325.0 2.917504e-16
5326.0 2.785624e-16
5327.0 3.020129e-16
5328.0 2.117004e-16
5329.0 2.542463e-16
5330.0 2.739243e-16
5331.0 2.533061e-16
5332.0 2.909807e-16
5333.0 2.498488e-16
5334.0 1.937191e-16
5335.0 2.597812e-16
5336.0 3.048733e-16
5337.0 2.869234e-16
5338.0 2.609752e-16
5339.0 2.605383e-16
5340.0 3.073347e-16
5341.0 3.061820e-16
5342.0 2.525112e-16
5343.0 2.844282e-16
5344.0 3.155503e-16
5345.0 2.667520e-16
5346.0 2.702970e-16
5347.0 2.656009e-16
5348.0 2.128458e-16
5349.0 1.871149e-16
5350.0 2.855064e-16
5351.0 3.436123e-16
5352.0 2.885253e-16
5353.0 2.491509e-16
5354.0 2.222190e-16
5355.0 2.677157e-16
5356.0 2.747907e-16
5357.0 2.494999e-16
5358.0 2.402588e-16
5359.0 2.456368e-16
5360.0 2.741729e-16
5361.0 2.743710e-16
5362.0 2.798963e-16
5363.0 2.480522e-16
5364.0 2.387608e-16
5365.0 2.799763e-16
5366.0 2.695940e-16
5367.0 2.139212e-16
5368.0 2.121883e-16
5369.0 2.709360e-16
5370.0 2.599315e-16
5371.0 2.384061e-16
5372.0 2.698303e-16
5373.0 2.994557e-16
5374.0 2.671368e-16
5375.0 2.527161e-16
5376.0 2.347678e-16
5377.0 1.915668e-16
5378.0 2.135473e-16
5379.0 2.923661e-16
5380.0 3.334526e-16
5381.0 2.939474e-16
5382.0 2.843950e-16
5383.0 2.911843e-16
5384.0 3.067235e-16
5385.0 3.529655e-16
5386.0 2.965786e-16
5387.0 2.455597e-16
5388.0 2.760570e-16
5389.0 3.199179e-16
5390.0 3.202463e-16
5391.0 2.736762e-16
5392.0 2.398079e-16
5393.0 2.792445e-16
5394.0 3.396882e-16
5395.0 2.842545e-16
5396.0 2.702187e-16
5397.0 3.243600e-16
5398.0 3.420209e-16
5399.0 3.258964e-16
5400.0 3.121781e-16
5401.0 3.167572e-16
5402.0 2.188420e-16
5403.0 2.054888e-16
5404.0 2.904101e-16
5405.0 2.880925e-16
5406.0 1.612222e-16
5407.0 1.910035e-16
5408.0 2.679821e-16
5409.0 2.566602e-16
5410.0 2.746336e-16
5411.0 3.322620e-16
5412.0 2.763256e-16
5413.0 2.503676e-16
5414.0 2.119186e-16
5415.0 1.881067e-16
5416.0 2.892942e-16
5417.0 2.883881e-16
5418.0 2.698802e-16
5419.0 2.721311e-16
5420.0 2.678688e-16
5421.0 2.588334e-16
5422.0 2.202763e-16
5423.0 2.810883e-16
5424.0 2.765820e-16
5425.0 2.158099e-16
5426.0 2.355751e-16
5427.0 2.337795e-16
5428.0 2.585974e-16
5429.0 2.925801e-16
5430.0 3.056001e-16
5431.0 2.820516e-16
5432.0 2.932866e-16
5433.0 3.230486e-16
5434.0 2.544366e-16
5435.0 2.284879e-16
5436.0 2.919088e-16
5437.0 2.319280e-16
5438.0 2.049025e-16
5439.0 2.388096e-16
5440.0 2.556123e-16
5441.0 2.434294e-16
5442.0 2.314661e-16
5443.0 2.261583e-16
5444.0 2.284812e-16
5445.0 2.147269e-16
5446.0 2.017045e-16
5447.0 2.550305e-16
5448.0 2.816332e-16
5449.0 2.513803e-16
5450.0 2.046865e-16
5451.0 1.957838e-16
5452.0 2.134463e-16
5453.0 2.146688e-16
5454.0 2.667319e-16
5455.0 2.949527e-16
5456.0 2.700119e-16
5457.0 2.860491e-16
5458.0 2.981131e-16
5459.0 3.365792e-16
5460.0 3.219339e-16
5461.0 1.967052e-16
5462.0 1.822795e-16
5463.0 2.483707e-16
5464.0 2.695173e-16
5465.0 2.882144e-16
5466.0 3.425051e-16
5467.0 2.722114e-16
5468.0 2.299306e-16
5469.0 2.114714e-16
5470.0 1.865680e-16
5471.0 2.113248e-16
5472.0 2.423940e-16
5473.0 2.436332e-16
5474.0 2.291902e-16
5475.0 2.313419e-16
5476.0 2.618615e-16
5477.0 2.735779e-16
5478.0 2.174613e-16
5479.0 1.798386e-16
5480.0 2.272803e-16
5481.0 2.518574e-16
5482.0 2.315219e-16
5483.0 2.442288e-16
5484.0 2.590125e-16
5485.0 2.243559e-16
5486.0 2.622379e-16
5487.0 2.825639e-16
5488.0 2.556244e-16
5489.0 2.302901e-16
5490.0 2.494363e-16
5491.0 2.760563e-16
5492.0 2.176082e-16
5493.0 1.862846e-16
5494.0 2.355985e-16
5495.0 2.433019e-16
5496.0 2.640133e-16
5497.0 2.239653e-16
5498.0 2.043034e-16
5499.0 2.655626e-16
5500.0 2.201183e-16
5501.0 1.936650e-16
5502.0 2.364452e-16
5503.0 2.545671e-16
5504.0 2.369777e-16
5505.0 2.510852e-16
5506.0 2.179149e-16
5507.0 2.201490e-16
5508.0 2.155935e-16
5509.0 2.283846e-16
5510.0 2.550218e-16
5511.0 2.311900e-16
5512.0 2.328693e-16
5513.0 2.796645e-16
5514.0 2.712581e-16
5515.0 1.896349e-16
5516.0 1.873712e-16
5517.0 2.832213e-16
5518.0 3.479391e-16
5519.0 3.418076e-16
5520.0 3.235629e-16
5521.0 2.749785e-16
5522.0 2.573352e-16
5523.0 3.062951e-16
5524.0 2.856854e-16
5525.0 2.376497e-16
5526.0 2.079515e-16
5527.0 2.310033e-16
5528.0 3.068678e-16
5529.0 2.989806e-16
5530.0 2.530882e-16
5531.0 2.830148e-16
5532.0 3.061341e-16
5533.0 3.119660e-16
5534.0 2.995565e-16
5535.0 2.492360e-16
5536.0 2.588004e-16
5537.0 3.142643e-16
5538.0 3.178478e-16
5539.0 2.566305e-16
5540.0 2.138379e-16
5541.0 2.238543e-16
5542.0 2.410313e-16
5543.0 2.333412e-16
5544.0 2.111744e-16
5545.0 1.981781e-16
5546.0 2.478509e-16
5547.0 2.663146e-16
5548.0 2.303479e-16
5549.0 2.774917e-16
5550.0 3.136417e-16
5551.0 2.493135e-16
5552.0 1.875684e-16
5553.0 1.732300e-16
5554.0 2.070740e-16
5555.0 2.238816e-16
5556.0 1.940132e-16
5557.0 2.004273e-16
5558.0 2.472800e-16
5559.0 2.280793e-16
5560.0 1.680989e-16
5561.0 2.637024e-16
5562.0 2.733850e-16
5563.0 2.152859e-16
5564.0 2.248820e-16
5565.0 1.914459e-16
5566.0 1.688216e-16
5567.0 2.292216e-16
5568.0 2.737785e-16
5569.0 2.640739e-16
5570.0 2.514717e-16
5571.0 2.338008e-16
5572.0 2.260014e-16
5573.0 2.029635e-16
5574.0 9.690168e-17
5575.0 2.043276e-16
5576.0 4.067311e-16
5577.0 3.906786e-16
5578.0 2.961665e-16
5579.0 2.493423e-16
5580.0 2.825331e-16
5581.0 2.782671e-16
5582.0 2.642194e-16
5583.0 2.592793e-16
5584.0 2.491719e-16
5585.0 2.303488e-16
5586.0 2.345164e-16
5587.0 2.656068e-16
5588.0 2.295944e-16
5589.0 2.076936e-16
5590.0 2.282024e-16
5591.0 2.429844e-16
5592.0 2.486779e-16
5593.0 2.671741e-16
5594.0 2.384485e-16
5595.0 2.165758e-16
5596.0 2.462463e-16
5597.0 2.153124e-16
5598.0 1.984195e-16
5599.0 2.361980e-16
5600.0 2.870489e-16
5601.0 2.690849e-16
5602.0 2.416974e-16
5603.0 2.397168e-16
5604.0 2.630470e-16
5605.0 2.660802e-16
5606.0 2.238675e-16
5607.0 2.151887e-16
5608.0 2.251181e-16
5609.0 2.207097e-16
5610.0 2.454699e-16
5611.0 2.502959e-16
5612.0 2.249276e-16
5613.0 2.571159e-16
5614.0 2.796376e-16
5615.0 2.184797e-16
5616.0 2.127027e-16
5617.0 2.280891e-16
5618.0 2.009520e-16
5619.0 1.642880e-16
5620.0 1.776218e-16
5621.0 2.387637e-16
5622.0 2.608467e-16
5623.0 1.608274e-16
5624.0 1.719427e-16
5625.0 2.389762e-16
5626.0 2.041928e-16
5627.0 2.135215e-16
5628.0 2.061772e-16
5629.0 1.598352e-16
5630.0 2.111011e-16
5631.0 2.642215e-16
5632.0 2.324462e-16
5633.0 2.031750e-16
5634.0 1.723346e-16
5635.0 1.546786e-16
5636.0 1.798818e-16
5637.0 2.103332e-16
5638.0 2.121972e-16
5639.0 2.082328e-16
5640.0 2.131308e-16
5641.0 1.713640e-16
5642.0 1.649496e-16
5643.0 2.192364e-16
5644.0 2.249553e-16
5645.0 1.908488e-16
5646.0 1.869973e-16
5647.0 2.546677e-16
5648.0 2.620384e-16
5649.0 2.078077e-16
5650.0 2.036069e-16
5651.0 1.964421e-16
5652.0 1.870945e-16
5653.0 2.132366e-16
5654.0 2.462993e-16
5655.0 2.523783e-16
5656.0 2.335708e-16
5657.0 1.733756e-16
5658.0 1.235260e-16
5659.0 1.645084e-16
5660.0 2.548790e-16
5661.0 2.960125e-16
5662.0 2.439580e-16
5663.0 2.059029e-16
5664.0 2.126936e-16
5665.0 2.414674e-16
5666.0 2.448957e-16
5667.0 2.234154e-16
5668.0 1.523726e-16
5669.0 1.490426e-16
5670.0 2.002163e-16
5671.0 2.011114e-16
5672.0 2.494217e-16
5673.0 2.668833e-16
5674.0 2.136326e-16
5675.0 1.774187e-16
5676.0 1.660318e-16
5677.0 1.986773e-16
5678.0 2.196397e-16
5679.0 2.158813e-16
5680.0 1.714560e-16
5681.0 1.303033e-16
5682.0 1.956690e-16
5683.0 2.466258e-16
5684.0 2.108991e-16
5685.0 1.547543e-16
5686.0 1.567645e-16
5687.0 2.043614e-16
5688.0 2.363624e-16
5689.0 1.970586e-16
5690.0 2.184652e-16
5691.0 2.791454e-16
5692.0 2.545219e-16
5693.0 1.963062e-16
5694.0 1.873409e-16
5695.0 1.929302e-16
5696.0 1.699367e-16
5697.0 2.368299e-16
5698.0 2.266829e-16
5699.0 1.619238e-16
5700.0 2.299897e-16
5701.0 1.961506e-16
5702.0 1.965002e-16
5703.0 2.439043e-16
5704.0 2.197144e-16
5705.0 2.072792e-16
5706.0 2.018080e-16
5707.0 1.977922e-16
5708.0 2.056517e-16
5709.0 1.825551e-16
5710.0 2.074792e-16
5711.0 2.498421e-16
5712.0 2.358593e-16
5713.0 1.810033e-16
5714.0 1.578530e-16
5715.0 1.592503e-16
5716.0 1.715902e-16
5717.0 1.882502e-16
5718.0 1.857591e-16
5719.0 2.175928e-16
5720.0 2.248343e-16
5721.0 2.024057e-16
5722.0 2.179554e-16
5723.0 2.731556e-16
5724.0 2.811550e-16
5725.0 2.477369e-16
5726.0 2.605244e-16
5727.0 2.357145e-16
5728.0 2.554866e-16
5729.0 2.667743e-16
5730.0 1.811613e-16
5731.0 1.901142e-16
5732.0 2.422965e-16
5733.0 2.334733e-16
5734.0 1.976789e-16
5735.0 1.464819e-16
5736.0 1.441582e-16
5737.0 1.914312e-16
5738.0 1.962770e-16
5739.0 2.445354e-16
5740.0 2.455046e-16
5741.0 1.907923e-16
5742.0 2.124948e-16
5743.0 2.593584e-16
5744.0 2.703102e-16
5745.0 2.091939e-16
5746.0 1.631681e-16
5747.0 1.763968e-16
5748.0 2.119542e-16
5749.0 2.478973e-16
5750.0 2.171318e-16
5751.0 1.860772e-16
5752.0 1.943356e-16
5753.0 1.924171e-16
5754.0 1.876381e-16
5755.0 1.938389e-16
5756.0 2.132347e-16
5757.0 2.006022e-16
5758.0 1.654274e-16
5759.0 2.045758e-16
5760.0 2.133175e-16
5761.0 1.879943e-16
5762.0 2.005664e-16
5763.0 1.926299e-16
5764.0 1.764044e-16
5765.0 1.808699e-16
5766.0 1.741240e-16
5767.0 1.968423e-16
5768.0 2.256224e-16
5769.0 1.589431e-16
5770.0 1.350586e-16
5771.0 2.407392e-16
5772.0 2.811895e-16
5773.0 2.086713e-16
5774.0 1.633104e-16
5775.0 2.122349e-16
5776.0 2.407152e-16
5777.0 2.112876e-16
5778.0 1.623704e-16
5779.0 1.036315e-16
5780.0 9.694359e-17
5781.0 1.046852e-16
5782.0 9.416334e-17
5783.0 1.130536e-16
5784.0 1.481880e-16
5785.0 1.764259e-16
5786.0 1.849335e-16
5787.0 1.808319e-16
5788.0 2.045364e-16
5789.0 2.219399e-16
5790.0 1.768039e-16
5791.0 1.283216e-16
5792.0 1.552485e-16
5793.0 1.922190e-16
5794.0 1.727635e-16
5795.0 1.504143e-16
5796.0 1.679928e-16
5797.0 1.922695e-16
5798.0 2.039454e-16
5799.0 1.553835e-16
5800.0 1.469874e-16
5801.0 2.233055e-16
5802.0 2.223334e-16
5803.0 1.718612e-16
5804.0 2.266629e-16
5805.0 2.673792e-16
5806.0 2.574000e-16
5807.0 2.336628e-16
5808.0 2.006143e-16
5809.0 1.347082e-16
5810.0 1.040186e-16
5811.0 1.781312e-16
5812.0 1.632649e-16
5813.0 1.290415e-16
5814.0 1.768588e-16
5815.0 2.012424e-16
5816.0 1.688741e-16
5817.0 1.210715e-16
5818.0 1.125256e-16
5819.0 1.321329e-16
5820.0 1.354207e-16
5821.0 1.557601e-16
5822.0 2.069133e-16
5823.0 1.714406e-16
5824.0 1.198364e-16
5825.0 1.452807e-16
5826.0 1.624683e-16
5827.0 1.411510e-16
5828.0 1.365182e-16
5829.0 1.563840e-16
5830.0 1.709836e-16
5831.0 1.764882e-16
5832.0 1.923559e-16
5833.0 1.531874e-16
5834.0 1.292551e-16
5835.0 1.463735e-16
5836.0 1.780823e-16
5837.0 1.962233e-16
5838.0 1.410234e-16
5839.0 1.617160e-16
5840.0 1.700304e-16
5841.0 1.316245e-16
5842.0 1.763415e-16
5843.0 1.957345e-16
5844.0 1.684679e-16
5845.0 1.511804e-16
5846.0 1.657056e-16
5847.0 1.900840e-16
5848.0 1.860359e-16
5849.0 1.726468e-16
5850.0 2.008110e-16
5851.0 1.845661e-16
5852.0 1.815262e-16
5853.0 2.303896e-16
5854.0 2.223446e-16
5855.0 1.759950e-16
5856.0 1.496244e-16
5857.0 1.820702e-16
5858.0 2.134733e-16
5859.0 2.087989e-16
5860.0 1.466505e-16
5861.0 1.696893e-16
5862.0 1.770792e-16
5863.0 1.483539e-16
5864.0 1.557502e-16
5865.0 1.997991e-16
5866.0 2.053699e-16
5867.0 1.644412e-16
5868.0 1.462119e-16
5869.0 1.057627e-16
5870.0 1.259490e-16
5871.0 1.549727e-16
5872.0 1.335092e-16
5873.0 1.064772e-16
5874.0 1.640073e-16
5875.0 1.520993e-16
5876.0 1.128428e-16
5877.0 1.388393e-16
5878.0 1.613930e-16
5879.0 1.694579e-16
5880.0 1.709671e-16
5881.0 1.967648e-16
5882.0 2.304178e-16
5883.0 1.855869e-16
5884.0 1.024021e-16
5885.0 1.795891e-16
5886.0 1.977633e-16
5887.0 1.212736e-16
5888.0 1.077240e-16
5889.0 1.516337e-16
5890.0 1.935216e-16
5891.0 1.867221e-16
5892.0 1.392995e-16
5893.0 1.032777e-16
5894.0 9.553947e-17
5895.0 1.185523e-16
5896.0 1.381747e-16
5897.0 1.723053e-16
5898.0 2.000996e-16
5899.0 1.702424e-16
5900.0 1.575174e-16
5901.0 1.354915e-16
5902.0 1.109253e-16
5903.0 1.299615e-16
5904.0 1.436944e-16
5905.0 1.187723e-16
5906.0 1.238908e-16
5907.0 1.523506e-16
5908.0 1.514949e-16
5909.0 1.204681e-16
5910.0 1.087568e-16
5911.0 1.254370e-16
5912.0 1.460436e-16
5913.0 1.439725e-16
5914.0 1.331300e-16
5915.0 1.207339e-16
5916.0 1.183331e-16
5917.0 1.454666e-16
5918.0 1.951922e-16
5919.0 1.908568e-16
5920.0 2.067037e-16
5921.0 2.013728e-16
5922.0 1.697561e-16
5923.0 1.791303e-16
5924.0 1.683740e-16
5925.0 1.313268e-16
5926.0 1.044680e-16
5927.0 1.444242e-16
5928.0 1.715596e-16
5929.0 1.668932e-16
5930.0 1.558973e-16
5931.0 8.608269e-17
5932.0 8.407813e-17
5933.0 1.915919e-16
5934.0 2.545781e-16
5935.0 2.059894e-16
5936.0 1.311823e-16
5937.0 1.368898e-16
5938.0 1.413183e-16
5939.0 1.497819e-16
5940.0 1.632798e-16
5941.0 1.561326e-16
5942.0 1.885758e-16
5943.0 2.212831e-16
5944.0 2.098547e-16
5945.0 2.138280e-16
5946.0 2.097920e-16
5947.0 1.836831e-16
5948.0 1.776132e-16
5949.0 1.564081e-16
5950.0 1.485292e-16
5951.0 1.908660e-16
5952.0 2.027180e-16
5953.0 1.592401e-16
5954.0 1.604523e-16
5955.0 1.800571e-16
5956.0 1.496252e-16
5957.0 1.493694e-16
5958.0 2.042609e-16
5959.0 2.289916e-16
5960.0 1.872204e-16
5961.0 1.430748e-16
5962.0 1.489307e-16
5963.0 1.472497e-16
5964.0 1.358933e-16
5965.0 1.690043e-16
5966.0 1.920621e-16
5967.0 2.113485e-16
5968.0 2.027717e-16
5969.0 1.681081e-16
5970.0 1.697370e-16
5971.0 1.377116e-16
5972.0 1.348478e-16
5973.0 1.696142e-16
5974.0 1.689723e-16
5975.0 2.044426e-16
5976.0 2.186859e-16
5977.0 1.678612e-16
5978.0 1.567816e-16
5979.0 2.075883e-16
5980.0 2.250874e-16
5981.0 2.079475e-16
5982.0 2.046851e-16
5983.0 2.327592e-16
5984.0 2.131398e-16
5985.0 1.864996e-16
5986.0 1.884404e-16
5987.0 2.243624e-16
5988.0 2.626315e-16
5989.0 2.235276e-16
5990.0 2.351291e-16
5991.0 2.693704e-16
5992.0 2.491130e-16
5993.0 2.377263e-16
5994.0 2.746374e-16
5995.0 2.988933e-16
5996.0 2.644330e-16
5997.0 2.112014e-16
5998.0 1.963662e-16
5999.0 2.072354e-16
6000.0 1.950991e-16
6001.0 1.680100e-16
6002.0 1.727982e-16
6003.0 2.090221e-16
6004.0 1.793379e-16
6005.0 1.570751e-16
6006.0 1.703382e-16
6007.0 1.607519e-16
6008.0 1.589022e-16
6009.0 1.721568e-16
6010.0 1.819636e-16
6011.0 1.673682e-16
6012.0 1.745574e-16
6013.0 2.010579e-16
6014.0 1.979774e-16
6015.0 1.668383e-16
6016.0 1.607200e-16
6017.0 1.820797e-16
6018.0 1.750600e-16
6019.0 2.009546e-16
6020.0 2.266204e-16
6021.0 1.878119e-16
6022.0 1.596462e-16
6023.0 1.714442e-16
6024.0 1.816463e-16
6025.0 1.493000e-16
6026.0 1.455940e-16
6027.0 1.783416e-16
6028.0 2.071591e-16
6029.0 1.742802e-16
6030.0 1.357315e-16
6031.0 1.469404e-16
6032.0 1.671393e-16
6033.0 1.447033e-16
6034.0 1.104486e-16
6035.0 1.194386e-16
6036.0 1.402104e-16
6037.0 1.634601e-16
6038.0 1.753687e-16
6039.0 1.599072e-16
6040.0 1.851607e-16
6041.0 1.982119e-16
6042.0 1.415103e-16
6043.0 8.553133e-17
6044.0 8.971529e-17
6045.0 1.339030e-16
6046.0 1.531123e-16
6047.0 1.493492e-16
6048.0 1.370965e-16
6049.0 1.111087e-16
6050.0 1.275764e-16
6051.0 1.403881e-16
6052.0 1.202336e-16
6053.0 1.381511e-16
6054.0 1.574250e-16
6055.0 1.606322e-16
6056.0 1.252022e-16
6057.0 7.456866e-17
6058.0 9.539307e-17
6059.0 1.408278e-16
6060.0 1.138744e-16
6061.0 1.249017e-16
6062.0 1.599432e-16
6063.0 1.426137e-16
6064.0 1.120199e-16
6065.0 1.385863e-16
6066.0 1.685295e-16
6067.0 1.166356e-16
6068.0 1.156851e-16
6069.0 1.341264e-16
6070.0 9.944266e-17
6071.0 1.382797e-16
6072.0 1.757982e-16
6073.0 1.504406e-16
6074.0 1.508531e-16
6075.0 1.541745e-16
6076.0 1.658563e-16
6077.0 1.631193e-16
6078.0 1.597262e-16
6079.0 1.312090e-16
6080.0 1.169454e-16
6081.0 1.704964e-16
6082.0 1.461983e-16
6083.0 1.211011e-16
6084.0 1.430997e-16
6085.0 1.086520e-16
6086.0 7.841702e-17
6087.0 8.485968e-17
6088.0 1.474069e-16
6089.0 1.545036e-16
6090.0 1.184992e-16
6091.0 1.105995e-16
6092.0 1.249900e-16
6093.0 1.344202e-16
6094.0 1.206771e-16
6095.0 1.126325e-16
6096.0 1.375727e-16
6097.0 1.529075e-16
6098.0 1.419905e-16
6099.0 1.289912e-16
6100.0 1.139416e-16
6101.0 1.129781e-16
6102.0 1.502838e-16
6103.0 1.638899e-16
6104.0 1.528078e-16
6105.0 1.430521e-16
6106.0 1.277895e-16
6107.0 1.053664e-16
6108.0 8.950226e-17
6109.0 1.061844e-16
6110.0 1.413115e-16
6111.0 1.576042e-16
6112.0 1.270142e-16
6113.0 8.502644e-17
6114.0 1.067624e-16
6115.0 1.159895e-16
6116.0 6.581400e-17
6117.0 7.523141e-17
6118.0 1.130451e-16
6119.0 1.441946e-16
6120.0 8.807563e-17
6121.0 4.951783e-17
6122.0 9.003764e-17
6123.0 1.039816e-16
6124.0 1.244736e-16
6125.0 1.298144e-16
6126.0 9.282257e-17
6127.0 7.739040e-17
6128.0 1.194607e-16
6129.0 1.652505e-16
6130.0 1.209356e-16
6131.0 1.023083e-16
6132.0 1.198157e-16
6133.0 1.254901e-16
6134.0 1.521896e-16
6135.0 1.523046e-16
6136.0 1.069491e-16
6137.0 8.527985e-17
6138.0 8.096554e-17
6139.0 1.046214e-16
6140.0 1.595270e-16
6141.0 1.657111e-16
6142.0 1.531718e-16
6143.0 1.532858e-16
6144.0 1.442515e-16
6145.0 1.443560e-16
6146.0 1.445438e-16
6147.0 1.374351e-16
6148.0 1.684135e-16
6149.0 1.662473e-16
6150.0 1.050155e-16
6151.0 6.926626e-17
6152.0 6.465466e-17
6153.0 1.097729e-16
6154.0 1.863396e-16
6155.0 1.491501e-16
6156.0 7.015074e-17
6157.0 5.358363e-17
6158.0 7.808661e-17
6159.0 1.224294e-16
6160.0 1.177416e-16
6161.0 5.394807e-17
6162.0 5.685613e-17
6163.0 9.218872e-17
6164.0 1.020835e-16
6165.0 9.890633e-17
6166.0 9.536238e-17
6167.0 1.110380e-16
6168.0 1.408276e-16
6169.0 1.143910e-16
6170.0 8.680871e-17
6171.0 8.890374e-17
6172.0 7.616449e-17
6173.0 8.029073e-17
6174.0 8.860824e-17
6175.0 5.154655e-17
6176.0 5.938516e-17
6177.0 1.063129e-16
6178.0 1.137851e-16
6179.0 9.534497e-17
6180.0 4.644161e-17
6181.0 3.558872e-17
6182.0 1.014364e-16
6183.0 1.261117e-16
6184.0 1.026649e-16
6185.0 6.755097e-17
6186.0 7.785182e-17
6187.0 1.001998e-16
6188.0 1.074990e-16
6189.0 1.010064e-16
6190.0 8.441418e-17
6191.0 9.503129e-17
6192.0 1.080766e-16
6193.0 7.772688e-17
6194.0 7.348493e-17
6195.0 9.382238e-17
6196.0 8.090536e-17
6197.0 8.309326e-17
6198.0 8.415942e-17
6199.0 6.179387e-17
6200.0 4.666524e-17
6201.0 8.620496e-17
6202.0 1.380937e-16
6203.0 1.245880e-16
6204.0 1.101392e-16
6205.0 1.153333e-16
6206.0 8.621489e-17
6207.0 6.571575e-17
6208.0 6.002024e-17
6209.0 7.410190e-17
6210.0 9.614403e-17
6211.0 8.198633e-17
6212.0 8.450083e-17
6213.0 1.116193e-16
6214.0 1.196322e-16
6215.0 1.219903e-16
6216.0 1.119489e-16
6217.0 9.431330e-17
6218.0 6.729923e-17
6219.0 8.197294e-17
6220.0 1.375182e-16
6221.0 1.522064e-16
6222.0 1.160214e-16
6223.0 6.605023e-17
6224.0 4.673330e-17
6225.0 6.105633e-17
6226.0 6.876994e-17
6227.0 5.889759e-17
6228.0 6.995779e-17
6229.0 1.043310e-16
6230.0 1.130435e-16
6231.0 7.754894e-17
6232.0 9.263015e-17
6233.0 1.010058e-16
6234.0 6.459988e-17
6235.0 5.885536e-17
6236.0 4.005860e-17
6237.0 2.763846e-17
6238.0 5.421920e-17
6239.0 4.797165e-17
6240.0 4.701049e-17
6241.0 5.580505e-17
6242.0 7.513788e-18
6243.0 1.826072e-18
6244.0 3.138273e-17
6245.0 6.800507e-17
6246.0 8.185989e-17
6247.0 3.751745e-17
6248.0 1.941193e-17
6249.0 4.462215e-17
6250.0 3.733535e-17
6251.0 3.293107e-17
6252.0 8.235991e-17
6253.0 6.056868e-17
6254.0 3.181720e-17
6255.0 4.723172e-17
6256.0 3.194250e-17
6257.0 5.309592e-17
6258.0 9.054820e-17
6259.0 7.129342e-17
6260.0 6.672998e-17
6261.0 7.560232e-17
6262.0 5.643113e-17
6263.0 3.305343e-17
6264.0 5.466541e-17
6265.0 8.457869e-17
6266.0 9.125958e-17
6267.0 6.768667e-17
6268.0 6.935516e-17
6269.0 1.043580e-16
6270.0 8.641828e-17
6271.0 5.949221e-17
6272.0 5.824467e-17
6273.0 6.260177e-17
6274.0 5.766127e-17
6275.0 5.896134e-17
6276.0 4.708670e-17
6277.0 -2.076989e-17
6278.0 -3.774576e-17
6279.0 -2.402774e-17
6280.0 -4.494079e-17
6281.0 -6.047003e-18
6282.0 2.922994e-17
6283.0 1.471834e-17
6284.0 2.310520e-17
6285.0 5.693772e-17
6286.0 6.850799e-17
6287.0 3.141761e-17
6288.0 1.562359e-17
6289.0 5.029881e-17
6290.0 7.869187e-17
6291.0 5.251837e-17
6292.0 5.721025e-17
6293.0 9.400391e-17
6294.0 7.335880e-17
6295.0 5.268100e-17
6296.0 4.351029e-17
6297.0 4.016446e-17
6298.0 4.314962e-17
6299.0 5.332115e-17
6300.0 3.661075e-17
6301.0 -8.208679e-18
6302.0 3.928471e-17
6303.0 4.711463e-17
6304.0 -2.885407e-18
6305.0 -3.460434e-17
6306.0 -1.138360e-17
6307.0 3.490067e-17
6308.0 4.774489e-17
6309.0 2.744946e-17
6310.0 1.149936e-17
6311.0 1.976963e-17
6312.0 5.638371e-17
6313.0 6.385840e-17
6314.0 4.809645e-17
6315.0 4.127968e-17
6316.0 5.116996e-17
6317.0 7.184149e-17
6318.0 7.538500e-17
6319.0 4.197279e-17
6320.0 3.158203e-17
6321.0 3.321149e-17
6322.0 2.336881e-17
6323.0 6.852441e-17
6324.0 9.111575e-17
6325.0 5.586250e-17
6326.0 6.649044e-17
6327.0 3.304647e-17
6328.0 -2.077209e-17
6329.0 3.721165e-17
6330.0 6.876755e-17
6331.0 4.214551e-17
6332.0 2.618052e-17
6333.0 6.225249e-17
6334.0 6.702136e-17
6335.0 7.276547e-18
6336.0 6.581682e-18
6337.0 7.362512e-17
6338.0 8.202207e-17
6339.0 5.277712e-17
6340.0 5.529207e-17
6341.0 8.481581e-17
6342.0 9.346853e-17
6343.0 5.292694e-17
6344.0 3.378413e-17
6345.0 3.911137e-17
6346.0 6.087148e-17
6347.0 9.299078e-17
6348.0 8.694205e-17
6349.0 6.031649e-17
6350.0 5.198961e-17
6351.0 3.299462e-17
6352.0 5.041742e-19
6353.0 -1.322574e-17
6354.0 7.829079e-18
6355.0 -1.210667e-18
6356.0 -1.348338e-17
6357.0 3.842274e-17
6358.0 2.604923e-17
6359.0 -7.028688e-18
6360.0 2.211871e-17
6361.0 5.662361e-17
6362.0 6.079710e-17
6363.0 7.622948e-17
6364.0 1.016564e-16
6365.0 7.342389e-17
6366.0 4.626830e-17
6367.0 4.578602e-17
6368.0 3.237353e-17
6369.0 4.405253e-17
6370.0 7.346382e-17
6371.0 6.792926e-17
6372.0 2.657510e-17
6373.0 3.459462e-17
6374.0 8.630163e-17
6375.0 9.075358e-17
6376.0 9.620174e-17
6377.0 7.746305e-17
6378.0 4.392636e-17
6379.0 7.497339e-17
6380.0 9.934379e-17
6381.0 9.838689e-17
6382.0 8.932511e-17
6383.0 7.354468e-17
6384.0 6.660113e-17
6385.0 7.554751e-17
6386.0 8.754735e-17
6387.0 7.913405e-17
6388.0 5.650069e-17
6389.0 5.286433e-17
6390.0 5.803162e-17
6391.0 6.475766e-17
6392.0 6.987401e-17
6393.0 7.084206e-17
6394.0 6.456058e-17
6395.0 7.090567e-17
6396.0 1.011371e-16
6397.0 9.685509e-17
6398.0 5.087973e-17
6399.0 3.861007e-17
6400.0 7.392547e-17
6401.0 6.454495e-17
6402.0 2.850626e-17
6403.0 4.774471e-17
6404.0 5.149428e-17
6405.0 4.671953e-17
6406.0 7.278935e-17
6407.0 8.030845e-17
6408.0 6.305469e-17
6409.0 4.445256e-17
6410.0 6.511129e-17
6411.0 9.264251e-17
6412.0 8.875602e-17
6413.0 5.138519e-17
6414.0 3.639567e-17
6415.0 5.584726e-17
6416.0 7.978010e-17
6417.0 8.538940e-17
6418.0 6.033160e-17
6419.0 4.173942e-17
6420.0 5.536400e-17
6421.0 6.202283e-17
6422.0 7.239032e-17
6423.0 6.731727e-17
6424.0 4.024083e-17
6425.0 6.142748e-17
6426.0 8.385198e-17
6427.0 5.582564e-17
6428.0 1.018196e-16
6429.0 1.156795e-16
6430.0 7.346192e-17
6431.0 7.963029e-17
6432.0 6.948308e-17
6433.0 3.355672e-17
6434.0 2.646324e-17
6435.0 7.349081e-17
6436.0 8.152875e-17
6437.0 3.564692e-17
6438.0 3.529382e-17
6439.0 2.252347e-17
6440.0 1.716597e-17
6441.0 5.712746e-17
6442.0 5.075437e-17
6443.0 4.084889e-17
6444.0 5.493826e-17
6445.0 4.662552e-17
6446.0 5.618564e-17
6447.0 7.194447e-17
6448.0 4.989948e-17
6449.0 4.838654e-17
6450.0 5.341507e-17
6451.0 6.631012e-17
6452.0 7.924106e-17
6453.0 8.779306e-17
6454.0 1.198139e-16
6455.0 1.213708e-16
6456.0 9.734011e-17
6457.0 8.155551e-17
6458.0 5.720763e-17
6459.0 7.615853e-17
6460.0 1.185272e-16
6461.0 9.293794e-17
6462.0 1.695985e-17
6463.0 3.984411e-17
6464.0 8.449777e-17
6465.0 7.490610e-17
6466.0 5.187779e-17
6467.0 -1.756366e-17
6468.0 -5.783772e-17
6469.0 2.764417e-18
6470.0 2.164903e-17
6471.0 3.043353e-17
6472.0 6.679572e-17
6473.0 6.419651e-17
6474.0 5.098292e-17
6475.0 5.512848e-17
6476.0 7.579633e-17
6477.0 9.416897e-17
6478.0 6.011089e-17
6479.0 3.879919e-17
6480.0 7.691389e-17
6481.0 9.252211e-17
6482.0 8.468437e-17
6483.0 8.053019e-17
6484.0 5.962268e-17
6485.0 5.609408e-17
6486.0 9.156897e-17
6487.0 1.226804e-16
6488.0 1.041277e-16
6489.0 6.516261e-17
6490.0 6.276285e-17
6491.0 4.657056e-17
6492.0 3.462753e-17
6493.0 3.565765e-17
6494.0 2.878249e-17
6495.0 6.079272e-17
6496.0 6.247373e-17
6497.0 3.372611e-17
6498.0 5.814595e-17
6499.0 7.236689e-17
6500.0 3.626953e-17
6501.0 7.506194e-18
6502.0 2.862761e-17
6503.0 6.400354e-17
6504.0 7.637688e-17
6505.0 7.283088e-17
6506.0 7.924679e-17
6507.0 8.957024e-17
6508.0 7.620033e-17
6509.0 4.986561e-17
6510.0 3.089589e-17
6511.0 3.600163e-17
6512.0 2.293141e-17
6513.0 2.037409e-19
6514.0 1.593761e-17
6515.0 2.686905e-17
6516.0 2.210032e-17
6517.0 2.581452e-17
6518.0 3.372852e-17
6519.0 3.725070e-18
6520.0 -1.741846e-17
6521.0 5.804641e-18
6522.0 1.664696e-17
6523.0 1.234343e-17
6524.0 8.953649e-18
6525.0 1.301062e-17
6526.0 5.361564e-17
6527.0 6.226660e-17
6528.0 2.459398e-17
6529.0 1.953311e-17
6530.0 2.958092e-17
6531.0 4.793248e-17
6532.0 7.080509e-17
6533.0 5.619822e-17
6534.0 1.012796e-17
6535.0 -6.761429e-18
6536.0 5.421063e-17
6537.0 4.342641e-17
6538.0 -2.582628e-17
6539.0 -6.115542e-18
6540.0 2.097060e-17
6541.0 2.068080e-17
6542.0 2.778975e-17
6543.0 4.366988e-17
6544.0 3.278581e-17
6545.0 2.760093e-17
6546.0 5.623719e-17
6547.0 3.911203e-17
6548.0 3.844710e-18
6549.0 -4.809707e-20
6550.0 1.832849e-17
6551.0 2.731551e-17
6552.0 1.810585e-17
6553.0 1.293537e-17
6554.0 -1.348230e-17
6555.0 -2.746828e-17
6556.0 -3.221119e-19
6557.0 2.816247e-17
6558.0 2.943655e-17
6559.0 1.921609e-17
6560.0 2.240761e-17
6561.0 4.650142e-17
6562.0 5.281291e-17
6563.0 3.262799e-17
6564.0 2.051481e-17
6565.0 2.241645e-17
6566.0 2.440907e-17
6567.0 1.860563e-17
6568.0 3.937935e-17
6569.0 4.326783e-17
6570.0 1.543004e-17
6571.0 9.515181e-18
6572.0 1.336952e-17
6573.0 3.942293e-17
6574.0 6.050709e-17
6575.0 4.490901e-17
6576.0 2.865657e-17
6577.0 -1.414837e-17
6578.0 -1.959325e-17
6579.0 3.415975e-17
6580.0 5.408609e-17
6581.0 4.161751e-17
6582.0 5.779934e-17
6583.0 3.891578e-17
6584.0 -2.745747e-18
6585.0 7.008526e-18
6586.0 2.305862e-17
6587.0 2.718180e-17
6588.0 2.894921e-17
6589.0 2.331073e-17
6590.0 4.844921e-17
6591.0 8.945084e-17
6592.0 7.670820e-17
6593.0 5.416837e-17
6594.0 3.515093e-17
6595.0 -2.730358e-18
6596.0 -7.028766e-18
6597.0 1.200516e-17
6598.0 3.404258e-17
6599.0 2.754850e-17
6600.0 -8.395060e-18
6601.0 1.605429e-17
6602.0 7.760163e-17
6603.0 2.800990e-17
6604.0 -7.884973e-19
6605.0 4.620094e-17
6606.0 3.666153e-17
6607.0 5.526827e-17
6608.0 8.954920e-17
6609.0 8.156173e-17
6610.0 7.775239e-17
6611.0 6.147531e-17
6612.0 4.865863e-17
6613.0 8.757321e-17
6614.0 9.670839e-17
6615.0 5.312297e-17
6616.0 4.642365e-17
6617.0 6.790579e-17
6618.0 5.817862e-17
6619.0 3.813361e-17
6620.0 6.002514e-17
6621.0 7.156433e-17
6622.0 6.945042e-17
6623.0 7.513700e-17
6624.0 5.653111e-17
6625.0 5.329546e-17
6626.0 6.998369e-17
6627.0 5.749853e-17
6628.0 6.728467e-17
6629.0 1.001835e-16
6630.0 1.123934e-16
6631.0 1.161031e-16
6632.0 1.150151e-16
6633.0 1.145789e-16
6634.0 1.194651e-16
6635.0 1.094309e-16
6636.0 1.090279e-16
6637.0 1.249769e-16
6638.0 1.179016e-16
6639.0 1.019575e-16
6640.0 9.088787e-17
6641.0 6.912478e-17
6642.0 6.227659e-17
6643.0 8.349855e-17
6644.0 1.048329e-16
6645.0 1.106230e-16
6646.0 1.080094e-16
6647.0 1.041261e-16
6648.0 1.001760e-16
6649.0 1.137581e-16
6650.0 1.449691e-16
6651.0 1.403623e-16
6652.0 1.198106e-16
6653.0 1.095056e-16
6654.0 1.060522e-16
6655.0 1.150298e-16
6656.0 1.127225e-16
6657.0 1.078057e-16
6658.0 1.176006e-16
6659.0 1.300090e-16
6660.0 1.205024e-16
6661.0 9.348531e-17
6662.0 9.874982e-17
6663.0 9.788135e-17
6664.0 1.161472e-16
6665.0 1.522492e-16
6666.0 1.351549e-16
6667.0 1.128981e-16
6668.0 1.129480e-16
6669.0 1.191365e-16
6670.0 1.277647e-16
6671.0 1.355222e-16
6672.0 1.553694e-16
6673.0 2.241383e-16
6674.0 2.478293e-16
6675.0 2.052704e-16
6676.0 2.248625e-16
6677.0 2.349611e-16
6678.0 2.181371e-16
6679.0 2.360330e-16
6680.0 2.447881e-16
6681.0 2.186488e-16
6682.0 2.034737e-16
6683.0 2.394288e-16
6684.0 2.822395e-16
6685.0 2.969800e-16
6686.0 2.924502e-16
6687.0 3.026781e-16
6688.0 3.117577e-16
6689.0 3.302170e-16
6690.0 3.809666e-16
6691.0 3.874514e-16
6692.0 3.793160e-16
6693.0 3.962294e-16
6694.0 4.138680e-16
6695.0 4.365405e-16
6696.0 4.672403e-16
6697.0 4.884770e-16
6698.0 4.641353e-16
6699.0 4.313763e-16
6700.0 4.343686e-16
6701.0 4.292960e-16
6702.0 4.112233e-16
6703.0 3.832830e-16
6704.0 3.417168e-16
6705.0 3.556001e-16
6706.0 3.908349e-16
6707.0 3.405800e-16
6708.0 2.722056e-16
6709.0 2.615497e-16
6710.0 3.013756e-16
6711.0 3.289857e-16
6712.0 2.701680e-16
6713.0 2.153445e-16
6714.0 2.152255e-16
6715.0 1.873622e-16
6716.0 1.463481e-16
6717.0 1.511040e-16
6718.0 2.218552e-16
6719.0 2.389305e-16
6720.0 1.805665e-16
6721.0 1.295682e-16
6722.0 9.826856e-17
6723.0 7.889250e-17
6724.0 9.295564e-17
6725.0 1.189248e-16
6726.0 1.062960e-16
6727.0 9.464970e-17
6728.0 9.352347e-17
6729.0 8.329924e-17
6730.0 8.331261e-17
6731.0 9.774671e-17
6732.0 9.529545e-17
6733.0 9.612765e-17
6734.0 9.881139e-17
6735.0 1.011804e-16
6736.0 1.105704e-16
6737.0 1.121618e-16
6738.0 9.402609e-17
6739.0 4.950909e-17
6740.0 3.982765e-17
6741.0 4.082011e-17
6742.0 2.005336e-17
6743.0 5.389442e-17
6744.0 5.846153e-17
6745.0 2.176025e-17
6746.0 2.937382e-17
6747.0 5.717441e-17
6748.0 6.676288e-17
6749.0 5.227615e-17
6750.0 3.417928e-17
6751.0 2.780611e-17
6752.0 4.851259e-17
6753.0 3.243948e-17
6754.0 -1.502572e-18
6755.0 1.703869e-17
6756.0 4.431682e-17
6757.0 6.613121e-17
6758.0 8.575225e-17
6759.0 7.498155e-17
6760.0 5.334451e-17
6761.0 3.966372e-17
6762.0 4.666797e-17
6763.0 5.635029e-17
6764.0 3.390985e-17
6765.0 2.458824e-17
6766.0 4.293300e-17
6767.0 5.829579e-17
6768.0 6.186510e-17
6769.0 3.986753e-17
6770.0 2.451366e-17
6771.0 3.717817e-17
6772.0 4.347817e-17
6773.0 3.169511e-17
6774.0 1.566820e-17
6775.0 -1.493102e-17
6776.0 -2.732591e-17
6777.0 -5.355300e-19
6778.0 6.779454e-19
6779.0 3.184872e-18
6780.0 2.710083e-17
6781.0 2.977777e-17
6782.0 4.057764e-17
6783.0 3.201215e-17
6784.0 -1.372702e-17
6785.0 1.521784e-18
6786.0 3.182524e-17
6787.0 3.071198e-17
6788.0 2.574883e-17
6789.0 4.151931e-17
6790.0 6.764084e-17
6791.0 5.941320e-17
6792.0 3.946586e-17
6793.0 3.649917e-17
6794.0 2.684321e-17
6795.0 1.053046e-17
6796.0 -2.747347e-18
6797.0 -6.361666e-18
6798.0 1.175110e-17
6799.0 5.928308e-17
6800.0 7.085078e-17
6801.0 4.175952e-17
6802.0 5.659305e-17
6803.0 5.416385e-17
6804.0 2.146908e-17
6805.0 2.584249e-17
6806.0 6.018425e-17
6807.0 6.270298e-17
6808.0 4.659970e-17
6809.0 5.334706e-17
6810.0 4.708918e-17
6811.0 2.798545e-17
6812.0 1.158851e-17
6813.0 -4.569351e-18
6814.0 -8.444862e-18
6815.0 -5.461148e-18
6816.0 -2.288811e-17
6817.0 -2.325135e-17
6818.0 -1.760924e-19
6819.0 1.363573e-17
6820.0 2.487697e-17
6821.0 2.713948e-17
6822.0 1.620892e-17
6823.0 9.216278e-18
6824.0 2.022366e-17
6825.0 4.382337e-17
6826.0 6.062433e-17
6827.0 5.684702e-17
6828.0 7.937260e-18
6829.0 -4.678695e-17
6830.0 -1.189232e-17
6831.0 1.806756e-17
6832.0 1.384488e-17
6833.0 1.790409e-17
6834.0 -1.901281e-17
6835.0 -2.438647e-17
6836.0 -5.806390e-19
6837.0 -1.030527e-17
6838.0 -1.369997e-17
6839.0 6.529046e-18
6840.0 3.217490e-17
6841.0 1.642340e-17
6842.0 -7.031303e-18
6843.0 6.569181e-18
6844.0 5.376306e-17
6845.0 1.721230e-17
6846.0 -5.344185e-17
6847.0 -3.264010e-17
6848.0 -2.630869e-17
6849.0 -3.029229e-17
6850.0 -5.398701e-18
6851.0 2.840614e-18
6852.0 -2.853916e-17
6853.0 -2.940351e-17
6854.0 4.657771e-17
6855.0 4.128003e-17
6856.0 -1.211928e-17
6857.0 -2.261807e-17
6858.0 -2.190554e-17
6859.0 -1.151678e-17
