3810.0 1.213932e-15
3811.0 1.429850e-15
3812.0 1.498877e-15
3813.0 1.356775e-15
3814.0 1.469539e-15
3815.0 1.455810e-15
3816.0 1.211112e-15
3817.0 1.245324e-15
3818.0 1.245988e-15
3819.0 1.221571e-15
3820.0 1.320984e-15
3821.0 1.281816e-15
3822.0 1.255927e-15
3823.0 1.460642e-15
3824.0 1.367897e-15
3825.0 1.246374e-15
3826.0 1.309423e-15
3827.0 1.382652e-15
3828.0 1.498713e-15
3829.0 1.422867e-15
3830.0 1.234106e-15
3831.0 9.598646e-16
3832.0 9.566723e-16
3833.0 1.230922e-15
3834.0 1.425047e-15
3835.0 1.340316e-15
3836.0 1.250021e-15
3837.0 1.321514e-15
3838.0 1.355071e-15
3839.0 1.314387e-15
3840.0 1.267180e-15
3841.0 1.176379e-15
3842.0 1.142459e-15
3843.0 1.129722e-15
3844.0 1.137494e-15
3845.0 1.169890e-15
3846.0 1.315671e-15
3847.0 1.365495e-15
3848.0 1.068185e-15
3849.0 1.076231e-15
3850.0 1.295589e-15
3851.0 1.323354e-15
3852.0 1.225144e-15
3853.0 1.208700e-15
3854.0 1.324198e-15
3855.0 1.465206e-15
3856.0 1.467939e-15
3857.0 1.280306e-15
3858.0 1.231374e-15
3859.0 1.259079e-15
3860.0 1.125611e-15
3861.0 1.171463e-15
3862.0 1.304735e-15
3863.0 1.241100e-15
3864.0 1.084570e-15
3865.0 9.975596e-16
3866.0 1.164316e-15
3867.0 1.191605e-15
3868.0 1.184336e-15
3869.0 1.259609e-15
3870.0 1.327677e-15
3871.0 1.236098e-15
3872.0 1.153361e-15
3873.0 1.187792e-15
3874.0 1.209987e-15
3875.0 1.318709e-15
3876.0 1.492018e-15
3877.0 1.487780e-15
3878.0 1.450704e-15
3879.0 1.444807e-15
3880.0 1.224919e-15
3881.0 1.151257e-15
3882.0 1.181879e-15
3883.0 1.228403e-15
3884.0 1.084102e-15
3885.0 1.288447e-15
3886.0 1.345486e-15
3887.0 1.171412e-15
3888.0 1.049749e-15
3889.0 1.128798e-15
3890.0 1.104283e-15
3891.0 1.171911e-15
3892.0 1.048312e-15
3893.0 1.214152e-15
3894.0 1.341593e-15
3895.0 1.190696e-15
3896.0 1.101213e-15
3897.0 1.193316e-15
3898.0 1.318346e-15
3899.0 1.201884e-15
3900.0 1.105386e-15
3901.0 9.593359e-16
3902.0 9.896252e-16
3903.0 1.116455e-15
3904.0 1.094574e-15
3905.0 1.233566e-15
3906.0 1.316253e-15
3907.0 1.264434e-15
3908.0 1.257360e-15
3909.0 1.204912e-15
3910.0 1.242039e-15
3911.0 1.306161e-15
3912.0 1.328507e-15
3913.0 1.328547e-15
3914.0 1.223557e-15
3915.0 1.171618e-15
3916.0 1.292080e-15
3917.0 1.354039e-15
3918.0 1.376800e-15
3919.0 1.406339e-15
3920.0 1.228865e-15
3921.0 1.107406e-15
3922.0 1.181972e-15
3923.0 1.192212e-15
3924.0 1.212014e-15
3925.0 1.360159e-15
3926.0 1.400089e-15
3927.0 1.281585e-15
3928.0 1.121262e-15
3929.0 1.062166e-15
3930.0 1.180747e-15
3931.0 1.202221e-15
3932.0 1.141118e-15
3933.0 1.137165e-15
3934.0 1.066518e-15
3935.0 1.087365e-15
3936.0 1.102178e-15
3937.0 1.066573e-15
3938.0 9.691577e-16
3939.0 1.089352e-15
3940.0 1.155605e-15
3941.0 9.721975e-16
3942.0 8.504238e-16
3943.0 7.835209e-16
3944.0 9.303074e-16
3945.0 1.122400e-15
3946.0 1.149105e-15
3947.0 1.150521e-15
3948.0 1.149785e-15
3949.0 9.872362e-16
3950.0 7.788622e-16
3951.0 8.803400e-16
3952.0 1.058300e-15
3953.0 1.135681e-15
3954.0 1.045304e-15
3955.0 1.164217e-15
3956.0 1.200679e-15
3957.0 1.126614e-15
3958.0 1.172723e-15
3959.0 1.162065e-15
3960.0 1.113646e-15
3961.0 1.221275e-15
3962.0 1.121004e-15
3963.0 9.175731e-16
3964.0 1.198080e-15
3965.0 1.387544e-15
3966.0 1.268703e-15
3967.0 1.269930e-15
3968.0 1.274691e-15
3969.0 1.158917e-15
3970.0 1.041739e-15
3971.0 1.062884e-15
3972.0 1.128662e-15
3973.0 1.088799e-15
3974.0 1.192777e-15
3975.0 1.333419e-15
3976.0 1.274234e-15
3977.0 1.237094e-15
3978.0 1.203595e-15
3979.0 1.089636e-15
3980.0 1.070768e-15
3981.0 1.080002e-15
3982.0 1.052198e-15
3983.0 1.053373e-15
3984.0 1.074286e-15
3985.0 1.081597e-15
3986.0 9.987535e-16
3987.0 9.353142e-16
3988.0 1.086621e-15
3989.0 1.024523e-15
3990.0 8.739105e-16
3991.0 8.458481e-16
3992.0 8.953186e-16
3993.0 9.610645e-16
3994.0 9.890868e-16
3995.0 9.944866e-16
3996.0 9.859963e-16
3997.0 9.853594e-16
3998.0 1.061682e-15
3999.0 1.112971e-15
4000.0 1.088510e-15
4001.0 1.005715e-15
4002.0 9.706569e-16
4003.0 1.001585e-15
4004.0 1.108446e-15
4005.0 9.559934e-16
4006.0 9.115258e-16
4007.0 9.797169e-16
4008.0 9.471024e-16
4009.0 8.677237e-16
4010.0 9.055122e-16
4011.0 9.786370e-16
4012.0 1.113370e-15
4013.0 1.223510e-15
4014.0 1.311536e-15
4015.0 1.300136e-15
4016.0 1.261906e-15
4017.0 1.185835e-15
4018.0 1.186795e-15
4019.0 1.213320e-15
4020.0 1.090280e-15
4021.0 1.015747e-15
4022.0 1.008366e-15
4023.0 8.782384e-16
4024.0 9.696381e-16
4025.0 1.214725e-15
4026.0 1.072409e-15
4027.0 8.909261e-16
4028.0 8.798002e-16
4029.0 9.338880e-16
4030.0 9.541940e-16
4031.0 8.929474e-16
4032.0 8.855087e-16
4033.0 1.091866e-15
4034.0 1.159678e-15
4035.0 1.040652e-15
4036.0 1.103976e-15
4037.0 1.195605e-15
4038.0 1.114229e-15
4039.0 1.136101e-15
4040.0 1.064824e-15
4041.0 1.083825e-15
4042.0 9.912603e-16
4043.0 9.464289e-16
4044.0 9.548189e-16
4045.0 9.745897e-16
4046.0 1.111584e-15
4047.0 1.198186e-15
4048.0 1.197259e-15
4049.0 1.352038e-15
4050.0 1.556085e-15
4051.0 1.590222e-15
4052.0 1.442851e-15
4053.0 1.303371e-15
4054.0 1.260969e-15
4055.0 1.234032e-15
4056.0 1.215708e-15
4057.0 1.143102e-15
4058.0 1.062226e-15
4059.0 1.158026e-15
4060.0 1.187480e-15
4061.0 1.060639e-15
4062.0 9.438978e-16
4063.0 9.951888e-16
4064.0 1.048398e-15
4065.0 9.799216e-16
4066.0 1.025272e-15
4067.0 1.111038e-15
4068.0 1.159025e-15
4069.0 1.090909e-15
4070.0 1.033287e-15
4071.0 1.035473e-15
4072.0 1.061148e-15
4073.0 8.559949e-16
4074.0 9.044695e-16
4075.0 1.019749e-15
4076.0 9.423201e-16
4077.0 9.435284e-16
4078.0 9.554310e-16
4079.0 1.062086e-15
4080.0 1.058123e-15
4081.0 9.502787e-16
4082.0 8.784237e-16
4083.0 9.293811e-16
4084.0 9.102323e-16
4085.0 7.914759e-16
4086.0 8.859240e-16
4087.0 1.016395e-15
4088.0 1.066565e-15
4089.0 1.058393e-15
4090.0 1.022342e-15
4091.0 1.153040e-15
4092.0 1.045736e-15
4093.0 9.712099e-16
4094.0 9.767549e-16
4095.0 8.950481e-16
4096.0 9.938744e-16
4097.0 1.196804e-15
4098.0 1.002317e-15
4099.0 8.115361e-16
4100.0 8.366095e-16
4101.0 1.037608e-15
4102.0 1.089702e-15
4103.0 1.010086e-15
4104.0 8.839363e-16
4105.0 9.881881e-16
4106.0 1.144794e-15
4107.0 1.112970e-15
4108.0 1.225038e-15
4109.0 1.245145e-15
4110.0 1.047020e-15
4111.0 9.595380e-16
4112.0 1.008271e-15
4113.0 1.131332e-15
4114.0 1.228683e-15
4115.0 1.280150e-15
4116.0 1.329032e-15
4117.0 1.207359e-15
4118.0 1.042469e-15
4119.0 1.029879e-15
4120.0 9.811852e-16
4121.0 8.421135e-16
4122.0 7.950388e-16
4123.0 1.005012e-15
4124.0 1.104029e-15
4125.0 9.876836e-16
4126.0 9.577864e-16
4127.0 9.272191e-16
4128.0 1.060350e-15
4129.0 1.174760e-15
4130.0 1.048749e-15
4131.0 9.439453e-16
4132.0 9.623862e-16
4133.0 9.109286e-16
4134.0 8.924445e-16
4135.0 9.992410e-16
4136.0 1.056192e-15
4137.0 9.332334e-16
4138.0 1.026606e-15
4139.0 1.138846e-15
4140.0 1.089604e-15
4141.0 1.095032e-15
4142.0 1.108395e-15
4143.0 9.137883e-16
4144.0 7.381219e-16
4145.0 9.139668e-16
4146.0 1.139072e-15
4147.0 1.225190e-15
4148.0 1.154917e-15
4149.0 1.117904e-15
4150.0 1.194473e-15
4151.0 1.191270e-15
4152.0 1.108266e-15
4153.0 1.080505e-15
4154.0 1.158335e-15
4155.0 1.255507e-15
4156.0 1.315399e-15
4157.0 1.259925e-15
4158.0 1.073047e-15
4159.0 9.950221e-16
4160.0 1.214936e-15
4161.0 1.414000e-15
4162.0 1.438477e-15
4163.0 1.256800e-15
4164.0 1.151311e-15
4165.0 1.245071e-15
4166.0 1.336373e-15
4167.0 1.252902e-15
4168.0 1.235618e-15
4169.0 1.351098e-15
4170.0 1.452691e-15
4171.0 1.472060e-15
4172.0 1.415777e-15
4173.0 1.375466e-15
4174.0 1.373595e-15
4175.0 1.365283e-15
4176.0 1.392407e-15
4177.0 1.428730e-15
4178.0 1.471151e-15
4179.0 1.377558e-15
4180.0 1.341713e-15
4181.0 1.412214e-15
4182.0 1.459596e-15
4183.0 1.593335e-15
4184.0 1.656266e-15
4185.0 1.558818e-15
4186.0 1.654650e-15
4187.0 1.790647e-15
4188.0 1.714386e-15
4189.0 1.588099e-15
4190.0 1.462448e-15
4191.0 1.357577e-15
4192.0 1.332030e-15
4193.0 1.366375e-15
4194.0 1.335575e-15
4195.0 1.345642e-15
4196.0 1.385933e-15
4197.0 1.383423e-15
4198.0 1.374055e-15
4199.0 1.215205e-15
4200.0 1.230959e-15
4201.0 1.363534e-15
4202.0 1.427309e-15
4203.0 1.347524e-15
4204.0 1.281208e-15
4205.0 1.343126e-15
4206.0 1.303475e-15
4207.0 1.183698e-15
4208.0 1.075807e-15
4209.0 1.131082e-15
4210.0 1.201563e-15
4211.0 1.286661e-15
4212.0 1.170154e-15
4213.0 1.044563e-15
4214.0 1.134887e-15
4215.0 1.212878e-15
4216.0 1.129090e-15
4217.0 1.119205e-15
4218.0 1.199829e-15
4219.0 1.189753e-15
4220.0 1.028913e-15
4221.0 9.290836e-16
4222.0 1.067027e-15
4223.0 1.223487e-15
4224.0 1.208833e-15
4225.0 1.122081e-15
4226.0 1.130392e-15
4227.0 1.279408e-15
4228.0 1.369707e-15
4229.0 1.306143e-15
4230.0 1.029779e-15
4231.0 8.577208e-16
4232.0 1.015329e-15
4233.0 1.002851e-15
4234.0 9.854877e-16
4235.0 1.141496e-15
4236.0 1.078119e-15
4237.0 9.864625e-16
4238.0 1.081870e-15
4239.0 1.160904e-15
4240.0 1.124822e-15
4241.0 1.030562e-15
4242.0 1.109677e-15
4243.0 1.067915e-15
4244.0 8.796984e-16
4245.0 9.623159e-16
4246.0 1.018940e-15
4247.0 1.001072e-15
4248.0 8.500591e-16
4249.0 9.195903e-16
4250.0 1.185224e-15
4251.0 9.849026e-16
4252.0 9.268131e-16
4253.0 8.795819e-16
4254.0 7.830901e-16
4255.0 8.401716e-16
4256.0 9.399509e-16
4257.0 9.295420e-16
4258.0 1.013784e-15
4259.0 1.067668e-15
4260.0 1.027008e-15
4261.0 9.732726e-16
4262.0 9.489637e-16
4263.0 9.079480e-16
4264.0 8.829512e-16
4265.0 9.799489e-16
4266.0 1.012070e-15
4267.0 9.922756e-16
4268.0 9.901132e-16
4269.0 9.548901e-16
4270.0 8.263305e-16
4271.0 8.424630e-16
4272.0 9.124098e-16
4273.0 1.001968e-15
4274.0 9.704744e-16
4275.0 9.005793e-16
4276.0 9.394002e-16
4277.0 9.102332e-16
4278.0 8.617220e-16
4279.0 8.160840e-16
4280.0 8.544356e-16
4281.0 9.177879e-16
4282.0 9.288309e-16
4283.0 1.086793e-15
4284.0 1.055872e-15
4285.0 8.943100e-16
4286.0 8.110312e-16
4287.0 7.769900e-16
4288.0 8.456447e-16
4289.0 8.108770e-16
4290.0 8.719077e-16
4291.0 9.837104e-16
4292.0 1.062516e-15
4293.0 9.802763e-16
4294.0 7.895729e-16
4295.0 8.430936e-16
4296.0 8.514569e-16
4297.0 7.605782e-16
4298.0 8.093879e-16
4299.0 8.288426e-16
4300.0 8.639262e-16
4301.0 9.369552e-16
4302.0 1.012050e-15
4303.0 1.078254e-15
4304.0 9.437764e-16
4305.0 8.292044e-16
4306.0 8.399841e-16
4307.0 7.420281e-16
4308.0 7.838282e-16
4309.0 8.483235e-16
4310.0 9.031112e-16
4311.0 7.847235e-16
4312.0 8.895045e-16
4313.0 1.100376e-15
4314.0 9.607679e-16
4315.0 7.392471e-16
4316.0 6.351775e-16
4317.0 5.555052e-16
4318.0 5.951315e-16
4319.0 6.720018e-16
4320.0 7.862255e-16
4321.0 8.319880e-16
4322.0 8.558596e-16
4323.0 8.692731e-16
4324.0 8.761533e-16
4325.0 8.529672e-16
4326.0 9.020560e-16
4327.0 9.589510e-16
4328.0 9.384899e-16
4329.0 8.460558e-16
4330.0 7.137485e-16
4331.0 6.761380e-16
4332.0 7.495600e-16
4333.0 7.693903e-16
4334.0 6.625940e-16
4335.0 8.668151e-16
4336.0 9.333639e-16
4337.0 8.814063e-16
4338.0 8.347888e-16
4339.0 7.824494e-16
4340.0 7.354686e-16
4341.0 7.574271e-16
4342.0 7.989998e-16
4343.0 8.135892e-16
4344.0 7.171097e-16
4345.0 6.566708e-16
4346.0 7.051519e-16
4347.0 8.421588e-16
4348.0 9.687328e-16
4349.0 9.485560e-16
4350.0 8.679822e-16
4351.0 9.351136e-16
4352.0 8.717942e-16
4353.0 6.985440e-16
4354.0 7.197087e-16
4355.0 7.252129e-16
4356.0 7.335487e-16
4357.0 7.322997e-16
4358.0 8.082557e-16
4359.0 7.607493e-16
4360.0 7.797669e-16
4361.0 8.509470e-16
4362.0 8.490005e-16
4363.0 8.311336e-16
4364.0 7.918752e-16
4365.0 7.144969e-16
4366.0 7.255207e-16
4367.0 7.244021e-16
4368.0 6.788498e-16
4369.0 7.289612e-16
4370.0 7.608936e-16
4371.0 7.743497e-16
4372.0 8.102047e-16
4373.0 7.949224e-16
4374.0 7.883540e-16
4375.0 7.425561e-16
4376.0 6.595195e-16
4377.0 7.289127e-16
4378.0 9.037648e-16
4379.0 9.926319e-16
4380.0 8.048880e-16
4381.0 5.651539e-16
4382.0 6.130302e-16
4383.0 7.386707e-16
4384.0 8.349863e-16
4385.0 6.756122e-16
4386.0 7.386738e-16
4387.0 8.446149e-16
4388.0 8.064865e-16
4389.0 9.335307e-16
4390.0 1.022605e-15
4391.0 9.247702e-16
4392.0 8.545269e-16
4393.0 7.877354e-16
4394.0 7.955456e-16
4395.0 8.477818e-16
4396.0 9.639933e-16
4397.0 9.179451e-16
4398.0 8.436623e-16
4399.0 8.009076e-16
4400.0 7.743365e-16
4401.0 8.025464e-16
4402.0 8.801172e-16
4403.0 9.186619e-16
4404.0 7.699497e-16
4405.0 7.892765e-16
4406.0 8.084867e-16
4407.0 7.609702e-16
4408.0 8.497476e-16
4409.0 9.320272e-16
4410.0 8.539818e-16
4411.0 8.869135e-16
4412.0 9.980627e-16
4413.0 1.066473e-15
4414.0 1.043222e-15
4415.0 1.040548e-15
4416.0 1.168429e-15
4417.0 1.011294e-15
4418.0 8.718252e-16
4419.0 9.683825e-16
4420.0 9.730857e-16
4421.0 9.915966e-16
4422.0 1.009413e-15
4423.0 9.483428e-16
4424.0 8.925724e-16
4425.0 8.333985e-16
4426.0 8.738932e-16
4427.0 1.029186e-15
4428.0 1.166339e-15
4429.0 1.271104e-15
4430.0 1.336220e-15
4431.0 1.259544e-15
4432.0 1.099644e-15
4433.0 9.545919e-16
4434.0 1.017251e-15
4435.0 1.018362e-15
4436.0 1.099448e-15
4437.0 1.134252e-15
4438.0 9.816767e-16
4439.0 9.637410e-16
4440.0 1.051159e-15
4441.0 1.109472e-15
4442.0 1.101307e-15
4443.0 1.025718e-15
4444.0 9.527744e-16
4445.0 8.281773e-16
4446.0 7.735505e-16
4447.0 8.502854e-16
4448.0 8.496819e-16
4449.0 9.229147e-16
4450.0 9.760016e-16
4451.0 7.341670e-16
4452.0 6.673350e-16
4453.0 8.129070e-16
4454.0 8.403927e-16
4455.0 8.346734e-16
4456.0 9.068739e-16
4457.0 9.341096e-16
4458.0 9.072202e-16
4459.0 9.203438e-16
4460.0 7.694940e-16
4461.0 7.062024e-16
4462.0 8.286647e-16
4463.0 8.847369e-16
4464.0 8.450208e-16
4465.0 8.379128e-16
4466.0 8.536108e-16
4467.0 8.103172e-16
4468.0 7.417034e-16
4469.0 6.713302e-16
4470.0 6.113172e-16
4471.0 6.102973e-16
4472.0 7.186708e-16
4473.0 8.486542e-16
4474.0 9.273861e-16
4475.0 8.895061e-16
4476.0 8.581343e-16
4477.0 8.396935e-16
4478.0 8.597997e-16
4479.0 1.040904e-15
4480.0 9.067624e-16
4481.0 7.427100e-16
4482.0 8.954385e-16
4483.0 7.933589e-16
4484.0 7.028781e-16
4485.0 8.816933e-16
4486.0 8.785013e-16
4487.0 7.781253e-16
4488.0 7.129969e-16
4489.0 7.404044e-16
4490.0 7.717106e-16
4491.0 7.993337e-16
4492.0 8.251819e-16
4493.0 7.946744e-16
4494.0 7.383630e-16
4495.0 7.616820e-16
4496.0 9.015446e-16
4497.0 9.741336e-16
4498.0 7.892723e-16
4499.0 7.255394e-16
4500.0 8.303388e-16
4501.0 9.049314e-16
4502.0 8.380881e-16
4503.0 6.977194e-16
4504.0 7.748357e-16
4505.0 8.235606e-16
4506.0 7.985206e-16
4507.0 8.340808e-16
4508.0 8.268556e-16
4509.0 7.438957e-16
4510.0 6.641982e-16
4511.0 5.864225e-16
4512.0 6.406431e-16
4513.0 8.355889e-16
4514.0 8.217630e-16
4515.0 8.371968e-16
4516.0 8.060851e-16
4517.0 6.692408e-16
4518.0 6.563487e-16
4519.0 8.318594e-16
4520.0 8.392052e-16
4521.0 7.367742e-16
4522.0 6.564824e-16
4523.0 6.590463e-16
4524.0 7.267505e-16
4525.0 8.375566e-16
4526.0 9.502961e-16
4527.0 8.703578e-16
4528.0 6.955543e-16
4529.0 6.521618e-16
4530.0 8.387424e-16
4531.0 9.303451e-16
4532.0 8.113085e-16
4533.0 8.132284e-16
4534.0 8.811078e-16
4535.0 8.624527e-16
4536.0 7.319519e-16
4537.0 6.852418e-16
4538.0 7.135310e-16
4539.0 8.068272e-16
4540.0 8.368097e-16
4541.0 7.414240e-16
4542.0 7.335657e-16
4543.0 7.106235e-16
4544.0 7.009291e-16
4545.0 8.993529e-16
4546.0 9.748464e-16
4547.0 8.757480e-16
4548.0 9.538206e-16
4549.0 1.009838e-15
4550.0 9.288301e-16
4551.0 8.569253e-16
4552.0 8.205064e-16
4553.0 7.774277e-16
4554.0 8.127899e-16
4555.0 8.848037e-16
4556.0 9.074730e-16
4557.0 8.957218e-16
4558.0 9.368366e-16
4559.0 9.189238e-16
4560.0 8.569951e-16
4561.0 8.523606e-16
4562.0 9.169213e-16
4563.0 9.266612e-16
4564.0 9.106377e-16
4565.0 9.032247e-16
4566.0 9.140272e-16
4567.0 8.919475e-16
4568.0 8.959155e-16
4569.0 9.651117e-16
4570.0 9.639206e-16
4571.0 8.687032e-16
4572.0 8.316788e-16
4573.0 9.558447e-16
4574.0 1.026995e-15
4575.0 9.602327e-16
4576.0 8.346152e-16
4577.0 7.956204e-16
4578.0 8.517778e-16
4579.0 8.953339e-16
4580.0 9.121878e-16
4581.0 7.820113e-16
4582.0 7.599735e-16
4583.0 7.512771e-16
4584.0 8.031249e-16
4585.0 8.462748e-16
4586.0 9.048483e-16
4587.0 1.023447e-15
4588.0 1.069794e-15
4589.0 9.072495e-16
4590.0 7.595766e-16
4591.0 7.891534e-16
4592.0 9.239117e-16
4593.0 1.015523e-15
4594.0 9.249608e-16
4595.0 8.193012e-16
4596.0 8.988929e-16
4597.0 9.060276e-16
4598.0 7.739227e-16
4599.0 8.426370e-16
4600.0 9.699841e-16
4601.0 9.586714e-16
4602.0 8.699607e-16
4603.0 8.037038e-16
4604.0 8.169862e-16
4605.0 8.235897e-16
4606.0 8.633736e-16
4607.0 9.238699e-16
4608.0 1.012104e-15
4609.0 1.111376e-15
4610.0 1.015218e-15
4611.0 8.320080e-16
4612.0 7.616339e-16
4613.0 8.180428e-16
4614.0 7.427146e-16
4615.0 8.170560e-16
4616.0 9.072121e-16
4617.0 9.960583e-16
4618.0 9.862584e-16
4619.0 8.907147e-16
4620.0 9.118673e-16
4621.0 9.607686e-16
4622.0 9.530891e-16
4623.0 9.317197e-16
4624.0 9.019500e-16
4625.0 8.757148e-16
4626.0 8.882060e-16
4627.0 1.002952e-15
4628.0 1.073141e-15
4629.0 8.216491e-16
4630.0 7.389319e-16
4631.0 8.196383e-16
4632.0 9.493478e-16
4633.0 8.950425e-16
4634.0 8.486596e-16
4635.0 8.367471e-16
4636.0 7.695105e-16
4637.0 8.131220e-16
4638.0 9.700962e-16
4639.0 1.046337e-15
4640.0 9.937493e-16
4641.0 9.179430e-16
4642.0 9.385223e-16
4643.0 9.368119e-16
4644.0 9.077778e-16
4645.0 8.645705e-16
4646.0 8.394640e-16
4647.0 8.713282e-16
4648.0 9.089582e-16
4649.0 9.709514e-16
4650.0 9.333282e-16
4651.0 9.077085e-16
4652.0 9.157600e-16
4653.0 8.825373e-16
4654.0 8.528059e-16
4655.0 9.385574e-16
4656.0 1.009122e-15
4657.0 9.793976e-16
4658.0 9.706017e-16
4659.0 9.761779e-16
4660.0 1.032728e-15
4661.0 1.032248e-15
4662.0 8.979362e-16
4663.0 8.142577e-16
4664.0 8.027346e-16
4665.0 8.667855e-16
4666.0 9.876108e-16
4667.0 1.064453e-15
4668.0 9.731369e-16
4669.0 8.324371e-16
4670.0 8.335422e-16
4671.0 8.831614e-16
4672.0 9.418277e-16
4673.0 9.577790e-16
4674.0 9.723354e-16
4675.0 9.824849e-16
4676.0 1.005335e-15
4677.0 1.070132e-15
4678.0 1.053735e-15
4679.0 9.376479e-16
4680.0 8.324486e-16
4681.0 8.166290e-16
4682.0 9.157485e-16
4683.0 1.006620e-15
4684.0 9.731107e-16
4685.0 9.469281e-16
4686.0 1.031743e-15
4687.0 1.046881e-15
4688.0 1.043018e-15
4689.0 1.024342e-15
4690.0 9.545498e-16
4691.0 8.916106e-16
4692.0 9.035395e-16
4693.0 9.627736e-16
4694.0 1.054498e-15
4695.0 1.146568e-15
4696.0 1.084995e-15
4697.0 9.887857e-16
4698.0 1.014477e-15
4699.0 1.014252e-15
4700.0 1.030703e-15
4701.0 1.032353e-15
4702.0 9.418921e-16
4703.0 8.772538e-16
4704.0 9.338781e-16
4705.0 1.058333e-15
4706.0 1.035443e-15
4707.0 1.102822e-15
4708.0 1.177386e-15
4709.0 1.153519e-15
4710.0 1.133804e-15
4711.0 1.166651e-15
4712.0 1.159053e-15
4713.0 1.057581e-15
4714.0 1.036850e-15
4715.0 1.087186e-15
4716.0 1.128441e-15
4717.0 1.105326e-15
4718.0 1.121196e-15
4719.0 1.184240e-15
4720.0 1.139598e-15
4721.0 1.091133e-15
4722.0 1.126248e-15
4723.0 1.232662e-15
4724.0 1.298702e-15
4725.0 1.269696e-15
4726.0 1.158877e-15
4727.0 1.143595e-15
4728.0 1.264492e-15
4729.0 1.221736e-15
4730.0 1.199729e-15
4731.0 1.210965e-15
4732.0 1.205608e-15
4733.0 1.265111e-15
4734.0 1.266225e-15
4735.0 1.170643e-15
4736.0 1.146519e-15
4737.0 1.184806e-15
4738.0 1.221389e-15
4739.0 1.284508e-15
4740.0 1.273877e-15
4741.0 1.213560e-15
4742.0 1.283492e-15
4743.0 1.338065e-15
4744.0 1.332118e-15
4745.0 1.223139e-15
4746.0 1.166029e-15
4747.0 1.167859e-15
4748.0 1.151982e-15
4749.0 1.175304e-15
4750.0 1.221627e-15
4751.0 1.309828e-15
4752.0 1.337742e-15
4753.0 1.319809e-15
4754.0 1.240343e-15
4755.0 1.116221e-15
4756.0 1.060537e-15
4757.0 1.099577e-15
4758.0 1.178927e-15
4759.0 1.197972e-15
4760.0 1.095731e-15
4761.0 1.067413e-15
4762.0 1.185036e-15
4763.0 1.306832e-15
4764.0 1.224197e-15
4765.0 1.232205e-15
4766.0 1.256402e-15
4767.0 1.231085e-15
4768.0 1.151219e-15
4769.0 1.104654e-15
4770.0 1.067374e-15
4771.0 1.068238e-15
4772.0 1.117511e-15
4773.0 1.157448e-15
4774.0 1.270464e-15
4775.0 1.338415e-15
4776.0 1.230209e-15
4777.0 1.153276e-15
4778.0 1.166754e-15
4779.0 1.144062e-15
4780.0 1.069544e-15
4781.0 1.042935e-15
4782.0 1.081703e-15
4783.0 1.135386e-15
4784.0 1.210631e-15
4785.0 1.155219e-15
4786.0 1.079625e-15
4787.0 1.173626e-15
4788.0 1.197010e-15
4789.0 1.128973e-15
4790.0 1.092783e-15
4791.0 1.108112e-15
4792.0 1.076670e-15
4793.0 1.062243e-15
4794.0 1.104465e-15
4795.0 1.113766e-15
4796.0 1.129689e-15
4797.0 1.038762e-15
4798.0 1.054995e-15
4799.0 1.117815e-15
4800.0 1.148029e-15
4801.0 1.142314e-15
4802.0 1.042664e-15
4803.0 9.782764e-16
4804.0 1.115521e-15
4805.0 1.188265e-15
4806.0 1.098726e-15
4807.0 9.392208e-16
4808.0 9.133499e-16
4809.0 9.444877e-16
4810.0 9.821671e-16
4811.0 1.062343e-15
4812.0 1.101431e-15
4813.0 1.085435e-15
4814.0 1.051242e-15
4815.0 1.012519e-15
4816.0 1.057801e-15
4817.0 1.010743e-15
4818.0 9.409915e-16
4819.0 9.594682e-16
4820.0 9.905856e-16
4821.0 9.215874e-16
4822.0 8.219232e-16
4823.0 8.686845e-16
4824.0 9.036702e-16
4825.0 8.481450e-16
4826.0 8.713264e-16
4827.0 9.404027e-16
4828.0 9.629990e-16
4829.0 9.446204e-16
4830.0 9.360060e-16
4831.0 8.793651e-16
4832.0 8.133117e-16
4833.0 8.813197e-16
4834.0 9.665998e-16
4835.0 9.380244e-16
4836.0 8.825964e-16
4837.0 9.000896e-16
4838.0 9.833985e-16
4839.0 9.379404e-16
4840.0 8.869786e-16
4841.0 9.176130e-16
4842.0 8.597611e-16
4843.0 9.000780e-16
4844.0 1.015023e-15
4845.0 9.197392e-16
4846.0 9.196923e-16
4847.0 8.684227e-16
4848.0 9.046754e-16
4849.0 9.357600e-16
4850.0 8.795713e-16
4851.0 8.320456e-16
4852.0 8.177336e-16
4853.0 8.598204e-16
4854.0 9.680291e-16
4855.0 9.189895e-16
4856.0 7.943013e-16
4857.0 8.500310e-16
4858.0 8.698599e-16
4859.0 8.166225e-16
4860.0 7.865985e-16
4861.0 8.554734e-16
4862.0 8.960197e-16
4863.0 8.374773e-16
4864.0 8.755012e-16
4865.0 9.680845e-16
4866.0 9.928053e-16
4867.0 8.646572e-16
4868.0 8.430845e-16
4869.0 8.317072e-16
4870.0 7.728406e-16
4871.0 7.989939e-16
4872.0 8.387137e-16
4873.0 7.813647e-16
4874.0 8.019380e-16
4875.0 8.286811e-16
4876.0 8.749007e-16
4877.0 8.387071e-16
4878.0 8.158569e-16
4879.0 8.252269e-16
4880.0 7.985540e-16
4881.0 8.075341e-16
4882.0 8.340945e-16
4883.0 8.351434e-16
4884.0 8.984713e-16
4885.0 8.911157e-16
4886.0 7.923267e-16
4887.0 7.671634e-16
4888.0 8.389579e-16
4889.0 8.672936e-16
4890.0 8.488116e-16
4891.0 8.161565e-16
4892.0 8.471895e-16
4893.0 8.126100e-16
4894.0 7.479176e-16
4895.0 8.446108e-16
4896.0 8.895478e-16
4897.0 8.464123e-16
4898.0 8.951454e-16
4899.0 9.080451e-16
4900.0 8.620828e-16
4901.0 8.673039e-16
4902.0 9.433143e-16
4903.0 9.204006e-16
4904.0 8.891456e-16
4905.0 9.292960e-16
4906.0 9.617716e-16
4907.0 8.544220e-16
4908.0 8.553846e-16
4909.0 9.487429e-16
4910.0 9.158989e-16
4911.0 8.881555e-16
4912.0 9.618359e-16
4913.0 1.017873e-15
4914.0 9.961877e-16
4915.0 9.580929e-16
4916.0 9.133237e-16
4917.0 8.603756e-16
4918.0 8.959139e-16
4919.0 9.722356e-16
4920.0 9.437139e-16
4921.0 9.393783e-16
4922.0 9.730374e-16
4923.0 9.859744e-16
4924.0 9.315862e-16
4925.0 8.767988e-16
4926.0 9.297866e-16
4927.0 9.750804e-16
4928.0 9.424345e-16
4929.0 9.386395e-16
4930.0 9.819600e-16
4931.0 1.018741e-15
4932.0 1.016811e-15
4933.0 1.026940e-15
4934.0 1.069498e-15
4935.0 1.077700e-15
4936.0 1.028369e-15
4937.0 1.031041e-15
4938.0 1.079631e-15
4939.0 9.971841e-16
4940.0 9.544729e-16
4941.0 1.041979e-15
4942.0 1.116456e-15
4943.0 1.087514e-15
4944.0 9.821452e-16
4945.0 9.784861e-16
4946.0 9.742471e-16
4947.0 9.777695e-16
4948.0 1.099144e-15
4949.0 1.154467e-15
4950.0 1.123385e-15
4951.0 1.201699e-15
4952.0 1.210318e-15
4953.0 1.081679e-15
4954.0 1.117751e-15
4955.0 1.162212e-15
4956.0 1.174555e-15
4957.0 1.234704e-15
4958.0 1.254306e-15
4959.0 1.244473e-15
4960.0 1.339464e-15
4961.0 1.472657e-15
4962.0 1.494740e-15
4963.0 1.370678e-15
4964.0 1.371815e-15
4965.0 1.375663e-15
4966.0 1.242290e-15
4967.0 1.175213e-15
4968.0 1.174468e-15
4969.0 1.121656e-15
4970.0 1.098703e-15
4971.0 1.189431e-15
4972.0 1.252342e-15
4973.0 1.222694e-15
4974.0 1.178791e-15
4975.0 1.129046e-15
4976.0 1.071592e-15
4977.0 1.000196e-15
4978.0 9.865711e-16
4979.0 1.091023e-15
4980.0 1.106734e-15
4981.0 1.033532e-15
4982.0 1.005789e-15
4983.0 9.814340e-16
4984.0 9.180590e-16
4985.0 8.810417e-16
4986.0 9.635161e-16
4987.0 1.024879e-15
4988.0 9.635810e-16
4989.0 8.942575e-16
4990.0 8.847752e-16
4991.0 9.309124e-16
4992.0 1.000639e-15
4993.0 9.892538e-16
4994.0 9.654247e-16
4995.0 8.816182e-16
4996.0 7.859645e-16
4997.0 7.909814e-16
4998.0 8.394067e-16
4999.0 8.480099e-16
5000.0 9.174611e-16
5001.0 9.303539e-16
5002.0 8.688243e-16
5003.0 8.742643e-16
5004.0 8.829726e-16
5005.0 8.796138e-16
5006.0 9.072174e-16
5007.0 7.906365e-16
5008.0 7.583420e-16
5009.0 8.237993e-16
5010.0 8.896182e-16
5011.0 9.274916e-16
5012.0 8.870287e-16
5013.0 7.542049e-16
5014.0 7.542443e-16
5015.0 8.241721e-16
5016.0 8.176477e-16
5017.0 7.612885e-16
5018.0 7.608996e-16
5019.0 8.516512e-16
5020.0 8.916158e-16
5021.0 8.206913e-16
5022.0 7.566047e-16
5023.0 7.338517e-16
5024.0 8.504077e-16
5025.0 9.572924e-16
5026.0 8.534313e-16
5027.0 8.367890e-16
5028.0 8.897857e-16
5029.0 7.789836e-16
5030.0 7.425027e-16
5031.0 7.946297e-16
5032.0 8.198072e-16
5033.0 7.682209e-16
5034.0 7.600995e-16
5035.0 8.357865e-16
5036.0 8.213480e-16
5037.0 7.370513e-16
5038.0 7.429308e-16
5039.0 8.104837e-16
5040.0 8.644058e-16
5041.0 8.616546e-16
5042.0 8.166865e-16
5043.0 7.720198e-16
5044.0 7.035925e-16
5045.0 6.655778e-16
5046.0 6.935852e-16
5047.0 7.574973e-16
5048.0 8.020881e-16
5049.0 7.594522e-16
5050.0 6.931428e-16
5051.0 7.599156e-16
5052.0 7.707520e-16
5053.0 7.251911e-16
5054.0 6.485697e-16
5055.0 6.670997e-16
5056.0 7.303195e-16
5057.0 7.435873e-16
5058.0 8.568319e-16
5059.0 9.352388e-16
5060.0 9.625663e-16
5061.0 8.142498e-16
5062.0 6.926791e-16
5063.0 7.110491e-16
5064.0 7.081518e-16
5065.0 6.837293e-16
5066.0 6.566660e-16
5067.0 6.605247e-16
5068.0 6.828918e-16
5069.0 7.489938e-16
5070.0 7.525121e-16
5071.0 6.960681e-16
5072.0 7.580622e-16
5073.0 7.683200e-16
5074.0 8.135420e-16
5075.0 8.026848e-16
5076.0 7.878650e-16
5077.0 7.562672e-16
5078.0 6.514251e-16
5079.0 6.353007e-16
5080.0 6.625798e-16
5081.0 6.930784e-16
5082.0 7.249530e-16
5083.0 7.208516e-16
5084.0 7.245810e-16
5085.0 7.485836e-16
5086.0 6.814015e-16
5087.0 6.877768e-16
5088.0 7.437445e-16
5089.0 6.505275e-16
5090.0 5.886362e-16
5091.0 6.877225e-16
5092.0 7.909055e-16
5093.0 8.152907e-16
5094.0 7.786860e-16
5095.0 7.783587e-16
5096.0 7.865117e-16
5097.0 7.701940e-16
5098.0 7.158186e-16
5099.0 6.448489e-16
5100.0 6.300319e-16
5101.0 6.665666e-16
5102.0 6.914012e-16
5103.0 7.140290e-16
5104.0 7.568797e-16
5105.0 7.902100e-16
5106.0 7.941468e-16
5107.0 8.230838e-16
5108.0 8.766312e-16
5109.0 8.568506e-16
5110.0 7.945854e-16
5111.0 7.740444e-16
5112.0 7.865938e-16
5113.0 8.483986e-16
5114.0 8.398510e-16
5115.0 7.628115e-16
5116.0 7.563280e-16
5117.0 7.583188e-16
5118.0 7.241371e-16
5119.0 7.292266e-16
5120.0 7.689291e-16
5121.0 7.626109e-16
5122.0 7.446463e-16
5123.0 7.972710e-16
5124.0 7.751064e-16
5125.0 6.616317e-16
5126.0 6.223967e-16
5127.0 6.602383e-16
5128.0 6.708111e-16
5129.0 6.741223e-16
5130.0 7.311233e-16
5131.0 7.859899e-16
5132.0 7.871825e-16
5133.0 7.002453e-16
5134.0 6.650328e-16
5135.0 6.125053e-16
5136.0 5.628184e-16
5137.0 5.729108e-16
5138.0 6.448148e-16
5139.0 7.129567e-16
5140.0 6.905679e-16
5141.0 6.696954e-16
5142.0 6.680948e-16
5143.0 6.741838e-16
5144.0 6.595026e-16
5145.0 6.477569e-16
5146.0 6.801095e-16
5147.0 6.474022e-16
5148.0 6.435425e-16
5149.0 6.257080e-16
5150.0 5.773368e-16
5151.0 6.042421e-16
5152.0 6.582568e-16
5153.0 6.473297e-16
5154.0 7.283865e-16
5155.0 7.585440e-16
5156.0 6.762487e-16
5157.0 5.851452e-16
5158.0 6.010412e-16
5159.0 6.507004e-16
5160.0 6.099272e-16
5161.0 6.349463e-16
5162.0 7.227715e-16
5163.0 7.449671e-16
5164.0 6.308680e-16
5165.0 5.488817e-16
5166.0 6.108622e-16
5167.0 5.957178e-16
5168.0 6.203338e-16
5169.0 6.916078e-16
5170.0 6.609270e-16
5171.0 6.356658e-16
5172.0 5.988080e-16
5173.0 6.083017e-16
5174.0 6.401139e-16
5175.0 6.318983e-16
5176.0 5.966024e-16
5177.0 6.152710e-16
5178.0 6.698527e-16
5179.0 5.592126e-16
5180.0 5.546347e-16
5181.0 6.295307e-16
5182.0 5.824254e-16
5183.0 5.584230e-16
5184.0 5.963025e-16
5185.0 7.025877e-16
5186.0 6.505274e-16
5187.0 5.371314e-16
5188.0 5.279550e-16
5189.0 5.807463e-16
5190.0 6.121455e-16
5191.0 5.801647e-16
5192.0 6.100661e-16
5193.0 6.441531e-16
5194.0 6.481295e-16
5195.0 6.689990e-16
5196.0 5.734885e-16
5197.0 4.523636e-16
5198.0 4.801390e-16
5199.0 5.225712e-16
5200.0 5.268709e-16
5201.0 5.809691e-16
5202.0 5.678651e-16
5203.0 5.233066e-16
5204.0 5.831987e-16
5205.0 5.963601e-16
5206.0 5.382021e-16
5207.0 5.070993e-16
5208.0 5.359083e-16
5209.0 5.508213e-16
5210.0 5.221681e-16
5211.0 5.481387e-16
5212.0 5.835985e-16
5213.0 5.708481e-16
5214.0 5.535606e-16
5215.0 5.139551e-16
5216.0 4.807837e-16
5217.0 4.359264e-16
5218.0 4.451381e-16
5219.0 5.369893e-16
5220.0 5.470823e-16
5221.0 5.529318e-16
5222.0 5.810168e-16
5223.0 5.822914e-16
5224.0 5.355850e-16
5225.0 5.183825e-16
5226.0 5.471835e-16
5227.0 5.065073e-16
5228.0 4.765530e-16
5229.0 5.648920e-16
5230.0 5.791373e-16
5231.0 5.494168e-16
5232.0 6.263418e-16
5233.0 6.331409e-16
5234.0 5.485911e-16
5235.0 5.110607e-16
5236.0 4.968582e-16
5237.0 4.796048e-16
5238.0 5.137645e-16
5239.0 5.046125e-16
5240.0 4.969768e-16
5241.0 5.512613e-16
5242.0 5.649118e-16
5243.0 4.816528e-16
5244.0 4.044502e-16
5245.0 4.168005e-16
5246.0 4.531341e-16
5247.0 4.528358e-16
5248.0 4.570471e-16
5249.0 5.011669e-16
5250.0 4.952081e-16
5251.0 4.544151e-16
5252.0 4.480898e-16
5253.0 4.894908e-16
5254.0 5.240441e-16
5255.0 5.250659e-16
5256.0 5.341791e-16
5257.0 4.999755e-16
5258.0 5.424317e-16
5259.0 5.641734e-16
5260.0 4.397659e-16
5261.0 3.965183e-16
5262.0 4.483868e-16
5263.0 4.615342e-16
5264.0 4.481811e-16
5265.0 4.739976e-16
5266.0 5.152290e-16
5267.0 5.072397e-16
5268.0 4.769883e-16
5269.0 4.073649e-16
5270.0 4.220745e-16
5271.0 4.993371e-16
5272.0 5.125759e-16
5273.0 5.483657e-16
5274.0 6.306218e-16
5275.0 6.341783e-16
5276.0 4.628357e-16
5277.0 3.927126e-16
5278.0 4.936645e-16
5279.0 6.691044e-16
5280.0 5.893851e-16
5281.0 4.085384e-16
5282.0 4.562536e-16
5283.0 4.677315e-16
5284.0 4.271506e-16
5285.0 4.742936e-16
5286.0 4.892758e-16
5287.0 4.661645e-16
5288.0 4.635326e-16
5289.0 5.159009e-16
5290.0 6.138378e-16
5291.0 6.568369e-16
5292.0 5.388280e-16
5293.0 4.003872e-16
5294.0 3.831828e-16
5295.0 4.342919e-16
5296.0 3.927195e-16
5297.0 3.502137e-16
5298.0 4.422698e-16
5299.0 5.155340e-16
5300.0 5.324595e-16
5301.0 5.734764e-16
5302.0 5.474137e-16
5303.0 4.876898e-16
5304.0 4.388575e-16
5305.0 3.848518e-16
5306.0 3.629948e-16
5307.0 4.264295e-16
5308.0 4.241157e-16
5309.0 4.234864e-16
5310.0 4.837011e-16
5311.0 4.357190e-16
5312.0 4.689198e-16
5313.0 5.340375e-16
5314.0 5.212987e-16
5315.0 4.864532e-16
5316.0 4.688853e-16
5317.0 4.929799e-16
5318.0 5.242238e-16
5319.0 5.078508e-16
5320.0 4.149973e-16
5321.0 3.970715e-16
5322.0 4.798551e-16
5323.0 4.281017e-16
5324.0 4.307980e-16
5325.0 4.586939e-16
5326.0 3.878231e-16
5327.0 3.904492e-16
5328.0 4.164929e-16
5329.0 5.070073e-16
5330.0 4.621258e-16
5331.0 3.795773e-16
5332.0 4.617280e-16
5333.0 4.643983e-16
5334.0 4.167861e-16
5335.0 4.924822e-16
5336.0 5.268172e-16
5337.0 4.494073e-16
5338.0 3.496352e-16
5339.0 3.493564e-16
5340.0 4.435143e-16
5341.0 4.960732e-16
5342.0 4.867843e-16
5343.0 4.961152e-16
5344.0 5.193584e-16
5345.0 4.841868e-16
5346.0 4.312436e-16
5347.0 3.866115e-16
5348.0 3.405371e-16
5349.0 3.412698e-16
5350.0 4.047793e-16
5351.0 4.204921e-16
5352.0 4.258112e-16
5353.0 4.202146e-16
5354.0 3.890849e-16
5355.0 4.466837e-16
5356.0 4.893553e-16
5357.0 5.041873e-16
5358.0 4.856357e-16
5359.0 4.456484e-16
5360.0 4.609997e-16
5361.0 4.757706e-16
5362.0 5.389784e-16
5363.0 5.754169e-16
5364.0 4.961914e-16
5365.0 4.534678e-16
5366.0 4.644552e-16
5367.0 4.498477e-16
5368.0 4.415487e-16
5369.0 4.515207e-16
5370.0 4.580832e-16
5371.0 4.911238e-16
5372.0 5.122357e-16
5373.0 4.431667e-16
5374.0 4.136573e-16
5375.0 4.718376e-16
5376.0 4.605107e-16
5377.0 4.529644e-16
5378.0 5.197156e-16
5379.0 5.984114e-16
5380.0 5.163542e-16
5381.0 4.106749e-16
5382.0 4.541592e-16
5383.0 4.840590e-16
5384.0 4.955991e-16
5385.0 5.284399e-16
5386.0 3.969264e-16
5387.0 3.468477e-16
5388.0 4.694014e-16
5389.0 4.391428e-16
5390.0 3.812050e-16
5391.0 4.587762e-16
5392.0 4.327415e-16
5393.0 4.149292e-16
5394.0 5.021151e-16
5395.0 4.881378e-16
5396.0 4.982691e-16
5397.0 5.827220e-16
5398.0 5.416258e-16
5399.0 4.240891e-16
5400.0 3.804038e-16
5401.0 4.373191e-16
5402.0 4.119839e-16
5403.0 4.304662e-16
5404.0 4.877272e-16
5405.0 4.816388e-16
5406.0 4.244187e-16
5407.0 5.145133e-16
5408.0 5.258097e-16
5409.0 4.686528e-16
5410.0 5.311914e-16
5411.0 6.091727e-16
5412.0 5.478235e-16
5413.0 4.800234e-16
5414.0 4.091315e-16
5415.0 3.947303e-16
5416.0 4.849784e-16
5417.0 4.990855e-16
5418.0 4.805885e-16
5419.0 4.204253e-16
5420.0 4.171621e-16
5421.0 4.576508e-16
5422.0 4.459667e-16
5423.0 4.834393e-16
5424.0 4.619019e-16
5425.0 3.911268e-16
5426.0 3.965500e-16
5427.0 4.141660e-16
5428.0 4.664347e-16
5429.0 4.680308e-16
5430.0 4.587461e-16
5431.0 4.732483e-16
5432.0 4.903604e-16
5433.0 4.736318e-16
5434.0 4.367272e-16
5435.0 4.565235e-16
5436.0 5.200851e-16
5437.0 5.100075e-16
5438.0 4.554800e-16
5439.0 4.356071e-16
5440.0 4.286805e-16
5441.0 4.289864e-16
5442.0 4.974021e-16
5443.0 5.371280e-16
5444.0 5.103361e-16
5445.0 4.661190e-16
5446.0 4.648315e-16
5447.0 5.205694e-16
5448.0 4.968971e-16
5449.0 4.496023e-16
5450.0 4.588385e-16
5451.0 5.237010e-16
5452.0 5.465715e-16
5453.0 4.633494e-16
5454.0 4.252789e-16
5455.0 4.485165e-16
5456.0 4.551476e-16
5457.0 5.158483e-16
5458.0 5.632790e-16
5459.0 5.898886e-16
5460.0 5.744952e-16
5461.0 4.276025e-16
5462.0 3.588702e-16
5463.0 4.116260e-16
5464.0 4.316943e-16
5465.0 4.296896e-16
5466.0 5.086434e-16
5467.0 4.841654e-16
5468.0 4.551490e-16
5469.0 4.538129e-16
5470.0 4.609780e-16
5471.0 4.708154e-16
5472.0 4.559751e-16
5473.0 4.459098e-16
5474.0 4.046077e-16
5475.0 3.747352e-16
5476.0 4.274502e-16
5477.0 4.783801e-16
5478.0 4.420089e-16
5479.0 3.976151e-16
5480.0 4.839623e-16
5481.0 5.513826e-16
5482.0 4.826682e-16
5483.0 4.707056e-16
5484.0 5.164751e-16
5485.0 4.868249e-16
5486.0 4.477607e-16
5487.0 4.110722e-16
5488.0 4.402168e-16
5489.0 4.927220e-16
5490.0 5.279309e-16
5491.0 5.260171e-16
5492.0 4.560875e-16
5493.0 4.269733e-16
5494.0 4.758946e-16
5495.0 4.679456e-16
5496.0 4.822650e-16
5497.0 4.395677e-16
5498.0 4.437134e-16
5499.0 4.964201e-16
5500.0 4.374683e-16
5501.0 4.443493e-16
5502.0 4.990607e-16
5503.0 4.876835e-16
5504.0 4.187283e-16
5505.0 4.586110e-16
5506.0 5.016073e-16
5507.0 4.847650e-16
5508.0 4.951161e-16
5509.0 5.298444e-16
5510.0 4.948625e-16
5511.0 4.658539e-16
5512.0 4.516734e-16
5513.0 4.441966e-16
5514.0 4.795454e-16
5515.0 4.592525e-16
5516.0 4.372177e-16
5517.0 4.787072e-16
5518.0 4.746365e-16
5519.0 4.466025e-16
5520.0 5.256446e-16
5521.0 5.075839e-16
5522.0 3.791647e-16
5523.0 4.357481e-16
5524.0 4.943344e-16
5525.0 4.484253e-16
5526.0 4.352929e-16
5527.0 4.796744e-16
5528.0 4.899653e-16
5529.0 4.520362e-16
5530.0 4.747616e-16
5531.0 5.209141e-16
5532.0 4.774673e-16
5533.0 5.219940e-16
5534.0 5.854458e-16
5535.0 5.119245e-16
5536.0 4.951271e-16
5537.0 5.223916e-16
5538.0 4.790992e-16
5539.0 4.429828e-16
5540.0 4.419564e-16
5541.0 4.479995e-16
5542.0 4.690809e-16
5543.0 4.891367e-16
5544.0 5.067955e-16
5545.0 5.173409e-16
5546.0 5.332446e-16
5547.0 5.374114e-16
5548.0 4.761845e-16
5549.0 4.804424e-16
5550.0 5.491281e-16
5551.0 5.162261e-16
5552.0 4.305618e-16
5553.0 4.029693e-16
5554.0 4.233390e-16
5555.0 4.497869e-16
5556.0 4.611273e-16
5557.0 4.304689e-16
5558.0 5.267584e-16
5559.0 5.949405e-16
5560.0 4.658521e-16
5561.0 5.069930e-16
5562.0 5.290527e-16
5563.0 4.804458e-16
5564.0 4.508386e-16
5565.0 3.722070e-16
5566.0 3.620376e-16
5567.0 4.620632e-16
5568.0 5.724146e-16
5569.0 5.955952e-16
5570.0 5.076775e-16
5571.0 4.488307e-16
5572.0 4.761833e-16
5573.0 5.098611e-16
5574.0 4.762852e-16
5575.0 5.238573e-16
5576.0 5.999837e-16
5577.0 6.975547e-16
5578.0 7.592415e-16
5579.0 6.206985e-16
5580.0 4.887658e-16
5581.0 4.970184e-16
5582.0 5.659490e-16
5583.0 5.087242e-16
5584.0 4.482331e-16
5585.0 4.872774e-16
5586.0 4.690592e-16
5587.0 4.498671e-16
5588.0 4.668431e-16
5589.0 4.711202e-16
5590.0 4.746042e-16
5591.0 4.931902e-16
5592.0 4.746004e-16
5593.0 4.667535e-16
5594.0 4.431550e-16
5595.0 4.329296e-16
5596.0 4.409948e-16
5597.0 3.786698e-16
5598.0 4.147054e-16
5599.0 5.075206e-16
5600.0 5.500960e-16
5601.0 5.501697e-16
5602.0 5.321095e-16
5603.0 4.856470e-16
5604.0 5.221765e-16
5605.0 5.766399e-16
5606.0 5.335002e-16
5607.0 4.339650e-16
5608.0 4.080819e-16
5609.0 4.417283e-16
5610.0 4.870070e-16
5611.0 5.108167e-16
5612.0 5.138131e-16
5613.0 5.046586e-16
5614.0 5.211669e-16
5615.0 5.474408e-16
5616.0 5.546783e-16
5617.0 5.437137e-16
5618.0 4.849599e-16
5619.0 4.087021e-16
5620.0 4.410529e-16
5621.0 4.919183e-16
5622.0 4.600273e-16
5623.0 4.178812e-16
5624.0 4.514190e-16
5625.0 4.902904e-16
5626.0 5.960869e-16
5627.0 6.587342e-16
5628.0 5.505684e-16
5629.0 4.040453e-16
5630.0 4.059916e-16
5631.0 4.990393e-16
5632.0 4.977199e-16
5633.0 4.943883e-16
5634.0 5.220262e-16
5635.0 5.328218e-16
5636.0 4.990652e-16
5637.0 4.766619e-16
5638.0 4.803164e-16
5639.0 4.534556e-16
5640.0 4.501877e-16
5641.0 4.847664e-16
5642.0 5.165532e-16
5643.0 5.124758e-16
5644.0 4.688679e-16
5645.0 4.305092e-16
5646.0 4.166980e-16
5647.0 4.415204e-16
5648.0 4.881336e-16
5649.0 4.911783e-16
5650.0 4.726403e-16
5651.0 4.778666e-16
5652.0 4.228896e-16
5653.0 4.010775e-16
5654.0 5.477279e-16
5655.0 5.631061e-16
5656.0 4.602105e-16
5657.0 4.536011e-16
5658.0 4.436487e-16
5659.0 4.509085e-16
5660.0 4.662475e-16
5661.0 4.723869e-16
5662.0 4.419196e-16
5663.0 4.471471e-16
5664.0 4.947575e-16
5665.0 4.957444e-16
5666.0 4.421603e-16
5667.0 5.125535e-16
5668.0 5.530823e-16
5669.0 4.683244e-16
5670.0 4.284745e-16
5671.0 4.550735e-16
5672.0 5.412233e-16
5673.0 5.431732e-16
5674.0 4.609873e-16
5675.0 4.193626e-16
5676.0 3.939821e-16
5677.0 4.410280e-16
5678.0 5.058129e-16
5679.0 4.492554e-16
5680.0 3.687427e-16
5681.0 3.553958e-16
5682.0 4.153532e-16
5683.0 4.815951e-16
5684.0 5.017540e-16
5685.0 4.756098e-16
5686.0 3.696527e-16
5687.0 3.282676e-16
5688.0 4.736573e-16
5689.0 5.312524e-16
5690.0 4.920387e-16
5691.0 4.891455e-16
5692.0 5.530079e-16
5693.0 5.442391e-16
5694.0 4.759010e-16
5695.0 4.328607e-16
5696.0 4.119591e-16
5697.0 4.893298e-16
5698.0 4.362715e-16
5699.0 4.127370e-16
5700.0 5.253739e-16
5701.0 4.353511e-16
5702.0 4.370979e-16
5703.0 5.499170e-16
5704.0 5.498866e-16
5705.0 5.429008e-16
5706.0 5.232336e-16
5707.0 4.783288e-16
5708.0 4.733328e-16
5709.0 4.427285e-16
5710.0 4.183358e-16
5711.0 3.974984e-16
5712.0 3.925020e-16
5713.0 4.492609e-16
5714.0 4.748081e-16
5715.0 4.408304e-16
5716.0 4.212880e-16
5717.0 4.874020e-16
5718.0 4.785295e-16
5719.0 4.310518e-16
5720.0 4.671675e-16
5721.0 4.704057e-16
5722.0 4.369274e-16
5723.0 4.089683e-16
5724.0 4.103723e-16
5725.0 4.340506e-16
5726.0 5.064818e-16
5727.0 4.907576e-16
5728.0 4.169266e-16
5729.0 4.133988e-16
5730.0 4.556325e-16
5731.0 5.205406e-16
5732.0 4.674058e-16
5733.0 4.890325e-16
5734.0 5.674468e-16
5735.0 4.013734e-16
5736.0 3.807190e-16
5737.0 5.328498e-16
5738.0 5.259449e-16
5739.0 5.155409e-16
5740.0 5.115043e-16
5741.0 5.051132e-16
5742.0 4.969263e-16
5743.0 4.885440e-16
5744.0 5.066773e-16
5745.0 4.596569e-16
5746.0 4.262347e-16
5747.0 4.755303e-16
5748.0 4.851781e-16
5749.0 4.694474e-16
5750.0 4.690710e-16
5751.0 5.193761e-16
5752.0 5.162161e-16
5753.0 4.517321e-16
5754.0 4.379066e-16
5755.0 4.396716e-16
5756.0 4.345057e-16
5757.0 4.429791e-16
5758.0 4.298297e-16
5759.0 4.465423e-16
5760.0 4.310294e-16
5761.0 4.351283e-16
5762.0 4.716266e-16
5763.0 4.707265e-16
5764.0 4.531493e-16
5765.0 4.502202e-16
5766.0 4.697784e-16
5767.0 4.777833e-16
5768.0 4.971524e-16
5769.0 4.877013e-16
5770.0 4.384866e-16
5771.0 4.834173e-16
5772.0 5.218638e-16
5773.0 4.953117e-16
5774.0 4.465386e-16
5775.0 4.327375e-16
5776.0 4.492968e-16
5777.0 4.721512e-16
5778.0 5.006745e-16
5779.0 4.862935e-16
5780.0 4.586320e-16
5781.0 4.254705e-16
5782.0 4.025279e-16
5783.0 4.136731e-16
5784.0 4.513448e-16
5785.0 5.159337e-16
5786.0 5.021970e-16
5787.0 4.708769e-16
5788.0 4.965171e-16
5789.0 5.155409e-16
5790.0 4.944265e-16
5791.0 4.419971e-16
5792.0 4.578196e-16
5793.0 4.830342e-16
5794.0 4.488696e-16
5795.0 4.587793e-16
5796.0 4.847112e-16
5797.0 4.761757e-16
5798.0 5.101092e-16
5799.0 5.191529e-16
5800.0 5.212444e-16
5801.0 5.111392e-16
5802.0 5.078475e-16
5803.0 5.330258e-16
5804.0 6.035089e-16
5805.0 6.398811e-16
5806.0 6.070176e-16
5807.0 5.750953e-16
5808.0 5.195390e-16
5809.0 4.588177e-16
5810.0 4.573006e-16
5811.0 4.832162e-16
5812.0 4.828033e-16
5813.0 5.206268e-16
5814.0 5.544531e-16
5815.0 5.355148e-16
5816.0 4.955101e-16
5817.0 4.701509e-16
5818.0 4.789260e-16
5819.0 5.153096e-16
5820.0 5.169215e-16
5821.0 4.631314e-16
5822.0 4.065121e-16
5823.0 3.923729e-16
5824.0 4.532476e-16
5825.0 5.460790e-16
5826.0 5.643676e-16
5827.0 5.071970e-16
5828.0 4.787194e-16
5829.0 5.316178e-16
5830.0 5.607216e-16
5831.0 5.237934e-16
5832.0 5.018817e-16
5833.0 4.844914e-16
5834.0 4.660950e-16
5835.0 4.585551e-16
5836.0 4.907284e-16
5837.0 5.058525e-16
5838.0 4.410604e-16
5839.0 4.696904e-16
5840.0 4.802685e-16
5841.0 4.455253e-16
5842.0 5.267063e-16
5843.0 5.808308e-16
5844.0 5.674930e-16
5845.0 5.292047e-16
5846.0 5.062780e-16
5847.0 4.988672e-16
5848.0 4.807173e-16
5849.0 5.299363e-16
5850.0 6.057194e-16
5851.0 5.198242e-16
5852.0 4.618653e-16
5853.0 5.215741e-16
5854.0 4.798272e-16
5855.0 4.298200e-16
5856.0 4.364768e-16
5857.0 4.399338e-16
5858.0 4.779366e-16
5859.0 5.297239e-16
5860.0 4.751832e-16
5861.0 5.196334e-16
5862.0 5.522473e-16
5863.0 4.424643e-16
5864.0 4.563545e-16
5865.0 5.042065e-16
5866.0 4.269021e-16
5867.0 4.242434e-16
5868.0 4.574556e-16
5869.0 3.996851e-16
5870.0 3.946110e-16
5871.0 4.570324e-16
5872.0 5.159834e-16
5873.0 5.125668e-16
5874.0 5.046059e-16
5875.0 4.658244e-16
5876.0 4.052079e-16
5877.0 3.992632e-16
5878.0 4.655934e-16
5879.0 5.298118e-16
5880.0 5.704145e-16
5881.0 5.757719e-16
5882.0 5.138547e-16
5883.0 4.675678e-16
5884.0 4.488746e-16
5885.0 4.706290e-16
5886.0 4.633430e-16
5887.0 4.411651e-16
5888.0 4.718748e-16
5889.0 4.714859e-16
5890.0 4.412007e-16
5891.0 4.205134e-16
5892.0 4.089843e-16
5893.0 4.129451e-16
5894.0 4.099364e-16
5895.0 4.600024e-16
5896.0 5.240032e-16
5897.0 5.413626e-16
5898.0 5.705999e-16
5899.0 5.210719e-16
5900.0 4.208075e-16
5901.0 3.716497e-16
5902.0 3.978836e-16
5903.0 4.607048e-16
5904.0 4.638904e-16
5905.0 4.318236e-16
5906.0 4.383755e-16
5907.0 5.059791e-16
5908.0 4.691115e-16
5909.0 3.740461e-16
5910.0 3.936673e-16
5911.0 4.231024e-16
5912.0 3.893766e-16
5913.0 3.328034e-16
5914.0 3.901297e-16
5915.0 4.538725e-16
5916.0 4.093175e-16
5917.0 4.523029e-16
5918.0 5.072097e-16
5919.0 4.056033e-16
5920.0 3.746662e-16
5921.0 4.300103e-16
5922.0 4.608801e-16
5923.0 4.630975e-16
5924.0 4.470257e-16
5925.0 4.156768e-16
5926.0 3.818703e-16
5927.0 3.930741e-16
5928.0 4.459151e-16
5929.0 5.059976e-16
5930.0 4.786675e-16
5931.0 4.017384e-16
5932.0 4.069164e-16
5933.0 4.424568e-16
5934.0 5.088647e-16
5935.0 5.660243e-16
5936.0 5.127691e-16
5937.0 4.710783e-16
5938.0 4.940680e-16
5939.0 4.777219e-16
5940.0 4.340802e-16
5941.0 4.134524e-16
5942.0 4.518338e-16
5943.0 4.952505e-16
5944.0 4.917942e-16
5945.0 4.687618e-16
5946.0 4.894716e-16
5947.0 5.495009e-16
5948.0 5.447682e-16
5949.0 4.964880e-16
5950.0 4.709788e-16
5951.0 4.877199e-16
5952.0 4.816868e-16
5953.0 3.971826e-16
5954.0 3.916938e-16
5955.0 4.360525e-16
5956.0 4.070477e-16
5957.0 3.869432e-16
5958.0 4.159249e-16
5959.0 4.548131e-16
5960.0 4.424904e-16
5961.0 4.232803e-16
5962.0 4.356537e-16
5963.0 4.756874e-16
5964.0 5.129662e-16
5965.0 5.330649e-16
5966.0 5.354272e-16
5967.0 5.504811e-16
5968.0 5.406907e-16
5969.0 5.202840e-16
5970.0 4.990033e-16
5971.0 4.709398e-16
5972.0 5.267765e-16
5973.0 5.203597e-16
5974.0 4.454342e-16
5975.0 4.652364e-16
5976.0 5.026090e-16
5977.0 4.832082e-16
5978.0 4.529740e-16
5979.0 4.413876e-16
5980.0 4.780156e-16
5981.0 5.583147e-16
5982.0 6.173079e-16
5983.0 5.917637e-16
5984.0 5.378505e-16
5985.0 5.450005e-16
5986.0 5.001032e-16
5987.0 4.821224e-16
5988.0 5.486056e-16
5989.0 5.140760e-16
5990.0 4.950997e-16
5991.0 5.318550e-16
5992.0 5.332664e-16
5993.0 5.508712e-16
5994.0 6.007840e-16
5995.0 6.657048e-16
5996.0 6.391086e-16
5997.0 5.414551e-16
5998.0 5.846424e-16
5999.0 6.351550e-16
6000.0 5.556111e-16
6001.0 4.473950e-16
6002.0 4.715410e-16
6003.0 6.039759e-16
6004.0 5.857841e-16
6005.0 5.127793e-16
6006.0 4.908821e-16
6007.0 4.991006e-16
6008.0 4.957429e-16
6009.0 5.012623e-16
6010.0 5.484394e-16
6011.0 5.491026e-16
6012.0 5.149857e-16
6013.0 4.690464e-16
6014.0 4.746283e-16
6015.0 5.080216e-16
6016.0 5.013237e-16
6017.0 5.441590e-16
6018.0 5.696907e-16
6019.0 5.303139e-16
6020.0 4.866452e-16
6021.0 4.633802e-16
6022.0 4.589097e-16
6023.0 5.016982e-16
6024.0 5.041225e-16
6025.0 4.195256e-16
6026.0 4.405946e-16
6027.0 5.076439e-16
6028.0 5.328562e-16
6029.0 5.576496e-16
6030.0 5.090541e-16
6031.0 4.253335e-16
6032.0 4.401821e-16
6033.0 4.513562e-16
6034.0 4.205071e-16
6035.0 4.130721e-16
6036.0 4.469679e-16
6037.0 4.813157e-16
6038.0 4.713395e-16
6039.0 4.217449e-16
6040.0 4.093191e-16
6041.0 4.339406e-16
6042.0 4.859822e-16
6043.0 4.795109e-16
6044.0 3.858702e-16
6045.0 3.229943e-16
6046.0 3.641196e-16
6047.0 4.581512e-16
6048.0 4.869134e-16
6049.0 4.541529e-16
6050.0 3.835367e-16
6051.0 3.233118e-16
6052.0 3.565452e-16
6053.0 4.444384e-16
6054.0 4.439872e-16
6055.0 4.084834e-16
6056.0 3.958165e-16
6057.0 4.086103e-16
6058.0 4.427245e-16
6059.0 4.139492e-16
6060.0 3.027726e-16
6061.0 3.732486e-16
6062.0 5.215125e-16
6063.0 4.845885e-16
6064.0 4.461896e-16
6065.0 4.849138e-16
6066.0 4.980669e-16
6067.0 4.430263e-16
6068.0 4.000170e-16
6069.0 4.005130e-16
6070.0 4.054483e-16
6071.0 4.356364e-16
6072.0 4.871234e-16
6073.0 4.171787e-16
6074.0 3.723038e-16
6075.0 4.190061e-16
6076.0 4.109625e-16
6077.0 4.005572e-16
6078.0 4.135080e-16
6079.0 4.363619e-16
6080.0 4.379497e-16
6081.0 4.151591e-16
6082.0 3.793537e-16
6083.0 4.064607e-16
6084.0 4.330822e-16
6085.0 3.502488e-16
6086.0 3.380971e-16
6087.0 3.907204e-16
6088.0 4.028467e-16
6089.0 4.251061e-16
6090.0 4.470081e-16
6091.0 4.215274e-16
6092.0 4.241525e-16
6093.0 4.163339e-16
6094.0 3.468711e-16
6095.0 3.312641e-16
6096.0 3.804381e-16
6097.0 3.904848e-16
6098.0 3.518973e-16
6099.0 3.701287e-16
6100.0 4.474310e-16
6101.0 4.274458e-16
6102.0 4.212143e-16
6103.0 4.547984e-16
6104.0 4.022998e-16
6105.0 3.689650e-16
6106.0 4.035757e-16
6107.0 4.306528e-16
6108.0 4.346227e-16
6109.0 4.072995e-16
6110.0 3.700814e-16
6111.0 4.094800e-16
6112.0 4.710472e-16
6113.0 4.403887e-16
6114.0 4.118813e-16
6115.0 3.845266e-16
6116.0 3.423772e-16
6117.0 3.763945e-16
6118.0 3.762813e-16
6119.0 3.007645e-16
6120.0 2.776887e-16
6121.0 3.027086e-16
6122.0 3.355813e-16
6123.0 3.565478e-16
6124.0 3.747664e-16
6125.0 3.839192e-16
6126.0 3.945183e-16
6127.0 4.003195e-16
6128.0 3.927324e-16
6129.0 4.059721e-16
6130.0 3.947268e-16
6131.0 3.730742e-16
6132.0 3.577516e-16
6133.0 4.031578e-16
6134.0 4.587268e-16
6135.0 4.171271e-16
6136.0 3.780955e-16
6137.0 3.656357e-16
6138.0 3.784074e-16
6139.0 3.994668e-16
6140.0 4.169571e-16
6141.0 4.203229e-16
6142.0 3.910128e-16
6143.0 3.843416e-16
6144.0 4.261442e-16
6145.0 4.603998e-16
6146.0 4.732435e-16
6147.0 4.583594e-16
6148.0 3.962612e-16
6149.0 3.366151e-16
6150.0 3.233732e-16
6151.0 3.403432e-16
6152.0 3.585148e-16
6153.0 3.722727e-16
6154.0 3.875506e-16
6155.0 3.436413e-16
6156.0 2.710379e-16
6157.0 2.479206e-16
6158.0 3.018318e-16
6159.0 3.548508e-16
6160.0 3.335815e-16
6161.0 3.109482e-16
6162.0 3.250700e-16
6163.0 3.621041e-16
6164.0 3.874107e-16
6165.0 4.083958e-16
6166.0 4.446795e-16
6167.0 4.524774e-16
6168.0 4.309671e-16
6169.0 4.044779e-16
6170.0 3.917522e-16
6171.0 3.717030e-16
6172.0 3.425531e-16
6173.0 3.448929e-16
6174.0 3.790346e-16
6175.0 3.893631e-16
6176.0 3.862711e-16
6177.0 3.567849e-16
6178.0 2.955980e-16
6179.0 3.176430e-16
6180.0 3.499682e-16
6181.0 3.300046e-16
6182.0 2.874422e-16
6183.0 3.121149e-16
6184.0 3.807618e-16
6185.0 3.743609e-16
6186.0 3.573746e-16
6187.0 3.668467e-16
6188.0 3.727105e-16
6189.0 3.641461e-16
6190.0 3.872801e-16
6191.0 4.563136e-16
6192.0 4.218170e-16
6193.0 3.153222e-16
6194.0 2.643518e-16
6195.0 3.143826e-16
6196.0 3.638968e-16
6197.0 3.528232e-16
6198.0 3.786612e-16
6199.0 4.136762e-16
6200.0 4.104225e-16
6201.0 4.010542e-16
6202.0 3.997274e-16
6203.0 3.769692e-16
6204.0 3.233254e-16
6205.0 3.463026e-16
6206.0 3.928938e-16
6207.0 3.644993e-16
6208.0 3.185946e-16
6209.0 3.165674e-16
6210.0 3.629721e-16
6211.0 3.921455e-16
6212.0 3.826855e-16
6213.0 3.266719e-16
6214.0 2.747431e-16
6215.0 2.899415e-16
6216.0 3.429231e-16
6217.0 3.751329e-16
6218.0 3.348299e-16
6219.0 2.416725e-16
6220.0 2.812707e-16
6221.0 3.707254e-16
6222.0 3.628374e-16
6223.0 2.699464e-16
6224.0 2.310707e-16
6225.0 3.092567e-16
6226.0 3.691521e-16
6227.0 3.819672e-16
6228.0 3.988950e-16
6229.0 4.252954e-16
6230.0 3.747737e-16
6231.0 2.800596e-16
6232.0 2.830820e-16
6233.0 3.103499e-16
6234.0 3.139202e-16
6235.0 3.383555e-16
6236.0 3.337574e-16
6237.0 3.125736e-16
6238.0 3.247619e-16
6239.0 3.325221e-16
6240.0 3.341063e-16
6241.0 3.410896e-16
6242.0 3.061280e-16
6243.0 2.729532e-16
6244.0 3.039979e-16
6245.0 3.626850e-16
6246.0 3.652269e-16
6247.0 3.068387e-16
6248.0 3.114047e-16
6249.0 3.602441e-16
6250.0 3.884024e-16
6251.0 3.649752e-16
6252.0 3.238790e-16
6253.0 3.086470e-16
6254.0 3.366199e-16
6255.0 3.404691e-16
6256.0 3.073179e-16
6257.0 3.136566e-16
6258.0 3.549188e-16
6259.0 3.703920e-16
6260.0 3.271183e-16
6261.0 3.381478e-16
6262.0 3.696118e-16
6263.0 3.352117e-16
6264.0 3.385527e-16
6265.0 3.251313e-16
6266.0 2.661799e-16
6267.0 3.600479e-16
6268.0 4.477064e-16
6269.0 3.586443e-16
6270.0 3.312820e-16
6271.0 3.640036e-16
6272.0 3.688983e-16
6273.0 3.460808e-16
6274.0 2.873376e-16
6275.0 2.229070e-16
6276.0 2.102206e-16
6277.0 2.534387e-16
6278.0 2.867672e-16
6279.0 2.813208e-16
6280.0 2.373404e-16
6281.0 2.005104e-16
6282.0 2.520711e-16
6283.0 2.643697e-16
6284.0 2.466561e-16
6285.0 3.178016e-16
6286.0 3.880227e-16
6287.0 3.631268e-16
6288.0 2.690548e-16
6289.0 3.005924e-16
6290.0 3.793749e-16
6291.0 3.482340e-16
6292.0 3.086155e-16
6293.0 2.997889e-16
6294.0 2.631192e-16
6295.0 2.338338e-16
6296.0 2.464594e-16
6297.0 2.936915e-16
6298.0 3.089656e-16
6299.0 2.346902e-16
6300.0 1.533199e-16
6301.0 2.410982e-16
6302.0 2.779649e-16
6303.0 1.602215e-16
6304.0 2.338577e-16
6305.0 3.364638e-16
6306.0 3.207165e-16
6307.0 3.003168e-16
6308.0 3.258107e-16
6309.0 3.455469e-16
6310.0 2.962617e-16
6311.0 2.819497e-16
6312.0 3.059368e-16
6313.0 2.915321e-16
6314.0 2.773661e-16
6315.0 2.986464e-16
6316.0 3.285921e-16
6317.0 3.258834e-16
6318.0 3.208733e-16
6319.0 3.516132e-16
6320.0 3.929385e-16
6321.0 3.806565e-16
6322.0 3.039574e-16
6323.0 2.511318e-16
6324.0 2.819282e-16
6325.0 3.505532e-16
6326.0 3.284417e-16
6327.0 2.910422e-16
6328.0 2.974509e-16
6329.0 3.183439e-16
6330.0 3.285468e-16
6331.0 3.254769e-16
6332.0 3.383393e-16
6333.0 3.371877e-16
6334.0 2.947702e-16
6335.0 2.266766e-16
6336.0 2.616809e-16
6337.0 3.484908e-16
6338.0 3.207373e-16
6339.0 2.651493e-16
6340.0 2.774001e-16
6341.0 3.523355e-16
6342.0 3.307552e-16
6343.0 2.932448e-16
6344.0 3.538175e-16
6345.0 3.370266e-16
6346.0 2.877397e-16
6347.0 3.090751e-16
6348.0 3.442621e-16
6349.0 3.610516e-16
6350.0 3.759194e-16
6351.0 4.248352e-16
6352.0 3.837198e-16
6353.0 2.502059e-16
6354.0 2.090802e-16
6355.0 2.361816e-16
6356.0 2.823355e-16
6357.0 3.073318e-16
6358.0 3.337987e-16
6359.0 3.867095e-16
6360.0 4.160123e-16
6361.0 3.319382e-16
6362.0 2.271822e-16
6363.0 2.569712e-16
6364.0 3.052494e-16
6365.0 3.203287e-16
6366.0 3.095166e-16
6367.0 2.448671e-16
6368.0 2.007748e-16
6369.0 2.407720e-16
6370.0 2.541627e-16
6371.0 2.455663e-16
6372.0 2.587952e-16
6373.0 2.564141e-16
6374.0 2.783650e-16
6375.0 3.492941e-16
6376.0 3.854900e-16
6377.0 3.348943e-16
6378.0 2.817607e-16
6379.0 3.532175e-16
6380.0 3.816884e-16
6381.0 3.383505e-16
6382.0 3.539062e-16
6383.0 3.665717e-16
6384.0 3.579587e-16
6385.0 3.566935e-16
6386.0 3.388207e-16
6387.0 3.239632e-16
6388.0 3.454385e-16
6389.0 3.443982e-16
6390.0 3.032886e-16
6391.0 2.584064e-16
6392.0 2.773111e-16
6393.0 3.316639e-16
6394.0 3.575718e-16
6395.0 3.564271e-16
6396.0 3.346609e-16
6397.0 3.081320e-16
6398.0 3.083497e-16
6399.0 3.368723e-16
6400.0 3.472883e-16
6401.0 3.050325e-16
6402.0 2.707955e-16
6403.0 2.796577e-16
6404.0 2.940268e-16
6405.0 2.654213e-16
6406.0 2.177583e-16
6407.0 2.504086e-16
6408.0 3.237913e-16
6409.0 3.606322e-16
6410.0 3.327122e-16
6411.0 3.296525e-16
6412.0 3.349674e-16
6413.0 2.735365e-16
6414.0 2.559570e-16
6415.0 2.962167e-16
6416.0 3.318243e-16
6417.0 3.133248e-16
6418.0 2.780896e-16
6419.0 2.801982e-16
6420.0 2.816662e-16
6421.0 2.867812e-16
6422.0 3.091674e-16
6423.0 3.351790e-16
6424.0 3.255015e-16
6425.0 2.830783e-16
6426.0 2.960229e-16
6427.0 3.561099e-16
6428.0 3.983335e-16
6429.0 3.662276e-16
6430.0 3.356567e-16
6431.0 3.365273e-16
6432.0 3.097513e-16
6433.0 2.740612e-16
6434.0 2.538939e-16
6435.0 2.594701e-16
6436.0 3.212248e-16
6437.0 3.831486e-16
6438.0 3.564293e-16
6439.0 3.179837e-16
6440.0 2.925631e-16
6441.0 2.609393e-16
6442.0 2.728525e-16
6443.0 2.956170e-16
6444.0 2.890914e-16
6445.0 3.349871e-16
6446.0 3.496707e-16
6447.0 2.809230e-16
6448.0 3.074196e-16
6449.0 3.432394e-16
6450.0 3.180782e-16
6451.0 3.920474e-16
6452.0 4.054812e-16
6453.0 2.860669e-16
6454.0 2.864067e-16
6455.0 3.239114e-16
6456.0 3.027631e-16
6457.0 3.126049e-16
6458.0 3.238701e-16
6459.0 3.088153e-16
6460.0 3.361367e-16
6461.0 3.137193e-16
6462.0 2.489031e-16
6463.0 3.022669e-16
6464.0 3.587017e-16
6465.0 3.628045e-16
6466.0 3.518503e-16
6467.0 3.183042e-16
6468.0 2.703023e-16
6469.0 2.370086e-16
6470.0 2.490822e-16
6471.0 2.960032e-16
6472.0 3.389908e-16
6473.0 3.244943e-16
6474.0 3.255983e-16
6475.0 3.761397e-16
6476.0 3.448181e-16
6477.0 2.744468e-16
6478.0 2.469534e-16
6479.0 3.437435e-16
6480.0 4.133055e-16
6481.0 3.442246e-16
6482.0 2.902925e-16
6483.0 3.057402e-16
6484.0 3.648231e-16
6485.0 3.754895e-16
6486.0 3.238587e-16
6487.0 2.885642e-16
6488.0 3.112079e-16
6489.0 3.342751e-16
6490.0 3.480221e-16
6491.0 3.478823e-16
6492.0 3.605226e-16
6493.0 3.347864e-16
6494.0 2.645932e-16
6495.0 2.995468e-16
6496.0 3.160185e-16
6497.0 2.582817e-16
6498.0 2.765365e-16
6499.0 3.048717e-16
6500.0 2.870984e-16
6501.0 3.267199e-16
6502.0 3.579209e-16
6503.0 3.342583e-16
6504.0 3.864050e-16
6505.0 3.779223e-16
6506.0 3.069538e-16
6507.0 3.596162e-16
6508.0 4.088681e-16
6509.0 3.646706e-16
6510.0 3.037024e-16
6511.0 3.013310e-16
6512.0 2.983047e-16
6513.0 2.704751e-16
6514.0 2.879377e-16
6515.0 3.118878e-16
6516.0 3.101702e-16
6517.0 3.280279e-16
6518.0 3.186224e-16
6519.0 2.482769e-16
6520.0 2.566982e-16
6521.0 3.081156e-16
6522.0 3.107963e-16
6523.0 3.394923e-16
6524.0 3.566467e-16
6525.0 3.412683e-16
6526.0 4.051686e-16
6527.0 4.029481e-16
6528.0 2.989459e-16
6529.0 3.190415e-16
6530.0 3.448767e-16
6531.0 2.849420e-16
6532.0 2.466327e-16
6533.0 2.924417e-16
6534.0 3.701690e-16
6535.0 3.652725e-16
6536.0 3.399186e-16
6537.0 3.496951e-16
6538.0 3.849431e-16
6539.0 4.064826e-16
6540.0 3.858173e-16
6541.0 3.383542e-16
6542.0 4.036434e-16
6543.0 4.989269e-16
6544.0 4.566751e-16
6545.0 3.466049e-16
6546.0 2.917466e-16
6547.0 3.386341e-16
6548.0 3.461886e-16
6549.0 3.347173e-16
6550.0 3.950810e-16
6551.0 4.069821e-16
6552.0 3.519619e-16
6553.0 3.001033e-16
6554.0 2.805000e-16
6555.0 3.277819e-16
6556.0 3.919520e-16
6557.0 3.390112e-16
6558.0 2.994032e-16
6559.0 3.251223e-16
6560.0 3.144604e-16
6561.0 3.748912e-16
6562.0 4.361049e-16
6563.0 3.374804e-16
6564.0 2.958947e-16
6565.0 3.526034e-16
6566.0 3.821796e-16
6567.0 3.620721e-16
6568.0 3.266375e-16
6569.0 3.320512e-16
6570.0 3.519297e-16
6571.0 3.444523e-16
6572.0 3.191075e-16
6573.0 3.366487e-16
6574.0 3.396341e-16
6575.0 3.334243e-16
6576.0 3.444708e-16
6577.0 3.009203e-16
6578.0 2.550889e-16
6579.0 2.873334e-16
6580.0 3.352731e-16
6581.0 3.863510e-16
6582.0 4.451708e-16
6583.0 4.496269e-16
6584.0 4.146028e-16
6585.0 3.911228e-16
6586.0 3.656740e-16
6587.0 3.311839e-16
6588.0 3.056188e-16
6589.0 3.446888e-16
6590.0 4.112083e-16
6591.0 4.212746e-16
6592.0 3.940910e-16
6593.0 3.579935e-16
6594.0 3.393527e-16
6595.0 3.581545e-16
6596.0 3.765641e-16
6597.0 3.581614e-16
6598.0 3.485842e-16
6599.0 3.716294e-16
6600.0 3.903578e-16
6601.0 3.923947e-16
6602.0 3.909357e-16
6603.0 3.619696e-16
6604.0 3.806587e-16
6605.0 3.817132e-16
6606.0 3.300487e-16
6607.0 3.568820e-16
6608.0 4.097723e-16
6609.0 4.423330e-16
6610.0 4.338439e-16
6611.0 3.912985e-16
6612.0 3.593218e-16
6613.0 3.834054e-16
6614.0 4.534184e-16
6615.0 4.849822e-16
6616.0 4.632721e-16
6617.0 4.632336e-16
6618.0 4.560614e-16
6619.0 4.235285e-16
6620.0 3.975529e-16
6621.0 4.004611e-16
6622.0 4.391304e-16
6623.0 4.594127e-16
6624.0 4.532959e-16
6625.0 4.303280e-16
6626.0 3.945910e-16
6627.0 3.764042e-16
6628.0 4.134052e-16
6629.0 5.197945e-16
6630.0 5.455831e-16
6631.0 4.602469e-16
6632.0 4.355103e-16
6633.0 5.048001e-16
6634.0 5.759113e-16
6635.0 5.260850e-16
6636.0 4.725795e-16
6637.0 4.854459e-16
6638.0 5.173927e-16
6639.0 5.302615e-16
6640.0 5.208720e-16
6641.0 4.990648e-16
6642.0 4.909934e-16
6643.0 5.053903e-16
6644.0 5.202079e-16
6645.0 5.410198e-16
6646.0 5.224095e-16
6647.0 4.561236e-16
6648.0 4.753027e-16
6649.0 5.143821e-16
6650.0 5.036625e-16
6651.0 4.754736e-16
6652.0 4.912052e-16
6653.0 5.781027e-16
6654.0 5.728242e-16
6655.0 5.100304e-16
6656.0 4.992033e-16
6657.0 5.316769e-16
6658.0 5.498908e-16
6659.0 5.529240e-16
6660.0 5.690000e-16
6661.0 5.640893e-16
6662.0 5.629679e-16
6663.0 6.230519e-16
6664.0 6.981897e-16
6665.0 7.203428e-16
6666.0 6.827628e-16
6667.0 6.300641e-16
6668.0 6.148051e-16
6669.0 6.554978e-16
6670.0 6.612041e-16
6671.0 6.185227e-16
6672.0 5.897022e-16
6673.0 6.535322e-16
6674.0 7.260458e-16
6675.0 7.245421e-16
6676.0 7.342738e-16
6677.0 7.326743e-16
6678.0 7.036142e-16
6679.0 7.407973e-16
6680.0 7.367643e-16
6681.0 6.749450e-16
6682.0 7.469695e-16
6683.0 7.752885e-16
6684.0 6.994111e-16
6685.0 6.954038e-16
6686.0 7.155744e-16
6687.0 7.408169e-16
6688.0 8.022744e-16
6689.0 8.114419e-16
6690.0 7.797207e-16
6691.0 8.342237e-16
6692.0 8.571638e-16
6693.0 8.245654e-16
6694.0 8.259525e-16
6695.0 8.449728e-16
6696.0 9.071905e-16
6697.0 9.992897e-16
6698.0 9.748034e-16
6699.0 9.172820e-16
6700.0 9.233164e-16
6701.0 8.912061e-16
6702.0 8.521581e-16
6703.0 8.526426e-16
6704.0 8.507725e-16
6705.0 8.435821e-16
6706.0 8.378716e-16
6707.0 8.150730e-16
6708.0 7.790741e-16
6709.0 7.809614e-16
6710.0 8.398845e-16
6711.0 8.208571e-16
6712.0 7.123186e-16
6713.0 6.867330e-16
6714.0 6.837358e-16
6715.0 6.618326e-16
6716.0 6.724951e-16
6717.0 6.870169e-16
6718.0 6.757103e-16
6719.0 6.141102e-16
6720.0 6.349928e-16
6721.0 6.776604e-16
6722.0 6.124785e-16
6723.0 5.767830e-16
6724.0 5.790032e-16
6725.0 5.463111e-16
6726.0 5.326581e-16
6727.0 5.646232e-16
6728.0 6.018293e-16
6729.0 6.216651e-16
6730.0 5.871628e-16
6731.0 5.206828e-16
6732.0 5.032838e-16
6733.0 5.243828e-16
6734.0 5.506409e-16
6735.0 5.595566e-16
6736.0 5.518650e-16
6737.0 5.153479e-16
6738.0 4.470738e-16
6739.0 4.107791e-16
6740.0 4.320804e-16
6741.0 4.873816e-16
6742.0 5.332233e-16
6743.0 5.239569e-16
6744.0 4.224479e-16
6745.0 4.063848e-16
6746.0 4.613319e-16
6747.0 4.269199e-16
6748.0 3.647055e-16
6749.0 3.603445e-16
6750.0 4.036482e-16
6751.0 3.971316e-16
6752.0 3.965037e-16
6753.0 4.061894e-16
6754.0 3.912093e-16
6755.0 4.257282e-16
6756.0 4.907982e-16
6757.0 5.272812e-16
6758.0 4.954963e-16
6759.0 4.169063e-16
6760.0 4.064057e-16
6761.0 4.116708e-16
6762.0 4.162053e-16
6763.0 4.626364e-16
6764.0 4.826183e-16
6765.0 4.297842e-16
6766.0 3.379257e-16
6767.0 3.738051e-16
6768.0 4.562614e-16
6769.0 3.967913e-16
6770.0 3.662607e-16
6771.0 4.159438e-16
6772.0 4.453055e-16
6773.0 3.959295e-16
6774.0 3.526103e-16
6775.0 3.721548e-16
6776.0 3.804526e-16
6777.0 3.887677e-16
6778.0 4.227950e-16
6779.0 4.427188e-16
6780.0 4.594913e-16
6781.0 4.714503e-16
6782.0 4.529567e-16
6783.0 4.036953e-16
6784.0 3.618617e-16
6785.0 3.679870e-16
6786.0 3.710578e-16
6787.0 3.508823e-16
6788.0 3.403681e-16
6789.0 3.743199e-16
6790.0 4.195975e-16
6791.0 3.979761e-16
6792.0 3.626768e-16
6793.0 3.562276e-16
6794.0 3.487350e-16
6795.0 3.252946e-16
6796.0 3.151820e-16
6797.0 3.283355e-16
6798.0 3.239114e-16
6799.0 3.168515e-16
6800.0 3.477518e-16
6801.0 4.025603e-16
6802.0 3.907517e-16
6803.0 3.035528e-16
6804.0 3.278613e-16
6805.0 3.721203e-16
6806.0 3.362225e-16
6807.0 3.412365e-16
6808.0 4.000582e-16
6809.0 4.315752e-16
6810.0 3.627671e-16
6811.0 3.296418e-16
6812.0 3.519689e-16
6813.0 3.232163e-16
6814.0 3.527095e-16
6815.0 4.248496e-16
6816.0 4.055997e-16
6817.0 3.929812e-16
6818.0 4.140496e-16
6819.0 4.099319e-16
6820.0 3.973151e-16
6821.0 3.726136e-16
6822.0 3.317814e-16
6823.0 3.236646e-16
6824.0 3.521706e-16
6825.0 3.824287e-16
6826.0 3.687652e-16
6827.0 3.310312e-16
6828.0 3.033143e-16
6829.0 2.598150e-16
6830.0 2.640828e-16
6831.0 3.289363e-16
6832.0 3.889068e-16
6833.0 3.846715e-16
6834.0 3.431641e-16
6835.0 3.605265e-16
6836.0 3.798435e-16
6837.0 3.588189e-16
6838.0 3.372220e-16
6839.0 3.282753e-16
6840.0 2.936187e-16
6841.0 2.287824e-16
6842.0 2.187929e-16
6843.0 2.558766e-16
6844.0 2.864961e-16
6845.0 3.012795e-16
6846.0 2.777300e-16
6847.0 2.396111e-16
6848.0 2.496393e-16
6849.0 2.541735e-16
6850.0 2.204793e-16
6851.0 1.937656e-16
6852.0 2.076352e-16
6853.0 2.661559e-16
6854.0 2.872930e-16
6855.0 2.596768e-16
6856.0 2.366230e-16
6857.0 2.673246e-16
6858.0 3.042465e-16
6859.0 3.171799e-16
6860.0 3.165903e-16
6861.0 2.823552e-16
6862.0 2.375192e-16
6863.0 1.937981e-16
6864.0 2.249504e-16
6865.0 2.980461e-16
6866.0 2.632044e-16
6867.0 1.337590e-16
6868.0 3.421967e-17
6869.0 5.799820e-17
6870.0 1.075884e-16
6871.0 1.308678e-16
6872.0 1.437396e-16
6873.0 1.656901e-16
6874.0 1.821126e-16
6875.0 1.759649e-16
6876.0 1.470640e-16
6877.0 1.505856e-16
6878.0 1.940203e-16
6879.0 1.811576e-16
6880.0 1.294594e-16
6881.0 9.725943e-17
6882.0 1.346956e-16
6883.0 1.796563e-16
6884.0 1.936535e-16
6885.0 1.782335e-16
6886.0 8.044244e-17
6887.0 1.355378e-17
6888.0 1.065138e-16
6889.0 1.621100e-16
6890.0 1.069311e-16
6891.0 3.997879e-17
6892.0 8.222994e-17
6893.0 1.677139e-16
6894.0 1.788226e-16
6895.0 1.676631e-16
6896.0 1.643927e-16
6897.0 1.758110e-16
6898.0 1.618604e-16
6899.0 1.517466e-16
6900.0 1.687200e-16
6901.0 1.689638e-16
6902.0 1.560091e-16
6903.0 1.411548e-16
6904.0 1.642098e-16
6905.0 1.960522e-16
6906.0 1.799409e-16
6907.0 2.088182e-16
6908.0 2.601560e-16
6909.0 2.400440e-16
6910.0 1.889824e-16
6911.0 1.581126e-16
6912.0 1.571958e-16
6913.0 1.882607e-16
6914.0 2.124811e-16
6915.0 2.163776e-16
6916.0 2.084079e-16
6917.0 1.810424e-16
6918.0 1.225447e-16
6919.0 5.426963e-17
6920.0 7.077277e-17
6921.0 1.198128e-16
6922.0 1.198633e-16
6923.0 9.668865e-17
6924.0 1.057977e-16
6925.0 1.895313e-16
6926.0 2.099144e-16
6927.0 1.849210e-16
6928.0 2.115088e-16
6929.0 2.278497e-16
6930.0 1.768629e-16
6931.0 1.182523e-16
6932.0 1.536963e-16
6933.0 1.917130e-16
6934.0 1.843604e-16
6935.0 2.061023e-16
6936.0 2.290973e-16
6937.0 2.189046e-16
6938.0 1.818488e-16
6939.0 1.639064e-16
6940.0 1.742513e-16
6941.0 1.776370e-16
6942.0 1.749794e-16
6943.0 2.008322e-16
6944.0 2.671565e-16
6945.0 2.635810e-16
6946.0 1.773516e-16
6947.0 1.111624e-16
6948.0 1.564246e-16
6949.0 2.134712e-16
6950.0 1.847821e-16
6951.0 1.493243e-16
6952.0 1.791657e-16
6953.0 2.397791e-16
6954.0 1.941461e-16
6955.0 1.319450e-16
6956.0 1.280067e-16
6957.0 1.041568e-16
6958.0 1.178531e-16
6959.0 1.879047e-16
6960.0 1.939908e-16
6961.0 2.038825e-16
6962.0 2.417537e-16
6963.0 2.058527e-16
6964.0 1.353994e-16
6965.0 1.006679e-16
6966.0 1.469779e-16
6967.0 1.954003e-16
6968.0 2.002711e-16
6969.0 1.700120e-16
6970.0 1.269359e-16
6971.0 1.231565e-16
6972.0 1.622847e-16
6973.0 1.218835e-16
6974.0 7.154502e-17
6975.0 1.170213e-16
6976.0 1.750068e-16
6977.0 1.965477e-16
6978.0 1.924501e-16
6979.0 1.952301e-16
6980.0 1.836617e-16
6981.0 1.586949e-16
6982.0 1.418886e-16
6983.0 1.541860e-16
6984.0 2.005736e-16
6985.0 2.125792e-16
6986.0 1.611067e-16
6987.0 1.075495e-16
6988.0 9.922579e-17
6989.0 1.357229e-16
6990.0 1.730701e-16
6991.0 1.568113e-16
6992.0 1.335526e-16
6993.0 1.571879e-16
6994.0 2.141652e-16
6995.0 1.846642e-16
6996.0 1.391549e-16
6997.0 1.769368e-16
6998.0 1.500059e-16
6999.0 1.227225e-16
7000.0 2.021281e-16
7001.0 2.130333e-16
7002.0 1.497172e-16
7003.0 1.317007e-16
7004.0 2.021347e-16
7005.0 2.032743e-16
7006.0 1.125762e-16
7007.0 1.434137e-16
7008.0 1.695562e-16
7009.0 9.681307e-17
7010.0 3.234423e-17
7011.0 6.828322e-17
7012.0 1.662026e-16
7013.0 1.622832e-16
7014.0 1.582111e-16
7015.0 1.724797e-16
7016.0 1.242573e-16
7017.0 8.585659e-17
7018.0 6.130810e-17
7019.0 2.430311e-17
7020.0 1.162323e-16
7021.0 2.104514e-16
7022.0 1.409879e-16
7023.0 9.714187e-17
7024.0 1.289559e-16
7025.0 1.571166e-16
7026.0 9.609020e-17
7027.0 6.393451e-17
7028.0 1.380052e-16
7029.0 1.592956e-16
7030.0 1.236435e-16
7031.0 1.012502e-16
7032.0 1.528032e-16
7033.0 1.799398e-16
7034.0 1.494299e-16
7035.0 1.769176e-16
7036.0 1.956466e-16
7037.0 1.614270e-16
7038.0 1.438263e-16
7039.0 1.664551e-16
7040.0 1.798687e-16
7041.0 1.229780e-16
7042.0 8.584147e-17
7043.0 1.135841e-16
7044.0 1.642269e-16
7045.0 1.822235e-16
7046.0 1.609328e-16
7047.0 1.275596e-16
7048.0 1.732780e-16
7049.0 2.254693e-16
7050.0 1.529852e-16
7051.0 8.450651e-17
7052.0 1.419258e-16
7053.0 2.400538e-16
7054.0 1.675242e-16
7055.0 6.246245e-17
7056.0 7.957576e-17
7057.0 1.590803e-16
7058.0 1.832388e-16
7059.0 1.334860e-16
7060.0 1.456459e-16
7061.0 1.716405e-16
7062.0 1.569346e-16
7063.0 1.624405e-16
7064.0 1.799045e-16
7065.0 1.753180e-16
7066.0 1.724695e-16
7067.0 1.991764e-16
7068.0 2.029914e-16
7069.0 1.355608e-16
7070.0 5.125660e-17
7071.0 5.718004e-17
7072.0 1.736290e-16
7073.0 1.428565e-16
7074.0 6.232848e-17
7075.0 1.523416e-16
7076.0 2.116810e-16
7077.0 1.731641e-16
7078.0 1.399543e-16
7079.0 1.808328e-16
7080.0 1.634762e-16
7081.0 8.423023e-17
7082.0 1.561743e-16
7083.0 1.993029e-16
7084.0 1.206509e-16
7085.0 9.947101e-17
7086.0 1.449625e-16
7087.0 1.801576e-16
7088.0 1.258840e-16
7089.0 5.872855e-17
7090.0 5.669099e-17
7091.0 1.234673e-16
7092.0 1.633147e-16
7093.0 1.429571e-16
7094.0 1.232692e-16
7095.0 1.038013e-16
7096.0 9.621390e-17
7097.0 1.084415e-16
7098.0 1.092075e-16
7099.0 7.864939e-17
7100.0 4.980560e-17
7101.0 1.291748e-16
7102.0 2.033634e-16
7103.0 1.624072e-16
7104.0 1.286588e-16
7105.0 1.346554e-16
7106.0 1.491268e-16
7107.0 1.271161e-16
7108.0 1.174034e-16
7109.0 1.454231e-16
7110.0 1.485088e-16
7111.0 1.097825e-16
7112.0 8.070600e-17
7113.0 1.070105e-16
7114.0 1.308016e-16
7115.0 1.330239e-16
7116.0 1.350091e-16
7117.0 1.035273e-16
7118.0 8.085596e-17
7119.0 1.128285e-16
7120.0 9.704519e-17
7121.0 5.741485e-17
7122.0 8.051350e-17
7123.0 1.586491e-16
7124.0 1.851450e-16
7125.0 1.083037e-16
7126.0 8.122366e-17
7127.0 1.146178e-16
7128.0 1.430322e-16
7129.0 1.454535e-16
7130.0 1.552231e-16
7131.0 1.780150e-16
7132.0 1.526047e-16
7133.0 1.516697e-16
7134.0 1.877947e-16
7135.0 1.327227e-16
7136.0 9.356678e-17
7137.0 1.260987e-16
7138.0 1.448565e-16
7139.0 1.188973e-16
7140.0 8.562262e-17
7141.0 1.010457e-16
7142.0 1.762666e-16
7143.0 2.186689e-16
7144.0 1.279935e-16
7145.0 4.442284e-17
7146.0 6.246887e-17
7147.0 1.489715e-16
7148.0 1.808820e-16
7149.0 1.520548e-16
7150.0 1.249877e-16
7151.0 9.821917e-17
7152.0 9.010948e-17
7153.0 1.165294e-16
7154.0 1.335227e-16
7155.0 1.426874e-16
7156.0 1.475028e-16
7157.0 1.354999e-16
7158.0 1.361179e-16
7159.0 1.818059e-16
7160.0 2.442664e-16
7161.0 2.406583e-16
7162.0 1.776866e-16
7163.0 1.472664e-16
7164.0 1.819628e-16
7165.0 2.549949e-16
7166.0 3.027667e-16
7167.0 2.731927e-16
7168.0 2.140336e-16
7169.0 2.198982e-16
7170.0 2.521567e-16
7171.0 2.506543e-16
7172.0 2.030067e-16
7173.0 2.085946e-16
7174.0 2.298715e-16
7175.0 1.892433e-16
7176.0 1.711391e-16
7177.0 1.968472e-16
7178.0 2.125379e-16
7179.0 1.787589e-16
7180.0 1.666069e-16
7181.0 1.882672e-16
7182.0 1.877035e-16
7183.0 2.155486e-16
7184.0 2.718033e-16
7185.0 2.632512e-16
7186.0 2.308654e-16
7187.0 2.019945e-16
7188.0 1.718629e-16
7189.0 1.752245e-16
7190.0 2.168821e-16
7191.0 2.602840e-16
7192.0 2.444651e-16
7193.0 2.028002e-16
7194.0 1.963877e-16
7195.0 2.095429e-16
7196.0 1.985003e-16
7197.0 1.525534e-16
7198.0 1.784804e-16
7199.0 2.334970e-16
7200.0 2.373683e-16
7201.0 2.268722e-16
7202.0 2.218081e-16
7203.0 2.387591e-16
7204.0 2.864769e-16
7205.0 3.197704e-16
7206.0 2.918288e-16
7207.0 2.433128e-16
7208.0 2.339815e-16
7209.0 2.458816e-16
7210.0 2.217293e-16
7211.0 1.974636e-16
7212.0 2.027497e-16
7213.0 2.036561e-16
7214.0 1.975475e-16
7215.0 1.935739e-16
7216.0 1.647206e-16
7217.0 1.334665e-16
7218.0 1.302040e-16
7219.0 1.153780e-16
7220.0 1.278885e-16
7221.0 1.747046e-16
7222.0 1.831129e-16
7223.0 1.251208e-16
7224.0 7.457904e-17
7225.0 1.008093e-16
7226.0 1.366775e-16
7227.0 1.702042e-16
7228.0 2.006836e-16
7229.0 1.955629e-16
7230.0 1.710088e-16
7231.0 1.500359e-16
7232.0 1.275600e-16
7233.0 1.061513e-16
7234.0 9.620280e-17
7235.0 1.203301e-16
7236.0 1.841341e-16
7237.0 2.608398e-16
7238.0 2.916144e-16
7239.0 2.667925e-16
7240.0 2.029402e-16
7241.0 1.332867e-16
7242.0 1.961688e-16
7243.0 2.920106e-16
7244.0 2.345939e-16
7245.0 1.658486e-16
7246.0 1.795807e-16
7247.0 2.491011e-16
7248.0 2.272156e-16
7249.0 1.650390e-16
7250.0 1.702094e-16
7251.0 1.501813e-16
7252.0 1.023672e-16
7253.0 8.083589e-17
7254.0 6.796466e-17
7255.0 7.689823e-17
7256.0 9.808939e-17
7257.0 1.080163e-16
7258.0 1.208979e-16
7259.0 1.390932e-16
7260.0 1.611319e-16
7261.0 1.535363e-16
7262.0 1.115952e-16
7263.0 9.367980e-17
7264.0 1.218545e-16
7265.0 1.324551e-16
7266.0 9.676536e-17
7267.0 9.979576e-17
7268.0 1.276960e-16
7269.0 1.243808e-16
7270.0 9.973707e-17
7271.0 8.788653e-17
7272.0 1.188637e-16
7273.0 1.827485e-16
7274.0 2.119486e-16
7275.0 1.571486e-16
7276.0 1.698426e-16
7277.0 3.169617e-16
7278.0 3.872781e-16
7279.0 2.205641e-16
7280.0 1.010365e-16
7281.0 1.738342e-16
7282.0 2.441613e-16
7283.0 2.576577e-16
7284.0 2.335935e-16
7285.0 1.774828e-16
7286.0 1.217617e-16
7287.0 1.022140e-16
7288.0 1.667175e-16
7289.0 2.287255e-16
7290.0 2.035679e-16
7291.0 1.312558e-16
7292.0 1.222402e-16
7293.0 1.420323e-16
7294.0 1.077214e-16
7295.0 1.158236e-16
7296.0 1.410552e-16
7297.0 1.051393e-16
7298.0 9.520641e-17
7299.0 8.413461e-17
7300.0 3.319212e-17
7301.0 5.412411e-17
7302.0 9.407942e-17
7303.0 6.957892e-17
7304.0 4.907713e-17
7305.0 5.410234e-17
7306.0 9.396160e-17
7307.0 1.804258e-16
7308.0 1.467936e-16
7309.0 -8.720607e-17
7310.0 -3.312207e-16
7311.0 -2.050073e-16
7312.0 1.759334e-16
7313.0 2.511284e-16
7314.0 2.432959e-16
7315.0 2.362324e-16
7316.0 1.313808e-16
7317.0 1.730321e-16
7318.0 2.879569e-16
7319.0 2.377535e-16
7320.0 1.623815e-16
7321.0 1.234814e-16
7322.0 7.904468e-17
7323.0 9.791051e-17
7324.0 1.703974e-16
7325.0 1.836931e-16
7326.0 1.664443e-16
7327.0 1.530307e-16
7328.0 1.558591e-16
7329.0 1.654624e-16
7330.0 1.733089e-16
7331.0 1.954324e-16
7332.0 2.050881e-16
7333.0 1.984066e-16
7334.0 1.591298e-16
7335.0 1.009640e-16
7336.0 7.671086e-17
7337.0 9.523599e-17
7338.0 1.037437e-16
7339.0 7.265892e-17
7340.0 3.416514e-17
7341.0 1.765937e-17
7342.0 1.989504e-17
7343.0 3.241833e-17
7344.0 4.952072e-17
7345.0 8.794249e-17
7346.0 1.013273e-16
7347.0 3.774993e-17
7348.0 -4.285917e-18
7349.0 1.534391e-17
7350.0 6.480895e-17
7351.0 7.799947e-17
7352.0 5.216870e-17
7353.0 3.556822e-17
7354.0 3.545358e-17
7355.0 7.752750e-17
7356.0 1.277654e-16
7357.0 1.042847e-16
7358.0 9.822068e-17
7359.0 1.199107e-16
7360.0 9.088872e-17
7361.0 6.854527e-17
7362.0 8.218102e-17
7363.0 9.541527e-17
7364.0 1.329572e-16
7365.0 1.679460e-16
7366.0 1.283821e-16
7367.0 9.470743e-17
7368.0 1.002930e-16
7369.0 1.296545e-16
7370.0 1.324945e-16
7371.0 1.109381e-16
7372.0 1.173045e-16
7373.0 6.992356e-17
7374.0 3.604650e-17
7375.0 7.547055e-17
7376.0 3.025470e-17
7377.0 -4.180723e-17
7378.0 -2.203136e-17
7379.0 2.312737e-17
7380.0 1.419480e-17
7381.0 -1.975136e-17
7382.0 6.293656e-17
7383.0 1.288766e-16
7384.0 8.397384e-17
7385.0 6.986780e-17
7386.0 8.471740e-17
7387.0 9.582981e-17
7388.0 9.948619e-17
7389.0 4.439496e-17
7390.0 -2.619370e-17
7391.0 -6.356800e-18
7392.0 8.004897e-17
7393.0 1.235507e-16
7394.0 2.884269e-17
7395.0 1.649037e-17
7396.0 9.405313e-17
7397.0 1.030098e-16
7398.0 6.991871e-17
7399.0 4.455757e-17
7400.0 5.469046e-17
7401.0 9.180240e-17
7402.0 8.051333e-17
7403.0 8.480168e-18
7404.0 -7.154035e-19
7405.0 6.195034e-17
7406.0 1.299830e-16
7407.0 1.229359e-16
7408.0 8.267858e-17
7409.0 6.542512e-17
7410.0 7.303224e-17
7411.0 6.372505e-17
7412.0 4.361001e-17
7413.0 7.064682e-17
7414.0 1.058421e-16
7415.0 1.362403e-16
