3473.3145 2.3843699e-15
3474.7852 2.5291373e-15
3476.2560 2.6433345e-15
3477.7268 2.6011757e-15
3479.1976 2.4500822e-15
3480.6684 2.7514415e-15
3482.1391 2.7717704e-15
3483.6099 2.3054701e-15
3485.0807 2.3815705e-15
3486.5515 3.2634273e-15
3488.0223 3.8118986e-15
3489.4930 2.7833784e-15
3490.9638 1.5994668e-15
3492.4346 2.0729097e-15
3493.9054 3.1763959e-15
3495.3762 2.6169693e-15
3496.8469 2.0507167e-15
3498.3177 2.6700284e-15
3499.7885 2.2222050e-15
3501.2593 2.4801745e-15
3502.7301 3.1886421e-15
3504.2008 1.6992932e-15
3505.6716 2.4392773e-15
3507.1424 2.7320784e-15
3508.6132 1.8270715e-15
3510.0840 2.9416414e-15
3511.5547 1.8576906e-15
3513.0255 2.6549205e-15
3514.4963 2.8456876e-15
3515.9671 1.7589008e-15
3517.4379 1.9017491e-15
3518.9086 2.8258294e-15
3520.3794 2.1617894e-15
3521.8502 2.8209336e-15
3523.3210 2.5971478e-15
3524.7918 2.3056559e-15
3526.2625 2.6656827e-15
3527.7333 2.6721652e-15
3529.2041 2.6001513e-15
3530.6749 2.3594313e-15
3532.1457 3.0061350e-15
3533.6164 2.3536933e-15
3535.0872 1.6649714e-15
3536.5580 2.0189705e-15
3538.0288 2.5723706e-15
3539.4996 2.4123229e-15
3540.9703 2.3097913e-15
3542.4411 2.5643271e-15
3543.9119 2.5571564e-15
3545.3827 2.1939696e-15
3546.8535 2.5211219e-15
3548.3242 2.2539659e-15
3549.7950 2.4640655e-15
3551.2658 2.3121787e-15
3552.7366 1.7875262e-15
3554.2074 2.4246779e-15
3555.6781 1.8284174e-15
3557.1489 2.1201905e-15
3558.6197 2.4473758e-15
3560.0905 2.2168215e-15
3561.5613 2.6641608e-15
3563.0320 2.6861460e-15
3564.5028 2.5951064e-15
3565.9736 2.3044127e-15
3567.4444 2.3785597e-15
3568.9152 2.4815253e-15
3570.3859 2.7204520e-15
3571.8567 2.7436449e-15
3573.3275 2.6053282e-15
3574.7983 2.7706469e-15
3576.2691 2.0067989e-15
3577.7398 2.2116738e-15
3579.2106 2.5157921e-15
3580.6814 2.4430093e-15
3582.1522 2.2209948e-15
3583.6230 2.5823247e-15
3585.0937 1.8718927e-15
3586.5645 2.7526481e-15
3588.0353 2.2882132e-15
3589.5061 2.3629189e-15
3590.9769 2.3997430e-15
3592.4476 2.5473807e-15
3593.9184 1.9371308e-15
3595.3892 2.6070995e-15
3596.8600 2.2646792e-15
3598.3308 2.4609202e-15
3599.8015 2.5525906e-15
3601.2723 2.2245410e-15
3602.7431 2.4952335e-15
3604.2139 2.6774729e-15
3605.6847 2.5368398e-15
3607.1554 2.7223883e-15
3608.6262 2.3043124e-15
3610.0970 2.3207271e-15
3611.5678 2.1974241e-15
3613.0386 2.8142873e-15
3614.5093 2.3882486e-15
3615.9801 2.0274883e-15
3617.4509 2.3750990e-15
3618.9217 2.4511995e-15
3620.3925 2.4664321e-15
3621.8632 1.9998714e-15
3623.3340 2.4467340e-15
3624.8048 2.4648417e-15
3626.2756 2.2535368e-15
3627.7464 2.4013627e-15
3629.2171 2.5292400e-15
3630.6879 2.3619324e-15
3632.1587 2.3896739e-15
3633.6295 2.4271118e-15
3635.1003 2.1667182e-15
3636.5710 2.2661351e-15
3638.0418 2.1321103e-15
3639.5126 2.2441743e-15
3640.9834 2.1048075e-15
3642.4542 2.9148019e-15
3643.9249 2.4470971e-15
3645.3957 2.4366955e-15
3646.8665 2.1816549e-15
3648.3373 2.2503744e-15
3649.8081 1.9180353e-15
3651.2788 2.3016512e-15
3652.7496 2.2569742e-15
3654.2204 2.0627624e-15
3655.6912 2.0801086e-15
3657.1620 2.0485775e-15
3658.6327 2.3709612e-15
3660.1035 2.0669309e-15
3661.5743 1.8159597e-15
3663.0451 2.2918645e-15
3664.5159 1.8750294e-15
3665.9866 2.4587846e-15
3667.4574 1.9561968e-15
3668.9282 2.7130820e-15
3670.3990 2.6182908e-15
3671.8698 2.7399300e-15
3673.3405 2.6667120e-15
3674.8113 2.8072352e-15
3676.2821 2.9648148e-15
3677.7529 2.5882388e-15
3679.2237 2.4159193e-15
3680.6944 2.2091471e-15
3682.1652 2.4373471e-15
3683.6360 2.4227599e-15
3685.1068 2.5154706e-15
3686.5776 1.8848467e-15
3688.0483 2.4224079e-15
3689.5191 2.3978629e-15
3690.9899 2.2304319e-15
3692.4607 2.3962432e-15
3693.9315 2.2971002e-15
3695.4022 2.3216060e-15
3696.8730 2.5717960e-15
3698.3438 2.3723877e-15
3699.8146 2.2853136e-15
3701.2854 2.2273868e-15
3702.7561 2.4632049e-15
3704.2269 2.4729427e-15
3705.6977 2.0653992e-15
3707.1685 2.0324672e-15
3708.6393 2.4209752e-15
3710.1100 2.5620179e-15
3711.5808 2.3216097e-15
3713.0516 2.1794778e-15
3714.5224 2.6301812e-15
3715.9932 2.3721139e-15
3717.4639 2.0636230e-15
3718.9347 2.2466876e-15
3720.4055 2.2248417e-15
3721.8763 2.0005499e-15
3723.3471 2.2487278e-15
3724.8178 2.3666864e-15
3726.2886 2.3497693e-15
3727.7594 2.1545172e-15
3729.2302 2.5651082e-15
3730.7010 2.5602381e-15
3732.1717 2.5315711e-15
3733.6425 2.3517631e-15
3735.1133 2.1282914e-15
3736.5841 2.4523987e-15
3738.0549 2.5664712e-15
3739.5256 2.3132776e-15
3740.9964 2.1437440e-15
3742.4672 2.3774779e-15
3743.9380 2.0735038e-15
3745.4088 2.6955293e-15
3746.8795 2.1420974e-15
3748.3503 2.5753985e-15
3749.8211 2.4329720e-15
3751.2919 2.3860042e-15
3752.7627 1.8952116e-15
3754.2334 2.5258954e-15
3755.7042 1.8385598e-15
3757.1750 2.2219849e-15
3758.6458 2.3037905e-15
3760.1166 2.3896104e-15
3761.5873 2.2643870e-15
3763.0581 2.4022184e-15
3764.5289 2.2991025e-15
3765.9997 2.1359755e-15
3767.4705 2.5241364e-15
3768.9412 2.2694173e-15
3770.4120 2.2863771e-15
3771.8828 2.5441559e-15
3773.3536 2.2470983e-15
3774.8244 2.3346076e-15
3776.2951 2.0602760e-15
3777.7659 2.3335759e-15
3779.2367 2.5374779e-15
3780.7075 2.2837196e-15
3782.1783 2.4547128e-15
3783.6490 2.3815608e-15
3785.1198 2.3568153e-15
3786.5906 2.2836059e-15
3788.0614 2.6514929e-15
3789.5322 2.5329842e-15
3791.0029 2.3299747e-15
3792.4737 2.1055508e-15
3793.9445 2.2941431e-15
3795.4153 2.1607601e-15
3796.8861 1.9741908e-15
3798.3568 2.1217967e-15
3799.8276 1.9237819e-15
3801.2984 2.2773630e-15
3802.7692 2.5162334e-15
3804.2400 2.5238259e-15
3805.7107 2.3019263e-15
3807.1815 2.4151565e-15
3808.6523 2.0351908e-15
3810.1231 2.0147641e-15
3811.5939 2.1985500e-15
3813.0646 2.1072157e-15
3814.5354 2.3704245e-15
3816.0062 2.3130503e-15
3817.4770 2.4299563e-15
3818.9478 2.3782297e-15
3820.4185 2.3986783e-15
3821.8893 2.2289393e-15
3823.3601 2.3135075e-15
3824.8309 2.0614153e-15
3826.3017 1.9836255e-15
3827.7724 2.2115907e-15
3829.2432 2.3602039e-15
3830.7140 2.1515027e-15
3832.1848 2.2738143e-15
3833.6556 2.6557616e-15
3835.1263 2.4340465e-15
3836.5971 2.3877046e-15
3838.0679 2.5042513e-15
3839.5387 2.4303695e-15
3841.0095 2.3779558e-15
3842.4802 2.2295481e-15
3843.9510 2.2041523e-15
3845.4218 2.2133559e-15
3846.8926 2.2663270e-15
3848.3634 1.9026170e-15
3849.8341 2.3391208e-15
3851.3049 2.4614605e-15
3852.7757 2.3473685e-15
3854.2465 2.5930612e-15
3855.7173 2.8022978e-15
3857.1880 2.6568080e-15
3858.6588 2.7450446e-15
3860.1296 2.6645312e-15
3861.6004 2.7125600e-15
3863.0712 2.5655287e-15
3864.5419 2.2861302e-15
3866.0127 2.4313377e-15
3867.4835 2.4158080e-15
3868.9543 2.4838320e-15
3870.4251 2.4457683e-15
3871.8958 2.2635936e-15
3873.3666 2.1339524e-15
3874.8374 2.0764462e-15
3876.3082 2.3030741e-15
3877.7790 2.2973789e-15
3879.2497 2.5195474e-15
3880.7205 2.3285004e-15
3882.1913 2.6406965e-15
3883.6621 2.4255764e-15
3885.1329 2.6420937e-15
3886.6036 2.6974387e-15
3888.0744 2.5973018e-15
3889.5452 2.6400633e-15
3891.0160 2.5005571e-15
3892.4868 2.4669113e-15
3893.9575 2.6264687e-15
3895.4283 2.5588763e-15
3896.8991 2.5802870e-15
3898.3699 2.5879845e-15
3899.8407 2.4359816e-15
3901.3114 2.3398885e-15
3902.7822 2.2753643e-15
3904.2530 2.1762054e-15
3905.7238 2.3893647e-15
3907.1946 2.3115797e-15
3908.6653 2.1932691e-15
3910.1361 2.2027429e-15
3911.6069 2.0506837e-15
3913.0777 1.9979962e-15
3914.5485 1.8924709e-15
3916.0192 2.0490701e-15
3917.4900 2.1897510e-15
3918.9608 2.2635875e-15
3920.4316 2.2249725e-15
3921.9024 2.4050080e-15
3923.3731 2.4477645e-15
3924.8439 2.6786721e-15
3926.3147 2.7424580e-15
3927.7855 2.5795829e-15
3929.2563 2.5085982e-15
3930.7270 2.6541700e-15
3932.1978 2.5082498e-15
3933.6686 2.4474430e-15
3935.1394 2.5370097e-15
3936.6102 2.5689258e-15
3938.0809 2.3515956e-15
3939.5517 2.5703438e-15
3941.0225 2.5054554e-15
3942.4933 2.4595156e-15
3943.9641 2.4086447e-15
3945.4348 2.6645654e-15
3946.9056 2.7404141e-15
3948.3764 2.6599300e-15
3949.8472 2.3353191e-15
3951.3180 2.3038430e-15
3952.7887 2.5543766e-15
3954.2595 2.4833907e-15
3955.7303 2.6447439e-15
3957.2011 2.4681435e-15
3958.6719 2.4537898e-15
3960.1426 2.4725540e-15
3961.6134 2.4208493e-15
3963.0842 2.1265605e-15
3964.5550 2.4115455e-15
3966.0258 2.1665837e-15
3967.4965 2.2331151e-15
3968.9673 2.1615217e-15
3970.4381 2.0825571e-15
3971.9089 2.2374168e-15
3973.3797 2.2643112e-15
3974.8504 2.5462304e-15
3976.3212 2.5253967e-15
3977.7920 2.5510797e-15
3979.2628 2.4564950e-15
3980.7336 2.5263013e-15
3982.2043 2.4722251e-15
3983.6751 2.4562469e-15
3985.1459 2.5129256e-15
3986.6167 2.3463685e-15
3988.0875 2.6427783e-15
3989.5582 2.5822624e-15
3991.0290 2.5220167e-15
3992.4998 2.5727483e-15
3993.9706 2.5906127e-15
3995.4414 2.6335942e-15
3996.9121 2.5679772e-15
3998.3829 2.6581147e-15
3999.8537 2.5842843e-15
4001.3245 2.5072988e-15
4002.7953 2.5123217e-15
4004.2660 2.6484601e-15
4005.7368 2.4588898e-15
4007.2076 2.3969583e-15
4008.6784 2.1437073e-15
4010.1492 2.0393494e-15
4011.6199 1.9434556e-15
4013.0907 1.9127190e-15
4014.5615 1.8878917e-15
4016.0323 1.9866412e-15
4017.5031 2.1420889e-15
4018.9738 2.3437000e-15
4020.4446 2.3838271e-15
4021.9154 2.3797821e-15
4023.3862 2.2964474e-15
4024.8570 2.6028650e-15
4026.3277 2.4885236e-15
4027.7985 2.3536004e-15
4029.2693 2.4430973e-15
4030.7401 2.4249395e-15
4032.2109 2.5051192e-15
4033.6816 2.6602002e-15
4035.1524 2.5835508e-15
4036.6232 2.6521591e-15
4038.0940 2.5169351e-15
4039.5648 2.5569974e-15
4041.0355 2.4562273e-15
4042.5063 2.2369168e-15
4043.9771 2.0666204e-15
4045.4479 2.0453601e-15
4046.9187 2.0099551e-15
4048.3894 1.8718939e-15
4049.8602 2.0392908e-15
4051.3310 1.9948289e-15
4052.8018 1.9492559e-15
4054.2726 2.0824263e-15
4055.7433 2.2393787e-15
4057.2141 2.3111445e-15
4058.6849 2.4096348e-15
4060.1557 2.5609092e-15
4061.6265 2.4578519e-15
4063.0972 2.4831633e-15
4064.5680 2.5835142e-15
4066.0388 2.5267719e-15
4067.5096 2.7225350e-15
4068.9804 2.7542409e-15
4070.4511 2.6958361e-15
4071.9219 2.7243209e-15
4073.3927 2.5198579e-15
4074.8635 2.8385499e-15
4076.3343 2.6516860e-15
4077.8050 2.7128302e-15
4079.2758 2.7993567e-15
4080.7466 2.6524439e-15
4082.2174 2.7226902e-15
4083.6882 2.8271912e-15
4085.1589 2.6816047e-15
4086.6297 2.7201378e-15
4088.1005 2.7823883e-15
4089.5713 2.7476948e-15
4091.0421 2.9740954e-15
4092.5128 2.8001048e-15
4093.9836 2.8225802e-15
4095.4544 2.7461216e-15
4096.9252 3.0610008e-15
4098.3960 2.7815864e-15
4099.8667 2.7193750e-15
4101.3375 2.8920393e-15
4102.8083 2.9605497e-15
4104.2791 2.7786660e-15
4105.7499 2.9319085e-15
4107.2206 2.9723510e-15
4108.6914 3.1498719e-15
4110.1622 2.9100137e-15
4111.6330 2.8347262e-15
4113.1038 2.8690810e-15
4114.5745 2.9240495e-15
4116.0453 2.9725001e-15
4117.5161 2.8591513e-15
4118.9869 2.8921701e-15
4120.4577 2.9233564e-15
4121.9284 2.8353080e-15
4123.3992 2.9524549e-15
4124.8700 2.8583775e-15
4126.3408 2.7041999e-15
4127.8116 2.6631450e-15
4129.2823 2.7724525e-15
4130.7531 2.7227697e-15
4132.2239 2.8502545e-15
4133.6947 2.7820925e-15
4135.1655 2.9069320e-15
4136.6362 2.7952701e-15
4138.1070 2.8203505e-15
4139.5778 2.8634127e-15
4141.0486 2.8327373e-15
4142.5194 2.8395804e-15
4143.9901 2.6250348e-15
4145.4609 2.7697301e-15
4146.9317 2.8281043e-15
4148.4025 2.7850898e-15
4149.8733 2.9073146e-15
4151.3440 2.9407429e-15
4152.8148 2.8887791e-15
4154.2856 2.9662523e-15
4155.7564 3.0110234e-15
4157.2272 2.9961588e-15
4158.6979 2.7344450e-15
4160.1687 2.8237391e-15
4161.6395 2.9564766e-15
4163.1103 2.8766319e-15
4164.5811 2.9601769e-15
4166.0518 3.0912508e-15
4167.5226 2.9064614e-15
4168.9934 2.9884955e-15
4170.4642 3.1569815e-15
4171.9350 3.1210032e-15
4173.4057 3.0972969e-15
4174.8765 3.0374008e-15
4176.3473 2.9395669e-15
4177.8181 2.9863526e-15
4179.2889 2.7929512e-15
4180.7596 2.7849994e-15
4182.2304 2.7217025e-15
4183.7012 2.8066557e-15
4185.1720 2.4979228e-15
4186.6428 2.7118669e-15
4188.1135 2.7911616e-15
4189.5843 2.7723192e-15
4191.0551 2.7605962e-15
4192.5259 2.7816133e-15
4193.9967 2.7595584e-15
4195.4674 2.9045104e-15
4196.9382 2.9697692e-15
4198.4090 2.9484612e-15
4199.8798 2.8888084e-15
4201.3506 3.0905736e-15
4202.8213 3.0058978e-15
4204.2921 2.9162811e-15
4205.7629 3.0029041e-15
4207.2337 2.8408175e-15
4208.7045 2.8345966e-15
4210.1752 2.9502778e-15
4211.6460 2.9489258e-15
4213.1168 2.6738937e-15
4214.5876 2.8784301e-15
4216.0584 2.7308951e-15
4217.5291 2.7637623e-15
4218.9999 2.8443710e-15
4220.4707 2.7175756e-15
4221.9415 2.8462682e-15
4223.4123 3.0645972e-15
4224.8830 2.9567309e-15
4226.3538 3.0068831e-15
4227.8246 3.0343081e-15
4229.2954 2.8662829e-15
4230.7662 2.5901226e-15
4232.2369 2.8451289e-15
4233.7077 2.7482009e-15
4235.1785 2.8711005e-15
4236.6493 2.6884649e-15
4238.1201 2.8240544e-15
4239.5908 2.7750122e-15
4241.0616 2.6986037e-15
4242.5324 2.8600461e-15
4244.0032 2.6755525e-15
4245.4740 2.7560427e-15
4246.9447 2.8171844e-15
4248.4155 2.6429054e-15
4249.8863 2.9004190e-15
4251.3571 2.7417306e-15
4252.8279 2.6423834e-15
4254.2986 2.5755758e-15
4255.7694 2.6923913e-15
4257.2402 2.6292583e-15
4258.7110 2.5994423e-15
4260.1818 2.6562432e-15
4261.6525 2.6071227e-15
4263.1233 2.5888036e-15
4264.5941 2.6224079e-15
4266.0649 2.7603909e-15
4267.5357 2.7349376e-15
4269.0064 2.6720503e-15
4270.4772 2.6269919e-15
4271.9480 2.6285493e-15
4273.4188 2.7079405e-15
4274.8896 2.6645312e-15
4276.3603 2.7667303e-15
4277.8311 2.6748276e-15
4279.3019 2.6383580e-15
4280.7727 2.7321249e-15
4282.2435 2.6797858e-15
4283.7142 2.7147518e-15
4285.1850 2.5074051e-15
4286.6558 2.4877890e-15
4288.1266 2.4872474e-15
4289.5974 2.5809067e-15
4291.0681 2.6933204e-15
4292.5389 2.8630936e-15
4294.0097 2.6503279e-15
4295.4805 2.7201843e-15
4296.9513 2.6371466e-15
4298.4220 2.6755110e-15
4299.8928 2.6984118e-15
4301.3636 2.6713388e-15
4302.8344 2.8691837e-15
4304.3052 2.7132800e-15
4305.7759 2.7551797e-15
4307.2467 2.6889918e-15
4308.7175 2.6989301e-15
4310.1883 2.5892143e-15
4311.6591 2.4441633e-15
4313.1298 2.5264639e-15
4314.6006 2.3868049e-15
4316.0714 2.4296837e-15
4317.5422 2.4783201e-15
4319.0130 2.5100676e-15
4320.4837 2.5493610e-15
4321.9545 2.5842696e-15
4323.4253 2.5869296e-15
4324.8961 2.6124183e-15
4326.3669 2.6356185e-15
4327.8376 2.7938265e-15
4329.3084 2.6335832e-15
4330.7792 2.5361894e-15
4332.2500 2.6481997e-15
4333.7208 2.5236755e-15
4335.1915 2.5875518e-15
4336.6623 2.6561356e-15
4338.1331 2.5603689e-15
4339.6039 2.5162469e-15
4341.0747 2.5500553e-15
4342.5454 2.6005094e-15
4344.0162 2.5811207e-15
4345.4870 2.4755782e-15
4346.9578 2.5622636e-15
4348.4286 2.6267695e-15
4349.8993 2.6589301e-15
4351.3701 2.8282498e-15
4352.8409 2.7078476e-15
4354.3117 2.6257536e-15
4355.7825 2.5448710e-15
4357.2532 2.5245031e-15
4358.7240 2.3695945e-15
4360.1948 2.3680261e-15
4361.6656 2.5012808e-15
4363.1364 2.5473904e-15
4364.6071 2.5601525e-15
4366.0779 2.6019556e-15
4367.5487 2.4870983e-15
4369.0195 2.5077926e-15
4370.4903 2.5114220e-15
4371.9610 2.5819507e-15
4373.4318 2.5348252e-15
4374.9026 2.4677474e-15
4376.3734 2.3330136e-15
4377.8442 2.4356430e-15
4379.3149 2.5430912e-15
4380.7857 2.2948888e-15
4382.2565 2.3140808e-15
4383.7273 2.4531248e-15
4385.1981 2.3058478e-15
4386.6688 2.3183971e-15
4388.1396 2.2200083e-15
4389.6104 2.4215925e-15
4391.0812 2.3558802e-15
4392.5520 2.3172468e-15
4394.0227 2.2550453e-15
4395.4935 2.3462133e-15
4396.9643 2.3366772e-15
4398.4351 2.3105138e-15
4399.9059 2.2740759e-15
4401.3766 2.4024604e-15
4402.8474 2.5437073e-15
4404.3182 2.5109941e-15
4405.7890 2.6317007e-15
4407.2598 2.6268758e-15
4408.7305 2.7082473e-15
4410.2013 2.5475983e-15
4411.6721 2.5744841e-15
4413.1429 2.5195963e-15
4414.6137 2.4254346e-15
4416.0844 2.7143839e-15
4417.5552 2.5538693e-15
4419.0260 2.5881215e-15
4420.4968 2.6020118e-15
4421.9676 2.6029506e-15
4423.4383 2.4996868e-15
4424.9091 2.3324171e-15
4426.3799 2.1819556e-15
4427.8507 2.2090249e-15
4429.3215 2.2958741e-15
4430.7922 2.3585194e-15
4432.2630 2.3104429e-15
4433.7338 2.3939267e-15
4435.2046 2.4697192e-15
4436.6754 2.7075225e-15
4438.1461 2.5710198e-15
4439.6169 2.5547861e-15
4441.0877 2.5583849e-15
4442.5585 2.5818138e-15
4444.0293 2.5972957e-15
4445.5000 2.5320919e-15
4446.9708 2.6131053e-15
4448.4416 2.5673428e-15
4449.9124 2.7073965e-15
4451.3832 2.5223785e-15
4452.8539 2.6466020e-15
4454.3247 2.6922850e-15
4455.7955 2.7078342e-15
4457.2663 2.6860641e-15
4458.7371 2.6433002e-15
4460.2078 2.5313059e-15
4461.6786 2.5624507e-15
4463.1494 2.6126175e-15
4464.6202 2.4855030e-15
4466.0910 2.5459944e-15
4467.5617 2.6111384e-15
4469.0325 2.5087009e-15
4470.5033 2.4329305e-15
4471.9741 2.4376502e-15
4473.4449 2.4542727e-15
4474.9156 2.3882070e-15
4476.3864 2.5150660e-15
4477.8572 2.5683806e-15
4479.3280 2.7409275e-15
4480.7988 2.4490750e-15
4482.2695 2.6475604e-15
4483.7403 2.4240264e-15
4485.2111 2.6226059e-15
4486.6819 2.5927263e-15
4488.1527 2.5384705e-15
4489.6234 2.5414849e-15
4491.0942 2.5217575e-15
4492.5650 2.5906677e-15
4494.0358 2.4550074e-15
4495.5066 2.4982773e-15
4496.9773 2.7008432e-15
4498.4481 2.5094172e-15
4499.9189 2.6111702e-15
4501.3897 2.7460225e-15
4502.8605 2.6088011e-15
4504.3312 2.6024396e-15
4505.8020 2.5017099e-15
4507.2728 2.5515369e-15
4508.7436 2.5396941e-15
4510.2144 2.4995022e-15
4511.6851 2.4551614e-15
4513.1559 2.6346638e-15
4514.6267 2.6206525e-15
4516.0975 2.5976233e-15
4517.5683 2.5003139e-15
4519.0390 2.6711738e-15
4520.5098 2.6012087e-15
4521.9806 2.4607405e-15
4523.4514 2.5090456e-15
4524.9222 2.5142348e-15
4526.3929 2.6929255e-15
4527.8637 2.5292766e-15
4529.3345 2.6397687e-15
4530.8053 2.8073611e-15
4532.2761 2.6416903e-15
4533.7468 2.5785658e-15
4535.2176 2.5863269e-15
4536.6884 2.5036731e-15
4538.1592 2.5944414e-15
4539.6300 2.7412649e-15
4541.1007 2.5970463e-15
4542.5715 2.6292717e-15
4544.0423 2.5966319e-15
4545.5131 2.7226682e-15
4546.9839 2.5762554e-15
4548.4546 2.7565048e-15
4549.9254 2.6603212e-15
4551.3962 2.5668624e-15
4552.8670 2.4929684e-15
4554.3378 2.5896397e-15
4555.8085 2.7434836e-15
4557.2793 2.7210412e-15
4558.7501 2.7132360e-15
4560.2209 2.6083806e-15
4561.6917 2.6508340e-15
4563.1624 2.7517410e-15
4564.6332 2.7777199e-15
4566.1040 2.8291788e-15
4567.5748 2.8323424e-15
4569.0456 2.9243062e-15
4570.5163 2.7950709e-15
4571.9871 2.6011977e-15
4573.4579 2.6782125e-15
4574.9287 2.7321579e-15
4576.3995 2.6888488e-15
4577.8702 2.7282449e-15
4579.3410 2.8490908e-15
4580.8118 2.6800901e-15
4582.2826 2.5807967e-15
4583.7534 2.6607062e-15
4585.2241 2.7094771e-15
4586.6949 2.8244212e-15
4588.1657 2.8603676e-15
4589.6365 2.6571673e-15
4591.1073 2.7325600e-15
4592.5780 2.8937629e-15
4594.0488 2.8054064e-15
4595.5196 2.8015375e-15
4596.9904 2.9136749e-15
4598.4612 2.8480102e-15
4599.9319 2.9235813e-15
4601.4027 2.8563373e-15
4602.8735 2.7420680e-15
4604.3443 2.7775475e-15
4605.8151 2.7159278e-15
4607.2858 2.8048417e-15
4608.7566 2.9545990e-15
4610.2274 2.8642268e-15
4611.6982 2.6773959e-15
4613.1690 2.6889221e-15
4614.6397 2.7254431e-15
4616.1105 2.7616231e-15
4617.5813 2.8332678e-15
4619.0521 2.6829176e-15
4620.5229 2.6778238e-15
4621.9936 2.6696165e-15
4623.4644 2.6524794e-15
4624.9352 2.6664406e-15
4626.4060 2.6898915e-15
4627.8768 2.7819531e-15
4629.3475 2.6384228e-15
4630.8183 2.7350012e-15
4632.2891 2.8758165e-15
4633.7599 2.8079246e-15
4635.2307 2.6966478e-15
4636.7014 2.6906457e-15
4638.1722 2.8453918e-15
4639.6430 2.9247500e-15
4641.1138 2.7009422e-15
4642.5846 2.7178666e-15
4644.0553 2.7070995e-15
4645.5261 2.6759657e-15
4646.9969 2.6891238e-15
4648.4677 2.6836645e-15
4649.9385 2.7679515e-15
4651.4092 2.7976624e-15
4652.8800 2.8124207e-15
4654.3508 2.7951320e-15
4655.8216 2.9464980e-15
4657.2924 2.8298829e-15
4658.7631 2.7805608e-15
4660.2339 2.9163630e-15
4661.7047 2.8856338e-15
4663.1755 2.7636682e-15
4664.6463 2.7136309e-15
4666.1170 2.8782418e-15
4667.5878 2.9470163e-15
4669.0586 2.7727544e-15
4670.5294 2.7792589e-15
4672.0002 2.8061472e-15
4673.4709 2.8677180e-15
4674.9417 2.8206476e-15
4676.4125 2.8195254e-15
4677.8833 2.8623504e-15
4679.3541 2.7047659e-15
4680.8248 2.7131297e-15
4682.2956 2.8412783e-15
4683.7664 2.9188860e-15
4685.2372 2.8518779e-15
4686.7080 2.8802307e-15
4688.1787 2.9023993e-15
4689.6495 2.8620521e-15
4691.1203 2.7931052e-15
4692.5911 2.8486788e-15
4694.0619 2.8973372e-15
4695.5326 3.0074283e-15
4697.0034 2.9003554e-15
4698.4742 2.9470176e-15
4699.9450 2.9109220e-15
4701.4158 2.9051717e-15
4702.8865 2.9211940e-15
4704.3573 2.9799239e-15
4705.8281 3.0220350e-15
4707.2989 3.1192906e-15
4708.7697 3.0730685e-15
4710.2404 3.1044615e-15
4711.7112 3.1087240e-15
4713.1820 2.9046840e-15
4714.6528 2.9734524e-15
4716.1236 3.0872400e-15
4717.5943 3.0897912e-15
4719.0651 3.1469540e-15
4720.5359 3.0661166e-15
4722.0067 3.0483793e-15
4723.4775 3.2121346e-15
4724.9482 3.1959021e-15
4726.4190 3.0685798e-15
4727.8898 3.1844700e-15
4729.3606 3.1274515e-15
4730.8314 3.1413382e-15
4732.3021 3.0879307e-15
4733.7729 3.1541772e-15
4735.2437 3.1129927e-15
4736.7145 3.0888182e-15
4738.1853 3.1474038e-15
4739.6560 3.1651032e-15
4741.1268 3.0527446e-15
4742.5976 3.0850054e-15
4744.0684 3.1485443e-15
4745.5392 3.0676141e-15
4747.0099 3.0752994e-15
4748.4807 3.0704085e-15
4749.9515 3.0474393e-15
4751.4223 3.1679674e-15
4752.8931 3.1957957e-15
4754.3638 3.1404544e-15
4755.8346 3.0824103e-15
4757.3054 3.0994190e-15
4758.7762 3.1284661e-15
4760.2470 2.9177639e-15
4761.7177 2.9807734e-15
4763.1885 3.0295223e-15
4764.6593 2.9586012e-15
4766.1301 3.0823748e-15
4767.6009 3.0667963e-15
4769.0716 3.0235679e-15
4770.5424 2.9140318e-15
4772.0132 3.0833906e-15
4773.4840 3.1401598e-15
4774.9548 3.1783200e-15
4776.4255 3.0068415e-15
4777.8963 3.0458367e-15
4779.3671 3.0641057e-15
4780.8379 2.9834982e-15
4782.3087 3.0315906e-15
4783.7794 3.0993615e-15
4785.2502 2.9969155e-15
4786.7210 3.0005314e-15
4788.1918 3.0913474e-15
4789.6626 2.9877583e-15
4791.1333 3.0177956e-15
4792.6041 3.0401537e-15
4794.0749 2.9777932e-15
4795.5457 2.9978005e-15
4797.0165 2.9143863e-15
4798.4872 2.8958141e-15
4799.9580 2.9460824e-15
4801.4288 2.9467829e-15
4802.8996 2.8240459e-15
4804.3704 2.9545697e-15
4805.8411 2.8699196e-15
4807.3119 2.7801072e-15
4808.7827 2.7837513e-15
4810.2535 2.8515625e-15
4811.7243 2.9605705e-15
4813.1950 2.9582614e-15
4814.6658 2.9414140e-15
4816.1366 2.9668318e-15
4817.6074 2.9060335e-15
4819.0782 2.8871251e-15
4820.5489 2.9395767e-15
4822.0197 2.8519244e-15
4823.4905 2.8286837e-15
4824.9613 2.6779179e-15
4826.4321 2.7338815e-15
4827.9028 2.7815350e-15
4829.3736 2.7855507e-15
4830.8444 2.7774998e-15
4832.3152 2.7151112e-15
4833.7860 2.8067291e-15
4835.2567 2.8269944e-15
4836.7275 2.8210962e-15
4838.1983 2.8501066e-15
4839.6691 2.8201940e-15
4841.1399 2.8185523e-15
4842.6106 2.7385267e-15
4844.0814 2.9104159e-15
4845.5522 2.8585817e-15
4847.0230 2.8066863e-15
4848.4938 2.8323045e-15
4849.9645 2.7549389e-15
4851.4353 2.7005388e-15
4852.9061 2.7493426e-15
4854.3769 2.8597601e-15
4855.8477 2.6939157e-15
4857.3184 2.7652597e-15
4858.7892 2.7092351e-15
4860.2600 2.6087681e-15
4861.7308 2.6978458e-15
4863.2016 2.6083305e-15
4864.6723 2.7524146e-15
4866.1431 2.8004287e-15
4867.6139 2.7707924e-15
4869.0847 2.7322813e-15
4870.5555 2.6642158e-15
4872.0262 2.7928082e-15
4873.4970 2.7269614e-15
4874.9678 2.7790389e-15
4876.4386 2.8089551e-15
4877.9094 2.7405058e-15
4879.3801 2.7717019e-15
4880.8509 2.7238051e-15
4882.3217 2.7416292e-15
4883.7925 2.7841094e-15
4885.2633 2.7302326e-15
4886.7340 2.6086178e-15
4888.2048 2.7282033e-15
4889.6756 2.7580022e-15
4891.1464 2.7643490e-15
4892.6172 2.8219030e-15
4894.0879 2.7666166e-15
4895.5587 2.8117496e-15
4897.0295 2.7108609e-15
4898.5003 2.8035019e-15
4899.9711 2.7848649e-15
4901.4418 2.8421328e-15
4902.9126 2.8178409e-15
4904.3834 2.7280848e-15
4905.8542 2.7924940e-15
4907.3250 2.6749853e-15
4908.7957 2.8030276e-15
4910.2665 2.7595413e-15
4911.7373 2.7962273e-15
4913.2081 2.8397589e-15
4914.6789 2.8359486e-15
4916.1496 2.7805302e-15
4917.6204 2.7697411e-15
4919.0912 2.8471117e-15
4920.5620 2.8083904e-15
4922.0328 2.7722825e-15
4923.5035 2.7781367e-15
4924.9743 2.7120002e-15
4926.4451 2.8154400e-15
4927.9159 2.7997796e-15
4929.3867 2.7779705e-15
4930.8574 2.7921530e-15
4932.3282 2.8293952e-15
4933.7990 2.8738961e-15
4935.2698 2.8354046e-15
4936.7406 2.8040801e-15
4938.2113 2.8224408e-15
4939.6821 2.7466032e-15
4941.1529 2.7942641e-15
4942.6237 2.8626328e-15
4944.0945 2.7573409e-15
4945.5652 2.7515100e-15
4947.0360 2.7503426e-15
4948.5068 2.8357921e-15
4949.9776 2.8516823e-15
4951.4484 2.9197454e-15
4952.9191 2.7894062e-15
4954.3899 2.6812527e-15
4955.8607 2.6474552e-15
4957.3315 2.6649370e-15
4958.8023 2.5633577e-15
4960.2730 2.5386770e-15
4961.7438 2.6369424e-15
4963.2146 2.6039371e-15
4964.6854 2.7505675e-15
4966.1562 2.7258294e-15
4967.6269 2.7325148e-15
4969.0977 2.6576160e-15
4970.5685 2.6780927e-15
4972.0393 2.7774925e-15
4973.5101 2.8045813e-15
4974.9808 2.7757970e-15
4976.4516 2.7148998e-15
4977.9224 2.6545220e-15
4979.3932 2.8412759e-15
4980.8640 2.7853759e-15
4982.3347 2.7318388e-15
4983.8055 2.6596953e-15
4985.2763 2.6350354e-15
4986.7471 2.6997796e-15
4988.2179 2.6488745e-15
4989.6886 2.6005266e-15
4991.1594 2.6082339e-15
4992.6302 2.6907619e-15
4994.1010 2.7591941e-15
4995.5718 2.7170268e-15
4997.0425 2.6934390e-15
4998.5133 2.7025765e-15
4999.9841 2.7660702e-15
5001.4549 2.7154425e-15
5002.9257 2.6980756e-15
5004.3964 2.7261277e-15
5005.8672 2.7260445e-15
5007.3380 2.6604997e-15
5008.8088 2.6034237e-15
5010.2796 2.6892632e-15
5011.7503 2.6561124e-15
5013.2211 2.5661424e-15
5014.6919 2.6501996e-15
5016.1627 2.6586746e-15
5017.6335 2.6288842e-15
5019.1042 2.5784729e-15
5020.5750 2.4565623e-15
5022.0458 2.3931652e-15
5023.5166 2.4521848e-15
5024.9874 2.6409666e-15
5026.4581 2.5459749e-15
5027.9289 2.6973397e-15
5029.3997 2.6668049e-15
5030.8705 2.6446290e-15
5032.3413 2.6813639e-15
5033.8120 2.5655617e-15
5035.2828 2.5780035e-15
5036.7536 2.5379179e-15
5038.2244 2.5084821e-15
5039.6952 2.5404679e-15
5041.1659 2.5785939e-15
5042.6367 2.5661925e-15
5044.1075 2.5628076e-15
5045.5783 2.5639726e-15
5047.0491 2.6399765e-15
5048.5198 2.6662707e-15
5049.9906 2.5828198e-15
5051.4614 2.6622318e-15
5052.9322 2.6376600e-15
5054.4030 2.5656302e-15
5055.8737 2.5957689e-15
5057.3445 2.5926517e-15
5058.8153 2.6488207e-15
5060.2861 2.7056680e-15
5061.7569 2.6183372e-15
5063.2276 2.6186477e-15
5064.6984 2.6036682e-15
5066.1692 2.4842134e-15
5067.6400 2.4798494e-15
5069.1108 2.5430289e-15
5070.5815 2.5514684e-15
5072.0523 2.5499135e-15
5073.5231 2.6218847e-15
5074.9939 2.6591281e-15
5076.4647 2.6004801e-15
5077.9354 2.5043699e-15
5079.4062 2.4606623e-15
5080.8770 2.4756980e-15
5082.3478 2.5005901e-15
5083.8186 2.4333204e-15
5085.2893 2.4126860e-15
5086.7601 2.3507130e-15
5088.2309 2.4634262e-15
5089.7017 2.3972456e-15
5091.1725 2.5105443e-15
5092.6432 2.6292779e-15
5094.1140 2.5633980e-15
5095.5848 2.5584802e-15
5097.0556 2.5462499e-15
5098.5264 2.4996073e-15
5099.9971 2.4747458e-15
5101.4679 2.4560513e-15
5102.9387 2.4729268e-15
5104.4095 2.4944279e-15
5105.8803 2.5243479e-15
5107.3510 2.6433748e-15
5108.8218 2.8101568e-15
5110.2926 2.8227770e-15
5111.7634 2.7721896e-15
5113.2342 2.6891923e-15
5114.7049 2.5089380e-15
5116.1757 2.4157811e-15
5117.6465 2.3819519e-15
5119.1173 2.4217380e-15
5120.5881 2.4484821e-15
5122.0588 2.4335625e-15
5123.5296 2.4974033e-15
5125.0004 2.3560550e-15
5126.4712 2.3208481e-15
5127.9420 2.4246865e-15
5129.4128 2.4126970e-15
5130.8835 2.5044994e-15
5132.3543 2.5055434e-15
5133.8251 2.4743191e-15
5135.2959 2.4631584e-15
5136.7667 2.4123559e-15
5138.2374 2.4587969e-15
5139.7082 2.4105296e-15
5141.1790 2.4001904e-15
5142.6498 2.2911311e-15
5144.1206 2.2309893e-15
5145.5913 2.2527031e-15
5147.0621 2.3758325e-15
5148.5329 2.4228932e-15
5150.0037 2.4215510e-15
5151.4745 2.3990462e-15
5152.9452 2.3683415e-15
5154.4160 2.4354523e-15
5155.8868 2.3749682e-15
5157.3576 2.3176588e-15
5158.8284 2.4589362e-15
5160.2991 2.4345013e-15
5161.7699 2.5369473e-15
5163.2407 2.5755587e-15
5164.7115 2.4296666e-15
5166.1823 2.4338742e-15
5167.6530 2.4227563e-15
5169.1238 2.4206916e-15
5170.5946 2.3725858e-15
5172.0654 2.3658955e-15
5173.5362 2.4104759e-15
5175.0069 2.3571576e-15
5176.4777 2.3476130e-15
5177.9485 2.3908010e-15
5179.4193 2.2704478e-15
5180.8901 2.3546431e-15
5182.3608 2.2808872e-15
5183.8316 2.2509795e-15
5185.3024 2.3304697e-15
5186.7732 2.2599521e-15
5188.2440 2.2207161e-15
5189.7147 2.3245972e-15
5191.1855 2.3391636e-15
5192.6563 2.3807882e-15
5194.1271 2.3789313e-15
5195.5979 2.3855666e-15
5197.0686 2.2839958e-15
5198.5394 2.3103915e-15
5200.0102 2.3309636e-15
5201.4810 2.3387895e-15
5202.9518 2.2105969e-15
5204.4225 2.3137898e-15
5205.8933 2.2914734e-15
5207.3641 2.2911702e-15
5208.8349 2.3291789e-15
5210.3057 2.2439738e-15
5211.7764 2.2716506e-15
5213.2472 2.2405657e-15
5214.7180 2.2342862e-15
5216.1888 2.2144426e-15
5217.6596 2.2251669e-15
5219.1303 2.3373605e-15
5220.6011 2.3702460e-15
5222.0719 2.3484882e-15
5223.5427 2.3565990e-15
5225.0135 2.3264541e-15
5226.4842 2.2914807e-15
5227.9550 2.1769021e-15
5229.4258 2.2455006e-15
5230.8966 2.2049359e-15
5232.3674 2.2828761e-15
5233.8381 2.2123560e-15
5235.3089 2.1714514e-15
5236.7797 2.1717032e-15
5238.2505 2.2332691e-15
5239.7213 2.2375390e-15
5241.1920 2.3037391e-15
5242.6628 2.2661766e-15
5244.1336 2.1350612e-15
5245.6044 2.1243723e-15
5247.0752 2.1507460e-15
5248.5459 2.1744695e-15
5250.0167 2.1753338e-15
5251.4875 2.1347910e-15
5252.9583 2.1533571e-15
5254.4291 2.2144524e-15
5255.8998 2.2335930e-15
5257.3706 2.1402907e-15
5258.8414 2.2515907e-15
5260.3122 2.1089772e-15
5261.7830 2.1512986e-15
5263.2537 2.2332544e-15
5264.7245 2.2418982e-15
5266.1953 2.2822453e-15
5267.6661 2.2415669e-15
5269.1369 2.1264994e-15
5270.6076 2.0986649e-15
5272.0784 2.0131579e-15
5273.5492 1.9675580e-15
5275.0200 2.0303463e-15
5276.4908 1.8595255e-15
5277.9615 1.9304075e-15
5279.4323 2.0774180e-15
5280.9031 1.9861852e-15
5282.3739 2.1731236e-15
5283.8447 2.1380255e-15
5285.3154 2.1905908e-15
5286.7862 2.1837599e-15
5288.2570 2.0398751e-15
5289.7278 2.0354768e-15
5291.1986 2.1116922e-15
5292.6693 2.0159303e-15
5294.1401 2.0452183e-15
5295.6109 2.1068759e-15
5297.0817 2.0275152e-15
5298.5525 2.1035949e-15
5300.0232 2.1295847e-15
5301.4940 2.1693317e-15
5302.9648 2.1676985e-15
5304.4356 2.1001379e-15
5305.9064 2.0741028e-15
5307.3771 2.1676643e-15
5308.8479 2.1363325e-15
5310.3187 2.1501189e-15
5311.7895 2.0690884e-15
5313.2603 2.1196232e-15
5314.7310 2.0648344e-15
5316.2018 2.0506055e-15
5317.6726 2.1821365e-15
5319.1434 2.2122667e-15
5320.6142 2.1170806e-15
5322.0849 2.2056681e-15
5323.5557 2.1108267e-15
5325.0265 2.1650899e-15
5326.4973 2.1461106e-15
5327.9681 2.2312093e-15
5329.4388 2.2359291e-15
5330.9096 2.1103769e-15
5332.3804 2.0984473e-15
5333.8512 1.9899038e-15
5335.3220 2.1045239e-15
5336.7927 2.1282768e-15
5338.2635 2.0605792e-15
5339.7343 2.1144989e-15
5341.2051 2.1659358e-15
5342.6759 2.1736517e-15
5344.1466 2.2103023e-15
5345.6174 2.2356993e-15
5347.0882 2.2009642e-15
5348.5590 2.1649457e-15
5350.0298 2.2281447e-15
5351.5005 2.1960379e-15
5352.9713 2.1950722e-15
5354.4421 2.1726408e-15
5355.9129 2.1725821e-15
5357.3837 2.1734525e-15
5358.8544 2.1537275e-15
5360.3252 2.2015314e-15
5361.7960 2.2490970e-15
5363.2668 2.2638577e-15
5364.7376 2.2107693e-15
5366.2083 2.2393274e-15
5367.6791 2.2447721e-15
5369.1499 2.1196465e-15
5370.6207 2.1086105e-15
5372.0915 2.0641523e-15
5373.5622 1.9262793e-15
5375.0330 2.0226830e-15
5376.5038 2.0149292e-15
5377.9746 2.0326481e-15
5379.4454 2.1475042e-15
5380.9161 2.0826365e-15
5382.3869 2.1145930e-15
5383.8577 2.1089650e-15
5385.3285 2.1752873e-15
5386.7993 2.1207515e-15
5388.2700 2.2323694e-15
5389.7408 2.0783446e-15
5391.2116 2.1497437e-15
5392.6824 2.0800462e-15
5394.1532 2.2552934e-15
5395.6239 2.2881789e-15
5397.0947 2.3924134e-15
5398.5655 2.2970513e-15
5400.0363 2.2073013e-15
5401.5071 2.2159609e-15
5402.9778 2.2766992e-15
5404.4486 2.2375023e-15
5405.9194 2.1885603e-15
5407.3902 2.2105138e-15
5408.8610 2.1678465e-15
5410.3317 2.2853515e-15
5411.8025 2.3029519e-15
5413.2733 2.2613957e-15
5414.7441 2.2344047e-15
5416.2149 2.3120014e-15
5417.6856 2.3230643e-15
5419.1564 2.2464761e-15
5420.6272 2.3041731e-15
5422.0980 2.2832893e-15
5423.5688 2.2352641e-15
5425.0395 2.1610889e-15
5426.5103 2.1608408e-15
5427.9811 2.2351504e-15
5429.4519 2.2145099e-15
5430.9227 2.2433809e-15
5432.3934 2.2074455e-15
5433.8642 2.1383862e-15
5435.3350 2.1337984e-15
5436.8058 2.0994876e-15
5438.2766 2.0422270e-15
5439.7473 2.1055874e-15
5441.2181 2.1402870e-15
5442.6889 2.2688036e-15
5444.1597 2.2740270e-15
5445.6305 2.2233907e-15
5447.1012 2.2643149e-15
5448.5720 2.1487535e-15
5450.0428 2.1483049e-15
5451.5136 2.2498268e-15
5452.9844 2.2339133e-15
5454.4551 2.2029409e-15
5455.9259 2.2007515e-15
5457.3967 2.2757579e-15
5458.8675 2.2609948e-15
5460.3383 2.2681410e-15
5461.8090 2.2084014e-15
5463.2798 2.2251730e-15
5464.7506 2.2714844e-15
5466.2214 2.3292241e-15
5467.6922 2.3449872e-15
5469.1629 2.3169253e-15
5470.6337 2.3077682e-15
5472.1045 2.2286618e-15
5473.5753 2.2119281e-15
5475.0461 2.1423492e-15
5476.5168 2.2019153e-15
5477.9876 2.2048283e-15
5479.4584 2.1380854e-15
5480.9292 2.1804374e-15
5482.4000 2.1417466e-15
5483.8707 2.2297962e-15
5485.3415 2.2770085e-15
5486.8123 2.2078122e-15
5488.2831 2.2716506e-15
5489.7539 2.3126542e-15
5491.2246 2.2403530e-15
5492.6954 2.1964229e-15
5494.1662 2.2300065e-15
5495.6370 2.2338351e-15
5497.1078 2.2333987e-15
5498.5785 2.2841364e-15
5500.0493 2.2100407e-15
5501.5201 2.2081875e-15
5502.9909 2.1636169e-15
5504.4617 2.1332716e-15
5505.9324 2.1658600e-15
5507.4032 2.1719733e-15
5508.8740 2.2106861e-15
5510.3448 2.1873844e-15
5511.8156 2.1705529e-15
5513.2863 2.1673098e-15
5514.7571 2.1585426e-15
5516.2279 2.0601037e-15
5517.6987 2.0679137e-15
5519.1695 2.1056547e-15
5520.6402 2.1774400e-15
5522.1110 2.0726445e-15
5523.5818 2.1933632e-15
5525.0526 2.2134464e-15
5526.5234 2.2204386e-15
5527.9941 2.2361039e-15
5529.4649 2.2231120e-15
5530.9357 2.2814581e-15
5532.4065 2.1904392e-15
5533.8773 2.3111103e-15
5535.3480 2.2182517e-15
5536.8188 2.2303927e-15
5538.2896 2.2339830e-15
5539.7604 2.2034641e-15
5541.2312 2.1384705e-15
5542.7019 2.1732092e-15
5544.1727 2.2095175e-15
5545.6435 2.1962665e-15
5547.1143 2.2087938e-15
5548.5851 2.1703818e-15
5550.0558 2.2770916e-15
5551.5266 2.3440325e-15
5552.9974 2.2834274e-15
5554.4682 2.2323523e-15
5555.9390 2.2541602e-15
5557.4097 2.1594668e-15
5558.8805 2.2583262e-15
5560.3513 2.2193714e-15
5561.8221 2.2866521e-15
5563.2929 2.2801574e-15
5564.7636 2.1642146e-15
5566.2344 2.1030741e-15
5567.7052 2.2340368e-15
5569.1760 2.2788971e-15
5570.6468 2.2236389e-15
5572.1175 2.2406929e-15
5573.5883 2.3266815e-15
5575.0591 2.3262744e-15
5576.5299 2.3276301e-15
5578.0007 2.4218566e-15
5579.4714 2.2633418e-15
5580.9422 2.2449603e-15
5582.4130 2.3210253e-15
5583.8838 2.1854077e-15
5585.3546 2.2152678e-15
5586.8253 2.1266277e-15
5588.2961 2.1241328e-15
5589.7669 2.1113304e-15
5591.2377 2.1666546e-15
5592.7085 2.1397724e-15
5594.1792 2.1337581e-15
5595.6500 2.1587517e-15
5597.1208 2.1453148e-15
5598.5916 2.2430411e-15
5600.0624 2.2274626e-15
5601.5331 2.2964352e-15
5603.0039 2.2136811e-15
5604.4747 2.2608689e-15
5605.9455 2.2776062e-15
5607.4163 2.1377199e-15
5608.8870 2.1693684e-15
5610.3578 2.2218370e-15
5611.8286 2.2445374e-15
5613.2994 2.2258270e-15
5614.7702 2.2606550e-15
5616.2409 2.2620180e-15
5617.7117 2.2072120e-15
5619.1825 2.1085102e-15
5620.6533 2.1781845e-15
5622.1241 2.1772407e-15
5623.5948 2.1645398e-15
5625.0656 2.1435497e-15
5626.5364 2.3018847e-15
5628.0072 2.2512533e-15
5629.4780 2.1087792e-15
5630.9487 2.2273477e-15
5632.4195 2.2687474e-15
5633.8903 2.2920772e-15
5635.3611 2.2835790e-15
5636.8319 2.2288537e-15
5638.3026 2.2122936e-15
5639.7734 2.1298696e-15
5641.2442 2.1736517e-15
5642.7150 2.1995426e-15
5644.1858 2.1769828e-15
5645.6565 2.1783470e-15
5647.1273 2.1861999e-15
5648.5981 2.1884809e-15
5650.0689 2.1718095e-15
5651.5397 2.2306800e-15
5653.0104 2.1490970e-15
5654.4812 2.3485615e-15
5655.9520 2.2375292e-15
5657.4228 2.1789900e-15
5658.8936 2.1935221e-15
5660.3643 2.1834299e-15
5661.8351 2.2190731e-15
5663.3059 2.2529232e-15
5664.7767 2.2626866e-15
5666.2475 2.2103610e-15
5667.7182 2.3164119e-15
5669.1890 2.2145832e-15
5670.6598 2.1829556e-15
5672.1306 2.2478416e-15
5673.6014 2.2282596e-15
5675.0721 2.1667988e-15
5676.5429 2.1639543e-15
5678.0137 2.2062561e-15
5679.4845 2.1102118e-15
5680.9553 2.0660031e-15
5682.4260 2.1351480e-15
5683.8968 2.1895615e-15
5685.3676 2.1416158e-15
5686.8384 2.0157213e-15
5688.3092 2.2107497e-15
5689.7799 2.2090016e-15
5691.2507 2.1799619e-15
5692.7215 2.2900884e-15
5694.1923 2.2275885e-15
5695.6631 2.1607552e-15
5697.1338 2.1930442e-15
5698.6046 2.1140881e-15
5700.0754 2.1450789e-15
5701.5462 2.0555758e-15
5703.0170 2.1076545e-15
5704.4877 2.1477377e-15
5705.9585 2.1839836e-15
5707.4293 2.1266387e-15
5708.9001 2.1269749e-15
5710.3709 2.0810156e-15
5711.8416 2.0621292e-15
5713.3124 2.1502277e-15
5714.7832 2.1188874e-15
5716.2540 2.0683147e-15
5717.7248 2.1382578e-15
5719.1955 2.1093574e-15
5720.6663 2.1930173e-15
5722.1371 2.2068832e-15
5723.6079 2.1188360e-15
5725.0787 2.1701666e-15
5726.5494 2.2215730e-15
5728.0202 2.1117509e-15
5729.4910 2.0751969e-15
5730.9618 2.1563985e-15
5732.4326 2.0900627e-15
5733.9033 2.2200352e-15
5735.3741 2.0798213e-15
5736.8449 2.2059664e-15
5738.3157 2.2301629e-15
5739.7865 2.1592174e-15
5741.2572 2.1948815e-15
5742.7280 2.1561565e-15
5744.1988 2.1778410e-15
5745.6696 2.1352274e-15
5747.1404 2.2037416e-15
5748.6111 2.1605046e-15
5750.0819 2.1717509e-15
5751.5527 2.2102546e-15
5753.0235 2.1476264e-15
5754.4943 2.1250251e-15
5755.9650 2.0828981e-15
5757.4358 2.1282719e-15
5758.9066 2.1295994e-15
5760.3774 2.0984302e-15
5761.8482 2.1844445e-15
5763.3189 2.1864700e-15
5764.7897 2.1745245e-15
5766.2605 2.1754780e-15
5767.7313 2.1971112e-15
5769.2021 2.1860287e-15
5770.6728 2.1266118e-15
5772.1436 2.1373605e-15
5773.6144 2.1275836e-15
5775.0852 2.0232294e-15
5776.5560 2.0594509e-15
5778.0267 2.1465605e-15
5779.4975 2.1575378e-15
5780.9683 2.1348253e-15
5782.4391 2.1361369e-15
5783.9099 2.1223835e-15
5785.3806 2.2050752e-15
5786.8514 2.1864492e-15
5788.3222 2.2195059e-15
5789.7930 2.2199142e-15
5791.2638 2.2119073e-15
5792.7345 2.2110846e-15
5794.2053 2.1869785e-15
5795.6761 2.2381001e-15
5797.1469 2.1535417e-15
5798.6177 2.1924929e-15
5800.0884 2.1967151e-15
5801.5592 2.1191978e-15
5803.0300 2.1709917e-15
5804.5008 2.2558337e-15
5805.9716 2.2263783e-15
5807.4423 2.2305015e-15
5808.9131 2.1957592e-15
5810.3839 2.2266509e-15
5811.8547 2.2276704e-15
5813.3255 2.2892229e-15
5814.7962 2.2227123e-15
5816.2670 2.1538620e-15
5817.7378 2.1670030e-15
5819.2086 2.2001159e-15
5820.6794 2.1944512e-15
5822.1501 2.0682706e-15
5823.6209 2.0573153e-15
5825.0917 2.1453821e-15
5826.5625 2.1272890e-15
5828.0333 2.1072597e-15
5829.5040 2.1802601e-15
5830.9748 2.1841010e-15
5832.4456 2.2061302e-15
5833.9164 2.1851498e-15
5835.3872 2.1926347e-15
5836.8579 2.2063417e-15
5838.3287 2.2021964e-15
5839.7995 2.2035717e-15
5841.2703 2.2139891e-15
5842.7411 2.2741517e-15
5844.2118 2.2716237e-15
5845.6826 2.2072585e-15
5847.1534 2.2050569e-15
5848.6242 2.2002956e-15
5850.0950 2.2759609e-15
5851.5657 2.1978801e-15
5853.0365 2.1980060e-15
5854.5073 2.1834922e-15
5855.9781 2.1810559e-15
5857.4489 2.1232489e-15
5858.9196 2.2296703e-15
5860.3904 2.1617600e-15
5861.8612 2.2769669e-15
5863.3320 2.1386184e-15
5864.8028 2.1750392e-15
5866.2735 2.0998347e-15
5867.7443 2.1402968e-15
5869.2151 2.1299955e-15
5870.6859 2.1020656e-15
5872.1567 2.1823517e-15
5873.6274 2.2397919e-15
5875.0982 2.1840142e-15
5876.5690 2.1406599e-15
5878.0398 2.1774400e-15
5879.5106 2.1996905e-15
5880.9813 2.2032758e-15
5882.4521 2.1253466e-15
5883.9229 2.1825717e-15
5885.3937 2.1730723e-15
5886.8645 2.1764828e-15
5888.3352 2.1528400e-15
5889.8060 2.0642648e-15
5891.2768 2.0701972e-15
5892.7476 2.1382395e-15
5894.2184 2.1445227e-15
5895.6891 2.1855996e-15
5897.1599 2.1441486e-15
5898.6307 2.1814214e-15
5900.1015 2.0451437e-15
5901.5723 2.0123193e-15
5903.0430 2.1058918e-15
5904.5138 2.0883122e-15
5905.9846 2.1019495e-15
5907.4554 2.1783189e-15
5908.9262 2.0594118e-15
5910.3969 2.1036853e-15
5911.8677 2.0828896e-15
5913.3385 2.0175549e-15
5914.8093 2.1618652e-15
5916.2801 2.1348069e-15
5917.7508 2.1804533e-15
5919.2216 2.1095921e-15
5920.6924 2.1444200e-15
5922.1632 2.1655520e-15
5923.6340 2.1474064e-15
5925.1047 2.1091129e-15
5926.5755 2.0939427e-15
5928.0463 2.1373447e-15
5929.5171 2.2091557e-15
5930.9879 2.1394827e-15
5932.4586 2.1493439e-15
5933.9294 2.1362323e-15
5935.4002 2.2064615e-15
5936.8710 2.1654725e-15
5938.3418 2.2483611e-15
5939.8125 2.1967175e-15
5941.2833 2.1520675e-15
5942.7541 2.1774278e-15
5944.2249 2.2052390e-15
5945.6957 2.2082327e-15
5947.1664 2.2609471e-15
5948.6372 2.2164694e-15
5950.1080 2.1983201e-15
5951.5788 2.2132752e-15
5953.0496 2.1514624e-15
5954.5203 2.1599374e-15
5955.9911 2.1191453e-15
5957.4619 2.1024165e-15
5958.9327 2.1373288e-15
5960.4035 2.1478660e-15
5961.8742 2.1711213e-15
5963.3450 2.2266314e-15
5964.8158 2.2741382e-15
5966.2866 2.2427453e-15
5967.7574 2.2296080e-15
5969.2281 2.1993213e-15
5970.6989 2.1572860e-15
5972.1697 2.2182700e-15
5973.6405 2.1361944e-15
5975.1113 2.1213065e-15
5976.5820 2.1297278e-15
5978.0528 2.0735222e-15
5979.5236 2.0871387e-15
5980.9944 2.2119587e-15
5982.4652 2.2713193e-15
5983.9359 2.2100615e-15
5985.4067 2.2021206e-15
5986.8775 2.1461632e-15
5988.3483 2.2033052e-15
5989.8191 2.2001183e-15
5991.2898 2.2266045e-15
5992.7606 2.2413786e-15
5994.2314 2.2819299e-15
5995.7022 2.3292596e-15
5997.1730 2.2197125e-15
5998.6437 2.3096556e-15
6000.1145 2.2159413e-15
6001.5853 2.1257268e-15
6003.0561 2.2672817e-15
6004.5269 2.2381013e-15
6005.9976 2.1600658e-15
6007.4684 2.1449139e-15
6008.9392 2.0370733e-15
6010.4100 1.9775745e-15
6011.8808 1.9454835e-15
6013.3515 1.9205523e-15
6014.8223 2.0041083e-15
6016.2931 1.9764621e-15
6017.7639 2.0391257e-15
6019.2347 2.0360624e-15
6020.7054 2.0301483e-15
6022.1762 2.0846401e-15
6023.6470 2.1489613e-15
6025.1178 2.0773997e-15
6026.5886 2.1133229e-15
6028.0593 2.1591269e-15
6029.5301 2.1775476e-15
6031.0009 2.0851388e-15
6032.4717 2.1261730e-15
6033.9425 2.0985989e-15
6035.4132 2.0797858e-15
6036.8840 2.0952653e-15
6038.3548 2.0966723e-15
6039.8256 2.0703622e-15
6041.2964 2.0845386e-15
6042.7671 2.1702595e-15
6044.2379 2.0607577e-15
6045.7087 1.9860581e-15
6047.1795 2.1215070e-15
6048.6503 2.1464786e-15
6050.1210 2.0488709e-15
6051.5918 1.9600242e-15
6053.0626 2.0774816e-15
6054.5334 2.0970391e-15
6056.0042 2.0578349e-15
6057.4749 2.1023908e-15
6058.9457 2.0885860e-15
6060.4165 1.9858918e-15
6061.8873 2.1866265e-15
6063.3581 2.1236120e-15
6064.8288 2.1289430e-15
6066.2996 2.1415339e-15
6067.7704 2.0858185e-15
6069.2412 2.0551321e-15
6070.7120 2.0600193e-15
6072.1827 2.1201905e-15
6073.6535 1.9929721e-15
6075.1243 2.0802198e-15
6076.5951 2.0306067e-15
6078.0659 2.0370488e-15
6079.5366 2.0996171e-15
6081.0074 2.0455019e-15
6082.4782 2.0417429e-15
6083.9490 2.0915211e-15
6085.4198 2.0551516e-15
6086.8905 2.0764437e-15
6088.3613 2.0672842e-15
6089.8321 2.1333266e-15
6091.3029 2.1093293e-15
6092.7737 2.1085738e-15
6094.2444 2.0285054e-15
6095.7152 2.0555000e-15
6097.1860 2.0295762e-15
6098.6568 1.9866082e-15
6100.1276 2.0900248e-15
6101.5983 2.0394008e-15
6103.0691 2.0906042e-15
6104.5399 2.0141468e-15
6106.0107 2.0193433e-15
6107.4815 2.0293476e-15
6108.9522 2.0262928e-15
6110.4230 2.0031230e-15
6111.8938 2.1005792e-15
6113.3646 2.1009679e-15
6114.8354 2.0336285e-15
6116.3061 2.0506458e-15
6117.7769 2.0271925e-15
6119.2477 1.9639543e-15
6120.7185 1.9688721e-15
6122.1893 2.0037599e-15
6123.6600 2.0138620e-15
6125.1308 2.0160049e-15
6126.6016 2.0314819e-15
6128.0724 1.9947690e-15
6129.5432 2.0163301e-15
6131.0139 1.9877572e-15
6132.4847 1.9633871e-15
6133.9555 2.0715052e-15
6135.4263 2.0124599e-15
6136.8971 2.0030363e-15
6138.3678 2.0151321e-15
6139.8386 2.0006562e-15
6141.3094 2.0015657e-15
6142.7802 1.9602174e-15
6144.2510 2.0132471e-15
6145.7217 2.0358203e-15
6147.1925 2.0148485e-15
6148.6633 1.9537544e-15
6150.1341 1.9714037e-15
6151.6049 2.0170097e-15
6153.0756 2.0138657e-15
6154.5464 1.9987859e-15
6156.0172 1.9698537e-15
6157.4880 1.9659481e-15
6158.9588 2.0127875e-15
6160.4295 1.9946969e-15
6161.9003 2.0091862e-15
6163.3711 2.0393653e-15
6164.8419 2.0329806e-15
6166.3127 2.0761834e-15
6167.7834 2.0802919e-15
6169.2542 2.0506397e-15
6170.7250 2.0380561e-15
6172.1958 2.0131518e-15
6173.6666 2.0299674e-15
6175.1373 2.0748803e-15
6176.6081 2.0411097e-15
6178.0789 1.9251914e-15
6179.5497 1.9852122e-15
6181.0205 1.9897816e-15
6182.4912 1.9605034e-15
6183.9620 2.0408982e-15
6185.4328 2.0211134e-15
6186.9036 1.9917741e-15
6188.3744 1.9595401e-15
6189.8451 1.9740894e-15
6191.3159 2.0822392e-15
6192.7867 2.0036279e-15
6194.2575 1.9575879e-15
6195.7283 2.0383935e-15
6197.1990 2.0506641e-15
6198.6698 2.1015840e-15
6200.1406 2.0614691e-15
6201.6114 2.0129733e-15
6203.0822 1.9870543e-15
6204.5529 1.9484332e-15
6206.0237 1.9999325e-15
6207.4945 1.9911702e-15
6208.9653 1.9716079e-15
6210.4361 2.0132178e-15
6211.9068 2.0103292e-15
6213.3776 1.9329990e-15
6214.8484 1.9065752e-15
6216.3192 1.9644005e-15
6217.7900 1.9714245e-15
6219.2607 1.8593409e-15
6220.7315 1.9921665e-15
6222.2023 2.0082022e-15
6223.6731 1.8983214e-15
6225.1439 1.9775745e-15
6226.6146 2.0077756e-15
6228.0854 1.9651413e-15
6229.5562 1.9675971e-15
6231.0270 1.8968080e-15
6232.4978 1.9334855e-15
6233.9685 1.9492083e-15
6235.4393 1.9974596e-15
6236.9101 1.9719807e-15
6238.3809 1.9878819e-15
6239.8517 1.9932569e-15
6241.3224 1.9936701e-15
6242.7932 1.9278783e-15
6244.2640 1.9773887e-15
6245.7348 1.9542324e-15
6247.2056 1.8980085e-15
6248.6763 1.9403934e-15
6250.1471 1.9871607e-15
6251.6179 1.9569816e-15
6253.0887 1.9350808e-15
6254.5595 1.9717937e-15
6256.0302 1.9300212e-15
6257.5010 1.9655434e-15
6258.9718 1.9985426e-15
6260.4426 1.9177077e-15
6261.9134 1.9164511e-15
6263.3841 1.8480237e-15
6264.8549 1.8686276e-15
6266.3257 1.8547263e-15
6267.7965 2.0106030e-15
6269.2673 1.9040851e-15
6270.7380 1.9740833e-15
6272.2088 1.9973838e-15
6273.6796 1.8944329e-15
6275.1504 1.7872830e-15
6276.6212 1.7996233e-15
6278.0919 1.8599692e-15
6279.5627 1.8542544e-15
6281.0335 1.7836976e-15
6282.5043 1.8513646e-15
6283.9751 1.8165648e-15
6285.4458 1.9001294e-15
6286.9166 1.8871008e-15
6288.3874 1.7225412e-15
6289.8582 1.8131909e-15
6291.3290 1.8141297e-15
6292.7997 1.7962836e-15
6294.2705 1.7432490e-15
6295.7413 1.7490384e-15
6297.2121 1.8198751e-15
6298.6829 1.8304612e-15
6300.1536 1.7521910e-15
6301.6244 1.8343375e-15
6303.0952 1.7196954e-15
6304.5660 1.9142483e-15
6306.0368 1.9049714e-15
6307.5075 1.8750698e-15
6308.9783 1.9375427e-15
6310.4491 1.8661486e-15
6311.9199 1.8728816e-15
6313.3907 1.8652733e-15
6314.8614 1.8585365e-15
6316.3322 1.8680543e-15
6317.8030 1.8222833e-15
6319.2738 1.8709343e-15
6320.7446 1.9520675e-15
6322.2153 1.8576356e-15
6323.6861 1.8147006e-15
6325.1569 1.9285078e-15
6326.6277 1.8547446e-15
6328.0985 1.8894063e-15
6329.5692 1.8983593e-15
6331.0400 1.9034788e-15
6332.5108 1.9447061e-15
6333.9816 1.8858319e-15
6335.4524 1.8330381e-15
6336.9231 1.9041768e-15
6338.3939 1.8569914e-15
6339.8647 1.8063564e-15
6341.3355 1.8772066e-15
6342.8063 1.8070813e-15
6344.2770 1.8790891e-15
6345.7478 1.8032123e-15
6347.2186 1.8055105e-15
6348.6894 1.8546639e-15
6350.1602 1.9010449e-15
6351.6309 1.9557983e-15
6353.1017 1.8329134e-15
6354.5725 1.7719245e-15
6356.0433 1.8557250e-15
6357.5141 1.8114502e-15
6358.9848 1.8741652e-15
6360.4556 1.8962531e-15
6361.9264 1.7579571e-15
6363.3972 1.7974633e-15
6364.8680 1.8500640e-15
6366.3387 1.8285653e-15
6367.8095 1.7273160e-15
6369.2803 1.7624703e-15
6370.7511 1.7430962e-15
6372.2219 1.7543889e-15
6373.6926 1.7345698e-15
6375.1634 1.8159707e-15
6376.6342 1.8460141e-15
6378.1050 1.8333083e-15
6379.5758 1.8856119e-15
6381.0465 1.8259603e-15
6382.5173 1.8132838e-15
6383.9881 1.8176210e-15
6385.4589 1.8165012e-15
6386.9297 1.7966663e-15
6388.4004 1.8425828e-15
6389.8712 1.8325650e-15
6391.3420 1.7912094e-15
6392.8128 1.8595768e-15
6394.2836 1.8914832e-15
6395.7543 1.8529428e-15
6397.2251 1.8193189e-15
6398.6959 1.8648601e-15
6400.1667 1.8647525e-15
6401.6375 1.8323377e-15
6403.1082 1.8615498e-15
6404.5790 1.8459737e-15
6406.0498 1.7439005e-15
6407.5206 1.8272218e-15
6408.9914 1.8883330e-15
6410.4621 1.8268270e-15
6411.9329 1.8629495e-15
6413.4037 1.8315333e-15
6414.8745 1.8576662e-15
6416.3453 1.9167811e-15
6417.8160 1.8643051e-15
6419.2868 1.8404716e-15
6420.7576 1.8283966e-15
6422.2284 1.8387175e-15
6423.6992 1.8759805e-15
6425.1699 1.8271045e-15
6426.6407 1.8493867e-15
6428.1115 1.8844971e-15
6429.5823 1.8506385e-15
6431.0531 1.8445252e-15
6432.5238 1.8067292e-15
6433.9946 1.7899943e-15
6435.4654 1.8153314e-15
6436.9362 1.9348289e-15
6438.4070 1.9169217e-15
6439.8777 1.8609594e-15
6441.3485 1.8170476e-15
6442.8193 1.8302596e-15
6444.2901 1.8124269e-15
6445.7609 1.8722448e-15
6447.2316 1.7668270e-15
6448.7024 1.8322032e-15
6450.1732 1.8273649e-15
6451.6440 1.9096361e-15
6453.1148 1.7920736e-15
6454.5855 1.8367506e-15
6456.0563 1.8641572e-15
6457.5271 1.8687560e-15
6458.9979 1.8783300e-15
6460.4687 1.8720003e-15
6461.9394 1.8203470e-15
6463.4102 1.8976503e-15
6464.8810 1.8780097e-15
6466.3518 1.8704564e-15
6467.8226 1.8523279e-15
6469.2933 1.8124550e-15
6470.7641 1.8348216e-15
6472.2349 1.8653124e-15
6473.7057 1.8304967e-15
6475.1765 1.8883672e-15
6476.6472 1.7978581e-15
6478.1180 1.8099026e-15
6479.5888 1.9649041e-15
6481.0596 1.8735417e-15
6482.5304 1.8362971e-15
6484.0011 1.9016427e-15
6485.4719 1.8791893e-15
6486.9427 1.7851291e-15
6488.4135 1.8165746e-15
6489.8843 1.8507510e-15
6491.3550 1.8483147e-15
6492.8258 1.8502278e-15
6494.2966 1.7472023e-15
6495.7674 1.8379706e-15
6497.2382 1.8165293e-15
6498.7089 1.8591551e-15
6500.1797 1.8511874e-15
6501.6505 1.9191551e-15
6503.1213 1.8771735e-15
6504.5921 1.9633651e-15
6506.0628 1.8787052e-15
6507.5336 1.9403029e-15
6509.0044 1.9130797e-15
6510.4752 1.8512509e-15
6511.9460 1.8448650e-15
6513.4167 1.8372787e-15
6514.8875 1.8460532e-15
6516.3583 1.8488855e-15
6517.8291 1.8835546e-15
6519.2999 1.8237196e-15
6520.7706 1.8853454e-15
6522.2414 1.8521396e-15
6523.7122 1.8845765e-15
6525.1830 1.8581344e-15
6526.6538 1.9210107e-15
6528.1245 1.8028933e-15
6529.5953 1.8635362e-15
6531.0661 1.7827515e-15
6532.5369 1.7671509e-15
6534.0077 1.9022955e-15
6535.4784 1.8875604e-15
6536.9492 1.8632526e-15
6538.4200 1.9229971e-15
6539.8908 1.8888195e-15
6541.3616 1.8288550e-15
6542.8323 1.9794705e-15
6544.3031 1.9315357e-15
6545.7739 1.8052073e-15
6547.2447 1.8400157e-15
6548.7155 1.8696826e-15
6550.1862 1.9245643e-15
6551.6570 1.8793715e-15
6553.1278 1.8266119e-15
6554.5986 1.8458271e-15
6556.0694 1.9270727e-15
6557.5401 1.8404667e-15
6559.0109 1.8767860e-15
6560.4817 1.8563215e-15
6561.9525 1.9257036e-15
6563.4233 1.7792859e-15
6564.8940 1.8527973e-15
6566.3648 1.8970305e-15
6567.8356 1.8324562e-15
6569.3064 1.8460728e-15
6570.7772 1.8769902e-15
6572.2479 1.8374645e-15
6573.7187 1.8565831e-15
6575.1895 1.8811855e-15
6576.6603 1.8831023e-15
6578.1311 1.8559817e-15
6579.6018 1.8531090e-15
6581.0726 1.8739378e-15
6582.5434 1.9026304e-15
6584.0142 1.9032465e-15
6585.4850 1.8807186e-15
6586.9557 1.8484027e-15
6588.4265 1.8387138e-15
6589.8973 1.9089846e-15
6591.3681 1.9055948e-15
6592.8389 1.8784583e-15
6594.3096 1.8591722e-15
6595.7804 1.8851180e-15
6597.2512 1.8648528e-15
6598.7220 1.8706275e-15
6600.1928 1.9532642e-15
6601.6635 1.9350808e-15
6603.1343 1.9048283e-15
6604.6051 1.9298366e-15
6606.0759 1.8458955e-15
6607.5467 1.9348925e-15
6609.0174 2.0035081e-15
6610.4882 1.9740234e-15
6611.9590 1.9231646e-15
6613.4298 1.9376588e-15
6614.9006 1.9842477e-15
6616.3713 1.9629458e-15
6617.8421 1.9721946e-15
6619.3129 1.9545392e-15
6620.7837 1.9311849e-15
6622.2545 1.9747483e-15
6623.7252 1.9686178e-15
6625.1960 1.9118524e-15
6626.6668 1.8372750e-15
6628.1376 1.8329293e-15
6629.6084 1.9272010e-15
6631.0791 1.8477438e-15
6632.5499 1.8880800e-15
6634.0207 2.0089112e-15
6635.4915 1.9654542e-15
6636.9623 1.9885323e-15
6638.4330 2.0477768e-15
6639.9038 2.0387028e-15
6641.3746 2.0243381e-15
6642.8454 2.0368068e-15
6644.3162 2.0591380e-15
6645.7869 2.0669345e-15
6647.2577 1.9794008e-15
6648.7285 2.0513071e-15
6650.1993 2.0108218e-15
6651.6701 1.9667940e-15
6653.1408 2.0922875e-15
6654.6116 2.0600267e-15
6656.0824 2.0562188e-15
6657.5532 2.0887327e-15
6659.0240 2.0769804e-15
6660.4947 2.0836719e-15
6661.9655 2.0919795e-15
6663.4363 2.1798628e-15
6664.9071 2.2061155e-15
6666.3779 2.1719122e-15
6667.8486 2.1345637e-15
6669.3194 2.1915137e-15
6670.7902 2.1571454e-15
6672.2610 2.1139146e-15
6673.7318 2.2210742e-15
6675.2025 2.2425436e-15
6676.6733 2.2383067e-15
6678.1441 2.1801660e-15
6679.6149 2.2133742e-15
6681.0857 2.1575561e-15
6682.5564 2.2910040e-15
6684.0272 2.1875250e-15
6685.4980 2.1798103e-15
6686.9688 2.1998946e-15
6688.4396 2.2310088e-15
6689.9103 2.1623297e-15
6691.3811 2.2448173e-15
6692.8519 2.1849994e-15
6694.3227 2.1393506e-15
6695.7935 2.1126249e-15
6697.2642 2.1633577e-15
6698.7350 2.1008628e-15
6700.2058 2.1740881e-15
6701.6766 2.1688085e-15
6703.1474 2.2025583e-15
6704.6181 2.2219691e-15
6706.0889 2.1966393e-15
6707.5597 2.1918719e-15
6709.0305 2.1818713e-15
6710.5013 2.2255960e-15
6711.9720 2.1588825e-15
6713.4428 2.1739268e-15
6714.9136 2.1518438e-15
6716.3844 2.2236450e-15
6717.8552 2.2619202e-15
6719.3259 2.1957555e-15
6720.7967 2.2704135e-15
6722.2675 2.1595389e-15
6723.7383 2.1010388e-15
6725.2091 2.0167090e-15
6726.6798 2.0329317e-15
6728.1506 2.0480469e-15
6729.6214 2.0500737e-15
6731.0922 1.9982994e-15
6732.5630 1.9846926e-15
6734.0337 2.0298341e-15
6735.5045 2.0336811e-15
6736.9753 2.0011317e-15
6738.4461 1.9130369e-15
6739.9169 1.9270226e-15
6741.3876 2.0097644e-15
6742.8584 1.9812344e-15
6744.3292 1.8577224e-15
6745.8000 1.9516531e-15
6747.2708 1.9027808e-15
6748.7415 1.8482902e-15
6750.2123 1.9297987e-15
6751.6831 1.9344561e-15
6753.1539 1.9444249e-15
6754.6247 1.9578312e-15
6756.0954 2.0048491e-15
6757.5662 2.0398751e-15
6759.0370 1.8881594e-15
6760.5078 1.8962885e-15
6761.9786 1.8920809e-15
6763.4493 1.9570757e-15
6764.9201 1.9229703e-15
6766.3909 1.8384974e-15
6767.8617 1.9470690e-15
6769.3325 1.8548962e-15
6770.8032 1.8766198e-15
6772.2740 1.9260446e-15
6773.7448 1.8676582e-15
6775.2156 1.8847085e-15
6776.6864 1.8836206e-15
6778.1571 1.9277316e-15
6779.6279 1.9316665e-15
6781.0987 1.9247721e-15
6782.5695 1.9030766e-15
6784.0403 1.8755233e-15
6785.5110 1.8722496e-15
6786.9818 1.8357861e-15
6788.4526 1.8508646e-15
6789.9234 1.8943705e-15
6791.3942 1.8554622e-15
6792.8649 1.8195927e-15
6794.3357 1.8224067e-15
6795.8065 1.8161162e-15
6797.2773 1.8111605e-15
6798.7481 1.7667842e-15
6800.2188 1.8011978e-15
6801.6896 1.8458136e-15
6803.1604 1.7464921e-15
6804.6312 1.8358680e-15
6806.1020 1.7828945e-15
6807.5727 1.8409276e-15
6809.0435 1.9158888e-15
6810.5143 1.8249763e-15
6811.9851 1.8330699e-15
6813.4559 1.8022344e-15
6814.9266 1.8662476e-15
6816.3974 1.8412149e-15
6817.8682 1.8839726e-15
6819.3390 1.8793103e-15
6820.8098 1.8459322e-15
6822.2805 1.7992162e-15
6823.7513 1.8336273e-15
6825.2221 1.8604985e-15
6826.6929 1.8015119e-15
6828.1637 1.7907192e-15
6829.6344 1.7587798e-15
6831.1052 1.7867867e-15
6832.5760 1.8321543e-15
6834.0468 1.8026268e-15
6835.5176 1.8267365e-15
6836.9883 1.8329978e-15
6838.4591 1.8038749e-15
6839.9299 1.7742605e-15
6841.4007 1.6799313e-15
6842.8715 1.6913402e-15
6844.3422 1.7227221e-15
6845.8130 1.7343583e-15
6847.2838 1.6991893e-15
6848.7546 1.7076460e-15
6850.2254 1.6600194e-15
6851.6961 1.6383165e-15
6853.1669 1.7195915e-15
6854.6377 1.6818090e-15
6856.1085 1.6740992e-15
6857.5793 1.7330601e-15
6859.0500 1.7362164e-15
6860.5208 1.7569829e-15
6861.9916 1.6828456e-15
6863.4624 1.6336114e-15
6864.9332 1.7523083e-15
6866.4039 1.6968240e-15
6867.8747 1.5405780e-15
6869.3455 1.5794644e-15
6870.8163 1.6239898e-15
6872.2871 1.6316495e-15
6873.7578 1.6287804e-15
6875.2286 1.6074590e-15
6876.6994 1.5897975e-15
6878.1702 1.6407479e-15
6879.6410 1.5631989e-15
6881.1117 1.5337337e-15
6882.5825 1.6344464e-15
6884.0533 1.6524538e-15
6885.5241 1.5996160e-15
6886.9949 1.4562653e-15
6888.4656 1.5525590e-15
6889.9364 1.5192566e-15
6891.4072 1.4618811e-15
6892.8780 1.6005939e-15
6894.3488 1.6387676e-15
6895.8195 1.6118328e-15
6897.2903 1.6542838e-15
6898.7611 1.6013885e-15
6900.2319 1.6256388e-15
6901.7027 1.6184021e-15
6903.1734 1.6208188e-15
6904.6442 1.6428725e-15
6906.1150 1.6325895e-15
6907.5858 1.6995279e-15
6909.0566 1.6774743e-15
6910.5273 1.6340515e-15
6911.9981 1.6146750e-15
6913.4689 1.6549573e-15
6914.9397 1.6812320e-15
6916.4105 1.6789339e-15
6917.8812 1.6200842e-15
6919.3520 1.5157189e-15
6920.8228 1.5796404e-15
6922.2936 1.5468796e-15
6923.7644 1.5266706e-15
6925.2351 1.6277988e-15
6926.7059 1.6057171e-15
6928.1767 1.6421574e-15
6929.6475 1.6269040e-15
6931.1183 1.5685127e-15
6932.5890 1.6240631e-15
6934.0598 1.5923059e-15
6935.5306 1.6285885e-15
6937.0014 1.6497266e-15
6938.4722 1.6264346e-15
6939.9429 1.6274395e-15
6941.4137 1.6129550e-15
6942.8845 1.6208958e-15
6944.3553 1.6955257e-15
6945.8261 1.6185207e-15
6947.2968 1.5513011e-15
6948.7676 1.6543791e-15
6950.2384 1.6395683e-15
6951.7092 1.6196319e-15
6953.1800 1.6659689e-15
6954.6507 1.5994351e-15
6956.1215 1.5913451e-15
6957.5923 1.5692462e-15
6959.0631 1.6080873e-15
6960.5339 1.5930687e-15
6962.0046 1.6770526e-15
6963.4754 1.6180293e-15
6964.9462 1.5359952e-15
6966.4170 1.6036548e-15
6967.8878 1.6359035e-15
6969.3585 1.6041634e-15
6970.8293 1.5853736e-15
6972.3001 1.6164328e-15
6973.7709 1.5334330e-15
6975.2417 1.5941542e-15
6976.7124 1.6496997e-15
6978.1832 1.6270251e-15
6979.6540 1.6231732e-15
6981.1248 1.5979559e-15
6982.5956 1.5873062e-15
6984.0663 1.6188752e-15
6985.5371 1.5810315e-15
6987.0079 1.5554402e-15
6988.4787 1.5554316e-15
6989.9495 1.5971552e-15
6991.4202 1.5653650e-15
6992.8910 1.5654274e-15
6994.3618 1.6404937e-15
6995.8326 1.5699613e-15
6997.3034 1.5939672e-15
6998.7741 1.5219728e-15
7000.2449 1.6217356e-15
7001.7157 1.5706935e-15
7003.1865 1.5617943e-15
7004.6573 1.6392615e-15
7006.1280 1.5571442e-15
7007.5988 1.6235497e-15
7009.0696 1.5295469e-15
7010.5404 1.5219031e-15
7012.0112 1.6752238e-15
7013.4819 1.6201013e-15
7014.9527 1.6001221e-15
7016.4235 1.5330687e-15
7017.8943 1.5349537e-15
7019.3651 1.5091839e-15
7020.8358 1.6308855e-15
7022.3066 1.5223603e-15
7023.7774 1.5306068e-15
7025.2482 1.5722912e-15
7026.7190 1.4952519e-15
7028.1897 1.6056584e-15
7029.6605 1.5928499e-15
7031.1313 1.5456914e-15
7032.6021 1.6132215e-15
7034.0729 1.5829874e-15
7035.5436 1.6370929e-15
7037.0144 1.5850386e-15
7038.4852 1.5842917e-15
7039.9560 1.6193984e-15
7041.4268 1.5467097e-15
7042.8975 1.5569425e-15
7044.3683 1.6328829e-15
7045.8391 1.6233407e-15
7047.3099 1.5874492e-15
7048.7807 1.6624715e-15
7050.2514 1.5505921e-15
7051.7222 1.5613591e-15
7053.1930 1.6467586e-15
7054.6638 1.5306532e-15
7056.1346 1.5475165e-15
7057.6053 1.6163668e-15
7059.0761 1.5642037e-15
7060.5469 1.6038504e-15
7062.0177 1.6087364e-15
7063.4885 1.6332569e-15
7064.9592 1.6197064e-15
7066.4300 1.6085042e-15
7067.9008 1.6052819e-15
7069.3716 1.5347789e-15
7070.8424 1.5002321e-15
7072.3131 1.6079406e-15
7073.7839 1.5212174e-15
7075.2547 1.6394461e-15
7076.7255 1.6310248e-15
7078.1963 1.5813225e-15
7079.6670 1.6196600e-15
7081.1378 1.5272475e-15
7082.6086 1.6510774e-15
7084.0794 1.5763118e-15
7085.5502 1.5732716e-15
7087.0209 1.6004949e-15
7088.4917 1.5166198e-15
7089.9625 1.5117546e-15
7091.4333 1.5895640e-15
7092.9041 1.5605768e-15
7094.3749 1.5393519e-15
7095.8456 1.5211391e-15
7097.3164 1.5299259e-15
7098.7872 1.5201783e-15
7100.2580 1.5066204e-15
7101.7288 1.6278563e-15
7103.1995 1.5772371e-15
7104.6703 1.5733462e-15
7106.1411 1.6064041e-15
7107.6119 1.5726042e-15
7109.0827 1.5934232e-15
7110.5534 1.5757482e-15
7112.0242 1.5427111e-15
7113.4950 1.5657097e-15
7114.9658 1.5762971e-15
7116.4366 1.5793104e-15
7117.9073 1.5067219e-15
7119.3781 1.5161602e-15
7120.8489 1.4389534e-15
7122.3197 1.4662892e-15
7123.7905 1.5682267e-15
7125.2612 1.5068173e-15
7126.7320 1.5514710e-15
7128.2028 1.5968386e-15
7129.6736 1.6041560e-15
7131.1444 1.6229251e-15
7132.6151 1.5924477e-15
7134.0859 1.6346835e-15
7135.5567 1.5243626e-15
7137.0275 1.5426610e-15
7138.4983 1.5682732e-15
7139.9690 1.5284015e-15
7141.4398 1.5438431e-15
7142.9106 1.6320859e-15
7144.3814 1.5137606e-15
7145.8522 1.4582652e-15
7147.3229 1.5539415e-15
7148.7937 1.5589925e-15
7150.2645 1.5312485e-15
7151.7353 1.4942349e-15
7153.2061 1.5304662e-15
7154.6768 1.5442025e-15
7156.1476 1.5359133e-15
7157.6184 1.5336090e-15
7159.0892 1.5511764e-15
7160.5600 1.5993544e-15
7162.0307 1.5404118e-15
7163.5015 1.5405304e-15
7164.9723 1.6418102e-15
7166.4431 1.6831989e-15
7167.9139 1.5967518e-15
7169.3846 1.6138608e-15
7170.8554 1.6140503e-15
7172.3262 1.5780598e-15
7173.7970 1.6365746e-15
7175.2678 1.5867659e-15
7176.7385 1.5875861e-15
7178.2093 1.6257464e-15
7179.6801 1.5978545e-15
7181.1509 1.5848748e-15
7182.6217 1.5812662e-15
7184.0924 1.6678832e-15
7185.5632 1.6374376e-15
7187.0340 1.6255728e-15
7188.5048 1.6081986e-15
7189.9756 1.6387517e-15
7191.4463 1.6881093e-15
7192.9171 1.6552862e-15
7194.3879 1.6511703e-15
7195.8587 1.6394656e-15
7197.3295 1.5525015e-15
7198.8002 1.6321519e-15
7200.2710 1.6326506e-15
7201.7418 1.6097767e-15
7203.2126 1.6297107e-15
7204.6834 1.6797358e-15
7206.1541 1.6467463e-15
7207.6249 1.6130284e-15
7209.0957 1.5905774e-15
7210.5665 1.5540002e-15
7212.0373 1.5321372e-15
7213.5080 1.5359108e-15
7214.9788 1.5529856e-15
7216.4496 1.5461510e-15
7217.9204 1.5338449e-15
7219.3912 1.4802516e-15
7220.8619 1.5645240e-15
7222.3327 1.5605218e-15
7223.8035 1.4625058e-15
7225.2743 1.4956113e-15
7226.7451 1.5288061e-15
7228.2158 1.5551431e-15
7229.6866 1.5273991e-15
7231.1574 1.4977506e-15
7232.6282 1.4584987e-15
7234.0990 1.4345112e-15
7235.5697 1.5066779e-15
7237.0405 1.6066913e-15
7238.5113 1.6322350e-15
7239.9821 1.5460911e-15
7241.4529 1.4473136e-15
7242.9236 1.5963228e-15
7244.3944 1.5417760e-15
7245.8652 1.5140320e-15
7247.3360 1.5856083e-15
7248.8068 1.5032295e-15
7250.2775 1.5025620e-15
7251.7483 1.4735540e-15
7253.2191 1.4586014e-15
7254.6899 1.4172237e-15
7256.1607 1.4194730e-15
7257.6314 1.4534049e-15
7259.1022 1.4678099e-15
7260.5730 1.4799680e-15
7262.0438 1.4591820e-15
7263.5146 1.4426341e-15
7264.9853 1.4724917e-15
7266.4561 1.4297181e-15
7267.9269 1.4407492e-15
7269.3977 1.4308134e-15
7270.8685 1.4151468e-15
7272.3392 1.4634360e-15
7273.8100 1.5173154e-15
7275.2808 1.4966247e-15
7276.7516 1.5500359e-15
7278.2224 1.6157250e-15
7279.6931 1.4372824e-15
7281.1639 1.4974034e-15
7282.6347 1.5461461e-15
7284.1055 1.5576638e-15
7285.5763 1.4501190e-15
7287.0470 1.4206330e-15
7288.5178 1.5274798e-15
7289.9886 1.5199436e-15
7291.4594 1.4255704e-15
7292.9302 1.4364903e-15
7294.4009 1.4044812e-15
7295.8717 1.4492413e-15
7297.3425 1.3922350e-15
7298.8133 1.4031647e-15
7300.2841 1.3678759e-15
7301.7548 1.4438260e-15
7303.2256 1.4158436e-15
7304.6964 1.3987762e-15
7306.1672 1.4332105e-15
7307.6380 1.4828823e-15
7309.1087 1.1978774e-15
7310.5795 9.9245218e-16
7312.0503 1.5194351e-15
7313.5211 1.5523939e-15
7314.9919 1.5546322e-15
7316.4626 1.4680238e-15
7317.9334 1.6015706e-15
7319.4042 1.5452293e-15
7320.8750 1.4674920e-15
7322.3458 1.4471045e-15
7323.8165 1.5056939e-15
7325.2873 1.4902058e-15
7326.7581 1.5032576e-15
7328.2289 1.5027955e-15
7329.6997 1.4585647e-15
7331.1704 1.5529746e-15
7332.6412 1.5449983e-15
7334.1120 1.4730956e-15
7335.5828 1.3903085e-15
7337.0536 1.3860716e-15
7338.5243 1.3874725e-15
7339.9951 1.3550808e-15
7341.4659 1.3205438e-15
7342.9367 1.3499797e-15
7344.4075 1.3838260e-15
7345.8782 1.4086301e-15
7347.3490 1.3242685e-15
7348.8198 1.3483477e-15
7350.2906 1.4154732e-15
7351.7614 1.3662012e-15
7353.2321 1.3438346e-15
7354.7029 1.3448480e-15
7356.1737 1.4451963e-15
7357.6445 1.4046768e-15
7359.1153 1.4255459e-15
7360.5860 1.4061779e-15
7362.0568 1.4177115e-15
7363.5276 1.4267843e-15
7364.9984 1.4986686e-15
7366.4692 1.4440595e-15
7367.9399 1.4646352e-15
7369.4107 1.4784632e-15
7370.8815 1.4061645e-15
7372.3523 1.4219398e-15
7373.8231 1.3802052e-15
7375.2938 1.4142435e-15
7376.7646 1.3249543e-15
7378.2354 1.3495457e-15
7379.7062 1.3887352e-15
7381.1770 1.3583398e-15
7382.6477 1.4843455e-15
7384.1185 1.4182298e-15
7385.5893 1.4243138e-15
7387.0601 1.4622894e-15
7388.5309 1.4638260e-15
7390.0016 1.3408751e-15
7391.4724 1.3893134e-15
7392.9432 1.4892914e-15
7394.4140 1.3565416e-15
7395.8848 1.4397590e-15
7397.3555 1.4374719e-15
7398.8263 1.3732252e-15
7400.2971 1.3919196e-15
7401.7679 1.4531861e-15
7403.2387 1.3677977e-15
7404.7094 1.3748473e-15
7406.1802 1.4551933e-15
7407.6510 1.4377921e-15
7409.1218 1.4035228e-15
7410.5926 1.3889699e-15
7412.0633 1.3432564e-15
7413.5341 1.4055961e-15
7415.0049 1.4770954e-15
