3810.0 1.327238e-15
3811.0 1.463956e-15
3812.0 1.536492e-15
3813.0 1.439174e-15
3814.0 1.491317e-15
3815.0 1.511305e-15
3816.0 1.311818e-15
3817.0 1.207996e-15
3818.0 1.188746e-15
3819.0 1.234975e-15
3820.0 1.143510e-15
3821.0 1.117232e-15
3822.0 1.263912e-15
3823.0 1.240171e-15
3824.0 1.083533e-15
3825.0 1.189451e-15
3826.0 1.373956e-15
3827.0 1.387091e-15
3828.0 1.361815e-15
3829.0 1.245749e-15
3830.0 1.256902e-15
3831.0 1.266936e-15
3832.0 1.345446e-15
3833.0 1.156430e-15
3834.0 9.779780e-16
3835.0 1.186827e-15
3836.0 1.363047e-15
3837.0 1.380626e-15
3838.0 1.217840e-15
3839.0 1.339426e-15
3840.0 1.471769e-15
3841.0 1.261639e-15
3842.0 1.138799e-15
3843.0 1.183738e-15
3844.0 1.311082e-15
3845.0 1.226276e-15
3846.0 1.171566e-15
3847.0 1.324389e-15
3848.0 1.412564e-15
3849.0 1.424722e-15
3850.0 1.342340e-15
3851.0 1.194724e-15
3852.0 1.144450e-15
3853.0 1.216089e-15
3854.0 1.206392e-15
3855.0 1.108083e-15
3856.0 1.054055e-15
3857.0 1.095791e-15
3858.0 1.046982e-15
3859.0 1.058431e-15
3860.0 1.140838e-15
3861.0 1.145210e-15
3862.0 1.111927e-15
3863.0 1.105069e-15
3864.0 1.249540e-15
3865.0 1.234324e-15
3866.0 1.142919e-15
3867.0 1.121100e-15
3868.0 1.121251e-15
3869.0 1.120324e-15
3870.0 1.153683e-15
3871.0 1.077512e-15
3872.0 1.046654e-15
3873.0 1.201434e-15
3874.0 1.322227e-15
3875.0 1.364955e-15
3876.0 1.377084e-15
3877.0 1.406983e-15
3878.0 1.380079e-15
3879.0 1.195499e-15
3880.0 1.202220e-15
3881.0 1.323794e-15
3882.0 1.073904e-15
3883.0 1.150064e-15
3884.0 1.079688e-15
3885.0 1.075286e-15
3886.0 1.100696e-15
3887.0 1.113434e-15
3888.0 1.172462e-15
3889.0 1.198654e-15
3890.0 1.061221e-15
3891.0 1.127218e-15
3892.0 1.108195e-15
3893.0 1.283503e-15
3894.0 1.322446e-15
3895.0 1.236188e-15
3896.0 1.105883e-15
3897.0 1.005176e-15
3898.0 1.088117e-15
3899.0 1.073842e-15
3900.0 1.124955e-15
3901.0 1.116923e-15
3902.0 1.064323e-15
3903.0 1.077009e-15
3904.0 1.240641e-15
3905.0 1.320496e-15
3906.0 1.192771e-15
3907.0 1.177969e-15
3908.0 1.285526e-15
3909.0 1.245236e-15
3910.0 1.167809e-15
3911.0 1.144984e-15
3912.0 1.167383e-15
3913.0 1.303611e-15
3914.0 1.321694e-15
3915.0 1.206150e-15
3916.0 1.147982e-15
3917.0 1.118621e-15
3918.0 1.128241e-15
3919.0 1.244943e-15
3920.0 1.296254e-15
3921.0 1.194966e-15
3922.0 1.097784e-15
3923.0 1.108842e-15
3924.0 1.093997e-15
3925.0 1.117329e-15
3926.0 1.087772e-15
3927.0 1.109057e-15
3928.0 1.129837e-15
3929.0 9.592263e-16
3930.0 9.336416e-16
3931.0 1.006934e-15
3932.0 1.071919e-15
3933.0 1.093866e-15
3934.0 9.356508e-16
3935.0 8.469938e-16
3936.0 9.492932e-16
3937.0 1.135509e-15
3938.0 1.091205e-15
3939.0 1.103604e-15
3940.0 1.133455e-15
3941.0 9.853754e-16
3942.0 9.757972e-16
3943.0 1.054108e-15
3944.0 1.161946e-15
3945.0 1.055911e-15
3946.0 9.939408e-16
3947.0 1.141714e-15
3948.0 1.036570e-15
3949.0 8.574835e-16
3950.0 8.550934e-16
3951.0 1.101224e-15
3952.0 1.163513e-15
3953.0 1.095920e-15
3954.0 1.098225e-15
3955.0 1.165604e-15
3956.0 1.119772e-15
3957.0 1.108796e-15
3958.0 1.142134e-15
3959.0 1.155523e-15
3960.0 1.233433e-15
3961.0 1.224225e-15
3962.0 1.119796e-15
3963.0 1.161621e-15
3964.0 1.147332e-15
3965.0 1.111729e-15
3966.0 1.169417e-15
3967.0 1.095505e-15
3968.0 1.078343e-15
3969.0 1.164301e-15
3970.0 1.095080e-15
3971.0 1.115554e-15
3972.0 1.316497e-15
3973.0 1.348598e-15
3974.0 1.300752e-15
3975.0 1.245330e-15
3976.0 1.107498e-15
3977.0 1.132243e-15
3978.0 1.274004e-15
3979.0 1.197189e-15
3980.0 1.015685e-15
3981.0 9.225143e-16
3982.0 1.013019e-15
3983.0 1.002068e-15
3984.0 9.563372e-16
3985.0 1.131841e-15
3986.0 1.111357e-15
3987.0 9.042908e-16
3988.0 1.022418e-15
3989.0 9.560705e-16
3990.0 8.832416e-16
3991.0 1.063883e-15
3992.0 9.537671e-16
3993.0 8.314387e-16
3994.0 9.480633e-16
3995.0 9.654693e-16
3996.0 9.041833e-16
3997.0 8.301324e-16
3998.0 8.566334e-16
3999.0 1.040252e-15
4000.0 1.166887e-15
4001.0 9.634779e-16
4002.0 8.887007e-16
4003.0 9.608116e-16
4004.0 9.134469e-16
4005.0 8.458491e-16
4006.0 9.626068e-16
4007.0 9.191423e-16
4008.0 9.043529e-16
4009.0 9.113362e-16
4010.0 9.039117e-16
4011.0 9.512721e-16
4012.0 1.037635e-15
4013.0 1.066175e-15
4014.0 1.264757e-15
4015.0 1.392031e-15
4016.0 1.332882e-15
4017.0 1.191803e-15
4018.0 1.059500e-15
4019.0 9.478379e-16
4020.0 8.757443e-16
4021.0 8.823330e-16
4022.0 9.327917e-16
4023.0 9.170468e-16
4024.0 9.383377e-16
4025.0 1.078923e-15
4026.0 1.063527e-15
4027.0 1.023095e-15
4028.0 1.023580e-15
4029.0 9.950223e-16
4030.0 9.975646e-16
4031.0 9.681306e-16
4032.0 9.439478e-16
4033.0 9.746320e-16
4034.0 9.194907e-16
4035.0 8.986349e-16
4036.0 1.001684e-15
4037.0 1.120819e-15
4038.0 1.059371e-15
4039.0 9.665397e-16
4040.0 8.509643e-16
4041.0 9.937413e-16
4042.0 1.000192e-15
4043.0 1.031945e-15
4044.0 1.104554e-15
4045.0 1.050808e-15
4046.0 1.058333e-15
4047.0 1.098588e-15
4048.0 1.144542e-15
4049.0 1.219753e-15
4050.0 1.306018e-15
4051.0 1.395749e-15
4052.0 1.341568e-15
4053.0 1.217216e-15
4054.0 1.117164e-15
4055.0 1.141467e-15
4056.0 1.255275e-15
4057.0 1.193867e-15
4058.0 1.007254e-15
4059.0 9.740914e-16
4060.0 9.916767e-16
4061.0 9.960459e-16
4062.0 9.610923e-16
4063.0 9.468774e-16
4064.0 9.208830e-16
4065.0 9.204509e-16
4066.0 1.088349e-15
4067.0 1.058077e-15
4068.0 9.971442e-16
4069.0 9.875432e-16
4070.0 9.635417e-16
4071.0 9.357739e-16
4072.0 1.052598e-15
4073.0 1.102208e-15
4074.0 1.075521e-15
4075.0 9.605766e-16
4076.0 9.335948e-16
4077.0 9.620476e-16
4078.0 9.106684e-16
4079.0 9.651037e-16
4080.0 1.044203e-15
4081.0 1.035244e-15
4082.0 9.186911e-16
4083.0 8.355379e-16
4084.0 7.689094e-16
4085.0 7.562349e-16
4086.0 9.006719e-16
4087.0 1.022265e-15
4088.0 1.046279e-15
4089.0 9.112862e-16
4090.0 6.957354e-16
4091.0 9.088595e-16
4092.0 1.221674e-15
4093.0 1.283055e-15
4094.0 1.033011e-15
4095.0 9.141776e-16
4096.0 8.969731e-16
4097.0 9.515224e-16
4098.0 9.570878e-16
4099.0 9.003312e-16
4100.0 8.484253e-16
4101.0 9.428046e-16
4102.0 9.381489e-16
4103.0 9.259340e-16
4104.0 9.499741e-16
4105.0 1.027615e-15
4106.0 1.032675e-15
4107.0 8.058825e-16
4108.0 7.929626e-16
4109.0 9.139345e-16
4110.0 8.735125e-16
4111.0 7.983331e-16
4112.0 8.037692e-16
4113.0 9.380621e-16
4114.0 1.097132e-15
4115.0 1.107209e-15
4116.0 1.022877e-15
4117.0 1.046203e-15
4118.0 1.106165e-15
4119.0 1.114324e-15
4120.0 8.742729e-16
4121.0 6.732893e-16
4122.0 7.401832e-16
4123.0 8.798767e-16
4124.0 1.008450e-15
4125.0 1.071793e-15
4126.0 1.073921e-15
4127.0 1.024834e-15
4128.0 1.113330e-15
4129.0 1.099468e-15
4130.0 1.030507e-15
4131.0 1.020644e-15
4132.0 9.504031e-16
4133.0 9.700780e-16
4134.0 9.535056e-16
4135.0 8.020285e-16
4136.0 1.016816e-15
4137.0 1.116933e-15
4138.0 9.699048e-16
4139.0 9.357285e-16
4140.0 9.458525e-16
4141.0 9.880963e-16
4142.0 9.498691e-16
4143.0 8.879111e-16
4144.0 9.513844e-16
4145.0 9.799401e-16
4146.0 1.039610e-15
4147.0 1.174779e-15
4148.0 1.077563e-15
4149.0 9.737281e-16
4150.0 1.043508e-15
4151.0 1.011774e-15
4152.0 1.000819e-15
4153.0 1.062898e-15
4154.0 1.019903e-15
4155.0 1.065696e-15
4156.0 1.147480e-15
4157.0 1.027339e-15
4158.0 9.783536e-16
4159.0 1.035166e-15
4160.0 1.101624e-15
4161.0 1.150519e-15
4162.0 1.201919e-15
4163.0 1.167799e-15
4164.0 1.166860e-15
4165.0 1.190264e-15
4166.0 1.112393e-15
4167.0 1.137611e-15
4168.0 1.210029e-15
4169.0 1.183854e-15
4170.0 1.175935e-15
4171.0 1.260713e-15
4172.0 1.355985e-15
4173.0 1.359731e-15
4174.0 1.332494e-15
4175.0 1.324405e-15
4176.0 1.397892e-15
4177.0 1.341846e-15
4178.0 1.277743e-15
4179.0 1.271460e-15
4180.0 1.238659e-15
4181.0 1.261439e-15
4182.0 1.323199e-15
4183.0 1.383156e-15
4184.0 1.503410e-15
4185.0 1.625271e-15
4186.0 1.690830e-15
4187.0 1.680506e-15
4188.0 1.518656e-15
4189.0 1.454497e-15
4190.0 1.460904e-15
4191.0 1.395770e-15
4192.0 1.309812e-15
4193.0 1.357347e-15
4194.0 1.428827e-15
4195.0 1.390946e-15
4196.0 1.378408e-15
4197.0 1.372393e-15
4198.0 1.246437e-15
4199.0 1.130115e-15
4200.0 1.308537e-15
4201.0 1.323421e-15
4202.0 1.245062e-15
4203.0 1.165688e-15
4204.0 1.217133e-15
4205.0 1.274333e-15
4206.0 1.196262e-15
4207.0 1.182370e-15
4208.0 1.063082e-15
4209.0 1.051002e-15
4210.0 1.174056e-15
4211.0 1.223492e-15
4212.0 1.116021e-15
4213.0 1.109543e-15
4214.0 1.057602e-15
4215.0 1.011888e-15
4216.0 9.844699e-16
4217.0 1.070301e-15
4218.0 1.129306e-15
4219.0 1.002858e-15
4220.0 1.030530e-15
4221.0 1.062609e-15
4222.0 1.005294e-15
4223.0 9.220675e-16
4224.0 8.992215e-16
4225.0 9.182694e-16
4226.0 8.613453e-16
4227.0 9.670230e-16
4228.0 1.098518e-15
4229.0 1.058173e-15
4230.0 9.810772e-16
4231.0 9.520725e-16
4232.0 9.563269e-16
4233.0 9.498298e-16
4234.0 9.290509e-16
4235.0 9.383004e-16
4236.0 1.019285e-15
4237.0 1.018962e-15
4238.0 8.836126e-16
4239.0 9.538209e-16
4240.0 1.075500e-15
4241.0 9.820549e-16
4242.0 8.885341e-16
4243.0 8.746943e-16
4244.0 8.921556e-16
4245.0 8.745513e-16
4246.0 7.764081e-16
4247.0 8.723172e-16
4248.0 9.832603e-16
4249.0 9.654584e-16
4250.0 9.397079e-16
4251.0 7.620933e-16
4252.0 8.375761e-16
4253.0 9.031970e-16
4254.0 8.273520e-16
4255.0 7.887001e-16
4256.0 8.556764e-16
4257.0 9.551164e-16
4258.0 1.009938e-15
4259.0 8.951086e-16
4260.0 7.843323e-16
4261.0 8.198823e-16
4262.0 9.123423e-16
4263.0 9.001618e-16
4264.0 8.526926e-16
4265.0 8.428315e-16
4266.0 7.450429e-16
4267.0 7.781354e-16
4268.0 8.604002e-16
4269.0 7.996867e-16
4270.0 6.750660e-16
4271.0 7.601280e-16
4272.0 8.612880e-16
4273.0 8.248921e-16
4274.0 8.024350e-16
4275.0 8.574065e-16
4276.0 7.855019e-16
4277.0 7.422540e-16
4278.0 8.174469e-16
4279.0 7.236385e-16
4280.0 6.805978e-16
4281.0 7.966583e-16
4282.0 9.015327e-16
4283.0 9.788356e-16
4284.0 9.096721e-16
4285.0 9.275504e-16
4286.0 7.979868e-16
4287.0 6.399747e-16
4288.0 7.986250e-16
4289.0 7.785572e-16
4290.0 7.831509e-16
4291.0 8.294663e-16
4292.0 7.157786e-16
4293.0 6.685333e-16
4294.0 7.579540e-16
4295.0 8.064788e-16
4296.0 7.680475e-16
4297.0 7.385449e-16
4298.0 7.911828e-16
4299.0 7.628441e-16
4300.0 7.619537e-16
4301.0 8.516476e-16
4302.0 7.995163e-16
4303.0 7.700375e-16
4304.0 8.065034e-16
4305.0 6.981479e-16
4306.0 6.098709e-16
4307.0 6.001906e-16
4308.0 6.708798e-16
4309.0 6.734779e-16
4310.0 7.110465e-16
4311.0 6.973838e-16
4312.0 8.577788e-16
4313.0 9.870564e-16
4314.0 8.840912e-16
4315.0 7.361103e-16
4316.0 6.631230e-16
4317.0 5.789718e-16
4318.0 6.317758e-16
4319.0 7.692288e-16
4320.0 8.587097e-16
4321.0 8.207638e-16
4322.0 7.943762e-16
4323.0 8.127531e-16
4324.0 7.740860e-16
4325.0 6.598215e-16
4326.0 6.933345e-16
4327.0 7.011374e-16
4328.0 6.751754e-16
4329.0 7.370625e-16
4330.0 7.279169e-16
4331.0 6.688493e-16
4332.0 6.412638e-16
4333.0 6.471537e-16
4334.0 5.314082e-16
4335.0 6.837734e-16
4336.0 7.442756e-16
4337.0 7.650905e-16
4338.0 8.138553e-16
4339.0 7.624478e-16
4340.0 6.463132e-16
4341.0 6.024238e-16
4342.0 6.015950e-16
4343.0 6.066291e-16
4344.0 5.388873e-16
4345.0 5.178133e-16
4346.0 5.590976e-16
4347.0 6.684340e-16
4348.0 7.625042e-16
4349.0 7.520205e-16
4350.0 6.617390e-16
4351.0 5.953493e-16
4352.0 5.166622e-16
4353.0 4.510004e-16
4354.0 5.521506e-16
4355.0 5.998108e-16
4356.0 5.760567e-16
4357.0 5.142522e-16
4358.0 6.585169e-16
4359.0 7.169410e-16
4360.0 7.233296e-16
4361.0 7.158130e-16
4362.0 6.764814e-16
4363.0 7.082725e-16
4364.0 7.334259e-16
4365.0 6.160018e-16
4366.0 4.984902e-16
4367.0 5.158701e-16
4368.0 5.542279e-16
4369.0 6.604719e-16
4370.0 7.104059e-16
4371.0 6.167496e-16
4372.0 5.024924e-16
4373.0 5.049863e-16
4374.0 5.770763e-16
4375.0 6.058471e-16
4376.0 6.240415e-16
4377.0 6.950261e-16
4378.0 7.688463e-16
4379.0 7.855269e-16
4380.0 7.071882e-16
4381.0 6.253250e-16
4382.0 7.023644e-16
4383.0 6.978925e-16
4384.0 6.714270e-16
4385.0 5.219940e-16
4386.0 5.639737e-16
4387.0 7.216469e-16
4388.0 7.682468e-16
4389.0 7.120034e-16
4390.0 6.543773e-16
4391.0 6.698442e-16
4392.0 7.028591e-16
4393.0 7.075941e-16
4394.0 7.289469e-16
4395.0 6.662105e-16
4396.0 7.338355e-16
4397.0 7.613746e-16
4398.0 7.047932e-16
4399.0 6.869281e-16
4400.0 7.014771e-16
4401.0 6.790527e-16
4402.0 6.904969e-16
4403.0 7.483031e-16
4404.0 6.730199e-16
4405.0 6.538848e-16
4406.0 6.134799e-16
4407.0 5.906435e-16
4408.0 6.347140e-16
4409.0 6.988612e-16
4410.0 6.870693e-16
4411.0 6.930620e-16
4412.0 7.621427e-16
4413.0 8.920478e-16
4414.0 1.021498e-15
4415.0 9.722287e-16
4416.0 8.724242e-16
4417.0 7.916614e-16
4418.0 7.855834e-16
4419.0 8.916458e-16
4420.0 9.252042e-16
4421.0 9.170009e-16
4422.0 8.444954e-16
4423.0 7.743674e-16
4424.0 8.069960e-16
4425.0 8.737433e-16
4426.0 9.614187e-16
4427.0 1.017500e-15
4428.0 9.908473e-16
4429.0 1.016108e-15
4430.0 1.104761e-15
4431.0 1.138706e-15
4432.0 1.088801e-15
4433.0 9.399738e-16
4434.0 9.919355e-16
4435.0 1.030618e-15
4436.0 9.394978e-16
4437.0 8.294796e-16
4438.0 7.887737e-16
4439.0 8.559893e-16
4440.0 9.071456e-16
4441.0 8.391662e-16
4442.0 8.432417e-16
4443.0 8.496665e-16
4444.0 8.014728e-16
4445.0 7.595696e-16
4446.0 7.236326e-16
4447.0 7.555776e-16
4448.0 7.747762e-16
4449.0 7.288044e-16
4450.0 6.752845e-16
4451.0 6.553256e-16
4452.0 6.776962e-16
4453.0 6.892492e-16
4454.0 6.339291e-16
4455.0 5.729739e-16
4456.0 6.440458e-16
4457.0 7.705359e-16
4458.0 8.084062e-16
4459.0 8.073530e-16
4460.0 6.039807e-16
4461.0 5.243047e-16
4462.0 6.398233e-16
4463.0 6.333200e-16
4464.0 6.422952e-16
4465.0 7.197408e-16
4466.0 7.444237e-16
4467.0 6.101684e-16
4468.0 5.579002e-16
4469.0 6.941023e-16
4470.0 6.571587e-16
4471.0 5.594123e-16
4472.0 6.152912e-16
4473.0 6.713472e-16
4474.0 7.317556e-16
4475.0 6.958083e-16
4476.0 5.852108e-16
4477.0 6.041379e-16
4478.0 6.429020e-16
4479.0 6.082892e-16
4480.0 6.315452e-16
4481.0 7.203577e-16
4482.0 6.501217e-16
4483.0 6.356486e-16
4484.0 7.236568e-16
4485.0 6.503703e-16
4486.0 5.895181e-16
4487.0 6.270789e-16
4488.0 5.849588e-16
4489.0 6.482327e-16
4490.0 7.457883e-16
4491.0 7.403883e-16
4492.0 6.290142e-16
4493.0 5.550824e-16
4494.0 5.894992e-16
4495.0 6.513411e-16
4496.0 6.517749e-16
4497.0 5.641226e-16
4498.0 5.340245e-16
4499.0 5.713269e-16
4500.0 5.745135e-16
4501.0 6.043768e-16
4502.0 6.130701e-16
4503.0 5.148246e-16
4504.0 5.302734e-16
4505.0 6.551322e-16
4506.0 7.533425e-16
4507.0 7.194742e-16
4508.0 6.666932e-16
4509.0 6.321283e-16
4510.0 6.248457e-16
4511.0 6.225858e-16
4512.0 6.483584e-16
4513.0 7.278625e-16
4514.0 6.776181e-16
4515.0 6.729548e-16
4516.0 6.299653e-16
4517.0 5.822314e-16
4518.0 5.969198e-16
4519.0 7.031846e-16
4520.0 6.621465e-16
4521.0 6.097485e-16
4522.0 6.590035e-16
4523.0 6.466855e-16
4524.0 6.685508e-16
4525.0 7.111647e-16
4526.0 6.771785e-16
4527.0 6.435969e-16
4528.0 5.995090e-16
4529.0 5.017295e-16
4530.0 6.121718e-16
4531.0 6.975012e-16
4532.0 5.272551e-16
4533.0 5.596530e-16
4534.0 7.367505e-16
4535.0 6.924248e-16
4536.0 5.756527e-16
4537.0 5.649935e-16
4538.0 5.470998e-16
4539.0 6.187890e-16
4540.0 7.133763e-16
4541.0 6.382063e-16
4542.0 5.641620e-16
4543.0 5.554177e-16
4544.0 5.857082e-16
4545.0 6.554735e-16
4546.0 6.988220e-16
4547.0 6.765529e-16
4548.0 6.990428e-16
4549.0 7.429111e-16
4550.0 6.942961e-16
4551.0 6.445546e-16
4552.0 6.539520e-16
4553.0 6.507902e-16
4554.0 6.961382e-16
4555.0 7.054887e-16
4556.0 6.741455e-16
4557.0 7.304972e-16
4558.0 7.611666e-16
4559.0 7.294791e-16
4560.0 8.101854e-16
4561.0 7.720798e-16
4562.0 7.120286e-16
4563.0 8.030038e-16
4564.0 8.014621e-16
4565.0 6.860654e-16
4566.0 6.695075e-16
4567.0 7.211787e-16
4568.0 6.903026e-16
4569.0 6.032319e-16
4570.0 7.082060e-16
4571.0 8.166366e-16
4572.0 7.797713e-16
4573.0 7.658692e-16
4574.0 7.499954e-16
4575.0 7.180580e-16
4576.0 6.940264e-16
4577.0 6.913795e-16
4578.0 6.699419e-16
4579.0 6.348920e-16
4580.0 6.645744e-16
4581.0 5.801285e-16
4582.0 6.015949e-16
4583.0 5.858091e-16
4584.0 6.098449e-16
4585.0 6.366518e-16
4586.0 6.291669e-16
4587.0 6.882204e-16
4588.0 7.863020e-16
4589.0 7.392406e-16
4590.0 6.388380e-16
4591.0 6.461502e-16
4592.0 6.915056e-16
4593.0 7.927193e-16
4594.0 8.494095e-16
4595.0 7.318041e-16
4596.0 6.586768e-16
4597.0 5.915462e-16
4598.0 5.750068e-16
4599.0 6.813231e-16
4600.0 7.026964e-16
4601.0 6.599717e-16
4602.0 6.718098e-16
4603.0 7.240560e-16
4604.0 6.950357e-16
4605.0 6.971141e-16
4606.0 7.776711e-16
4607.0 7.631099e-16
4608.0 7.038681e-16
4609.0 7.241246e-16
4610.0 7.053860e-16
4611.0 6.305063e-16
4612.0 6.209391e-16
4613.0 7.201222e-16
4614.0 5.991802e-16
4615.0 5.884410e-16
4616.0 6.650795e-16
4617.0 7.451887e-16
4618.0 7.441955e-16
4619.0 6.179542e-16
4620.0 5.561892e-16
4621.0 6.092358e-16
4622.0 6.945514e-16
4623.0 6.797421e-16
4624.0 6.277022e-16
4625.0 6.497661e-16
4626.0 7.053664e-16
4627.0 7.447875e-16
4628.0 7.546449e-16
4629.0 6.565199e-16
4630.0 6.594680e-16
4631.0 6.876889e-16
4632.0 7.695991e-16
4633.0 6.750475e-16
4634.0 6.133727e-16
4635.0 6.931507e-16
4636.0 6.953127e-16
4637.0 7.245416e-16
4638.0 8.290737e-16
4639.0 7.974246e-16
4640.0 7.657937e-16
4641.0 8.822752e-16
4642.0 8.465130e-16
4643.0 6.808955e-16
4644.0 6.289099e-16
4645.0 6.388802e-16
4646.0 6.770097e-16
4647.0 7.545857e-16
4648.0 7.927186e-16
4649.0 8.229462e-16
4650.0 7.949432e-16
4651.0 8.128089e-16
4652.0 7.850722e-16
4653.0 6.833228e-16
4654.0 7.035008e-16
4655.0 7.149441e-16
4656.0 6.574406e-16
4657.0 7.195472e-16
4658.0 8.127572e-16
4659.0 7.906342e-16
4660.0 7.504074e-16
4661.0 7.558079e-16
4662.0 6.990210e-16
4663.0 6.598241e-16
4664.0 6.927998e-16
4665.0 7.333545e-16
4666.0 7.200920e-16
4667.0 6.991531e-16
4668.0 6.496426e-16
4669.0 6.312887e-16
4670.0 6.882834e-16
4671.0 7.670575e-16
4672.0 8.195459e-16
4673.0 7.561498e-16
4674.0 7.335162e-16
4675.0 7.894396e-16
4676.0 8.573567e-16
4677.0 8.685694e-16
4678.0 7.964103e-16
4679.0 8.262620e-16
4680.0 8.190204e-16
4681.0 7.487572e-16
4682.0 7.571831e-16
4683.0 7.707894e-16
4684.0 7.362365e-16
4685.0 7.915929e-16
4686.0 8.581349e-16
4687.0 7.970105e-16
4688.0 7.978504e-16
4689.0 7.869704e-16
4690.0 7.315815e-16
4691.0 7.268093e-16
4692.0 7.739443e-16
4693.0 8.351733e-16
4694.0 8.573421e-16
4695.0 8.408140e-16
4696.0 7.626947e-16
4697.0 6.989622e-16
4698.0 7.244853e-16
4699.0 7.782141e-16
4700.0 8.540103e-16
4701.0 8.145468e-16
4702.0 7.239213e-16
4703.0 7.527838e-16
4704.0 8.553201e-16
4705.0 9.695167e-16
4706.0 8.748277e-16
4707.0 8.450288e-16
4708.0 8.898126e-16
4709.0 8.790350e-16
4710.0 8.809034e-16
4711.0 8.917392e-16
4712.0 9.197184e-16
4713.0 9.744683e-16
4714.0 9.806029e-16
4715.0 9.531464e-16
4716.0 9.388753e-16
4717.0 9.199410e-16
4718.0 9.243525e-16
4719.0 9.660476e-16
4720.0 9.974909e-16
4721.0 1.043000e-15
4722.0 1.064296e-15
4723.0 1.002605e-15
4724.0 9.869969e-16
4725.0 1.082766e-15
4726.0 1.100907e-15
4727.0 1.056080e-15
4728.0 1.105330e-15
4729.0 1.082973e-15
4730.0 9.970963e-16
4731.0 9.335402e-16
4732.0 1.037160e-15
4733.0 1.173837e-15
4734.0 1.177556e-15
4735.0 1.102581e-15
4736.0 1.121429e-15
4737.0 1.158581e-15
4738.0 1.076123e-15
4739.0 1.063036e-15
4740.0 1.078950e-15
4741.0 1.049893e-15
4742.0 1.110918e-15
4743.0 1.120287e-15
4744.0 1.070111e-15
4745.0 1.050051e-15
4746.0 1.068955e-15
4747.0 1.028466e-15
4748.0 9.813928e-16
4749.0 1.053798e-15
4750.0 1.165822e-15
4751.0 1.201277e-15
4752.0 1.173152e-15
4753.0 1.151793e-15
4754.0 1.058330e-15
4755.0 9.496570e-16
4756.0 9.319830e-16
4757.0 9.363332e-16
4758.0 9.292970e-16
4759.0 9.906032e-16
4760.0 1.107115e-15
4761.0 1.059756e-15
4762.0 9.898080e-16
4763.0 1.084993e-15
4764.0 1.070686e-15
4765.0 1.074448e-15
4766.0 1.037903e-15
4767.0 1.029550e-15
4768.0 9.869832e-16
4769.0 9.922158e-16
4770.0 1.082259e-15
4771.0 1.052174e-15
4772.0 9.056531e-16
4773.0 9.418464e-16
4774.0 1.086499e-15
4775.0 1.133151e-15
4776.0 1.110892e-15
4777.0 1.044877e-15
4778.0 9.862303e-16
4779.0 9.871725e-16
4780.0 1.007517e-15
4781.0 1.057760e-15
4782.0 1.122246e-15
4783.0 1.071821e-15
4784.0 1.032101e-15
4785.0 1.065408e-15
4786.0 1.044459e-15
4787.0 1.067249e-15
4788.0 1.032067e-15
4789.0 1.027094e-15
4790.0 1.026473e-15
4791.0 9.585239e-16
4792.0 8.989767e-16
4793.0 9.140679e-16
4794.0 9.370690e-16
4795.0 9.261532e-16
4796.0 1.008254e-15
4797.0 1.010984e-15
4798.0 1.024152e-15
4799.0 9.815800e-16
4800.0 8.794812e-16
4801.0 8.632105e-16
4802.0 9.211883e-16
4803.0 9.738501e-16
4804.0 9.756861e-16
4805.0 9.698695e-16
4806.0 9.388688e-16
4807.0 8.184389e-16
4808.0 8.383021e-16
4809.0 9.135964e-16
4810.0 9.063459e-16
4811.0 8.708028e-16
4812.0 8.373574e-16
4813.0 8.578796e-16
4814.0 8.408385e-16
4815.0 7.775587e-16
4816.0 8.407416e-16
4817.0 8.447158e-16
4818.0 8.141881e-16
4819.0 8.356195e-16
4820.0 7.974574e-16
4821.0 6.902850e-16
4822.0 5.993342e-16
4823.0 6.184290e-16
4824.0 7.149704e-16
4825.0 7.637997e-16
4826.0 7.470080e-16
4827.0 7.482337e-16
4828.0 7.443597e-16
4829.0 6.949377e-16
4830.0 6.980783e-16
4831.0 7.293455e-16
4832.0 7.271842e-16
4833.0 7.392635e-16
4834.0 7.341220e-16
4835.0 6.889702e-16
4836.0 6.667088e-16
4837.0 7.070246e-16
4838.0 7.726207e-16
4839.0 7.504095e-16
4840.0 7.240895e-16
4841.0 7.575737e-16
4842.0 7.685900e-16
4843.0 7.616279e-16
4844.0 6.978608e-16
4845.0 6.201520e-16
4846.0 7.387342e-16
4847.0 7.180838e-16
4848.0 6.583393e-16
4849.0 6.350733e-16
4850.0 6.552402e-16
4851.0 6.962376e-16
4852.0 7.175856e-16
4853.0 6.914770e-16
4854.0 6.560221e-16
4855.0 6.384908e-16
4856.0 6.327353e-16
4857.0 6.605624e-16
4858.0 6.548345e-16
4859.0 6.636912e-16
4860.0 7.610336e-16
4861.0 7.757430e-16
4862.0 7.286701e-16
4863.0 7.615724e-16
4864.0 7.460681e-16
4865.0 7.150834e-16
4866.0 7.496851e-16
4867.0 6.998363e-16
4868.0 7.136576e-16
4869.0 6.601032e-16
4870.0 6.043845e-16
4871.0 6.157245e-16
4872.0 6.447603e-16
4873.0 6.728733e-16
4874.0 7.071347e-16
4875.0 6.446680e-16
4876.0 6.364494e-16
4877.0 6.529289e-16
4878.0 7.065057e-16
4879.0 6.658687e-16
4880.0 6.095789e-16
4881.0 6.426478e-16
4882.0 6.417768e-16
4883.0 5.819168e-16
4884.0 6.017678e-16
4885.0 6.178239e-16
4886.0 6.143252e-16
4887.0 6.276512e-16
4888.0 6.258519e-16
4889.0 6.209317e-16
4890.0 6.379332e-16
4891.0 6.666967e-16
4892.0 6.748756e-16
4893.0 5.935833e-16
4894.0 5.082981e-16
4895.0 5.800495e-16
4896.0 6.626793e-16
4897.0 6.340610e-16
4898.0 6.125142e-16
4899.0 6.463521e-16
4900.0 6.932649e-16
4901.0 6.752216e-16
4902.0 6.681614e-16
4903.0 6.227319e-16
4904.0 7.060659e-16
4905.0 7.581926e-16
4906.0 7.461913e-16
4907.0 7.674067e-16
4908.0 7.129976e-16
4909.0 6.695338e-16
4910.0 7.724659e-16
4911.0 8.265077e-16
4912.0 8.254454e-16
4913.0 7.964176e-16
4914.0 7.165704e-16
4915.0 6.826048e-16
4916.0 7.141036e-16
4917.0 7.199630e-16
4918.0 7.158730e-16
4919.0 6.990815e-16
4920.0 7.217464e-16
4921.0 7.887779e-16
4922.0 7.690717e-16
4923.0 7.915029e-16
4924.0 8.367476e-16
4925.0 7.943636e-16
4926.0 6.837302e-16
4927.0 6.604759e-16
4928.0 7.410079e-16
4929.0 8.131566e-16
4930.0 8.755634e-16
4931.0 9.115509e-16
4932.0 8.895831e-16
4933.0 8.242462e-16
4934.0 7.847214e-16
4935.0 8.043634e-16
4936.0 8.253002e-16
4937.0 8.695841e-16
4938.0 8.898775e-16
4939.0 8.356073e-16
4940.0 8.493497e-16
4941.0 9.387191e-16
4942.0 9.273083e-16
4943.0 8.838206e-16
4944.0 9.142784e-16
4945.0 9.073193e-16
4946.0 8.377635e-16
4947.0 8.388689e-16
4948.0 9.087698e-16
4949.0 9.409505e-16
4950.0 9.154970e-16
4951.0 9.070376e-16
4952.0 9.004806e-16
4953.0 8.922745e-16
4954.0 1.080236e-15
4955.0 1.157759e-15
4956.0 1.037155e-15
4957.0 9.817073e-16
4958.0 1.023922e-15
4959.0 1.098011e-15
4960.0 1.188202e-15
4961.0 1.255015e-15
4962.0 1.292457e-15
4963.0 1.259703e-15
4964.0 1.164639e-15
4965.0 1.048618e-15
4966.0 9.938446e-16
4967.0 1.037171e-15
4968.0 1.111986e-15
4969.0 1.051634e-15
4970.0 9.763361e-16
4971.0 9.984241e-16
4972.0 9.903027e-16
4973.0 9.582453e-16
4974.0 9.689977e-16
4975.0 9.783592e-16
4976.0 9.340982e-16
4977.0 8.782126e-16
4978.0 8.398651e-16
4979.0 8.209434e-16
4980.0 8.386887e-16
4981.0 8.600112e-16
4982.0 8.375280e-16
4983.0 8.060942e-16
4984.0 7.748869e-16
4985.0 7.747355e-16
4986.0 7.898730e-16
4987.0 7.521558e-16
4988.0 7.055033e-16
4989.0 6.822819e-16
4990.0 7.095478e-16
4991.0 7.798937e-16
4992.0 8.272510e-16
4993.0 7.630364e-16
4994.0 7.157537e-16
4995.0 6.925980e-16
4996.0 6.429270e-16
4997.0 6.303633e-16
4998.0 7.553805e-16
4999.0 8.135042e-16
5000.0 7.974309e-16
5001.0 7.354437e-16
5002.0 6.401523e-16
5003.0 6.617021e-16
5004.0 7.165846e-16
5005.0 7.259506e-16
5006.0 7.197156e-16
5007.0 5.991585e-16
5008.0 5.900699e-16
5009.0 6.453954e-16
5010.0 6.636359e-16
5011.0 7.388310e-16
5012.0 7.944898e-16
5013.0 6.873123e-16
5014.0 6.591182e-16
5015.0 7.084122e-16
5016.0 6.451794e-16
5017.0 5.250501e-16
5018.0 4.998465e-16
5019.0 6.245339e-16
5020.0 7.390910e-16
5021.0 7.437855e-16
5022.0 7.389619e-16
5023.0 7.033369e-16
5024.0 6.759113e-16
5025.0 6.615523e-16
5026.0 6.791845e-16
5027.0 6.685351e-16
5028.0 5.650561e-16
5029.0 4.843854e-16
5030.0 5.446679e-16
5031.0 6.145443e-16
5032.0 5.879230e-16
5033.0 5.510342e-16
5034.0 5.954802e-16
5035.0 6.925892e-16
5036.0 7.017580e-16
5037.0 6.249406e-16
5038.0 6.262387e-16
5039.0 6.733405e-16
5040.0 6.981176e-16
5041.0 6.809390e-16
5042.0 6.704363e-16
5043.0 6.458997e-16
5044.0 5.324926e-16
5045.0 4.957817e-16
5046.0 5.604113e-16
5047.0 6.250527e-16
5048.0 5.865354e-16
5049.0 4.788294e-16
5050.0 4.254609e-16
5051.0 5.248846e-16
5052.0 5.667722e-16
5053.0 5.238799e-16
5054.0 5.241647e-16
5055.0 5.891162e-16
5056.0 6.167308e-16
5057.0 5.852111e-16
5058.0 6.715890e-16
5059.0 7.362707e-16
5060.0 7.236847e-16
5061.0 6.087968e-16
5062.0 5.575305e-16
5063.0 5.885244e-16
5064.0 5.347149e-16
5065.0 4.857757e-16
5066.0 5.455650e-16
5067.0 6.184024e-16
5068.0 6.108580e-16
5069.0 5.585458e-16
5070.0 5.291723e-16
5071.0 5.144563e-16
5072.0 5.828996e-16
5073.0 5.666989e-16
5074.0 5.646441e-16
5075.0 5.041224e-16
5076.0 5.247780e-16
5077.0 5.880509e-16
5078.0 5.732662e-16
5079.0 6.181842e-16
5080.0 6.249036e-16
5081.0 5.662383e-16
5082.0 5.779029e-16
5083.0 6.397339e-16
5084.0 6.642143e-16
5085.0 5.826408e-16
5086.0 5.236573e-16
5087.0 5.857914e-16
5088.0 5.447114e-16
5089.0 4.537861e-16
5090.0 4.580526e-16
5091.0 5.543765e-16
5092.0 5.758850e-16
5093.0 5.549167e-16
5094.0 5.968017e-16
5095.0 6.413446e-16
5096.0 6.469851e-16
5097.0 6.250240e-16
5098.0 5.923230e-16
5099.0 5.378045e-16
5100.0 5.160750e-16
5101.0 5.668285e-16
5102.0 6.114117e-16
5103.0 6.309214e-16
5104.0 6.342432e-16
5105.0 6.481002e-16
5106.0 6.796601e-16
5107.0 7.344872e-16
5108.0 7.746331e-16
5109.0 7.343003e-16
5110.0 6.831548e-16
5111.0 6.439302e-16
5112.0 5.894540e-16
5113.0 5.859251e-16
5114.0 5.926003e-16
5115.0 5.679653e-16
5116.0 5.807821e-16
5117.0 5.503844e-16
5118.0 4.896589e-16
5119.0 5.474689e-16
5120.0 5.613186e-16
5121.0 4.762517e-16
5122.0 4.342526e-16
5123.0 5.097370e-16
5124.0 5.805399e-16
5125.0 5.393831e-16
5126.0 5.213633e-16
5127.0 5.638626e-16
5128.0 5.975131e-16
5129.0 5.918986e-16
5130.0 5.989029e-16
5131.0 6.527026e-16
5132.0 6.677899e-16
5133.0 5.880862e-16
5134.0 5.420574e-16
5135.0 4.352607e-16
5136.0 3.781491e-16
5137.0 3.964921e-16
5138.0 4.285620e-16
5139.0 4.956446e-16
5140.0 4.816771e-16
5141.0 4.648676e-16
5142.0 5.074930e-16
5143.0 5.655997e-16
5144.0 5.942487e-16
5145.0 5.771851e-16
5146.0 5.509805e-16
5147.0 4.716916e-16
5148.0 4.603854e-16
5149.0 4.565593e-16
5150.0 4.205767e-16
5151.0 4.063623e-16
5152.0 4.326385e-16
5153.0 4.392778e-16
5154.0 5.197264e-16
5155.0 5.523402e-16
5156.0 4.898973e-16
5157.0 4.679510e-16
5158.0 4.452544e-16
5159.0 4.129767e-16
5160.0 4.180429e-16
5161.0 4.554638e-16
5162.0 5.011598e-16
5163.0 5.198608e-16
5164.0 5.662837e-16
5165.0 6.387786e-16
5166.0 6.252848e-16
5167.0 4.652841e-16
5168.0 3.854991e-16
5169.0 4.406877e-16
5170.0 4.049878e-16
5171.0 3.995737e-16
5172.0 4.452794e-16
5173.0 4.135376e-16
5174.0 3.650457e-16
5175.0 3.715907e-16
5176.0 3.913815e-16
5177.0 4.290247e-16
5178.0 4.956742e-16
5179.0 4.638835e-16
5180.0 4.401422e-16
5181.0 4.470932e-16
5182.0 4.187701e-16
5183.0 4.295147e-16
5184.0 4.551317e-16
5185.0 4.870576e-16
5186.0 4.257108e-16
5187.0 3.739612e-16
5188.0 4.244827e-16
5189.0 4.849756e-16
5190.0 4.896222e-16
5191.0 3.865940e-16
5192.0 3.647269e-16
5193.0 4.293622e-16
5194.0 4.777246e-16
5195.0 4.644273e-16
5196.0 3.757735e-16
5197.0 3.549383e-16
5198.0 3.642904e-16
5199.0 3.388225e-16
5200.0 3.283046e-16
5201.0 4.036582e-16
5202.0 4.908368e-16
5203.0 5.139685e-16
5204.0 4.894751e-16
5205.0 4.527541e-16
5206.0 4.195998e-16
5207.0 3.979618e-16
5208.0 3.886950e-16
5209.0 3.704221e-16
5210.0 3.607434e-16
5211.0 3.780069e-16
5212.0 4.194372e-16
5213.0 4.519738e-16
5214.0 4.261017e-16
5215.0 3.519457e-16
5216.0 3.392176e-16
5217.0 3.294358e-16
5218.0 3.275422e-16
5219.0 3.802440e-16
5220.0 4.298049e-16
5221.0 4.702780e-16
5222.0 4.225355e-16
5223.0 3.948569e-16
5224.0 3.590442e-16
5225.0 2.873707e-16
5226.0 2.986637e-16
5227.0 3.439568e-16
5228.0 3.808165e-16
5229.0 3.935224e-16
5230.0 3.777516e-16
5231.0 3.749272e-16
5232.0 4.222434e-16
5233.0 4.406340e-16
5234.0 4.022628e-16
5235.0 4.242222e-16
5236.0 4.749791e-16
5237.0 4.603611e-16
5238.0 4.083074e-16
5239.0 3.601595e-16
5240.0 3.483775e-16
5241.0 3.652714e-16
5242.0 3.724060e-16
5243.0 3.461557e-16
5244.0 3.441286e-16
5245.0 2.980943e-16
5246.0 2.728514e-16
5247.0 3.643948e-16
5248.0 3.990660e-16
5249.0 3.666368e-16
5250.0 3.014569e-16
5251.0 3.407257e-16
5252.0 4.004796e-16
5253.0 3.774249e-16
5254.0 3.868886e-16
5255.0 3.972504e-16
5256.0 4.219161e-16
5257.0 4.086630e-16
5258.0 3.806812e-16
5259.0 3.757345e-16
5260.0 3.403593e-16
5261.0 3.501740e-16
5262.0 4.038093e-16
5263.0 3.547662e-16
5264.0 3.200592e-16
5265.0 3.512615e-16
5266.0 3.384741e-16
5267.0 2.937910e-16
5268.0 2.994320e-16
5269.0 3.044807e-16
5270.0 2.945840e-16
5271.0 3.262042e-16
5272.0 3.820716e-16
5273.0 4.752417e-16
5274.0 4.969076e-16
5275.0 3.856768e-16
5276.0 3.243386e-16
5277.0 3.558141e-16
5278.0 3.767455e-16
5279.0 4.444775e-16
5280.0 4.330036e-16
5281.0 3.641137e-16
5282.0 3.220351e-16
5283.0 3.149751e-16
5284.0 3.050635e-16
5285.0 2.334629e-16
5286.0 1.954958e-16
5287.0 2.581530e-16
5288.0 2.949610e-16
5289.0 3.407835e-16
5290.0 4.075506e-16
5291.0 3.886584e-16
5292.0 3.812161e-16
5293.0 3.771309e-16
5294.0 2.886845e-16
5295.0 2.670304e-16
5296.0 2.775997e-16
5297.0 3.110518e-16
5298.0 3.729811e-16
5299.0 3.611526e-16
5300.0 2.908970e-16
5301.0 3.572157e-16
5302.0 3.849661e-16
5303.0 3.012059e-16
5304.0 2.977543e-16
5305.0 3.426906e-16
5306.0 3.586203e-16
5307.0 3.461613e-16
5308.0 3.115434e-16
5309.0 3.214151e-16
5310.0 3.416078e-16
5311.0 3.155505e-16
5312.0 3.797081e-16
5313.0 3.990058e-16
5314.0 3.525276e-16
5315.0 3.262756e-16
5316.0 3.635510e-16
5317.0 3.280768e-16
5318.0 2.582552e-16
5319.0 2.949309e-16
5320.0 3.340818e-16
5321.0 3.023198e-16
5322.0 2.465172e-16
5323.0 2.728889e-16
5324.0 3.520531e-16
5325.0 2.994284e-16
5326.0 2.836438e-16
5327.0 3.179794e-16
5328.0 2.236522e-16
5329.0 2.514022e-16
5330.0 2.990096e-16
5331.0 3.174654e-16
5332.0 2.661045e-16
5333.0 2.460699e-16
5334.0 3.257739e-16
5335.0 3.220099e-16
5336.0 2.937119e-16
5337.0 2.890984e-16
5338.0 2.608935e-16
5339.0 2.525641e-16
5340.0 3.136466e-16
5341.0 3.663912e-16
5342.0 3.253845e-16
5343.0 2.909943e-16
5344.0 3.470072e-16
5345.0 3.069800e-16
5346.0 2.187706e-16
5347.0 2.101262e-16
5348.0 2.518968e-16
5349.0 2.802069e-16
5350.0 2.901923e-16
5351.0 3.028870e-16
5352.0 3.276480e-16
5353.0 3.330499e-16
5354.0 2.852920e-16
5355.0 3.051146e-16
5356.0 3.145582e-16
5357.0 2.904709e-16
5358.0 2.998920e-16
5359.0 3.232930e-16
5360.0 2.850092e-16
5361.0 2.341907e-16
5362.0 2.753712e-16
5363.0 2.756789e-16
5364.0 2.322100e-16
5365.0 2.514967e-16
5366.0 2.288742e-16
5367.0 1.543344e-16
5368.0 1.660204e-16
5369.0 2.743736e-16
5370.0 2.912967e-16
5371.0 2.821247e-16
5372.0 3.204780e-16
5373.0 3.157509e-16
5374.0 2.747379e-16
5375.0 2.798344e-16
5376.0 2.791498e-16
5377.0 2.942077e-16
5378.0 3.385932e-16
5379.0 3.353420e-16
5380.0 2.625004e-16
5381.0 2.426298e-16
5382.0 3.240911e-16
5383.0 3.735340e-16
5384.0 3.690043e-16
5385.0 4.089758e-16
5386.0 3.487150e-16
5387.0 2.690195e-16
5388.0 2.523923e-16
5389.0 3.115962e-16
5390.0 3.880522e-16
5391.0 3.865013e-16
5392.0 3.837331e-16
5393.0 3.727816e-16
5394.0 3.147476e-16
5395.0 2.881434e-16
5396.0 3.034134e-16
5397.0 3.069657e-16
5398.0 3.273018e-16
5399.0 3.218832e-16
5400.0 3.026665e-16
5401.0 3.615996e-16
5402.0 3.065777e-16
5403.0 2.662160e-16
5404.0 3.260058e-16
5405.0 3.434565e-16
5406.0 2.668164e-16
5407.0 3.139522e-16
5408.0 3.636034e-16
5409.0 3.642665e-16
5410.0 3.839619e-16
5411.0 3.886012e-16
5412.0 2.906224e-16
5413.0 3.139411e-16
5414.0 3.355225e-16
5415.0 2.920375e-16
5416.0 2.775544e-16
5417.0 2.684754e-16
5418.0 3.258559e-16
5419.0 3.070122e-16
5420.0 2.467354e-16
5421.0 2.575745e-16
5422.0 2.983029e-16
5423.0 3.199206e-16
5424.0 2.920334e-16
5425.0 3.308971e-16
5426.0 4.000990e-16
5427.0 3.757002e-16
5428.0 3.433220e-16
5429.0 2.769929e-16
5430.0 2.081518e-16
5431.0 2.017340e-16
5432.0 2.187055e-16
5433.0 2.555255e-16
5434.0 2.957951e-16
5435.0 2.834738e-16
5436.0 3.123772e-16
5437.0 3.453573e-16
5438.0 3.472144e-16
5439.0 3.328261e-16
5440.0 3.279101e-16
5441.0 3.365129e-16
5442.0 3.286416e-16
5443.0 2.780362e-16
5444.0 2.349498e-16
5445.0 2.278331e-16
5446.0 2.478236e-16
5447.0 3.200765e-16
5448.0 3.826601e-16
5449.0 3.614840e-16
5450.0 2.768939e-16
5451.0 2.729902e-16
5452.0 2.930602e-16
5453.0 2.127462e-16
5454.0 2.236545e-16
5455.0 3.236254e-16
5456.0 3.374205e-16
5457.0 2.900307e-16
5458.0 3.004157e-16
5459.0 3.968837e-16
5460.0 3.952357e-16
5461.0 2.509856e-16
5462.0 1.986455e-16
5463.0 2.910576e-16
5464.0 3.431080e-16
5465.0 3.139620e-16
5466.0 3.140125e-16
5467.0 2.432563e-16
5468.0 2.290453e-16
5469.0 2.499180e-16
5470.0 2.338611e-16
5471.0 2.457454e-16
5472.0 3.010569e-16
5473.0 3.384197e-16
5474.0 3.513147e-16
5475.0 3.551674e-16
5476.0 3.297282e-16
5477.0 2.955785e-16
5478.0 2.574485e-16
5479.0 2.502019e-16
5480.0 3.065029e-16
5481.0 3.194705e-16
5482.0 2.900222e-16
5483.0 3.003687e-16
5484.0 3.173570e-16
5485.0 2.598330e-16
5486.0 2.644344e-16
5487.0 2.811082e-16
5488.0 2.617977e-16
5489.0 2.409314e-16
5490.0 2.703460e-16
5491.0 3.637334e-16
5492.0 3.351111e-16
5493.0 2.648360e-16
5494.0 3.053584e-16
5495.0 3.317637e-16
5496.0 3.639898e-16
5497.0 2.721540e-16
5498.0 2.179843e-16
5499.0 2.894067e-16
5500.0 2.781276e-16
5501.0 2.789230e-16
5502.0 3.420928e-16
5503.0 3.854489e-16
5504.0 3.694310e-16
5505.0 3.930796e-16
5506.0 3.602994e-16
5507.0 3.090713e-16
5508.0 2.939490e-16
5509.0 3.121373e-16
5510.0 3.033208e-16
5511.0 2.767978e-16
5512.0 2.465946e-16
5513.0 2.814720e-16
5514.0 3.544404e-16
5515.0 3.505057e-16
5516.0 3.377073e-16
5517.0 3.562037e-16
5518.0 3.431196e-16
5519.0 3.137214e-16
5520.0 3.521131e-16
5521.0 3.538683e-16
5522.0 2.886102e-16
5523.0 2.842809e-16
5524.0 2.936227e-16
5525.0 2.836586e-16
5526.0 2.955126e-16
5527.0 3.252724e-16
5528.0 3.043058e-16
5529.0 2.594188e-16
5530.0 2.737810e-16
5531.0 3.662892e-16
5532.0 4.115648e-16
5533.0 3.787196e-16
5534.0 3.147213e-16
5535.0 2.803678e-16
5536.0 2.987688e-16
5537.0 3.363549e-16
5538.0 3.507412e-16
5539.0 3.275340e-16
5540.0 2.928833e-16
5541.0 3.008366e-16
5542.0 3.104003e-16
5543.0 3.034129e-16
5544.0 3.055453e-16
5545.0 3.482485e-16
5546.0 3.624597e-16
5547.0 2.857807e-16
5548.0 2.684343e-16
5549.0 3.552643e-16
5550.0 4.037513e-16
5551.0 3.191572e-16
5552.0 2.294365e-16
5553.0 2.539744e-16
5554.0 2.632157e-16
5555.0 2.285464e-16
5556.0 2.576634e-16
5557.0 3.295230e-16
5558.0 4.104154e-16
5559.0 3.988038e-16
5560.0 2.854499e-16
5561.0 2.963162e-16
5562.0 2.643990e-16
5563.0 2.627043e-16
5564.0 3.021903e-16
5565.0 2.527143e-16
5566.0 2.460636e-16
5567.0 2.690564e-16
5568.0 3.029777e-16
5569.0 3.453860e-16
5570.0 3.222351e-16
5571.0 2.969440e-16
5572.0 3.063742e-16
5573.0 3.370772e-16
5574.0 2.922592e-16
5575.0 2.650627e-16
5576.0 3.694523e-16
5577.0 4.184570e-16
5578.0 2.956070e-16
5579.0 3.107170e-16
5580.0 3.896484e-16
5581.0 3.502031e-16
5582.0 3.209982e-16
5583.0 2.997805e-16
5584.0 3.001894e-16
5585.0 2.837610e-16
5586.0 2.880438e-16
5587.0 3.474809e-16
5588.0 3.572440e-16
5589.0 3.612628e-16
5590.0 3.730433e-16
5591.0 3.759701e-16
5592.0 3.747539e-16
5593.0 3.678232e-16
5594.0 2.792045e-16
5595.0 2.538994e-16
5596.0 3.350958e-16
5597.0 3.147687e-16
5598.0 2.951270e-16
5599.0 3.477555e-16
5600.0 3.780358e-16
5601.0 3.097330e-16
5602.0 3.040774e-16
5603.0 3.368382e-16
5604.0 3.269271e-16
5605.0 3.036526e-16
5606.0 2.942616e-16
5607.0 3.260062e-16
5608.0 3.257447e-16
5609.0 2.765823e-16
5610.0 3.175410e-16
5611.0 3.406448e-16
5612.0 2.874155e-16
5613.0 2.256825e-16
5614.0 2.052697e-16
5615.0 2.500353e-16
5616.0 3.331728e-16
5617.0 3.534400e-16
5618.0 3.086362e-16
5619.0 3.071831e-16
5620.0 3.402237e-16
5621.0 3.434237e-16
5622.0 2.707247e-16
5623.0 2.366162e-16
5624.0 3.236382e-16
5625.0 3.441438e-16
5626.0 3.501545e-16
5627.0 3.634596e-16
5628.0 2.977953e-16
5629.0 2.891393e-16
5630.0 2.889495e-16
5631.0 2.335504e-16
5632.0 2.956324e-16
5633.0 3.707876e-16
5634.0 3.201635e-16
5635.0 2.944310e-16
5636.0 3.360491e-16
5637.0 3.924246e-16
5638.0 3.295824e-16
5639.0 2.765197e-16
5640.0 3.017881e-16
5641.0 2.765784e-16
5642.0 2.611288e-16
5643.0 2.851053e-16
5644.0 3.188964e-16
5645.0 3.045587e-16
5646.0 2.662436e-16
5647.0 2.857039e-16
5648.0 3.216418e-16
5649.0 3.279842e-16
5650.0 3.269753e-16
5651.0 3.273507e-16
5652.0 3.129362e-16
5653.0 2.791191e-16
5654.0 3.127197e-16
5655.0 2.972457e-16
5656.0 2.101559e-16
5657.0 2.917646e-16
5658.0 3.510517e-16
5659.0 3.171213e-16
5660.0 3.088600e-16
5661.0 3.376610e-16
5662.0 3.339237e-16
5663.0 2.678255e-16
5664.0 2.686155e-16
5665.0 3.399362e-16
5666.0 3.343337e-16
5667.0 3.207014e-16
5668.0 3.061093e-16
5669.0 2.908853e-16
5670.0 2.643023e-16
5671.0 2.538411e-16
5672.0 3.614561e-16
5673.0 3.812678e-16
5674.0 2.780881e-16
5675.0 2.280460e-16
5676.0 2.404511e-16
5677.0 2.830432e-16
5678.0 2.736312e-16
5679.0 2.775782e-16
5680.0 2.821014e-16
5681.0 2.506557e-16
5682.0 2.908967e-16
5683.0 3.155949e-16
5684.0 2.580025e-16
5685.0 2.763395e-16
5686.0 3.127359e-16
5687.0 2.960010e-16
5688.0 2.923761e-16
5689.0 3.056320e-16
5690.0 3.196909e-16
5691.0 2.926398e-16
5692.0 3.088687e-16
5693.0 3.240802e-16
5694.0 2.778385e-16
5695.0 2.499407e-16
5696.0 2.218695e-16
5697.0 2.653993e-16
5698.0 2.452721e-16
5699.0 2.265214e-16
5700.0 3.074156e-16
5701.0 2.554430e-16
5702.0 2.525064e-16
5703.0 3.017090e-16
5704.0 2.829389e-16
5705.0 2.478359e-16
5706.0 2.044124e-16
5707.0 2.735497e-16
5708.0 3.595973e-16
5709.0 3.060597e-16
5710.0 2.691263e-16
5711.0 2.866793e-16
5712.0 3.268257e-16
5713.0 3.567697e-16
5714.0 3.205576e-16
5715.0 2.369885e-16
5716.0 2.482461e-16
5717.0 3.250299e-16
5718.0 3.167793e-16
5719.0 2.781297e-16
5720.0 2.900232e-16
5721.0 2.866597e-16
5722.0 2.760367e-16
5723.0 3.056794e-16
5724.0 3.403247e-16
5725.0 3.468492e-16
5726.0 3.420980e-16
5727.0 2.863169e-16
5728.0 2.658560e-16
5729.0 2.920531e-16
5730.0 2.845539e-16
5731.0 3.033230e-16
5732.0 2.868921e-16
5733.0 2.145633e-16
5734.0 1.937754e-16
5735.0 1.985545e-16
5736.0 2.279309e-16
5737.0 2.439300e-16
5738.0 1.969456e-16
5739.0 2.518368e-16
5740.0 2.925605e-16
5741.0 2.234254e-16
5742.0 2.487285e-16
5743.0 3.356324e-16
5744.0 3.566055e-16
5745.0 3.516420e-16
5746.0 3.358199e-16
5747.0 3.057441e-16
5748.0 3.016905e-16
5749.0 3.399989e-16
5750.0 3.998597e-16
5751.0 3.989356e-16
5752.0 3.090307e-16
5753.0 2.305021e-16
5754.0 2.388128e-16
5755.0 2.936936e-16
5756.0 3.078106e-16
5757.0 2.601063e-16
5758.0 2.034917e-16
5759.0 2.422935e-16
5760.0 2.708143e-16
5761.0 2.710496e-16
5762.0 2.886396e-16
5763.0 2.850643e-16
5764.0 2.422638e-16
5765.0 2.150981e-16
5766.0 2.631142e-16
5767.0 3.220862e-16
5768.0 3.587127e-16
5769.0 2.980054e-16
5770.0 2.369473e-16
5771.0 2.989864e-16
5772.0 3.112688e-16
5773.0 2.905310e-16
5774.0 2.986561e-16
5775.0 3.152633e-16
5776.0 3.357281e-16
5777.0 3.493758e-16
5778.0 3.257786e-16
5779.0 2.452144e-16
5780.0 2.055622e-16
5781.0 2.347010e-16
5782.0 2.261789e-16
5783.0 2.732598e-16
5784.0 3.696837e-16
5785.0 3.645776e-16
5786.0 3.093508e-16
5787.0 3.028533e-16
5788.0 2.959345e-16
5789.0 3.222168e-16
5790.0 3.640469e-16
5791.0 3.227596e-16
5792.0 3.089549e-16
5793.0 3.224607e-16
5794.0 3.014572e-16
5795.0 3.044643e-16
5796.0 3.586355e-16
5797.0 3.829314e-16
5798.0 3.668313e-16
5799.0 3.172339e-16
5800.0 3.200223e-16
5801.0 3.613182e-16
5802.0 3.852868e-16
5803.0 3.852532e-16
5804.0 3.911762e-16
5805.0 3.845618e-16
5806.0 3.461393e-16
5807.0 3.396829e-16
5808.0 3.681014e-16
5809.0 3.714334e-16
5810.0 3.196132e-16
5811.0 2.743113e-16
5812.0 2.309852e-16
5813.0 2.653194e-16
5814.0 3.273395e-16
5815.0 3.196171e-16
5816.0 3.077831e-16
5817.0 2.736731e-16
5818.0 2.658468e-16
5819.0 3.649726e-16
5820.0 3.528460e-16
5821.0 2.521644e-16
5822.0 2.758474e-16
5823.0 3.163214e-16
5824.0 3.263943e-16
5825.0 3.142470e-16
5826.0 3.159506e-16
5827.0 2.965110e-16
5828.0 2.682143e-16
5829.0 3.068138e-16
5830.0 3.258137e-16
5831.0 2.426932e-16
5832.0 2.102072e-16
5833.0 2.674309e-16
5834.0 3.346139e-16
5835.0 3.130120e-16
5836.0 3.032045e-16
5837.0 3.246727e-16
5838.0 2.806602e-16
5839.0 3.071382e-16
5840.0 3.016739e-16
5841.0 2.678486e-16
5842.0 3.281926e-16
5843.0 3.465791e-16
5844.0 3.191712e-16
5845.0 3.194648e-16
5846.0 3.327685e-16
5847.0 3.048868e-16
5848.0 2.699854e-16
5849.0 2.631196e-16
5850.0 2.748260e-16
5851.0 2.965171e-16
5852.0 3.403652e-16
5853.0 3.457021e-16
5854.0 2.927370e-16
5855.0 2.662975e-16
5856.0 2.954491e-16
5857.0 3.630439e-16
5858.0 3.954199e-16
5859.0 4.094375e-16
5860.0 3.182213e-16
5861.0 2.792853e-16
5862.0 3.373722e-16
5863.0 2.769530e-16
5864.0 2.714739e-16
5865.0 3.650625e-16
5866.0 3.308753e-16
5867.0 3.367482e-16
5868.0 3.846808e-16
5869.0 2.580945e-16
5870.0 2.087085e-16
5871.0 2.793193e-16
5872.0 3.236796e-16
5873.0 2.965018e-16
5874.0 2.895740e-16
5875.0 2.889174e-16
5876.0 2.679124e-16
5877.0 2.854499e-16
5878.0 3.541952e-16
5879.0 3.505404e-16
5880.0 3.149333e-16
5881.0 3.558838e-16
5882.0 3.623620e-16
5883.0 2.897228e-16
5884.0 2.258989e-16
5885.0 3.388355e-16
5886.0 3.633508e-16
5887.0 2.393530e-16
5888.0 2.745091e-16
5889.0 3.375929e-16
5890.0 3.215865e-16
5891.0 3.111906e-16
5892.0 2.949413e-16
5893.0 2.643231e-16
5894.0 1.870370e-16
5895.0 2.014585e-16
5896.0 3.276379e-16
5897.0 3.783486e-16
5898.0 3.485061e-16
5899.0 2.948202e-16
5900.0 2.853268e-16
5901.0 2.647695e-16
5902.0 2.401332e-16
5903.0 2.597562e-16
5904.0 2.925545e-16
5905.0 2.663110e-16
5906.0 1.977975e-16
5907.0 2.444629e-16
5908.0 3.161904e-16
5909.0 2.984294e-16
5910.0 2.583504e-16
5911.0 2.491621e-16
5912.0 2.772278e-16
5913.0 3.031235e-16
5914.0 2.790702e-16
5915.0 2.133174e-16
5916.0 1.980801e-16
5917.0 2.532122e-16
5918.0 3.171451e-16
5919.0 2.823581e-16
5920.0 2.606100e-16
5921.0 2.817505e-16
5922.0 2.758516e-16
5923.0 2.655130e-16
5924.0 2.603754e-16
5925.0 2.341339e-16
5926.0 2.062145e-16
5927.0 2.179351e-16
5928.0 2.466360e-16
5929.0 2.784342e-16
5930.0 2.890210e-16
5931.0 2.717841e-16
5932.0 2.719530e-16
5933.0 2.979274e-16
5934.0 3.367561e-16
5935.0 3.311310e-16
5936.0 2.937623e-16
5937.0 2.831965e-16
5938.0 2.505644e-16
5939.0 2.268726e-16
5940.0 2.442401e-16
5941.0 3.010702e-16
5942.0 3.430100e-16
5943.0 3.262452e-16
5944.0 3.204408e-16
5945.0 3.028053e-16
5946.0 2.822035e-16
5947.0 3.121350e-16
5948.0 3.064055e-16
5949.0 2.599441e-16
5950.0 2.521192e-16
5951.0 2.534868e-16
5952.0 2.514818e-16
5953.0 2.177871e-16
5954.0 2.172782e-16
5955.0 2.616894e-16
5956.0 2.637531e-16
5957.0 3.080245e-16
5958.0 3.381185e-16
5959.0 2.863425e-16
5960.0 2.751533e-16
5961.0 3.013272e-16
5962.0 3.130379e-16
5963.0 3.286369e-16
5964.0 3.267886e-16
5965.0 3.177955e-16
5966.0 3.212696e-16
5967.0 3.323712e-16
5968.0 3.035136e-16
5969.0 2.576307e-16
5970.0 2.943566e-16
5971.0 3.213366e-16
5972.0 3.066008e-16
5973.0 2.991574e-16
5974.0 2.903637e-16
5975.0 3.576146e-16
5976.0 3.625407e-16
5977.0 3.130350e-16
5978.0 3.561280e-16
5979.0 4.054634e-16
5980.0 3.987295e-16
5981.0 3.504661e-16
5982.0 3.408504e-16
5983.0 3.452138e-16
5984.0 3.463270e-16
5985.0 3.818700e-16
5986.0 3.814484e-16
5987.0 3.655113e-16
5988.0 3.506825e-16
5989.0 3.331602e-16
5990.0 4.185327e-16
5991.0 4.429040e-16
5992.0 3.705520e-16
5993.0 3.393568e-16
5994.0 3.923133e-16
5995.0 4.377153e-16
5996.0 4.217705e-16
5997.0 3.915639e-16
5998.0 4.130338e-16
5999.0 4.330037e-16
6000.0 3.533065e-16
6001.0 3.156091e-16
6002.0 3.549914e-16
6003.0 3.721845e-16
6004.0 3.232763e-16
6005.0 2.847448e-16
6006.0 2.758346e-16
6007.0 2.515838e-16
6008.0 2.510075e-16
6009.0 3.054607e-16
6010.0 4.035481e-16
6011.0 4.395069e-16
6012.0 4.334492e-16
6013.0 4.375695e-16
6014.0 3.448639e-16
6015.0 2.048382e-16
6016.0 2.372285e-16
6017.0 3.329894e-16
6018.0 3.459448e-16
6019.0 3.160464e-16
6020.0 3.191843e-16
6021.0 3.470250e-16
6022.0 3.294308e-16
6023.0 3.491703e-16
6024.0 3.976334e-16
6025.0 3.699034e-16
6026.0 3.121681e-16
6027.0 2.820327e-16
6028.0 3.182721e-16
6029.0 3.167148e-16
6030.0 2.821322e-16
6031.0 2.956416e-16
6032.0 2.844534e-16
6033.0 2.513595e-16
6034.0 2.433394e-16
6035.0 2.447154e-16
6036.0 2.651589e-16
6037.0 2.885987e-16
6038.0 2.881727e-16
6039.0 2.637529e-16
6040.0 2.695260e-16
6041.0 2.772892e-16
6042.0 2.819834e-16
6043.0 2.806586e-16
6044.0 2.565035e-16
6045.0 2.912111e-16
6046.0 3.514231e-16
6047.0 2.963274e-16
6048.0 2.199426e-16
6049.0 2.001744e-16
6050.0 2.217132e-16
6051.0 2.760387e-16
6052.0 3.276867e-16
6053.0 3.331760e-16
6054.0 2.727454e-16
6055.0 2.338011e-16
6056.0 2.569446e-16
6057.0 2.517198e-16
6058.0 2.524316e-16
6059.0 2.609507e-16
6060.0 2.482763e-16
6061.0 2.616451e-16
6062.0 2.911114e-16
6063.0 2.702140e-16
6064.0 2.306156e-16
6065.0 2.467076e-16
6066.0 2.944385e-16
6067.0 2.991555e-16
6068.0 2.761166e-16
6069.0 2.595855e-16
6070.0 3.026643e-16
6071.0 3.529597e-16
6072.0 3.107725e-16
6073.0 2.975386e-16
6074.0 3.145106e-16
6075.0 2.516391e-16
6076.0 2.356656e-16
6077.0 2.766855e-16
6078.0 2.699260e-16
6079.0 2.334061e-16
6080.0 2.397780e-16
6081.0 2.914645e-16
6082.0 2.700332e-16
6083.0 2.544553e-16
6084.0 2.583366e-16
6085.0 1.828754e-16
6086.0 1.524838e-16
6087.0 2.058320e-16
6088.0 2.788649e-16
6089.0 2.857552e-16
6090.0 2.307767e-16
6091.0 2.042894e-16
6092.0 2.337384e-16
6093.0 2.852896e-16
6094.0 2.771605e-16
6095.0 2.254545e-16
6096.0 2.208358e-16
6097.0 2.690931e-16
6098.0 2.759507e-16
6099.0 2.530978e-16
6100.0 2.760797e-16
6101.0 2.794112e-16
6102.0 2.466910e-16
6103.0 2.197072e-16
6104.0 2.367124e-16
6105.0 2.707516e-16
6106.0 2.744032e-16
6107.0 2.834340e-16
6108.0 2.883384e-16
6109.0 2.682498e-16
6110.0 2.486395e-16
6111.0 2.389303e-16
6112.0 2.290163e-16
6113.0 2.274593e-16
6114.0 2.674622e-16
6115.0 2.504278e-16
6116.0 1.640774e-16
6117.0 1.902760e-16
6118.0 2.277072e-16
6119.0 1.654670e-16
6120.0 1.307753e-16
6121.0 1.630900e-16
6122.0 2.341469e-16
6123.0 2.656376e-16
6124.0 2.524988e-16
6125.0 2.343154e-16
6126.0 2.378260e-16
6127.0 2.614297e-16
6128.0 2.458117e-16
6129.0 2.148432e-16
6130.0 1.909461e-16
6131.0 2.178270e-16
6132.0 2.814887e-16
6133.0 2.953684e-16
6134.0 2.307216e-16
6135.0 1.997475e-16
6136.0 2.073091e-16
6137.0 1.982468e-16
6138.0 1.990028e-16
6139.0 2.397543e-16
6140.0 2.930979e-16
6141.0 2.819164e-16
6142.0 2.679603e-16
6143.0 2.802355e-16
6144.0 2.529212e-16
6145.0 2.359749e-16
6146.0 2.492165e-16
6147.0 2.472852e-16
6148.0 2.236496e-16
6149.0 1.976968e-16
6150.0 1.892947e-16
6151.0 1.919761e-16
6152.0 1.980351e-16
6153.0 2.167448e-16
6154.0 2.650042e-16
6155.0 2.577908e-16
6156.0 1.945319e-16
6157.0 2.143083e-16
6158.0 2.613880e-16
6159.0 2.177634e-16
6160.0 1.908493e-16
6161.0 2.350380e-16
6162.0 2.942676e-16
6163.0 2.758743e-16
6164.0 2.381430e-16
6165.0 2.428827e-16
6166.0 2.560023e-16
6167.0 2.689838e-16
6168.0 2.734037e-16
6169.0 2.410852e-16
6170.0 2.237785e-16
6171.0 2.417121e-16
6172.0 2.692336e-16
6173.0 3.168027e-16
6174.0 3.249905e-16
6175.0 1.997296e-16
6176.0 1.472434e-16
6177.0 2.190218e-16
6178.0 2.617380e-16
6179.0 2.738871e-16
6180.0 2.794268e-16
6181.0 2.728152e-16
6182.0 2.030080e-16
6183.0 1.429183e-16
6184.0 1.699655e-16
6185.0 1.968960e-16
6186.0 2.109712e-16
6187.0 2.320359e-16
6188.0 2.616843e-16
6189.0 2.527638e-16
6190.0 2.069682e-16
6191.0 2.027448e-16
6192.0 2.235511e-16
6193.0 2.286511e-16
6194.0 1.915510e-16
6195.0 1.820608e-16
6196.0 1.926633e-16
6197.0 1.659505e-16
6198.0 2.038018e-16
6199.0 2.895152e-16
6200.0 2.805076e-16
6201.0 2.229083e-16
6202.0 1.987474e-16
6203.0 2.208115e-16
6204.0 2.155665e-16
6205.0 2.148100e-16
6206.0 2.033937e-16
6207.0 1.609874e-16
6208.0 1.314750e-16
6209.0 1.385283e-16
6210.0 1.641990e-16
6211.0 1.835908e-16
6212.0 2.118668e-16
6213.0 2.416260e-16
6214.0 2.409288e-16
6215.0 2.201225e-16
6216.0 1.825004e-16
6217.0 1.531428e-16
6218.0 1.664490e-16
6219.0 1.984770e-16
6220.0 1.761719e-16
6221.0 1.156290e-16
6222.0 1.350897e-16
6223.0 1.822354e-16
6224.0 1.991832e-16
6225.0 1.855951e-16
6226.0 1.582607e-16
6227.0 1.688412e-16
6228.0 2.483455e-16
6229.0 2.403701e-16
6230.0 1.666886e-16
6231.0 1.671980e-16
6232.0 2.180653e-16
6233.0 2.610346e-16
6234.0 2.684079e-16
6235.0 2.735130e-16
6236.0 2.597349e-16
6237.0 2.122524e-16
6238.0 1.889243e-16
6239.0 2.141159e-16
6240.0 2.482687e-16
6241.0 2.020785e-16
6242.0 1.466016e-16
6243.0 1.274691e-16
6244.0 1.078271e-16
6245.0 1.637099e-16
6246.0 2.313583e-16
6247.0 2.261349e-16
6248.0 2.285465e-16
6249.0 2.327633e-16
6250.0 1.972732e-16
6251.0 1.583605e-16
6252.0 1.513978e-16
6253.0 1.665397e-16
6254.0 1.678712e-16
6255.0 1.691265e-16
6256.0 1.841827e-16
6257.0 1.594928e-16
6258.0 1.621832e-16
6259.0 2.317820e-16
6260.0 2.120112e-16
6261.0 1.856264e-16
6262.0 2.379100e-16
6263.0 2.441945e-16
6264.0 2.000584e-16
6265.0 1.312227e-16
6266.0 1.077729e-16
6267.0 1.933839e-16
6268.0 2.975854e-16
6269.0 2.671858e-16
6270.0 2.127952e-16
6271.0 2.034336e-16
6272.0 1.784543e-16
6273.0 2.337910e-16
6274.0 2.710215e-16
6275.0 1.132746e-16
6276.0 8.591606e-17
6277.0 1.923152e-16
6278.0 1.210193e-16
6279.0 9.646379e-17
6280.0 1.688816e-16
6281.0 1.715464e-16
6282.0 1.158292e-16
6283.0 8.565282e-17
6284.0 1.364069e-16
6285.0 1.597173e-16
6286.0 1.513221e-16
6287.0 1.664939e-16
6288.0 2.183780e-16
6289.0 2.342038e-16
6290.0 1.788858e-16
6291.0 1.835580e-16
6292.0 1.839676e-16
6293.0 1.486419e-16
6294.0 1.654438e-16
6295.0 1.946581e-16
6296.0 2.085831e-16
6297.0 2.347835e-16
6298.0 2.614887e-16
6299.0 2.429121e-16
6300.0 1.547533e-16
6301.0 7.615925e-17
6302.0 1.006518e-16
6303.0 2.276393e-16
6304.0 2.604408e-16
6305.0 1.910818e-16
6306.0 1.489596e-16
6307.0 1.523423e-16
6308.0 1.962871e-16
6309.0 2.486172e-16
6310.0 2.274384e-16
6311.0 1.948179e-16
6312.0 2.082671e-16
6313.0 1.526687e-16
6314.0 1.260286e-16
6315.0 1.887776e-16
6316.0 1.786748e-16
6317.0 1.944973e-16
6318.0 2.707752e-16
6319.0 2.238162e-16
6320.0 1.729863e-16
6321.0 2.027918e-16
6322.0 2.123085e-16
6323.0 2.285170e-16
6324.0 2.414155e-16
6325.0 2.000651e-16
6326.0 1.976093e-16
6327.0 1.948176e-16
6328.0 1.300194e-16
6329.0 1.742634e-16
6330.0 2.531980e-16
6331.0 2.182375e-16
6332.0 2.231433e-16
6333.0 2.448542e-16
6334.0 1.742833e-16
6335.0 1.529129e-16
6336.0 1.921733e-16
6337.0 1.737109e-16
6338.0 1.261731e-16
6339.0 1.367211e-16
6340.0 1.986560e-16
6341.0 2.359018e-16
6342.0 2.209803e-16
6343.0 1.845811e-16
6344.0 1.918062e-16
6345.0 2.091443e-16
6346.0 2.158279e-16
6347.0 2.293237e-16
6348.0 2.265286e-16
6349.0 2.011141e-16
6350.0 1.714600e-16
6351.0 1.665701e-16
6352.0 1.407657e-16
6353.0 9.582811e-17
6354.0 1.138018e-16
6355.0 1.255068e-16
6356.0 1.404627e-16
6357.0 1.867882e-16
6358.0 1.940374e-16
6359.0 1.871436e-16
6360.0 1.867624e-16
6361.0 1.669474e-16
6362.0 1.569691e-16
6363.0 2.148087e-16
6364.0 2.367305e-16
6365.0 1.863051e-16
6366.0 1.839265e-16
6367.0 2.078042e-16
6368.0 2.051763e-16
6369.0 1.830834e-16
6370.0 1.925157e-16
6371.0 2.164123e-16
6372.0 1.804767e-16
6373.0 1.746084e-16
6374.0 2.181141e-16
6375.0 2.417119e-16
6376.0 2.470954e-16
6377.0 2.002032e-16
6378.0 1.327113e-16
6379.0 1.507799e-16
6380.0 1.827552e-16
6381.0 2.081776e-16
6382.0 2.509274e-16
6383.0 2.461055e-16
6384.0 1.970111e-16
6385.0 1.697203e-16
6386.0 1.728142e-16
6387.0 1.905668e-16
6388.0 1.911997e-16
6389.0 1.822672e-16
6390.0 1.921640e-16
6391.0 2.139855e-16
6392.0 2.074029e-16
6393.0 1.744816e-16
6394.0 1.888612e-16
6395.0 2.207576e-16
6396.0 2.350594e-16
6397.0 2.533651e-16
6398.0 2.428861e-16
6399.0 2.139086e-16
6400.0 1.815668e-16
6401.0 2.008032e-16
6402.0 2.481177e-16
6403.0 2.081715e-16
6404.0 1.846892e-16
6405.0 2.023511e-16
6406.0 1.862359e-16
6407.0 1.498813e-16
6408.0 1.582428e-16
6409.0 2.200478e-16
6410.0 2.540746e-16
6411.0 2.322249e-16
6412.0 1.803545e-16
6413.0 1.425606e-16
6414.0 1.687137e-16
6415.0 2.130439e-16
6416.0 2.058923e-16
6417.0 1.882566e-16
6418.0 1.913034e-16
6419.0 1.911996e-16
6420.0 1.757556e-16
6421.0 1.890735e-16
6422.0 2.629989e-16
6423.0 2.710514e-16
6424.0 2.033660e-16
6425.0 1.778618e-16
6426.0 2.069001e-16
6427.0 2.499318e-16
6428.0 2.479545e-16
6429.0 1.823640e-16
6430.0 1.330794e-16
6431.0 1.606168e-16
6432.0 2.039987e-16
6433.0 2.113996e-16
6434.0 1.845012e-16
6435.0 2.017392e-16
6436.0 2.214544e-16
6437.0 1.938544e-16
6438.0 1.890477e-16
6439.0 1.933693e-16
6440.0 1.595335e-16
6441.0 1.376509e-16
6442.0 1.921962e-16
6443.0 2.811918e-16
6444.0 2.643969e-16
6445.0 2.142028e-16
6446.0 2.113358e-16
6447.0 2.165572e-16
6448.0 1.959820e-16
6449.0 1.680588e-16
6450.0 1.835016e-16
6451.0 2.104189e-16
6452.0 2.248828e-16
6453.0 2.644312e-16
6454.0 2.911879e-16
6455.0 2.656223e-16
6456.0 2.219677e-16
6457.0 2.026516e-16
6458.0 1.802422e-16
6459.0 1.640847e-16
6460.0 2.359400e-16
6461.0 2.503556e-16
6462.0 1.236936e-16
6463.0 1.097313e-16
6464.0 1.839135e-16
6465.0 2.352471e-16
6466.0 2.888648e-16
6467.0 2.726145e-16
6468.0 1.903942e-16
6469.0 2.103630e-16
6470.0 1.989311e-16
6471.0 1.255673e-16
6472.0 2.088530e-16
6473.0 2.956681e-16
6474.0 2.690004e-16
6475.0 2.136926e-16
6476.0 2.073718e-16
6477.0 2.308974e-16
6478.0 1.992247e-16
6479.0 1.766883e-16
6480.0 1.963606e-16
6481.0 2.115981e-16
6482.0 2.352124e-16
6483.0 2.467277e-16
6484.0 2.212759e-16
6485.0 2.000312e-16
6486.0 1.889302e-16
6487.0 1.928872e-16
6488.0 2.142771e-16
6489.0 2.377450e-16
6490.0 2.530857e-16
6491.0 2.185499e-16
6492.0 1.962689e-16
6493.0 2.195158e-16
6494.0 2.138741e-16
6495.0 2.354294e-16
6496.0 2.659678e-16
6497.0 2.399590e-16
6498.0 1.966010e-16
6499.0 1.814392e-16
6500.0 2.324011e-16
6501.0 2.561841e-16
6502.0 2.258630e-16
6503.0 1.816864e-16
6504.0 2.045750e-16
6505.0 2.381299e-16
6506.0 1.948265e-16
6507.0 2.406990e-16
6508.0 3.161705e-16
6509.0 2.618396e-16
6510.0 1.812254e-16
6511.0 1.760701e-16
6512.0 1.950562e-16
6513.0 1.861650e-16
6514.0 1.919659e-16
6515.0 1.976041e-16
6516.0 1.996626e-16
6517.0 1.961819e-16
6518.0 1.741112e-16
6519.0 1.373137e-16
6520.0 1.088363e-16
6521.0 1.112502e-16
6522.0 1.231069e-16
6523.0 1.564593e-16
6524.0 2.126228e-16
6525.0 2.299236e-16
6526.0 2.358768e-16
6527.0 2.376020e-16
6528.0 2.253918e-16
6529.0 2.073214e-16
6530.0 1.916446e-16
6531.0 1.930803e-16
6532.0 2.489750e-16
6533.0 2.840115e-16
6534.0 2.177569e-16
6535.0 2.038050e-16
6536.0 2.370096e-16
6537.0 2.302257e-16
6538.0 2.453433e-16
6539.0 2.661197e-16
6540.0 2.536079e-16
6541.0 2.978145e-16
6542.0 3.207788e-16
6543.0 2.547133e-16
6544.0 2.072733e-16
6545.0 1.815637e-16
6546.0 1.754405e-16
6547.0 2.297967e-16
6548.0 2.514007e-16
6549.0 2.180012e-16
6550.0 2.273274e-16
6551.0 2.656447e-16
6552.0 2.696204e-16
6553.0 2.146694e-16
6554.0 2.294768e-16
6555.0 2.927363e-16
6556.0 2.784671e-16
6557.0 2.599071e-16
6558.0 2.539645e-16
6559.0 2.291461e-16
6560.0 1.979554e-16
6561.0 2.239564e-16
6562.0 3.179142e-16
6563.0 3.390313e-16
6564.0 2.753986e-16
6565.0 2.140255e-16
6566.0 2.478470e-16
6567.0 2.923446e-16
6568.0 2.605738e-16
6569.0 2.434645e-16
6570.0 2.162248e-16
6571.0 1.738729e-16
6572.0 2.102611e-16
6573.0 2.606640e-16
6574.0 2.253184e-16
6575.0 1.775324e-16
6576.0 2.089340e-16
6577.0 2.339040e-16
6578.0 2.108022e-16
6579.0 2.163550e-16
6580.0 2.253320e-16
6581.0 2.493455e-16
6582.0 2.830274e-16
6583.0 2.747484e-16
6584.0 2.548005e-16
6585.0 2.741963e-16
6586.0 3.131591e-16
6587.0 3.362097e-16
6588.0 2.903119e-16
6589.0 2.577140e-16
6590.0 2.930775e-16
6591.0 2.856496e-16
6592.0 2.624540e-16
6593.0 2.738655e-16
6594.0 2.694076e-16
6595.0 2.643344e-16
6596.0 2.666224e-16
6597.0 2.365413e-16
6598.0 2.341899e-16
6599.0 2.722730e-16
6600.0 2.868751e-16
6601.0 2.925126e-16
6602.0 2.749297e-16
6603.0 1.988733e-16
6604.0 1.933494e-16
6605.0 2.825850e-16
6606.0 3.462303e-16
6607.0 3.316236e-16
6608.0 2.757587e-16
6609.0 2.587193e-16
6610.0 2.659884e-16
6611.0 2.826391e-16
6612.0 3.117413e-16
6613.0 3.279132e-16
6614.0 3.390412e-16
6615.0 3.318372e-16
6616.0 3.178297e-16
6617.0 3.275668e-16
6618.0 3.300024e-16
6619.0 3.120062e-16
6620.0 3.125485e-16
6621.0 3.226973e-16
6622.0 3.066387e-16
6623.0 2.889342e-16
6624.0 2.836984e-16
6625.0 2.669475e-16
6626.0 2.646213e-16
6627.0 2.968750e-16
6628.0 3.401480e-16
6629.0 3.745699e-16
6630.0 3.886262e-16
6631.0 3.894234e-16
6632.0 3.542838e-16
6633.0 3.322524e-16
6634.0 3.728120e-16
6635.0 3.849618e-16
6636.0 3.565837e-16
6637.0 3.242484e-16
6638.0 3.308902e-16
6639.0 3.494200e-16
6640.0 3.428506e-16
6641.0 3.567087e-16
6642.0 3.822748e-16
6643.0 3.913397e-16
6644.0 3.874863e-16
6645.0 3.813963e-16
6646.0 3.842830e-16
6647.0 3.977680e-16
6648.0 3.954329e-16
6649.0 3.813439e-16
6650.0 4.157224e-16
6651.0 4.470179e-16
6652.0 4.124555e-16
6653.0 3.670309e-16
6654.0 3.890173e-16
6655.0 4.280398e-16
6656.0 4.137909e-16
6657.0 3.984505e-16
6658.0 4.083138e-16
6659.0 4.498309e-16
6660.0 4.848534e-16
6661.0 5.032695e-16
6662.0 5.262437e-16
6663.0 5.333193e-16
6664.0 5.432455e-16
6665.0 5.416348e-16
6666.0 5.126516e-16
6667.0 5.001865e-16
6668.0 5.106138e-16
6669.0 5.193895e-16
6670.0 5.155933e-16
6671.0 5.051138e-16
6672.0 5.051389e-16
6673.0 5.244751e-16
6674.0 5.417246e-16
6675.0 5.279530e-16
6676.0 5.472162e-16
6677.0 5.874816e-16
6678.0 5.776374e-16
6679.0 6.281717e-16
6680.0 7.016288e-16
6681.0 6.474574e-16
6682.0 5.982382e-16
6683.0 6.245018e-16
6684.0 6.699495e-16
6685.0 6.453313e-16
6686.0 5.666001e-16
6687.0 5.427690e-16
6688.0 6.673576e-16
6689.0 7.825586e-16
6690.0 7.118694e-16
6691.0 6.620957e-16
6692.0 6.579883e-16
6693.0 6.272653e-16
6694.0 6.528826e-16
6695.0 7.314959e-16
6696.0 8.262209e-16
6697.0 9.228222e-16
6698.0 9.421616e-16
6699.0 8.652701e-16
6700.0 7.695629e-16
6701.0 7.694329e-16
6702.0 8.403422e-16
6703.0 8.424103e-16
6704.0 7.797740e-16
6705.0 7.322538e-16
6706.0 7.432190e-16
6707.0 7.182331e-16
6708.0 6.787425e-16
6709.0 6.944384e-16
6710.0 7.197998e-16
6711.0 7.241081e-16
6712.0 7.081407e-16
6713.0 6.949165e-16
6714.0 6.572888e-16
6715.0 5.817433e-16
6716.0 5.815817e-16
6717.0 5.764982e-16
6718.0 5.224370e-16
6719.0 5.512625e-16
6720.0 5.654909e-16
6721.0 5.310800e-16
6722.0 5.642309e-16
6723.0 5.106082e-16
6724.0 3.951655e-16
6725.0 4.628942e-16
6726.0 5.121244e-16
6727.0 4.619501e-16
6728.0 3.980423e-16
6729.0 3.114375e-16
6730.0 2.599364e-16
6731.0 3.363825e-16
6732.0 4.000432e-16
6733.0 3.791076e-16
6734.0 3.520769e-16
6735.0 3.357305e-16
6736.0 3.535488e-16
6737.0 4.113755e-16
6738.0 3.940269e-16
6739.0 3.361281e-16
6740.0 3.230508e-16
6741.0 3.141618e-16
6742.0 3.140362e-16
6743.0 3.429288e-16
6744.0 3.591019e-16
6745.0 3.324915e-16
6746.0 3.059348e-16
6747.0 3.176961e-16
6748.0 3.262711e-16
6749.0 3.211399e-16
6750.0 3.282780e-16
6751.0 3.204160e-16
6752.0 3.299500e-16
6753.0 3.540497e-16
6754.0 3.099135e-16
6755.0 2.892700e-16
6756.0 3.458285e-16
6757.0 3.281241e-16
6758.0 3.090471e-16
6759.0 3.641850e-16
6760.0 3.585307e-16
6761.0 3.245208e-16
6762.0 3.240154e-16
6763.0 2.974757e-16
6764.0 2.744911e-16
6765.0 2.899405e-16
6766.0 2.765821e-16
6767.0 2.517859e-16
6768.0 2.538450e-16
6769.0 2.669430e-16
6770.0 3.055799e-16
6771.0 3.497744e-16
6772.0 2.967985e-16
6773.0 2.043140e-16
6774.0 1.796971e-16
6775.0 2.468460e-16
6776.0 2.977296e-16
6777.0 2.694302e-16
6778.0 2.233223e-16
6779.0 2.528501e-16
6780.0 3.251648e-16
6781.0 3.103401e-16
6782.0 2.721432e-16
6783.0 2.280176e-16
6784.0 1.691946e-16
6785.0 2.251575e-16
6786.0 3.124701e-16
6787.0 2.826815e-16
6788.0 2.230455e-16
6789.0 2.203398e-16
6790.0 2.477521e-16
6791.0 1.852824e-16
6792.0 1.725531e-16
6793.0 2.990919e-16
6794.0 3.266351e-16
6795.0 2.685106e-16
6796.0 2.216673e-16
6797.0 1.856963e-16
6798.0 1.702732e-16
6799.0 1.858197e-16
6800.0 2.396225e-16
6801.0 2.955683e-16
6802.0 3.170309e-16
6803.0 2.821823e-16
6804.0 2.674438e-16
6805.0 3.245315e-16
6806.0 3.715200e-16
6807.0 3.613972e-16
6808.0 3.111507e-16
6809.0 2.417725e-16
6810.0 2.039331e-16
6811.0 2.196452e-16
6812.0 2.593116e-16
6813.0 2.840241e-16
6814.0 2.870785e-16
6815.0 2.610865e-16
6816.0 2.135661e-16
6817.0 2.121392e-16
6818.0 2.728378e-16
6819.0 2.757914e-16
6820.0 2.366525e-16
6821.0 2.229371e-16
6822.0 2.574454e-16
6823.0 2.980064e-16
6824.0 3.057758e-16
6825.0 2.804538e-16
6826.0 2.570776e-16
6827.0 2.198494e-16
6828.0 1.453536e-16
6829.0 1.163962e-16
6830.0 1.808148e-16
6831.0 2.660260e-16
6832.0 3.093480e-16
6833.0 2.873250e-16
6834.0 2.263467e-16
6835.0 2.338049e-16
6836.0 2.519745e-16
6837.0 1.974188e-16
6838.0 1.611736e-16
6839.0 1.607104e-16
6840.0 1.665486e-16
6841.0 1.728968e-16
6842.0 2.003584e-16
6843.0 2.446663e-16
6844.0 2.518596e-16
6845.0 2.448988e-16
6846.0 2.288661e-16
6847.0 1.634958e-16
6848.0 1.383516e-16
6849.0 1.733651e-16
6850.0 1.978672e-16
6851.0 2.018947e-16
6852.0 1.853974e-16
6853.0 1.924156e-16
6854.0 2.045647e-16
6855.0 1.871090e-16
6856.0 1.940903e-16
6857.0 2.062619e-16
6858.0 2.116002e-16
6859.0 2.276400e-16
6860.0 2.170973e-16
6861.0 1.811456e-16
6862.0 1.459653e-16
6863.0 1.321121e-16
6864.0 1.305838e-16
6865.0 1.424644e-16
6866.0 1.841356e-16
6867.0 1.524919e-16
6868.0 9.334245e-18
6869.0 -6.447412e-17
6870.0 -2.083611e-17
6871.0 7.528035e-17
6872.0 1.273087e-16
6873.0 1.331772e-16
6874.0 1.160815e-16
6875.0 1.079750e-16
6876.0 1.078925e-16
6877.0 1.101607e-16
6878.0 1.142983e-16
6879.0 1.374785e-16
6880.0 1.571432e-16
6881.0 1.390315e-16
6882.0 1.184821e-16
6883.0 1.123870e-16
6884.0 1.144567e-16
6885.0 1.252435e-16
6886.0 1.110543e-16
6887.0 7.782527e-17
6888.0 1.067059e-16
6889.0 1.432006e-16
6890.0 1.296165e-16
6891.0 1.476623e-16
6892.0 1.732867e-16
6893.0 1.398835e-16
6894.0 1.113142e-16
6895.0 1.298571e-16
6896.0 1.439353e-16
6897.0 1.357860e-16
6898.0 1.617537e-16
6899.0 1.684155e-16
6900.0 6.166420e-17
6901.0 2.674679e-17
6902.0 1.329051e-16
6903.0 2.138093e-16
6904.0 1.784144e-16
6905.0 9.508404e-17
6906.0 9.294173e-17
6907.0 1.263344e-16
6908.0 1.497196e-16
6909.0 1.044422e-16
6910.0 8.256530e-17
6911.0 1.013791e-16
6912.0 8.931357e-17
6913.0 1.398741e-16
6914.0 1.915336e-16
6915.0 1.448826e-16
6916.0 9.069151e-17
6917.0 6.910962e-17
6918.0 7.938813e-17
6919.0 9.984757e-17
6920.0 6.444925e-17
6921.0 -9.787891e-18
6922.0 1.734030e-17
6923.0 9.543028e-17
6924.0 1.189231e-16
6925.0 7.362277e-17
6926.0 6.882283e-17
6927.0 1.101994e-16
6928.0 1.156244e-16
6929.0 1.255224e-16
6930.0 1.299212e-16
6931.0 1.118473e-16
6932.0 1.053800e-16
6933.0 1.152856e-16
6934.0 1.279004e-16
6935.0 1.596652e-16
6936.0 1.835133e-16
6937.0 1.558644e-16
6938.0 1.329654e-16
6939.0 1.268507e-16
6940.0 1.140440e-16
6941.0 1.014217e-16
6942.0 9.431744e-17
6943.0 9.589367e-17
6944.0 1.117841e-16
6945.0 1.198107e-16
6946.0 1.094077e-16
6947.0 1.324789e-16
6948.0 1.604011e-16
6949.0 1.341431e-16
6950.0 6.417798e-17
6951.0 1.820134e-17
6952.0 4.872846e-17
6953.0 1.223414e-16
6954.0 1.202866e-16
6955.0 6.554623e-17
6956.0 5.997322e-17
6957.0 7.611679e-17
6958.0 9.878824e-17
6959.0 1.266992e-16
6960.0 1.245647e-16
6961.0 1.048772e-16
6962.0 1.097648e-16
6963.0 1.041309e-16
6964.0 1.009525e-16
6965.0 1.225433e-16
6966.0 1.359652e-16
6967.0 1.211864e-16
6968.0 8.802608e-17
6969.0 8.248546e-17
6970.0 7.924427e-17
6971.0 6.448462e-17
6972.0 7.274466e-17
6973.0 6.488437e-17
6974.0 4.419374e-17
6975.0 7.449465e-17
6976.0 1.020813e-16
6977.0 7.830115e-17
6978.0 2.885852e-17
6979.0 2.872301e-17
6980.0 5.672205e-17
6981.0 2.671629e-17
6982.0 1.731536e-17
6983.0 5.452938e-17
6984.0 1.049189e-16
6985.0 1.249878e-16
6986.0 6.824418e-17
6987.0 5.738440e-18
6988.0 -5.753584e-18
6989.0 2.213514e-17
6990.0 6.546991e-17
6991.0 6.473273e-17
6992.0 3.814281e-17
6993.0 3.786854e-17
6994.0 8.127492e-17
6995.0 7.176502e-17
6996.0 -1.449677e-17
6997.0 -4.564528e-19
6998.0 6.840010e-17
6999.0 8.652518e-17
7000.0 6.496058e-17
7001.0 4.675849e-17
7002.0 4.434832e-17
7003.0 8.729909e-17
7004.0 1.608836e-16
7005.0 1.497994e-16
7006.0 1.338938e-18
7007.0 -4.060995e-17
7008.0 2.589465e-17
7009.0 9.480269e-18
7010.0 3.765516e-17
7011.0 8.700228e-17
7012.0 3.283572e-17
7013.0 6.757075e-18
7014.0 2.862563e-17
7015.0 3.091846e-17
7016.0 2.058685e-17
7017.0 2.173700e-17
7018.0 4.409817e-17
7019.0 4.159756e-17
7020.0 5.224591e-17
7021.0 8.783845e-17
7022.0 9.793024e-17
7023.0 8.347467e-17
7024.0 6.119366e-17
7025.0 4.899494e-17
7026.0 7.310312e-17
7027.0 8.988304e-17
7028.0 5.312106e-18
7029.0 -2.600073e-17
7030.0 4.353425e-17
7031.0 7.522987e-17
7032.0 9.659305e-17
7033.0 1.282107e-16
7034.0 1.191327e-16
7035.0 2.548619e-17
7036.0 -1.227895e-17
7037.0 1.170608e-16
7038.0 1.329070e-16
7039.0 7.852821e-17
7040.0 1.238306e-16
7041.0 1.128148e-16
7042.0 3.837862e-17
7043.0 1.035508e-18
7044.0 5.416351e-17
7045.0 7.409000e-17
7046.0 4.978890e-18
7047.0 2.851842e-17
7048.0 6.708083e-17
7049.0 6.128611e-17
7050.0 7.542404e-17
7051.0 3.966401e-17
7052.0 1.489557e-17
7053.0 7.113087e-17
7054.0 7.240513e-17
7055.0 4.004343e-17
7056.0 7.972329e-17
7057.0 9.315251e-17
7058.0 5.644696e-17
7059.0 4.987561e-17
7060.0 6.156404e-17
7061.0 7.176910e-17
7062.0 6.089591e-17
7063.0 3.590962e-17
7064.0 1.217296e-17
7065.0 -2.423133e-17
7066.0 -3.822280e-17
7067.0 3.888019e-17
7068.0 1.416126e-16
7069.0 5.408465e-17
7070.0 -4.471644e-17
7071.0 2.095436e-17
7072.0 5.734131e-17
7073.0 5.240071e-17
7074.0 4.904049e-17
7075.0 -1.432167e-18
7076.0 -1.170864e-17
7077.0 3.915209e-17
7078.0 6.319047e-17
7079.0 4.224376e-17
7080.0 5.708644e-18
7081.0 2.782922e-17
7082.0 7.142840e-17
7083.0 6.645629e-17
7084.0 5.785640e-18
7085.0 -5.927659e-18
7086.0 2.489323e-17
7087.0 9.739407e-18
7088.0 -1.746406e-17
7089.0 7.497112e-18
7090.0 8.073755e-17
7091.0 5.220570e-17
7092.0 2.235105e-17
7093.0 9.796325e-17
7094.0 8.729560e-17
7095.0 6.496493e-17
7096.0 1.180653e-16
7097.0 7.676929e-17
7098.0 4.293004e-17
7099.0 1.047269e-16
7100.0 1.064825e-16
7101.0 5.371827e-17
7102.0 2.207814e-17
7103.0 7.152542e-17
7104.0 8.919292e-17
7105.0 4.828381e-17
7106.0 6.014343e-17
7107.0 6.993088e-17
7108.0 6.453558e-17
7109.0 9.540192e-17
7110.0 8.045869e-17
7111.0 3.468981e-17
7112.0 6.838751e-17
7113.0 9.825385e-17
7114.0 6.151365e-17
7115.0 -2.366292e-18
7116.0 -1.829167e-17
7117.0 3.001560e-18
7118.0 1.382623e-17
7119.0 2.375801e-17
7120.0 3.227496e-17
7121.0 5.441986e-17
7122.0 1.266656e-16
7123.0 1.536284e-16
7124.0 8.685378e-17
7125.0 4.541881e-17
7126.0 3.510125e-17
7127.0 4.106154e-17
7128.0 6.980783e-17
7129.0 6.965495e-17
7130.0 5.128122e-17
7131.0 7.296587e-17
7132.0 6.857330e-17
7133.0 4.094880e-17
7134.0 6.591024e-17
7135.0 9.179598e-17
7136.0 9.035637e-17
7137.0 8.145961e-17
7138.0 7.376438e-17
7139.0 6.240354e-17
7140.0 5.021985e-17
7141.0 3.715392e-17
7142.0 3.592499e-17
7143.0 6.657202e-17
7144.0 8.818349e-17
7145.0 9.021623e-17
7146.0 7.338896e-17
7147.0 4.473466e-17
7148.0 5.149537e-17
7149.0 8.914904e-17
7150.0 6.762232e-17
7151.0 3.803567e-17
7152.0 4.786475e-17
7153.0 7.617311e-17
7154.0 6.816513e-17
7155.0 6.163536e-17
7156.0 1.375816e-16
7157.0 1.016656e-16
7158.0 6.185027e-18
7159.0 9.140661e-17
7160.0 1.842150e-16
7161.0 1.651818e-16
7162.0 8.835711e-17
7163.0 1.144571e-16
7164.0 1.921485e-16
7165.0 1.718458e-16
7166.0 1.327771e-16
7167.0 1.236188e-16
7168.0 1.270387e-16
7169.0 1.049243e-16
7170.0 1.160419e-16
7171.0 1.730169e-16
7172.0 1.694980e-16
7173.0 1.474250e-16
7174.0 1.499004e-16
7175.0 1.245269e-16
7176.0 1.035753e-16
7177.0 1.027360e-16
7178.0 6.120826e-17
7179.0 2.682649e-17
7180.0 5.135162e-17
7181.0 7.068684e-17
7182.0 8.709325e-17
7183.0 1.092871e-16
7184.0 1.139567e-16
7185.0 1.364255e-16
7186.0 1.546403e-16
7187.0 1.203232e-16
7188.0 7.510020e-17
7189.0 9.402033e-17
7190.0 1.835455e-16
7191.0 1.587492e-16
7192.0 7.531348e-17
7193.0 1.019059e-16
7194.0 1.628479e-16
7195.0 1.317792e-16
7196.0 1.325759e-17
7197.0 1.256218e-17
7198.0 8.932137e-17
7199.0 1.354881e-16
7200.0 1.292844e-16
7201.0 1.360943e-16
7202.0 1.650630e-16
7203.0 1.272944e-16
7204.0 1.008828e-16
7205.0 1.333039e-16
7206.0 1.475258e-16
7207.0 1.324112e-16
7208.0 1.568961e-16
7209.0 2.216457e-16
7210.0 2.038195e-16
7211.0 1.418263e-16
7212.0 1.407317e-16
7213.0 1.526327e-16
7214.0 1.320043e-16
7215.0 8.628556e-17
7216.0 8.184460e-17
7217.0 9.368176e-17
7218.0 9.336318e-17
7219.0 7.518994e-17
7220.0 4.953097e-17
7221.0 8.258057e-17
7222.0 1.250476e-16
7223.0 1.134159e-16
7224.0 6.246283e-17
7225.0 5.941369e-17
7226.0 1.040159e-16
7227.0 1.386412e-16
7228.0 1.059068e-16
7229.0 1.022754e-16
7230.0 1.521743e-16
7231.0 1.457288e-16
7232.0 1.081136e-16
7233.0 8.522084e-17
7234.0 8.481511e-17
7235.0 1.064913e-16
7236.0 1.492764e-16
7237.0 1.752326e-16
7238.0 1.396175e-16
7239.0 8.940490e-17
7240.0 9.576603e-17
7241.0 1.047612e-16
7242.0 1.255855e-16
7243.0 1.683094e-16
7244.0 1.609728e-16
7245.0 1.221240e-16
7246.0 9.034762e-17
7247.0 9.409839e-17
7248.0 1.405346e-16
7249.0 1.855453e-16
7250.0 1.205953e-16
7251.0 2.757049e-17
7252.0 -4.621523e-18
7253.0 -1.472928e-18
7254.0 3.050834e-17
7255.0 7.473213e-17
7256.0 8.180319e-17
7257.0 5.500977e-17
7258.0 6.499768e-17
7259.0 1.407623e-16
7260.0 1.955179e-16
7261.0 1.741657e-16
7262.0 9.922790e-17
7263.0 2.607280e-17
7264.0 -5.595560e-18
7265.0 4.852384e-18
7266.0 1.193871e-17
7267.0 3.084703e-17
7268.0 6.138335e-17
7269.0 5.430406e-17
7270.0 2.241518e-17
7271.0 1.082210e-17
7272.0 4.855689e-17
7273.0 8.164484e-17
7274.0 6.379375e-17
7275.0 6.452377e-17
7276.0 1.144866e-16
7277.0 2.007684e-16
7278.0 2.291263e-16
7279.0 1.597298e-16
7280.0 9.033960e-17
7281.0 6.265020e-17
7282.0 3.574646e-17
7283.0 -2.417188e-18
7284.0 2.154712e-17
7285.0 1.195446e-16
7286.0 1.929683e-16
7287.0 1.651920e-16
7288.0 1.180069e-16
7289.0 8.741908e-17
7290.0 5.546101e-17
7291.0 7.140468e-17
7292.0 1.054039e-16
7293.0 8.131193e-17
7294.0 5.802011e-17
7295.0 5.284601e-17
7296.0 5.350681e-17
7297.0 8.554323e-17
7298.0 9.529540e-17
7299.0 5.243962e-17
7300.0 2.682410e-17
7301.0 5.419732e-17
7302.0 9.478749e-17
7303.0 4.826651e-17
7304.0 -1.534919e-17
7305.0 -7.874035e-18
7306.0 7.142519e-17
7307.0 1.095193e-16
7308.0 7.459214e-17
7309.0 7.049261e-17
7310.0 6.272110e-17
7311.0 3.903939e-17
7312.0 3.943159e-17
7313.0 3.345600e-17
7314.0 4.033596e-17
7315.0 6.244935e-17
7316.0 7.835717e-17
7317.0 1.299816e-16
7318.0 1.601773e-16
7319.0 8.577103e-17
7320.0 1.768271e-17
7321.0 2.336845e-17
7322.0 1.056473e-18
7323.0 -1.996545e-17
7324.0 2.297718e-17
7325.0 9.350252e-17
7326.0 1.197880e-16
7327.0 8.847262e-17
7328.0 5.970223e-17
7329.0 7.974467e-17
7330.0 6.006251e-17
7331.0 -3.430451e-17
7332.0 -3.020979e-17
7333.0 5.468144e-17
7334.0 6.054791e-17
7335.0 5.877774e-17
7336.0 7.278951e-17
7337.0 4.246484e-17
7338.0 1.785656e-18
7339.0 -4.513239e-18
7340.0 4.876696e-17
7341.0 2.740681e-17
7342.0 -4.978072e-17
7343.0 -4.430348e-17
7344.0 3.218629e-18
7345.0 2.880969e-17
7346.0 1.514826e-17
7347.0 1.152596e-17
7348.0 -3.548979e-18
7349.0 -3.511427e-17
7350.0 -4.370447e-18
7351.0 2.903059e-17
7352.0 -1.137697e-18
7353.0 6.703382e-18
7354.0 6.269112e-17
7355.0 8.031451e-17
7356.0 7.084839e-18
7357.0 -2.986603e-17
7358.0 1.069503e-17
7359.0 1.586690e-17
7360.0 -2.249885e-17
7361.0 -4.577931e-17
7362.0 -1.684492e-17
7363.0 1.002985e-19
7364.0 -2.597903e-17
7365.0 -4.613974e-17
7366.0 -2.556952e-17
7367.0 -2.262690e-17
7368.0 -7.017718e-17
7369.0 -2.313520e-17
7370.0 7.233202e-17
7371.0 8.084028e-17
7372.0 4.067947e-17
7373.0 5.382607e-18
7374.0 5.591854e-18
7375.0 -4.132220e-18
7376.0 -2.600902e-17
7377.0 -3.303116e-17
7378.0 -4.986942e-17
7379.0 -4.908033e-17
7380.0 -2.321710e-17
7381.0 -1.662830e-17
7382.0 -2.469840e-17
7383.0 -2.433541e-17
7384.0 -1.084290e-17
7385.0 3.089816e-18
7386.0 8.136961e-18
7387.0 -9.582775e-18
7388.0 -4.647606e-17
7389.0 -8.011412e-17
7390.0 -8.249585e-17
7391.0 -4.027174e-17
7392.0 2.135481e-17
7393.0 6.693237e-17
7394.0 6.124399e-17
7395.0 1.465916e-17
7396.0 -2.276167e-17
7397.0 -1.370276e-17
7398.0 6.677438e-18
7399.0 -1.871302e-18
7400.0 -1.199375e-17
7401.0 -3.457008e-17
7402.0 -6.570441e-17
7403.0 -4.822670e-17
7404.0 -2.898335e-17
7405.0 -4.230441e-17
7406.0 -3.757207e-17
7407.0 -3.838072e-17
7408.0 -3.742042e-17
7409.0 -1.321808e-17
7410.0 -5.207214e-18
7411.0 -8.796214e-18
7412.0 1.693329e-17
7413.0 3.652049e-17
7414.0 1.660197e-17
7415.0 -2.183457e-17
7416.0 -7.280387e-18
7417.0 2.492364e-17
7418.0 2.598389e-17
7419.0 1.738011e-17
