4210.0000 5.3145933e-15
4212.0000 5.4236008e-15
4214.0000 3.1548753e-15
4216.0000 4.2676364e-15
4218.0000 5.9573804e-15
4220.0000 5.0574586e-15
4222.0000 2.9910277e-15
4224.0000 2.8155403e-15
4226.0000 4.2241330e-15
4228.0000 4.5292491e-15
4230.0000 4.7884076e-15
4232.0000 4.9800114e-15
4234.0000 4.9117670e-15
4236.0000 4.6585133e-15
4238.0000 4.3010272e-15
4240.0000 4.8402371e-15
4242.0000 5.0010222e-15
4244.0000 5.0929769e-15
4246.0000 4.8478938e-15
4248.0000 4.1039884e-15
4250.0000 4.1636789e-15
4252.0000 3.8572932e-15
4254.0000 3.5853447e-15
4256.0000 4.1184565e-15
4258.0000 4.3681513e-15
4260.0000 3.6526244e-15
4262.0000 4.0907663e-15
4264.0000 5.1863347e-15
4266.0000 3.5992425e-15
4268.0000 2.7813482e-15
4270.0000 2.6783429e-15
4272.0000 4.4792486e-15
4274.0000 4.4641928e-15
4276.0000 4.8986423e-15
4278.0000 4.0330477e-15
4280.0000 4.5369216e-15
4282.0000 4.0459352e-15
4284.0000 4.1348558e-15
4286.0000 4.3565554e-15
4288.0000 3.9992877e-15
4290.0000 4.1224035e-15
4292.0000 4.4651324e-15
4294.0000 3.7207997e-15
4296.0000 3.4449450e-15
4298.0000 3.3320188e-15
4300.0000 3.7478001e-15
4302.0000 3.5434126e-15
4304.0000 4.7331685e-15
4306.0000 4.8945900e-15
4308.0000 3.6671601e-15
4310.0000 4.0867784e-15
4312.0000 3.3842254e-15
4314.0000 2.9515122e-15
4316.0000 3.7049331e-15
4318.0000 4.1545719e-15
4320.0000 4.0108757e-15
4322.0000 3.9709265e-15
4324.0000 3.8930063e-15
4326.0000 4.3880466e-15
4328.0000 3.8581432e-15
4330.0000 4.0668706e-15
4332.0000 3.9180238e-15
4334.0000 4.1631054e-15
4336.0000 4.0429828e-15
4338.0000 4.0279207e-15
4340.0000 3.8607374e-15
4342.0000 3.4354562e-15
4344.0000 3.5257831e-15
4346.0000 3.9305091e-15
4348.0000 3.0550753e-15
4350.0000 3.0636057e-15
4352.0000 3.4776288e-15
4354.0000 3.8147765e-15
4356.0000 4.0900529e-15
4358.0000 2.8583571e-15
4360.0000 3.4539939e-15
4362.0000 3.8872225e-15
4364.0000 3.8243251e-15
4366.0000 3.7072476e-15
4368.0000 3.3665849e-15
4370.0000 3.6428653e-15
4372.0000 4.0436034e-15
4374.0000 3.7037657e-15
4376.0000 3.9361546e-15
4378.0000 2.9593528e-15
4380.0000 3.0685221e-15
4382.0000 3.9177677e-15
4384.0000 4.0437103e-15
4386.0000 3.9295647e-15
4388.0000 4.0409653e-15
4390.0000 3.6362802e-15
4392.0000 3.0705428e-15
4394.0000 2.9409156e-15
4396.0000 2.9171142e-15
4398.0000 2.8769717e-15
4400.0000 3.3444757e-15
4402.0000 3.5697924e-15
4404.0000 3.4303936e-15
4406.0000 3.3484180e-15
4408.0000 3.3398829e-15
4410.0000 3.5135650e-15
4412.0000 3.6815591e-15
4414.0000 3.5359978e-15
4416.0000 3.7202324e-15
4418.0000 3.7981322e-15
4420.0000 3.6847660e-15
4422.0000 3.8548153e-15
4424.0000 3.6778415e-15
4426.0000 3.5599469e-15
4428.0000 3.4888978e-15
4430.0000 3.4941254e-15
4432.0000 3.6416853e-15
4434.0000 3.3747978e-15
4436.0000 3.7368328e-15
4438.0000 3.3281457e-15
4440.0000 2.5582517e-15
4442.0000 3.2884007e-15
4444.0000 3.6044732e-15
4446.0000 3.9933876e-15
4448.0000 4.0782292e-15
4450.0000 3.4613804e-15
4452.0000 3.1796241e-15
4454.0000 3.5137881e-15
4456.0000 3.4364728e-15
4458.0000 3.0757499e-15
4460.0000 3.7649316e-15
4462.0000 3.7383475e-15
4464.0000 3.5545858e-15
4466.0000 3.6758758e-15
4468.0000 3.3054158e-15
4470.0000 3.6266358e-15
4472.0000 3.1289511e-15
4474.0000 3.6572109e-15
4476.0000 3.9189917e-15
4478.0000 3.9141837e-15
4480.0000 4.1053994e-15
4482.0000 3.7743025e-15
4484.0000 3.6717482e-15
4486.0000 2.9693679e-15
4488.0000 2.8958960e-15
4490.0000 2.8391312e-15
4492.0000 3.5715239e-15
4494.0000 3.6300706e-15
4496.0000 3.5168049e-15
4498.0000 3.6863168e-15
4500.0000 3.4492471e-15
4502.0000 3.1911226e-15
4504.0000 3.5578132e-15
4506.0000 3.4273752e-15
4508.0000 3.3516092e-15
4510.0000 3.0450051e-15
4512.0000 3.5888093e-15
4514.0000 4.0032975e-15
4516.0000 3.1887516e-15
4518.0000 3.4979593e-15
4520.0000 3.7771716e-15
4522.0000 3.1769404e-15
4524.0000 3.4857836e-15
4526.0000 3.5480337e-15
4528.0000 3.2200542e-15
4530.0000 3.9242555e-15
4532.0000 3.3214301e-15
4534.0000 3.1091564e-15
4536.0000 3.1371154e-15
4538.0000 3.7219608e-15
4540.0000 3.5246439e-15
4542.0000 3.3542584e-15
4544.0000 3.4198316e-15
4546.0000 3.2423094e-15
4548.0000 2.9791192e-15
4550.0000 2.8477495e-15
4552.0000 3.2153608e-15
4554.0000 3.4096405e-15
4556.0000 3.3715233e-15
4558.0000 3.8009291e-15
4560.0000 3.8602204e-15
4562.0000 3.5598401e-15
4564.0000 3.5977781e-15
4566.0000 3.6816109e-15
4568.0000 3.7483532e-15
4570.0000 3.7284580e-15
4572.0000 3.5259182e-15
4574.0000 3.2467797e-15
4576.0000 3.3388805e-15
4578.0000 3.7956402e-15
4580.0000 3.5088308e-15
4582.0000 3.4594226e-15
4584.0000 3.5010656e-15
4586.0000 3.1576800e-15
4588.0000 3.4901705e-15
4590.0000 3.3144506e-15
4592.0000 3.3648408e-15
4594.0000 3.3179058e-15
4596.0000 3.2852598e-15
4598.0000 3.7074204e-15
4600.0000 3.8202335e-15
4602.0000 3.5519508e-15
4604.0000 3.3117637e-15
4606.0000 3.2138854e-15
4608.0000 3.3522629e-15
4610.0000 3.4569039e-15
4612.0000 3.5012385e-15
4614.0000 3.3913809e-15
4616.0000 3.3903344e-15
4618.0000 3.1962889e-15
4620.0000 3.0919056e-15
4622.0000 3.2882436e-15
4624.0000 3.1414159e-15
4626.0000 2.9997922e-15
4628.0000 3.1474762e-15
4630.0000 3.4656684e-15
4632.0000 3.7421232e-15
4634.0000 3.7184679e-15
4636.0000 3.5342333e-15
4638.0000 3.3728589e-15
4640.0000 3.4138829e-15
4642.0000 3.3605371e-15
4644.0000 3.3914343e-15
4646.0000 3.7274162e-15
4648.0000 3.3029568e-15
4650.0000 2.9465517e-15
4652.0000 3.2123157e-15
4654.0000 3.4090214e-15
4656.0000 3.9685021e-15
4658.0000 3.2294440e-15
4660.0000 3.4009687e-15
4662.0000 3.5930502e-15
4664.0000 3.1488951e-15
4666.0000 2.7976924e-15
4668.0000 3.4208388e-15
4670.0000 3.4367384e-15
4672.0000 3.4886888e-15
4674.0000 3.5110934e-15
4676.0000 3.5507975e-15
4678.0000 3.1690842e-15
4680.0000 3.1901311e-15
4682.0000 3.6508127e-15
4684.0000 3.6074759e-15
4686.0000 3.3601490e-15
4688.0000 3.2603648e-15
4690.0000 3.5965541e-15
4692.0000 3.4609734e-15
4694.0000 3.1915798e-15
4696.0000 3.5561131e-15
4698.0000 3.3564298e-15
4700.0000 3.2756594e-15
4702.0000 3.4078555e-15
4704.0000 3.5028836e-15
4706.0000 3.4454604e-15
4708.0000 3.4904015e-15
4710.0000 3.6837117e-15
4712.0000 3.5251939e-15
4714.0000 3.5164435e-15
4716.0000 4.0321003e-15
4718.0000 3.7667495e-15
4720.0000 3.4171275e-15
4722.0000 3.5458747e-15
4724.0000 3.6421127e-15
4726.0000 3.6239584e-15
4728.0000 3.7876865e-15
4730.0000 3.7013616e-15
4732.0000 3.8784942e-15
4734.0000 3.5955280e-15
4736.0000 3.5226453e-15
4738.0000 3.5889948e-15
4740.0000 3.5933770e-15
4742.0000 3.3971663e-15
4744.0000 3.4998338e-15
4746.0000 3.7003859e-15
4748.0000 3.5519791e-15
4750.0000 3.6723138e-15
4752.0000 3.5488240e-15
4754.0000 3.6396442e-15
4756.0000 3.5509609e-15
4758.0000 3.4680347e-15
4760.0000 3.5353285e-15
4762.0000 3.4108708e-15
4764.0000 3.5506781e-15
4766.0000 3.3993692e-15
4768.0000 3.3489978e-15
4770.0000 3.4105188e-15
4772.0000 3.3782750e-15
4774.0000 3.3742573e-15
4776.0000 3.2790313e-15
4778.0000 3.5299139e-15
4780.0000 3.8389079e-15
4782.0000 3.8674309e-15
4784.0000 3.7127642e-15
4786.0000 3.4320827e-15
4788.0000 3.2192041e-15
4790.0000 3.2205632e-15
4792.0000 3.5809248e-15
4794.0000 3.3149895e-15
4796.0000 3.1898955e-15
4798.0000 3.2439121e-15
4800.0000 2.9658468e-15
4802.0000 3.3594608e-15
4804.0000 3.0638665e-15
4806.0000 2.8485776e-15
4808.0000 3.3492838e-15
4810.0000 3.6130648e-15
4812.0000 3.2408906e-15
4814.0000 2.9841802e-15
4816.0000 2.9716321e-15
4818.0000 3.1150738e-15
4820.0000 3.3801543e-15
4822.0000 3.4227683e-15
4824.0000 3.0087059e-15
4826.0000 3.0352303e-15
4828.0000 3.3651582e-15
4830.0000 3.4596709e-15
4832.0000 3.2316013e-15
4834.0000 3.0763533e-15
4836.0000 3.2087364e-15
4838.0000 3.4117365e-15
4840.0000 3.1847512e-15
4842.0000 3.2041766e-15
4844.0000 3.2571563e-15
4846.0000 3.0822188e-15
4848.0000 3.0839692e-15
4850.0000 2.9740063e-15
4852.0000 3.0040315e-15
4854.0000 3.2317145e-15
4856.0000 3.1793633e-15
4858.0000 3.2007921e-15
4860.0000 3.1503328e-15
4862.0000 2.9834103e-15
4864.0000 3.0561045e-15
4866.0000 3.0413331e-15
4868.0000 2.8221003e-15
4870.0000 3.0743578e-15
4872.0000 3.2050314e-15
4874.0000 3.1607738e-15
4876.0000 3.0213436e-15
4878.0000 3.1626373e-15
4880.0000 3.1607078e-15
4882.0000 3.1605302e-15
4884.0000 2.8558650e-15
4886.0000 2.7842613e-15
4888.0000 3.0993062e-15
4890.0000 3.0084373e-15
4892.0000 3.0075699e-15
4894.0000 3.3225755e-15
4896.0000 3.1095304e-15
4898.0000 3.0692323e-15
4900.0000 3.1322995e-15
4902.0000 3.0158614e-15
4904.0000 2.8499524e-15
4906.0000 2.8741026e-15
4908.0000 2.9030028e-15
4910.0000 3.1140336e-15
4912.0000 2.9432112e-15
4914.0000 2.9805412e-15
4916.0000 3.1720727e-15
4918.0000 3.0816280e-15
4920.0000 3.0867189e-15
4922.0000 3.0542441e-15
4924.0000 3.1775564e-15
4926.0000 3.2205632e-15
4928.0000 3.3191518e-15
4930.0000 3.1796996e-15
4932.0000 3.1060327e-15
4934.0000 3.0669289e-15
4936.0000 3.0535858e-15
4938.0000 3.0139414e-15
4940.0000 3.0350999e-15
4942.0000 3.3668504e-15
4944.0000 3.2988448e-15
4946.0000 3.0531301e-15
4948.0000 3.1488071e-15
4950.0000 2.9850412e-15
4952.0000 3.0084420e-15
4954.0000 3.1013818e-15
4956.0000 3.0022622e-15
4958.0000 2.9053769e-15
4960.0000 2.9252360e-15
4962.0000 2.9992218e-15
4964.0000 3.0729295e-15
4966.0000 3.1807193e-15
4968.0000 3.1443086e-15
4970.0000 3.2018511e-15
4972.0000 2.9605752e-15
4974.0000 2.9232924e-15
4976.0000 2.8486074e-15
4978.0000 2.9794083e-15
4980.0000 3.1675632e-15
4982.0000 3.1875260e-15
4984.0000 2.8934527e-15
4986.0000 2.7874855e-15
4988.0000 2.8768099e-15
4990.0000 2.8069062e-15
4992.0000 2.9344656e-15
4994.0000 3.1244809e-15
4996.0000 3.1398069e-15
4998.0000 2.8662071e-15
5000.0000 2.7882193e-15
5002.0000 2.8537454e-15
5004.0000 2.7487744e-15
5006.0000 2.8007485e-15
5008.0000 2.8360939e-15
5010.0000 2.8906338e-15
5012.0000 2.7324397e-15
5014.0000 2.9099289e-15
5016.0000 2.8878024e-15
5018.0000 2.8059101e-15
5020.0000 2.7989305e-15
5022.0000 2.7075022e-15
5024.0000 2.6839067e-15
5026.0000 2.9696948e-15
5028.0000 2.9457928e-15
5030.0000 2.9263029e-15
5032.0000 2.8579093e-15
5034.0000 2.7454418e-15
5036.0000 2.5690431e-15
5038.0000 2.6618981e-15
5040.0000 2.7525942e-15
5042.0000 2.7996895e-15
5044.0000 2.7366538e-15
5046.0000 2.9229357e-15
5048.0000 2.8943546e-15
5050.0000 2.8994580e-15
5052.0000 2.9027859e-15
5054.0000 2.8381303e-15
5056.0000 2.6567396e-15
5058.0000 2.5756801e-15
5060.0000 2.7217253e-15
5062.0000 2.9552691e-15
5064.0000 2.5527240e-15
5066.0000 2.6648348e-15
5068.0000 2.7354533e-15
5070.0000 2.7384874e-15
5072.0000 2.9444714e-15
5074.0000 2.9365035e-15
5076.0000 2.8301074e-15
5078.0000 2.6734892e-15
5080.0000 2.6746190e-15
5082.0000 2.6289284e-15
5084.0000 2.6986953e-15
5086.0000 2.6452773e-15
5088.0000 2.6740769e-15
5090.0000 2.9109942e-15
5092.0000 2.8616253e-15
5094.0000 2.8043341e-15
5096.0000 2.6983434e-15
5098.0000 2.7660630e-15
5100.0000 2.5998507e-15
5102.0000 2.8907391e-15
5104.0000 2.9202677e-15
5106.0000 2.7334751e-15
5108.0000 3.0104328e-15
5110.0000 3.0983949e-15
5112.0000 2.8317667e-15
5114.0000 2.6745530e-15
5116.0000 2.5795752e-15
5118.0000 2.7338491e-15
5120.0000 2.8082858e-15
5122.0000 2.7727173e-15
5124.0000 2.5486686e-15
5126.0000 2.6506259e-15
5128.0000 2.8139989e-15
5130.0000 2.6457236e-15
5132.0000 2.5186921e-15
5134.0000 2.7131132e-15
5136.0000 2.7515053e-15
5138.0000 2.8752748e-15
5140.0000 2.6528241e-15
5142.0000 2.5736924e-15
5144.0000 2.5683266e-15
5146.0000 2.6688273e-15
5148.0000 2.6604007e-15
5150.0000 2.6906568e-15
5152.0000 2.6161211e-15
5154.0000 2.5750233e-15
5156.0000 2.4487335e-15
5158.0000 2.7314906e-15
5160.0000 2.6614518e-15
5162.0000 2.7018473e-15
5164.0000 2.8822229e-15
5166.0000 2.8197827e-15
5168.0000 2.7550909e-15
5170.0000 2.6194600e-15
5172.0000 2.4754574e-15
5174.0000 2.5866584e-15
5176.0000 2.7732531e-15
5178.0000 2.6150102e-15
5180.0000 2.3926490e-15
5182.0000 2.5098947e-15
5184.0000 2.5757429e-15
5186.0000 2.4463986e-15
5188.0000 2.4717995e-15
5190.0000 2.5011066e-15
5192.0000 2.4407562e-15
5194.0000 2.5301560e-15
5196.0000 2.5877080e-15
5198.0000 2.5682433e-15
5200.0000 2.4579002e-15
5202.0000 2.5363232e-15
5204.0000 2.6021730e-15
5206.0000 2.4404875e-15
5208.0000 2.5597868e-15
5210.0000 2.6894862e-15
5212.0000 2.4910741e-15
5214.0000 2.3790922e-15
5216.0000 2.3930670e-15
5218.0000 2.5907987e-15
5220.0000 2.7032677e-15
5222.0000 2.6460394e-15
5224.0000 2.6333672e-15
5226.0000 2.3767055e-15
5228.0000 2.3291247e-15
5230.0000 2.4017985e-15
5232.0000 2.4676436e-15
5234.0000 2.6293558e-15
5236.0000 2.6058875e-15
5238.0000 2.5095050e-15
5240.0000 2.4011260e-15
5242.0000 2.4593787e-15
5244.0000 2.5866694e-15
5246.0000 2.5225763e-15
5248.0000 2.4747661e-15
5250.0000 2.4725585e-15
5252.0000 2.4108332e-15
5254.0000 2.4646896e-15
5256.0000 2.4609201e-15
5258.0000 2.5987634e-15
5260.0000 2.5707306e-15
5262.0000 2.6982083e-15
5264.0000 2.6285010e-15
5266.0000 2.4806551e-15
5268.0000 2.3584302e-15
5270.0000 2.2907656e-15
5272.0000 2.2375330e-15
5274.0000 2.1934026e-15
5276.0000 2.3012600e-15
5278.0000 2.2804534e-15
5280.0000 2.2785003e-15
5282.0000 2.4036698e-15
5284.0000 2.3924699e-15
5286.0000 2.3867804e-15
5288.0000 2.3352007e-15
5290.0000 2.3554307e-15
5292.0000 2.3999459e-15
5294.0000 2.2186025e-15
5296.0000 2.3365787e-15
5298.0000 2.3649776e-15
5300.0000 2.3132990e-15
5302.0000 2.4311543e-15
5304.0000 2.4369412e-15
5306.0000 2.5855130e-15
5308.0000 2.4612423e-15
5310.0000 2.3828821e-15
5312.0000 2.3893337e-15
5314.0000 2.2656050e-15
5316.0000 2.3600847e-15
5318.0000 2.3776482e-15
5320.0000 2.3662173e-15
5322.0000 2.4253406e-15
5324.0000 2.2799648e-15
5326.0000 2.3884868e-15
5328.0000 2.2939254e-15
5330.0000 2.3649855e-15
5332.0000 2.2185553e-15
5334.0000 2.2546502e-15
5336.0000 2.3334283e-15
5338.0000 2.4143214e-15
5340.0000 2.4222987e-15
5342.0000 2.3320378e-15
5344.0000 2.4938993e-15
5346.0000 2.4369271e-15
5348.0000 2.4476870e-15
5350.0000 2.4104482e-15
5352.0000 2.4612658e-15
5354.0000 2.4600371e-15
5356.0000 2.3691792e-15
5358.0000 2.2488492e-15
5360.0000 2.2565326e-15
5362.0000 2.3582369e-15
5364.0000 2.3811647e-15
5366.0000 2.3864017e-15
5368.0000 2.3300454e-15
5370.0000 2.2039458e-15
5372.0000 2.1605304e-15
5374.0000 2.1529333e-15
5376.0000 2.1491403e-15
5378.0000 2.2170139e-15
5380.0000 2.3155820e-15
5382.0000 2.2808478e-15
5384.0000 2.1771794e-15
5386.0000 2.2517104e-15
5388.0000 2.3783977e-15
5390.0000 2.3659659e-15
5392.0000 2.3246372e-15
5394.0000 2.3657397e-15
5396.0000 2.4136834e-15
5398.0000 2.4191294e-15
5400.0000 2.3966620e-15
5402.0000 2.4094018e-15
5404.0000 2.3339202e-15
5406.0000 2.3619891e-15
5408.0000 2.5244806e-15
5410.0000 2.4465353e-15
5412.0000 2.5195265e-15
5414.0000 2.5567983e-15
5416.0000 2.5314680e-15
5418.0000 2.4457811e-15
5420.0000 2.4527968e-15
5422.0000 2.3839600e-15
5424.0000 2.2443632e-15
5426.0000 2.2356160e-15
5428.0000 2.3667751e-15
5430.0000 2.3557638e-15
5432.0000 2.3135127e-15
5434.0000 2.3149488e-15
5436.0000 2.2619252e-15
5438.0000 2.1791278e-15
5440.0000 2.2581117e-15
5442.0000 2.2992566e-15
5444.0000 2.3485171e-15
5446.0000 2.2972266e-15
5448.0000 2.2854469e-15
5450.0000 2.3659204e-15
5452.0000 2.3665709e-15
5454.0000 2.3564457e-15
5456.0000 2.2913045e-15
5458.0000 2.2014412e-15
5460.0000 2.2660843e-15
5462.0000 2.3054427e-15
5464.0000 2.2778090e-15
5466.0000 2.3718597e-15
5468.0000 2.3508803e-15
5470.0000 2.3185941e-15
5472.0000 2.3037347e-15
5474.0000 2.2973837e-15
5476.0000 2.2975974e-15
5478.0000 2.2194305e-15
5480.0000 2.2274408e-15
5482.0000 2.2047597e-15
5484.0000 2.1934545e-15
5486.0000 2.2904922e-15
5488.0000 2.2343732e-15
5490.0000 2.3096474e-15
5492.0000 2.2930848e-15
5494.0000 2.2913108e-15
5496.0000 2.3322169e-15
5498.0000 2.2705089e-15
5500.0000 2.2573434e-15
5502.0000 2.2627453e-15
5504.0000 2.1719487e-15
5506.0000 2.1707750e-15
5508.0000 2.2379871e-15
5510.0000 2.2191241e-15
5512.0000 2.1852399e-15
5514.0000 2.2001009e-15
5516.0000 2.1836828e-15
5518.0000 2.0824373e-15
5520.0000 2.1271820e-15
5522.0000 2.2213286e-15
5524.0000 2.2876875e-15
5526.0000 2.3210767e-15
5528.0000 2.3385318e-15
5530.0000 2.3066038e-15
5532.0000 2.2311584e-15
5534.0000 2.2487580e-15
5536.0000 2.2123253e-15
5538.0000 2.1527605e-15
5540.0000 2.2002203e-15
5542.0000 2.1982327e-15
5544.0000 2.1395619e-15
5546.0000 2.0989182e-15
5548.0000 2.1733660e-15
5550.0000 2.2244742e-15
5552.0000 2.2663640e-15
5554.0000 2.2823955e-15
5556.0000 2.2597348e-15
5558.0000 2.1885584e-15
5560.0000 2.1462523e-15
5562.0000 2.1884972e-15
5564.0000 2.1144784e-15
5566.0000 2.2021765e-15
5568.0000 2.1814061e-15
5570.0000 2.0932491e-15
5572.0000 2.1684809e-15
5574.0000 2.1736032e-15
5576.0000 2.1081321e-15
5578.0000 2.2477776e-15
5580.0000 2.2958455e-15
5582.0000 2.2650504e-15
5584.0000 2.1439222e-15
5586.0000 2.1409242e-15
5588.0000 2.1104198e-15
5590.0000 2.1223865e-15
5592.0000 2.1481127e-15
5594.0000 2.1920843e-15
5596.0000 2.1485338e-15
5598.0000 2.1531219e-15
5600.0000 2.1037326e-15
5602.0000 2.0536362e-15
5604.0000 2.0537006e-15
5606.0000 2.0647890e-15
5608.0000 2.1223960e-15
5610.0000 2.1412039e-15
5612.0000 2.1257459e-15
5614.0000 2.2219681e-15
5616.0000 2.2458355e-15
5618.0000 2.2017649e-15
5620.0000 2.1551409e-15
5622.0000 2.1134256e-15
5624.0000 2.1307000e-15
5626.0000 2.0421864e-15
5628.0000 1.9946198e-15
5630.0000 2.1589748e-15
5632.0000 2.2650787e-15
5634.0000 2.1796431e-15
5636.0000 2.1995022e-15
5638.0000 2.2061817e-15
5640.0000 2.0408006e-15
5642.0000 2.0926096e-15
5644.0000 2.1872103e-15
5646.0000 2.1492110e-15
5648.0000 2.1094111e-15
5650.0000 2.0701029e-15
5652.0000 2.0918067e-15
5654.0000 2.1496620e-15
5656.0000 2.2473125e-15
5658.0000 2.1834393e-15
5660.0000 2.2036111e-15
5662.0000 2.2069799e-15
5664.0000 2.1963362e-15
5666.0000 2.2325285e-15
5668.0000 2.1309530e-15
5670.0000 2.0718628e-15
5672.0000 2.0992215e-15
5674.0000 2.0547172e-15
5676.0000 2.1346250e-15
5678.0000 2.1431177e-15
5680.0000 2.1769201e-15
5682.0000 2.1236231e-15
5684.0000 2.0691366e-15
5686.0000 1.9847743e-15
5688.0000 2.1021487e-15
5690.0000 2.1997269e-15
5692.0000 2.2017696e-15
5694.0000 2.1700302e-15
5696.0000 2.1228092e-15
5698.0000 2.1505749e-15
5700.0000 2.0447051e-15
5702.0000 1.9558961e-15
5704.0000 1.9914568e-15
5706.0000 2.0280577e-15
5708.0000 2.0820853e-15
5710.0000 2.0682206e-15
5712.0000 2.0419224e-15
5714.0000 2.0238671e-15
5716.0000 2.0247093e-15
5718.0000 2.0032617e-15
5720.0000 2.0652886e-15
5722.0000 2.0820099e-15
5724.0000 2.0648109e-15
5726.0000 2.1936336e-15
5728.0000 2.1706508e-15
5730.0000 2.0802611e-15
5732.0000 2.1228548e-15
5734.0000 2.1431255e-15
5736.0000 2.0706906e-15
5738.0000 2.0610478e-15
5740.0000 2.0994666e-15
5742.0000 2.0362439e-15
5744.0000 2.0589674e-15
5746.0000 2.1049456e-15
5748.0000 2.1028637e-15
5750.0000 2.1075240e-15
5752.0000 2.0994870e-15
5754.0000 2.0538436e-15
5756.0000 2.0595912e-15
5758.0000 2.1290942e-15
5760.0000 2.1269605e-15
5762.0000 2.1305366e-15
5764.0000 2.1693593e-15
5766.0000 2.1006812e-15
5768.0000 2.1494059e-15
5770.0000 2.0790654e-15
5772.0000 2.0380352e-15
5774.0000 2.0701548e-15
5776.0000 2.1013317e-15
5778.0000 2.0582274e-15
5780.0000 2.0950608e-15
5782.0000 2.1063754e-15
5784.0000 2.0769505e-15
5786.0000 2.1058663e-15
5788.0000 2.0896651e-15
5790.0000 2.1934388e-15
5792.0000 2.1652253e-15
5794.0000 2.1295703e-15
5796.0000 2.1706100e-15
5798.0000 2.2249880e-15
5800.0000 2.1815161e-15
5802.0000 2.1756160e-15
5804.0000 2.1164157e-15
5806.0000 2.1193948e-15
5808.0000 2.1836216e-15
5810.0000 2.1836970e-15
5812.0000 2.1870815e-15
5814.0000 2.1873376e-15
5816.0000 2.1358113e-15
5818.0000 2.0777267e-15
5820.0000 2.0948220e-15
5822.0000 2.0908577e-15
5824.0000 2.0447209e-15
5826.0000 2.1321755e-15
5828.0000 2.1578687e-15
5830.0000 2.1095116e-15
5832.0000 2.1548927e-15
5834.0000 2.1670165e-15
5836.0000 2.1954830e-15
5838.0000 2.1370448e-15
5840.0000 2.1746167e-15
5842.0000 2.1858197e-15
5844.0000 2.1377000e-15
5846.0000 2.1432450e-15
5848.0000 2.1461471e-15
5850.0000 2.0743123e-15
5852.0000 2.1888884e-15
5854.0000 2.1442647e-15
5856.0000 2.1920105e-15
5858.0000 2.2061911e-15
5860.0000 2.1799417e-15
5862.0000 2.1280839e-15
5864.0000 2.1197185e-15
5866.0000 2.1553876e-15
5868.0000 2.1709007e-15
5870.0000 2.0812872e-15
5872.0000 2.1129071e-15
5874.0000 2.1159098e-15
5876.0000 2.1482494e-15
5878.0000 2.1449906e-15
5880.0000 2.0841641e-15
5882.0000 2.0907948e-15
5884.0000 2.0490685e-15
5886.0000 2.0994446e-15
5888.0000 2.0505769e-15
5890.0000 2.0181163e-15
5892.0000 2.1074596e-15
5894.0000 2.0129579e-15
5896.0000 1.9868562e-15
5898.0000 2.0222959e-15
5900.0000 1.9675753e-15
5902.0000 1.9822822e-15
5904.0000 2.0209917e-15
5906.0000 1.9796362e-15
5908.0000 2.0094100e-15
5910.0000 2.0458035e-15
5912.0000 2.0552404e-15
5914.0000 2.0626159e-15
5916.0000 1.9930076e-15
5918.0000 2.0149738e-15
5920.0000 2.1054028e-15
5922.0000 2.0803051e-15
5924.0000 2.0885904e-15
5926.0000 2.1454541e-15
5928.0000 2.0917030e-15
5930.0000 2.0632287e-15
5932.0000 2.0570097e-15
5934.0000 1.9995928e-15
5936.0000 2.0238656e-15
5938.0000 2.0572595e-15
5940.0000 2.1289701e-15
5942.0000 2.1136802e-15
5944.0000 2.1055206e-15
5946.0000 2.0803177e-15
5948.0000 2.0425007e-15
5950.0000 2.0838090e-15
5952.0000 2.0910761e-15
5954.0000 2.1199856e-15
5956.0000 2.1093325e-15
5958.0000 2.1181834e-15
5960.0000 2.1433015e-15
5962.0000 2.1479069e-15
5964.0000 2.1358365e-15
5966.0000 2.1526709e-15
5968.0000 2.1107844e-15
5970.0000 2.0500946e-15
5972.0000 1.9967818e-15
5974.0000 2.0651299e-15
5976.0000 2.1475251e-15
5978.0000 2.1908729e-15
5980.0000 2.1836750e-15
5982.0000 2.1310677e-15
5984.0000 2.1422771e-15
5986.0000 2.1299018e-15
5988.0000 2.1162885e-15
5990.0000 2.1446701e-15
5992.0000 2.2198453e-15
5994.0000 2.2524976e-15
5996.0000 2.2231308e-15
5998.0000 2.1825814e-15
6000.0000 2.1693215e-15
6002.0000 2.2326149e-15
6004.0000 2.1967840e-15
6006.0000 2.1119220e-15
6008.0000 2.1035974e-15
6010.0000 2.0004397e-15
6012.0000 1.8673684e-15
6014.0000 1.8915107e-15
6016.0000 1.9526248e-15
6018.0000 1.9547271e-15
6020.0000 2.0453054e-15
6022.0000 2.0760376e-15
6024.0000 2.0516375e-15
6026.0000 2.0701799e-15
6028.0000 2.0553347e-15
6030.0000 2.0460533e-15
6032.0000 2.0596415e-15
6034.0000 2.0572375e-15
6036.0000 2.0050325e-15
6038.0000 1.9796724e-15
6040.0000 2.0455426e-15
6042.0000 2.0422854e-15
6044.0000 2.0346428e-15
6046.0000 2.0446093e-15
6048.0000 2.0877356e-15
6050.0000 2.0421990e-15
6052.0000 2.0093566e-15
6054.0000 2.0662204e-15
6056.0000 2.0195006e-15
6058.0000 2.0729312e-15
6060.0000 2.0726358e-15
6062.0000 2.0547313e-15
6064.0000 2.0001113e-15
6066.0000 2.0645925e-15
6068.0000 2.0267881e-15
6070.0000 2.0086432e-15
6072.0000 2.0329301e-15
6074.0000 2.0094838e-15
6076.0000 1.9978173e-15
6078.0000 2.0043631e-15
6080.0000 2.0822142e-15
6082.0000 2.1011573e-15
6084.0000 2.1347885e-15
6086.0000 2.0316543e-15
6088.0000 1.9362130e-15
6090.0000 2.0123184e-15
6092.0000 2.0875313e-15
6094.0000 2.0763283e-15
6096.0000 2.0709954e-15
6098.0000 2.0381106e-15
6100.0000 1.9248512e-15
6102.0000 1.9346323e-15
6104.0000 1.9808053e-15
6106.0000 1.9565042e-15
6108.0000 1.9599940e-15
6110.0000 1.9969012e-15
6112.0000 2.0308357e-15
6114.0000 1.9720329e-15
6116.0000 2.0009221e-15
6118.0000 2.0185123e-15
6120.0000 1.9544694e-15
6122.0000 1.9215374e-15
6124.0000 2.0338792e-15
6126.0000 2.0381451e-15
6128.0000 1.9343416e-15
6130.0000 1.9192418e-15
6132.0000 1.9703155e-15
6134.0000 1.9139876e-15
6136.0000 1.9457584e-15
6138.0000 1.9530521e-15
6140.0000 1.9751676e-15
6142.0000 1.9094670e-15
6144.0000 1.9699589e-15
6146.0000 2.0223572e-15
6148.0000 1.9675203e-15
6150.0000 1.9887888e-15
6152.0000 2.0283201e-15
6154.0000 2.0429281e-15
6156.0000 2.0602072e-15
6158.0000 2.0257558e-15
6160.0000 1.9677151e-15
6162.0000 2.0392010e-15
6164.0000 1.9927232e-15
6166.0000 1.8916600e-15
6168.0000 1.9907325e-15
6170.0000 2.0149440e-15
6172.0000 2.0228317e-15
6174.0000 2.0219266e-15
6176.0000 1.9910090e-15
6178.0000 1.9104805e-15
6180.0000 1.9441635e-15
6182.0000 2.0018208e-15
6184.0000 1.9269331e-15
6186.0000 1.9700909e-15
6188.0000 1.9752681e-15
6190.0000 1.9462517e-15
6192.0000 1.9708482e-15
6194.0000 1.9130951e-15
6196.0000 1.9607890e-15
6198.0000 1.9895996e-15
6200.0000 1.9526640e-15
6202.0000 1.8993246e-15
6204.0000 1.8868944e-15
6206.0000 1.9624467e-15
6208.0000 1.8881357e-15
6210.0000 1.9228620e-15
6212.0000 1.9121020e-15
6214.0000 1.8532930e-15
6216.0000 1.8736141e-15
6218.0000 1.8663219e-15
6220.0000 1.8252178e-15
6222.0000 1.8434900e-15
6224.0000 1.8979812e-15
6226.0000 1.9434251e-15
6228.0000 1.8395995e-15
6230.0000 1.8519040e-15
6232.0000 1.9407225e-15
6234.0000 1.9704727e-15
6236.0000 1.9609933e-15
6238.0000 1.9369578e-15
6240.0000 1.9607199e-15
6242.0000 1.9669263e-15
6244.0000 1.9673773e-15
6246.0000 1.8901893e-15
6248.0000 1.8756992e-15
6250.0000 1.8900149e-15
6252.0000 1.8617040e-15
6254.0000 1.8935534e-15
6256.0000 1.8128567e-15
6258.0000 1.8670588e-15
6260.0000 1.8405344e-15
6262.0000 1.8053288e-15
6264.0000 1.8768980e-15
6266.0000 1.9129599e-15
6268.0000 1.8665796e-15
6270.0000 1.8912153e-15
6272.0000 1.9615479e-15
6274.0000 1.8843851e-15
6276.0000 1.8173002e-15
6278.0000 1.8526708e-15
6280.0000 1.8516008e-15
6282.0000 1.8610802e-15
6284.0000 1.8656274e-15
6286.0000 1.8052126e-15
6288.0000 1.7235748e-15
6290.0000 1.7302322e-15
6292.0000 1.7860542e-15
6294.0000 1.8256342e-15
6296.0000 1.8799400e-15
6298.0000 1.7906784e-15
6300.0000 1.7856096e-15
6302.0000 1.8472453e-15
6304.0000 1.8845343e-15
6306.0000 1.9294707e-15
6308.0000 1.9391308e-15
6310.0000 1.9256321e-15
6312.0000 1.8879440e-15
6314.0000 1.8373919e-15
6316.0000 1.8439661e-15
6318.0000 1.8245343e-15
6320.0000 1.8358568e-15
6322.0000 1.7636607e-15
6324.0000 1.8867121e-15
6326.0000 1.9075564e-15
6328.0000 1.8690229e-15
6330.0000 1.8156363e-15
6332.0000 1.8172578e-15
6334.0000 1.9151660e-15
6336.0000 1.9669813e-15
6338.0000 1.8518098e-15
6340.0000 1.8700081e-15
6342.0000 1.8753095e-15
6344.0000 1.7684184e-15
6346.0000 1.7881016e-15
6348.0000 1.7306328e-15
6350.0000 1.7812603e-15
6352.0000 1.8244448e-15
6354.0000 1.8231233e-15
6356.0000 1.8487725e-15
6358.0000 1.8135009e-15
6360.0000 1.7970153e-15
6362.0000 1.7616479e-15
6364.0000 1.7634313e-15
6366.0000 1.8426368e-15
6368.0000 1.7971473e-15
6370.0000 1.7818165e-15
6372.0000 1.7972180e-15
6374.0000 1.7816641e-15
6376.0000 1.8592512e-15
6378.0000 1.8629327e-15
6380.0000 1.7659201e-15
6382.0000 1.7360961e-15
6384.0000 1.8061380e-15
6386.0000 1.7745149e-15
6388.0000 1.6808209e-15
6390.0000 1.7914201e-15
6392.0000 1.8473254e-15
6394.0000 1.8322838e-15
6396.0000 1.8591413e-15
6398.0000 1.9165141e-15
6400.0000 1.9234654e-15
6402.0000 1.9149036e-15
6404.0000 1.9039834e-15
6406.0000 1.8227666e-15
6408.0000 1.6934962e-15
6410.0000 1.7766613e-15
6412.0000 1.8401180e-15
6414.0000 1.8397488e-15
6416.0000 1.8586039e-15
6418.0000 1.8725315e-15
6420.0000 1.8196288e-15
6422.0000 1.8635266e-15
6424.0000 1.8120585e-15
6426.0000 1.8262517e-15
6428.0000 1.8503548e-15
6430.0000 1.7794345e-15
6432.0000 1.7879884e-15
6434.0000 1.7985913e-15
6436.0000 1.8468509e-15
6438.0000 1.8839058e-15
6440.0000 1.8768760e-15
6442.0000 1.7838765e-15
6444.0000 1.7845317e-15
6446.0000 1.7931217e-15
6448.0000 1.8544039e-15
6450.0000 1.8655960e-15
6452.0000 1.8245547e-15
6454.0000 1.8592387e-15
6456.0000 1.9027986e-15
6458.0000 1.8021455e-15
6460.0000 1.8417050e-15
6462.0000 1.9314144e-15
6464.0000 1.8870939e-15
6466.0000 1.8400426e-15
6468.0000 1.8435151e-15
6470.0000 1.8106365e-15
6472.0000 1.7885714e-15
6474.0000 1.7880607e-15
6476.0000 1.8071374e-15
6478.0000 1.8693371e-15
6480.0000 1.8601751e-15
6482.0000 1.8368184e-15
6484.0000 1.8617260e-15
6486.0000 1.8456646e-15
6488.0000 1.8584043e-15
6490.0000 1.8041724e-15
6492.0000 1.7501683e-15
6494.0000 1.8844699e-15
6496.0000 1.8883336e-15
6498.0000 1.8574066e-15
6500.0000 1.8683252e-15
6502.0000 1.8253231e-15
6504.0000 1.8568488e-15
6506.0000 1.9195137e-15
6508.0000 1.9111499e-15
6510.0000 1.9248952e-15
6512.0000 1.8701259e-15
6514.0000 1.8762130e-15
6516.0000 1.8748931e-15
6518.0000 1.8444877e-15
6520.0000 1.8582142e-15
6522.0000 1.8724655e-15
6524.0000 1.8168603e-15
6526.0000 1.9419198e-15
6528.0000 1.8448978e-15
6530.0000 1.8633082e-15
6532.0000 1.8897179e-15
6534.0000 1.8499667e-15
6536.0000 1.8464675e-15
6538.0000 1.9404130e-15
6540.0000 1.8689742e-15
6542.0000 1.8283572e-15
6544.0000 1.9096760e-15
6546.0000 1.8712792e-15
6548.0000 1.9442311e-15
6550.0000 1.8789737e-15
6552.0000 1.8295419e-15
6554.0000 1.8937608e-15
6556.0000 1.9042536e-15
6558.0000 1.8791544e-15
6560.0000 1.9577329e-15
6562.0000 1.8976842e-15
6564.0000 1.8354891e-15
6566.0000 1.8759647e-15
6568.0000 1.9641578e-15
6570.0000 1.9201830e-15
6572.0000 1.8712069e-15
6574.0000 1.8729919e-15
6576.0000 1.9505083e-15
6578.0000 1.9899735e-15
6580.0000 1.9246250e-15
6582.0000 1.8742033e-15
6584.0000 1.8535052e-15
6586.0000 1.8574569e-15
6588.0000 1.8903668e-15
6590.0000 1.8843096e-15
6592.0000 1.8849696e-15
6594.0000 1.8797813e-15
6596.0000 1.9619627e-15
6598.0000 2.0500773e-15
6600.0000 1.9732852e-15
6602.0000 1.9581509e-15
6604.0000 1.9086358e-15
6606.0000 1.9176690e-15
6608.0000 1.9610718e-15
6610.0000 2.0975858e-15
6612.0000 2.0267064e-15
6614.0000 1.9381016e-15
6616.0000 1.9469965e-15
6618.0000 2.0285605e-15
6620.0000 2.0936687e-15
6622.0000 2.0348942e-15
6624.0000 2.0890963e-15
6626.0000 1.9679429e-15
6628.0000 1.8349753e-15
6630.0000 1.8479240e-15
6632.0000 1.9774208e-15
6634.0000 1.9399934e-15
6636.0000 2.1170395e-15
6638.0000 2.1284814e-15
6640.0000 2.0574873e-15
6642.0000 2.1225232e-15
6644.0000 2.1295232e-15
6646.0000 2.1117507e-15
6648.0000 2.1357516e-15
6650.0000 2.1863964e-15
6652.0000 2.1237127e-15
6654.0000 2.1688706e-15
6656.0000 2.1415496e-15
6658.0000 2.2746131e-15
6660.0000 2.3368317e-15
6662.0000 2.2996369e-15
6664.0000 2.1705754e-15
6666.0000 2.3472146e-15
6668.0000 2.3617754e-15
6670.0000 2.4098983e-15
6672.0000 2.3555784e-15
6674.0000 2.3316701e-15
6676.0000 2.2909086e-15
6678.0000 2.3120357e-15
6680.0000 2.4037688e-15
6682.0000 2.4322793e-15
6684.0000 2.4530230e-15
6686.0000 2.3461995e-15
6688.0000 2.3313229e-15
6690.0000 2.3485438e-15
6692.0000 2.3832026e-15
6694.0000 2.2906697e-15
6696.0000 2.2461403e-15
6698.0000 2.3422321e-15
6700.0000 2.3793436e-15
6702.0000 2.4407923e-15
6704.0000 2.4410186e-15
6706.0000 2.4215743e-15
6708.0000 2.4045623e-15
6710.0000 2.4008808e-15
6712.0000 2.4448132e-15
6714.0000 2.3000737e-15
6716.0000 2.2835472e-15
6718.0000 2.3832985e-15
6720.0000 2.3044795e-15
6722.0000 2.2794070e-15
6724.0000 2.2564713e-15
6726.0000 2.2127841e-15
6728.0000 2.1676874e-15
6730.0000 2.2205225e-15
6732.0000 2.1802276e-15
6734.0000 2.1045810e-15
6736.0000 2.1528563e-15
6738.0000 2.1466986e-15
6740.0000 2.0886563e-15
6742.0000 1.9960292e-15
6744.0000 2.0320675e-15
6746.0000 1.9741557e-15
6748.0000 2.1250828e-15
6750.0000 2.0577513e-15
6752.0000 2.1176995e-15
6754.0000 2.2315355e-15
6756.0000 1.9682855e-15
6758.0000 2.0003737e-15
6760.0000 2.0062156e-15
6762.0000 2.0563890e-15
6764.0000 2.0713725e-15
6766.0000 2.1137619e-15
6768.0000 2.0356437e-15
6770.0000 1.9346637e-15
6772.0000 1.9516977e-15
6774.0000 1.9933407e-15
6776.0000 2.0155960e-15
6778.0000 2.0257715e-15
6780.0000 1.8617417e-15
6782.0000 1.8883918e-15
6784.0000 2.0331721e-15
6786.0000 1.9926573e-15
6788.0000 1.9067236e-15
6790.0000 1.8423131e-15
6792.0000 1.9516364e-15
6794.0000 1.8268896e-15
6796.0000 1.8163214e-15
6798.0000 1.9517637e-15
6800.0000 1.9969971e-15
6802.0000 1.9944972e-15
6804.0000 1.9541033e-15
6806.0000 1.9039724e-15
6808.0000 1.8909859e-15
6810.0000 1.9100516e-15
6812.0000 1.8644380e-15
6814.0000 1.8093057e-15
6816.0000 1.8754918e-15
6818.0000 1.9803197e-15
6820.0000 1.8964602e-15
6822.0000 1.9000709e-15
6824.0000 1.9846187e-15
6826.0000 1.8880665e-15
6828.0000 1.9511525e-15
6830.0000 1.9034193e-15
6832.0000 1.8700693e-15
6834.0000 2.0080666e-15
6836.0000 1.7962077e-15
6838.0000 1.7405098e-15
6840.0000 1.8621926e-15
6842.0000 1.8568409e-15
6844.0000 1.8421135e-15
6846.0000 1.8588663e-15
6848.0000 1.7901662e-15
6850.0000 1.7637408e-15
6852.0000 1.7794188e-15
6854.0000 1.7906690e-15
6856.0000 1.7919464e-15
6858.0000 1.8023780e-15
6860.0000 1.8833088e-15
6862.0000 1.8655033e-15
6864.0000 1.7913588e-15
6866.0000 1.7588573e-15
6868.0000 1.8336555e-15
6870.0000 1.9187013e-15
6872.0000 1.8915060e-15
6874.0000 1.9686673e-15
6876.0000 1.9666027e-15
6878.0000 1.8994927e-15
6880.0000 1.8065497e-15
6882.0000 1.7304663e-15
6884.0000 1.7041085e-15
6886.0000 1.6780287e-15
6888.0000 1.7981922e-15
6890.0000 1.8995508e-15
6892.0000 1.9129285e-15
6894.0000 1.8039037e-15
6896.0000 1.8926797e-15
6898.0000 1.7934988e-15
6900.0000 1.7361134e-15
6902.0000 1.8034763e-15
6904.0000 1.8581545e-15
6906.0000 1.8260066e-15
6908.0000 1.7428352e-15
6910.0000 1.7269640e-15
6912.0000 1.8623026e-15
6914.0000 1.9638718e-15
6916.0000 1.8587343e-15
6918.0000 1.7745903e-15
6920.0000 1.7613713e-15
6922.0000 1.7867786e-15
6924.0000 1.8270609e-15
6926.0000 1.7455252e-15
6928.0000 1.7980932e-15
6930.0000 1.6792873e-15
6932.0000 1.7302165e-15
6934.0000 1.8335879e-15
6936.0000 1.8232239e-15
6938.0000 1.6911613e-15
6940.0000 1.7925828e-15
6942.0000 1.6995942e-15
6944.0000 1.6385179e-15
6946.0000 1.7461632e-15
6948.0000 1.6919344e-15
6950.0000 1.8303747e-15
6952.0000 1.7084373e-15
6954.0000 1.7240493e-15
6956.0000 1.7339718e-15
6958.0000 1.5810869e-15
6960.0000 1.6278161e-15
6962.0000 1.7255671e-15
6964.0000 1.7865790e-15
6966.0000 1.6771378e-15
6968.0000 1.7455394e-15
6970.0000 1.6808994e-15
6972.0000 1.7234443e-15
6974.0000 1.8218616e-15
6976.0000 1.8653179e-15
6978.0000 1.9069939e-15
6980.0000 1.7104516e-15
6982.0000 1.6716761e-15
6984.0000 1.7484588e-15
6986.0000 1.7691899e-15
6988.0000 1.7039466e-15
6990.0000 1.7636827e-15
6992.0000 1.8082184e-15
6994.0000 1.7775946e-15
6996.0000 1.5713529e-15
6998.0000 1.5875557e-15
7000.0000 1.6742137e-15
7002.0000 1.7262412e-15
7004.0000 1.7274793e-15
7006.0000 1.8335329e-15
7008.0000 1.8389365e-15
7010.0000 1.8568441e-15
7012.0000 1.8046391e-15
7014.0000 1.6707570e-15
7016.0000 1.7203725e-15
7018.0000 1.8168163e-15
7020.0000 1.8912216e-15
7022.0000 1.7367890e-15
7024.0000 1.7869687e-15
7026.0000 1.7427661e-15
7028.0000 1.7258374e-15
7030.0000 1.9405858e-15
7032.0000 1.9236194e-15
7034.0000 1.7094334e-15
7036.0000 1.6555048e-15
7038.0000 1.5783199e-15
7040.0000 1.7191438e-15
7042.0000 1.8174118e-15
7044.0000 1.6460238e-15
7046.0000 1.7614829e-15
7048.0000 1.8699154e-15
7050.0000 1.8905397e-15
7052.0000 1.8250795e-15
7054.0000 1.8144044e-15
7056.0000 1.7405208e-15
7058.0000 1.7460060e-15
7060.0000 1.8045605e-15
7062.0000 1.7671489e-15
7064.0000 1.8389270e-15
7066.0000 1.8826095e-15
7068.0000 1.7468105e-15
7070.0000 1.8026734e-15
7072.0000 1.8903370e-15
7074.0000 1.9035513e-15
7076.0000 1.7523696e-15
7078.0000 1.6356362e-15
7080.0000 1.7454278e-15
7082.0000 1.7847831e-15
7084.0000 1.6556807e-15
7086.0000 1.7382582e-15
7088.0000 1.6281193e-15
7090.0000 1.5552050e-15
7092.0000 1.6147165e-15
7094.0000 1.6507077e-15
7096.0000 1.7735486e-15
7098.0000 1.6932794e-15
7100.0000 1.6595822e-15
7102.0000 1.6968587e-15
7104.0000 1.6598163e-15
7106.0000 1.6331819e-15
7108.0000 1.8025571e-15
7110.0000 1.8475705e-15
7112.0000 1.6206024e-15
7114.0000 1.6497712e-15
7116.0000 1.7394617e-15
7118.0000 1.7970200e-15
7120.0000 1.7671080e-15
7122.0000 1.6365711e-15
7124.0000 1.6456011e-15
7126.0000 1.6817966e-15
7128.0000 1.6098597e-15
7130.0000 1.7040472e-15
7132.0000 1.7878690e-15
7134.0000 1.7313321e-15
7136.0000 1.7835151e-15
7138.0000 1.7004647e-15
7140.0000 1.6323554e-15
7142.0000 1.6488379e-15
7144.0000 1.5528710e-15
7146.0000 1.5290311e-15
7148.0000 1.6360227e-15
7150.0000 1.7376595e-15
7152.0000 1.7885887e-15
7154.0000 1.7278219e-15
7156.0000 1.7962564e-15
7158.0000 1.7324618e-15
7160.0000 1.6478763e-15
7162.0000 1.6421632e-15
7164.0000 1.6201578e-15
7166.0000 1.7563983e-15
7168.0000 1.7044887e-15
7170.0000 1.6208035e-15
7172.0000 1.6683906e-15
7174.0000 1.5493784e-15
7176.0000 1.6332353e-15
7178.0000 1.7337816e-15
7180.0000 1.7052963e-15
7182.0000 1.6868718e-15
7184.0000 1.6695487e-15
7186.0000 1.7259646e-15
7188.0000 1.6297990e-15
7190.0000 1.6485692e-15
7192.0000 1.8275417e-15
7194.0000 1.8363957e-15
7196.0000 1.7190511e-15
7198.0000 1.6686562e-15
7200.0000 1.8057625e-15
7202.0000 1.7942986e-15
7204.0000 1.7572578e-15
7206.0000 1.5882015e-15
7208.0000 1.5380410e-15
7210.0000 1.7467665e-15
7212.0000 1.7193575e-15
7214.0000 1.7040535e-15
7216.0000 1.7452880e-15
7218.0000 1.6842242e-15
7220.0000 1.6126157e-15
7222.0000 1.7151622e-15
7224.0000 1.6564428e-15
7226.0000 1.6877721e-15
7228.0000 1.6096948e-15
7230.0000 1.4969124e-15
7232.0000 1.5433896e-15
7234.0000 1.6423046e-15
7236.0000 1.5929829e-15
7238.0000 1.5951701e-15
7240.0000 1.6842808e-15
7242.0000 1.7064245e-15
7244.0000 1.6861490e-15
7246.0000 1.5882110e-15
7248.0000 1.5842561e-15
7250.0000 1.7726954e-15
7252.0000 1.8330207e-15
7254.0000 1.7666602e-15
7256.0000 1.7010995e-15
7258.0000 1.5874269e-15
7260.0000 1.5403825e-15
7262.0000 1.6694214e-15
7264.0000 1.6356551e-15
7266.0000 1.6763239e-15
7268.0000 1.6235344e-15
7270.0000 1.6767042e-15
7272.0000 1.7390815e-15
7274.0000 1.6285734e-15
7276.0000 1.6899546e-15
7278.0000 1.5991139e-15
7280.0000 1.6309806e-15
7282.0000 1.5867560e-15
7284.0000 1.5060523e-15
7286.0000 1.7374285e-15
7288.0000 1.6998079e-15
7290.0000 1.4217067e-15
7292.0000 1.4844987e-15
7294.0000 1.5185637e-15
7296.0000 1.5298809e-15
7298.0000 1.6609853e-15
7300.0000 1.4400948e-15
7302.0000 1.3251318e-15
7304.0000 1.4318151e-15
7306.0000 1.6633736e-15
7308.0000 1.5316424e-15
7310.0000 1.5109216e-15
7312.0000 1.5222042e-15
7314.0000 1.4280309e-15
7316.0000 1.5396340e-15
7318.0000 1.5209839e-15
7320.0000 1.5784346e-15
7322.0000 1.7129782e-15
7324.0000 1.6472745e-15
7326.0000 1.5868864e-15
7328.0000 1.5508713e-15
7330.0000 1.5240625e-15
7332.0000 1.5020721e-15
7334.0000 1.4835896e-15
7336.0000 1.5836637e-15
7338.0000 1.5738544e-15
7340.0000 1.5523432e-15
7342.0000 1.4796355e-15
7344.0000 1.4901362e-15
7346.0000 1.7115672e-15
7348.0000 1.7057457e-15
7350.0000 1.5517647e-15
7352.0000 1.3879703e-15
7354.0000 1.3907044e-15
7356.0000 1.5140292e-15
7358.0000 1.5141909e-15
7360.0000 1.5332223e-15
7362.0000 1.5892558e-15
7364.0000 1.6277642e-15
7366.0000 1.7648030e-15
7368.0000 1.7150790e-15
7370.0000 1.5572178e-15
7372.0000 1.4896403e-15
7374.0000 1.5685126e-15
7376.0000 1.6155807e-15
7378.0000 1.7420370e-15
7380.0000 1.6795450e-15
7382.0000 1.6926964e-15
7384.0000 1.6802568e-15
7386.0000 1.6027184e-15
7388.0000 1.4813573e-15
7390.0000 1.5410987e-15
7392.0000 1.5857174e-15
7394.0000 1.6564947e-15
7396.0000 1.7183268e-15
7398.0000 1.8547150e-15
7400.0000 1.6684472e-15
7402.0000 1.5195552e-15
7404.0000 1.5095529e-15
7406.0000 1.7775459e-15
7408.0000 1.6006003e-15
7410.0000 1.6360023e-15
7412.0000 1.8252320e-15
7414.0000 1.7593036e-15
7416.0000 1.7093769e-15
7418.0000 1.5961144e-15
7420.0000 1.5146236e-15
7422.0000 1.4609365e-15
7424.0000 1.4535580e-15
7426.0000 1.7657253e-15
7428.0000 1.8056242e-15
7430.0000 1.6865874e-15
7432.0000 1.6130258e-15
7434.0000 1.7835905e-15
7436.0000 1.5789641e-15
7438.0000 1.3796582e-15
7440.0000 1.4465455e-15
7442.0000 1.4389662e-15
7444.0000 1.4894823e-15
7446.0000 1.5278615e-15
7448.0000 1.6044310e-15
7450.0000 1.6349323e-15
7452.0000 1.6342645e-15
7454.0000 1.7413410e-15
7456.0000 1.6813331e-15
7458.0000 1.5720003e-15
7460.0000 1.4138442e-15
7462.0000 1.6015698e-15
7464.0000 1.7671803e-15
7466.0000 1.8456913e-15
7468.0000 1.6260013e-15
7470.0000 1.5515784e-15
7472.0000 1.4775472e-15
7474.0000 1.4014919e-15
7476.0000 1.4621001e-15
7478.0000 1.5690507e-15
7480.0000 1.7645626e-15
7482.0000 1.4820232e-15
7484.0000 1.4542079e-15
7486.0000 1.6161668e-15
7488.0000 1.7883058e-15
7490.0000 1.6383812e-15
7492.0000 1.6221155e-15
7494.0000 1.7950512e-15
7496.0000 1.6055121e-15
7498.0000 1.5372234e-15
7500.0000 1.4813534e-15
7502.0000 1.5927707e-15
7504.0000 1.8747391e-15
7506.0000 1.7785499e-15
7508.0000 1.6186006e-15
7510.0000 1.4363347e-15
7512.0000 1.2503877e-15
7514.0000 1.2351850e-15
7516.0000 1.4835685e-15
7518.0000 1.4048363e-15
7520.0000 1.7518087e-15
7522.0000 1.6758683e-15
7524.0000 1.6357713e-15
7526.0000 1.6080497e-15
7528.0000 1.7903406e-15
7530.0000 1.5791102e-15
7532.0000 1.4474868e-15
7534.0000 1.5421426e-15
7536.0000 1.6204469e-15
7538.0000 1.3127707e-15
7540.0000 1.4998427e-15
7542.0000 1.5107180e-15
7544.0000 1.3617053e-15
7546.0000 1.5967052e-15
7548.0000 1.9896232e-15
7550.0000 1.8839530e-15
7552.0000 1.6941357e-15
7554.0000 1.7122806e-15
7556.0000 1.5118098e-15
7558.0000 1.5353790e-15
7560.0000 1.5455556e-15
