3474.4663 2.0328151e-15
3475.9373 2.3414619e-15
3477.4083 3.2275481e-15
3478.8793 2.2024291e-15
3480.3503 1.9135639e-15
3481.8212 2.6739163e-15
3483.2922 2.2282395e-15
3484.7632 3.0037472e-15
3486.2342 1.9631412e-15
3487.7052 2.8157764e-15
3489.1762 2.9751392e-15
3490.6472 2.5920829e-15
3492.1182 1.7748449e-15
3493.5892 2.7010088e-15
3495.0601 2.0411801e-15
3496.5311 1.9014211e-15
3498.0021 2.0034622e-15
3499.4731 1.0043095e-15
3500.9441 2.0642633e-15
3502.4151 2.4936620e-15
3503.8861 3.1674955e-15
3505.3571 2.1510732e-15
3506.8280 1.9301421e-15
3508.2990 2.4284162e-15
3509.7700 2.0837559e-15
3511.2410 2.8046766e-15
3512.7120 1.9333529e-15
3514.1830 2.5775945e-15
3515.6540 2.4163530e-15
3517.1250 2.8082654e-15
3518.5959 2.0530135e-15
3520.0669 2.1279362e-15
3521.5379 2.8542706e-15
3523.0089 1.8405747e-15
3524.4799 2.8616500e-15
3525.9509 1.9250267e-15
3527.4219 2.4597737e-15
3528.8929 2.4641906e-15
3530.3639 2.3652510e-15
3531.8348 2.9748835e-15
3533.3058 2.3471405e-15
3534.7768 1.8764907e-15
3536.2478 2.1933488e-15
3537.7188 2.9275480e-15
3539.1898 2.5189630e-15
3540.6608 2.3830798e-15
3542.1318 2.1063963e-15
3543.6027 2.5232168e-15
3545.0737 2.2157558e-15
3546.5447 1.9574737e-15
3548.0157 3.0071563e-15
3549.4867 1.9062734e-15
3550.9577 2.5464520e-15
3552.4287 2.5558175e-15
3553.8997 2.7853082e-15
3555.3707 2.0044738e-15
3556.8416 1.9767773e-15
3558.3126 2.1413519e-15
3559.7836 2.2299829e-15
3561.2546 2.7946941e-15
3562.7256 2.3407004e-15
3564.1966 2.6726435e-15
3565.6676 2.5536480e-15
3567.1386 2.1772838e-15
3568.6095 1.7584870e-15
3570.0805 2.8700503e-15
3571.5515 2.7052942e-15
3573.0225 2.0770750e-15
3574.4935 2.0038031e-15
3575.9645 2.1076840e-15
3577.4355 3.1575445e-15
3578.9065 2.3568414e-15
3580.3774 2.5147183e-15
3581.8484 1.8428150e-15
3583.3194 2.6168632e-15
3584.7904 2.3486319e-15
3586.2614 2.4408758e-15
3587.7324 2.4060945e-15
3589.2034 2.3444207e-15
3590.6744 2.5756714e-15
3592.1454 1.9882605e-15
3593.6163 2.3385531e-15
3595.0873 2.1314027e-15
3596.5583 1.7959937e-15
3598.0293 2.1408035e-15
3599.5003 2.0831038e-15
3600.9713 2.0901886e-15
3602.4423 2.4475605e-15
3603.9133 2.3540067e-15
3605.3842 2.3365169e-15
3606.8552 2.2256716e-15
3608.3262 2.5357950e-15
3609.7972 2.2614534e-15
3611.2682 2.2189462e-15
3612.7392 2.2121744e-15
3614.2102 2.1436085e-15
3615.6812 2.1191469e-15
3617.1521 2.4514364e-15
3618.6231 2.2168081e-15
3620.0941 2.3979276e-15
3621.5651 2.0047165e-15
3623.0361 2.2545001e-15
3624.5071 2.5641400e-15
3625.9781 2.2748820e-15
3627.4491 2.1056738e-15
3628.9201 2.1428785e-15
3630.3910 2.2151184e-15
3631.8620 2.2493884e-15
3633.3330 1.7967420e-15
3634.8040 1.7981577e-15
3636.2750 2.3203129e-15
3637.7460 2.2486140e-15
3639.2170 1.4251821e-15
3640.6880 2.6088557e-15
3642.1589 1.9332677e-15
3643.6299 2.7323126e-15
3645.1009 1.0910078e-15
3646.5719 1.6081985e-15
3648.0429 2.5105089e-15
3649.5139 1.8673326e-15
3650.9849 1.9694423e-15
3652.4559 2.0923489e-15
3653.9268 2.3361686e-15
3655.3978 2.3915764e-15
3656.8688 2.0101487e-15
3658.3398 1.8753068e-15
3659.8108 2.1342892e-15
3661.2818 2.1749993e-15
3662.7528 2.3230235e-15
3664.2238 1.9982079e-15
3665.6948 2.3898867e-15
3667.1657 2.1369312e-15
3668.6367 2.7733191e-15
3670.1077 2.6140434e-15
3671.5787 2.9658088e-15
3673.0497 2.6469553e-15
3674.5207 2.6845028e-15
3675.9917 2.0445114e-15
3677.4627 2.9574345e-15
3678.9336 2.3802989e-15
3680.4046 2.0753946e-15
3681.8756 2.2822615e-15
3683.3466 2.2672469e-15
3684.8176 2.2383480e-15
3686.2886 2.6619180e-15
3687.7596 2.2153537e-15
3689.2306 2.2020585e-15
3690.7015 2.3446022e-15
3692.1725 2.1408887e-15
3693.6435 2.2884589e-15
3695.1145 2.4807929e-15
3696.5855 2.2204802e-15
3698.0565 1.9848978e-15
3699.5275 2.1933044e-15
3700.9985 2.4750235e-15
3702.4695 2.2590708e-15
3703.9404 2.3340602e-15
3705.4114 2.3660291e-15
3706.8824 2.0711425e-15
3708.3534 2.2127599e-15
3709.8244 2.1842649e-15
3711.2954 2.3992468e-15
3712.7664 2.5286954e-15
3714.2374 2.3045573e-15
3715.7083 2.4331499e-15
3717.1793 2.2545798e-15
3718.6503 2.4325126e-15
3720.1213 2.0678947e-15
3721.5923 2.2361840e-15
3723.0633 2.2167674e-15
3724.5343 2.6747278e-15
3726.0053 1.8611130e-15
3727.4763 1.7910482e-15
3728.9472 2.3435036e-15
3730.4182 2.1490518e-15
3731.8892 2.0260526e-15
3733.3602 2.3736420e-15
3734.8312 2.3655641e-15
3736.3022 2.1418780e-15
3737.7732 2.5275022e-15
3739.2442 2.1567147e-15
3740.7151 2.7632829e-15
3742.1861 2.1730781e-15
3743.6571 1.9974797e-15
3745.1281 2.0337618e-15
3746.5991 2.2154908e-15
3748.0701 2.4552104e-15
3749.5411 2.2224238e-15
3751.0121 2.3740162e-15
3752.4830 2.5355042e-15
3753.9540 1.9498552e-15
3755.4250 2.3890345e-15
3756.8960 2.4257612e-15
3758.3670 2.0682060e-15
3759.8380 2.1991571e-15
3761.3090 1.9640472e-15
3762.7800 2.5732944e-15
3764.2510 2.3622143e-15
3765.7219 2.5030758e-15
3767.1929 2.3994672e-15
3768.6639 2.2489753e-15
3770.1349 2.3691009e-15
3771.6059 2.4720128e-15
3773.0769 2.2684253e-15
3774.5479 2.3296322e-15
3776.0189 2.4149190e-15
3777.4898 2.1815376e-15
3778.9608 2.1094960e-15
3780.4318 2.0441019e-15
3781.9028 2.1128235e-15
3783.3738 2.3332339e-15
3784.8448 2.2578184e-15
3786.3158 1.8669880e-15
3787.7868 2.2057417e-15
3789.2577 2.1141889e-15
3790.7287 2.4489945e-15
3792.1997 2.5334254e-15
3793.6707 2.2090767e-15
3795.1417 2.3121294e-15
3796.6127 2.2392021e-15
3798.0837 1.9527992e-15
3799.5547 2.2452013e-15
3801.0257 2.3417212e-15
3802.4966 2.4660952e-15
3803.9676 2.6151346e-15
3805.4386 2.2703855e-15
3806.9096 2.1298408e-15
3808.3806 2.0721263e-15
3809.8516 2.1864196e-15
3811.3226 1.7987302e-15
3812.7936 1.7977153e-15
3814.2645 2.1548879e-15
3815.7355 2.5181163e-15
3817.2065 2.3656956e-15
3818.6775 2.4114711e-15
3820.1485 2.3660773e-15
3821.6195 2.0953022e-15
3823.0905 2.0508255e-15
3824.5615 1.9504314e-15
3826.0324 1.9568382e-15
3827.5034 1.9955121e-15
3828.9744 2.4965541e-15
3830.4454 2.3224825e-15
3831.9164 2.0596889e-15
3833.3874 2.3429867e-15
3834.8584 2.3989281e-15
3836.3294 2.2826709e-15
3837.8004 2.4019036e-15
3839.2713 2.2679547e-15
3840.7423 2.1844613e-15
3842.2133 2.0418416e-15
3843.6843 2.2454718e-15
3845.1553 2.2278411e-15
3846.6263 1.8934358e-15
3848.0973 2.2834824e-15
3849.5683 2.2024087e-15
3851.0392 2.0942220e-15
3852.5102 2.0846341e-15
3853.9812 2.3300731e-15
3855.4522 2.5302924e-15
3856.9232 2.4780453e-15
3858.3942 2.6743202e-15
3859.8652 1.9833804e-15
3861.3362 2.5396543e-15
3862.8071 2.4907977e-15
3864.2781 2.0117124e-15
3865.7491 2.4267672e-15
3867.2201 2.3483744e-15
3868.6911 1.9575570e-15
3870.1621 2.1422616e-15
3871.6331 2.2360765e-15
3873.1041 2.2285174e-15
3874.5751 2.0465364e-15
3876.0460 1.9746578e-15
3877.5170 2.2512634e-15
3878.9880 2.3211596e-15
3880.4590 2.2090155e-15
3881.9300 2.6454694e-15
3883.4010 2.3201980e-15
3884.8720 2.3613287e-15
3886.3430 2.4213184e-15
3887.8139 2.7118695e-15
3889.2849 2.5492088e-15
3890.7559 2.7102095e-15
3892.2269 2.3600281e-15
3893.6979 2.3815142e-15
3895.1689 2.6562653e-15
3896.6399 2.2748042e-15
3898.1109 2.4713811e-15
3899.5819 2.1660803e-15
3901.0528 2.1841185e-15
3902.5238 2.0582179e-15
3903.9948 2.2306165e-15
3905.4658 2.3540215e-15
3906.9368 2.0038624e-15
3908.4078 1.9005484e-15
3909.8788 1.8939157e-15
3911.3498 2.0363871e-15
3912.8207 1.5845880e-15
3914.2917 1.8063349e-15
3915.7627 1.9489196e-15
3917.2337 1.8100858e-15
3918.7047 2.0017632e-15
3920.1757 2.1231154e-15
3921.6467 2.2556525e-15
3923.1177 2.3132058e-15
3924.5886 2.3832706e-15
3926.0596 2.6016838e-15
3927.5306 2.4642165e-15
3929.0016 2.2148201e-15
3930.4726 2.3702015e-15
3931.9436 2.2097233e-15
3933.4146 2.2043967e-15
3934.8856 2.3096745e-15
3936.3566 2.2020993e-15
3937.8275 2.2088692e-15
3939.2985 2.3918895e-15
3940.7695 2.5478100e-15
3942.2405 2.3171281e-15
3943.7115 2.6476112e-15
3945.1825 2.3739088e-15
3946.6535 2.4492557e-15
3948.1245 2.5699909e-15
3949.5954 2.7138464e-15
3951.0664 2.5309724e-15
3952.5374 2.4365015e-15
3954.0084 2.6883102e-15
3955.4794 2.4997853e-15
3956.9504 2.4901270e-15
3958.4214 2.3798190e-15
3959.8924 2.2562324e-15
3961.3633 2.0107935e-15
3962.8343 2.4448833e-15
3964.3053 1.9270555e-15
3965.7763 2.0669795e-15
3967.2473 2.1205679e-15
3968.7183 1.8845760e-15
3970.1893 1.7398448e-15
3971.6603 2.2423518e-15
3973.1313 2.1255443e-15
3974.6022 2.3090279e-15
3976.0732 2.2547058e-15
3977.5442 2.2961570e-15
3979.0152 2.2906432e-15
3980.4862 2.2830859e-15
3981.9572 2.2977614e-15
3983.4282 2.4269803e-15
3984.8992 2.3673557e-15
3986.3701 2.3790760e-15
3987.8411 2.5035445e-15
3989.3121 2.5130601e-15
3990.7831 2.6020395e-15
3992.2541 2.4962522e-15
3993.7251 2.3369208e-15
3995.1961 2.4888820e-15
3996.6671 2.2762901e-15
3998.1380 2.6482263e-15
3999.6090 2.4136629e-15
4001.0800 2.5441712e-15
4002.5510 2.4432936e-15
4004.0220 2.4248367e-15
4005.4930 2.2730071e-15
4006.9640 2.2671376e-15
4008.4350 2.0450839e-15
4009.9060 1.9286470e-15
4011.3769 1.6492265e-15
4012.8479 1.4880231e-15
4014.3189 1.6359068e-15
4015.7899 1.7548695e-15
4017.2609 2.0041218e-15
4018.7319 2.0803877e-15
4020.2029 2.2694313e-15
4021.6739 2.4355455e-15
4023.1448 2.3133096e-15
4024.6158 2.3153124e-15
4026.0868 2.4453983e-15
4027.5578 2.4755386e-15
4029.0288 2.5853279e-15
4030.4998 2.4040250e-15
4031.9708 2.4141279e-15
4033.4418 2.3139580e-15
4034.9128 2.4166347e-15
4036.3837 2.0505272e-15
4037.8547 2.0432293e-15
4039.3257 2.3934533e-15
4040.7967 2.0206407e-15
4042.2677 2.1171885e-15
4043.7387 2.3034123e-15
4045.2097 2.0546680e-15
4046.6807 1.8151541e-15
4048.1516 1.6864142e-15
4049.6226 1.7046921e-15
4051.0936 1.8421868e-15
4052.5646 1.9195075e-15
4054.0356 2.0929251e-15
4055.5066 2.1928856e-15
4056.9776 2.0081978e-15
4058.4486 2.1829420e-15
4059.9195 2.5597805e-15
4061.3905 2.5122931e-15
4062.8615 2.6333840e-15
4064.3325 2.5883793e-15
4065.8035 2.4877444e-15
4067.2745 2.4188172e-15
4068.7455 2.5086821e-15
4070.2165 2.5187110e-15
4071.6875 2.4832552e-15
4073.1584 2.8687145e-15
4074.6294 2.5849870e-15
4076.1004 2.5488512e-15
4077.5714 2.4549362e-15
4079.0424 2.4039786e-15
4080.5134 2.8088712e-15
4081.9844 2.3432849e-15
4083.4554 2.5564363e-15
4084.9263 2.3478112e-15
4086.3973 2.2959865e-15
4087.8683 2.5807961e-15
4089.3393 2.9358872e-15
4090.8103 2.5421017e-15
4092.2813 2.6549239e-15
4093.7523 2.5652646e-15
4095.2233 2.5606198e-15
4096.6942 2.9281076e-15
4098.1652 2.7286905e-15
4099.6362 2.5473579e-15
4101.1072 2.5535961e-15
4102.5782 2.6851290e-15
4104.0492 2.7736396e-15
4105.5202 2.7572522e-15
4106.9912 2.6887159e-15
4108.4622 2.6109382e-15
4109.9331 2.6087760e-15
4111.4041 2.5452329e-15
4112.8751 2.6014392e-15
4114.3461 2.5245897e-15
4115.8171 2.5683142e-15
4117.2881 2.7941698e-15
4118.7591 2.7051978e-15
4120.2301 2.6308384e-15
4121.7010 2.8819708e-15
4123.1720 2.6168706e-15
4124.6430 2.6081387e-15
4126.1140 2.6369431e-15
4127.5850 2.3485838e-15
4129.0560 2.5553729e-15
4130.5270 2.6126890e-15
4131.9980 2.6115514e-15
4133.4689 2.6993784e-15
4134.9399 2.5584966e-15
4136.4109 2.7970545e-15
4137.8819 2.6300806e-15
4139.3529 2.3951133e-15
4140.8239 2.5730220e-15
4142.2949 2.6692085e-15
4143.7659 2.6925233e-15
4145.2369 2.5769442e-15
4146.7078 2.5204989e-15
4148.1788 2.5983933e-15
4149.6498 2.6734457e-15
4151.1208 2.6569916e-15
4152.5918 2.6912727e-15
4154.0628 2.6216766e-15
4155.5338 2.7401997e-15
4157.0048 2.7051978e-15
4158.4757 2.6202352e-15
4159.9467 2.8007637e-15
4161.4177 2.5538684e-15
4162.8887 2.9180898e-15
4164.3597 2.9796506e-15
4165.8307 2.6531675e-15
4167.3017 2.7902790e-15
4168.7727 3.0321589e-15
4170.2436 2.9801119e-15
4171.7146 2.7287646e-15
4173.1856 2.6872763e-15
4174.6566 2.6172115e-15
4176.1276 2.7847375e-15
4177.5986 2.6782165e-15
4179.0696 2.6892106e-15
4180.5406 2.9309070e-15
4182.0116 2.5842107e-15
4183.4825 2.6530564e-15
4184.9535 2.4192785e-15
4186.4245 2.2633451e-15
4187.8955 2.4393158e-15
4189.3665 2.4899065e-15
4190.8375 2.7111525e-15
4192.3085 2.6511499e-15
4193.7795 2.5597675e-15
4195.2504 2.4078249e-15
4196.7214 2.6734994e-15
4198.1924 2.8368568e-15
4199.6634 2.6729918e-15
4201.1344 2.8271040e-15
4202.6054 2.8524994e-15
4204.0764 2.6783351e-15
4205.5474 2.8487383e-15
4207.0184 2.7706401e-15
4208.4893 2.8964592e-15
4209.9603 2.7833961e-15
4211.4313 2.5479897e-15
4212.9023 2.6108863e-15
4214.3733 2.4544990e-15
4215.8443 2.4945402e-15
4217.3153 2.6580513e-15
4218.7863 2.6447524e-15
4220.2572 2.6483782e-15
4221.7282 2.4736229e-15
4223.1992 2.5776149e-15
4224.6702 2.7095740e-15
4226.1412 2.5328307e-15
4227.6122 2.7467046e-15
4229.0832 2.5459462e-15
4230.5542 2.6939017e-15
4232.0251 2.5141755e-15
4233.4961 2.4473585e-15
4234.9671 2.4352657e-15
4236.4381 2.6982186e-15
4237.9091 2.6385995e-15
4239.3801 2.6022767e-15
4240.8511 2.6109160e-15
4242.3221 2.8082839e-15
4243.7931 2.5488605e-15
4245.2640 2.6321205e-15
4246.7350 2.5432245e-15
4248.2060 2.6940592e-15
4249.6770 2.5757789e-15
4251.1480 2.4917519e-15
4252.6190 2.6465625e-15
4254.0900 2.5460295e-15
4255.5610 2.6641987e-15
4257.0319 2.5277560e-15
4258.5029 2.5593822e-15
4259.9739 2.4209274e-15
4261.4449 2.6312201e-15
4262.9159 2.5296291e-15
4264.3869 2.6052132e-15
4265.8579 2.5276764e-15
4267.3289 2.6138544e-15
4268.7998 2.6620958e-15
4270.2708 2.3454156e-15
4271.7418 2.5353337e-15
4273.2128 2.5101884e-15
4274.6838 2.5269538e-15
4276.1548 2.5560065e-15
4277.6258 2.4350545e-15
4279.0968 2.5442157e-15
4280.5678 2.5859318e-15
4282.0387 2.5569143e-15
4283.5097 2.3275867e-15
4284.9807 2.2451642e-15
4286.4517 2.3956358e-15
4287.9227 2.5098290e-15
4289.3937 2.2415662e-15
4290.8647 2.4226005e-15
4292.3357 2.5405158e-15
4293.8066 2.6239944e-15
4295.2776 2.4624935e-15
4296.7486 2.4357289e-15
4298.2196 2.5916920e-15
4299.6906 2.5241562e-15
4301.1616 2.4102075e-15
4302.6326 2.3025952e-15
4304.1036 2.6041739e-15
4305.5745 2.6060988e-15
4307.0455 2.4739008e-15
4308.5165 2.3530766e-15
4309.9875 2.5335995e-15
4311.4585 2.4321772e-15
4312.9295 2.3107287e-15
4314.4005 2.2860726e-15
4315.8715 2.5267000e-15
4317.3425 2.3677818e-15
4318.8134 2.4444090e-15
4320.2844 2.4384321e-15
4321.7554 2.4646983e-15
4323.2264 2.5631506e-15
4324.6974 2.4696173e-15
4326.1684 2.3140803e-15
4327.6394 2.2518174e-15
4329.1104 2.5058864e-15
4330.5813 2.5243155e-15
4332.0523 2.5325361e-15
4333.5233 2.4517588e-15
4334.9943 2.4083641e-15
4336.4653 2.4694579e-15
4337.9363 2.4415539e-15
4339.4073 2.3459584e-15
4340.8783 2.3168835e-15
4342.3492 2.2227091e-15
4343.8202 2.3003442e-15
4345.2912 2.3512888e-15
4346.7622 2.4335223e-15
4348.2332 2.4313213e-15
4349.7042 2.3619031e-15
4351.1752 2.4978029e-15
4352.6462 2.4992017e-15
4354.1172 2.5162932e-15
4355.5881 2.4025039e-15
4357.0591 2.4123956e-15
4358.5301 2.2412327e-15
4360.0011 2.3215839e-15
4361.4721 2.2050433e-15
4362.9431 2.3504736e-15
4364.4141 2.2846367e-15
4365.8851 2.4290887e-15
4367.3560 2.3107602e-15
4368.8270 2.4780694e-15
4370.2980 2.4046012e-15
4371.7690 2.1511121e-15
4373.2400 2.3491859e-15
4374.7110 2.2419071e-15
4376.1820 2.1946883e-15
4377.6530 2.3254246e-15
4379.1240 2.2852573e-15
4380.5949 2.2366639e-15
4382.0659 2.3163684e-15
4383.5369 2.3104415e-15
4385.0079 2.2449548e-15
4386.4789 2.1840055e-15
4387.9499 2.2257605e-15
4389.4209 2.1550602e-15
4390.8919 1.9945580e-15
4392.3628 2.3475574e-15
4393.8338 2.1144242e-15
4395.3048 2.1323346e-15
4396.7758 2.0111121e-15
4398.2468 2.1911515e-15
4399.7178 2.1743583e-15
4401.1888 2.3496880e-15
4402.6598 2.3259063e-15
4404.1307 2.4145670e-15
4405.6017 2.4701101e-15
4407.0727 2.1971302e-15
4408.5437 2.3721635e-15
4410.0147 2.4241642e-15
4411.4857 2.0836707e-15
4412.9567 2.2814982e-15
4414.4277 2.3452785e-15
4415.8987 2.2994437e-15
4417.3696 2.3547867e-15
4418.8406 2.4244032e-15
4420.3116 2.2352762e-15
4421.7826 2.3208113e-15
4423.2536 2.3461789e-15
4424.7246 2.3683747e-15
4426.1956 2.0404798e-15
4427.6666 2.1777025e-15
4429.1375 1.9999661e-15
4430.6085 2.1506007e-15
4432.0795 2.2868081e-15
4433.5505 2.5236652e-15
4435.0215 2.3182026e-15
4436.4925 2.4472566e-15
4437.9635 2.4695246e-15
4439.4345 2.5674138e-15
4440.9054 2.2046987e-15
4442.3764 2.2382257e-15
4443.8474 2.2213547e-15
4445.3184 2.4780138e-15
4446.7894 2.4722333e-15
4448.2604 2.6153051e-15
4449.7314 2.5832509e-15
4451.2024 2.5048637e-15
4452.6734 2.4554605e-15
4454.1443 2.5831194e-15
4455.6153 2.3500419e-15
4457.0863 2.3023247e-15
4458.5573 2.3960230e-15
4460.0283 2.3888437e-15
4461.4993 2.3831446e-15
4462.9703 2.2456144e-15
4464.4413 2.4546286e-15
4465.9122 2.4530168e-15
4467.3832 2.5367436e-15
4468.8542 2.4941160e-15
4470.3252 2.4266301e-15
4471.7962 2.2820762e-15
4473.2672 2.2942820e-15
4474.7382 2.2319727e-15
4476.2092 2.3692769e-15
4477.6801 2.1086752e-15
4479.1511 2.5036668e-15
4480.6221 2.4384913e-15
4482.0931 2.2649959e-15
4483.5641 2.3285316e-15
4485.0351 2.3056634e-15
4486.5061 2.3524282e-15
4487.9771 2.5233688e-15
4489.4481 2.2899503e-15
4490.9190 2.4789421e-15
4492.3900 2.4047197e-15
4493.8610 2.3149882e-15
4495.3320 2.1499263e-15
4496.8030 2.2247897e-15
4498.2740 2.4014367e-15
4499.7450 2.5028312e-15
4501.2160 2.3593296e-15
4502.6869 2.2856186e-15
4504.1579 2.6113680e-15
4505.6289 2.3716559e-15
4507.0999 2.2703206e-15
4508.5709 2.4043047e-15
4510.0419 2.4766113e-15
4511.5129 2.3558354e-15
4512.9839 2.1710104e-15
4514.4548 2.3432479e-15
4515.9258 2.3233440e-15
4517.3968 2.4470880e-15
4518.8678 2.5841847e-15
4520.3388 2.4068819e-15
4521.8098 2.2289509e-15
4523.2808 2.2836436e-15
4524.7518 2.2370844e-15
4526.2228 2.4835480e-15
4527.6937 2.3650008e-15
4529.1647 2.5801606e-15
4530.6357 2.3722876e-15
4532.1067 2.3157367e-15
4533.5777 2.5757011e-15
4535.0487 2.5356561e-15
4536.5197 2.7424322e-15
4537.9907 2.5336755e-15
4539.4616 2.3104286e-15
4540.9326 2.4637756e-15
4542.4036 2.3718874e-15
4543.8746 2.4821899e-15
4545.3456 2.5113501e-15
4546.8166 2.4356863e-15
4548.2876 2.3815420e-15
4549.7586 2.3776420e-15
4551.2296 2.4626065e-15
4552.7005 2.3277887e-15
4554.1715 2.6229068e-15
4555.6425 2.4621118e-15
4557.1135 2.4343783e-15
4558.5845 2.6137062e-15
4560.0555 2.4023908e-15
4561.5265 2.4642814e-15
4562.9975 2.5601085e-15
4564.4684 2.4971470e-15
4565.9394 2.7380820e-15
4567.4104 2.6488840e-15
4568.8814 2.5479026e-15
4570.3524 2.6637337e-15
4571.8234 2.6077682e-15
4573.2944 2.4849764e-15
4574.7654 2.5353596e-15
4576.2363 2.3951152e-15
4577.7073 2.5935040e-15
4579.1783 2.6691010e-15
4580.6493 2.4845095e-15
4582.1203 2.5061717e-15
4583.5913 2.3875875e-15
4585.0623 2.5454404e-15
4586.5333 2.4267969e-15
4588.0043 2.6249967e-15
4589.4752 2.4843372e-15
4590.9462 2.4271971e-15
4592.4172 2.5306667e-15
4593.8882 2.7349138e-15
4595.3592 2.7044771e-15
4596.8302 2.6837284e-15
4598.3012 2.6864148e-15
4599.7722 2.6674669e-15
4601.2431 2.8088731e-15
4602.7141 2.7892526e-15
4604.1851 2.6149271e-15
4605.6561 2.6434944e-15
4607.1271 2.6941926e-15
4608.5981 2.7232842e-15
4610.0691 2.6652492e-15
4611.5401 2.4630604e-15
4613.0110 2.4793145e-15
4614.4820 2.6604451e-15
4615.9530 2.7924097e-15
4617.4240 2.4662749e-15
4618.8950 2.3039329e-15
4620.3660 2.5247842e-15
4621.8370 2.4162567e-15
4623.3080 2.3805249e-15
4624.7790 2.5858744e-15
4626.2499 2.5277949e-15
4627.7209 2.5367214e-15
4629.1919 2.6665294e-15
4630.6629 2.8285769e-15
4632.1339 2.7504342e-15
4633.6049 2.5544131e-15
4635.0759 2.5947935e-15
4636.5469 2.6691937e-15
4638.0178 2.7570132e-15
4639.4888 2.5974151e-15
4640.9598 2.6277184e-15
4642.4308 2.5557064e-15
4643.9018 2.5624429e-15
4645.3728 2.5542242e-15
4646.8438 2.4452464e-15
4648.3148 2.3927826e-15
4649.7857 2.6209189e-15
4651.2567 2.7017832e-15
4652.7277 2.5322897e-15
4654.1987 2.4938399e-15
4655.6697 2.5052694e-15
4657.1407 2.8342926e-15
4658.6117 2.7564185e-15
4660.0827 2.4717516e-15
4661.5537 2.8045673e-15
4663.0246 2.8131899e-15
4664.4956 2.6586683e-15
4665.9666 2.7099001e-15
4667.4376 2.7440256e-15
4668.9086 2.7302079e-15
4670.3796 2.6287541e-15
4671.8506 2.7252703e-15
4673.3216 2.5974855e-15
4674.7925 2.7174259e-15
4676.2635 2.5883923e-15
4677.7345 2.5184183e-15
4679.2055 2.7025132e-15
4680.6765 2.6518169e-15
4682.1475 2.8206694e-15
4683.6185 2.7064262e-15
4685.0895 2.5113019e-15
4686.5604 2.5465112e-15
4688.0314 2.6478835e-15
4689.5024 2.8169121e-15
4690.9734 2.6462550e-15
4692.4444 2.6956952e-15
4693.9154 2.8583744e-15
4695.3864 2.7312788e-15
4696.8574 2.7661787e-15
4698.3284 2.7652319e-15
4699.7993 2.8246491e-15
4701.2703 2.9763787e-15
4702.7413 2.7930933e-15
4704.2123 2.7961244e-15
4705.6833 2.8315839e-15
4707.1543 2.6770400e-15
4708.6253 2.8672823e-15
4710.0963 2.9842157e-15
4711.5672 2.9605971e-15
4713.0382 2.8349114e-15
4714.5092 2.9491324e-15
4715.9802 3.0106376e-15
4717.4512 2.9117905e-15
4718.9222 2.8351300e-15
4720.3932 2.8924795e-15
4721.8642 2.9084371e-15
4723.3352 2.9274295e-15
4724.8061 2.8422964e-15
4726.2771 2.9004314e-15
4727.7481 2.9140361e-15
4729.2191 2.7753627e-15
4730.6901 3.0615581e-15
4732.1611 3.2504035e-15
4733.6321 3.0050090e-15
4735.1031 2.9499328e-15
4736.5740 3.0308583e-15
4738.0450 3.0143023e-15
4739.5160 2.9893682e-15
4740.9870 2.9538976e-15
4742.4580 2.8491756e-15
4743.9290 2.7711403e-15
4745.4000 2.7946737e-15
4746.8710 2.9713466e-15
4748.3419 2.8598288e-15
4749.8129 2.8372588e-15
4751.2839 3.0172388e-15
4752.7549 2.9659181e-15
4754.2259 2.8726386e-15
4755.6969 2.7629494e-15
4757.1679 2.8965222e-15
4758.6389 2.9468906e-15
4760.1099 2.7596534e-15
4761.5808 2.7798704e-15
4763.0518 2.8181590e-15
4764.5228 2.7164087e-15
4765.9938 2.8803274e-15
4767.4648 2.8846054e-15
4768.9358 2.9919120e-15
4770.4068 3.0890434e-15
4771.8778 3.0361349e-15
4773.3487 2.7710606e-15
4774.8197 2.9219639e-15
4776.2907 2.8460259e-15
4777.7617 2.9708260e-15
4779.2327 3.1089454e-15
4780.7037 2.8073798e-15
4782.1747 3.3382323e-15
4783.6457 3.0816936e-15
4785.1166 2.8095197e-15
4786.5876 2.8944712e-15
4788.0586 3.1053697e-15
4789.5296 2.7329962e-15
4791.0006 2.8068554e-15
4792.4716 2.8666932e-15
4793.9426 3.0179614e-15
4795.4136 2.9084723e-15
4796.8846 2.7069209e-15
4798.3555 2.7371927e-15
4799.8265 2.7789663e-15
4801.2975 2.6587294e-15
4802.7685 2.5687829e-15
4804.2395 2.6154274e-15
4805.7105 2.6568434e-15
4807.1815 2.7159381e-15
4808.6525 2.7314196e-15
4810.1234 2.7764966e-15
4811.5944 2.5607643e-15
4813.0654 2.7584083e-15
4814.5364 2.8668210e-15
4816.0074 2.8734890e-15
4817.4784 2.8733556e-15
4818.9494 2.7019185e-15
4820.4204 2.5999181e-15
4821.8913 2.9397946e-15
4823.3623 2.6093930e-15
4824.8333 2.5384556e-15
4826.3043 2.7760927e-15
4827.7753 2.6634261e-15
4829.2463 2.5467447e-15
4830.7173 2.7206348e-15
4832.1883 2.5473987e-15
4833.6593 2.5990807e-15
4835.1302 2.6269217e-15
4836.6012 2.7247071e-15
4838.0722 2.8727164e-15
4839.5432 2.6951116e-15
4841.0142 2.7321959e-15
4842.4852 2.6552945e-15
4843.9562 2.6972570e-15
4845.4272 2.7384840e-15
4846.8981 2.7576450e-15
4848.3691 2.5507373e-15
4849.8401 2.6046537e-15
4851.3111 2.6345550e-15
4852.7821 2.5518656e-15
4854.2531 2.7627011e-15
4855.7241 2.6908336e-15
4857.1951 2.4636718e-15
4858.6660 2.6532083e-15
4860.1370 2.4911664e-15
4861.6080 2.3246465e-15
4863.0790 2.5526049e-15
4864.5500 2.6035643e-15
4866.0210 2.6202445e-15
4867.4920 2.3976682e-15
4868.9630 2.5312521e-15
4870.4340 2.6162111e-15
4871.9049 2.5542853e-15
4873.3759 2.7526130e-15
4874.8469 2.6153329e-15
4876.3179 2.6488581e-15
4877.7889 2.6197424e-15
4879.2599 2.6949115e-15
4880.7309 2.4655246e-15
4882.2019 2.5648051e-15
4883.6728 2.5466724e-15
4885.1438 2.5241228e-15
4886.6148 2.4925726e-15
4888.0858 2.3808232e-15
4889.5568 2.4899658e-15
4891.0278 2.5684958e-15
4892.4988 2.6090021e-15
4893.9698 2.5738446e-15
4895.4408 2.6594705e-15
4896.9117 2.6263752e-15
4898.3827 2.5470837e-15
4899.8537 2.5727978e-15
4901.3247 2.5379868e-15
4902.7957 2.4891784e-15
4904.2667 2.6115218e-15
4905.7377 2.5623466e-15
4907.2087 2.5836233e-15
4908.6796 2.5693239e-15
4910.1506 2.6401928e-15
4911.6216 2.5707116e-15
4913.0926 2.6296823e-15
4914.5636 2.7022279e-15
4916.0346 2.7877482e-15
4917.5056 2.8504669e-15
4918.9766 2.5777372e-15
4920.4475 2.6088112e-15
4921.9185 2.6059377e-15
4923.3895 2.5027886e-15
4924.8605 2.5245730e-15
4926.3315 2.6324910e-15
4927.8025 2.5291863e-15
4929.2735 2.5893983e-15
4930.7445 2.5204377e-15
4932.2155 2.6730270e-15
4933.6864 2.8184702e-15
4935.1574 2.7362052e-15
4936.6284 2.6882398e-15
4938.0994 2.6586553e-15
4939.5704 2.6202389e-15
4941.0414 2.5485845e-15
4942.5124 2.6589129e-15
4943.9834 2.6500586e-15
4945.4543 2.6598003e-15
4946.9253 2.7706845e-15
4948.3963 2.5425816e-15
4949.8673 2.4700230e-15
4951.3383 2.7347508e-15
4952.8093 2.5796085e-15
4954.2803 2.5420906e-15
4955.7513 2.6004665e-15
4957.2222 2.4157416e-15
4958.6932 2.5071055e-15
4960.1642 2.4435864e-15
4961.6352 2.4729633e-15
4963.1062 2.6297175e-15
4964.5772 2.5687348e-15
4966.0482 2.6988041e-15
4967.5192 2.6981723e-15
4968.9902 2.5240598e-15
4970.4611 2.5413718e-15
4971.9321 2.4228728e-15
4973.4031 2.6395851e-15
4974.8741 2.5845923e-15
4976.3451 2.5688719e-15
4977.8161 2.6522226e-15
4979.2871 2.6679690e-15
4980.7581 2.6057394e-15
4982.2290 2.5827618e-15
4983.7000 2.4549899e-15
4985.1710 2.4592216e-15
4986.6420 2.5212715e-15
4988.1130 2.4844947e-15
4989.5840 2.6009668e-15
4991.0550 2.6123426e-15
4992.5260 2.7269600e-15
4993.9969 2.7049329e-15
4995.4679 2.5466280e-15
4996.9389 2.5891945e-15
4998.4099 2.6380307e-15
4999.8809 2.6925325e-15
5001.3519 2.5467410e-15
5002.8229 2.5044727e-15
5004.2939 2.6226141e-15
5005.7649 2.6023267e-15
5007.2358 2.5430559e-15
5008.7068 2.5871565e-15
5010.1778 2.5156002e-15
5011.6488 2.4666325e-15
5013.1198 2.5377367e-15
5014.5908 2.6234330e-15
5016.0618 2.4137870e-15
5017.5328 2.3804637e-15
5019.0037 2.4531316e-15
5020.4747 2.4101001e-15
5021.9457 2.4390323e-15
5023.4167 2.5166026e-15
5024.8877 2.4422265e-15
5026.3587 2.3803674e-15
5027.8297 2.4816156e-15
5029.3007 2.5139309e-15
5030.7716 2.5538240e-15
5032.2426 2.3923472e-15
5033.7136 2.3659142e-15
5035.1846 2.4601442e-15
5036.6556 2.4487333e-15
5038.1266 2.4976436e-15
5039.5976 2.3429496e-15
5041.0686 2.3887380e-15
5042.5396 2.4436827e-15
5044.0105 2.5100254e-15
5045.4815 2.4678238e-15
5046.9525 2.5495757e-15
5048.4235 2.6386773e-15
5049.8945 2.4466693e-15
5051.3655 2.6547331e-15
5052.8365 2.4549510e-15
5054.3075 2.3990874e-15
5055.7784 2.3785073e-15
5057.2494 2.4914795e-15
5058.7204 2.5872992e-15
5060.1914 2.5340609e-15
5061.6624 2.5533404e-15
5063.1334 2.5432486e-15
5064.6044 2.4720499e-15
5066.0754 2.5102885e-15
5067.5464 2.5282322e-15
5069.0173 2.4298187e-15
5070.4883 2.2950157e-15
5071.9593 2.4281531e-15
5073.4303 2.5576406e-15
5074.9013 2.4618617e-15
5076.3723 2.4617543e-15
5077.8433 2.3562041e-15
5079.3143 2.4300355e-15
5080.7852 2.2726995e-15
5082.2562 2.3709648e-15
5083.7272 2.3635946e-15
5085.1982 2.1664749e-15
5086.6692 2.2906914e-15
5088.1402 2.4050050e-15
5089.6112 2.3942036e-15
5091.0822 2.4240234e-15
5092.5531 2.4786197e-15
5094.0241 2.5082208e-15
5095.4951 2.5541278e-15
5096.9661 2.4092293e-15
5098.4371 2.3896663e-15
5099.9081 2.5061532e-15
5101.3791 2.4197880e-15
5102.8501 2.3118737e-15
5104.3211 2.3124629e-15
5105.7920 2.6007407e-15
5107.2630 2.7110784e-15
5108.7340 2.7020908e-15
5110.2050 2.7006809e-15
5111.6760 2.5857003e-15
5113.1470 2.5144793e-15
5114.6180 2.3293765e-15
5116.0890 2.3651027e-15
5117.5599 2.2835065e-15
5119.0309 2.2256772e-15
5120.5019 2.2592728e-15
5121.9729 2.3445170e-15
5123.4439 2.3120053e-15
5124.9149 2.2947748e-15
5126.3859 2.3838339e-15
5127.8569 2.3558317e-15
5129.3278 2.3042275e-15
5130.7988 2.3656215e-15
5132.2698 2.4529204e-15
5133.7408 2.3804767e-15
5135.2118 2.3436648e-15
5136.6828 2.2164450e-15
5138.1538 2.4011717e-15
5139.6248 2.3530748e-15
5141.0958 2.3484596e-15
5142.5667 2.2069460e-15
5144.0377 2.1261150e-15
5145.5087 2.1556865e-15
5146.9797 2.3152049e-15
5148.4507 2.3554204e-15
5149.9217 2.3367596e-15
5151.3927 2.2243636e-15
5152.8637 2.1763203e-15
5154.3346 2.2572403e-15
5155.8056 2.2271112e-15
5157.2766 2.3368671e-15
5158.7476 2.1394121e-15
5160.2186 2.2419794e-15
5161.6896 2.3970272e-15
5163.1606 2.3971495e-15
5164.6316 2.3852716e-15
5166.1025 2.2384110e-15
5167.5735 2.1711494e-15
5169.0445 2.3028731e-15
5170.5155 2.3021672e-15
5171.9865 2.2591023e-15
5173.4575 2.2771535e-15
5174.9285 2.2653812e-15
5176.3995 2.3351737e-15
5177.8705 2.0883470e-15
5179.3414 2.0303528e-15
5180.8124 2.2088377e-15
5182.2834 2.1482014e-15
5183.7544 2.1504395e-15
5185.2254 2.2450919e-15
5186.6964 2.2285433e-15
5188.1674 2.1658487e-15
5189.6384 2.1723407e-15
5191.1093 2.2598693e-15
5192.5803 2.1107873e-15
5194.0513 2.1401680e-15
5195.5223 2.2828710e-15
5196.9933 2.2367083e-15
5198.4643 2.2745652e-15
5199.9353 2.2582093e-15
5201.4063 2.1790050e-15
5202.8772 2.1332424e-15
5204.3482 2.0822849e-15
5205.8192 2.2715156e-15
5207.2902 2.2334012e-15
5208.7612 2.2625855e-15
5210.2322 2.2345295e-15
5211.7032 2.1696097e-15
5213.1742 2.1846021e-15
5214.6452 2.2236429e-15
5216.1161 2.2040539e-15
5217.5871 2.2205692e-15
5219.0581 2.2165673e-15
5220.5291 2.3171911e-15
5222.0001 2.0816920e-15
5223.4711 2.1099795e-15
5224.9421 2.1426988e-15
5226.4131 2.3308624e-15
5227.8840 2.1091921e-15
5229.3550 2.0787425e-15
5230.8260 2.1371869e-15
5232.2970 2.2149183e-15
5233.7680 2.0709665e-15
5235.2390 2.0926917e-15
5236.7100 2.1152821e-15
5238.1810 2.1450592e-15
5239.6520 2.2165487e-15
5241.1229 2.0865443e-15
5242.5939 2.1703564e-15
5244.0649 2.1027242e-15
5245.5359 1.9856686e-15
5247.0069 2.1533891e-15
5248.4779 2.1717182e-15
5249.9489 2.1033245e-15
5251.4199 2.2127025e-15
5252.8908 2.1999186e-15
5254.3618 2.2494996e-15
5255.8328 2.0971234e-15
5257.3038 2.1288996e-15
5258.7748 1.9267998e-15
5260.2458 2.0959340e-15
5261.7168 2.1652058e-15
5263.1878 2.1309636e-15
5264.6587 2.2621741e-15
5266.1297 2.2055009e-15
5267.6007 2.0726896e-15
5269.0717 2.0214133e-15
5270.5427 1.9244783e-15
5272.0137 1.8625730e-15
5273.4847 1.8268558e-15
5274.9557 1.7788728e-15
5276.4267 1.8288178e-15
5277.8976 1.8851281e-15
5279.3686 1.9135398e-15
5280.8396 1.8254334e-15
5282.3106 2.0814085e-15
5283.7816 2.0733436e-15
5285.2526 2.0938848e-15
5286.7236 2.0789370e-15
5288.1946 1.9888126e-15
5289.6655 1.9953509e-15
5291.1365 2.1118360e-15
5292.6075 2.0282092e-15
5294.0785 1.9831136e-15
5295.5495 1.8843926e-15
5297.0205 1.9942801e-15
5298.4915 1.9207895e-15
5299.9625 2.0089574e-15
5301.4334 2.0383640e-15
5302.9044 2.1164715e-15
5304.3754 2.1971673e-15
5305.8464 2.0568246e-15
5307.3174 2.0393033e-15
5308.7884 2.0383658e-15
5310.2594 2.0380935e-15
5311.7304 2.0789500e-15
5313.2014 2.0639836e-15
5314.6723 2.0786554e-15
5316.1433 2.0180414e-15
5317.6143 1.9858816e-15
5319.0853 2.1319011e-15
5320.5563 1.9921772e-15
5322.0273 2.1108355e-15
5323.4983 2.1331498e-15
5324.9693 2.1182372e-15
5326.4402 1.9704632e-15
5327.9112 2.1499708e-15
5329.3822 2.0966714e-15
5330.8532 2.1945994e-15
5332.3242 2.0150492e-15
5333.7952 1.9770737e-15
5335.2662 2.0928399e-15
5336.7372 1.9930795e-15
5338.2081 2.0909353e-15
5339.6791 2.0102673e-15
5341.1501 2.0271086e-15
5342.6211 2.0531710e-15
5344.0921 1.9012932e-15
5345.5631 2.1924799e-15
5347.0341 2.0598890e-15
5348.5051 2.1188134e-15
5349.9761 2.1043176e-15
5351.4470 2.0922118e-15
5352.9180 2.2439710e-15
5354.3890 2.1312915e-15
5355.8600 2.0000532e-15
5357.3310 2.2963256e-15
5358.8020 2.0717262e-15
5360.2730 2.1290108e-15
5361.7440 2.3057949e-15
5363.2149 2.1428489e-15
5364.6859 2.2643789e-15
5366.1569 2.0912151e-15
5367.6279 2.0856142e-15
5369.0989 2.1143853e-15
5370.5699 2.0592554e-15
5372.0409 1.9996808e-15
5373.5119 1.9792914e-15
5374.9829 1.8935192e-15
5376.4538 1.9202875e-15
5377.9248 1.8121736e-15
5379.3958 1.9197909e-15
5380.8668 1.9382497e-15
5382.3378 1.9810867e-15
5383.8088 2.1065260e-15
5385.2798 2.0175726e-15
5386.7508 2.1116155e-15
5388.2217 2.0016891e-15
5389.6927 2.1126567e-15
5391.1637 2.0815327e-15
5392.6347 2.1461152e-15
5394.1057 2.0347697e-15
5395.5767 2.1629844e-15
5397.0477 2.1643702e-15
5398.5187 2.2619036e-15
5399.9896 2.1764260e-15
5401.4606 2.2687662e-15
5402.9316 2.1651095e-15
5404.4026 2.2040484e-15
5405.8736 2.0848917e-15
5407.3446 1.9995048e-15
5408.8156 2.2558489e-15
5410.2866 2.1206142e-15
5411.7576 2.1228931e-15
5413.2285 2.2592264e-15
5414.6995 2.1036432e-15
5416.1705 2.1084751e-15
5417.6415 2.1668733e-15
5419.1125 2.1271321e-15
5420.5835 2.3637224e-15
5422.0545 2.2119966e-15
5423.5255 2.1464006e-15
5424.9964 2.1600793e-15
5426.4674 2.1277991e-15
5427.9384 2.1341688e-15
5429.4094 2.1736005e-15
5430.8804 2.1770262e-15
5432.3514 2.0333412e-15
5433.8224 2.1213664e-15
5435.2934 2.1277009e-15
5436.7643 1.9995363e-15
5438.2353 2.0827610e-15
5439.7063 2.0105007e-15
5441.1773 1.9493031e-15
5442.6483 2.1902047e-15
5444.1193 2.1158156e-15
5445.5903 2.2215344e-15
5447.0613 2.2051489e-15
5448.5323 2.1665768e-15
5450.0032 2.0815160e-15
5451.4742 2.1594308e-15
5452.9452 2.1691262e-15
5454.4162 2.1603683e-15
5455.8872 2.2680992e-15
5457.3582 2.1358418e-15
5458.8292 2.0362167e-15
5460.3002 2.1497559e-15
5461.7711 2.1656949e-15
5463.2421 2.2636804e-15
5464.7131 2.3205241e-15
5466.1841 2.1340021e-15
5467.6551 2.2087839e-15
5469.1261 2.2183162e-15
5470.5971 2.0786461e-15
5472.0681 2.1442718e-15
5473.5390 2.2106774e-15
5475.0100 2.2705059e-15
5476.4810 2.0939497e-15
5477.9520 1.9859631e-15
5479.4230 2.1595272e-15
5480.8940 2.0260544e-15
5482.3650 1.9765105e-15
5483.8360 2.1002342e-15
5485.3070 2.1608797e-15
5486.7779 2.2870545e-15
5488.2489 2.2788691e-15
5489.7199 2.1671956e-15
5491.1909 2.1831680e-15
5492.6619 2.2211787e-15
5494.1329 2.1088012e-15
5495.6039 2.0342009e-15
5497.0749 2.1943345e-15
5498.5458 2.1723407e-15
5500.0168 2.1794718e-15
5501.4878 2.2527159e-15
5502.9588 2.1292795e-15
5504.4298 1.9985580e-15
5505.9008 2.1196601e-15
5507.3718 2.1131292e-15
5508.8428 2.0594499e-15
5510.3137 2.1004528e-15
5511.7847 2.0578436e-15
5513.2557 2.2014212e-15
5514.7267 2.0593128e-15
5516.1977 2.0249724e-15
5517.6687 2.1043917e-15
5519.1397 2.0821200e-15
5520.6107 2.1428600e-15
5522.0817 2.2768997e-15
5523.5526 2.1704787e-15
5525.0236 2.0724784e-15
5526.4946 2.1440254e-15
5527.9656 2.2300200e-15
5529.4366 2.0809824e-15
5530.9076 2.0826091e-15
5532.3786 2.2247916e-15
5533.8496 2.2644085e-15
5535.3205 2.1967041e-15
5536.7915 2.1120676e-15
5538.2625 2.2842013e-15
5539.7335 2.0984666e-15
5541.2045 2.0907037e-15
5542.6755 2.0680374e-15
5544.1465 2.1474751e-15
5545.6175 2.1202659e-15
5547.0885 2.0731805e-15
5548.5594 2.1942715e-15
5550.0304 2.1408627e-15
5551.5014 2.3174968e-15
5552.9724 2.2968518e-15
5554.4434 2.1580339e-15
5555.9144 2.2017528e-15
5557.3854 2.0787684e-15
5558.8564 2.0925435e-15
5560.3273 2.1785937e-15
5561.7983 2.1029373e-15
5563.2693 2.0173577e-15
5564.7403 2.1625267e-15
5566.2113 2.1497688e-15
5567.6823 2.0450839e-15
5569.1533 2.0358535e-15
5570.6243 2.1032115e-15
5572.0952 2.2459998e-15
5573.5662 2.3712408e-15
5575.0372 2.1047252e-15
5576.5082 2.1946754e-15
5577.9792 2.1646185e-15
5579.4502 2.1376575e-15
5580.9212 2.3409190e-15
5582.3922 2.1327015e-15
5583.8632 2.2517451e-15
5585.3341 2.0262304e-15
5586.8051 2.0256302e-15
5588.2761 2.0597186e-15
5589.7471 2.1167031e-15
5591.2181 2.1295073e-15
5592.6891 2.0983851e-15
5594.1601 2.1138629e-15
5595.6311 2.1281863e-15
5597.1020 2.0930381e-15
5598.5730 2.3089001e-15
5600.0440 2.1791995e-15
5601.5150 2.1305615e-15
5602.9860 2.2235391e-15
5604.4570 2.2382683e-15
5605.9280 2.1204289e-15
5607.3990 2.1686723e-15
5608.8699 1.9605492e-15
5610.3409 2.1600923e-15
5611.8119 2.0760467e-15
5613.2829 2.2393651e-15
5614.7539 2.2470151e-15
5616.2249 2.0821033e-15
5617.6959 2.2104292e-15
5619.1669 2.2112722e-15
5620.6379 2.0879302e-15
5622.1088 2.0568506e-15
5623.5798 2.1555494e-15
5625.0508 2.1497818e-15
5626.5218 2.1256462e-15
5627.9928 2.0579122e-15
5629.4638 2.2058399e-15
5630.9348 2.2059252e-15
5632.4058 2.2530809e-15
5633.8767 2.1372833e-15
5635.3477 2.1792995e-15
5636.8187 2.2161523e-15
5638.2897 2.2238707e-15
5639.7607 2.2027866e-15
5641.2317 2.1152339e-15
5642.7027 2.0777864e-15
5644.1737 2.0717076e-15
5645.6446 2.1137943e-15
5647.1156 2.1239195e-15
5648.5866 2.1629473e-15
5650.0576 2.3015447e-15
5651.5286 2.1920000e-15
5652.9996 2.1791532e-15
5654.4706 2.1047493e-15
5655.9416 2.0245556e-15
5657.4126 2.2155446e-15
5658.8835 2.2641047e-15
5660.3545 2.1334796e-15
5661.8255 2.0701865e-15
5663.2965 2.0141451e-15
5664.7675 2.2900726e-15
5666.2385 2.2833120e-15
5667.7095 2.0939960e-15
5669.1805 2.1271914e-15
5670.6514 2.1560200e-15
5672.1224 2.2515876e-15
5673.5934 1.9789783e-15
5675.0644 2.0793650e-15
5676.5354 2.1274304e-15
5678.0064 2.2055268e-15
5679.4774 2.1926874e-15
5680.9484 2.0230048e-15
5682.4193 2.2991918e-15
5683.8903 2.1088772e-15
5685.3613 2.0343491e-15
5686.8323 2.1144020e-15
5688.3033 2.1992813e-15
5689.7743 2.1571186e-15
5691.2453 2.0911761e-15
5692.7163 2.1748159e-15
5694.1873 2.2006912e-15
5695.6582 2.0852066e-15
5697.1292 2.1076784e-15
5698.6002 2.2140179e-15
5700.0712 2.1217870e-15
5701.5422 2.0423270e-15
5703.0132 1.9965849e-15
5704.4842 1.9094971e-15
5705.9552 2.0699160e-15
5707.4261 2.1012976e-15
5708.8971 2.1115173e-15
5710.3681 2.1367867e-15
5711.8391 2.0546199e-15
5713.3101 1.9702019e-15
5714.7811 2.0681263e-15
5716.2521 2.0540881e-15
5717.7231 2.0832835e-15
5719.1941 2.1034579e-15
5720.6650 2.0879839e-15
5722.1360 2.1601923e-15
5723.6070 2.1671660e-15
5725.0780 2.1059017e-15
5726.5490 2.0014298e-15
5728.0200 2.0542864e-15
5729.4910 2.1532168e-15
5730.9620 2.0508496e-15
5732.4329 1.9526955e-15
5733.9039 2.0797077e-15
5735.3749 2.1055682e-15
5736.8459 2.1051976e-15
5738.3169 2.1777414e-15
5739.7879 2.1648779e-15
5741.2589 2.1381281e-15
5742.7299 2.1941955e-15
5744.2008 2.2236669e-15
5745.6718 2.2920087e-15
5747.1428 2.2413142e-15
5748.6138 2.0828129e-15
5750.0848 2.1243456e-15
5751.5558 2.1170162e-15
5753.0268 2.0912595e-15
5754.4978 2.0247149e-15
5755.9688 2.0549886e-15
5757.4397 2.2168396e-15
5758.9107 2.2109479e-15
5760.3817 2.0751259e-15
5761.8527 2.0700272e-15
5763.3237 2.1122473e-15
5764.7947 2.1332628e-15
5766.2657 1.9953343e-15
5767.7367 2.4900751e-15
5769.2076 2.2033350e-15
5770.6786 2.2272557e-15
5772.1496 2.1778655e-15
5773.6206 1.9980115e-15
5775.0916 2.1194081e-15
5776.5626 2.1169291e-15
5778.0336 2.0964157e-15
5779.5046 2.0000328e-15
5780.9755 2.0399425e-15
5782.4465 2.0731565e-15
5783.9175 2.0678836e-15
5785.3885 2.1502413e-15
5786.8595 1.9793118e-15
5788.3305 2.0220081e-15
5789.8015 2.2372956e-15
5791.2725 2.1351156e-15
5792.7435 2.1983234e-15
5794.2144 2.2145719e-15
5795.6854 2.2481860e-15
5797.1564 2.0851214e-15
5798.6274 2.1542951e-15
5800.0984 2.1645296e-15
5801.5694 2.0665089e-15
5803.0404 2.2427130e-15
5804.5114 2.1696338e-15
5805.9823 2.2055639e-15
5807.4533 2.1826808e-15
5808.9243 2.2024754e-15
5810.3953 2.1725352e-15
5811.8663 2.1947217e-15
5813.3373 2.2870916e-15
5814.8083 2.0002866e-15
5816.2793 2.0772010e-15
5817.7502 2.0447800e-15
5819.2212 2.1426062e-15
5820.6922 2.3079459e-15
5822.1632 2.0619400e-15
5823.6342 2.0662754e-15
5825.1052 2.0866629e-15
5826.5762 2.0888658e-15
5828.0472 2.0127703e-15
5829.5182 1.9150868e-15
5830.9891 2.1033467e-15
5832.4601 2.2186794e-15
5833.9311 2.0887880e-15
5835.4021 2.1439957e-15
5836.8731 2.2470040e-15
5838.3441 2.1489907e-15
5839.8151 2.0908816e-15
5841.2861 2.1970321e-15
5842.7570 2.2190092e-15
5844.2280 2.1238435e-15
5845.6990 2.2216363e-15
5847.1700 2.2576238e-15
5848.6410 2.0365631e-15
5850.1120 2.1771856e-15
5851.5830 2.0743978e-15
5853.0540 2.2225312e-15
5854.5249 2.1448424e-15
5855.9959 2.1757775e-15
5857.4669 2.0699642e-15
5858.9379 2.2084579e-15
5860.4089 2.2169489e-15
5861.8799 2.1023296e-15
5863.3509 2.1510787e-15
5864.8219 2.1475659e-15
5866.2929 2.2886608e-15
5867.7638 2.2495107e-15
5869.2348 2.0181673e-15
5870.7058 2.1967801e-15
5872.1768 2.0063951e-15
5873.6478 2.1999001e-15
5875.1188 2.1791013e-15
5876.5898 2.1386283e-15
5878.0608 2.0630016e-15
5879.5317 2.2177438e-15
5881.0027 2.1800128e-15
5882.4737 2.3752298e-15
5883.9447 2.1684703e-15
5885.4157 2.1231210e-15
5886.8867 2.0854642e-15
5888.3577 2.0456415e-15
5889.8287 2.0723635e-15
5891.2997 2.0403520e-15
5892.7706 1.9982894e-15
5894.2416 2.1811041e-15
5895.7126 2.1775635e-15
5897.1836 2.2208804e-15
5898.6546 1.9601861e-15
5900.1256 2.0356312e-15
5901.5966 2.0942498e-15
5903.0676 2.0636594e-15
5904.5385 2.0768063e-15
5906.0095 2.0449134e-15
5907.4805 2.0179895e-15
5908.9515 2.1471639e-15
5910.4225 2.0765470e-15
5911.8935 2.1629195e-15
5913.3645 2.1716218e-15
5914.8355 2.1950385e-15
5916.3064 2.2123282e-15
5917.7774 2.0937570e-15
5919.2484 2.0793187e-15
5920.7194 2.1283549e-15
5922.1904 2.1130717e-15
5923.6614 2.0612712e-15
5925.1324 2.1119138e-15
5926.6034 2.1494835e-15
5928.0744 2.1247328e-15
5929.5453 1.9349389e-15
5931.0163 2.0137300e-15
5932.4873 2.1535076e-15
5933.9583 2.0634481e-15
5935.4293 2.0150881e-15
5936.9003 2.0349624e-15
5938.3713 1.9434114e-15
5939.8423 2.2335087e-15
5941.3132 2.1584841e-15
5942.7842 2.1485590e-15
5944.2552 2.2144107e-15
5945.7262 2.1685185e-15
5947.1972 2.1481810e-15
5948.6682 2.0478185e-15
5950.1392 2.1129476e-15
5951.6102 2.1777784e-15
5953.0811 2.1010234e-15
5954.5521 2.0882729e-15
5956.0231 2.1588583e-15
5957.4941 2.1964929e-15
5958.9651 2.2111777e-15
5960.4361 2.1102000e-15
5961.9071 2.0711537e-15
5963.3781 2.2108145e-15
5964.8491 2.1154025e-15
5966.3200 2.1393861e-15
5967.7910 2.1679516e-15
5969.2620 2.1860064e-15
5970.7330 2.1579079e-15
5972.2040 2.1670048e-15
5973.6750 2.2111017e-15
5975.1460 2.1480402e-15
5976.6170 2.1187596e-15
5978.0879 2.1114339e-15
5979.5589 2.0872576e-15
5981.0299 2.0195754e-15
5982.5009 2.1524312e-15
5983.9719 2.1602423e-15
5985.4429 2.1250626e-15
5986.9139 2.2788524e-15
5988.3849 2.0932957e-15
5989.8558 2.0613397e-15
5991.3268 2.2843310e-15
5992.7978 2.2927702e-15
5994.2688 2.3267308e-15
5995.7398 2.2645864e-15
5997.2108 2.2338255e-15
5998.6818 2.1901232e-15
6000.1528 2.2078057e-15
6001.6238 2.2285619e-15
6003.0947 2.0320851e-15
6004.5657 2.0480556e-15
6006.0367 2.0612249e-15
6007.5077 1.9901837e-15
6008.9787 2.0306159e-15
6010.4497 1.9135065e-15
6011.9207 1.9169247e-15
6013.3917 1.9154370e-15
6014.8626 1.8395998e-15
6016.3336 2.0331763e-15
6017.8046 2.0371227e-15
6019.2756 2.0677150e-15
6020.7466 2.1089846e-15
6022.2176 2.0224546e-15
6023.6886 2.2397172e-15
6025.1596 2.1631863e-15
6026.6305 1.9725382e-15
6028.1015 2.1854358e-15
6029.5725 2.1116692e-15
6031.0435 2.1391156e-15
6032.5145 2.2261941e-15
6033.9855 2.0834354e-15
6035.4565 2.0318127e-15
6036.9275 2.1419596e-15
6038.3985 1.9805254e-15
6039.8694 2.0847120e-15
6041.3404 2.1253480e-15
6042.8114 2.1379817e-15
6044.2824 2.0588237e-15
6045.7534 2.1214202e-15
6047.2244 2.1275434e-15
6048.6954 2.0841580e-15
6050.1664 2.0854438e-15
6051.6373 1.9760751e-15
6053.1083 2.2072554e-15
6054.5793 2.1947365e-15
6056.0503 2.0469755e-15
6057.5213 2.1448146e-15
6058.9923 2.0007220e-15
6060.4633 2.0586811e-15
6061.9343 2.1748697e-15
6063.4053 2.0635519e-15
6064.8762 2.0751092e-15
6066.3472 2.1614855e-15
6067.8182 2.2197651e-15
6069.2892 1.9776740e-15
6070.7602 2.1707992e-15
6072.2312 1.9941040e-15
6073.7022 2.0858792e-15
6075.1732 2.0503604e-15
6076.6441 1.8797256e-15
6078.1151 2.1252442e-15
6079.5861 2.0924897e-15
6081.0571 2.1685926e-15
6082.5281 2.1056849e-15
6083.9991 1.9670264e-15
6085.4701 2.1139018e-15
6086.9411 2.0544754e-15
6088.4120 2.1097498e-15
6089.8830 2.1398159e-15
6091.3540 2.0407077e-15
6092.8250 1.9602139e-15
6094.2960 1.9571550e-15
6095.7670 2.0083479e-15
6097.2380 2.0412561e-15
6098.7090 2.0591127e-15
6100.1800 2.1404755e-15
6101.6509 2.0164239e-15
6103.1219 2.0497472e-15
6104.5929 2.0991207e-15
6106.0639 1.9170322e-15
6107.5349 2.1169995e-15
6109.0059 2.0531525e-15
6110.4769 2.0080292e-15
6111.9479 2.0026970e-15
6113.4188 2.0763821e-15
6114.8898 2.1088475e-15
6116.3608 1.9496366e-15
6117.8318 2.0603578e-15
6119.3028 1.9984394e-15
6120.7738 1.9105476e-15
6122.2448 2.0660549e-15
6123.7158 2.0761653e-15
6125.1867 1.9874787e-15
6126.6577 2.0090130e-15
6128.1287 1.8649963e-15
6129.5997 2.0058782e-15
6131.0707 2.0965435e-15
6132.5417 1.9644288e-15
6134.0127 1.9394595e-15
6135.4837 2.1081138e-15
6136.9547 2.0247408e-15
6138.4256 2.0239701e-15
6139.8966 2.0086832e-15
6141.3676 2.0112678e-15
6142.8386 1.9905542e-15
6144.3096 2.0375488e-15
6145.7806 1.8838331e-15
6147.2516 2.0729916e-15
6148.7226 2.1283920e-15
6150.1935 2.0260637e-15
6151.6645 1.9966775e-15
6153.1355 2.0340582e-15
6154.6065 1.8722980e-15
6156.0775 1.9234797e-15
6157.5485 2.0892660e-15
6159.0195 2.1409591e-15
6160.4905 1.9991453e-15
6161.9614 1.9410751e-15
6163.4324 1.9951175e-15
6164.9034 2.0794502e-15
6166.3744 2.0217227e-15
6167.8454 2.0721541e-15
6169.3164 2.1614392e-15
6170.7874 2.1329293e-15
6172.2584 1.9663779e-15
6173.7294 1.9390797e-15
6175.2003 2.0403316e-15
6176.6713 2.0675686e-15
6178.1423 2.0467050e-15
6179.6133 2.0371782e-15
6181.0843 2.0306474e-15
6182.5553 2.0210446e-15
6184.0263 2.1403458e-15
6185.4973 2.1118786e-15
6186.9682 2.0815808e-15
6188.4392 2.0556685e-15
6189.9102 1.9848719e-15
6191.3812 2.0821348e-15
6192.8522 2.0580048e-15
6194.3232 1.9962328e-15
6195.7942 2.0801394e-15
6197.2652 2.0481835e-15
6198.7361 1.9918697e-15
6200.2071 2.0175578e-15
6201.6781 2.0272772e-15
6203.1491 1.9504110e-15
6204.6201 1.8721720e-15
6206.0911 1.9590652e-15
6207.5621 1.9893055e-15
6209.0331 1.9656516e-15
6210.5041 1.9787023e-15
6211.9750 2.0140061e-15
6213.4460 2.0365372e-15
6214.9170 1.9657035e-15
6216.3880 1.8461072e-15
6217.8590 2.0148528e-15
6219.3300 2.1057961e-15
6220.8010 1.9861095e-15
6222.2720 1.9649939e-15
6223.7429 2.0284945e-15
6225.2139 1.9934019e-15
6226.6849 2.0021505e-15
6228.1559 1.9108922e-15
6229.6269 2.0900349e-15
6231.0979 2.0275459e-15
6232.5689 1.8414518e-15
6234.0399 2.0694769e-15
6235.5109 1.9485361e-15
6236.9818 2.0144471e-15
6238.4528 1.9490808e-15
6239.9238 2.1610390e-15
6241.3948 2.1169273e-15
6242.8658 2.0237904e-15
6244.3368 1.9027402e-15
6245.8078 2.0633351e-15
6247.2788 1.9158928e-15
6248.7497 1.8694281e-15
6250.2207 2.0589627e-15
6251.6917 2.0208649e-15
6253.1627 1.9647030e-15
6254.6337 1.8793476e-15
6256.1047 2.1291479e-15
6257.5757 2.0591924e-15
6259.0467 1.9406305e-15
6260.5176 1.9849441e-15
6261.9886 2.0258173e-15
6263.4596 1.9732497e-15
6264.9306 1.9124078e-15
6266.4016 1.9081391e-15
6267.8726 2.1041990e-15
6269.3436 1.9819205e-15
6270.8146 1.9981189e-15
6272.2856 2.0335951e-15
6273.7565 1.9451956e-15
6275.2275 1.9768088e-15
6276.6985 1.8452951e-15
6278.1695 1.7003202e-15
6279.6405 1.7402537e-15
6281.1115 1.7826218e-15
6282.5825 1.7999015e-15
6284.0535 1.8709195e-15
6285.5244 2.0995857e-15
6286.9954 1.9249878e-15
6288.4664 1.8387124e-15
6289.9374 1.6856245e-15
6291.4084 1.7895940e-15
6292.8794 1.8461140e-15
6294.3504 1.6994795e-15
6295.8214 1.9011506e-15
6297.2923 1.8327454e-15
6298.7633 1.8848058e-15
6300.2343 1.6808021e-15
6301.7053 1.9875435e-15
6303.1763 2.0413580e-15
6304.6473 1.8350990e-15
6306.1183 1.9388370e-15
6307.5893 1.7425505e-15
6309.0603 1.8660820e-15
6310.5312 1.8390946e-15
6312.0022 2.0203202e-15
6313.4732 1.8573742e-15
6314.9442 1.8586544e-15
6316.4152 1.9517376e-15
6317.8862 1.9952212e-15
6319.3572 1.8215951e-15
6320.8282 1.9000074e-15
6322.2991 2.0012482e-15
6323.7701 1.8733818e-15
6325.2411 2.0707813e-15
6326.7121 1.9192332e-15
6328.1831 1.9785967e-15
6329.6541 1.8399024e-15
6331.1251 1.8523418e-15
6332.5961 1.8911792e-15
6334.0670 1.9399264e-15
6335.5380 1.9459182e-15
6337.0090 2.0361963e-15
6338.4800 1.8826547e-15
6339.9510 1.9070200e-15
6341.4220 1.9207358e-15
6342.8930 1.9070237e-15
6344.3640 1.8578541e-15
6345.8350 1.8892301e-15
6347.3059 1.7760640e-15
6348.7769 1.8126537e-15
6350.2479 1.8142313e-15
6351.7189 1.9166116e-15
6353.1899 1.6988101e-15
6354.6609 1.7987400e-15
6356.1319 1.7864084e-15
6357.6029 1.8257132e-15
6359.0738 1.8650352e-15
6360.5448 1.9087449e-15
6362.0158 1.8599458e-15
6363.4868 1.7346942e-15
6364.9578 1.9446027e-15
6366.4288 1.9479710e-15
6367.8998 1.8108222e-15
6369.3708 1.9226886e-15
6370.8417 1.8434211e-15
6372.3127 1.8312425e-15
6373.7837 1.9844735e-15
6375.2547 1.8246597e-15
6376.7257 1.7813873e-15
6378.1967 1.7755284e-15
6379.6677 1.7987165e-15
6381.1387 1.9195371e-15
6382.6097 1.8669788e-15
6384.0806 1.8084961e-15
6385.5516 1.8117899e-15
6387.0226 1.8516696e-15
6388.4936 1.7336453e-15
6389.9646 1.7943374e-15
6391.4356 1.8986327e-15
6392.9066 1.8626971e-15
6394.3776 1.8183014e-15
6395.8485 1.8515120e-15
6397.3195 1.9846273e-15
6398.7905 1.8388352e-15
6400.2615 1.8091820e-15
6401.7325 1.9086152e-15
6403.2035 1.9563565e-15
6404.6745 1.9244302e-15
6406.1455 1.7758860e-15
6407.6165 1.7997142e-15
6409.0874 1.8346106e-15
6410.5584 1.8645424e-15
6412.0294 1.8064807e-15
6413.5004 1.8036166e-15
6414.9714 1.9381812e-15
6416.4424 1.9602917e-15
6417.9134 1.8968911e-15
6419.3844 1.7931277e-15
6420.8553 1.9142068e-15
6422.3263 1.9291139e-15
6423.7973 1.8099993e-15
6425.2683 1.9072516e-15
6426.7393 1.8653836e-15
6428.2103 1.8267628e-15
6429.6813 1.8607795e-15
6431.1523 1.8374655e-15
6432.6232 1.8406273e-15
6434.0942 1.8357333e-15
6435.5652 1.7886780e-15
6437.0362 1.8907938e-15
6438.5072 1.8185170e-15
6439.9782 1.8717421e-15
6441.4492 1.9804679e-15
6442.9202 1.8292186e-15
6444.3912 1.9107236e-15
6445.8621 1.8511733e-15
6447.3331 1.7202043e-15
6448.8041 1.8902083e-15
6450.2751 1.7586682e-15
6451.7461 1.8543931e-15
6453.2171 1.9832248e-15
6454.6881 1.8331093e-15
6456.1591 1.9385295e-15
6457.6300 1.9552819e-15
6459.1010 1.9294770e-15
6460.5720 1.9326137e-15
6462.0430 1.8702451e-15
6463.5140 1.7960843e-15
6464.9850 1.8657523e-15
6466.4560 1.7554305e-15
6467.9270 1.7308581e-15
6469.3979 1.8671270e-15
6470.8689 1.8510921e-15
6472.3399 1.8170337e-15
6473.8109 1.9040482e-15
6475.2819 1.9206969e-15
6476.7529 1.7711941e-15
6478.2239 1.9632116e-15
6479.6949 1.8695874e-15
6481.1659 1.8167506e-15
6482.6368 1.6289761e-15
6484.1078 1.7540491e-15
6485.5788 1.8234479e-15
6487.0498 1.8167332e-15
6488.5208 1.8350260e-15
6489.9918 1.8530166e-15
6491.4628 1.7868779e-15
6492.9338 1.9829339e-15
6494.4047 1.7665612e-15
6495.8757 1.6633269e-15
6497.3467 1.8741544e-15
6498.8177 1.8174432e-15
6500.2887 1.9944653e-15
6501.7597 1.8729279e-15
6503.2307 2.2775315e-15
6504.7017 1.7418172e-15
6506.1726 1.8717718e-15
6507.6436 1.8510256e-15
6509.1146 1.9407991e-15
6510.5856 2.0133595e-15
6512.0566 1.7883660e-15
6513.5276 1.7461409e-15
6514.9986 1.8520022e-15
6516.4696 1.8763573e-15
6517.9406 1.9689513e-15
6519.4115 1.8995739e-15
6520.8825 1.9162689e-15
6522.3535 1.8723332e-15
6523.8245 1.7770378e-15
6525.2955 1.8546044e-15
6526.7665 1.9602361e-15
6528.2375 1.9128339e-15
6529.7085 1.8779469e-15
6531.1794 1.8556808e-15
6532.6504 1.8766074e-15
6534.1214 1.9838751e-15
6535.5924 1.9423665e-15
6537.0634 1.9372937e-15
6538.5344 1.9563268e-15
6540.0054 1.9411918e-15
6541.4764 1.7423947e-15
6542.9474 1.7891603e-15
6544.4183 1.8644220e-15
6545.8893 1.9484675e-15
6547.3603 1.9673321e-15
6548.8313 1.9880512e-15
6550.3023 1.9324192e-15
6551.7733 2.0523799e-15
6553.2443 1.9021307e-15
6554.7153 2.0547107e-15
6556.1862 1.9650977e-15
6557.6572 1.8449123e-15
6559.1282 2.0442260e-15
6560.5992 1.8889651e-15
6562.0702 1.9704169e-15
6563.5412 1.8224685e-15
6565.0122 1.8376691e-15
6566.4832 1.9649921e-15
6567.9541 1.8927243e-15
6569.4251 1.9161633e-15
6570.8961 1.8012677e-15
6572.3671 1.9684085e-15
6573.8381 1.9409862e-15
6575.3091 1.8049343e-15
6576.7801 1.7888603e-15
6578.2511 2.0876078e-15
6579.7221 1.9615349e-15
6581.1930 1.9153610e-15
6582.6640 1.9956288e-15
6584.1350 1.8767056e-15
6585.6060 1.8934432e-15
6587.0770 1.9362821e-15
6588.5480 2.0020022e-15
6590.0190 1.9549891e-15
6591.4900 1.9515171e-15
6592.9609 1.8286793e-15
6594.4319 1.8991996e-15
6595.9029 1.9040816e-15
6597.3739 2.0065025e-15
6598.8449 1.9094601e-15
6600.3159 1.8650278e-15
6601.7869 1.9684678e-15
6603.2579 1.8820396e-15
6604.7288 1.9142049e-15
6606.1998 1.9369380e-15
6607.6708 1.7989288e-15
6609.1418 1.9160076e-15
6610.6128 2.0643412e-15
6612.0838 1.8943862e-15
6613.5548 1.8957943e-15
6615.0258 2.0660309e-15
6616.4968 1.9800437e-15
6617.9677 2.0836781e-15
6619.4387 2.0667052e-15
6620.9097 2.0215616e-15
6622.3807 2.0158385e-15
6623.8517 1.8949069e-15
6625.3227 1.8435313e-15
6626.7937 1.9052562e-15
6628.2647 1.9851609e-15
6629.7356 1.8984530e-15
6631.2066 1.9492160e-15
6632.6776 1.9874991e-15
6634.1486 2.0050982e-15
6635.6196 1.9861021e-15
6637.0906 1.9580795e-15
6638.5616 1.9860410e-15
6640.0326 1.9616219e-15
6641.5035 1.9323784e-15
6642.9745 2.0657956e-15
6644.4455 2.0604560e-15
6645.9165 1.9766087e-15
6647.3875 2.0233198e-15
6648.8585 2.1357344e-15
6650.3295 2.1888948e-15
6651.8005 2.1546248e-15
6653.2715 2.1045066e-15
6654.7424 2.2457904e-15
6656.2134 2.1760091e-15
6657.6844 2.1057553e-15
6659.1554 2.1723722e-15
6660.6264 2.2003873e-15
6662.0974 2.2276448e-15
6663.5684 2.2358783e-15
6665.0394 2.2003503e-15
6666.5103 2.1971117e-15
6667.9813 2.2603103e-15
6669.4523 2.2427705e-15
6670.9233 2.1649557e-15
6672.3943 2.1352453e-15
6673.8653 2.2443138e-15
6675.3363 2.2517840e-15
6676.8073 2.2578091e-15
6678.2782 2.3803600e-15
6679.7492 2.3180970e-15
6681.2202 2.3225455e-15
6682.6912 2.2402952e-15
6684.1622 2.0321295e-15
6685.6332 2.2805199e-15
6687.1042 2.2820392e-15
6688.5752 2.2203598e-15
6690.0462 2.1839351e-15
6691.5171 2.2164042e-15
6692.9881 2.0796188e-15
6694.4591 2.0985111e-15
6695.9301 2.3107472e-15
6697.4011 2.1757312e-15
6698.8721 2.1578171e-15
6700.3431 2.4468249e-15
6701.8141 2.1541450e-15
6703.2850 2.3034530e-15
6704.7560 2.3140785e-15
6706.2270 2.3689064e-15
6707.6980 2.3702515e-15
6709.1690 2.2268851e-15
6710.6400 2.2811332e-15
6712.1110 2.2521879e-15
6713.5820 2.1931524e-15
6715.0530 2.1589121e-15
6716.5239 2.1981196e-15
6717.9949 2.3101451e-15
6719.4659 2.2924145e-15
6720.9369 2.2075797e-15
6722.4079 2.1881686e-15
6723.8789 2.1994110e-15
6725.3499 2.0972735e-15
6726.8209 2.0514517e-15
6728.2918 2.1011865e-15
6729.7628 2.1402161e-15
6731.2338 2.0895346e-15
6732.7048 1.8539615e-15
6734.1758 2.0172169e-15
6735.6468 2.0922526e-15
6737.1178 2.0694325e-15
6738.5888 2.0665663e-15
6740.0597 2.0888991e-15
6741.5307 2.0022190e-15
6743.0017 2.0798782e-15
6744.4727 1.9255251e-15
6745.9437 1.9485046e-15
6747.4147 1.9374697e-15
6748.8857 2.0415785e-15
6750.3567 2.0666978e-15
6751.8277 1.9913305e-15
6753.2986 2.0979238e-15
6754.7696 2.0849324e-15
6756.2406 2.0486763e-15
6757.7116 1.9568400e-15
6759.1826 2.0464623e-15
6760.6536 2.0141284e-15
6762.1246 1.9012358e-15
6763.5956 1.8788288e-15
6765.0665 1.9171248e-15
6766.5375 1.8942528e-15
6768.0085 1.9898131e-15
6769.4795 2.0137393e-15
6770.9505 1.9606567e-15
6772.4215 1.9602120e-15
6773.8925 1.9533754e-15
6775.3635 2.0074215e-15
6776.8344 2.0470848e-15
6778.3054 1.9724697e-15
6779.7764 1.8878646e-15
6781.2474 1.9319022e-15
6782.7184 2.0204147e-15
6784.1894 1.8915719e-15
6785.6604 1.8392148e-15
6787.1314 1.9570012e-15
6788.6024 2.0176782e-15
6790.0733 1.9983412e-15
6791.5443 1.9265015e-15
6793.0153 1.9864893e-15
6794.4863 1.8519112e-15
6795.9573 1.8084554e-15
6797.4283 1.9386499e-15
6798.8993 1.7829623e-15
6800.3703 1.9356522e-15
6801.8412 1.7272417e-15
6803.3122 1.8236739e-15
6804.7832 1.7727067e-15
6806.2542 1.8302102e-15
6807.7252 1.8938545e-15
6809.1962 1.9905746e-15
6810.6672 1.9020047e-15
6812.1382 1.8289590e-15
6813.6091 1.7665816e-15
6815.0801 1.7343338e-15
6816.5511 1.8915849e-15
6818.0221 1.9956807e-15
6819.4931 1.9172619e-15
6820.9641 1.9202411e-15
6822.4351 1.8693984e-15
6823.9061 1.9010709e-15
6825.3771 1.9811571e-15
6826.8480 1.9155000e-15
6828.3190 1.7918549e-15
6829.7900 1.6734028e-15
6831.2610 1.8208553e-15
6832.7320 1.9766476e-15
6834.2030 1.9657257e-15
6835.6740 1.8202541e-15
6837.1450 1.9142420e-15
6838.6159 1.8360038e-15
6840.0869 1.8102931e-15
6841.5579 1.7847202e-15
6843.0289 1.8212368e-15
6844.4999 1.8096202e-15
6845.9709 1.8006539e-15
6847.4419 1.8491651e-15
6848.9129 1.8285442e-15
6850.3838 1.7462732e-15
6851.8548 1.7618369e-15
6853.3258 1.8054732e-15
6854.7968 1.7354594e-15
6856.2678 1.7873264e-15
6857.7388 1.6942705e-15
6859.2098 1.7787935e-15
6860.6808 1.8193530e-15
6862.1518 1.8470537e-15
6863.6227 1.8819803e-15
6865.0937 1.7427374e-15
6866.5647 1.4849185e-15
6868.0357 1.3084579e-15
6869.5067 1.3487073e-15
6870.9777 1.2198530e-15
6872.4487 1.2575252e-15
6873.9197 1.4092099e-15
6875.3906 1.4726777e-15
6876.8616 1.3853719e-15
6878.3326 1.3447535e-15
6879.8036 1.4491689e-15
6881.2746 1.6488689e-15
6882.7456 1.6617245e-15
6884.2166 1.5391352e-15
6885.6876 1.4463846e-15
6887.1586 1.4955686e-15
6888.6295 1.5337180e-15
6890.1005 1.4935369e-15
6891.5715 1.5008570e-15
6893.0425 1.4986702e-15
6894.5135 1.4988040e-15
6895.9845 1.4139010e-15
6897.4555 1.5152187e-15
6898.9265 1.6499283e-15
6900.3974 1.6854409e-15
6901.8684 1.5628419e-15
6903.3394 1.5807298e-15
6904.8104 1.6065304e-15
6906.2814 1.5144483e-15
6907.7524 1.6616283e-15
6909.2234 1.7720627e-15
6910.6944 1.6007838e-15
6912.1653 1.5763976e-15
6913.6363 1.6280290e-15
6915.1073 1.7251459e-15
6916.5783 1.7325109e-15
6918.0493 1.7508609e-15
6919.5203 1.6526450e-15
6920.9913 1.5816825e-15
6922.4623 1.6587310e-15
6923.9333 1.6500580e-15
6925.4042 1.6229620e-15
6926.8752 1.5562932e-15
6928.3462 1.5745252e-15
6929.8172 1.6321849e-15
6931.2882 1.5941082e-15
6932.7592 1.6545036e-15
6934.2302 1.6131382e-15
6935.7012 1.5870263e-15
6937.1721 1.5824460e-15
6938.6431 1.5175587e-15
6940.1141 1.7045295e-15
6941.5851 1.7993538e-15
6943.0561 1.5893467e-15
6944.5271 1.6797632e-15
6945.9981 1.7091229e-15
6947.4691 1.6631690e-15
6948.9400 1.7654558e-15
6950.4110 1.6351377e-15
6951.8820 1.6104897e-15
6953.3530 1.7309409e-15
6954.8240 1.7358960e-15
6956.2950 1.6932261e-15
6957.7660 1.4787528e-15
6959.2370 1.5685555e-15
6960.7080 1.5951984e-15
6962.1789 1.5563406e-15
6963.6499 1.6771427e-15
6965.1209 1.7661425e-15
6966.5919 1.7134943e-15
6968.0629 1.6126571e-15
6969.5339 1.4993702e-15
6971.0049 1.7224861e-15
6972.4759 1.7186338e-15
6973.9468 1.7194249e-15
6975.4178 1.5514372e-15
6976.8888 1.6736196e-15
6978.3598 1.6749458e-15
6979.8308 1.7059168e-15
6981.3018 1.7188229e-15
6982.7728 1.6000935e-15
6984.2438 1.5364315e-15
6985.7147 1.7532234e-15
6987.1857 1.6203329e-15
6988.6567 1.5900376e-15
6990.1277 1.6043763e-15
6991.5987 1.4629112e-15
6993.0697 1.6952975e-15
6994.5407 1.6898504e-15
6996.0117 1.6665640e-15
6997.4827 1.6041676e-15
6998.9536 1.6375911e-15
7000.4246 1.6238455e-15
7001.8956 1.5481571e-15
7003.3666 1.7061197e-15
7004.8376 1.6122980e-15
7006.3086 1.7150283e-15
7007.7796 1.6546528e-15
7009.2506 1.6458415e-15
7010.7215 1.7153163e-15
7012.1925 1.7600916e-15
7013.6635 1.6187398e-15
7015.1345 1.5853122e-15
7016.6055 1.6241946e-15
7018.0765 1.6394396e-15
7019.5475 1.5842183e-15
7021.0185 1.6842020e-15
7022.4894 1.6427623e-15
7023.9604 1.5902479e-15
7025.4314 1.6783755e-15
7026.9024 1.5258137e-15
7028.3734 1.6033487e-15
7029.8444 1.7239850e-15
7031.3154 1.5539873e-15
7032.7864 1.7145144e-15
7034.2574 1.6684091e-15
7035.7283 1.7107283e-15
7037.1993 1.6143260e-15
7038.6703 1.5619615e-15
7040.1413 1.6029230e-15
7041.6123 1.6611561e-15
7043.0833 1.6263082e-15
7044.5543 1.6734271e-15
7046.0253 1.8083522e-15
7047.4962 1.6760717e-15
7048.9672 1.7801784e-15
7050.4382 1.6030853e-15
7051.9092 1.7139556e-15
7053.3802 1.7893720e-15
7054.8512 1.6089236e-15
7056.3222 1.5691875e-15
7057.7932 1.5588498e-15
7059.2642 1.6124988e-15
7060.7351 1.5082844e-15
7062.2061 1.7172281e-15
7063.6771 1.7584614e-15
7065.1481 1.8014628e-15
7066.6191 1.8604201e-15
7068.0901 1.5811341e-15
7069.5611 1.5056265e-15
7071.0321 1.6189026e-15
7072.5030 1.6028163e-15
7073.9740 1.7805766e-15
7075.4450 1.6506785e-15
7076.9160 1.4645412e-15
7078.3870 1.6196797e-15
7079.8580 1.6077812e-15
7081.3290 1.6789738e-15
7082.8000 1.6585928e-15
7084.2709 1.6595034e-15
7085.7419 1.6482340e-15
7087.2129 1.6613222e-15
7088.6839 1.7295947e-15
7090.1549 1.5871197e-15
7091.6259 1.5826861e-15
7093.0969 1.5420939e-15
7094.5679 1.5612678e-15
7096.0389 1.6840045e-15
7097.5098 1.5945610e-15
7098.9808 1.7078922e-15
7100.4518 1.7797460e-15
7101.9228 1.6770725e-15
7103.3938 1.7140696e-15
7104.8648 1.7609220e-15
7106.3358 1.7130283e-15
7107.8068 1.7675882e-15
7109.2777 1.7564832e-15
7110.7487 1.6275999e-15
7112.2197 1.6286132e-15
7113.6907 1.8552769e-15
7115.1617 1.6162899e-15
7116.6327 1.5944150e-15
7118.1037 1.5938690e-15
7119.5747 1.6082437e-15
7121.0456 1.6297250e-15
7122.5166 1.6608272e-15
7123.9876 1.7616479e-15
7125.4586 1.5878773e-15
7126.9296 1.5396064e-15
7128.4006 1.5846938e-15
7129.8716 1.6017563e-15
7131.3426 1.5930466e-15
7132.8136 1.7797419e-15
7134.2845 1.7802060e-15
7135.7555 1.7674800e-15
7137.2265 1.6568462e-15
7138.6975 1.5490979e-15
7140.1685 1.7139191e-15
7141.6395 1.9884977e-15
7143.1105 1.9475652e-15
7144.5815 1.6299966e-15
7146.0524 1.6775546e-15
7147.5234 1.6243044e-15
7148.9944 1.4878273e-15
7150.4654 1.5831078e-15
7151.9364 1.7307795e-15
7153.4074 1.7797441e-15
7154.8784 1.6400838e-15
7156.3494 1.5676923e-15
7157.8203 1.6067394e-15
7159.2913 1.7287995e-15
7160.7623 1.6290141e-15
7162.2333 1.6691380e-15
7163.7043 1.6791570e-15
7165.1753 1.6392617e-15
7166.6463 1.5621851e-15
7168.1173 1.4689037e-15
7169.5883 1.5734562e-15
7171.0592 1.5310544e-15
7172.5302 1.4895594e-15
7174.0012 1.5579433e-15
7175.4722 1.5140674e-15
7176.9432 1.4799339e-15
7178.4142 1.4551360e-15
7179.8852 1.5566525e-15
7181.3562 1.4372319e-15
7182.8271 1.4366695e-15
7184.2981 1.5091013e-15
7185.7691 1.4362178e-15
7187.2401 1.4082135e-15
7188.7111 1.5404507e-15
7190.1821 1.5295386e-15
7191.6531 1.4456165e-15
7193.1241 1.4810793e-15
7194.5950 1.5367967e-15
7196.0660 1.5001545e-15
7197.5370 1.6408336e-15
7199.0080 1.6131436e-15
7200.4790 1.4441547e-15
7201.9500 1.5129595e-15
7203.4210 1.4568155e-15
7204.8920 1.5094952e-15
7206.3630 1.5217651e-15
7207.8339 1.5454260e-15
7209.3049 1.4629168e-15
7210.7759 1.6014899e-15
7212.2469 1.6058803e-15
7213.7179 1.6024594e-15
7215.1889 1.6653423e-15
7216.6599 1.5812140e-15
7218.1309 1.5206381e-15
7219.6018 1.5527856e-15
7221.0728 1.6117159e-15
7222.5438 1.5994020e-15
7224.0148 1.6269967e-15
7225.4858 1.6438806e-15
7226.9568 1.6127660e-15
7228.4278 1.6692010e-15
7229.8988 1.6267262e-15
7231.3698 1.5101690e-15
7232.8407 1.3704732e-15
7234.3117 1.4272928e-15
7235.7827 1.4366331e-15
7237.2537 1.3884860e-15
7238.7247 1.4724908e-15
7240.1957 1.5005904e-15
7241.6667 1.5858710e-15
7243.1377 1.5628921e-15
7244.6086 1.4892019e-15
7246.0796 1.4735244e-15
7247.5506 1.5771361e-15
7249.0216 1.5548842e-15
7250.4926 1.5230085e-15
7251.9636 1.4921042e-15
7253.4346 1.5835171e-15
7254.9056 1.3657528e-15
7256.3765 1.3911926e-15
7257.8475 1.5628795e-15
7259.3185 1.5778840e-15
7260.7895 1.5490900e-15
7262.2605 1.2621090e-15
7263.7315 1.4341218e-15
7265.2025 1.4037790e-15
7266.6735 1.3979496e-15
7268.1445 1.4494617e-15
7269.6154 1.4852913e-15
7271.0864 1.4691907e-15
7272.5574 1.4772073e-15
7274.0284 1.4752293e-15
7275.4994 1.3075369e-15
7276.9704 1.4078839e-15
7278.4414 1.3801581e-15
7279.9124 1.4748291e-15
7281.3833 1.6193126e-15
7282.8543 1.4379306e-15
7284.3253 1.5521672e-15
7285.7963 1.5678570e-15
7287.2673 1.3858347e-15
7288.7383 1.2952455e-15
7290.2093 1.3620454e-15
7291.6803 1.3099251e-15
7293.1512 1.3045803e-15
7294.6222 1.3353274e-15
7296.0932 1.4540794e-15
7297.5642 1.4023557e-15
7299.0352 1.4147288e-15
7300.5062 1.3800994e-15
7301.9772 1.4310581e-15
7303.4482 1.5635617e-15
7304.9192 1.4893406e-15
7306.3901 1.4558156e-15
7307.8611 1.4138206e-15
7309.3321 1.4035811e-15
7310.8031 1.3831014e-15
7312.2741 1.4080571e-15
7313.7451 1.3958161e-15
7315.2161 1.4024802e-15
7316.6871 1.3967264e-15
7318.1580 1.5134728e-15
7319.6290 1.6544102e-15
7321.1000 1.3809307e-15
7322.5710 1.5102880e-15
7324.0420 1.6416156e-15
7325.5130 1.4995368e-15
7326.9840 1.6123321e-15
7328.4550 1.4551905e-15
7329.9259 1.4621125e-15
7331.3969 1.5552340e-15
7332.8679 1.4408590e-15
7334.3389 1.4191306e-15
7335.8099 1.5127984e-15
7337.2809 1.6276573e-15
7338.7519 1.2990229e-15
7340.2229 1.3702638e-15
7341.6939 1.4344065e-15
7343.1648 1.3878272e-15
7344.6358 1.4539684e-15
7346.1068 1.5053043e-15
7347.5778 1.4518420e-15
7349.0488 1.3702219e-15
7350.5198 1.4277148e-15
7351.9908 1.4463924e-15
7353.4618 1.3756349e-15
7354.9327 1.4521170e-15
7356.4037 1.4432355e-15
7357.8747 1.5425934e-15
7359.3457 1.4812420e-15
7360.8167 1.4972731e-15
7362.2877 1.5621330e-15
7363.7587 1.4737619e-15
7365.2297 1.4465971e-15
7366.7006 1.5735651e-15
7368.1716 1.6281422e-15
7369.6426 1.6059544e-15
7371.1136 1.5722200e-15
7372.5846 1.3771875e-15
7374.0556 1.4099262e-15
7375.5266 1.5210275e-15
7376.9976 1.5531419e-15
7378.4686 1.4309944e-15
7379.9395 1.4434436e-15
7381.4105 1.5865976e-15
7382.8815 1.4280159e-15
7384.3525 1.4584241e-15
7385.8235 1.5351157e-15
7387.2945 1.6157882e-15
7388.7655 1.6467322e-15
7390.2365 1.5159307e-15
7391.7074 1.6917658e-15
7393.1784 1.6223582e-15
7394.6494 1.5967528e-15
7396.1204 1.4489271e-15
7397.5914 1.4393587e-15
7399.0624 1.5240703e-15
7400.5334 1.4972112e-15
7402.0044 1.3684025e-15
7403.4754 1.5319357e-15
7404.9463 1.6222577e-15
7406.4173 1.6304448e-15
7407.8883 1.4803916e-15
7409.3593 1.2539331e-15
7410.8303 1.5620580e-15
7412.3013 1.5235539e-15
7413.7723 1.5857596e-15
7415.2433 1.5421904e-15
7416.7142 1.4492831e-15
