3810.000 -5.46377e-17 
3811.000 -3.29314e-17 
3812.000 4.74468e-17 
3813.000 6.84928e-17 
3814.000 1.24532e-16 
3815.000 1.26092e-16 
3816.000 1.24908e-17 
3817.000 -2.34783e-17 
3818.000 -6.83697e-17 
3819.000 -7.00473e-17 
3820.000 -4.53622e-17 
3821.000 -6.28088e-17 
3822.000 -4.63009e-17 
3823.000 2.94175e-17 
3824.000 -3.80966e-17 
3825.000 2.07502e-17 
3826.000 1.86381e-16 
3827.000 2.22178e-16 
3828.000 2.15073e-16 
3829.000 6.36903e-17 
3830.000 4.22902e-18 
3831.000 -7.49088e-17 
3832.000 -7.90074e-17 
3833.000 -4.89928e-17 
3834.000 3.16267e-17 
3835.000 1.11311e-16 
3836.000 7.99250e-17 
3837.000 7.04829e-17 
3838.000 1.53997e-17 
3839.000 9.22271e-18 
3840.000 9.68370e-18 
3841.000 -5.69210e-17 
3842.000 -9.66380e-18 
3843.000 1.16446e-18 
3844.000 -4.79433e-17 
3845.000 -6.06556e-17 
3846.000 -1.14299e-17 
3847.000 7.06923e-17 
3848.000 7.93363e-17 
3849.000 3.43330e-17 
3850.000 -3.71034e-17 
3851.000 -4.81282e-17 
3852.000 -1.89202e-17 
3853.000 2.81929e-17 
3854.000 1.50681e-17 
3855.000 1.52665e-17 
3856.000 2.99945e-17 
3857.000 -3.76388e-17 
3858.000 -1.23911e-16 
3859.000 -1.11818e-16 
3860.000 -1.54732e-16 
3861.000 -1.31427e-16 
3862.000 -3.28179e-17 
3863.000 6.65556e-19 
3864.000 5.87515e-17 
3865.000 1.93020e-17 
3866.000 5.84798e-17 
3867.000 7.24421e-17 
3868.000 2.66517e-17 
3869.000 -7.70334e-18 
3870.000 1.43858e-17 
3871.000 1.45692e-17 
3872.000 8.73414e-17 
3873.000 1.75931e-16 
3874.000 1.95362e-16 
3875.000 2.12954e-16 
3876.000 2.07873e-16 
3877.000 2.77838e-16 
3878.000 3.67257e-16 
3879.000 3.29526e-16 
3880.000 3.00667e-16 
3881.000 2.68418e-16 
3882.000 -1.09293e-17 
3883.000 5.39539e-17 
3884.000 -1.18568e-17 
3885.000 4.88516e-17 
3886.000 1.08193e-16 
3887.000 6.15230e-17 
3888.000 -8.38414e-18 
3889.000 -7.31540e-18 
3890.000 -2.84226e-17 
3891.000 1.30528e-16 
3892.000 1.80479e-17 
3893.000 6.27978e-17 
3894.000 6.64019e-17 
3895.000 -2.24669e-17 
3896.000 -4.16950e-17 
3897.000 2.92976e-17 
3898.000 1.23191e-16 
3899.000 4.50118e-17 
3900.000 3.08955e-19 
3901.000 -1.65508e-16 
3902.000 -1.78086e-16 
3903.000 -3.22410e-17 
3904.000 -1.43113e-17 
3905.000 -1.68818e-17 
3906.000 -4.48872e-17 
3907.000 2.61860e-18 
3908.000 1.13655e-16 
3909.000 6.94690e-17 
3910.000 3.39504e-17 
3911.000 1.27294e-16 
3912.000 1.88044e-16 
3913.000 1.67138e-16 
3914.000 1.10401e-16 
3915.000 7.55039e-17 
3916.000 1.33676e-16 
3917.000 1.58809e-16 
3918.000 1.57626e-16 
3919.000 2.05242e-16 
3920.000 1.15685e-16 
3921.000 -3.31054e-17 
3922.000 -3.88102e-17 
3923.000 1.13217e-17 
3924.000 -2.03288e-18 
3925.000 4.94599e-17 
3926.000 7.19271e-17 
3927.000 2.55270e-17 
3928.000 -4.03063e-17 
3929.000 -6.65639e-17 
3930.000 -2.90428e-17 
3931.000 -4.53607e-17 
3932.000 1.53969e-18 
3933.000 5.14905e-17 
3934.000 -5.81905e-17 
3935.000 -1.00840e-16 
3936.000 -1.20297e-16 
3937.000 -3.92985e-17 
3938.000 2.87657e-17 
3939.000 2.12694e-17 
3940.000 -4.92973e-19 
3941.000 -6.87325e-17 
3942.000 -1.20296e-16 
3943.000 -1.22197e-16 
3944.000 2.16029e-17 
3945.000 1.48193e-17 
3946.000 -6.71858e-17 
3947.000 -3.48940e-17 
3948.000 -1.65334e-17 
3949.000 -6.10118e-17 
3950.000 -1.03709e-16 
3951.000 3.03278e-17 
3952.000 8.50646e-17 
3953.000 6.33848e-17 
3954.000 6.27757e-18 
3955.000 -1.37097e-17 
3956.000 -8.58910e-17 
3957.000 -3.24041e-17 
3958.000 8.41290e-17 
3959.000 8.71580e-17 
3960.000 7.65584e-17 
3961.000 2.19150e-16 
3962.000 2.77053e-16 
3963.000 1.97409e-16 
3964.000 1.53457e-16 
3965.000 1.33403e-16 
3966.000 1.20128e-16 
3967.000 6.87856e-17 
3968.000 5.83563e-17 
3969.000 7.79751e-17 
3970.000 8.28311e-17 
3971.000 9.54570e-17 
3972.000 1.44660e-16 
3973.000 1.99017e-16 
3974.000 2.25555e-16 
3975.000 2.11545e-16 
3976.000 1.62007e-16 
3977.000 1.05427e-16 
3978.000 6.06183e-17 
3979.000 3.34927e-17 
3980.000 2.07864e-17 
3981.000 1.71624e-17 
3982.000 3.71350e-17 
3983.000 3.57325e-17 
3984.000 -2.29851e-17 
3985.000 -6.55512e-17 
3986.000 6.28456e-18 
3987.000 -3.73207e-17 
3988.000 -8.34933e-17 
3989.000 -1.21490e-16 
3990.000 -1.40275e-16 
3991.000 -1.09903e-16 
3992.000 -7.83357e-17 
3993.000 -2.96927e-17 
3994.000 -8.75620e-18 
3995.000 -5.29055e-17 
3996.000 -6.19204e-17 
3997.000 -5.15104e-17 
3998.000 -6.12608e-17 
3999.000 -3.11545e-17 
4000.000 2.25078e-18 
4001.000 -4.10652e-17 
4002.000 -4.63107e-17 
4003.000 -5.01922e-17 
4004.000 -3.97220e-17 
4005.000 -1.17927e-16 
4006.000 -8.77945e-17 
4007.000 -9.75852e-17 
4008.000 -1.02378e-16 
4009.000 -1.28957e-16 
4010.000 -1.23287e-16 
4011.000 -6.05493e-17 
4012.000 5.64401e-17 
4013.000 1.38071e-16 
4014.000 2.50931e-16 
4015.000 2.76173e-16 
4016.000 2.56148e-16 
4017.000 1.61338e-16 
4018.000 6.39370e-17 
4019.000 5.39412e-18 
4020.000 -8.88036e-17 
4021.000 -1.12723e-16 
4022.000 -5.00978e-17 
4023.000 -8.39562e-17 
4024.000 -1.08985e-16 
4025.000 1.39303e-17 
4026.000 3.64699e-17 
4027.000 6.00188e-17 
4028.000 9.63041e-17 
4029.000 5.57883e-17 
4030.000 9.03560e-17 
4031.000 1.00631e-16 
4032.000 2.85387e-17 
4033.000 6.51118e-17 
4034.000 7.45249e-17 
4035.000 1.29831e-17 
4036.000 3.81588e-18 
4037.000 7.55638e-17 
4038.000 9.53039e-17 
4039.000 8.14003e-17 
4040.000 -4.83611e-17 
4041.000 2.69105e-17 
4042.000 4.27779e-17 
4043.000 7.11978e-17 
4044.000 7.81555e-17 
4045.000 1.59922e-17 
4046.000 4.78034e-17 
4047.000 9.58223e-17 
4048.000 1.29394e-16 
4049.000 1.69933e-16 
4050.000 2.33691e-16 
4051.000 3.36477e-16 
4052.000 3.35523e-16 
4053.000 3.00107e-16 
4054.000 2.80474e-16 
4055.000 2.45952e-16 
4056.000 2.35657e-16 
4057.000 1.83920e-16 
4058.000 9.67121e-17 
4059.000 1.64069e-16 
4060.000 1.93346e-16 
4061.000 1.84433e-16 
4062.000 1.59061e-16 
4063.000 1.64067e-16 
4064.000 1.06535e-16 
4065.000 3.15926e-17 
4066.000 1.39169e-16 
4067.000 1.45884e-16 
4068.000 1.33818e-16 
4069.000 1.22460e-16 
4070.000 1.43674e-16 
4071.000 1.16615e-16 
4072.000 1.33662e-16 
4073.000 1.00949e-16 
4074.000 7.22559e-17 
4075.000 2.27204e-17 
4076.000 9.00762e-17 
4077.000 1.42076e-16 
4078.000 3.85942e-17 
4079.000 4.59757e-17 
4080.000 8.12953e-17 
4081.000 5.63014e-17 
4082.000 -4.13136e-17 
4083.000 -8.12862e-17 
4084.000 -1.00749e-16 
4085.000 -9.30656e-17 
4086.000 3.93872e-17 
4087.000 1.26308e-16 
4088.000 1.46546e-16 
4089.000 1.72035e-16 
4090.000 4.60589e-17 
4091.000 2.92305e-17 
4092.000 4.45529e-17 
4093.000 4.55217e-17 
4094.000 -6.99882e-18 
4095.000 -3.20642e-17 
4096.000 -4.96139e-17 
4097.000 -1.36309e-18 
4098.000 2.42489e-17 
4099.000 3.61262e-17 
4100.000 6.67953e-17 
4101.000 1.86683e-16 
4102.000 1.58557e-16 
4103.000 9.13135e-17 
4104.000 7.72236e-17 
4105.000 1.28866e-16 
4106.000 1.89740e-16 
4107.000 1.63032e-16 
4108.000 1.57093e-16 
4109.000 1.39036e-16 
4110.000 8.93728e-17 
4111.000 2.41798e-17 
4112.000 2.49510e-17 
4113.000 1.29739e-16 
4114.000 2.09877e-16 
4115.000 2.20900e-16 
4116.000 2.57378e-16 
4117.000 2.29555e-16 
4118.000 1.31724e-16 
4119.000 9.87259e-17 
4120.000 2.58008e-17 
4121.000 -6.27216e-17 
4122.000 -7.59640e-17 
4123.000 2.15710e-17 
4124.000 7.25357e-17 
4125.000 2.47916e-17 
4126.000 8.20978e-17 
4127.000 1.21372e-16 
4128.000 2.41611e-16 
4129.000 2.63990e-16 
4130.000 1.55594e-16 
4131.000 6.96219e-17 
4132.000 9.27459e-18 
4133.000 1.06769e-17 
4134.000 2.08010e-18 
4135.000 -1.74448e-17 
4136.000 7.31100e-17 
4137.000 1.68433e-17 
4138.000 5.86716e-17 
4139.000 1.05888e-16 
4140.000 5.43641e-17 
4141.000 9.54577e-17 
4142.000 1.07897e-16 
4143.000 1.46975e-17 
4144.000 -4.16128e-17 
4145.000 7.07167e-18 
4146.000 7.35736e-17 
4147.000 1.29443e-16 
4148.000 1.11519e-16 
4149.000 7.56022e-17 
4150.000 1.09118e-16 
4151.000 1.15604e-16 
4152.000 8.06825e-17 
4153.000 5.76781e-17 
4154.000 7.45449e-17 
4155.000 1.51452e-16 
4156.000 2.22088e-16 
4157.000 1.89758e-16 
4158.000 1.32246e-16 
4159.000 1.27831e-16 
4160.000 2.54551e-16 
4161.000 3.75705e-16 
4162.000 4.66194e-16 
4163.000 4.16273e-16 
4164.000 2.97361e-16 
4165.000 2.35586e-16 
4166.000 2.07188e-16 
4167.000 2.58183e-16 
4168.000 3.71604e-16 
4169.000 4.38564e-16 
4170.000 4.37885e-16 
4171.000 4.38092e-16 
4172.000 4.25604e-16 
4173.000 3.85392e-16 
4174.000 3.70526e-16 
4175.000 3.84860e-16 
4176.000 4.64756e-16 
4177.000 4.53050e-16 
4178.000 4.54439e-16 
4179.000 4.51620e-16 
4180.000 3.92404e-16 
4181.000 3.86884e-16 
4182.000 4.12208e-16 
4183.000 4.27022e-16 
4184.000 5.44339e-16 
4185.000 7.26187e-16 
4186.000 7.90076e-16 
4187.000 7.41541e-16 
4188.000 6.18802e-16 
4189.000 5.58320e-16 
4190.000 5.45037e-16 
4191.000 5.22473e-16 
4192.000 5.18227e-16 
4193.000 5.67693e-16 
4194.000 5.21918e-16 
4195.000 4.09929e-16 
4196.000 3.68417e-16 
4197.000 3.90187e-16 
4198.000 4.70213e-16 
4199.000 4.44775e-16 
4200.000 4.61637e-16 
4201.000 3.90250e-16 
4202.000 3.68972e-16 
4203.000 3.70025e-16 
4204.000 3.83340e-16 
4205.000 3.83620e-16 
4206.000 2.80403e-16 
4207.000 2.49359e-16 
4208.000 1.82409e-16 
4209.000 1.90608e-16 
4210.000 1.91372e-16 
4211.000 2.43885e-16 
4212.000 2.62938e-16 
4213.000 3.19944e-16 
4214.000 2.46946e-16 
4215.000 1.85825e-16 
4216.000 2.05449e-16 
4217.000 2.26456e-16 
4218.000 2.52105e-16 
4219.000 2.22188e-16 
4220.000 1.44888e-16 
4221.000 4.66069e-17 
4222.000 3.62620e-17 
4223.000 1.14056e-17 
4224.000 -4.60606e-18 
4225.000 2.81734e-18 
4226.000 -2.20559e-17 
4227.000 5.00707e-17 
4228.000 1.09279e-16 
4229.000 1.41852e-16 
4230.000 1.20877e-16 
4231.000 3.80537e-17 
4232.000 -2.53332e-17 
4233.000 -7.00050e-17 
4234.000 -7.78023e-17 
4235.000 -3.16027e-17 
4236.000 2.87585e-17 
4237.000 4.05745e-17 
4238.000 2.50792e-17 
4239.000 6.61035e-17 
4240.000 7.30267e-17 
4241.000 -2.20023e-17 
4242.000 -6.11378e-17 
4243.000 -6.04394e-17 
4244.000 -6.04143e-17 
4245.000 2.69005e-17 
4246.000 -8.50887e-18 
4247.000 -1.58345e-17 
4248.000 -9.85459e-18 
4249.000 -3.90388e-17 
4250.000 1.83047e-17 
4251.000 -8.00171e-17 
4252.000 -1.67291e-17 
4253.000 -2.86833e-17 
4254.000 -1.08045e-16 
4255.000 -1.56878e-16 
4256.000 -1.45833e-16 
4257.000 -8.66613e-17 
4258.000 6.34573e-17 
4259.000 9.60383e-17 
4260.000 -1.79730e-17 
4261.000 -7.90344e-17 
4262.000 -4.64140e-17 
4263.000 -4.29001e-17 
4264.000 -6.47683e-17 
4265.000 -3.56028e-17 
4266.000 -8.94146e-17 
4267.000 -8.86508e-17 
4268.000 -2.15650e-17 
4269.000 -2.65796e-17 
4270.000 -1.66794e-16 
4271.000 -1.68966e-16 
4272.000 -1.25499e-16 
4273.000 -6.55357e-17 
4274.000 -4.05096e-17 
4275.000 -6.85947e-17 
4276.000 -1.20567e-16 
4277.000 -1.75690e-16 
4278.000 -1.55191e-16 
4279.000 -1.59138e-16 
4280.000 -1.68512e-16 
4281.000 -1.44568e-16 
4282.000 -1.06321e-16 
4283.000 -3.85209e-18 
4284.000 -2.43005e-17 
4285.000 -4.44494e-17 
4286.000 -1.12788e-16 
4287.000 -1.92100e-16 
4288.000 -1.30352e-16 
4289.000 -1.80274e-16 
4290.000 -1.06357e-16 
4291.000 -8.06629e-18 
4292.000 -5.28301e-17 
4293.000 -1.19288e-16 
4294.000 -1.75430e-16 
4295.000 -1.72900e-16 
4296.000 -1.65271e-16 
4297.000 -1.51402e-16 
4298.000 -9.44412e-17 
4299.000 -1.27766e-16 
4300.000 -1.40474e-16 
4301.000 -9.67230e-17 
4302.000 -1.37910e-16 
4303.000 -1.17624e-16 
4304.000 -8.96701e-17 
4305.000 -1.62668e-16 
4306.000 -1.84120e-16 
4307.000 -2.42553e-16 
4308.000 -2.26113e-16 
4309.000 -1.96079e-16 
4310.000 -8.87776e-17 
4311.000 -1.13137e-16 
4312.000 -2.46725e-17 
4313.000 7.53921e-17 
4314.000 -1.67946e-18 
4315.000 -1.16444e-16 
4316.000 -2.12270e-16 
4317.000 -2.98742e-16 
4318.000 -2.66437e-16 
4319.000 -2.04277e-16 
4320.000 -1.05373e-16 
4321.000 -7.43308e-17 
4322.000 -6.81487e-17 
4323.000 -6.63268e-17 
4324.000 -8.75701e-17 
4325.000 -1.31791e-16 
4326.000 -7.66227e-17 
4327.000 -1.02280e-16 
4328.000 -1.77511e-16 
4329.000 -1.28411e-16 
4330.000 -1.03959e-16 
4331.000 -1.40119e-16 
4332.000 -1.99844e-16 
4333.000 -1.95054e-16 
4334.000 -2.80894e-16 
4335.000 -1.37632e-16 
4336.000 -1.18314e-16 
4337.000 -1.47963e-16 
4338.000 -1.17586e-16 
4339.000 -1.37911e-16 
4340.000 -1.86595e-16 
4341.000 -1.69652e-16 
4342.000 -1.46703e-16 
4343.000 -1.47349e-16 
4344.000 -1.98914e-16 
4345.000 -1.53996e-16 
4346.000 -9.70556e-17 
4347.000 -6.56521e-17 
4348.000 -3.61910e-17 
4349.000 -7.62191e-17 
4350.000 -1.56051e-16 
4351.000 -1.70746e-16 
4352.000 -2.06005e-16 
4353.000 -2.61630e-16 
4354.000 -1.85850e-16 
4355.000 -1.23933e-16 
4356.000 -9.85254e-17 
4357.000 -1.66239e-16 
4358.000 -8.69173e-17 
4359.000 -8.45921e-17 
4360.000 -6.28583e-17 
4361.000 -1.66817e-17 
4362.000 -1.91233e-17 
4363.000 3.65061e-18 
4364.000 -2.07955e-17 
4365.000 -1.56389e-16 
4366.000 -2.08536e-16 
4367.000 -1.54411e-16 
4368.000 -1.45686e-16 
4369.000 -1.03539e-16 
4370.000 -6.28831e-17 
4371.000 -9.57303e-17 
4372.000 -1.39368e-16 
4373.000 -1.33160e-16 
4374.000 -8.02280e-17 
4375.000 -8.20884e-17 
4376.000 -1.05147e-16 
4377.000 -6.36325e-17 
4378.000 -1.66345e-17 
4379.000 -2.89767e-17 
4380.000 -1.04985e-16 
4381.000 -1.79964e-16 
4382.000 -1.50848e-16 
4383.000 -1.53472e-16 
4384.000 -8.70411e-17 
4385.000 -1.22588e-16 
4386.000 -3.49021e-17 
4387.000 9.22264e-17 
4388.000 8.95497e-17 
4389.000 3.05977e-17 
4390.000 -2.16684e-17 
4391.000 -5.97409e-17 
4392.000 -6.21886e-17 
4393.000 -3.24748e-17 
4394.000 6.87629e-17 
4395.000 7.79914e-17 
4396.000 1.33807e-16 
4397.000 8.64523e-17 
4398.000 2.45749e-17 
4399.000 3.99921e-17 
4400.000 6.32531e-17 
4401.000 4.45349e-17 
4402.000 3.56694e-17 
4403.000 6.60345e-17 
4404.000 3.00556e-17 
4405.000 8.57002e-17 
4406.000 9.48125e-17 
4407.000 9.16078e-17 
4408.000 1.36699e-16 
4409.000 1.92104e-16 
4410.000 1.70008e-16 
4411.000 1.22880e-16 
4412.000 1.06405e-16 
4413.000 1.80832e-16 
4414.000 3.02224e-16 
4415.000 2.79938e-16 
4416.000 2.39887e-16 
4417.000 1.96365e-16 
4418.000 1.76455e-16 
4419.000 2.24699e-16 
4420.000 1.98822e-16 
4421.000 1.94947e-16 
4422.000 1.97853e-16 
4423.000 1.76756e-16 
4424.000 1.74021e-16 
4425.000 1.55410e-16 
4426.000 2.24811e-16 
4427.000 3.51234e-16 
4428.000 4.41228e-16 
4429.000 5.27683e-16 
4430.000 5.79894e-16 
4431.000 5.32323e-16 
4432.000 4.45777e-16 
4433.000 2.95906e-16 
4434.000 3.38164e-16 
4435.000 3.42176e-16 
4436.000 2.94815e-16 
4437.000 2.55669e-16 
4438.000 2.06317e-16 
4439.000 2.34720e-16 
4440.000 3.24535e-16 
4441.000 3.87746e-16 
4442.000 3.54131e-16 
4443.000 2.22628e-16 
4444.000 1.45169e-16 
4445.000 1.26693e-16 
4446.000 1.14140e-16 
4447.000 1.70484e-16 
4448.000 2.18224e-16 
4449.000 2.10920e-16 
4450.000 1.83021e-16 
4451.000 9.58477e-17 
4452.000 6.51576e-17 
4453.000 1.06345e-16 
4454.000 9.39694e-17 
4455.000 6.29314e-17 
4456.000 1.19448e-16 
4457.000 1.68697e-16 
4458.000 1.71380e-16 
4459.000 2.23097e-16 
4460.000 1.17950e-16 
4461.000 2.20266e-17 
4462.000 5.41526e-17 
4463.000 6.31504e-17 
4464.000 1.06677e-16 
4465.000 1.63590e-16 
4466.000 1.43595e-16 
4467.000 6.68038e-17 
4468.000 2.72052e-17 
4469.000 3.02994e-17 
4470.000 5.39232e-18 
4471.000 -1.30411e-17 
4472.000 3.65733e-17 
4473.000 9.24144e-17 
4474.000 1.60006e-16 
4475.000 1.21372e-16 
4476.000 3.02581e-18 
4477.000 -1.37702e-17 
4478.000 1.76425e-17 
4479.000 1.03895e-16 
4480.000 1.42543e-16 
4481.000 1.32683e-16 
4482.000 1.10203e-16 
4483.000 9.67927e-17 
4484.000 1.26637e-16 
4485.000 1.28617e-16 
4486.000 5.84560e-17 
4487.000 8.29997e-18 
4488.000 -2.04279e-17 
4489.000 2.47367e-17 
4490.000 7.92630e-17 
4491.000 1.26093e-16 
4492.000 1.12611e-16 
4493.000 1.08324e-16 
4494.000 1.36824e-16 
4495.000 1.28244e-16 
4496.000 8.55834e-17 
4497.000 4.35780e-17 
4498.000 4.67111e-17 
4499.000 1.00643e-16 
4500.000 1.12456e-16 
4501.000 6.52781e-17 
4502.000 1.74589e-17 
4503.000 -3.59281e-17 
4504.000 2.65685e-17 
4505.000 9.54935e-17 
4506.000 9.99936e-17 
4507.000 9.35032e-17 
4508.000 1.04434e-16 
4509.000 9.91678e-17 
4510.000 8.77186e-17 
4511.000 8.11971e-17 
4512.000 1.01836e-16 
4513.000 1.48066e-16 
4514.000 9.52102e-17 
4515.000 1.18313e-16 
4516.000 9.11019e-17 
4517.000 4.24018e-17 
4518.000 2.23413e-17 
4519.000 9.22528e-17 
4520.000 1.37403e-16 
4521.000 1.44170e-16 
4522.000 1.12511e-16 
4523.000 5.39396e-17 
4524.000 1.10905e-16 
4525.000 2.28689e-16 
4526.000 2.27513e-16 
4527.000 1.82473e-16 
4528.000 1.38460e-16 
4529.000 5.03082e-17 
4530.000 8.02745e-17 
4531.000 8.51946e-17 
4532.000 4.40654e-17 
4533.000 1.06990e-16 
4534.000 1.97320e-16 
4535.000 2.20473e-16 
4536.000 1.97946e-16 
4537.000 2.21027e-16 
4538.000 1.80057e-16 
4539.000 1.30175e-16 
4540.000 1.39448e-16 
4541.000 1.38597e-16 
4542.000 8.90387e-17 
4543.000 1.74133e-17 
4544.000 -8.61009e-19 
4545.000 9.66211e-17 
4546.000 2.08353e-16 
4547.000 2.06191e-16 
4548.000 1.32222e-16 
4549.000 1.01893e-16 
4550.000 1.08649e-16 
4551.000 1.22840e-16 
4552.000 1.76979e-16 
4553.000 1.91225e-16 
4554.000 1.82259e-16 
4555.000 1.40199e-16 
4556.000 8.35006e-17 
4557.000 9.54963e-17 
4558.000 1.62027e-16 
4559.000 2.03207e-16 
4560.000 2.62620e-16 
4561.000 2.96952e-16 
4562.000 3.09795e-16 
4563.000 2.55918e-16 
4564.000 2.33914e-16 
4565.000 2.50313e-16 
4566.000 2.75099e-16 
4567.000 2.75590e-16 
4568.000 2.21202e-16 
4569.000 1.70878e-16 
4570.000 1.67301e-16 
4571.000 1.82112e-16 
4572.000 2.35270e-16 
4573.000 3.09930e-16 
4574.000 3.10989e-16 
4575.000 2.44107e-16 
4576.000 1.82225e-16 
4577.000 1.90600e-16 
4578.000 2.03093e-16 
4579.000 1.28535e-16 
4580.000 1.44740e-16 
4581.000 1.23800e-16 
4582.000 1.76457e-16 
4583.000 1.58999e-16 
4584.000 1.72533e-16 
4585.000 1.79354e-16 
4586.000 1.43860e-16 
4587.000 1.47555e-16 
4588.000 1.59823e-16 
4589.000 1.44685e-16 
4590.000 1.37171e-16 
4591.000 1.51509e-16 
4592.000 1.94144e-16 
4593.000 2.60794e-16 
4594.000 2.35251e-16 
4595.000 1.50687e-16 
4596.000 1.94743e-16 
4597.000 1.78927e-16 
4598.000 1.13416e-16 
4599.000 1.66532e-16 
4600.000 2.02120e-16 
4601.000 2.03298e-16 
4602.000 2.16722e-16 
4603.000 2.20416e-16 
4604.000 2.07532e-16 
4605.000 2.27721e-16 
4606.000 2.85828e-16 
4607.000 2.61648e-16 
4608.000 1.98076e-16 
4609.000 1.92254e-16 
4610.000 1.30467e-16 
4611.000 7.82304e-17 
4612.000 1.28428e-16 
4613.000 2.26490e-16 
4614.000 1.32860e-16 
4615.000 1.48371e-16 
4616.000 1.72947e-16 
4617.000 1.87053e-16 
4618.000 2.37123e-16 
4619.000 2.93209e-16 
4620.000 3.19726e-16 
4621.000 2.96706e-16 
4622.000 2.27422e-16 
4623.000 1.78682e-16 
4624.000 1.53930e-16 
4625.000 1.43339e-16 
4626.000 1.81879e-16 
4627.000 2.74136e-16 
4628.000 3.56572e-16 
4629.000 2.38772e-16 
4630.000 1.75337e-16 
4631.000 1.36765e-16 
4632.000 1.61785e-16 
4633.000 1.23178e-16 
4634.000 1.55139e-16 
4635.000 1.97976e-16 
4636.000 1.46586e-16 
4637.000 1.46775e-16 
4638.000 2.10817e-16 
4639.000 2.01830e-16 
4640.000 1.88491e-16 
4641.000 2.54663e-16 
4642.000 2.73843e-16 
4643.000 2.29844e-16 
4644.000 2.24307e-16 
4645.000 2.07371e-16 
4646.000 1.70783e-16 
4647.000 1.82729e-16 
4648.000 2.38253e-16 
4649.000 3.02585e-16 
4650.000 2.54183e-16 
4651.000 2.56917e-16 
4652.000 2.85708e-16 
4653.000 2.69622e-16 
4654.000 2.54313e-16 
4655.000 2.18696e-16 
4656.000 1.67995e-16 
4657.000 2.02096e-16 
4658.000 3.02069e-16 
4659.000 3.28405e-16 
4660.000 2.95465e-16 
4661.000 2.68729e-16 
4662.000 2.08111e-16 
4663.000 2.20127e-16 
4664.000 2.70255e-16 
4665.000 2.96543e-16 
4666.000 2.96115e-16 
4667.000 3.25503e-16 
4668.000 3.36994e-16 
4669.000 3.11302e-16 
4670.000 2.73668e-16 
4671.000 2.76405e-16 
4672.000 3.17253e-16 
4673.000 2.77015e-16 
4674.000 2.59896e-16 
4675.000 2.66622e-16 
4676.000 2.64985e-16 
4677.000 2.76525e-16 
4678.000 2.65374e-16 
4679.000 2.92241e-16 
4680.000 2.93580e-16 
4681.000 2.81642e-16 
4682.000 3.22389e-16 
4683.000 3.40747e-16 
4684.000 2.86397e-16 
4685.000 2.90960e-16 
4686.000 3.48359e-16 
4687.000 3.21477e-16 
4688.000 3.17968e-16 
4689.000 3.12136e-16 
4690.000 2.78460e-16 
4691.000 2.69769e-16 
4692.000 2.71837e-16 
4693.000 3.02600e-16 
4694.000 3.73558e-16 
4695.000 3.98291e-16 
4696.000 3.61788e-16 
4697.000 3.60123e-16 
4698.000 3.61155e-16 
4699.000 3.52811e-16 
4700.000 4.47156e-16 
4701.000 5.14746e-16 
4702.000 4.54496e-16 
4703.000 3.78573e-16 
4704.000 3.79590e-16 
4705.000 4.62084e-16 
4706.000 3.96505e-16 
4707.000 4.02625e-16 
4708.000 5.07049e-16 
4709.000 5.44472e-16 
4710.000 5.18162e-16 
4711.000 5.16937e-16 
4712.000 5.70411e-16 
4713.000 6.26426e-16 
4714.000 6.11898e-16 
4715.000 5.47732e-16 
4716.000 5.24715e-16 
4717.000 5.52411e-16 
4718.000 5.91791e-16 
4719.000 6.16958e-16 
4720.000 6.08640e-16 
4721.000 6.20256e-16 
4722.000 6.39614e-16 
4723.000 6.23895e-16 
4724.000 6.08138e-16 
4725.000 6.27041e-16 
4726.000 6.35772e-16 
4727.000 6.02945e-16 
4728.000 6.32630e-16 
4729.000 6.26269e-16 
4730.000 6.19693e-16 
4731.000 6.21234e-16 
4732.000 6.59253e-16 
4733.000 7.04999e-16 
4734.000 6.86570e-16 
4735.000 6.50553e-16 
4736.000 6.71420e-16 
4737.000 6.83339e-16 
4738.000 6.44931e-16 
4739.000 6.44408e-16 
4740.000 6.50125e-16 
4741.000 6.65715e-16 
4742.000 7.34000e-16 
4743.000 7.26777e-16 
4744.000 6.92369e-16 
4745.000 6.52556e-16 
4746.000 6.53309e-16 
4747.000 6.43581e-16 
4748.000 6.08232e-16 
4749.000 6.48283e-16 
4750.000 7.02829e-16 
4751.000 7.13352e-16 
4752.000 6.78983e-16 
4753.000 6.63511e-16 
4754.000 6.22080e-16 
4755.000 5.47645e-16 
4756.000 5.12983e-16 
4757.000 5.09323e-16 
4758.000 5.01800e-16 
4759.000 5.30326e-16 
4760.000 5.50212e-16 
4761.000 4.89873e-16 
4762.000 4.79874e-16 
4763.000 5.50838e-16 
4764.000 5.42478e-16 
4765.000 5.94120e-16 
4766.000 5.67584e-16 
4767.000 5.58098e-16 
4768.000 5.03215e-16 
4769.000 4.96065e-16 
4770.000 5.90840e-16 
4771.000 6.09795e-16 
4772.000 5.40744e-16 
4773.000 5.24551e-16 
4774.000 5.75820e-16 
4775.000 6.22059e-16 
4776.000 6.37455e-16 
4777.000 6.16125e-16 
4778.000 5.72380e-16 
4779.000 5.09486e-16 
4780.000 4.62358e-16 
4781.000 4.75437e-16 
4782.000 4.91518e-16 
4783.000 4.84639e-16 
4784.000 5.22167e-16 
4785.000 5.06502e-16 
4786.000 4.65359e-16 
4787.000 5.30737e-16 
4788.000 5.06945e-16 
4789.000 5.18348e-16 
4790.000 5.72860e-16 
4791.000 5.60363e-16 
4792.000 4.67049e-16 
4793.000 4.45406e-16 
4794.000 5.08881e-16 
4795.000 4.67119e-16 
4796.000 4.56244e-16 
4797.000 4.01886e-16 
4798.000 4.29791e-16 
4799.000 4.73577e-16 
4800.000 4.60586e-16 
4801.000 4.18672e-16 
4802.000 3.83922e-16 
4803.000 3.77881e-16 
4804.000 4.15372e-16 
4805.000 4.71045e-16 
4806.000 4.79100e-16 
4807.000 4.01925e-16 
4808.000 4.20356e-16 
4809.000 4.49842e-16 
4810.000 4.34866e-16 
4811.000 4.15030e-16 
4812.000 3.76572e-16 
4813.000 3.61650e-16 
4814.000 3.57557e-16 
4815.000 3.16619e-16 
4816.000 3.44537e-16 
4817.000 3.46311e-16 
4818.000 3.42771e-16 
4819.000 3.66949e-16 
4820.000 3.24323e-16 
4821.000 2.17933e-16 
4822.000 1.52815e-16 
4823.000 2.03482e-16 
4824.000 3.00423e-16 
4825.000 3.23012e-16 
4826.000 2.81790e-16 
4827.000 2.61062e-16 
4828.000 2.54330e-16 
4829.000 2.47670e-16 
4830.000 2.60967e-16 
4831.000 2.56378e-16 
4832.000 2.71129e-16 
4833.000 3.20293e-16 
4834.000 3.30740e-16 
4835.000 2.82293e-16 
4836.000 2.33320e-16 
4837.000 2.40337e-16 
4838.000 2.92828e-16 
4839.000 2.46602e-16 
4840.000 1.93465e-16 
4841.000 2.27770e-16 
4842.000 2.63669e-16 
4843.000 3.09008e-16 
4844.000 2.96167e-16 
4845.000 1.85340e-16 
4846.000 2.32555e-16 
4847.000 1.87049e-16 
4848.000 1.77686e-16 
4849.000 2.10365e-16 
4850.000 2.29902e-16 
4851.000 2.45097e-16 
4852.000 2.41436e-16 
4853.000 2.14578e-16 
4854.000 2.01120e-16 
4855.000 1.87142e-16 
4856.000 1.45172e-16 
4857.000 1.28708e-16 
4858.000 1.21107e-16 
4859.000 1.45535e-16 
4860.000 1.98402e-16 
4861.000 2.21335e-16 
4862.000 2.24514e-16 
4863.000 2.26249e-16 
4864.000 2.03578e-16 
4865.000 2.08330e-16 
4866.000 2.38210e-16 
4867.000 1.47633e-16 
4868.000 1.40542e-16 
4869.000 1.42385e-16 
4870.000 1.49898e-16 
4871.000 1.55665e-16 
4872.000 1.07576e-16 
4873.000 1.08701e-16 
4874.000 1.87588e-16 
4875.000 1.56265e-16 
4876.000 1.24667e-16 
4877.000 1.07850e-16 
4878.000 1.40418e-16 
4879.000 1.13920e-16 
4880.000 7.08587e-17 
4881.000 1.03781e-16 
4882.000 1.18450e-16 
4883.000 8.54325e-17 
4884.000 1.17151e-16 
4885.000 1.16842e-16 
4886.000 1.05334e-16 
4887.000 1.30607e-16 
4888.000 1.47891e-16 
4889.000 1.63157e-16 
4890.000 1.47698e-16 
4891.000 8.80418e-17 
4892.000 6.45095e-17 
4893.000 3.99040e-17 
4894.000 4.66471e-17 
4895.000 1.41518e-16 
4896.000 2.31455e-16 
4897.000 2.48906e-16 
4898.000 2.04917e-16 
4899.000 1.83739e-16 
4900.000 1.88278e-16 
4901.000 1.63331e-16 
4902.000 1.88031e-16 
4903.000 1.59202e-16 
4904.000 1.84919e-16 
4905.000 2.32599e-16 
4906.000 2.67644e-16 
4907.000 2.55643e-16 
4908.000 2.02945e-16 
4909.000 1.96552e-16 
4910.000 2.19156e-16 
4911.000 2.33472e-16 
4912.000 2.96848e-16 
4913.000 3.40705e-16 
4914.000 3.10795e-16 
4915.000 2.96896e-16 
4916.000 3.12477e-16 
4917.000 3.01222e-16 
4918.000 3.07444e-16 
4919.000 3.07981e-16 
4920.000 2.61423e-16 
4921.000 2.79454e-16 
4922.000 3.15123e-16 
4923.000 2.93324e-16 
4924.000 2.70534e-16 
4925.000 2.87986e-16 
4926.000 3.01705e-16 
4927.000 3.19193e-16 
4928.000 3.45022e-16 
4929.000 3.99118e-16 
4930.000 4.36912e-16 
4931.000 4.23382e-16 
4932.000 3.75866e-16 
4933.000 3.44753e-16 
4934.000 3.71706e-16 
4935.000 4.02263e-16 
4936.000 3.69032e-16 
4937.000 3.63993e-16 
4938.000 4.03210e-16 
4939.000 3.77874e-16 
4940.000 3.87499e-16 
4941.000 4.56841e-16 
4942.000 4.83559e-16 
4943.000 4.68339e-16 
4944.000 4.35938e-16 
4945.000 4.33554e-16 
4946.000 4.32607e-16 
4947.000 4.66256e-16 
4948.000 5.34881e-16 
4949.000 5.24153e-16 
4950.000 4.50302e-16 
4951.000 4.47791e-16 
4952.000 4.62091e-16 
4953.000 4.29507e-16 
4954.000 5.36691e-16 
4955.000 6.04632e-16 
4956.000 5.76892e-16 
4957.000 5.71059e-16 
4958.000 6.07611e-16 
4959.000 6.71691e-16 
4960.000 8.00944e-16 
4961.000 8.79119e-16 
4962.000 8.79896e-16 
4963.000 8.36033e-16 
4964.000 8.03218e-16 
4965.000 7.44309e-16 
4966.000 6.50335e-16 
4967.000 6.05067e-16 
4968.000 6.25401e-16 
4969.000 6.07044e-16 
4970.000 5.48748e-16 
4971.000 5.53671e-16 
4972.000 5.71296e-16 
4973.000 5.62635e-16 
4974.000 5.34048e-16 
4975.000 4.88826e-16 
4976.000 4.52305e-16 
4977.000 4.44810e-16 
4978.000 4.39651e-16 
4979.000 3.92018e-16 
4980.000 3.43795e-16 
4981.000 3.40984e-16 
4982.000 3.65321e-16 
4983.000 3.68489e-16 
4984.000 3.13431e-16 
4985.000 2.49136e-16 
4986.000 2.60096e-16 
4987.000 2.90956e-16 
4988.000 2.73500e-16 
4989.000 2.41666e-16 
4990.000 2.67032e-16 
4991.000 3.42206e-16 
4992.000 3.87699e-16 
4993.000 3.26657e-16 
4994.000 3.06775e-16 
4995.000 3.03967e-16 
4996.000 2.82536e-16 
4997.000 3.10219e-16 
4998.000 3.38910e-16 
4999.000 2.60423e-16 
5000.000 2.23322e-16 
5001.000 2.12430e-16 
5002.000 1.58695e-16 
5003.000 1.56890e-16 
5004.000 1.52885e-16 
5005.000 1.51995e-16 
5006.000 2.06376e-16 
5007.000 1.37827e-16 
5008.000 1.56564e-16 
5009.000 2.12064e-16 
5010.000 1.88930e-16 
5011.000 1.95724e-16 
5012.000 2.37316e-16 
5013.000 2.15867e-16 
5014.000 1.91581e-16 
5015.000 1.79256e-16 
5016.000 1.51201e-16 
5017.000 9.66951e-17 
5018.000 9.91701e-17 
5019.000 2.06196e-16 
5020.000 3.00087e-16 
5021.000 2.66430e-16 
5022.000 1.95649e-16 
5023.000 1.50208e-16 
5024.000 1.70320e-16 
5025.000 1.95215e-16 
5026.000 2.01908e-16 
5027.000 2.10540e-16 
5028.000 1.77739e-16 
5029.000 9.06129e-17 
5030.000 1.21339e-16 
5031.000 2.09310e-16 
5032.000 2.11012e-16 
5033.000 1.79267e-16 
5034.000 1.89579e-16 
5035.000 1.90435e-16 
5036.000 1.25502e-16 
5037.000 4.82041e-17 
5038.000 8.99222e-17 
5039.000 1.78057e-16 
5040.000 2.18918e-16 
5041.000 2.07752e-16 
5042.000 1.91732e-16 
5043.000 1.84133e-16 
5044.000 1.36483e-16 
5045.000 1.03964e-16 
5046.000 9.95570e-17 
5047.000 1.11812e-16 
5048.000 1.41328e-16 
5049.000 1.66963e-16 
5050.000 1.57826e-16 
5051.000 1.34283e-16 
5052.000 7.38210e-17 
5053.000 5.96166e-17 
5054.000 3.79659e-17 
5055.000 5.17979e-17 
5056.000 7.42336e-17 
5057.000 8.58920e-17 
5058.000 2.07002e-16 
5059.000 2.65153e-16 
5060.000 2.59655e-16 
5061.000 1.52927e-16 
5062.000 9.12330e-17 
5063.000 1.05097e-16 
5064.000 8.56720e-17 
5065.000 8.73350e-17 
5066.000 1.22192e-16 
5067.000 1.31395e-16 
5068.000 9.74005e-17 
5069.000 8.75634e-17 
5070.000 5.24931e-17 
5071.000 4.11997e-18 
5072.000 1.00377e-16 
5073.000 1.29318e-16 
5074.000 1.59070e-16 
5075.000 1.24146e-16 
5076.000 1.27074e-16 
5077.000 1.59402e-16 
5078.000 1.42142e-16 
5079.000 1.82784e-16 
5080.000 2.02827e-16 
5081.000 1.66548e-16 
5082.000 1.06688e-16 
5083.000 7.96018e-17 
5084.000 1.05787e-16 
5085.000 1.26426e-16 
5086.000 1.10080e-16 
5087.000 1.53508e-16 
5088.000 1.70983e-16 
5089.000 1.43149e-16 
5090.000 1.35282e-16 
5091.000 1.40898e-16 
5092.000 1.21115e-16 
5093.000 1.14483e-16 
5094.000 1.39841e-16 
5095.000 1.73963e-16 
5096.000 2.01084e-16 
5097.000 2.22419e-16 
5098.000 2.18199e-16 
5099.000 1.76413e-16 
5100.000 1.57220e-16 
5101.000 1.89633e-16 
5102.000 2.16549e-16 
5103.000 2.36041e-16 
5104.000 2.76458e-16 
5105.000 3.10825e-16 
5106.000 3.11253e-16 
5107.000 3.36252e-16 
5108.000 3.63057e-16 
5109.000 2.99439e-16 
5110.000 2.24237e-16 
5111.000 1.83509e-16 
5112.000 1.59797e-16 
5113.000 2.02738e-16 
5114.000 2.35963e-16 
5115.000 2.08676e-16 
5116.000 2.31444e-16 
5117.000 2.76182e-16 
5118.000 2.63710e-16 
5119.000 2.44375e-16 
5120.000 2.32240e-16 
5121.000 1.95039e-16 
5122.000 1.60435e-16 
5123.000 1.51832e-16 
5124.000 1.65866e-16 
5125.000 1.99433e-16 
5126.000 2.46902e-16 
5127.000 2.42876e-16 
5128.000 1.67796e-16 
5129.000 1.71444e-16 
5130.000 1.98771e-16 
5131.000 1.93177e-16 
5132.000 2.13262e-16 
5133.000 1.96426e-16 
5134.000 2.03189e-16 
5135.000 1.37980e-16 
5136.000 1.02565e-16 
5137.000 1.16196e-16 
5138.000 1.26194e-16 
5139.000 1.78035e-16 
5140.000 1.56208e-16 
5141.000 1.09193e-16 
5142.000 1.37194e-16 
5143.000 2.00872e-16 
5144.000 2.29579e-16 
5145.000 2.49056e-16 
5146.000 2.65959e-16 
5147.000 1.83031e-16 
5148.000 1.60256e-16 
5149.000 1.30344e-16 
5150.000 6.54301e-17 
5151.000 9.71608e-17 
5152.000 1.76996e-16 
5153.000 1.53144e-16 
5154.000 1.68453e-16 
5155.000 2.09667e-16 
5156.000 2.24521e-16 
5157.000 2.18597e-16 
5158.000 1.78107e-16 
5159.000 1.39221e-16 
5160.000 1.32645e-16 
5161.000 1.48952e-16 
5162.000 1.74642e-16 
5163.000 1.76764e-16 
5164.000 1.32397e-16 
5165.000 1.11610e-16 
5166.000 1.55443e-16 
5167.000 1.30396e-16 
5168.000 1.40096e-16 
5169.000 1.83429e-16 
5170.000 1.63588e-16 
5171.000 1.82927e-16 
5172.000 1.63751e-16 
5173.000 1.19808e-16 
5174.000 1.19151e-16 
5175.000 1.42780e-16 
5176.000 1.27033e-16 
5177.000 1.09567e-16 
5178.000 1.46617e-16 
5179.000 1.19649e-16 
5180.000 9.55708e-17 
5181.000 8.40286e-17 
5182.000 6.86057e-17 
5183.000 8.92611e-17 
5184.000 9.59401e-17 
5185.000 1.29199e-16 
5186.000 1.00931e-16 
5187.000 8.33394e-17 
5188.000 1.34751e-16 
5189.000 1.47898e-16 
5190.000 1.26009e-16 
5191.000 1.10642e-16 
5192.000 1.42259e-16 
5193.000 1.67821e-16 
5194.000 1.68913e-16 
5195.000 1.51270e-16 
5196.000 7.22939e-17 
5197.000 3.25046e-17 
5198.000 6.95410e-17 
5199.000 8.86011e-17 
5200.000 5.02821e-17 
5201.000 2.69422e-17 
5202.000 3.84797e-17 
5203.000 6.99768e-17 
5204.000 1.01121e-16 
5205.000 1.16324e-16 
5206.000 8.77785e-17 
5207.000 4.09099e-17 
5208.000 2.57074e-17 
5209.000 4.12414e-17 
5210.000 9.32149e-17 
5211.000 1.29006e-16 
5212.000 1.33851e-16 
5213.000 1.42546e-16 
5214.000 1.44061e-16 
5215.000 1.21525e-16 
5216.000 1.19063e-16 
5217.000 9.27217e-17 
5218.000 5.92020e-17 
5219.000 5.63352e-17 
5220.000 2.34299e-17 
5221.000 5.08847e-17 
5222.000 1.19519e-16 
5223.000 1.33336e-16 
5224.000 8.97749e-17 
5225.000 7.84228e-17 
5226.000 1.03352e-16 
5227.000 1.02487e-16 
5228.000 8.79653e-17 
5229.000 7.46904e-17 
5230.000 5.64045e-17 
5231.000 5.33162e-17 
5232.000 8.88903e-17 
5233.000 1.14350e-16 
5234.000 1.00087e-16 
5235.000 9.19481e-17 
5236.000 9.59606e-17 
5237.000 8.34290e-17 
5238.000 9.81840e-17 
5239.000 1.02639e-16 
5240.000 9.32484e-17 
5241.000 9.09524e-17 
5242.000 6.97506e-17 
5243.000 1.59754e-17 
5244.000 2.22132e-17 
5245.000 6.62110e-17 
5246.000 6.90132e-17 
5247.000 2.06191e-17 
5248.000 -1.10035e-17 
5249.000 3.44598e-17 
5250.000 8.06533e-17 
5251.000 9.98809e-17 
5252.000 9.67226e-17 
5253.000 9.31330e-17 
5254.000 7.27945e-17 
5255.000 4.12633e-17 
5256.000 7.35894e-17 
5257.000 9.59325e-17 
5258.000 6.77359e-17 
5259.000 4.12205e-17 
5260.000 5.12869e-17 
5261.000 6.58569e-17 
5262.000 6.49429e-17 
5263.000 2.31322e-17 
5264.000 -4.25915e-18 
5265.000 6.00652e-18 
5266.000 -5.16235e-18 
5267.000 -3.11809e-17 
5268.000 -3.45690e-18 
5269.000 1.79364e-18 
5270.000 9.96555e-18 
5271.000 6.81083e-17 
5272.000 1.00326e-16 
5273.000 1.35865e-16 
5274.000 1.32670e-16 
5275.000 6.06660e-17 
5276.000 -3.81287e-18 
5277.000 1.55430e-17 
5278.000 7.11335e-17 
5279.000 1.62975e-16 
5280.000 1.36354e-16 
5281.000 2.08815e-17 
5282.000 -6.04139e-17 
5283.000 -8.33876e-17 
5284.000 -5.32623e-17 
5285.000 -1.52329e-17 
5286.000 -4.61248e-17 
5287.000 -6.17324e-17 
5288.000 2.61995e-17 
5289.000 1.19208e-16 
5290.000 1.57007e-16 
5291.000 1.30432e-16 
5292.000 7.38782e-17 
5293.000 3.28976e-17 
5294.000 3.34286e-17 
5295.000 4.16873e-17 
5296.000 -5.87364e-18 
5297.000 -1.39869e-17 
5298.000 1.18321e-17 
5299.000 9.40752e-18 
5300.000 1.66645e-17 
5301.000 6.87618e-17 
5302.000 5.46788e-17 
5303.000 1.15020e-17 
5304.000 1.72229e-17 
5305.000 3.63379e-17 
5306.000 3.32745e-17 
5307.000 3.25843e-17 
5308.000 6.68881e-18 
5309.000 1.11309e-17 
5310.000 4.32086e-17 
5311.000 3.09982e-17 
5312.000 8.98621e-17 
5313.000 8.70472e-17 
5314.000 5.21572e-17 
5315.000 5.08706e-17 
5316.000 4.57004e-17 
5317.000 1.55316e-17 
5318.000 -1.74432e-17 
5319.000 -3.61758e-17 
5320.000 -4.03705e-17 
5321.000 -2.04581e-17 
5322.000 8.42194e-18 
5323.000 -9.00873e-19 
5324.000 2.60855e-17 
5325.000 2.31368e-17 
5326.000 -1.10166e-17 
5327.000 -1.19191e-17 
5328.000 -6.32211e-17 
5329.000 -1.26619e-17 
5330.000 5.20205e-18 
5331.000 -1.05906e-18 
5332.000 6.57120e-17 
5333.000 1.05055e-16 
5334.000 8.71585e-17 
5335.000 6.41555e-17 
5336.000 3.29115e-17 
5337.000 -2.10982e-17 
5338.000 -5.68942e-17 
5339.000 -3.84219e-17 
5340.000 2.85016e-17 
5341.000 4.16536e-17 
5342.000 4.16163e-18 
5343.000 -8.86727e-18 
5344.000 -2.88431e-18 
5345.000 -2.67746e-17 
5346.000 -4.55344e-17 
5347.000 -3.58697e-17 
5348.000 -1.31785e-17 
5349.000 -4.93979e-19 
5350.000 1.69124e-17 
5351.000 2.53262e-17 
5352.000 1.32792e-17 
5353.000 -2.49732e-17 
5354.000 -5.21432e-17 
5355.000 7.99112e-18 
5356.000 3.25966e-17 
5357.000 3.14874e-17 
5358.000 2.27993e-17 
5359.000 -1.80270e-18 
5360.000 -3.57077e-18 
5361.000 -1.63390e-17 
5362.000 1.52704e-17 
5363.000 2.27669e-17 
5364.000 -3.06006e-17 
5365.000 -2.68392e-17 
5366.000 -1.20078e-17 
5367.000 -3.54320e-17 
5368.000 -6.12754e-18 
5369.000 8.20141e-17 
5370.000 1.03942e-16 
5371.000 1.04382e-16 
5372.000 1.02454e-16 
5373.000 7.60348e-17 
5374.000 2.86225e-17 
5375.000 -1.58872e-19 
5376.000 -7.81864e-19 
5377.000 1.57495e-17 
5378.000 2.76162e-17 
5379.000 -4.03622e-18 
5380.000 -8.63907e-17 
5381.000 -1.05441e-16 
5382.000 -3.72400e-17 
5383.000 2.73857e-17 
5384.000 5.41371e-17 
5385.000 2.98281e-17 
5386.000 -5.98746e-17 
5387.000 -5.34849e-17 
5388.000 2.48752e-17 
5389.000 9.39242e-17 
5390.000 1.03408e-16 
5391.000 7.61901e-17 
5392.000 7.28738e-17 
5393.000 7.37213e-17 
5394.000 6.39648e-17 
5395.000 3.89785e-17 
5396.000 9.16151e-18 
5397.000 7.55193e-18 
5398.000 1.19657e-17 
5399.000 6.25963e-18 
5400.000 1.23476e-17 
5401.000 7.33314e-17 
5402.000 7.40143e-18 
5403.000 -2.19631e-17 
5404.000 4.21258e-17 
5405.000 7.29007e-17 
5406.000 2.09147e-17 
5407.000 6.46206e-17 
5408.000 8.57194e-17 
5409.000 4.64434e-17 
5410.000 3.36048e-17 
5411.000 7.65561e-17 
5412.000 5.53259e-17 
5413.000 4.82489e-17 
5414.000 2.93206e-17 
5415.000 1.47944e-17 
5416.000 4.57288e-17 
5417.000 1.37146e-17 
5418.000 7.56808e-18 
5419.000 -2.08749e-17 
5420.000 -7.50760e-17 
5421.000 -7.16625e-17 
5422.000 -4.53430e-17 
5423.000 3.69195e-17 
5424.000 6.90164e-17 
5425.000 5.41574e-17 
5426.000 6.43314e-17 
5427.000 1.73959e-17 
5428.000 9.20037e-18 
5429.000 3.45854e-17 
5430.000 4.05132e-17 
5431.000 3.62876e-17 
5432.000 5.38235e-17 
5433.000 5.90465e-17 
5434.000 4.13049e-17 
5435.000 5.08065e-17 
5436.000 1.10913e-16 
5437.000 1.24586e-16 
5438.000 9.71808e-17 
5439.000 4.10365e-17 
5440.000 -8.65604e-18 
5441.000 -1.27106e-17 
5442.000 -5.19337e-20 
5443.000 -1.51544e-17 
5444.000 -2.39970e-17 
5445.000 -1.36916e-17 
5446.000 -8.85816e-18 
5447.000 1.76031e-17 
5448.000 5.79863e-17 
5449.000 7.13620e-17 
5450.000 5.41841e-17 
5451.000 4.30782e-17 
5452.000 3.80941e-17 
5453.000 -6.69659e-18 
5454.000 1.22121e-18 
5455.000 6.31245e-17 
5456.000 6.01157e-17 
5457.000 4.85520e-17 
5458.000 6.08726e-17 
5459.000 9.12142e-17 
5460.000 6.77690e-17 
5461.000 -4.27269e-17 
5462.000 -6.27847e-17 
5463.000 -8.41829e-18 
5464.000 -4.73624e-18 
5465.000 -3.69984e-17 
5466.000 1.77109e-18 
5467.000 -4.38233e-17 
5468.000 -5.65005e-17 
5469.000 -2.21897e-17 
5470.000 -1.12571e-17 
5471.000 1.45238e-17 
5472.000 4.59908e-17 
5473.000 4.03049e-17 
5474.000 2.22865e-17 
5475.000 2.97328e-17 
5476.000 2.90451e-17 
5477.000 1.85543e-17 
5478.000 -9.73585e-18 
5479.000 -4.70315e-19 
5480.000 7.94512e-17 
5481.000 1.06293e-16 
5482.000 5.72765e-17 
5483.000 2.56316e-17 
5484.000 5.09252e-18 
5485.000 -5.35687e-17 
5486.000 -3.52799e-17 
5487.000 -4.86260e-18 
5488.000 6.11764e-18 
5489.000 1.84872e-17 
5490.000 4.41473e-17 
5491.000 6.91617e-17 
5492.000 1.81995e-17 
5493.000 -2.22439e-17 
5494.000 -5.94008e-18 
5495.000 -1.75568e-17 
5496.000 2.65385e-17 
5497.000 1.67162e-18 
5498.000 -3.05142e-17 
5499.000 1.74643e-17 
5500.000 -3.53080e-18 
5501.000 6.22739e-18 
5502.000 8.94014e-17 
5503.000 1.16577e-16 
5504.000 3.78691e-17 
5505.000 2.00723e-17 
5506.000 6.53682e-18 
5507.000 -1.17100e-17 
5508.000 -2.40504e-19 
5509.000 3.47642e-17 
5510.000 2.96571e-17 
5511.000 1.76507e-17 
5512.000 9.33340e-18 
5513.000 6.93990e-18 
5514.000 2.21571e-17 
5515.000 6.33951e-18 
5516.000 4.84055e-17 
5517.000 1.11349e-16 
5518.000 9.45901e-17 
5519.000 4.71136e-17 
5520.000 6.26554e-17 
5521.000 6.28596e-17 
5522.000 3.27048e-17 
5523.000 4.33475e-17 
5524.000 3.10238e-17 
5525.000 -1.54133e-17 
5526.000 -3.05665e-17 
5527.000 7.22752e-18 
5528.000 2.59244e-17 
5529.000 1.90109e-17 
5530.000 1.91850e-17 
5531.000 3.88758e-17 
5532.000 6.59884e-17 
5533.000 7.52827e-17 
5534.000 5.57022e-17 
5535.000 4.12225e-17 
5536.000 5.09575e-17 
5537.000 5.05931e-17 
5538.000 1.05374e-17 
5539.000 -9.96471e-18 
5540.000 1.61146e-17 
5541.000 6.53771e-17 
5542.000 9.09265e-17 
5543.000 8.37825e-17 
5544.000 7.81307e-17 
5545.000 7.22071e-17 
5546.000 4.93829e-17 
5547.000 2.64505e-17 
5548.000 5.43377e-18 
5549.000 9.67857e-18 
5550.000 7.27692e-17 
5551.000 8.75536e-18 
5552.000 -5.26614e-17 
5553.000 -1.93865e-17 
5554.000 4.80552e-17 
5555.000 5.96543e-17 
5556.000 5.61220e-17 
5557.000 9.27572e-17 
5558.000 1.55418e-16 
5559.000 1.28215e-16 
5560.000 4.56768e-18 
5561.000 2.56306e-17 
5562.000 1.13030e-17 
5563.000 -9.03604e-18 
5564.000 4.34119e-17 
5565.000 5.79556e-17 
5566.000 8.24003e-17 
5567.000 9.58305e-17 
5568.000 9.27876e-17 
5569.000 8.03924e-17 
5570.000 2.00960e-17 
5571.000 -1.09386e-17 
5572.000 8.79580e-18 
5573.000 1.72608e-17 
5574.000 -6.29695e-18 
5575.000 9.98684e-17 
5576.000 2.31890e-16 
5577.000 3.02887e-16 
5578.000 3.24851e-16 
5579.000 2.97203e-16 
5580.000 2.68508e-16 
5581.000 2.56616e-16 
5582.000 2.32010e-16 
5583.000 1.74492e-16 
5584.000 1.38168e-16 
5585.000 7.64152e-17 
5586.000 3.02900e-17 
5587.000 6.23046e-17 
5588.000 8.74284e-17 
5589.000 1.08032e-16 
5590.000 1.11444e-16 
5591.000 8.81357e-17 
5592.000 7.13683e-17 
5593.000 9.03323e-17 
5594.000 6.84566e-17 
5595.000 3.92534e-17 
5596.000 5.97353e-17 
5597.000 2.11218e-17 
5598.000 -1.04461e-17 
5599.000 3.43592e-17 
5600.000 9.04310e-17 
5601.000 5.09209e-17 
5602.000 5.02517e-17 
5603.000 7.53275e-17 
5604.000 9.14331e-17 
5605.000 9.32337e-17 
5606.000 5.86999e-17 
5607.000 4.96457e-17 
5608.000 4.04513e-17 
5609.000 9.22382e-18 
5610.000 7.61345e-18 
5611.000 5.96099e-19 
5612.000 -8.97045e-18 
5613.000 -9.28983e-18 
5614.000 -6.89739e-18 
5615.000 -1.37765e-18 
5616.000 9.82632e-18 
5617.000 1.91267e-17 
5618.000 1.94520e-17 
5619.000 1.49535e-17 
5620.000 1.93427e-17 
5621.000 2.25891e-17 
5622.000 -4.92417e-18 
5623.000 -4.78486e-17 
5624.000 4.45682e-18 
5625.000 4.96437e-17 
5626.000 5.16210e-17 
5627.000 4.71122e-17 
5628.000 -3.86395e-18 
5629.000 -4.11443e-17 
5630.000 -3.68136e-17 
5631.000 -2.40836e-17 
5632.000 -3.88574e-17 
5633.000 -4.21331e-17 
5634.000 -2.69865e-17 
5635.000 -1.81228e-17 
5636.000 -2.45914e-17 
5637.000 -1.95007e-17 
5638.000 -1.29498e-17 
5639.000 1.28283e-18 
5640.000 1.82257e-17 
5641.000 -3.46198e-18 
5642.000 -1.66704e-17 
5643.000 -2.16345e-17 
5644.000 -3.67498e-17 
5645.000 -5.20124e-17 
5646.000 -5.03019e-17 
5647.000 -1.49687e-17 
5648.000 2.73359e-17 
5649.000 2.94610e-17 
5650.000 -4.45650e-18 
5651.000 -7.83711e-17 
5652.000 -1.23062e-16 
5653.000 -9.06069e-17 
5654.000 -6.52755e-17 
5655.000 -7.52098e-17 
5656.000 -5.61590e-17 
5657.000 -4.68282e-18 
5658.000 -1.39115e-17 
5659.000 -1.31859e-17 
5660.000 1.31691e-17 
5661.000 7.74172e-18 
5662.000 -5.85921e-17 
5663.000 -9.00717e-17 
5664.000 -7.95738e-17 
5665.000 -7.15981e-17 
5666.000 -8.29451e-17 
5667.000 -7.30466e-17 
5668.000 -7.37492e-17 
5669.000 -7.34722e-17 
5670.000 -5.78701e-17 
5671.000 -5.14614e-17 
5672.000 -1.85233e-17 
5673.000 -2.67488e-17 
5674.000 -7.61935e-17 
5675.000 -7.75457e-17 
5676.000 -9.06236e-17 
5677.000 -7.72592e-17 
5678.000 -4.36185e-17 
5679.000 -5.00148e-17 
5680.000 -6.86856e-17 
5681.000 -6.98069e-17 
5682.000 -5.26239e-17 
5683.000 -3.99775e-17 
5684.000 -4.98162e-17 
5685.000 -5.48712e-17 
5686.000 -4.83101e-17 
5687.000 -3.92809e-17 
5688.000 -2.96218e-17 
5689.000 -3.58168e-17 
5690.000 -3.82778e-17 
5691.000 -2.53155e-17 
5692.000 -3.06688e-17 
5693.000 -8.51489e-17 
5694.000 -9.28810e-17 
5695.000 -6.58709e-17 
5696.000 -8.06143e-17 
5697.000 -3.53053e-17 
5698.000 -4.39043e-17 
5699.000 -5.20785e-17 
5700.000 2.34139e-17 
5701.000 -1.25259e-17 
5702.000 1.72484e-17 
5703.000 7.61640e-17 
5704.000 3.14622e-17 
5705.000 -2.13456e-17 
5706.000 -5.75533e-17 
5707.000 -4.50664e-17 
5708.000 -1.05351e-17 
5709.000 -3.07389e-17 
5710.000 -1.74883e-17 
5711.000 -3.05355e-19 
5712.000 -1.78284e-17 
5713.000 -3.12351e-17 
5714.000 -2.53398e-17 
5715.000 -1.51694e-17 
5716.000 6.53666e-18 
5717.000 3.89242e-17 
5718.000 5.74267e-18 
5719.000 -4.88886e-18 
5720.000 8.03411e-19 
5721.000 -5.29182e-17 
5722.000 -8.46267e-17 
5723.000 -4.29860e-17 
5724.000 1.81530e-18 
5725.000 -4.36847e-18 
5726.000 2.52073e-17 
5727.000 2.53743e-17 
5728.000 2.16133e-17 
5729.000 4.74127e-17 
5730.000 2.79645e-17 
5731.000 2.58428e-17 
5732.000 1.30348e-17 
5733.000 -2.71057e-17 
5734.000 -2.68505e-17 
5735.000 -7.53747e-17 
5736.000 -8.02618e-17 
5737.000 -2.32742e-17 
5738.000 -4.87569e-17 
5739.000 -1.72549e-17 
5740.000 3.52509e-18 
5741.000 -2.58429e-17 
5742.000 -4.32749e-18 
5743.000 2.01701e-17 
5744.000 2.98331e-17 
5745.000 2.46884e-17 
5746.000 5.76491e-18 
5747.000 3.94490e-18 
5748.000 2.19041e-17 
5749.000 2.06894e-17 
5750.000 -2.34070e-17 
5751.000 -3.28628e-17 
5752.000 -2.68098e-17 
5753.000 -2.15176e-17 
5754.000 7.21233e-18 
5755.000 5.51892e-17 
5756.000 9.18000e-17 
5757.000 8.10660e-17 
5758.000 3.81865e-17 
5759.000 4.77102e-17 
5760.000 3.76178e-17 
5761.000 -4.16968e-18 
5762.000 -2.12584e-17 
5763.000 -9.83538e-18 
5764.000 -1.86352e-18 
5765.000 8.04612e-18 
5766.000 2.39292e-17 
5767.000 1.18357e-17 
5768.000 1.79408e-17 
5769.000 2.32468e-17 
5770.000 1.97265e-17 
5771.000 9.06431e-17 
5772.000 1.09772e-16 
5773.000 6.22765e-17 
5774.000 4.53983e-17 
5775.000 9.26187e-17 
5776.000 9.58344e-17 
5777.000 5.73348e-17 
5778.000 3.68333e-17 
5779.000 2.31828e-17 
5780.000 3.22843e-17 
5781.000 2.90567e-17 
5782.000 -3.15652e-18 
5783.000 6.83624e-18 
5784.000 3.97379e-17 
5785.000 5.49942e-17 
5786.000 4.69905e-17 
5787.000 5.54522e-17 
5788.000 7.65096e-17 
5789.000 9.48295e-17 
5790.000 8.73063e-17 
5791.000 4.03322e-17 
5792.000 4.65048e-17 
5793.000 7.39014e-17 
5794.000 5.18428e-17 
5795.000 1.90520e-17 
5796.000 4.23071e-17 
5797.000 1.05064e-16 
5798.000 1.37094e-16 
5799.000 1.08261e-16 
5800.000 1.13913e-16 
5801.000 1.57227e-16 
5802.000 1.73114e-16 
5803.000 1.44473e-16 
5804.000 1.37437e-16 
5805.000 1.42601e-16 
5806.000 1.21970e-16 
5807.000 8.93279e-17 
5808.000 6.78100e-17 
5809.000 4.62598e-17 
5810.000 2.69362e-17 
5811.000 4.65970e-17 
5812.000 3.70753e-17 
5813.000 2.20160e-17 
5814.000 5.70307e-17 
5815.000 9.05029e-17 
5816.000 8.85663e-17 
5817.000 6.06236e-17 
5818.000 4.13857e-17 
5819.000 4.87940e-17 
5820.000 3.02775e-17 
5821.000 1.55454e-17 
5822.000 5.23133e-17 
5823.000 7.73296e-17 
5824.000 9.87747e-17 
5825.000 1.23799e-16 
5826.000 1.28907e-16 
5827.000 9.28467e-17 
5828.000 6.45899e-17 
5829.000 6.43649e-17 
5830.000 6.24513e-17 
5831.000 3.01090e-17 
5832.000 -6.31458e-18 
5833.000 -1.84554e-17 
5834.000 -5.27543e-18 
5835.000 1.28281e-17 
5836.000 6.40762e-17 
5837.000 9.22798e-17 
5838.000 3.67845e-17 
5839.000 6.33870e-17 
5840.000 6.59482e-17 
5841.000 1.83865e-17 
5842.000 5.83767e-17 
5843.000 7.05523e-17 
5844.000 5.59285e-17 
5845.000 5.72780e-17 
5846.000 5.99169e-17 
5847.000 4.48384e-17 
5848.000 4.24099e-17 
5849.000 7.80525e-17 
5850.000 1.14603e-16 
5851.000 8.05015e-17 
5852.000 6.62369e-17 
5853.000 1.09572e-16 
5854.000 6.55426e-17 
5855.000 3.65071e-18 
5856.000 8.81401e-18 
5857.000 6.18459e-17 
5858.000 5.89473e-17 
5859.000 4.62222e-17 
5860.000 5.91424e-17 
5861.000 7.17203e-17 
5862.000 4.94806e-17 
5863.000 5.07362e-17 
5864.000 8.57226e-17 
5865.000 1.00813e-16 
5866.000 7.53817e-17 
5867.000 6.40335e-17 
5868.000 4.81460e-17 
5869.000 -1.89987e-17 
5870.000 -1.48162e-17 
5871.000 2.61873e-17 
5872.000 1.99966e-17 
5873.000 -3.30730e-17 
5874.000 -2.83954e-17 
5875.000 -3.47114e-18 
5876.000 -1.57886e-17 
5877.000 -2.55142e-17 
5878.000 2.45232e-18 
5879.000 4.29258e-17 
5880.000 6.18507e-17 
5881.000 7.01855e-17 
5882.000 6.96368e-17 
5883.000 2.87454e-17 
5884.000 -3.53948e-17 
5885.000 -1.41960e-17 
5886.000 -2.53828e-17 
5887.000 -6.44731e-17 
5888.000 -2.71570e-17 
5889.000 2.99174e-17 
5890.000 6.63453e-17 
5891.000 6.07652e-17 
5892.000 2.04592e-17 
5893.000 3.16129e-18 
5894.000 2.68562e-18 
5895.000 1.15556e-17 
5896.000 5.15926e-17 
5897.000 8.78424e-17 
5898.000 7.26676e-17 
5899.000 2.18599e-17 
5900.000 1.30638e-17 
5901.000 6.71840e-18 
5902.000 -8.68524e-18 
5903.000 -9.02606e-18 
5904.000 7.67272e-18 
5905.000 1.35885e-17 
5906.000 1.06339e-17 
5907.000 1.70144e-17 
5908.000 1.16246e-17 
5909.000 -4.01298e-18 
5910.000 -1.36866e-17 
5911.000 -6.89903e-18 
5912.000 1.10109e-17 
5913.000 2.93359e-17 
5914.000 3.04430e-17 
5915.000 2.09357e-18 
5916.000 -2.81989e-17 
5917.000 -1.42593e-17 
5918.000 2.29346e-17 
5919.000 -1.31457e-17 
5920.000 -2.75558e-17 
5921.000 8.40696e-18 
5922.000 3.86293e-17 
5923.000 5.07041e-17 
5924.000 5.03611e-17 
5925.000 3.55641e-17 
5926.000 9.48275e-18 
5927.000 1.41014e-17 
5928.000 3.44839e-17 
5929.000 4.10566e-17 
5930.000 2.87637e-17 
5931.000 1.42315e-17 
5932.000 1.87120e-17 
5933.000 6.11841e-17 
5934.000 1.34183e-16 
5935.000 1.35596e-16 
5936.000 8.24493e-17 
5937.000 5.88321e-17 
5938.000 2.09519e-17 
5939.000 5.13180e-18 
5940.000 2.40173e-17 
5941.000 3.88322e-17 
5942.000 6.38215e-17 
5943.000 5.74712e-17 
5944.000 8.19584e-18 
5945.000 -2.52839e-17 
5946.000 -1.78515e-17 
5947.000 1.70938e-17 
5948.000 4.95275e-17 
5949.000 6.08278e-17 
5950.000 5.97403e-17 
5951.000 6.65860e-17 
5952.000 7.38850e-17 
5953.000 2.43115e-17 
5954.000 3.15790e-18 
5955.000 4.06494e-17 
5956.000 4.04494e-17 
5957.000 4.10539e-17 
5958.000 6.33269e-17 
5959.000 8.40393e-17 
5960.000 7.13645e-17 
5961.000 5.27718e-17 
5962.000 4.99783e-17 
5963.000 5.37515e-17 
5964.000 4.25863e-17 
5965.000 4.05320e-17 
5966.000 6.78425e-17 
5967.000 1.02219e-16 
5968.000 9.91653e-17 
5969.000 9.46393e-17 
5970.000 1.03069e-16 
5971.000 5.61900e-17 
5972.000 5.23851e-17 
5973.000 8.38063e-17 
5974.000 7.04354e-17 
5975.000 9.26841e-17 
5976.000 1.14297e-16 
5977.000 1.10173e-16 
5978.000 1.23070e-16 
5979.000 1.22959e-16 
5980.000 1.10259e-16 
5981.000 1.09509e-16 
5982.000 1.26563e-16 
5983.000 1.30191e-16 
5984.000 1.23210e-16 
5985.000 1.27446e-16 
5986.000 1.07918e-16 
5987.000 1.18282e-16 
5988.000 1.50023e-16 
5989.000 1.16413e-16 
5990.000 1.21782e-16 
5991.000 1.44333e-16 
5992.000 1.27254e-16 
5993.000 1.29898e-16 
5994.000 1.50711e-16 
5995.000 1.67556e-16 
5996.000 1.71456e-16 
5997.000 1.72856e-16 
5998.000 1.74494e-16 
5999.000 1.75195e-16 
6000.000 1.63922e-16 
6001.000 1.38045e-16 
6002.000 1.30213e-16 
6003.000 1.47706e-16 
6004.000 1.15125e-16 
6005.000 8.90344e-17 
6006.000 9.61816e-17 
6007.000 9.09659e-17 
6008.000 1.09992e-16 
6009.000 1.71759e-16 
6010.000 2.36945e-16 
6011.000 2.30129e-16 
6012.000 1.93180e-16 
6013.000 1.51704e-16 
6014.000 1.02574e-16 
6015.000 8.77340e-17 
6016.000 1.14672e-16 
6017.000 1.48713e-16 
6018.000 1.43572e-16 
6019.000 1.20808e-16 
6020.000 1.05831e-16 
6021.000 9.94851e-17 
6022.000 8.38910e-17 
6023.000 8.93880e-17 
6024.000 1.04742e-16 
6025.000 8.57608e-17 
6026.000 1.02234e-16 
6027.000 1.28996e-16 
6028.000 1.21119e-16 
6029.000 1.11632e-16 
6030.000 8.95909e-17 
6031.000 5.98530e-17 
6032.000 4.63957e-17 
6033.000 4.36931e-17 
6034.000 4.41216e-17 
6035.000 5.25056e-17 
6036.000 8.02946e-17 
6037.000 1.00938e-16 
6038.000 8.46039e-17 
6039.000 3.99217e-17 
6040.000 3.59561e-17 
6041.000 4.92032e-17 
6042.000 3.70146e-17 
6043.000 4.49560e-18 
6044.000 2.82618e-19 
6045.000 3.58355e-17 
6046.000 7.45215e-17 
6047.000 6.58118e-17 
6048.000 4.14328e-17 
6049.000 3.05139e-17 
6050.000 2.73651e-17 
6051.000 4.76377e-17 
6052.000 7.31883e-17 
6053.000 7.30188e-17 
6054.000 4.63993e-17 
6055.000 4.06568e-17 
6056.000 5.26884e-17 
6057.000 3.77578e-17 
6058.000 3.57509e-17 
6059.000 3.31075e-17 
6060.000 1.06404e-17 
6061.000 6.77417e-18 
6062.000 2.11834e-17 
6063.000 3.52665e-17 
6064.000 4.09501e-17 
6065.000 5.84701e-17 
6066.000 6.10871e-17 
6067.000 3.66527e-17 
6068.000 3.34951e-17 
6069.000 4.67132e-17 
6070.000 5.62784e-17 
6071.000 5.50912e-17 
6072.000 6.80053e-17 
6073.000 8.96406e-17 
6074.000 9.36337e-17 
6075.000 6.23221e-17 
6076.000 5.44093e-17 
6077.000 6.99121e-17 
6078.000 5.33240e-17 
6079.000 1.76426e-17 
6080.000 1.86484e-17 
6081.000 5.74185e-17 
6082.000 4.91813e-17 
6083.000 4.33187e-17 
6084.000 3.43670e-17 
6085.000 -2.28931e-17 
6086.000 -2.77291e-17 
6087.000 1.15243e-17 
6088.000 3.54512e-17 
6089.000 2.38870e-17 
6090.000 5.39708e-18 
6091.000 7.70350e-19 
6092.000 9.02193e-18 
6093.000 1.82991e-17 
6094.000 4.36992e-18 
6095.000 -2.36493e-17 
6096.000 -1.50042e-17 
6097.000 2.38657e-18 
6098.000 4.69762e-18 
6099.000 1.76215e-18 
6100.000 1.90556e-18 
6101.000 9.65181e-18 
6102.000 1.89145e-17 
6103.000 1.28992e-17 
6104.000 6.81949e-18 
6105.000 1.20977e-17 
6106.000 2.40182e-17 
6107.000 3.26247e-17 
6108.000 2.58865e-17 
6109.000 4.20745e-18 
6110.000 -5.73497e-18 
6111.000 1.91771e-18 
6112.000 3.30766e-18 
6113.000 -1.86969e-17 
6114.000 1.13764e-17 
6115.000 2.15706e-17 
6116.000 -3.99457e-17 
6117.000 -1.18995e-17 
6118.000 2.30263e-17 
6119.000 -9.48148e-20 
6120.000 -1.71768e-18 
6121.000 1.18717e-17 
6122.000 2.22659e-17 
6123.000 3.24005e-17 
6124.000 5.73180e-17 
6125.000 7.25264e-17 
6126.000 6.47365e-17 
6127.000 6.16540e-17 
6128.000 6.11175e-17 
6129.000 4.61676e-17 
6130.000 1.21731e-17 
6131.000 3.72001e-18 
6132.000 1.24137e-17 
6133.000 1.39775e-17 
6134.000 1.12398e-17 
6135.000 1.95166e-17 
6136.000 2.61470e-17 
6137.000 1.16880e-17 
6138.000 1.86242e-17 
6139.000 4.94485e-17 
6140.000 7.32352e-17 
6141.000 6.74965e-17 
6142.000 6.21720e-17 
6143.000 7.11083e-17 
6144.000 6.80760e-17 
6145.000 5.83192e-17 
6146.000 5.40264e-17 
6147.000 5.63449e-17 
6148.000 5.28422e-17 
6149.000 3.76415e-17 
6150.000 1.71778e-17 
6151.000 4.06465e-18 
6152.000 3.74447e-18 
6153.000 1.73558e-17 
6154.000 2.81003e-17 
6155.000 -1.18013e-17 
6156.000 -5.78695e-17 
6157.000 -4.97639e-17 
6158.000 -1.54546e-18 
6159.000 2.36294e-17 
6160.000 7.50535e-18 
6161.000 -1.66489e-17 
6162.000 -2.56772e-17 
6163.000 -4.75019e-18 
6164.000 3.58982e-17 
6165.000 6.44044e-17 
6166.000 6.18975e-17 
6167.000 3.97923e-17 
6168.000 2.13266e-17 
6169.000 1.53309e-17 
6170.000 1.70011e-17 
6171.000 1.28295e-17 
6172.000 4.21484e-18 
6173.000 4.23040e-18 
6174.000 1.22882e-17 
6175.000 -6.04890e-18 
6176.000 -7.97675e-18 
6177.000 2.13150e-17 
6178.000 2.90988e-17 
6179.000 1.77314e-17 
6180.000 1.99646e-18 
6181.000 -1.09952e-17 
6182.000 -2.52325e-17 
6183.000 -3.00871e-17 
6184.000 -2.37571e-17 
6185.000 -2.69603e-17 
6186.000 -2.04057e-17 
6187.000 6.82372e-18 
6188.000 3.55926e-17 
6189.000 4.50602e-17 
6190.000 4.25802e-17 
6191.000 4.34773e-17 
6192.000 2.53692e-17 
6193.000 -1.68920e-17 
6194.000 -5.37691e-17 
6195.000 -5.75613e-17 
6196.000 -5.07256e-17 
6197.000 -5.48173e-17 
6198.000 -5.57442e-17 
6199.000 -3.78902e-17 
6200.000 -7.17844e-18 
6201.000 1.97414e-17 
6202.000 3.59033e-17 
6203.000 2.34984e-17 
6204.000 -5.12857e-18 
6205.000 3.85892e-18 
6206.000 4.16835e-18 
6207.000 -2.41413e-17 
6208.000 -4.26909e-17 
6209.000 -3.54280e-17 
6210.000 -1.75094e-17 
6211.000 -9.47046e-18 
6212.000 1.77228e-18 
6213.000 3.33662e-18 
6214.000 -5.69844e-18 
6215.000 8.10055e-18 
6216.000 1.96167e-17 
6217.000 1.23025e-17 
6218.000 3.27635e-18 
6219.000 -2.24474e-18 
6220.000 -1.04367e-17 
6221.000 -2.81410e-17 
6222.000 -4.76377e-17 
6223.000 -6.23976e-17 
6224.000 -6.75919e-17 
6225.000 -5.82762e-17 
6226.000 -4.41861e-17 
6227.000 -2.07721e-17 
6228.000 2.39213e-17 
6229.000 3.80448e-17 
6230.000 2.21817e-20 
6231.000 -5.34307e-17 
6232.000 -6.56638e-17 
6233.000 -5.00523e-17 
6234.000 -4.68573e-17 
6235.000 -5.71725e-17 
6236.000 -6.32145e-17 
6237.000 -5.63589e-17 
6238.000 -4.67734e-17 
6239.000 -4.13113e-17 
6240.000 -4.00133e-17 
6241.000 -3.91635e-17 
6242.000 -3.53171e-17 
6243.000 -4.15054e-17 
6244.000 -5.18254e-17 
6245.000 -6.72409e-18 
6246.000 2.77248e-17 
6247.000 3.49417e-18 
6248.000 -7.58203e-18 
6249.000 -7.34560e-18 
6250.000 -1.83252e-17 
6251.000 -4.24835e-17 
6252.000 -5.89658e-17 
6253.000 -5.81407e-17 
6254.000 -4.67183e-17 
6255.000 -2.61000e-17 
6256.000 -1.26006e-17 
6257.000 -2.16766e-17 
6258.000 -3.99681e-17 
6259.000 -5.32728e-17 
6260.000 -4.89036e-17 
6261.000 -2.18840e-17 
6262.000 3.68433e-19 
6263.000 9.20680e-18 
6264.000 1.13837e-17 
6265.000 -1.81635e-17 
6266.000 -4.98575e-17 
6267.000 -3.70048e-17 
6268.000 -9.54686e-18 
6269.000 2.12714e-18 
6270.000 -1.26086e-17 
6271.000 -4.10770e-17 
6272.000 -4.68713e-17 
6273.000 -2.31344e-17 
6274.000 -8.71414e-18 
6275.000 -1.73276e-17 
6276.000 -3.41448e-17 
6277.000 -3.85726e-17 
6278.000 -5.67790e-17 
6279.000 -8.21112e-17 
6280.000 -8.80540e-17 
6281.000 -8.39210e-17 
6282.000 -8.40318e-17 
6283.000 -9.08719e-17 
6284.000 -8.75281e-17 
6285.000 -7.56682e-17 
6286.000 -6.09862e-17 
6287.000 -4.07548e-17 
6288.000 2.69965e-19 
6289.000 4.30765e-17 
6290.000 4.37324e-17 
6291.000 7.88318e-18 
6292.000 -2.54824e-17 
6293.000 -2.40330e-17 
6294.000 -2.40209e-17 
6295.000 -3.42707e-17 
6296.000 -4.12736e-17 
6297.000 -3.78454e-17 
6298.000 -4.39773e-17 
6299.000 -6.51322e-17 
6300.000 -6.97310e-17 
6301.000 -3.41473e-17 
6302.000 7.85432e-18 
6303.000 -1.71452e-17 
6304.000 -4.93681e-17 
6305.000 -4.95542e-17 
6306.000 -3.06011e-17 
6307.000 -1.50896e-17 
6308.000 -2.13766e-17 
6309.000 -4.28585e-17 
6310.000 -3.89937e-17 
6311.000 -1.31367e-17 
6312.000 5.16775e-18 
6313.000 -2.12020e-18 
6314.000 -5.79095e-18 
6315.000 1.01449e-17 
6316.000 2.30496e-17 
6317.000 3.85126e-17 
6318.000 5.27180e-17 
6319.000 4.38053e-17 
6320.000 6.95914e-18 
6321.000 -2.75936e-17 
6322.000 -2.29405e-17 
6323.000 2.19289e-18 
6324.000 9.36657e-18 
6325.000 -1.09405e-17 
6326.000 -9.51102e-18 
6327.000 -1.32236e-17 
6328.000 -3.92077e-17 
6329.000 -1.91070e-17 
6330.000 1.09733e-17 
6331.000 4.47456e-18 
6332.000 -2.04966e-17 
6333.000 -2.84835e-17 
6334.000 -2.66149e-17 
6335.000 -5.14542e-17 
6336.000 -4.27544e-17 
6337.000 -7.61517e-18 
6338.000 -1.02356e-17 
6339.000 -5.21725e-18 
6340.000 1.92440e-17 
6341.000 3.45304e-17 
6342.000 3.15287e-17 
6343.000 1.73617e-17 
6344.000 3.80334e-18 
6345.000 -6.26174e-18 
6346.000 -8.51692e-19 
6347.000 2.28622e-17 
6348.000 3.89567e-17 
6349.000 3.83026e-17 
6350.000 3.24173e-17 
6351.000 3.53939e-17 
6352.000 7.12934e-18 
6353.000 -3.17630e-17 
6354.000 -9.47271e-18 
6355.000 -1.39030e-17 
6356.000 -3.59057e-17 
6357.000 1.10879e-17 
6358.000 4.34052e-17 
6359.000 3.83727e-17 
6360.000 2.98145e-17 
6361.000 6.54608e-18 
6362.000 -8.96391e-18 
6363.000 3.45269e-18 
6364.000 9.55350e-18 
6365.000 1.29556e-17 
6366.000 2.49815e-17 
6367.000 3.34618e-17 
6368.000 2.97481e-17 
6369.000 1.95386e-17 
6370.000 9.19849e-18 
6371.000 -5.22328e-18 
6372.000 -1.64053e-17 
6373.000 -6.80363e-18 
6374.000 1.29345e-17 
6375.000 3.26998e-17 
6376.000 4.26014e-17 
6377.000 5.23257e-18 
6378.000 -3.33407e-17 
6379.000 1.46486e-18 
6380.000 2.28533e-17 
6381.000 2.15219e-17 
6382.000 4.13751e-17 
6383.000 3.78372e-17 
6384.000 1.63591e-17 
6385.000 8.47152e-18 
6386.000 9.85774e-18 
6387.000 1.42208e-17 
6388.000 1.54645e-17 
6389.000 7.20730e-18 
6390.000 1.07467e-19 
6391.000 3.82343e-18 
6392.000 1.37911e-17 
6393.000 2.27510e-17 
6394.000 3.04564e-17 
6395.000 4.34765e-17 
6396.000 5.53934e-17 
6397.000 5.60438e-17 
6398.000 4.16071e-17 
6399.000 4.55716e-17 
6400.000 6.10712e-17 
6401.000 4.27252e-17 
6402.000 8.80343e-18 
6403.000 -1.32108e-17 
6404.000 -7.97934e-18 
6405.000 2.46506e-17 
6406.000 5.64781e-17 
6407.000 6.03592e-17 
6408.000 5.98533e-17 
6409.000 6.47876e-17 
6410.000 7.16188e-17 
6411.000 6.52606e-17 
6412.000 3.58446e-17 
6413.000 -1.42193e-18 
6414.000 2.61331e-18 
6415.000 2.15142e-17 
6416.000 1.72028e-17 
6417.000 1.36965e-17 
6418.000 2.57597e-17 
6419.000 4.62445e-17 
6420.000 5.40549e-17 
6421.000 5.98933e-17 
6422.000 6.89139e-17 
6423.000 5.81210e-17 
6424.000 4.10856e-17 
6425.000 3.88403e-17 
6426.000 5.59898e-17 
6427.000 8.41256e-17 
6428.000 1.00968e-16 
6429.000 8.31417e-17 
6430.000 6.49570e-17 
6431.000 6.35043e-17 
6432.000 6.01341e-17 
6433.000 4.96343e-17 
6434.000 4.03887e-17 
6435.000 4.44183e-17 
6436.000 4.65218e-17 
6437.000 3.64975e-17 
6438.000 1.97423e-17 
6439.000 2.04514e-17 
6440.000 3.12421e-17 
6441.000 2.84178e-17 
6442.000 3.00713e-17 
6443.000 3.87050e-17 
6444.000 4.29759e-17 
6445.000 4.24938e-17 
6446.000 5.09117e-17 
6447.000 7.45740e-17 
6448.000 9.20712e-17 
6449.000 9.37343e-17 
6450.000 9.12943e-17 
6451.000 1.13149e-16 
6452.000 1.20842e-16 
6453.000 8.53022e-17 
6454.000 7.10531e-17 
6455.000 6.54802e-17 
6456.000 4.59528e-17 
6457.000 7.27213e-17 
6458.000 9.87990e-17 
6459.000 8.46220e-17 
6460.000 1.02136e-16 
6461.000 9.97895e-17 
6462.000 4.22420e-17 
6463.000 2.41653e-17 
6464.000 5.22941e-17 
6465.000 8.26602e-17 
6466.000 7.93324e-17 
6467.000 4.85235e-17 
6468.000 1.61116e-17 
6469.000 4.77749e-18 
6470.000 9.05321e-18 
6471.000 1.81720e-17 
6472.000 2.91445e-17 
6473.000 3.55678e-17 
6474.000 3.63085e-17 
6475.000 3.98708e-17 
6476.000 4.98405e-17 
6477.000 4.71894e-17 
6478.000 3.84280e-18 
6479.000 -1.03243e-17 
6480.000 2.91254e-17 
6481.000 5.73581e-17 
6482.000 6.24234e-17 
6483.000 6.01302e-17 
6484.000 6.77039e-17 
6485.000 6.44567e-17 
6486.000 5.65847e-17 
6487.000 7.22090e-17 
6488.000 8.09217e-17 
6489.000 7.73928e-17 
6490.000 8.89598e-17 
6491.000 9.90734e-17 
6492.000 9.20893e-17 
6493.000 7.76622e-17 
6494.000 8.29495e-17 
6495.000 8.93266e-17 
6496.000 5.48838e-17 
6497.000 3.54648e-17 
6498.000 5.02490e-17 
6499.000 6.44182e-17 
6500.000 6.24767e-17 
6501.000 5.73307e-17 
6502.000 7.26535e-17 
6503.000 8.42315e-17 
6504.000 7.54316e-17 
6505.000 5.51484e-17 
6506.000 5.73234e-17 
6507.000 8.32222e-17 
6508.000 1.01389e-16 
6509.000 9.38245e-17 
6510.000 8.51743e-17 
6511.000 1.06973e-16 
6512.000 9.87345e-17 
6513.000 6.55234e-17 
6514.000 6.91529e-17 
6515.000 8.08411e-17 
6516.000 7.83978e-17 
6517.000 6.90957e-17 
6518.000 5.17503e-17 
6519.000 2.63110e-17 
6520.000 5.64742e-18 
6521.000 1.59828e-17 
6522.000 4.83309e-17 
6523.000 6.74193e-17 
6524.000 8.03875e-17 
6525.000 9.76393e-17 
6526.000 1.18606e-16 
6527.000 1.22830e-16 
6528.000 1.06452e-16 
6529.000 8.81644e-17 
6530.000 8.09019e-17 
6531.000 8.27129e-17 
6532.000 8.19465e-17 
6533.000 7.93739e-17 
6534.000 7.86506e-17 
6535.000 8.79113e-17 
6536.000 1.11981e-16 
6537.000 1.28068e-16 
6538.000 1.08255e-16 
6539.000 1.00353e-16 
6540.000 1.22150e-16 
6541.000 1.37561e-16 
6542.000 1.46187e-16 
6543.000 1.49166e-16 
6544.000 1.39199e-16 
6545.000 1.26293e-16 
6546.000 1.26581e-16 
6547.000 1.42312e-16 
6548.000 1.23509e-16 
6549.000 8.18210e-17 
6550.000 9.69576e-17 
6551.000 1.19980e-16 
6552.000 1.13948e-16 
6553.000 1.05897e-16 
6554.000 1.06825e-16 
6555.000 1.20432e-16 
6556.000 1.47486e-16 
6557.000 1.60732e-16 
6558.000 1.44952e-16 
6559.000 1.23653e-16 
6560.000 1.22160e-16 
6561.000 1.44029e-16 
6562.000 1.64767e-16 
6563.000 1.69533e-16 
6564.000 1.54765e-16 
6565.000 1.26485e-16 
6566.000 1.10571e-16 
6567.000 1.21649e-16 
6568.000 1.38059e-16 
6569.000 1.43391e-16 
6570.000 1.33402e-16 
6571.000 1.19521e-16 
6572.000 1.27336e-16 
6573.000 1.50673e-16 
6574.000 1.33922e-16 
6575.000 1.12379e-16 
6576.000 1.16985e-16 
6577.000 8.33741e-17 
6578.000 5.70509e-17 
6579.000 9.31080e-17 
6580.000 1.27670e-16 
6581.000 1.53097e-16 
6582.000 1.80111e-16 
6583.000 1.64604e-16 
6584.000 1.29697e-16 
6585.000 1.18919e-16 
6586.000 1.12040e-16 
6587.000 9.83877e-17 
6588.000 8.41074e-17 
6589.000 8.97285e-17 
6590.000 1.15360e-16 
6591.000 1.39174e-16 
6592.000 1.43440e-16 
6593.000 1.35245e-16 
6594.000 1.37887e-16 
6595.000 1.47638e-16 
6596.000 1.56789e-16 
6597.000 1.64697e-16 
6598.000 1.81690e-16 
6599.000 1.81615e-16 
6600.000 1.33715e-16 
6601.000 1.21405e-16 
6602.000 1.57241e-16 
6603.000 1.58375e-16 
6604.000 1.61865e-16 
6605.000 1.91878e-16 
6606.000 2.09525e-16 
6607.000 2.00449e-16 
6608.000 1.78824e-16 
6609.000 1.77103e-16 
6610.000 1.78375e-16 
6611.000 1.64336e-16 
6612.000 1.50681e-16 
6613.000 1.61141e-16 
6614.000 1.92775e-16 
6615.000 2.01386e-16 
6616.000 2.04803e-16 
6617.000 2.24274e-16 
6618.000 2.27645e-16 
6619.000 2.21417e-16 
6620.000 2.22875e-16 
6621.000 2.20663e-16 
6622.000 2.15121e-16 
6623.000 2.12258e-16 
6624.000 2.15260e-16 
6625.000 2.21503e-16 
6626.000 2.29288e-16 
6627.000 2.49649e-16 
6628.000 2.82299e-16 
6629.000 3.13147e-16 
6630.000 3.18532e-16 
6631.000 2.97705e-16 
6632.000 2.73757e-16 
6633.000 2.71647e-16 
6634.000 2.88947e-16 
6635.000 2.93454e-16 
6636.000 2.96023e-16 
6637.000 3.05579e-16 
6638.000 3.11121e-16 
6639.000 3.18659e-16 
6640.000 3.27832e-16 
6641.000 3.19639e-16 
6642.000 3.10064e-16 
6643.000 3.14165e-16 
6644.000 3.14530e-16 
6645.000 3.06956e-16 
6646.000 2.97849e-16 
6647.000 2.93771e-16 
6648.000 2.91622e-16 
6649.000 2.89061e-16 
6650.000 3.15166e-16 
6651.000 3.46407e-16 
6652.000 3.44527e-16 
6653.000 3.44124e-16 
6654.000 3.41787e-16 
6655.000 3.14304e-16 
6656.000 3.01842e-16 
6657.000 3.21553e-16 
6658.000 3.50345e-16 
6659.000 3.81738e-16 
6660.000 4.07623e-16 
6661.000 4.13906e-16 
6662.000 4.09612e-16 
6663.000 4.14998e-16 
6664.000 4.46719e-16 
6665.000 4.66629e-16 
6666.000 4.53427e-16 
6667.000 4.43742e-16 
6668.000 4.44436e-16 
6669.000 4.48387e-16 
6670.000 4.53973e-16 
6671.000 4.63982e-16 
6672.000 4.81274e-16 
6673.000 5.03151e-16 
6674.000 5.14932e-16 
6675.000 5.07301e-16 
6676.000 5.10892e-16 
6677.000 5.31829e-16 
6678.000 5.51000e-16 
6679.000 5.72021e-16 
6680.000 5.86195e-16 
6681.000 5.72937e-16 
6682.000 5.53002e-16 
6683.000 5.46645e-16 
6684.000 5.53158e-16 
6685.000 5.58587e-16 
6686.000 5.57768e-16 
6687.000 5.65173e-16 
6688.000 5.96730e-16 
6689.000 6.44957e-16 
6690.000 6.57808e-16 
6691.000 6.48678e-16 
6692.000 6.54885e-16 
6693.000 6.65824e-16 
6694.000 6.84468e-16 
6695.000 7.20800e-16 
6696.000 7.69343e-16 
6697.000 8.10007e-16 
6698.000 8.17415e-16 
6699.000 7.93569e-16 
6700.000 7.56942e-16 
6701.000 7.33226e-16 
6702.000 7.22519e-16 
6703.000 7.15635e-16 
6704.000 7.04479e-16 
6705.000 7.03642e-16 
6706.000 7.12299e-16 
6707.000 6.87612e-16 
6708.000 6.57747e-16 
6709.000 6.60176e-16 
6710.000 6.74978e-16 
6711.000 6.61216e-16 
6712.000 6.00683e-16 
6713.000 5.67071e-16 
6714.000 5.71694e-16 
6715.000 5.67598e-16 
6716.000 5.36324e-16 
6717.000 4.95979e-16 
6718.000 4.85934e-16 
6719.000 4.83320e-16 
6720.000 4.68654e-16 
6721.000 4.59230e-16 
6722.000 4.45821e-16 
6723.000 4.26924e-16 
6724.000 4.26663e-16 
6725.000 4.21702e-16 
6726.000 3.94815e-16 
6727.000 3.92530e-16 
6728.000 4.09013e-16 
6729.000 4.09029e-16 
6730.000 3.79732e-16 
6731.000 3.45276e-16 
6732.000 3.41461e-16 
6733.000 3.37271e-16 
6734.000 3.25266e-16 
6735.000 3.31598e-16 
6736.000 3.41076e-16 
6737.000 3.36784e-16 
6738.000 3.27114e-16 
6739.000 3.14422e-16 
6740.000 2.97525e-16 
6741.000 2.82588e-16 
6742.000 2.91371e-16 
6743.000 3.25118e-16 
6744.000 3.14729e-16 
6745.000 2.70829e-16 
6746.000 2.55863e-16 
6747.000 2.56427e-16 
6748.000 2.58683e-16 
6749.000 2.63017e-16 
6750.000 2.49069e-16 
6751.000 2.20712e-16 
6752.000 2.20321e-16 
6753.000 2.16117e-16 
6754.000 1.90467e-16 
6755.000 2.09064e-16 
6756.000 2.37215e-16 
6757.000 2.25832e-16 
6758.000 2.42838e-16 
6759.000 2.75089e-16 
6760.000 2.60635e-16 
6761.000 2.37282e-16 
6762.000 2.32613e-16 
6763.000 2.32301e-16 
6764.000 2.31987e-16 
6765.000 2.27445e-16 
6766.000 2.11355e-16 
6767.000 2.04296e-16 
6768.000 2.16735e-16 
6769.000 2.18273e-16 
6770.000 2.11865e-16 
6771.000 2.10269e-16 
6772.000 1.92777e-16 
6773.000 1.67464e-16 
6774.000 1.62602e-16 
6775.000 1.75011e-16 
6776.000 1.89940e-16 
6777.000 1.95120e-16 
6778.000 1.96953e-16 
6779.000 2.04955e-16 
6780.000 2.21583e-16 
6781.000 2.28791e-16 
6782.000 2.15082e-16 
6783.000 1.91137e-16 
6784.000 1.78992e-16 
6785.000 1.91166e-16 
6786.000 2.01800e-16 
6787.000 1.97094e-16 
6788.000 1.76575e-16 
6789.000 1.73356e-16 
6790.000 1.89988e-16 
6791.000 1.85549e-16 
6792.000 1.75831e-16 
6793.000 1.75769e-16 
6794.000 1.58995e-16 
6795.000 1.37833e-16 
6796.000 1.35809e-16 
6797.000 1.54896e-16 
6798.000 1.82853e-16 
6799.000 2.01519e-16 
6800.000 2.09277e-16 
6801.000 2.13333e-16 
6802.000 2.20012e-16 
6803.000 2.08796e-16 
6804.000 1.79192e-16 
6805.000 1.76368e-16 
6806.000 1.87652e-16 
6807.000 1.82470e-16 
6808.000 1.75636e-16 
6809.000 1.71020e-16 
6810.000 1.63505e-16 
6811.000 1.60694e-16 
6812.000 1.61682e-16 
6813.000 1.55758e-16 
6814.000 1.65207e-16 
6815.000 1.88004e-16 
6816.000 1.80726e-16 
6817.000 1.56345e-16 
6818.000 1.43610e-16 
6819.000 1.46147e-16 
6820.000 1.59536e-16 
6821.000 1.75716e-16 
6822.000 1.85624e-16 
6823.000 1.87026e-16 
6824.000 1.85369e-16 
6825.000 1.88707e-16 
6826.000 1.98082e-16 
6827.000 1.91524e-16 
6828.000 1.64290e-16 
6829.000 1.33195e-16 
6830.000 1.39238e-16 
6831.000 1.74805e-16 
6832.000 1.98708e-16 
6833.000 1.96494e-16 
6834.000 1.84894e-16 
6835.000 1.93012e-16 
6836.000 1.87895e-16 
6837.000 1.56627e-16 
6838.000 1.36792e-16 
6839.000 1.21418e-16 
6840.000 1.02625e-16 
6841.000 1.10147e-16 
6842.000 1.34844e-16 
6843.000 1.50719e-16 
6844.000 1.54435e-16 
6845.000 1.41352e-16 
6846.000 1.09603e-16 
6847.000 9.26244e-17 
6848.000 1.03633e-16 
6849.000 1.07004e-16 
6850.000 1.01652e-16 
6851.000 1.00214e-16 
6852.000 8.43443e-17 
6853.000 7.24399e-17 
6854.000 9.50160e-17 
6855.000 1.04875e-16 
6856.000 8.98913e-17 
6857.000 9.43859e-17 
6858.000 1.19549e-16 
6859.000 1.37930e-16 
6860.000 1.13532e-16 
6861.000 8.18003e-17 
6862.000 8.84490e-17 
6863.000 9.14660e-17 
6864.000 7.96673e-17 
6865.000 7.58419e-17 
6866.000 7.37358e-17 
6867.000 6.63777e-17 
6868.000 6.12856e-17 
6869.000 5.84283e-17 
6870.000 5.26132e-17 
6871.000 3.83062e-17 
6872.000 2.78474e-17 
6873.000 3.58986e-17 
6874.000 4.95919e-17 
6875.000 5.88800e-17 
6876.000 5.67976e-17 
6877.000 4.53768e-17 
6878.000 3.63198e-17 
6879.000 4.34768e-17 
6880.000 4.89198e-17 
6881.000 2.85245e-17 
6882.000 4.35956e-18 
6883.000 8.50156e-19 
6884.000 2.73801e-17 
6885.000 4.74908e-17 
6886.000 4.59434e-17 
6887.000 5.79279e-17 
6888.000 7.33658e-17 
6889.000 6.86245e-17 
6890.000 5.38847e-17 
6891.000 4.92787e-17 
6892.000 5.64204e-17 
6893.000 4.20098e-17 
6894.000 1.09072e-17 
6895.000 1.21478e-17 
6896.000 1.78005e-17 
6897.000 3.31539e-18 
6898.000 2.08794e-17 
6899.000 5.23632e-17 
6900.000 5.28652e-17 
6901.000 4.71988e-17 
6902.000 4.32315e-17 
6903.000 2.54731e-17 
6904.000 2.77051e-17 
6905.000 5.21887e-17 
6906.000 3.67859e-17 
6907.000 1.32377e-17 
6908.000 2.95559e-17 
6909.000 3.68386e-17 
6910.000 3.02746e-17 
6911.000 4.17337e-17 
6912.000 6.14449e-17 
6913.000 7.23581e-17 
6914.000 6.18725e-17 
6915.000 4.01234e-17 
6916.000 2.40664e-17 
6917.000 1.55853e-17 
6918.000 1.72342e-17 
6919.000 3.35407e-17 
6920.000 4.06695e-17 
6921.000 3.71009e-17 
6922.000 5.34667e-17 
6923.000 6.41313e-17 
6924.000 5.03743e-17 
6925.000 5.56912e-17 
6926.000 7.05585e-17 
6927.000 5.87838e-17 
6928.000 4.77735e-17 
6929.000 4.60101e-17 
6930.000 2.53665e-17 
6931.000 4.26467e-18 
6932.000 7.11910e-18 
6933.000 3.09924e-17 
6934.000 5.56625e-17 
6935.000 5.98065e-17 
6936.000 4.42486e-17 
6937.000 1.40737e-17 
6938.000 -1.90477e-17 
6939.000 -3.40122e-17 
6940.000 -2.29540e-17 
6941.000 -3.47288e-18 
6942.000 1.37625e-17 
6943.000 2.84966e-17 
6944.000 4.46880e-17 
6945.000 5.60489e-17 
6946.000 5.03811e-17 
6947.000 4.18913e-17 
6948.000 3.91388e-17 
6949.000 2.61384e-17 
6950.000 7.86448e-18 
6951.000 2.26505e-18 
6952.000 1.82120e-17 
6953.000 2.88408e-17 
6954.000 -1.86871e-18 
6955.000 -3.27113e-17 
6956.000 -3.20361e-17 
6957.000 -2.76329e-17 
6958.000 -1.14541e-17 
6959.000 3.29496e-17 
6960.000 5.30462e-17 
6961.000 3.35495e-17 
6962.000 9.22930e-18 
6963.000 -3.51916e-20 
6964.000 6.60838e-18 
6965.000 1.38134e-17 
6966.000 1.70821e-17 
6967.000 1.76131e-17 
6968.000 1.44525e-17 
6969.000 6.27354e-18 
6970.000 -7.60084e-18 
6971.000 -1.33399e-17 
6972.000 -5.64635e-18 
6973.000 -6.08898e-18 
6974.000 -1.38899e-17 
6975.000 -1.48183e-17 
6976.000 -9.73503e-18 
6977.000 -5.88900e-19 
6978.000 1.33709e-17 
6979.000 1.65425e-17 
6980.000 1.57093e-18 
6981.000 -1.21542e-17 
6982.000 -1.94020e-17 
6983.000 -2.14999e-17 
6984.000 2.34563e-18 
6985.000 3.44365e-17 
6986.000 1.21659e-17 
6987.000 -2.76340e-17 
6988.000 -3.05527e-17 
6989.000 -1.61055e-17 
6990.000 -2.83854e-18 
6991.000 1.78178e-18 
6992.000 4.73891e-18 
6993.000 8.51842e-18 
6994.000 2.01794e-18 
6995.000 -7.79106e-18 
6996.000 -7.38336e-18 
6997.000 6.68830e-18 
6998.000 2.03585e-17 
6999.000 1.34816e-17 
7000.000 4.01997e-18 
7001.000 9.30975e-19 
7002.000 -1.86393e-17 
7003.000 -3.40392e-17 
7004.000 -1.71302e-17 
7005.000 -6.45300e-18 
7006.000 -1.23681e-17 
7007.000 -4.37177e-18 
7008.000 1.21956e-17 
7009.000 1.67726e-17 
7010.000 -1.41023e-17 
7011.000 -5.63446e-17 
7012.000 -6.54229e-17 
7013.000 -4.60022e-17 
7014.000 -1.72981e-17 
7015.000 -2.18409e-19 
7016.000 -5.87793e-18 
7017.000 -3.19614e-17 
7018.000 -5.67716e-17 
7019.000 -5.94961e-17 
7020.000 -2.83889e-17 
7021.000 6.91636e-18 
7022.000 2.11809e-17 
7023.000 2.21749e-17 
7024.000 2.09342e-17 
7025.000 2.18194e-17 
7026.000 1.79010e-17 
7027.000 5.88748e-18 
7028.000 -6.77611e-18 
7029.000 -7.55289e-18 
7030.000 4.87378e-18 
7031.000 1.61539e-17 
7032.000 2.24547e-17 
7033.000 2.64503e-17 
7034.000 2.00287e-17 
7035.000 7.65532e-18 
7036.000 1.23625e-17 
7037.000 1.99752e-17 
7038.000 9.64418e-18 
7039.000 -1.08711e-18 
7040.000 -4.53945e-18 
7041.000 -8.12041e-18 
7042.000 -4.70705e-18 
7043.000 8.53266e-18 
7044.000 1.37759e-17 
7045.000 1.06472e-17 
7046.000 1.26874e-17 
7047.000 9.62481e-18 
7048.000 6.78848e-18 
7049.000 3.12061e-17 
7050.000 4.35837e-17 
7051.000 1.14085e-17 
7052.000 8.58107e-18 
7053.000 3.46253e-17 
7054.000 1.83801e-17 
7055.000 -9.17206e-18 
7056.000 -8.62099e-18 
7057.000 1.36586e-17 
7058.000 3.08568e-17 
7059.000 1.82599e-17 
7060.000 6.48267e-18 
7061.000 9.35421e-18 
7062.000 -1.45054e-20 
7063.000 -1.02076e-17 
7064.000 -2.79958e-18 
7065.000 2.03400e-19 
7066.000 7.03964e-20 
7067.000 1.79058e-17 
7068.000 2.51891e-17 
7069.000 1.01553e-18 
7070.000 -2.74332e-17 
7071.000 -3.03236e-17 
7072.000 2.11853e-18 
7073.000 8.18469e-18 
7074.000 -2.62815e-17 
7075.000 -3.16597e-17 
7076.000 -1.75534e-17 
7077.000 -1.81549e-17 
7078.000 -1.47847e-17 
7079.000 -7.59186e-18 
7080.000 -1.60491e-17 
7081.000 -2.94390e-17 
7082.000 -3.76115e-17 
7083.000 -5.06550e-17 
7084.000 -6.42810e-17 
7085.000 -6.47036e-17 
7086.000 -4.59097e-17 
7087.000 -1.81601e-17 
7088.000 -9.91568e-18 
7089.000 -1.83670e-17 
7090.000 -2.59065e-17 
7091.000 -1.69357e-17 
7092.000 4.03244e-18 
7093.000 8.59944e-18 
7094.000 -1.43686e-18 
7095.000 -1.23605e-17 
7096.000 -1.43458e-17 
7097.000 -1.23321e-17 
7098.000 -2.01340e-17 
7099.000 -3.43959e-17 
7100.000 -4.18143e-17 
7101.000 -2.67225e-17 
7102.000 -7.67015e-19 
7103.000 1.13107e-17 
7104.000 4.12770e-18 
7105.000 -1.74058e-17 
7106.000 -3.61273e-17 
7107.000 -4.42246e-17 
7108.000 -4.44568e-17 
7109.000 -3.70040e-17 
7110.000 -3.16517e-17 
7111.000 -4.45848e-17 
7112.000 -5.32202e-17 
7113.000 -3.75721e-17 
7114.000 -2.22159e-17 
7115.000 -2.07045e-17 
7116.000 -2.73183e-17 
7117.000 -2.59268e-17 
7118.000 -1.14732e-17 
7119.000 -2.96792e-18 
7120.000 2.51800e-19 
7121.000 9.24348e-18 
7122.000 2.02188e-17 
7123.000 2.66991e-17 
7124.000 2.17390e-17 
7125.000 6.07733e-18 
7126.000 -1.19538e-17 
7127.000 -1.89609e-17 
7128.000 -1.55035e-17 
7129.000 -1.84038e-17 
7130.000 -2.44454e-17 
7131.000 -2.25881e-17 
7132.000 -2.23434e-17 
7133.000 -2.17805e-17 
7134.000 -6.46843e-18 
7135.000 1.67883e-17 
7136.000 3.34024e-17 
7137.000 3.11643e-17 
7138.000 1.12537e-17 
7139.000 -1.60740e-17 
7140.000 -2.58854e-17 
7141.000 -9.53123e-18 
7142.000 7.51778e-18 
7143.000 1.01331e-17 
7144.000 1.54120e-19 
7145.000 3.97841e-18 
7146.000 2.94392e-17 
7147.000 4.92365e-17 
7148.000 4.92798e-17 
7149.000 3.21204e-17 
7150.000 2.02208e-17 
7151.000 2.12244e-17 
7152.000 2.33517e-17 
7153.000 2.60615e-17 
7154.000 2.84307e-17 
7155.000 3.28167e-17 
7156.000 3.19450e-17 
7157.000 1.18389e-17 
7158.000 6.69991e-18 
7159.000 3.81290e-17 
7160.000 6.43657e-17 
7161.000 6.53076e-17 
7162.000 4.95800e-17 
7163.000 3.18212e-17 
7164.000 2.64552e-17 
7165.000 3.46790e-17 
7166.000 4.57622e-17 
7167.000 4.96479e-17 
7168.000 4.13351e-17 
7169.000 2.62970e-17 
7170.000 2.63421e-17 
7171.000 2.90966e-17 
7172.000 1.04861e-17 
7173.000 -3.56214e-18 
7174.000 5.80298e-18 
7175.000 2.30969e-17 
7176.000 3.69876e-17 
7177.000 4.37936e-17 
7178.000 2.44808e-17 
7179.000 -1.12130e-17 
7180.000 -1.58416e-17 
7181.000 1.64826e-18 
7182.000 1.14349e-17 
7183.000 1.60198e-17 
7184.000 2.25465e-17 
7185.000 3.93394e-17 
7186.000 4.76612e-17 
7187.000 2.94982e-17 
7188.000 1.01660e-17 
7189.000 6.76673e-18 
7190.000 1.21579e-17 
7191.000 1.00901e-17 
7192.000 -5.21322e-18 
7193.000 -1.67264e-17 
7194.000 -2.52954e-17 
7195.000 -3.49242e-17 
7196.000 -2.51783e-17 
7197.000 9.25913e-18 
7198.000 2.66528e-17 
7199.000 1.53209e-17 
7200.000 5.97388e-18 
7201.000 3.15123e-20 
7202.000 -6.09136e-18 
7203.000 3.33479e-19 
7204.000 2.62715e-17 
7205.000 6.20076e-17 
7206.000 7.46129e-17 
7207.000 5.67113e-17 
7208.000 5.42496e-17 
7209.000 6.41669e-17 
7210.000 4.89022e-17 
7211.000 4.04099e-17 
7212.000 6.10981e-17 
7213.000 7.54450e-17 
7214.000 7.03997e-17 
7215.000 5.70506e-17 
7216.000 2.54988e-17 
7217.000 -1.49703e-17 
7218.000 -1.23982e-17 
7219.000 1.31674e-17 
7220.000 4.75220e-18 
7221.000 -3.53812e-18 
7222.000 1.92068e-17 
7223.000 4.29810e-17 
7224.000 4.69885e-17 
7225.000 3.93440e-17 
7226.000 3.81098e-17 
7227.000 5.00399e-17 
7228.000 6.42606e-17 
7229.000 7.48342e-17 
7230.000 7.31275e-17 
7231.000 5.29016e-17 
7232.000 2.70036e-17 
7233.000 1.27959e-17 
7234.000 4.88243e-18 
7235.000 -1.20064e-17 
7236.000 -1.78505e-17 
7237.000 -2.71363e-18 
7238.000 7.94600e-18 
7239.000 1.37204e-17 
7240.000 3.02206e-17 
7241.000 6.00572e-17 
7242.000 9.61572e-17 
7243.000 1.11020e-16 
7244.000 1.02400e-16 
7245.000 9.28068e-17 
7246.000 8.76164e-17 
7247.000 8.24111e-17 
7248.000 6.75917e-17 
7249.000 5.00844e-17 
7250.000 4.10343e-17 
7251.000 2.19820e-17 
7252.000 -1.21835e-17 
7253.000 -3.06741e-17 
7254.000 -1.84325e-17 
7255.000 1.65594e-17 
7256.000 3.58707e-17 
7257.000 2.34115e-17 
7258.000 1.47923e-17 
7259.000 1.92839e-17 
7260.000 2.07381e-17 
7261.000 -2.02732e-18 
7262.000 -4.02643e-17 
7263.000 -4.39574e-17 
7264.000 -2.31614e-17 
7265.000 -2.17563e-17 
7266.000 -1.83724e-17 
7267.000 3.43185e-18 
7268.000 1.41364e-17 
7269.000 6.08205e-18 
7270.000 -1.11477e-17 
7271.000 -2.68508e-17 
7272.000 -2.93515e-17 
7273.000 -1.03989e-17 
7274.000 6.21153e-19 
7275.000 -3.28432e-17 
7276.000 -2.25631e-17 
7277.000 7.24638e-17 
7278.000 9.71436e-17 
7279.000 2.89212e-17 
7280.000 -1.35557e-17 
7281.000 -6.81972e-18 
7282.000 1.99337e-17 
7283.000 1.60564e-17 
7284.000 -1.07124e-17 
7285.000 -1.89902e-18 
7286.000 1.41356e-17 
7287.000 5.22017e-19 
7288.000 -6.92407e-18 
7289.000 2.27700e-18 
7290.000 3.50757e-18 
7291.000 6.67074e-18 
7292.000 2.39452e-17 
7293.000 3.25417e-17 
7294.000 2.45406e-17 
7295.000 1.43424e-17 
7296.000 1.20514e-17 
7297.000 2.01793e-17 
7298.000 2.33225e-17 
7299.000 1.25769e-17 
7300.000 -2.91652e-18 
7301.000 -1.51125e-17 
7302.000 -2.09039e-17 
7303.000 -2.20169e-17 
7304.000 -1.65405e-17 
7305.000 -3.16148e-18 
7306.000 1.16569e-17 
7307.000 1.97772e-17 
7308.000 6.10293e-18 
7309.000 -2.15113e-17 
7310.000 -2.74697e-17 
7311.000 -2.27944e-17 
7312.000 -3.24902e-17 
7313.000 -1.97797e-17 
7314.000 2.60060e-17 
7315.000 3.41290e-17 
7316.000 8.58089e-18 
7317.000 1.94240e-17 
7318.000 3.43072e-17 
7319.000 1.47988e-17 
7320.000 3.85031e-18 
7321.000 -4.36096e-19 
7322.000 -3.47763e-17 
7323.000 -5.10186e-17 
7324.000 -1.26050e-17 
7325.000 1.62627e-17 
7326.000 4.21060e-18 
7327.000 -2.44249e-17 
7328.000 -2.56439e-17 
7329.000 1.67899e-17 
7330.000 1.27807e-17 
7331.000 -4.51479e-17 
7332.000 -5.09872e-17 
7333.000 -1.77378e-17 
7334.000 -1.11657e-17 
7335.000 -2.48100e-17 
7336.000 -3.27811e-17 
7337.000 -2.73319e-17 
7338.000 -2.38097e-17 
7339.000 -3.60052e-17 
7340.000 -3.43254e-17 
7341.000 -7.18941e-18 
7342.000 6.80721e-18 
7343.000 3.77545e-18 
7344.000 6.10324e-18 
7345.000 1.31868e-17 
7346.000 1.43141e-17 
7347.000 -6.49370e-20 
7348.000 -2.35381e-17 
7349.000 -4.34397e-17 
7350.000 -4.32720e-17 
7351.000 -1.84402e-17 
7352.000 -8.71259e-18 
7353.000 -2.12180e-17 
7354.000 -1.78339e-17 
7355.000 -1.80591e-17 
7356.000 -5.05399e-17 
7357.000 -6.40600e-17 
7358.000 -4.01087e-17 
7359.000 -2.95391e-17 
7360.000 -3.85887e-17 
7361.000 -4.28292e-17 
7362.000 -3.31400e-17 
7363.000 -1.62182e-17 
7364.000 -1.90560e-17 
7365.000 -3.75364e-17 
7366.000 -4.65001e-17 
7367.000 -5.54740e-17 
7368.000 -6.98628e-17 
7369.000 -4.97475e-17 
7370.000 -3.31647e-19 
7371.000 2.62559e-17 
7372.000 1.61846e-17 
7373.000 -1.75882e-17 
7374.000 -3.72521e-17 
7375.000 -3.34457e-17 
7376.000 -3.84678e-17 
7377.000 -4.60203e-17 
7378.000 -3.28146e-17 
7379.000 -1.81269e-17 
7380.000 -2.20119e-17 
7381.000 -3.55488e-17 
7382.000 -3.98474e-17 
7383.000 -2.44012e-17 
7384.000 -9.34989e-18 
7385.000 -1.23381e-17 
7386.000 -2.66325e-17 
7387.000 -4.46166e-17 
7388.000 -6.03767e-17 
7389.000 -6.01912e-17 
7390.000 -3.86535e-17 
7391.000 -2.38618e-17 
7392.000 -2.68585e-17 
7393.000 -2.60151e-17 
7394.000 -1.75929e-17 
7395.000 -1.08137e-17 
7396.000 -6.01981e-18 
7397.000 -1.24408e-21 
7398.000 1.10116e-17 
7399.000 2.16587e-17 
7400.000 2.09491e-17 
7401.000 4.16914e-18 
7402.000 -2.10553e-17 
7403.000 -2.43482e-17 
7404.000 -1.16045e-18 
7405.000 2.32795e-17 
7406.000 2.67242e-17 
7407.000 3.69897e-18 
7408.000 -1.72993e-17 
7409.000 -1.75956e-17 
7410.000 -2.59243e-18 
7411.000 1.89231e-17 
7412.000 3.70157e-17 
7413.000 3.86451e-17 
7414.000 2.27878e-17 
7415.000 9.67549e-18 
7416.000 1.04982e-18 
7417.000 -1.58175e-17 
7418.000 -1.73945e-17 
7419.000 1.21328e-17 
7420.000 2.41231e-17 
7421.000 -5.24591e-19 
7422.000 -2.98033e-17 
7423.000 -4.00196e-17 
7424.000 -2.44200e-17 
7425.000 -1.60448e-17 
7426.000 -2.98405e-17 
7427.000 -3.13816e-17 
7428.000 -1.49413e-17 
7429.000 -1.23591e-18 
7430.000 8.12110e-18 
7431.000 1.59795e-17 
7432.000 1.63511e-17 
7433.000 8.25550e-18 
7434.000 4.81221e-19 
7435.000 -5.05510e-18 
7436.000 -1.06932e-17 
7437.000 -2.14481e-18 
7438.000 2.29870e-17 
7439.000 4.16872e-17 
7440.000 4.33292e-17 
7441.000 3.09263e-17 
7442.000 1.62621e-17 
7443.000 6.00431e-18 
7444.000 -9.41070e-18 
7445.000 -2.91891e-17 
7446.000 -3.68472e-17 
7447.000 -2.69247e-17 
7448.000 -7.26472e-18 
7449.000 1.00630e-17 
7450.000 1.75263e-17 
7451.000 1.21684e-17 
7452.000 -3.44870e-18 
7453.000 -2.20129e-17 
7454.000 -3.12058e-17 
7455.000 -2.50718e-17 
7456.000 -1.95327e-17 
7457.000 -1.82029e-17 
7458.000 -7.58596e-18 
7459.000 5.42679e-18 
7460.000 7.51246e-18 
7461.000 6.22084e-18 
7462.000 7.19931e-18 
7463.000 4.70627e-18 
7464.000 4.47306e-19 
7465.000 1.30970e-18 
7466.000 3.38198e-18 
7467.000 1.97556e-18 
7468.000 1.39156e-18 
7469.000 3.10719e-18 
7470.000 2.78569e-18 
7471.000 -1.17951e-17 
7472.000 -4.66566e-17 
7473.000 -5.48271e-17 
7474.000 -1.11944e-17 
7475.000 2.84009e-17 
7476.000 3.45159e-17 
7477.000 2.30509e-17 
7478.000 2.81625e-18 
7479.000 -2.13816e-17 
7480.000 -2.72890e-17 
7481.000 -7.79394e-18 
7482.000 1.11890e-17 
7483.000 1.49649e-17 
7484.000 7.40881e-18 
7485.000 1.14391e-17 
7486.000 3.07230e-17 
7487.000 2.38203e-17 
7488.000 -5.28147e-18 
7489.000 -1.07962e-17 
7490.000 -8.31316e-18 
7491.000 -2.71754e-17 
7492.000 -3.63963e-17 
7493.000 -1.93698e-17 
7494.000 -2.20752e-18 
7495.000 4.57325e-18 
7496.000 2.66526e-18 
7497.000 -5.65019e-18 
7498.000 -1.34192e-17 
7499.000 -4.35175e-18 
7500.000 1.26806e-17 
7501.000 9.74928e-19 
7502.000 -2.14716e-17 
7503.000 -1.37385e-17 
7504.000 6.19436e-18 
7505.000 1.44761e-17 
7506.000 1.43006e-17 
7507.000 1.25438e-17 
7508.000 1.63063e-17 
7509.000 1.25405e-17 
7510.000 -1.27779e-17 
7511.000 -2.46925e-17 
7512.000 -1.53502e-17 
7513.000 -4.22092e-17 
7514.000 -8.42203e-17 
7515.000 -6.81700e-17 
7516.000 -2.11900e-17 
7517.000 7.02377e-18 
7518.000 3.29557e-18 
7519.000 -2.07752e-17 
7520.000 -2.78949e-17 
7521.000 -1.94476e-17 
7522.000 -1.79782e-17 
7523.000 -2.14391e-17 
7524.000 -2.19631e-17 
7525.000 -7.38743e-18 
7526.000 1.58982e-17 
7527.000 1.70202e-17 
7528.000 -6.19578e-18 
7529.000 -3.73910e-17 
7530.000 -4.79070e-17 
7531.000 -3.02225e-17 
7532.000 -2.61179e-17 
7533.000 -3.82140e-17 
7534.000 -3.23166e-17 
7535.000 -2.11088e-17 
7536.000 -2.75273e-17 
7537.000 -3.07913e-17 
7538.000 -2.02416e-17 
7539.000 -1.92178e-17 
7540.000 -2.62419e-17 
7541.000 -2.24824e-17 
7542.000 -1.49411e-17 
7543.000 -1.61052e-17 
7544.000 -2.38428e-17 
7545.000 -2.70661e-17 
7546.000 -1.00031e-17 
7547.000 1.30494e-17 
7548.000 1.40164e-17 
7549.000 1.61843e-18 
7550.000 -7.78456e-18 
7551.000 -8.85314e-18 
7552.000 -4.13076e-18 
7553.000 -3.60115e-18 
7554.000 -6.07424e-18 
7555.000 -3.90611e-18 
7556.000 -7.78410e-20 
7557.000 -2.10717e-18 
7558.000 -1.59022e-17 
7559.000 -3.81871e-17 
7560.000 -5.80440e-17 
7561.000 -6.18717e-17 
7562.000 -4.39930e-17 
7563.000 -3.83022e-17 
7564.000 -5.84864e-17 
7565.000 -7.19476e-17 
7566.000 -7.34929e-17 
7567.000 -6.98640e-17 
7568.000 -6.11203e-17 
7569.000 -5.41409e-17 
7570.000 -5.36890e-17 
7571.000 -6.00564e-17 
7572.000 -6.77371e-17 
7573.000 -7.19984e-17 
7574.000 -6.81069e-17 
7575.000 -4.84437e-17 
7576.000 -1.84624e-17 
7577.000 -2.77676e-17 
7578.000 -8.50397e-17 
