3810.0 1.864857e-17
3811.0 3.705032e-16
3812.0 7.936071e-16
3813.0 3.709798e-16
3814.0 4.443155e-16
3815.0 5.260505e-16
3816.0 -2.654325e-16
3817.0 -4.070438e-16
3818.0 -1.012172e-16
3819.0 -8.540785e-18
3820.0 1.041916e-17
3821.0 6.938558e-17
3822.0 1.809432e-16
3823.0 7.474313e-17
3824.0 -6.931329e-17
3825.0 1.981773e-16
3826.0 4.122523e-16
3827.0 3.418294e-16
3828.0 2.317764e-16
3829.0 9.223332e-17
3830.0 1.543282e-16
3831.0 5.468933e-17
3832.0 -3.043229e-16
3833.0 -3.767102e-16
3834.0 -1.288330e-16
3835.0 -4.533771e-17
3836.0 1.208613e-16
3837.0 2.243521e-16
3838.0 -2.228647e-16
3839.0 -1.744753e-16
3840.0 6.020362e-17
3841.0 -2.865479e-16
3842.0 -3.006000e-16
3843.0 -1.241831e-16
3844.0 -9.842046e-17
3845.0 1.171293e-17
3846.0 8.319064e-17
3847.0 3.490864e-17
3848.0 5.617142e-17
3849.0 3.228376e-17
3850.0 -1.457328e-16
3851.0 -2.466492e-16
3852.0 -2.502624e-16
3853.0 -1.452409e-16
3854.0 1.712985e-17
3855.0 -4.579506e-17
3856.0 -2.618767e-16
3857.0 -2.353435e-16
3858.0 -9.883339e-17
3859.0 -3.160417e-17
3860.0 -2.282070e-16
3861.0 -1.786994e-16
3862.0 -1.468770e-17
3863.0 -2.216852e-16
3864.0 -1.849851e-16
3865.0 -1.649862e-16
3866.0 -3.413104e-16
3867.0 -2.662909e-16
3868.0 -1.220569e-16
3869.0 -1.975722e-16
3870.0 -1.680681e-16
3871.0 -1.093114e-16
3872.0 -3.407521e-17
3873.0 9.587181e-18
3874.0 5.926813e-17
3875.0 2.283157e-16
3876.0 3.634995e-16
3877.0 2.665196e-16
3878.0 -5.255771e-18
3879.0 -8.671089e-17
3880.0 -1.056101e-16
3881.0 -1.351946e-16
3882.0 -1.396550e-16
3883.0 1.231329e-18
3884.0 -2.336564e-16
3885.0 -1.520460e-16
3886.0 -9.467869e-17
3887.0 -2.119048e-16
3888.0 -2.720590e-16
3889.0 -2.499186e-16
3890.0 -3.083037e-16
3891.0 -1.969312e-16
3892.0 -3.130676e-16
3893.0 -1.766647e-16
3894.0 -6.549014e-18
3895.0 -6.827328e-17
3896.0 -2.094157e-16
3897.0 -2.631458e-16
3898.0 -1.569816e-16
3899.0 -1.733574e-16
3900.0 -1.903033e-16
3901.0 -3.245038e-16
3902.0 -3.141933e-16
3903.0 -1.391561e-16
3904.0 -3.114833e-17
3905.0 4.132932e-17
3906.0 -1.369573e-17
3907.0 -5.962625e-17
3908.0 2.160504e-17
3909.0 -7.858021e-18
3910.0 -9.999465e-17
3911.0 -4.071004e-17
3912.0 8.107274e-17
3913.0 1.969090e-16
3914.0 1.587846e-16
3915.0 5.583474e-17
3916.0 1.657049e-16
3917.0 3.220189e-16
3918.0 3.805783e-16
3919.0 3.371962e-16
3920.0 1.480726e-16
3921.0 -8.079497e-17
3922.0 -1.555297e-16
3923.0 -9.231403e-17
3924.0 -8.105248e-17
3925.0 -6.798781e-17
3926.0 -1.126424e-16
3927.0 -1.996364e-16
3928.0 -2.361217e-16
3929.0 -1.942579e-16
3930.0 -2.673540e-16
3931.0 -4.342811e-16
3932.0 -1.954343e-16
3933.0 -1.028730e-16
3934.0 -3.147492e-16
3935.0 -1.101604e-16
3936.0 -5.353952e-17
3937.0 -1.190145e-16
3938.0 -3.773898e-17
3939.0 -2.794827e-17
3940.0 -8.195573e-17
3941.0 -1.900530e-16
3942.0 -4.099620e-16
3943.0 -4.838449e-16
3944.0 -1.333330e-16
3945.0 -9.293301e-17
3946.0 -2.617221e-16
3947.0 -2.037786e-16
3948.0 -1.272830e-16
3949.0 -1.645667e-16
3950.0 -2.656362e-16
3951.0 -1.846544e-16
3952.0 -7.196957e-17
3953.0 3.026496e-17
3954.0 -1.269529e-16
3955.0 -1.966624e-16
3956.0 -1.454253e-16
3957.0 -9.321526e-17
3958.0 -1.216118e-16
3959.0 -2.314968e-16
3960.0 -1.511101e-16
3961.0 7.443592e-17
3962.0 1.521291e-16
3963.0 1.304472e-16
3964.0 1.355739e-16
3965.0 1.222149e-16
3966.0 7.335875e-17
3967.0 -2.828644e-18
3968.0 8.684548e-18
3969.0 6.848510e-17
3970.0 2.422650e-17
3971.0 -9.937232e-18
3972.0 5.498091e-17
3973.0 -1.227201e-17
3974.0 -1.971133e-17
3975.0 1.139727e-16
3976.0 -2.568916e-17
3977.0 -2.033509e-16
3978.0 -1.618261e-16
3979.0 -6.843274e-17
3980.0 -1.556219e-16
3981.0 -3.292888e-16
3982.0 -1.823583e-16
3983.0 -9.736222e-17
3984.0 -2.494950e-16
3985.0 -2.564741e-16
3986.0 -7.459809e-17
3987.0 -6.218824e-17
3988.0 -1.502660e-16
3989.0 -2.179514e-16
3990.0 -2.851801e-16
3991.0 -3.942230e-16
3992.0 -4.383502e-16
3993.0 -3.742685e-16
3994.0 -2.889835e-16
3995.0 -1.813940e-16
3996.0 -1.321673e-16
3997.0 -2.657502e-16
3998.0 -2.929888e-16
3999.0 -1.409870e-16
4000.0 -2.299180e-17
4001.0 -1.350567e-16
4002.0 -1.854668e-16
4003.0 -1.189387e-16
4004.0 -1.131351e-16
4005.0 -3.091241e-16
4006.0 -3.877558e-16
4007.0 -3.385608e-16
4008.0 -2.441016e-16
4009.0 -1.987007e-16
4010.0 -1.090243e-16
4011.0 -8.159053e-17
4012.0 -3.545773e-17
4013.0 1.299139e-16
4014.0 2.615220e-16
4015.0 2.298444e-16
4016.0 2.168349e-16
4017.0 6.197129e-17
4018.0 -1.138681e-16
4019.0 -1.427938e-16
4020.0 -1.036989e-16
4021.0 -8.638550e-17
4022.0 -1.768032e-16
4023.0 -2.613668e-16
4024.0 -2.073074e-16
4025.0 -1.070814e-17
4026.0 -2.489741e-17
4027.0 -1.793651e-16
4028.0 -3.065527e-16
4029.0 -2.186870e-16
4030.0 -9.910393e-17
4031.0 -2.021744e-16
4032.0 -3.091679e-16
4033.0 -1.767020e-16
4034.0 -9.111988e-17
4035.0 -2.316699e-16
4036.0 -2.846462e-16
4037.0 -1.765318e-16
4038.0 -1.389744e-16
4039.0 -1.383633e-16
4040.0 -2.339699e-16
4041.0 -1.225988e-16
4042.0 -1.136094e-16
4043.0 -1.056986e-16
4044.0 -1.031638e-16
4045.0 -1.421883e-16
4046.0 2.975252e-18
4047.0 1.989427e-16
4048.0 1.214150e-16
4049.0 9.177424e-17
4050.0 3.279633e-16
4051.0 3.857406e-16
4052.0 2.685001e-16
4053.0 2.533370e-16
4054.0 2.312443e-16
4055.0 8.053888e-17
4056.0 -6.971002e-17
4057.0 -6.636439e-17
4058.0 -8.102713e-17
4059.0 -6.013466e-17
4060.0 -8.419405e-17
4061.0 -2.331637e-16
4062.0 -3.794095e-16
4063.0 -2.359474e-16
4064.0 -1.780498e-16
4065.0 -2.270026e-16
4066.0 -5.869342e-17
4067.0 -1.924737e-16
4068.0 -4.069336e-16
4069.0 -3.573032e-16
4070.0 -9.157803e-17
4071.0 2.788162e-17
4072.0 -6.447854e-17
4073.0 -1.798953e-16
4074.0 -2.243542e-16
4075.0 -2.713741e-16
4076.0 -1.804757e-16
4077.0 -1.046921e-16
4078.0 -2.022454e-16
4079.0 -1.904823e-16
4080.0 -4.732639e-17
4081.0 1.404533e-17
4082.0 -3.021469e-16
4083.0 -4.208825e-16
4084.0 -2.545860e-16
4085.0 -2.202856e-16
4086.0 -2.121621e-16
4087.0 -1.922150e-16
4088.0 -2.473589e-17
4089.0 3.264618e-17
4090.0 -2.579013e-16
4091.0 -3.729943e-16
4092.0 -2.201734e-16
4093.0 -3.029494e-17
4094.0 -9.438355e-17
4095.0 -1.526644e-16
4096.0 -1.751992e-16
4097.0 -1.319180e-16
4098.0 -1.640905e-16
4099.0 -2.348981e-16
4100.0 -2.793683e-16
4101.0 -2.861361e-16
4102.0 -3.063844e-16
4103.0 -1.816761e-16
4104.0 -2.032712e-16
4105.0 -2.662530e-16
4106.0 -2.413128e-16
4107.0 -2.689168e-16
4108.0 -2.533813e-16
4109.0 -2.563717e-16
4110.0 -3.265354e-16
4111.0 -3.755097e-16
4112.0 -3.183637e-16
4113.0 -1.480412e-16
4114.0 -1.196923e-16
4115.0 -1.828607e-16
4116.0 -4.300410e-17
4117.0 -4.042301e-17
4118.0 -2.228101e-16
4119.0 -2.784307e-16
4120.0 -2.206666e-16
4121.0 -1.784819e-16
4122.0 -2.406151e-16
4123.0 -2.408561e-16
4124.0 -1.370429e-16
4125.0 -2.972347e-17
4126.0 -1.840235e-16
4127.0 -3.595537e-16
4128.0 -9.912747e-17
4129.0 3.954341e-17
4130.0 -4.452959e-17
4131.0 -1.496454e-16
4132.0 -2.767528e-16
4133.0 -2.653075e-16
4134.0 -1.336648e-16
4135.0 -3.135000e-17
4136.0 -1.413811e-17
4137.0 -2.767012e-16
4138.0 -3.205177e-16
4139.0 -1.649892e-16
4140.0 -8.264035e-17
4141.0 -1.059507e-16
4142.0 -1.716332e-16
4143.0 -2.467219e-16
4144.0 -2.268669e-16
4145.0 -5.822858e-17
4146.0 4.483218e-17
4147.0 1.280981e-17
4148.0 1.111945e-16
4149.0 1.918571e-16
4150.0 8.029120e-17
4151.0 -3.020852e-17
4152.0 -1.138006e-16
4153.0 -1.783838e-16
4154.0 -1.691164e-16
4155.0 -1.277687e-16
4156.0 -1.251959e-16
4157.0 -1.354086e-16
4158.0 -1.301021e-16
4159.0 -1.237759e-16
4160.0 -8.356886e-18
4161.0 1.371254e-16
4162.0 2.473321e-16
4163.0 1.412156e-16
4164.0 -1.475657e-17
4165.0 -9.085364e-17
4166.0 -1.655998e-16
4167.0 -9.222581e-17
4168.0 7.159548e-17
4169.0 7.781584e-17
4170.0 -5.140357e-17
4171.0 -1.034805e-16
4172.0 1.058712e-17
4173.0 1.234083e-16
4174.0 1.012922e-16
4175.0 -4.214849e-17
4176.0 7.461478e-17
4177.0 1.162872e-16
4178.0 3.440163e-17
4179.0 1.430746e-16
4180.0 2.074519e-16
4181.0 1.706216e-16
4182.0 2.080058e-16
4183.0 2.468507e-16
4184.0 3.079617e-16
4185.0 3.549576e-16
4186.0 3.999007e-16
4187.0 4.657015e-16
4188.0 3.563343e-16
4189.0 3.010507e-16
4190.0 2.904595e-16
4191.0 1.306309e-16
4192.0 4.855867e-17
4193.0 1.639248e-16
4194.0 2.251118e-16
4195.0 1.186113e-16
4196.0 6.013636e-17
4197.0 1.536615e-16
4198.0 1.361021e-16
4199.0 -8.325849e-17
4200.0 -1.287982e-16
4201.0 -1.635587e-16
4202.0 -1.460656e-16
4203.0 -1.162153e-16
4204.0 2.097007e-17
4205.0 1.913781e-16
4206.0 1.367724e-16
4207.0 -9.460352e-17
4208.0 -2.168412e-16
4209.0 -9.763065e-18
4210.0 -1.789507e-17
4211.0 -9.816057e-17
4212.0 -1.189317e-16
4213.0 4.601299e-17
4214.0 -8.019864e-19
4215.0 -1.287377e-16
4216.0 -8.491052e-17
4217.0 -2.299108e-17
4218.0 4.853085e-17
4219.0 9.080703e-17
4220.0 3.925175e-17
4221.0 -5.048306e-17
4222.0 -1.014823e-17
4223.0 -3.378810e-17
4224.0 -9.998149e-17
4225.0 -1.172613e-16
4226.0 -8.156254e-17
4227.0 -7.799001e-18
4228.0 -7.019873e-17
4229.0 -9.411557e-18
4230.0 1.128664e-16
4231.0 1.131914e-16
4232.0 -4.492412e-17
4233.0 -1.821556e-16
4234.0 -1.504827e-16
4235.0 -2.126978e-17
4236.0 -5.691304e-17
4237.0 -2.167238e-16
4238.0 -8.870612e-17
4239.0 8.255431e-17
4240.0 8.729996e-17
4241.0 6.440949e-17
4242.0 2.078321e-17
4243.0 -7.745121e-17
4244.0 -1.569765e-16
4245.0 -1.234655e-16
4246.0 -1.220190e-16
4247.0 -1.178706e-17
4248.0 -9.697850e-17
4249.0 -1.828506e-16
4250.0 8.038714e-17
4251.0 -6.660243e-17
4252.0 -1.566661e-16
4253.0 -9.438129e-17
4254.0 -3.388848e-17
4255.0 -6.199117e-17
4256.0 -1.886854e-16
4257.0 -2.214418e-16
4258.0 -1.319148e-20
4259.0 2.002272e-16
4260.0 1.504027e-16
4261.0 2.175368e-18
4262.0 -1.392722e-16
4263.0 -2.258113e-16
4264.0 -2.309618e-16
4265.0 -1.108046e-16
4266.0 -2.711190e-17
4267.0 -2.553326e-17
4268.0 -4.350295e-17
4269.0 -2.802436e-18
4270.0 -9.046302e-17
4271.0 -1.472012e-16
4272.0 -2.215291e-16
4273.0 -1.438278e-16
4274.0 -5.626040e-17
4275.0 -1.543023e-16
4276.0 -2.824485e-16
4277.0 -2.649870e-16
4278.0 -8.048211e-17
4279.0 -1.780001e-16
4280.0 -3.205336e-16
4281.0 -2.355180e-16
4282.0 -1.339694e-16
4283.0 -6.544944e-17
4284.0 -1.484700e-16
4285.0 -5.647537e-17
4286.0 -1.605254e-18
4287.0 -6.075210e-17
4288.0 3.646719e-17
4289.0 -3.349710e-17
4290.0 -3.701672e-17
4291.0 3.454040e-17
4292.0 -5.410434e-17
4293.0 -2.068400e-16
4294.0 -3.320646e-16
4295.0 -2.991485e-16
4296.0 -1.843034e-16
4297.0 -1.017318e-16
4298.0 -9.668339e-17
4299.0 -2.324572e-16
4300.0 -2.842715e-16
4301.0 -2.580418e-16
4302.0 -2.963706e-16
4303.0 -2.022876e-16
4304.0 -1.165155e-16
4305.0 -1.653430e-16
4306.0 -1.792077e-16
4307.0 -2.494421e-16
4308.0 -2.448767e-16
4309.0 -2.379992e-16
4310.0 -1.898626e-16
4311.0 -2.301207e-16
4312.0 -8.467928e-17
4313.0 9.282221e-17
4314.0 1.213752e-16
4315.0 8.587597e-17
4316.0 -3.288625e-17
4317.0 -2.500209e-16
4318.0 -3.386727e-16
4319.0 -2.477676e-16
4320.0 -2.049249e-16
4321.0 -2.925121e-16
4322.0 -2.542514e-16
4323.0 -1.429893e-16
4324.0 -3.991440e-17
4325.0 -3.694321e-18
4326.0 -6.288931e-17
4327.0 -2.463856e-16
4328.0 -3.179025e-16
4329.0 -1.900170e-16
4330.0 -1.340374e-16
4331.0 -1.966425e-16
4332.0 -2.259459e-16
4333.0 -1.777072e-16
4334.0 -2.706113e-16
4335.0 -1.635449e-16
4336.0 -1.323211e-16
4337.0 -1.097368e-16
4338.0 -1.060349e-16
4339.0 -1.330810e-16
4340.0 -1.505069e-16
4341.0 -1.531095e-16
4342.0 -1.695789e-16
4343.0 -1.644123e-16
4344.0 -1.505339e-16
4345.0 -1.244391e-16
4346.0 -1.721407e-16
4347.0 -2.211958e-16
4348.0 -1.789162e-16
4349.0 -1.559158e-16
4350.0 -1.863554e-16
4351.0 -1.296155e-16
4352.0 -1.266452e-16
4353.0 -2.271073e-16
4354.0 -1.476820e-16
4355.0 -1.385564e-16
4356.0 -2.664090e-16
4357.0 -3.328280e-16
4358.0 -7.185119e-17
4359.0 1.207642e-16
4360.0 9.938257e-17
4361.0 -6.248998e-17
4362.0 -2.102720e-16
4363.0 -1.023154e-16
4364.0 -6.148022e-17
4365.0 -2.669027e-16
4366.0 -3.378030e-16
4367.0 -1.546871e-16
4368.0 -4.036476e-17
4369.0 -1.476768e-16
4370.0 -1.979703e-16
4371.0 -1.461440e-16
4372.0 -8.935858e-17
4373.0 -1.336697e-16
4374.0 -1.739894e-16
4375.0 -1.192672e-16
4376.0 -1.380224e-16
4377.0 -1.195418e-16
4378.0 -1.044047e-17
4379.0 -5.229719e-17
4380.0 -2.132743e-16
4381.0 -3.101302e-16
4382.0 -2.342586e-16
4383.0 -1.667264e-16
4384.0 -7.442825e-17
4385.0 -1.764977e-16
4386.0 -1.609344e-16
4387.0 -2.546403e-17
4388.0 4.531465e-17
4389.0 4.022331e-17
4390.0 -1.838323e-17
4391.0 -8.308338e-17
4392.0 -1.259705e-16
4393.0 -1.526698e-16
4394.0 -1.253200e-16
4395.0 -1.434963e-16
4396.0 -7.129513e-17
4397.0 -1.131274e-16
4398.0 -1.559988e-16
4399.0 -9.535288e-17
4400.0 -2.186000e-17
4401.0 -7.266363e-17
4402.0 -1.179569e-16
4403.0 -5.320828e-17
4404.0 -1.745181e-16
4405.0 -2.135260e-16
4406.0 -1.868586e-16
4407.0 -2.874863e-16
4408.0 -3.170923e-16
4409.0 -1.775351e-16
4410.0 -1.582964e-16
4411.0 -1.517844e-16
4412.0 -5.521406e-17
4413.0 5.806885e-17
4414.0 1.030308e-16
4415.0 3.446234e-18
4416.0 4.969265e-18
4417.0 -2.770060e-17
4418.0 -9.674387e-17
4419.0 -2.414481e-17
4420.0 5.463843e-17
4421.0 1.493343e-16
4422.0 1.319663e-16
4423.0 -5.416250e-17
4424.0 -1.831055e-16
4425.0 -1.317251e-16
4426.0 -2.885303e-17
4427.0 1.583355e-16
4428.0 3.986870e-16
4429.0 3.407780e-16
4430.0 1.963336e-16
4431.0 1.912024e-16
4432.0 1.012346e-16
4433.0 -4.654851e-18
4434.0 2.092713e-16
4435.0 2.427659e-16
4436.0 8.361186e-17
4437.0 -3.999771e-17
4438.0 -3.160145e-17
4439.0 7.806187e-18
4440.0 1.205278e-17
4441.0 5.866021e-17
4442.0 6.765633e-17
4443.0 -2.818271e-18
4444.0 -5.042644e-17
4445.0 -1.123690e-16
4446.0 -1.736857e-16
4447.0 -1.134123e-16
4448.0 -1.093881e-16
4449.0 -1.595283e-16
4450.0 -1.208690e-16
4451.0 -1.205087e-16
4452.0 -1.312275e-16
4453.0 -1.351165e-16
4454.0 -1.118292e-16
4455.0 -6.528222e-17
4456.0 -2.801641e-18
4457.0 -4.982903e-17
4458.0 -1.538713e-16
4459.0 -1.218936e-16
4460.0 -1.901014e-16
4461.0 -1.998356e-16
4462.0 -7.633775e-17
4463.0 -7.304838e-17
4464.0 -8.033588e-17
4465.0 -3.608005e-17
4466.0 -2.051010e-17
4467.0 -1.371771e-16
4468.0 -2.244649e-16
4469.0 -1.113471e-16
4470.0 -1.791910e-16
4471.0 -3.328617e-16
4472.0 -1.727426e-16
4473.0 -1.932587e-17
4474.0 5.966793e-17
4475.0 4.399344e-17
4476.0 -1.280372e-16
4477.0 -2.018166e-16
4478.0 -1.308737e-16
4479.0 -5.744752e-17
4480.0 -9.110257e-17
4481.0 -1.350023e-16
4482.0 -8.974791e-17
4483.0 -1.144457e-16
4484.0 -1.923592e-16
4485.0 -4.739795e-17
4486.0 -6.795174e-18
4487.0 -1.812215e-16
4488.0 -2.754279e-16
4489.0 -2.213997e-16
4490.0 -1.621619e-16
4491.0 -1.723984e-16
4492.0 -1.913548e-16
4493.0 -1.402733e-16
4494.0 -1.310821e-16
4495.0 -1.106882e-16
4496.0 -6.133974e-17
4497.0 -8.281310e-17
4498.0 -1.043237e-16
4499.0 -2.978041e-17
4500.0 4.122609e-17
4501.0 -6.530758e-17
4502.0 -2.212076e-16
4503.0 -2.837781e-16
4504.0 -1.931360e-16
4505.0 -9.702031e-17
4506.0 -9.016950e-17
4507.0 -9.935255e-17
4508.0 -5.617311e-17
4509.0 -1.973947e-17
4510.0 -8.873917e-17
4511.0 -1.014803e-16
4512.0 2.265854e-20
4513.0 -2.326608e-17
4514.0 -1.499259e-16
4515.0 -8.962540e-17
4516.0 -7.978840e-17
4517.0 -1.146725e-16
4518.0 -1.641859e-16
4519.0 -1.863648e-16
4520.0 -1.556241e-16
4521.0 -7.082820e-17
4522.0 -8.608311e-17
4523.0 -2.059745e-16
4524.0 -2.001971e-16
4525.0 -5.208869e-17
4526.0 -3.991170e-17
4527.0 -6.894431e-17
4528.0 -6.670734e-17
4529.0 -1.709114e-16
4530.0 -1.409125e-16
4531.0 -7.713606e-17
4532.0 -1.802972e-16
4533.0 -1.862774e-16
4534.0 -5.245419e-17
4535.0 -1.044235e-17
4536.0 -7.991495e-17
4537.0 -1.282236e-16
4538.0 -1.834977e-16
4539.0 -2.007707e-16
4540.0 -1.378095e-16
4541.0 -6.620455e-17
4542.0 -4.577489e-17
4543.0 -9.298150e-17
4544.0 -1.663308e-16
4545.0 -8.532625e-17
4546.0 5.146508e-17
4547.0 -7.172469e-18
4548.0 -1.136537e-16
4549.0 -1.129198e-16
4550.0 -8.141883e-17
4551.0 -6.813010e-17
4552.0 -2.206254e-17
4553.0 -9.479403e-18
4554.0 1.028028e-17
4555.0 -1.211073e-17
4556.0 -8.983408e-17
4557.0 -7.690343e-17
4558.0 -4.135863e-17
4559.0 -8.798491e-17
4560.0 -5.467893e-17
4561.0 -6.982380e-17
4562.0 -1.575472e-16
4563.0 -1.631769e-16
4564.0 -6.459344e-17
4565.0 5.726731e-18
4566.0 1.389202e-17
4567.0 1.710338e-17
4568.0 -3.384914e-17
4569.0 -1.748580e-16
4570.0 -2.081587e-16
4571.0 -1.355103e-16
4572.0 -5.370558e-17
4573.0 9.615312e-17
4574.0 2.018903e-16
4575.0 1.515138e-16
4576.0 -1.552378e-17
4577.0 -1.358486e-16
4578.0 -1.378629e-16
4579.0 -9.982814e-17
4580.0 -1.222327e-17
4581.0 -1.224758e-16
4582.0 -5.519974e-17
4583.0 -2.661173e-17
4584.0 -7.767324e-17
4585.0 -8.631480e-17
4586.0 -8.424133e-17
4587.0 -6.112967e-17
4588.0 -6.452683e-17
4589.0 -6.370276e-17
4590.0 -3.882455e-17
4591.0 -1.022733e-16
4592.0 -8.323568e-17
4593.0 5.883955e-17
4594.0 3.371987e-17
4595.0 -7.379554e-17
4596.0 -4.629782e-17
4597.0 -8.049054e-17
4598.0 -1.650486e-16
4599.0 -1.157277e-16
4600.0 -3.853636e-17
4601.0 -1.336913e-17
4602.0 -2.337677e-17
4603.0 -5.487244e-17
4604.0 -8.981889e-17
4605.0 -6.325629e-17
4606.0 2.737512e-17
4607.0 2.248215e-17
4608.0 -1.371464e-17
4609.0 3.198195e-17
4610.0 -1.596661e-17
4611.0 -4.648867e-17
4612.0 3.607177e-17
4613.0 6.933948e-17
4614.0 -8.015187e-17
4615.0 -3.344567e-17
4616.0 5.296556e-17
4617.0 6.798946e-17
4618.0 3.053688e-17
4619.0 3.294262e-18
4620.0 4.542411e-18
4621.0 1.485814e-17
4622.0 3.097811e-17
4623.0 5.167857e-17
4624.0 3.098873e-17
4625.0 -2.537089e-17
4626.0 -5.287757e-17
4627.0 4.616837e-18
4628.0 1.288637e-16
4629.0 2.265857e-17
4630.0 -5.724955e-17
4631.0 -7.389559e-17
4632.0 -2.272828e-17
4633.0 -4.877522e-17
4634.0 -7.266199e-19
4635.0 3.675252e-17
4636.0 -8.674151e-18
4637.0 2.223865e-17
4638.0 3.890852e-17
4639.0 -8.799317e-17
4640.0 -1.581683e-16
4641.0 4.371096e-17
4642.0 1.128820e-16
4643.0 -4.204488e-17
4644.0 -2.516442e-17
4645.0 3.891852e-17
4646.0 1.602834e-17
4647.0 -3.514380e-17
4648.0 8.414398e-18
4649.0 1.154863e-16
4650.0 6.360414e-17
4651.0 3.050344e-17
4652.0 2.860791e-17
4653.0 1.349790e-17
4654.0 1.810485e-17
4655.0 -2.259797e-17
4656.0 -1.156123e-16
4657.0 -5.037400e-17
4658.0 9.770209e-17
4659.0 1.195719e-16
4660.0 8.848606e-17
4661.0 2.462605e-17
4662.0 -1.015297e-16
4663.0 4.096796e-19
4664.0 1.438201e-16
4665.0 9.728175e-17
4666.0 -5.298497e-17
4667.0 -7.501053e-17
4668.0 -1.804951e-17
4669.0 -9.802143e-17
4670.0 -1.032445e-16
4671.0 5.976020e-18
4672.0 2.142592e-17
4673.0 -4.057045e-17
4674.0 -1.746855e-18
4675.0 6.879401e-17
4676.0 4.641469e-17
4677.0 2.295442e-17
4678.0 8.557999e-17
4679.0 1.466371e-16
4680.0 1.124354e-16
4681.0 7.095194e-17
4682.0 8.639530e-17
4683.0 7.912203e-17
4684.0 2.310914e-18
4685.0 -1.293558e-17
4686.0 1.807647e-17
4687.0 -2.849074e-17
4688.0 4.491365e-17
4689.0 8.011871e-17
4690.0 -1.902189e-17
4691.0 3.650384e-18
4692.0 5.371916e-17
4693.0 6.915332e-17
4694.0 1.094296e-16
4695.0 7.944685e-17
4696.0 -1.633872e-17
4697.0 -3.717588e-17
4698.0 1.218113e-17
4699.0 7.097768e-17
4700.0 1.552233e-16
4701.0 1.778491e-16
4702.0 7.888530e-17
4703.0 -4.061741e-17
4704.0 -4.350865e-17
4705.0 8.709022e-17
4706.0 7.945565e-17
4707.0 6.152733e-17
4708.0 8.427686e-17
4709.0 6.235236e-17
4710.0 1.003295e-17
4711.0 2.427817e-17
4712.0 1.311142e-16
4713.0 2.453786e-16
4714.0 2.315807e-16
4715.0 1.172677e-16
4716.0 7.705753e-17
4717.0 6.772745e-17
4718.0 4.948076e-17
4719.0 3.724757e-17
4720.0 8.019176e-17
4721.0 1.926750e-16
4722.0 1.955875e-16
4723.0 5.765742e-17
4724.0 -3.871331e-17
4725.0 7.532823e-17
4726.0 1.513546e-16
4727.0 1.085410e-16
4728.0 1.511915e-16
4729.0 1.596339e-16
4730.0 1.600858e-16
4731.0 1.794497e-16
4732.0 2.403725e-16
4733.0 2.648577e-16
4734.0 1.636111e-16
4735.0 6.721721e-17
4736.0 1.205059e-16
4737.0 2.348165e-16
4738.0 2.182765e-16
4739.0 1.826304e-16
4740.0 1.688962e-16
4741.0 1.845439e-16
4742.0 3.080519e-16
4743.0 3.572801e-16
4744.0 2.456694e-16
4745.0 1.399435e-16
4746.0 1.737499e-16
4747.0 1.994376e-16
4748.0 9.854512e-17
4749.0 5.780879e-17
4750.0 2.210868e-16
4751.0 3.169442e-16
4752.0 2.427837e-16
4753.0 1.603023e-16
4754.0 1.165120e-16
4755.0 1.121273e-16
4756.0 1.609885e-16
4757.0 1.579958e-16
4758.0 1.223720e-16
4759.0 1.840750e-16
4760.0 2.058222e-16
4761.0 1.540518e-16
4762.0 1.899115e-16
4763.0 2.385131e-16
4764.0 2.186489e-16
4765.0 3.406341e-16
4766.0 3.525850e-16
4767.0 3.410275e-16
4768.0 2.706558e-16
4769.0 2.261153e-16
4770.0 3.429894e-16
4771.0 4.257643e-16
4772.0 2.978338e-16
4773.0 2.725992e-16
4774.0 4.138845e-16
4775.0 4.956567e-16
4776.0 4.949475e-16
4777.0 4.540389e-16
4778.0 4.318086e-16
4779.0 4.370793e-16
4780.0 4.493650e-16
4781.0 4.624011e-16
4782.0 4.489657e-16
4783.0 3.944155e-16
4784.0 3.899703e-16
4785.0 3.752872e-16
4786.0 3.486695e-16
4787.0 4.211404e-16
4788.0 3.712511e-16
4789.0 3.431439e-16
4790.0 3.505738e-16
4791.0 2.500455e-16
4792.0 1.962552e-16
4793.0 3.127819e-16
4794.0 3.124331e-16
4795.0 1.963326e-16
4796.0 2.232744e-16
4797.0 1.819781e-16
4798.0 2.261306e-16
4799.0 3.051237e-16
4800.0 3.091684e-16
4801.0 2.631874e-16
4802.0 2.321789e-16
4803.0 2.700642e-16
4804.0 2.812142e-16
4805.0 2.701860e-16
4806.0 2.652191e-16
4807.0 1.089799e-16
4808.0 4.471624e-17
4809.0 1.142783e-16
4810.0 1.368407e-16
4811.0 1.052024e-16
4812.0 6.008951e-17
4813.0 1.188210e-16
4814.0 1.891472e-16
4815.0 1.556550e-16
4816.0 1.644834e-16
4817.0 7.658886e-17
4818.0 -2.009844e-17
4819.0 9.980230e-17
4820.0 1.800482e-16
4821.0 8.000441e-17
4822.0 -5.649323e-17
4823.0 -7.658571e-17
4824.0 2.040607e-17
4825.0 1.008466e-16
4826.0 1.267497e-16
4827.0 1.309646e-16
4828.0 9.411592e-17
4829.0 1.053836e-16
4830.0 1.179142e-16
4831.0 -1.564523e-17
4832.0 -2.355711e-17
4833.0 8.931612e-17
4834.0 1.027435e-16
4835.0 1.072765e-16
4836.0 1.323080e-16
4837.0 1.371255e-16
4838.0 1.186906e-16
4839.0 4.022631e-17
4840.0 2.870544e-17
4841.0 5.233745e-17
4842.0 4.320435e-17
4843.0 6.738946e-17
4844.0 7.132742e-17
4845.0 -2.514287e-17
4846.0 8.394199e-18
4847.0 -2.493826e-17
4848.0 2.092220e-17
4849.0 9.377720e-17
4850.0 7.178956e-17
4851.0 7.021047e-17
4852.0 8.434829e-17
4853.0 2.236824e-17
4854.0 2.495966e-17
4855.0 8.512213e-17
4856.0 8.158111e-17
4857.0 3.178820e-17
4858.0 -1.680310e-18
4859.0 7.756020e-17
4860.0 1.417102e-16
4861.0 1.276695e-16
4862.0 1.056856e-16
4863.0 7.708944e-17
4864.0 -9.452173e-18
4865.0 -6.176240e-17
4866.0 3.211665e-17
4867.0 2.351927e-17
4868.0 4.868650e-17
4869.0 1.264252e-16
4870.0 1.468132e-16
4871.0 7.140297e-17
4872.0 -2.644877e-17
4873.0 -4.272623e-17
4874.0 2.362619e-17
4875.0 2.925870e-19
4876.0 -1.409781e-17
4877.0 -4.447989e-17
4878.0 -1.264078e-17
4879.0 -1.922246e-17
4880.0 -6.306775e-17
4881.0 -6.497313e-17
4882.0 -5.111404e-17
4883.0 -7.193602e-17
4884.0 -5.020520e-17
4885.0 1.118134e-17
4886.0 7.011808e-17
4887.0 8.288756e-17
4888.0 4.760390e-17
4889.0 3.112450e-18
4890.0 -2.014987e-17
4891.0 2.367237e-17
4892.0 5.845249e-17
4893.0 -3.795236e-17
4894.0 -1.018334e-16
4895.0 -4.767884e-17
4896.0 4.576011e-17
4897.0 1.538229e-16
4898.0 1.568912e-16
4899.0 6.961607e-17
4900.0 3.469573e-17
4901.0 -9.112119e-18
4902.0 -4.014195e-18
4903.0 -1.573621e-17
4904.0 5.309412e-17
4905.0 1.162933e-16
4906.0 1.251103e-16
4907.0 7.045027e-17
4908.0 3.210716e-17
4909.0 1.263186e-16
4910.0 1.156764e-16
4911.0 -1.114927e-17
4912.0 -1.827072e-17
4913.0 1.037530e-16
4914.0 1.873023e-16
4915.0 1.514924e-16
4916.0 -3.307130e-18
4917.0 -8.847759e-17
4918.0 6.091885e-17
4919.0 1.823852e-16
4920.0 8.946790e-17
4921.0 -7.931718e-18
4922.0 1.344562e-16
4923.0 1.549960e-16
4924.0 5.645304e-18
4925.0 4.272945e-17
4926.0 7.481777e-17
4927.0 4.127462e-17
4928.0 5.498213e-17
4929.0 1.084525e-16
4930.0 1.674224e-16
4931.0 1.874561e-16
4932.0 1.729277e-16
4933.0 1.474518e-16
4934.0 1.265814e-16
4935.0 1.288866e-16
4936.0 1.025887e-16
4937.0 9.246731e-17
4938.0 1.062429e-16
4939.0 7.662390e-17
4940.0 1.113650e-16
4941.0 1.707459e-16
4942.0 1.605584e-16
4943.0 1.342028e-16
4944.0 1.543307e-16
4945.0 2.039212e-16
4946.0 1.688356e-16
4947.0 8.837497e-17
4948.0 1.203275e-16
4949.0 1.736566e-16
4950.0 1.168061e-16
4951.0 1.795723e-16
4952.0 2.764931e-16
4953.0 1.630726e-16
4954.0 1.917145e-16
4955.0 2.849325e-16
4956.0 3.194723e-16
4957.0 3.130376e-16
4958.0 2.894101e-16
4959.0 3.063155e-16
4960.0 4.007860e-16
4961.0 4.711320e-16
4962.0 4.875950e-16
4963.0 4.441848e-16
4964.0 4.077792e-16
4965.0 3.775386e-16
4966.0 3.400808e-16
4967.0 2.991692e-16
4968.0 2.778314e-16
4969.0 2.853327e-16
4970.0 3.031309e-16
4971.0 3.579429e-16
4972.0 3.287931e-16
4973.0 2.341469e-16
4974.0 1.799925e-16
4975.0 1.626627e-16
4976.0 1.411483e-16
4977.0 1.312545e-16
4978.0 1.456444e-16
4979.0 1.544260e-16
4980.0 1.838281e-16
4981.0 2.256534e-16
4982.0 2.340224e-16
4983.0 1.931794e-16
4984.0 1.039232e-16
4985.0 9.419847e-17
4986.0 1.864301e-16
4987.0 2.192682e-16
4988.0 1.886019e-16
4989.0 1.004650e-16
4990.0 2.677743e-18
4991.0 8.302971e-17
4992.0 1.753877e-16
4993.0 7.947773e-17
4994.0 9.211327e-17
4995.0 1.344768e-16
4996.0 8.679659e-17
4997.0 5.101064e-17
4998.0 1.044529e-16
4999.0 1.374152e-16
5000.0 1.351427e-16
5001.0 1.575705e-16
5002.0 1.399192e-16
5003.0 6.823377e-17
5004.0 3.012431e-17
5005.0 6.726311e-17
5006.0 1.275598e-16
5007.0 2.139528e-17
5008.0 2.494087e-18
5009.0 7.425382e-17
5010.0 1.132497e-16
5011.0 1.593476e-16
5012.0 1.491001e-16
5013.0 6.401106e-17
5014.0 7.310825e-17
5015.0 1.646415e-16
5016.0 1.414638e-16
5017.0 1.466826e-17
5018.0 -3.956034e-17
5019.0 5.130741e-17
5020.0 1.322305e-16
5021.0 8.877667e-17
5022.0 6.812626e-17
5023.0 4.744080e-17
5024.0 5.131086e-17
5025.0 1.143395e-16
5026.0 1.318839e-16
5027.0 1.129889e-16
5028.0 1.254781e-16
5029.0 6.241221e-17
5030.0 3.840166e-17
5031.0 6.460830e-17
5032.0 3.288854e-17
5033.0 6.738861e-18
5034.0 5.164538e-17
5035.0 1.008726e-16
5036.0 5.166858e-17
5037.0 -7.811648e-17
5038.0 -6.700754e-17
5039.0 5.754516e-17
5040.0 1.637067e-16
5041.0 1.567235e-16
5042.0 1.131098e-16
5043.0 9.621074e-17
5044.0 1.575703e-17
5045.0 -2.947637e-18
5046.0 7.001968e-17
5047.0 1.063289e-16
5048.0 1.001773e-16
5049.0 8.190021e-17
5050.0 8.761249e-17
5051.0 9.265610e-17
5052.0 1.982509e-17
5053.0 3.601656e-18
5054.0 3.005576e-19
5055.0 1.132365e-17
5056.0 -1.522021e-17
5057.0 -3.266238e-20
5058.0 1.591860e-16
5059.0 2.141229e-16
5060.0 1.834802e-16
5061.0 5.965313e-17
5062.0 2.116467e-17
5063.0 9.093279e-17
5064.0 1.106225e-16
5065.0 1.006627e-16
5066.0 1.092162e-16
5067.0 8.221518e-17
5068.0 1.481456e-17
5069.0 1.554457e-17
5070.0 5.857033e-18
5071.0 -2.280093e-17
5072.0 1.102324e-16
5073.0 1.106908e-16
5074.0 6.157666e-17
5075.0 3.651056e-18
5076.0 6.077023e-18
5077.0 2.705342e-17
5078.0 -8.759555e-18
5079.0 5.189074e-17
5080.0 1.056413e-16
5081.0 2.878684e-17
5082.0 -4.284563e-17
5083.0 -2.906168e-17
5084.0 3.336090e-17
5085.0 7.285934e-17
5086.0 4.663244e-17
5087.0 5.302097e-17
5088.0 8.152175e-17
5089.0 7.103034e-17
5090.0 5.893349e-18
5091.0 -5.113292e-17
5092.0 -6.112247e-17
5093.0 2.191420e-17
5094.0 9.771615e-17
5095.0 8.543483e-17
5096.0 5.872359e-18
5097.0 -2.659696e-17
5098.0 -1.430184e-17
5099.0 5.133002e-18
5100.0 5.672283e-17
5101.0 8.910222e-17
5102.0 3.179711e-17
5103.0 -1.327910e-17
5104.0 5.276511e-17
5105.0 1.690123e-16
5106.0 2.011316e-16
5107.0 2.065546e-16
5108.0 2.075088e-16
5109.0 1.529080e-16
5110.0 1.074770e-16
5111.0 6.792136e-17
5112.0 3.612097e-18
5113.0 9.588301e-17
5114.0 2.232417e-16
5115.0 1.825641e-16
5116.0 5.997140e-17
5117.0 4.684042e-18
5118.0 6.157496e-17
5119.0 7.737472e-17
5120.0 5.340776e-17
5121.0 3.577107e-17
5122.0 1.012462e-16
5123.0 1.576877e-16
5124.0 1.129549e-16
5125.0 3.801859e-17
5126.0 8.333145e-17
5127.0 1.880849e-16
5128.0 1.207867e-16
5129.0 7.669458e-17
5130.0 8.661443e-17
5131.0 9.264127e-17
5132.0 8.287144e-17
5133.0 1.585147e-17
5134.0 5.786461e-17
5135.0 2.430509e-17
5136.0 -3.683329e-17
5137.0 -4.254568e-17
5138.0 1.038955e-17
5139.0 1.105806e-16
5140.0 6.110670e-17
5141.0 -3.401270e-17
5142.0 -3.012565e-18
5143.0 1.108145e-16
5144.0 1.408395e-16
5145.0 1.525934e-16
5146.0 1.916462e-16
5147.0 8.800949e-17
5148.0 3.211673e-17
5149.0 1.182261e-17
5150.0 -1.469948e-17
5151.0 5.981971e-17
5152.0 1.642020e-16
5153.0 1.007379e-16
5154.0 4.412322e-17
5155.0 5.174284e-17
5156.0 1.272531e-16
5157.0 1.241877e-16
5158.0 2.795809e-17
5159.0 1.517157e-17
5160.0 7.135037e-17
5161.0 1.007283e-16
5162.0 4.816266e-17
5163.0 -5.666803e-18
5164.0 -2.337223e-17
5165.0 6.600031e-18
5166.0 1.514512e-17
5167.0 -8.730088e-17
5168.0 -9.654257e-17
5169.0 2.535348e-17
5170.0 5.041219e-17
5171.0 -2.120244e-17
5172.0 -1.141406e-16
5173.0 -8.918109e-17
5174.0 6.180143e-17
5175.0 1.348321e-16
5176.0 7.904217e-17
5177.0 1.404960e-17
5178.0 5.543886e-17
5179.0 4.603873e-17
5180.0 2.200696e-17
5181.0 9.198740e-18
5182.0 1.688098e-17
5183.0 5.473110e-17
5184.0 2.608543e-17
5185.0 8.146910e-17
5186.0 1.071161e-16
5187.0 7.598841e-17
5188.0 1.113451e-16
5189.0 1.121030e-16
5190.0 3.959987e-17
5191.0 -3.819232e-17
5192.0 -1.674221e-17
5193.0 6.965898e-17
5194.0 9.046264e-17
5195.0 6.164459e-17
5196.0 -8.930377e-18
5197.0 -1.570874e-17
5198.0 1.415155e-17
5199.0 -1.947334e-17
5200.0 -2.519841e-17
5201.0 1.361889e-17
5202.0 3.771059e-17
5203.0 5.719458e-17
5204.0 2.868621e-17
5205.0 -5.987100e-18
5206.0 1.824978e-17
5207.0 2.014191e-17
5208.0 -2.755458e-18
5209.0 7.087951e-18
5210.0 7.068601e-17
5211.0 1.128750e-16
5212.0 8.443147e-17
5213.0 8.617384e-17
5214.0 8.810746e-17
5215.0 1.988513e-17
5216.0 7.923045e-19
5217.0 -2.465523e-17
5218.0 -6.598810e-17
5219.0 -4.061919e-18
5220.0 2.284722e-17
5221.0 2.340367e-17
5222.0 4.805787e-17
5223.0 5.711375e-17
5224.0 4.313318e-17
5225.0 6.960076e-18
5226.0 -3.191230e-17
5227.0 -5.080040e-17
5228.0 1.011059e-17
5229.0 5.728578e-17
5230.0 8.980674e-18
5231.0 -6.687362e-17
5232.0 1.215311e-17
5233.0 1.424929e-16
5234.0 6.652376e-17
5235.0 -7.830722e-18
5236.0 1.334882e-17
5237.0 3.720124e-17
5238.0 5.453699e-17
5239.0 1.001726e-17
5240.0 -6.229811e-17
5241.0 -2.502061e-17
5242.0 4.556460e-17
5243.0 1.895294e-17
5244.0 1.610106e-17
5245.0 3.531227e-17
5246.0 1.262475e-17
5247.0 -5.503285e-17
5248.0 -7.541997e-17
5249.0 5.551666e-19
5250.0 2.912107e-17
5251.0 1.190967e-17
5252.0 2.045469e-18
5253.0 3.908064e-17
5254.0 1.751041e-17
5255.0 -7.106041e-17
5256.0 -2.312573e-17
5257.0 5.781662e-17
5258.0 4.599453e-17
5259.0 -1.664047e-17
5260.0 -2.857655e-17
5261.0 -6.394820e-18
5262.0 -5.650568e-18
5263.0 -3.888032e-17
5264.0 -4.068809e-17
5265.0 5.888359e-18
5266.0 -5.522899e-18
5267.0 -7.230359e-17
5268.0 -9.318015e-17
5269.0 -1.023115e-16
5270.0 -9.022441e-17
5271.0 -4.513427e-17
5272.0 1.003028e-17
5273.0 7.706175e-17
5274.0 8.635343e-17
5275.0 6.539267e-17
5276.0 3.588549e-17
5277.0 3.876399e-17
5278.0 9.736492e-17
5279.0 2.304911e-16
5280.0 2.297494e-16
5281.0 5.563035e-17
5282.0 -4.605321e-17
5283.0 -2.047384e-17
5284.0 1.034607e-17
5285.0 -1.759271e-18
5286.0 -6.278966e-17
5287.0 -7.480664e-17
5288.0 -3.486571e-17
5289.0 -9.222732e-18
5290.0 3.254554e-17
5291.0 9.103853e-17
5292.0 1.048615e-16
5293.0 3.398549e-17
5294.0 -2.058362e-17
5295.0 -3.350614e-17
5296.0 -5.543795e-17
5297.0 2.032431e-17
5298.0 7.536114e-17
5299.0 1.242705e-17
5300.0 3.554436e-17
5301.0 9.581610e-17
5302.0 4.083487e-17
5303.0 6.821735e-18
5304.0 3.780395e-17
5305.0 5.763760e-17
5306.0 2.848708e-17
5307.0 -1.835284e-17
5308.0 -8.129239e-17
5309.0 -7.711508e-17
5310.0 -1.752348e-17
5311.0 -1.741015e-17
5312.0 -3.513866e-18
5313.0 -6.345089e-18
5314.0 -1.010131e-17
5315.0 -3.170630e-17
5316.0 -9.918802e-18
5317.0 1.955335e-17
5318.0 4.875758e-18
5319.0 -5.620489e-18
5320.0 -3.912689e-17
5321.0 -8.116595e-17
5322.0 9.312946e-18
5323.0 1.002763e-16
5324.0 1.081362e-16
5325.0 3.062078e-17
5326.0 -3.807045e-17
5327.0 -1.096137e-17
5328.0 -2.973134e-17
5329.0 1.857921e-17
5330.0 -6.902915e-19
5331.0 -2.341977e-17
5332.0 2.812499e-17
5333.0 2.518590e-17
5334.0 -3.805716e-17
5335.0 -2.386314e-17
5336.0 4.978299e-17
5337.0 5.979385e-17
5338.0 -7.255410e-18
5339.0 -9.743644e-17
5340.0 -1.050916e-16
5341.0 -5.428221e-19
5342.0 7.151391e-17
5343.0 3.097268e-18
5344.0 -2.357018e-17
5345.0 -2.254962e-17
5346.0 -5.925480e-18
5347.0 4.191741e-17
5348.0 -1.361275e-19
5349.0 -1.218115e-16
5350.0 -3.076028e-17
5351.0 6.260172e-17
5352.0 -1.527785e-17
5353.0 -6.270622e-17
5354.0 -7.289899e-17
5355.0 2.539128e-18
5356.0 9.609355e-17
5357.0 1.289176e-16
5358.0 8.791290e-17
5359.0 3.197254e-17
5360.0 -8.299049e-18
5361.0 -5.565126e-17
5362.0 -2.379260e-17
5363.0 -6.379439e-18
5364.0 -2.724530e-17
5365.0 4.630200e-17
5366.0 1.424990e-17
5367.0 -1.055421e-16
5368.0 -7.643285e-17
5369.0 -3.233711e-17
5370.0 -4.792741e-17
5371.0 3.085207e-17
5372.0 7.032525e-17
5373.0 4.583880e-17
5374.0 1.005758e-17
5375.0 -4.808258e-17
5376.0 -5.649199e-17
5377.0 9.438101e-18
5378.0 -1.717485e-18
5379.0 -1.654013e-17
5380.0 -8.805605e-18
5381.0 -6.185828e-17
5382.0 -3.471868e-17
5383.0 7.293837e-17
5384.0 1.519791e-16
5385.0 1.496667e-16
5386.0 3.352294e-17
5387.0 -7.826657e-18
5388.0 1.898176e-17
5389.0 6.411170e-17
5390.0 1.097306e-16
5391.0 1.071972e-16
5392.0 1.116792e-16
5393.0 1.395472e-16
5394.0 5.367282e-17
5395.0 -4.344944e-17
5396.0 -6.264052e-19
5397.0 6.247228e-17
5398.0 3.107890e-17
5399.0 -7.275686e-17
5400.0 -3.727601e-17
5401.0 6.692274e-17
5402.0 -4.318675e-17
5403.0 -1.268901e-16
5404.0 -5.184117e-17
5405.0 2.829317e-17
5406.0 -5.109342e-17
5407.0 -2.086627e-17
5408.0 4.750556e-17
5409.0 5.311919e-17
5410.0 4.267633e-17
5411.0 6.339887e-17
5412.0 5.095591e-17
5413.0 5.204941e-17
5414.0 2.957811e-17
5415.0 3.649904e-18
5416.0 8.118711e-18
5417.0 -4.052268e-17
5418.0 -1.672565e-17
5419.0 5.305442e-17
5420.0 3.893151e-17
5421.0 -6.804371e-17
5422.0 -7.242873e-17
5423.0 5.505458e-17
5424.0 9.537897e-17
5425.0 8.136016e-17
5426.0 9.933873e-17
5427.0 4.966782e-17
5428.0 -1.278530e-18
5429.0 -1.345056e-17
5430.0 1.207227e-17
5431.0 6.636685e-17
5432.0 1.141347e-16
5433.0 7.880558e-17
5434.0 -1.261571e-17
5435.0 -1.182692e-17
5436.0 7.625556e-17
5437.0 3.818047e-17
5438.0 1.747698e-17
5439.0 3.966878e-17
5440.0 2.461418e-17
5441.0 2.166726e-17
5442.0 2.910732e-17
5443.0 1.757130e-17
5444.0 5.047593e-18
5445.0 3.332263e-17
5446.0 7.567918e-17
5447.0 2.114532e-17
5448.0 -7.747095e-18
5449.0 7.962574e-17
5450.0 8.973024e-17
5451.0 5.258947e-17
5452.0 4.096623e-17
5453.0 5.957928e-18
5454.0 -2.727672e-17
5455.0 -4.356985e-17
5456.0 -3.901001e-17
5457.0 -4.228038e-17
5458.0 -2.529267e-17
5459.0 1.274255e-16
5460.0 1.009892e-16
5461.0 -1.205574e-16
5462.0 -6.277435e-17
5463.0 5.754030e-17
5464.0 4.884625e-17
5465.0 5.096730e-17
5466.0 8.635047e-17
5467.0 6.538635e-18
5468.0 5.612323e-18
5469.0 4.852678e-17
5470.0 4.541187e-17
5471.0 4.193127e-17
5472.0 4.190151e-17
5473.0 1.359586e-17
5474.0 -1.241126e-17
5475.0 4.601034e-19
5476.0 4.594206e-18
5477.0 -9.659901e-18
5478.0 -1.212212e-17
5479.0 2.515911e-17
5480.0 9.896412e-17
5481.0 1.039088e-16
5482.0 8.277880e-17
5483.0 1.120902e-16
5484.0 8.835690e-17
5485.0 9.190821e-18
5486.0 1.112081e-17
5487.0 -2.503092e-18
5488.0 -4.061646e-17
5489.0 -4.693669e-17
5490.0 1.226575e-17
5491.0 1.115781e-16
5492.0 1.178423e-16
5493.0 7.056972e-17
5494.0 7.972864e-17
5495.0 7.151324e-17
5496.0 9.666408e-17
5497.0 2.500409e-17
5498.0 -2.321736e-17
5499.0 7.022239e-17
5500.0 5.876952e-17
5501.0 7.644932e-18
5502.0 1.156739e-17
5503.0 5.323517e-17
5504.0 5.638527e-17
5505.0 9.730887e-17
5506.0 8.694934e-17
5507.0 1.950328e-17
5508.0 -1.779124e-17
5509.0 2.760466e-17
5510.0 4.729532e-17
5511.0 4.634950e-17
5512.0 4.250288e-17
5513.0 2.582988e-17
5514.0 4.500184e-17
5515.0 7.056802e-17
5516.0 9.389545e-17
5517.0 1.138353e-16
5518.0 1.342213e-16
5519.0 1.380826e-16
5520.0 1.646344e-16
5521.0 1.333133e-16
5522.0 8.837730e-17
5523.0 1.008431e-16
5524.0 7.592760e-17
5525.0 1.915129e-17
5526.0 -3.091014e-19
5527.0 4.158319e-17
5528.0 1.004007e-16
5529.0 1.154621e-16
5530.0 8.276846e-17
5531.0 8.697134e-17
5532.0 1.222313e-16
5533.0 1.236606e-16
5534.0 6.221425e-17
5535.0 3.491160e-17
5536.0 7.972999e-17
5537.0 1.126620e-16
5538.0 7.090196e-17
5539.0 2.495040e-17
5540.0 4.074246e-17
5541.0 1.042428e-16
5542.0 1.433338e-16
5543.0 1.281414e-16
5544.0 1.145762e-16
5545.0 1.221015e-16
5546.0 1.210817e-16
5547.0 9.004441e-17
5548.0 7.104838e-17
5549.0 1.207320e-16
5550.0 1.112136e-16
5551.0 7.812590e-18
5552.0 -4.275492e-17
5553.0 -6.826184e-18
5554.0 1.379466e-17
5555.0 -3.001811e-17
5556.0 8.768968e-18
5557.0 4.335238e-17
5558.0 3.633530e-17
5559.0 8.989585e-17
5560.0 4.544255e-17
5561.0 4.564905e-17
5562.0 2.697087e-17
5563.0 1.666062e-17
5564.0 5.078527e-17
5565.0 -3.645443e-18
5566.0 -3.050362e-17
5567.0 9.464567e-18
5568.0 1.016511e-16
5569.0 1.150247e-16
5570.0 2.497944e-17
5571.0 9.657545e-18
5572.0 6.449972e-17
5573.0 4.844364e-17
5574.0 -7.690995e-17
5575.0 -2.843396e-17
5576.0 7.656405e-17
5577.0 1.202952e-16
5578.0 2.019991e-16
5579.0 1.889227e-16
5580.0 6.961389e-17
5581.0 8.085093e-17
5582.0 1.021322e-16
5583.0 3.527240e-17
5584.0 5.131976e-17
5585.0 1.199633e-17
5586.0 -5.892622e-17
5587.0 3.652694e-17
5588.0 1.162309e-16
5589.0 1.278244e-16
5590.0 1.170698e-16
5591.0 1.362578e-16
5592.0 1.537661e-16
5593.0 9.871140e-17
5594.0 5.604547e-17
5595.0 7.886574e-17
5596.0 1.136109e-16
5597.0 3.049553e-17
5598.0 -1.079256e-17
5599.0 1.140003e-16
5600.0 1.873933e-16
5601.0 9.940908e-17
5602.0 7.675637e-17
5603.0 1.310820e-16
5604.0 1.516271e-16
5605.0 9.472203e-17
5606.0 3.245387e-17
5607.0 3.951479e-17
5608.0 6.330494e-17
5609.0 6.243413e-17
5610.0 1.055886e-16
5611.0 1.438827e-16
5612.0 1.211730e-16
5613.0 1.059334e-16
5614.0 9.450489e-17
5615.0 4.138805e-17
5616.0 7.670435e-17
5617.0 1.430316e-16
5618.0 7.394155e-17
5619.0 5.520996e-17
5620.0 9.225942e-17
5621.0 4.303408e-17
5622.0 5.572687e-18
5623.0 1.979788e-17
5624.0 1.237517e-16
5625.0 1.681137e-16
5626.0 1.442671e-16
5627.0 1.484813e-16
5628.0 1.513774e-16
5629.0 1.126713e-16
5630.0 2.448306e-17
5631.0 9.923627e-18
5632.0 6.351072e-18
5633.0 -1.003571e-18
5634.0 3.114943e-17
5635.0 6.815450e-17
5636.0 8.290288e-17
5637.0 9.724372e-17
5638.0 8.346053e-17
5639.0 9.190870e-17
5640.0 1.750065e-16
5641.0 1.391367e-16
5642.0 8.472431e-17
5643.0 1.884608e-16
5644.0 1.656084e-16
5645.0 5.706403e-17
5646.0 9.275836e-17
5647.0 8.637191e-17
5648.0 6.662231e-17
5649.0 1.460200e-16
5650.0 1.575632e-16
5651.0 8.858914e-17
5652.0 7.079005e-17
5653.0 9.462836e-17
5654.0 1.092137e-16
5655.0 1.134033e-16
5656.0 8.523155e-17
5657.0 7.921251e-17
5658.0 7.222151e-17
5659.0 1.171251e-16
5660.0 1.759426e-16
5661.0 1.535139e-16
5662.0 3.441391e-17
5663.0 5.806986e-18
5664.0 7.447703e-17
5665.0 9.736767e-17
5666.0 7.575340e-17
5667.0 8.312144e-17
5668.0 9.044501e-17
5669.0 7.147811e-17
5670.0 4.988345e-17
5671.0 5.364990e-17
5672.0 1.456118e-16
5673.0 1.309545e-16
5674.0 -4.895193e-17
5675.0 4.004502e-17
5676.0 1.458718e-16
5677.0 4.966904e-17
5678.0 1.199899e-16
5679.0 1.852787e-16
5680.0 8.304372e-17
5681.0 5.298801e-17
5682.0 9.960682e-17
5683.0 1.253531e-16
5684.0 9.955189e-17
5685.0 7.657718e-17
5686.0 8.165590e-17
5687.0 9.383639e-17
5688.0 9.958079e-17
5689.0 9.397737e-17
5690.0 1.215805e-16
5691.0 1.580528e-16
5692.0 1.608992e-16
5693.0 1.191136e-16
5694.0 6.701923e-17
5695.0 3.695895e-17
5696.0 4.442527e-17
5697.0 1.091763e-16
5698.0 9.790106e-17
5699.0 9.653326e-17
5700.0 1.644258e-16
5701.0 1.114296e-16
5702.0 1.301756e-16
5703.0 1.748300e-16
5704.0 1.427647e-16
5705.0 1.250164e-16
5706.0 7.689982e-17
5707.0 9.434116e-17
5708.0 1.661787e-16
5709.0 7.740723e-17
5710.0 4.372000e-17
5711.0 1.183854e-16
5712.0 1.327308e-16
5713.0 7.513820e-17
5714.0 3.067617e-17
5715.0 9.767787e-17
5716.0 1.300666e-16
5717.0 9.939447e-17
5718.0 6.850340e-17
5719.0 9.931286e-17
5720.0 1.486836e-16
5721.0 1.310095e-16
5722.0 1.225903e-16
5723.0 1.555298e-16
5724.0 1.516717e-16
5725.0 1.106363e-16
5726.0 1.308619e-16
5727.0 1.242073e-16
5728.0 1.009023e-16
5729.0 1.144037e-16
5730.0 1.071309e-16
5731.0 1.107899e-16
5732.0 1.009831e-16
5733.0 7.480199e-17
5734.0 1.007878e-16
5735.0 6.169607e-17
5736.0 2.867796e-17
5737.0 4.238488e-17
5738.0 2.448358e-17
5739.0 1.085245e-16
5740.0 1.302362e-16
5741.0 3.063054e-17
5742.0 8.374478e-18
5743.0 1.213176e-16
5744.0 1.719782e-16
5745.0 1.139748e-16
5746.0 6.121612e-17
5747.0 5.697880e-17
5748.0 9.431208e-17
5749.0 1.210880e-16
5750.0 9.171120e-17
5751.0 7.660157e-17
5752.0 6.942270e-17
5753.0 8.367475e-17
5754.0 1.101473e-16
5755.0 1.093540e-16
5756.0 9.530633e-17
5757.0 4.567178e-17
5758.0 -1.492913e-17
5759.0 2.642635e-17
5760.0 9.107256e-17
5761.0 1.304788e-16
5762.0 1.554204e-16
5763.0 1.369295e-16
5764.0 8.416206e-17
5765.0 1.027958e-16
5766.0 1.417292e-16
5767.0 1.226666e-16
5768.0 1.149098e-16
5769.0 1.051723e-16
5770.0 7.512266e-17
5771.0 1.040982e-16
5772.0 1.334983e-16
5773.0 1.271297e-16
5774.0 1.085375e-16
5775.0 1.291300e-16
5776.0 1.213590e-16
5777.0 9.756441e-17
5778.0 5.433673e-17
5779.0 2.324557e-17
5780.0 6.225039e-17
5781.0 5.721366e-17
5782.0 7.031072e-18
5783.0 1.880930e-17
5784.0 7.731461e-17
5785.0 1.177809e-16
5786.0 1.166195e-16
5787.0 1.142356e-16
5788.0 1.375875e-16
5789.0 1.708206e-16
5790.0 1.404172e-16
5791.0 2.912217e-17
5792.0 -5.403590e-18
5793.0 8.531657e-17
5794.0 1.324008e-16
5795.0 1.090383e-16
5796.0 1.020884e-16
5797.0 1.446968e-16
5798.0 1.636400e-16
5799.0 9.831167e-17
5800.0 7.823750e-17
5801.0 1.396768e-16
5802.0 2.068514e-16
5803.0 1.813723e-16
5804.0 1.665655e-16
5805.0 2.091690e-16
5806.0 2.013517e-16
5807.0 1.565628e-16
5808.0 1.275757e-16
5809.0 9.374740e-17
5810.0 9.461486e-17
5811.0 1.619486e-16
5812.0 1.580174e-16
5813.0 1.266075e-16
5814.0 1.491568e-16
5815.0 1.707302e-16
5816.0 2.050688e-16
5817.0 2.255200e-16
5818.0 1.671405e-16
5819.0 1.583424e-16
5820.0 1.756657e-16
5821.0 1.587451e-16
5822.0 1.291288e-16
5823.0 8.246555e-17
5824.0 1.026084e-16
5825.0 1.490551e-16
5826.0 1.716574e-16
5827.0 1.503325e-16
5828.0 1.324071e-16
5829.0 1.229955e-16
5830.0 1.132977e-16
5831.0 1.681569e-16
5832.0 1.756652e-16
5833.0 7.281385e-17
5834.0 5.999532e-17
5835.0 9.651477e-17
5836.0 1.317298e-16
5837.0 1.084678e-16
5838.0 2.372283e-17
5839.0 8.077924e-17
5840.0 1.452395e-16
5841.0 9.833882e-17
5842.0 1.007801e-16
5843.0 1.669093e-16
5844.0 1.931826e-16
5845.0 1.802411e-16
5846.0 1.795155e-16
5847.0 1.554411e-16
5848.0 1.392136e-16
5849.0 1.665390e-16
5850.0 1.406376e-16
5851.0 8.001242e-17
5852.0 1.694143e-16
5853.0 2.630347e-16
5854.0 1.887249e-16
5855.0 1.021554e-16
5856.0 1.293429e-16
5857.0 1.759025e-16
5858.0 1.141743e-16
5859.0 1.468548e-16
5860.0 2.268811e-16
5861.0 2.209556e-16
5862.0 1.416303e-16
5863.0 1.110963e-16
5864.0 1.615323e-16
5865.0 2.042596e-16
5866.0 1.860237e-16
5867.0 1.400807e-16
5868.0 6.651877e-17
5869.0 4.439067e-17
5870.0 1.490750e-16
5871.0 1.640915e-16
5872.0 9.303305e-17
5873.0 4.133062e-17
5874.0 1.154518e-16
5875.0 1.224796e-16
5876.0 5.908718e-17
5877.0 9.494499e-17
5878.0 1.467023e-16
5879.0 1.820186e-16
5880.0 2.094728e-16
5881.0 1.749312e-16
5882.0 1.257738e-16
5883.0 9.649707e-17
5884.0 7.282309e-17
5885.0 9.716965e-17
5886.0 6.114166e-17
5887.0 8.663870e-17
5888.0 1.421197e-16
5889.0 1.118891e-16
5890.0 1.199357e-16
5891.0 1.277241e-16
5892.0 7.446307e-17
5893.0 1.436553e-18
5894.0 1.034856e-17
5895.0 6.433940e-17
5896.0 4.612706e-17
5897.0 6.974806e-17
5898.0 1.430293e-16
5899.0 1.811634e-16
5900.0 1.671402e-16
5901.0 1.163654e-16
5902.0 1.147691e-16
5903.0 9.670418e-17
5904.0 1.078290e-16
5905.0 1.851988e-16
5906.0 1.900589e-16
5907.0 1.407284e-16
5908.0 9.103838e-17
5909.0 6.461102e-17
5910.0 9.696228e-17
5911.0 1.673695e-16
5912.0 1.688959e-16
5913.0 1.158897e-16
5914.0 6.785539e-17
5915.0 6.067169e-17
5916.0 6.080583e-17
5917.0 8.331087e-17
5918.0 1.541730e-16
5919.0 1.565089e-16
5920.0 1.229151e-16
5921.0 4.741712e-17
5922.0 4.907626e-18
5923.0 4.907177e-17
5924.0 1.348234e-16
5925.0 1.450723e-16
5926.0 8.150630e-17
5927.0 7.005312e-17
5928.0 1.264958e-16
5929.0 1.896172e-16
5930.0 1.903819e-16
5931.0 9.990105e-17
5932.0 4.932033e-17
5933.0 1.243316e-16
5934.0 1.504147e-16
5935.0 1.272374e-16
5936.0 1.559472e-16
5937.0 1.441282e-16
5938.0 9.685281e-17
5939.0 1.144772e-16
5940.0 1.340011e-16
5941.0 8.520214e-17
5942.0 4.939059e-17
5943.0 1.053078e-16
5944.0 1.405891e-16
5945.0 1.228265e-16
5946.0 9.482114e-17
5947.0 1.128554e-16
5948.0 1.355175e-16
5949.0 8.584311e-17
5950.0 4.783894e-17
5951.0 7.809939e-17
5952.0 1.358348e-16
5953.0 9.003687e-17
5954.0 5.260861e-17
5955.0 1.187681e-16
5956.0 1.614704e-16
5957.0 1.645967e-16
5958.0 1.423967e-16
5959.0 1.593874e-16
5960.0 1.845909e-16
5961.0 1.931881e-16
5962.0 1.635231e-16
5963.0 1.276450e-16
5964.0 1.083459e-16
5965.0 1.184407e-16
5966.0 1.405673e-16
5967.0 1.318155e-16
5968.0 6.767700e-17
5969.0 8.297450e-17
5970.0 1.670475e-16
5971.0 1.047993e-16
5972.0 5.875013e-17
5973.0 8.222756e-17
5974.0 8.728127e-17
5975.0 9.188033e-17
5976.0 1.172277e-16
5977.0 2.133027e-16
5978.0 2.255406e-16
5979.0 1.365278e-16
5980.0 8.787277e-17
5981.0 9.523367e-17
5982.0 1.180801e-16
5983.0 1.072144e-16
5984.0 1.071366e-16
5985.0 1.354034e-16
5986.0 1.398483e-16
5987.0 1.779384e-16
5988.0 2.070921e-16
5989.0 1.381513e-16
5990.0 1.426871e-16
5991.0 1.625970e-16
5992.0 1.145132e-16
5993.0 1.114830e-16
5994.0 1.780211e-16
5995.0 2.440290e-16
5996.0 2.159160e-16
5997.0 1.686433e-16
5998.0 1.606671e-16
5999.0 1.800955e-16
6000.0 1.770233e-16
6001.0 1.292941e-16
6002.0 9.257873e-17
6003.0 1.566052e-16
6004.0 1.881940e-16
6005.0 1.338871e-16
6006.0 6.879425e-17
6007.0 1.046254e-17
6008.0 3.098456e-17
6009.0 1.290197e-16
6010.0 2.124005e-16
6011.0 1.836919e-16
6012.0 1.427620e-16
6013.0 1.376332e-16
6014.0 1.451666e-16
6015.0 1.618884e-16
6016.0 1.955835e-16
6017.0 2.340296e-16
6018.0 2.460855e-16
6019.0 2.095072e-16
6020.0 1.697090e-16
6021.0 2.086336e-16
6022.0 1.984292e-16
6023.0 1.478616e-16
6024.0 1.395355e-16
6025.0 1.220312e-16
6026.0 1.500421e-16
6027.0 1.934595e-16
6028.0 1.912286e-16
6029.0 1.806601e-16
6030.0 1.605807e-16
6031.0 1.170302e-16
6032.0 8.316087e-17
6033.0 7.505684e-17
6034.0 7.922611e-17
6035.0 9.330806e-17
6036.0 1.172867e-16
6037.0 1.188048e-16
6038.0 1.319679e-16
6039.0 1.512976e-16
6040.0 9.429659e-17
6041.0 8.408097e-17
6042.0 1.478530e-16
6043.0 1.174650e-16
6044.0 9.386764e-17
6045.0 1.261798e-16
6046.0 1.205147e-16
6047.0 8.469325e-17
6048.0 8.767873e-17
6049.0 1.304597e-16
6050.0 1.492187e-16
6051.0 1.464155e-16
6052.0 1.368456e-16
6053.0 1.263009e-16
6054.0 1.213491e-16
6055.0 1.307396e-16
6056.0 7.277761e-17
6057.0 1.673363e-17
6058.0 1.166996e-16
6059.0 1.814274e-16
6060.0 1.526177e-16
6061.0 1.215061e-16
6062.0 1.180903e-16
6063.0 1.050264e-16
6064.0 7.655986e-17
6065.0 1.126708e-16
6066.0 1.651959e-16
6067.0 1.473846e-16
6068.0 5.129797e-17
6069.0 4.182745e-17
6070.0 1.360045e-16
6071.0 1.573017e-16
6072.0 1.807698e-16
6073.0 2.025820e-16
6074.0 1.265593e-16
6075.0 9.720094e-17
6076.0 1.431815e-16
6077.0 1.120902e-16
6078.0 1.572904e-16
6079.0 2.420539e-16
6080.0 2.100146e-16
6081.0 1.456327e-16
6082.0 1.079202e-16
6083.0 1.815789e-16
6084.0 1.597758e-16
6085.0 6.327387e-17
6086.0 1.160673e-16
6087.0 1.892564e-16
6088.0 2.099999e-16
6089.0 1.940217e-16
6090.0 1.772486e-16
6091.0 1.820417e-16
6092.0 1.800428e-16
6093.0 1.201624e-16
6094.0 6.380268e-17
6095.0 7.815306e-17
6096.0 1.635064e-16
6097.0 1.582813e-16
6098.0 8.644958e-17
6099.0 1.398087e-16
6100.0 1.753501e-16
6101.0 1.660374e-16
6102.0 2.023656e-16
6103.0 1.559207e-16
6104.0 8.544942e-17
6105.0 1.193696e-16
6106.0 1.224489e-16
6107.0 9.525648e-17
6108.0 1.044855e-16
6109.0 8.435305e-17
6110.0 7.281008e-17
6111.0 1.025013e-16
6112.0 1.010325e-16
6113.0 1.050139e-16
6114.0 2.011863e-16
6115.0 1.746501e-16
6116.0 6.441164e-17
6117.0 1.202643e-16
6118.0 1.848591e-16
6119.0 1.333836e-16
6120.0 7.488931e-17
6121.0 1.014588e-16
6122.0 1.165508e-16
6123.0 1.032984e-16
6124.0 1.441693e-16
6125.0 1.061126e-16
6126.0 1.411597e-17
6127.0 4.805138e-17
6128.0 1.278028e-16
6129.0 1.551379e-16
6130.0 1.136103e-16
6131.0 1.025223e-16
6132.0 1.197556e-16
6133.0 1.134965e-16
6134.0 8.797252e-17
6135.0 1.160855e-16
6136.0 1.899443e-16
6137.0 1.463090e-16
6138.0 8.606376e-17
6139.0 1.071809e-16
6140.0 1.308802e-16
6141.0 1.257930e-16
6142.0 1.385589e-16
6143.0 1.932260e-16
6144.0 1.987722e-16
6145.0 1.532029e-16
6146.0 1.467739e-16
6147.0 1.654265e-16
6148.0 1.566200e-16
6149.0 1.028876e-16
6150.0 1.251359e-16
6151.0 1.886300e-16
6152.0 1.503193e-16
6153.0 1.570526e-16
6154.0 1.833463e-16
6155.0 7.160217e-17
6156.0 3.303429e-17
6157.0 1.122257e-16
6158.0 1.668227e-16
6159.0 1.478145e-16
6160.0 1.009469e-16
6161.0 9.857286e-17
6162.0 9.382341e-17
6163.0 8.507124e-17
6164.0 9.325200e-17
6165.0 1.183856e-16
6166.0 1.585856e-16
6167.0 1.842070e-16
6168.0 1.406275e-16
6169.0 1.007381e-16
6170.0 1.123225e-16
6171.0 1.285515e-16
6172.0 1.190671e-16
6173.0 8.798972e-17
6174.0 5.840903e-17
6175.0 5.996780e-17
6176.0 1.358285e-16
6177.0 2.165500e-16
6178.0 1.597777e-16
6179.0 4.756461e-17
6180.0 5.301986e-17
6181.0 1.133414e-16
6182.0 1.101658e-16
6183.0 3.285612e-17
6184.0 8.301610e-17
6185.0 1.921484e-16
6186.0 2.201886e-16
6187.0 1.843188e-16
6188.0 1.506153e-16
6189.0 1.547860e-16
6190.0 1.553338e-16
6191.0 1.707579e-16
6192.0 1.941005e-16
6193.0 1.837071e-16
6194.0 1.053454e-16
6195.0 2.005431e-17
6196.0 5.704212e-17
6197.0 1.316432e-16
6198.0 1.554971e-16
6199.0 1.150605e-16
6200.0 9.685071e-17
6201.0 1.164701e-16
6202.0 1.203536e-16
6203.0 1.122820e-16
6204.0 1.068831e-16
6205.0 1.335435e-16
6206.0 1.411850e-16
6207.0 9.383062e-17
6208.0 2.850046e-17
6209.0 8.748974e-18
6210.0 2.631725e-17
6211.0 4.743720e-17
6212.0 9.534014e-17
6213.0 1.322908e-16
6214.0 1.384464e-16
6215.0 1.745065e-16
6216.0 1.611399e-16
6217.0 8.243807e-17
6218.0 8.933148e-17
6219.0 1.588260e-16
6220.0 1.851608e-16
6221.0 1.041615e-16
6222.0 9.212437e-17
6223.0 1.749726e-16
6224.0 1.546097e-16
6225.0 8.606887e-17
6226.0 7.168565e-17
6227.0 1.609275e-16
6228.0 2.253066e-16
6229.0 2.009060e-16
6230.0 1.657156e-16
6231.0 1.107920e-16
6232.0 9.648878e-17
6233.0 1.424359e-16
6234.0 1.275458e-16
6235.0 8.646157e-17
6236.0 1.050237e-16
6237.0 1.350681e-16
6238.0 1.359253e-16
6239.0 1.066213e-16
6240.0 7.665519e-17
6241.0 4.798633e-17
6242.0 3.066676e-17
6243.0 4.923709e-17
6244.0 6.004957e-17
6245.0 9.371899e-17
6246.0 1.253768e-16
6247.0 8.352804e-17
6248.0 2.535129e-17
6249.0 -1.226004e-17
6250.0 2.102594e-17
6251.0 8.480163e-17
6252.0 7.558966e-17
6253.0 6.292959e-17
6254.0 8.254984e-17
6255.0 1.072422e-16
6256.0 9.972916e-17
6257.0 6.714461e-17
6258.0 6.148822e-17
6259.0 1.019390e-16
6260.0 1.341686e-16
6261.0 1.091728e-16
6262.0 6.475205e-17
6263.0 7.691128e-17
6264.0 1.568824e-16
6265.0 1.379469e-16
6266.0 1.147311e-16
6267.0 1.730497e-16
6268.0 1.192620e-16
6269.0 3.598849e-17
6270.0 3.395934e-17
6271.0 6.722753e-17
6272.0 9.080215e-17
6273.0 1.022261e-16
6274.0 1.250828e-16
6275.0 1.013794e-16
6276.0 4.277346e-17
6277.0 2.525322e-17
6278.0 -2.167497e-17
6279.0 -6.954127e-17
6280.0 -2.974999e-17
6281.0 -5.567513e-18
6282.0 -1.355032e-17
6283.0 8.684575e-18
6284.0 3.698132e-17
6285.0 2.917936e-17
6286.0 -7.490775e-18
6287.0 2.689742e-17
6288.0 8.597039e-17
6289.0 7.339664e-17
6290.0 4.733030e-17
6291.0 8.716327e-17
6292.0 1.777801e-16
6293.0 1.543214e-16
6294.0 8.610639e-17
6295.0 8.075076e-17
6296.0 7.855508e-17
6297.0 9.142725e-17
6298.0 1.139063e-16
6299.0 1.187675e-16
6300.0 8.636375e-17
6301.0 6.674544e-17
6302.0 1.107951e-16
6303.0 9.921772e-17
6304.0 5.853791e-17
6305.0 4.754419e-17
6306.0 9.275727e-17
6307.0 1.323383e-16
6308.0 9.276461e-17
6309.0 6.724235e-17
6310.0 7.234693e-17
6311.0 5.645684e-17
6312.0 9.962674e-17
6313.0 1.245066e-16
6314.0 7.112166e-17
6315.0 5.937969e-17
6316.0 1.130563e-16
6317.0 1.874913e-16
6318.0 1.633648e-16
6319.0 1.080668e-16
6320.0 1.001026e-16
6321.0 9.901189e-17
6322.0 9.937153e-17
6323.0 9.201116e-17
6324.0 7.778944e-17
6325.0 5.699009e-17
6326.0 4.983970e-17
6327.0 2.247807e-18
6328.0 3.126259e-17
6329.0 1.457798e-16
6330.0 1.261309e-16
6331.0 1.133993e-16
6332.0 1.491025e-16
6333.0 1.310921e-16
6334.0 6.350379e-17
6335.0 2.050786e-17
6336.0 1.196809e-16
6337.0 1.618518e-16
6338.0 1.082445e-16
6339.0 1.095950e-16
6340.0 1.081747e-16
6341.0 1.054650e-16
6342.0 1.373491e-16
6343.0 1.577404e-16
6344.0 1.435923e-16
6345.0 1.089110e-16
6346.0 1.108367e-16
6347.0 1.089755e-16
6348.0 1.028089e-16
6349.0 1.875177e-16
6350.0 1.837545e-16
6351.0 6.150623e-17
6352.0 -1.336141e-17
6353.0 -2.003409e-17
6354.0 7.034309e-17
6355.0 1.199785e-16
6356.0 1.369972e-17
6357.0 -2.573194e-17
6358.0 1.259813e-16
6359.0 1.417181e-16
6360.0 8.670733e-17
6361.0 1.562781e-16
6362.0 1.770817e-16
6363.0 1.417595e-16
6364.0 1.016158e-16
6365.0 5.472773e-17
6366.0 5.086910e-17
6367.0 1.020023e-16
6368.0 1.313399e-16
6369.0 1.023701e-16
6370.0 4.654126e-17
6371.0 4.624801e-17
6372.0 1.054761e-16
6373.0 1.840715e-16
6374.0 2.039651e-16
6375.0 1.658120e-16
6376.0 1.266625e-16
6377.0 1.117667e-16
6378.0 6.531917e-17
6379.0 6.454279e-17
6380.0 1.263583e-16
6381.0 1.243099e-16
6382.0 1.072193e-16
6383.0 1.335021e-16
6384.0 1.207505e-16
6385.0 1.031487e-16
6386.0 1.299657e-16
6387.0 1.238123e-16
6388.0 8.701458e-17
6389.0 6.447183e-17
6390.0 6.495945e-17
6391.0 7.089905e-17
6392.0 7.530164e-17
6393.0 1.205198e-16
6394.0 1.467277e-16
6395.0 1.171233e-16
6396.0 9.590305e-17
6397.0 1.147395e-16
6398.0 1.594145e-16
6399.0 2.022118e-16
6400.0 1.828355e-16
6401.0 8.303801e-17
6402.0 2.666834e-17
6403.0 4.650326e-17
6404.0 9.050407e-17
6405.0 9.049663e-17
6406.0 1.001208e-16
6407.0 1.193378e-16
6408.0 1.251288e-16
6409.0 1.144737e-16
6410.0 1.165213e-16
6411.0 1.469418e-16
6412.0 1.307008e-16
6413.0 8.881455e-17
6414.0 1.066318e-16
6415.0 1.268525e-16
6416.0 1.030903e-16
6417.0 8.698329e-17
6418.0 1.495548e-16
6419.0 2.002270e-16
6420.0 1.466160e-16
6421.0 7.124808e-17
6422.0 4.872740e-17
6423.0 7.657558e-17
6424.0 1.197856e-16
6425.0 1.179203e-16
6426.0 9.365901e-17
6427.0 1.539751e-16
6428.0 2.041314e-16
6429.0 1.749519e-16
6430.0 1.417354e-16
6431.0 1.254142e-16
6432.0 1.087445e-16
6433.0 9.508538e-17
6434.0 9.015691e-17
6435.0 1.027899e-16
6436.0 1.202081e-16
6437.0 1.421327e-16
6438.0 1.414429e-16
6439.0 1.118059e-16
6440.0 9.413883e-17
6441.0 8.106826e-17
6442.0 8.210327e-17
6443.0 9.809817e-17
6444.0 1.377538e-16
6445.0 1.734073e-16
6446.0 1.207255e-16
6447.0 9.362845e-17
6448.0 1.332258e-16
6449.0 1.128827e-16
6450.0 1.123531e-16
6451.0 1.806659e-16
6452.0 1.758238e-16
6453.0 1.473516e-16
6454.0 1.721699e-16
6455.0 1.586795e-16
6456.0 1.565674e-16
6457.0 2.077928e-16
6458.0 1.684730e-16
6459.0 5.724073e-17
6460.0 2.742641e-17
6461.0 6.841857e-17
6462.0 1.059001e-16
6463.0 1.693959e-16
6464.0 2.008246e-16
6465.0 1.326951e-16
6466.0 3.989731e-17
6467.0 1.348010e-17
6468.0 -3.328687e-17
6469.0 -2.950487e-17
6470.0 6.020876e-17
6471.0 9.390819e-17
6472.0 5.363179e-17
6473.0 1.637420e-17
6474.0 8.623279e-17
6475.0 1.442198e-16
6476.0 1.326667e-16
6477.0 1.480343e-16
6478.0 1.190602e-16
6479.0 7.528156e-17
6480.0 7.156719e-17
6481.0 8.298921e-17
6482.0 8.356393e-17
6483.0 5.380921e-17
6484.0 9.409277e-17
6485.0 1.328821e-16
6486.0 7.372759e-17
6487.0 1.075668e-16
6488.0 1.513293e-16
6489.0 7.349606e-17
6490.0 8.268937e-17
6491.0 1.358920e-16
6492.0 1.082752e-16
6493.0 7.271132e-17
6494.0 1.010471e-16
6495.0 1.548233e-16
6496.0 1.043637e-16
6497.0 2.407787e-17
6498.0 1.852925e-17
6499.0 1.218733e-16
6500.0 1.719278e-16
6501.0 1.136772e-16
6502.0 1.020322e-16
6503.0 1.332128e-16
6504.0 1.443532e-16
6505.0 9.643286e-17
6506.0 9.091807e-17
6507.0 1.343388e-16
6508.0 1.348095e-16
6509.0 1.277101e-16
6510.0 1.309376e-16
6511.0 1.272043e-16
6512.0 9.836480e-17
6513.0 6.579903e-17
6514.0 7.829310e-17
6515.0 1.049976e-16
6516.0 1.160036e-16
6517.0 1.064533e-16
6518.0 7.612687e-17
6519.0 4.967586e-17
6520.0 5.064838e-17
6521.0 7.687852e-17
6522.0 1.019141e-16
6523.0 9.397892e-17
6524.0 8.219557e-17
6525.0 9.801967e-17
6526.0 1.355089e-16
6527.0 1.439801e-16
6528.0 1.400389e-16
6529.0 1.377734e-16
6530.0 1.157313e-16
6531.0 1.286696e-16
6532.0 1.323032e-16
6533.0 5.022771e-17
6534.0 8.623689e-17
6535.0 1.773963e-16
6536.0 1.103614e-16
6537.0 1.172693e-16
6538.0 1.902686e-16
6539.0 1.932444e-16
6540.0 1.327733e-16
6541.0 9.674210e-17
6542.0 1.704946e-16
6543.0 2.192132e-16
6544.0 1.761066e-16
6545.0 9.273892e-17
6546.0 8.607830e-17
6547.0 1.069514e-16
6548.0 6.947802e-17
6549.0 7.053269e-17
6550.0 9.546967e-17
6551.0 6.895004e-17
6552.0 9.320432e-17
6553.0 9.148235e-17
6554.0 3.599055e-17
6555.0 5.155077e-17
6556.0 1.123697e-16
6557.0 1.503249e-16
6558.0 1.393558e-16
6559.0 7.880142e-17
6560.0 4.522559e-17
6561.0 1.108041e-16
6562.0 1.311388e-16
6563.0 1.053148e-16
6564.0 1.208400e-16
6565.0 1.162976e-16
6566.0 1.019523e-16
6567.0 1.137254e-16
6568.0 1.147862e-16
6569.0 7.951195e-17
6570.0 4.375322e-17
6571.0 1.182077e-16
6572.0 1.842295e-16
6573.0 1.458367e-16
6574.0 1.255445e-16
6575.0 1.361587e-16
6576.0 1.563537e-16
6577.0 1.519550e-16
6578.0 1.056635e-16
6579.0 7.488982e-17
6580.0 9.883215e-17
6581.0 1.465030e-16
6582.0 1.797667e-16
6583.0 1.442525e-16
6584.0 1.354315e-16
6585.0 1.832995e-16
6586.0 1.838094e-16
6587.0 1.506751e-16
6588.0 1.034910e-16
6589.0 6.899609e-17
6590.0 1.167564e-16
6591.0 1.900414e-16
6592.0 1.888912e-16
6593.0 1.187248e-16
6594.0 8.119049e-17
6595.0 1.230627e-16
6596.0 1.463562e-16
6597.0 1.320141e-16
6598.0 1.203076e-16
6599.0 1.078816e-16
6600.0 6.629268e-17
6601.0 7.491328e-17
6602.0 1.523592e-16
6603.0 1.648418e-16
6604.0 1.299283e-16
6605.0 1.205319e-16
6606.0 1.434343e-16
6607.0 1.780325e-16
6608.0 1.840995e-16
6609.0 1.734444e-16
6610.0 1.408247e-16
6611.0 9.995976e-17
6612.0 9.446504e-17
6613.0 1.296363e-16
6614.0 1.647709e-16
6615.0 1.649810e-16
6616.0 1.551157e-16
6617.0 1.574362e-16
6618.0 1.439015e-16
6619.0 1.379382e-16
6620.0 1.644757e-16
6621.0 1.819630e-16
6622.0 1.772904e-16
6623.0 1.643882e-16
6624.0 1.630188e-16
6625.0 1.489233e-16
6626.0 1.276287e-16
6627.0 1.707520e-16
6628.0 2.242354e-16
6629.0 2.213631e-16
6630.0 1.639115e-16
6631.0 1.609882e-16
6632.0 2.168421e-16
6633.0 2.074576e-16
6634.0 1.887265e-16
6635.0 1.904676e-16
6636.0 2.143419e-16
6637.0 2.225570e-16
6638.0 1.972503e-16
6639.0 1.880711e-16
6640.0 2.549828e-16
6641.0 3.074578e-16
6642.0 2.604451e-16
6643.0 1.950273e-16
6644.0 1.386081e-16
6645.0 1.074934e-16
6646.0 1.297654e-16
6647.0 1.669539e-16
6648.0 1.707571e-16
6649.0 1.577932e-16
6650.0 1.698838e-16
6651.0 1.983548e-16
6652.0 2.254187e-16
6653.0 2.155860e-16
6654.0 1.642908e-16
6655.0 1.497220e-16
6656.0 1.423599e-16
6657.0 1.257228e-16
6658.0 1.480262e-16
6659.0 2.211153e-16
6660.0 2.886472e-16
6661.0 2.694282e-16
6662.0 2.122204e-16
6663.0 1.713528e-16
6664.0 1.796574e-16
6665.0 2.353160e-16
6666.0 2.589343e-16
6667.0 2.106603e-16
6668.0 1.597066e-16
6669.0 1.625524e-16
6670.0 2.219802e-16
6671.0 2.555481e-16
6672.0 2.683665e-16
6673.0 2.908055e-16
6674.0 3.031224e-16
6675.0 3.155980e-16
6676.0 3.514564e-16
6677.0 3.614066e-16
6678.0 3.544266e-16
6679.0 3.723476e-16
6680.0 4.001112e-16
6681.0 3.927524e-16
6682.0 3.698003e-16
6683.0 3.689553e-16
6684.0 3.559106e-16
6685.0 3.436396e-16
6686.0 3.927608e-16
6687.0 4.436411e-16
6688.0 4.526687e-16
6689.0 4.294417e-16
6690.0 4.439628e-16
6691.0 4.699745e-16
6692.0 4.396839e-16
6693.0 4.363187e-16
6694.0 4.833962e-16
6695.0 5.405528e-16
6696.0 5.535474e-16
6697.0 5.470389e-16
6698.0 5.569785e-16
6699.0 5.717959e-16
6700.0 5.484113e-16
6701.0 4.952794e-16
6702.0 4.861239e-16
6703.0 4.870485e-16
6704.0 4.526170e-16
6705.0 4.115290e-16
6706.0 4.137343e-16
6707.0 4.033230e-16
6708.0 3.426358e-16
6709.0 3.577401e-16
6710.0 4.189032e-16
6711.0 3.853242e-16
6712.0 3.748812e-16
6713.0 4.204995e-16
6714.0 3.716527e-16
6715.0 3.190774e-16
6716.0 2.886333e-16
6717.0 2.503364e-16
6718.0 2.708343e-16
6719.0 3.103490e-16
6720.0 3.133586e-16
6721.0 2.898395e-16
6722.0 2.259025e-16
6723.0 1.550883e-16
6724.0 1.968770e-16
6725.0 2.593488e-16
6726.0 2.321242e-16
6727.0 1.879418e-16
6728.0 2.142287e-16
6729.0 2.689458e-16
6730.0 2.109086e-16
6731.0 2.111983e-16
6732.0 3.160822e-16
6733.0 2.789162e-16
6734.0 2.219077e-16
6735.0 2.197589e-16
6736.0 1.708253e-16
6737.0 1.948424e-16
6738.0 2.499095e-16
6739.0 1.749497e-16
6740.0 1.664011e-16
6741.0 2.102315e-16
6742.0 1.715134e-16
6743.0 1.752489e-16
6744.0 2.093137e-16
6745.0 2.309494e-16
6746.0 1.969036e-16
6747.0 1.505783e-16
6748.0 1.629817e-16
6749.0 1.799217e-16
6750.0 1.795921e-16
6751.0 1.578486e-16
6752.0 1.000623e-16
6753.0 1.047704e-16
6754.0 1.648898e-16
6755.0 1.268577e-16
6756.0 1.532715e-16
6757.0 2.393893e-16
6758.0 1.866627e-16
6759.0 1.327521e-16
6760.0 1.505778e-16
6761.0 2.141283e-16
6762.0 2.008287e-16
6763.0 1.249173e-16
6764.0 1.412651e-16
6765.0 1.897455e-16
6766.0 2.074392e-16
6767.0 2.026137e-16
6768.0 1.797752e-16
6769.0 1.706417e-16
6770.0 2.235958e-16
6771.0 2.489464e-16
6772.0 2.079588e-16
6773.0 1.565670e-16
6774.0 1.645003e-16
6775.0 1.656941e-16
6776.0 1.258376e-16
6777.0 1.564854e-16
6778.0 1.937686e-16
6779.0 1.871471e-16
6780.0 2.130724e-16
6781.0 2.046240e-16
6782.0 1.345782e-16
6783.0 9.017927e-17
6784.0 6.141627e-17
6785.0 7.289826e-17
6786.0 1.570631e-16
6787.0 2.126101e-16
6788.0 1.791960e-16
6789.0 1.173135e-16
6790.0 1.169942e-16
6791.0 1.438801e-16
6792.0 1.546652e-16
6793.0 1.426973e-16
6794.0 1.267174e-16
6795.0 1.434312e-16
6796.0 9.900414e-17
6797.0 9.572542e-17
6798.0 2.195187e-16
6799.0 2.554768e-16
6800.0 1.984824e-16
6801.0 1.608055e-16
6802.0 2.052257e-16
6803.0 1.910256e-16
6804.0 1.042819e-16
6805.0 1.973417e-16
6806.0 2.903418e-16
6807.0 2.390043e-16
6808.0 1.910180e-16
6809.0 1.722496e-16
6810.0 1.620798e-16
6811.0 1.639411e-16
6812.0 1.906308e-16
6813.0 1.708943e-16
6814.0 7.166465e-17
6815.0 1.020657e-16
6816.0 2.001540e-16
6817.0 1.983050e-16
6818.0 2.060081e-16
6819.0 2.229103e-16
6820.0 1.934578e-16
6821.0 1.948643e-16
6822.0 2.403407e-16
6823.0 2.686707e-16
6824.0 1.863330e-16
6825.0 1.280056e-16
6826.0 1.952295e-16
6827.0 2.160703e-16
6828.0 1.564758e-16
6829.0 9.280325e-17
6830.0 1.306714e-16
6831.0 1.799649e-16
6832.0 1.648561e-16
6833.0 1.609103e-16
6834.0 1.727016e-16
6835.0 1.748705e-16
6836.0 1.076956e-16
6837.0 7.112620e-17
6838.0 1.303327e-16
6839.0 1.857342e-16
6840.0 1.763180e-16
6841.0 1.351491e-16
6842.0 1.104923e-16
6843.0 1.388363e-16
6844.0 1.893037e-16
6845.0 1.943142e-16
6846.0 1.588508e-16
6847.0 1.294147e-16
6848.0 1.328556e-16
6849.0 1.497328e-16
6850.0 1.532484e-16
6851.0 1.209780e-16
6852.0 4.554736e-17
6853.0 9.482623e-18
6854.0 8.132709e-17
6855.0 1.663732e-16
6856.0 1.688964e-16
6857.0 1.294867e-16
6858.0 1.542338e-16
6859.0 1.878196e-16
6860.0 1.637161e-16
6861.0 1.441182e-16
6862.0 1.724019e-16
6863.0 1.897139e-16
6864.0 1.646383e-16
6865.0 1.076235e-16
6866.0 1.812743e-17
6867.0 -9.203248e-17
6868.0 -2.116428e-16
6869.0 -3.081851e-16
6870.0 -3.496288e-16
6871.0 -3.604288e-16
6872.0 -3.271118e-16
6873.0 -2.518319e-16
6874.0 -2.384255e-16
6875.0 -2.317028e-16
6876.0 -1.706893e-16
6877.0 -1.583951e-16
6878.0 -1.353572e-16
6879.0 -4.186420e-17
6880.0 2.642404e-17
6881.0 3.473538e-17
6882.0 1.908352e-17
6883.0 3.717433e-18
6884.0 -1.773530e-17
6885.0 -5.822541e-17
6886.0 -7.662961e-17
6887.0 -6.778993e-17
6888.0 -6.383052e-17
6889.0 -6.908013e-17
6890.0 -8.877604e-17
6891.0 -8.778457e-17
6892.0 -3.122325e-17
6893.0 -1.618946e-17
6894.0 -4.699217e-17
6895.0 -4.804971e-17
6896.0 -5.879598e-17
6897.0 -8.901380e-17
6898.0 -7.162192e-17
6899.0 -3.916258e-17
6900.0 -1.810620e-17
6901.0 1.789548e-17
6902.0 1.308667e-17
6903.0 -3.417367e-17
6904.0 -4.241451e-17
6905.0 7.483006e-18
6906.0 1.300169e-17
6907.0 -1.409785e-17
6908.0 9.092553e-18
6909.0 3.955678e-17
6910.0 4.936732e-17
6911.0 3.783012e-17
6912.0 8.437999e-18
6913.0 -1.011163e-17
6914.0 1.322128e-17
6915.0 2.646925e-17
6916.0 4.107963e-17
6917.0 8.686227e-17
6918.0 3.248536e-17
6919.0 -5.977344e-17
6920.0 -4.886842e-17
6921.0 1.335179e-17
6922.0 8.024153e-17
6923.0 9.883716e-17
6924.0 1.127979e-16
6925.0 1.348738e-16
6926.0 1.112821e-16
6927.0 6.561113e-17
6928.0 7.034599e-17
6929.0 1.078328e-16
6930.0 5.657660e-17
6931.0 8.524514e-18
6932.0 4.871508e-17
6933.0 1.041888e-16
6934.0 1.016677e-16
6935.0 4.174633e-17
6936.0 1.463017e-17
6937.0 3.578740e-17
6938.0 5.125352e-17
6939.0 1.019047e-17
6940.0 3.563255e-17
6941.0 9.706429e-17
6942.0 5.810318e-17
6943.0 9.725268e-18
6944.0 2.879965e-17
6945.0 8.903392e-17
6946.0 6.047410e-17
6947.0 -1.266631e-17
6948.0 -1.592632e-17
6949.0 2.869260e-17
6950.0 5.195323e-17
6951.0 2.895454e-17
6952.0 5.097380e-17
6953.0 8.079727e-17
6954.0 5.424781e-17
6955.0 5.905619e-17
6956.0 6.994752e-17
6957.0 3.874202e-17
6958.0 5.326464e-17
6959.0 1.013913e-16
6960.0 1.024950e-16
6961.0 6.463946e-17
6962.0 3.913876e-17
6963.0 4.102828e-17
6964.0 5.257140e-17
6965.0 7.155162e-17
6966.0 1.033157e-16
6967.0 1.436327e-16
6968.0 1.645835e-16
6969.0 1.416961e-16
6970.0 8.251923e-17
6971.0 7.020435e-17
6972.0 8.716417e-17
6973.0 6.087756e-17
6974.0 6.134007e-17
6975.0 1.182122e-16
6976.0 1.645912e-16
6977.0 8.638199e-17
6978.0 1.167730e-17
6979.0 3.768508e-17
6980.0 2.647824e-17
6981.0 5.047370e-17
6982.0 1.348642e-16
6983.0 1.276657e-16
6984.0 1.159217e-16
6985.0 1.441437e-16
6986.0 1.019096e-16
6987.0 7.607119e-17
6988.0 9.857963e-17
6989.0 4.773357e-17
6990.0 5.255530e-18
6991.0 1.860549e-17
6992.0 4.719392e-17
6993.0 5.780440e-17
6994.0 3.698228e-17
6995.0 2.096062e-17
6996.0 6.028434e-17
6997.0 9.102092e-17
6998.0 4.354670e-17
6999.0 5.608451e-17
7000.0 1.232658e-16
7001.0 1.512987e-16
7002.0 1.414071e-16
7003.0 1.216035e-16
7004.0 1.191579e-16
7005.0 1.149728e-16
7006.0 1.080079e-16
7007.0 1.104965e-16
7008.0 8.275866e-17
7009.0 7.951203e-17
7010.0 1.013977e-16
7011.0 7.930879e-17
7012.0 2.949541e-17
7013.0 -7.518520e-18
7014.0 3.138976e-17
7015.0 1.031715e-16
7016.0 1.414242e-16
7017.0 1.058758e-16
7018.0 3.126965e-17
7019.0 -1.098140e-17
7020.0 2.992199e-17
7021.0 6.949231e-17
7022.0 7.616491e-17
7023.0 7.459760e-17
7024.0 3.302354e-17
7025.0 5.384353e-18
7026.0 3.645263e-17
7027.0 3.410873e-17
7028.0 3.807372e-17
7029.0 1.053208e-16
7030.0 1.568255e-16
7031.0 1.556140e-16
7032.0 1.320982e-16
7033.0 1.402502e-16
7034.0 7.685078e-17
7035.0 -2.373471e-17
7036.0 8.166327e-17
7037.0 1.965647e-16
7038.0 1.714188e-16
7039.0 1.258268e-16
7040.0 1.164353e-16
7041.0 1.214523e-16
7042.0 1.113953e-16
7043.0 1.407557e-16
7044.0 1.496158e-16
7045.0 7.135650e-17
7046.0 1.060290e-16
7047.0 1.765441e-16
7048.0 1.178842e-16
7049.0 1.373081e-16
7050.0 1.606627e-16
7051.0 7.557931e-17
7052.0 1.630370e-16
7053.0 2.668074e-16
7054.0 1.431471e-16
7055.0 5.847607e-17
7056.0 8.946605e-17
7057.0 1.560441e-16
7058.0 1.856624e-16
7059.0 1.436660e-16
7060.0 1.043883e-16
7061.0 1.584897e-16
7062.0 1.853957e-16
7063.0 1.376232e-16
7064.0 9.391457e-17
7065.0 9.396904e-17
7066.0 1.255282e-16
7067.0 1.412823e-16
7068.0 1.463795e-16
7069.0 1.466438e-16
7070.0 1.406706e-16
7071.0 6.453153e-17
7072.0 4.278961e-17
7073.0 1.575514e-16
7074.0 1.381020e-16
7075.0 6.752620e-17
7076.0 9.112795e-17
7077.0 1.224078e-16
7078.0 1.481171e-16
7079.0 1.666497e-16
7080.0 1.602725e-16
7081.0 1.720300e-16
7082.0 1.918754e-16
7083.0 1.026491e-16
7084.0 4.095019e-17
7085.0 1.029460e-16
7086.0 1.595218e-16
7087.0 1.758347e-16
7088.0 1.427285e-16
7089.0 8.941364e-17
7090.0 1.051242e-16
7091.0 1.694060e-16
7092.0 1.660414e-16
7093.0 2.049029e-16
7094.0 2.695892e-16
7095.0 2.160399e-16
7096.0 1.484304e-16
7097.0 1.386404e-16
7098.0 1.563347e-16
7099.0 1.059314e-16
7100.0 6.457819e-17
7101.0 1.423433e-16
7102.0 1.922471e-16
7103.0 1.822949e-16
7104.0 1.661427e-16
7105.0 1.383945e-16
7106.0 1.190352e-16
7107.0 1.229331e-16
7108.0 1.370506e-16
7109.0 1.201768e-16
7110.0 7.465294e-17
7111.0 7.938988e-17
7112.0 1.320113e-16
7113.0 1.782732e-16
7114.0 1.485673e-16
7115.0 1.322306e-16
7116.0 1.629756e-16
7117.0 1.733158e-16
7118.0 1.967871e-16
7119.0 2.142968e-16
7120.0 1.859580e-16
7121.0 1.541781e-16
7122.0 1.789980e-16
7123.0 2.671106e-16
7124.0 2.578284e-16
7125.0 2.036740e-16
7126.0 2.179109e-16
7127.0 1.481301e-16
7128.0 8.040417e-17
7129.0 1.253183e-16
7130.0 1.274885e-16
7131.0 1.448156e-16
7132.0 2.225237e-16
7133.0 2.212237e-16
7134.0 1.896143e-16
7135.0 1.867847e-16
7136.0 1.861359e-16
7137.0 2.158371e-16
7138.0 2.321286e-16
7139.0 1.198759e-16
7140.0 6.345470e-17
7141.0 1.334694e-16
7142.0 1.726777e-16
7143.0 1.610211e-16
7144.0 1.406642e-16
7145.0 1.625946e-16
7146.0 1.891089e-16
7147.0 1.905419e-16
7148.0 1.842794e-16
7149.0 1.579980e-16
7150.0 1.484719e-16
7151.0 1.702989e-16
7152.0 1.350273e-16
7153.0 9.892804e-17
7154.0 1.419694e-16
7155.0 1.843142e-16
7156.0 1.789715e-16
7157.0 1.239327e-16
7158.0 1.007038e-16
7159.0 1.819972e-16
7160.0 2.987098e-16
7161.0 3.074513e-16
7162.0 2.344078e-16
7163.0 1.699570e-16
7164.0 1.790008e-16
7165.0 1.527711e-16
7166.0 7.272522e-17
7167.0 5.980773e-17
7168.0 7.856691e-17
7169.0 7.613438e-17
7170.0 5.427101e-17
7171.0 5.286513e-17
7172.0 4.414200e-17
7173.0 8.204165e-18
7174.0 -1.152586e-17
7175.0 -2.454436e-17
7176.0 -4.735390e-17
7177.0 -4.489359e-17
7178.0 -4.766601e-17
7179.0 -6.658134e-17
7180.0 -1.798327e-17
7181.0 5.549627e-17
7182.0 7.207381e-17
7183.0 3.623114e-17
7184.0 -1.195869e-17
7185.0 -5.670969e-17
7186.0 -1.434946e-16
7187.0 -1.739639e-16
7188.0 -1.049754e-16
7189.0 -8.321240e-17
7190.0 -6.199663e-17
7191.0 -1.492652e-17
7192.0 -5.812927e-18
7193.0 -1.754798e-17
7194.0 -4.303100e-17
7195.0 -8.435033e-17
7196.0 -5.810008e-17
7197.0 1.210235e-17
7198.0 5.208121e-18
7199.0 -6.022114e-17
7200.0 -1.226993e-16
7201.0 -1.541000e-16
7202.0 -1.318896e-16
7203.0 -6.696491e-17
7204.0 -1.157272e-18
7205.0 2.813622e-17
7206.0 3.158732e-17
7207.0 3.790893e-17
7208.0 5.224296e-17
7209.0 8.117912e-17
7210.0 1.084798e-16
7211.0 1.550644e-16
7212.0 2.078144e-16
7213.0 1.981363e-16
7214.0 1.223022e-16
7215.0 9.925283e-17
7216.0 1.392061e-16
7217.0 1.482724e-16
7218.0 1.505617e-16
7219.0 1.721419e-16
7220.0 2.102609e-16
7221.0 1.859161e-16
7222.0 1.411191e-16
7223.0 1.573027e-16
7224.0 1.253218e-16
7225.0 7.178881e-17
7226.0 1.066955e-16
7227.0 1.865424e-16
7228.0 2.135045e-16
7229.0 1.465495e-16
7230.0 9.094851e-17
7231.0 7.405386e-17
7232.0 4.978545e-17
7233.0 -4.036224e-17
7234.0 -1.190041e-16
7235.0 -1.174670e-16
7236.0 -7.866024e-17
7237.0 -7.239034e-17
7238.0 -7.936768e-17
7239.0 5.568339e-17
7240.0 7.864716e-17
7241.0 -6.718843e-17
7242.0 -5.626338e-17
7243.0 2.499837e-17
7244.0 5.842576e-17
7245.0 3.841916e-17
7246.0 3.539784e-17
7247.0 1.048653e-16
7248.0 2.257431e-16
7249.0 2.467145e-16
7250.0 1.321631e-16
7251.0 -2.153233e-17
7252.0 -7.691297e-18
7253.0 5.334587e-17
7254.0 -3.500046e-17
7255.0 -2.099160e-17
7256.0 6.940655e-17
7257.0 8.607793e-17
7258.0 3.956976e-17
7259.0 3.009325e-17
7260.0 9.798621e-17
7261.0 1.309828e-16
7262.0 9.604224e-17
7263.0 5.424869e-17
7264.0 4.103882e-17
7265.0 1.803366e-17
7266.0 -4.875777e-18
7267.0 -9.930055e-18
7268.0 3.150027e-17
7269.0 9.854006e-17
7270.0 1.161495e-16
7271.0 1.015539e-16
7272.0 7.773205e-17
7273.0 4.600789e-17
7274.0 -2.690223e-17
7275.0 -1.164770e-16
7276.0 -8.357574e-17
7277.0 -1.917921e-18
7278.0 1.333162e-17
7279.0 2.844186e-17
7280.0 4.893182e-17
7281.0 8.675182e-17
7282.0 1.583892e-16
7283.0 1.933276e-16
7284.0 1.548334e-16
7285.0 1.082021e-16
7286.0 1.227139e-16
7287.0 6.510456e-17
7288.0 -4.633790e-17
7289.0 -4.784854e-18
7290.0 5.304036e-17
7291.0 3.012079e-17
7292.0 7.150720e-18
7293.0 2.737957e-17
7294.0 7.168917e-17
7295.0 8.425747e-17
7296.0 9.736866e-17
7297.0 1.113695e-16
7298.0 9.591037e-17
7299.0 1.461061e-16
7300.0 1.907080e-16
7301.0 8.259899e-17
7302.0 -1.410674e-17
7303.0 -4.224319e-17
7304.0 -5.813055e-17
7305.0 -9.577130e-17
7306.0 -7.673473e-17
7307.0 3.960820e-17
7308.0 7.145642e-17
7309.0 4.820829e-17
7310.0 7.576476e-17
7311.0 7.722627e-17
7312.0 4.564182e-17
7313.0 5.380652e-17
7314.0 1.077060e-16
7315.0 9.721724e-17
7316.0 2.906056e-17
7317.0 3.170037e-17
7318.0 8.314986e-17
7319.0 1.092671e-16
7320.0 1.011547e-16
7321.0 1.029012e-16
7322.0 1.075778e-16
7323.0 1.461805e-16
7324.0 2.018617e-16
7325.0 1.969738e-16
7326.0 1.297850e-16
7327.0 5.556135e-17
7328.0 2.264190e-17
7329.0 5.621072e-17
7330.0 1.257432e-16
7331.0 1.238536e-16
7332.0 6.914561e-17
7333.0 1.153841e-16
7334.0 1.474997e-16
7335.0 8.536361e-17
7336.0 6.517902e-17
7337.0 1.135388e-16
7338.0 1.677142e-16
7339.0 1.543120e-16
7340.0 1.640514e-16
7341.0 2.095191e-16
7342.0 1.381445e-16
7343.0 4.860942e-17
7344.0 4.993402e-17
7345.0 1.084445e-16
7346.0 1.415103e-16
7347.0 1.169727e-16
7348.0 7.931182e-17
7349.0 5.443092e-17
7350.0 5.793204e-17
7351.0 8.482598e-17
7352.0 8.981034e-17
7353.0 7.635978e-17
7354.0 1.056397e-16
7355.0 1.804833e-16
7356.0 1.641581e-16
7357.0 3.898425e-17
7358.0 2.207253e-17
7359.0 5.983301e-17
7360.0 5.135668e-17
7361.0 2.273145e-17
7362.0 5.393060e-17
7363.0 1.345583e-16
7364.0 1.029318e-16
7365.0 8.207456e-17
7366.0 1.294268e-16
7367.0 4.412109e-17
7368.0 -6.657848e-17
7369.0 -4.485641e-17
7370.0 6.882137e-17
7371.0 7.991157e-17
7372.0 1.832959e-17
7373.0 7.609968e-17
7374.0 1.050388e-16
7375.0 5.301719e-17
7376.0 9.528120e-18
7377.0 4.178245e-17
7378.0 9.988379e-17
7379.0 7.057502e-17
7380.0 2.207366e-17
7381.0 1.239868e-17
7382.0 4.293462e-17
7383.0 7.768386e-17
7384.0 1.290276e-16
7385.0 1.811058e-16
7386.0 1.187226e-16
7387.0 4.255317e-17
7388.0 5.156082e-17
7389.0 6.550052e-17
7390.0 6.083872e-17
7391.0 4.533697e-17
7392.0 6.668326e-17
7393.0 1.127223e-16
7394.0 1.393213e-16
7395.0 1.226332e-16
7396.0 8.234285e-17
7397.0 5.245359e-17
7398.0 6.311438e-17
7399.0 1.101671e-16
7400.0 1.412498e-16
7401.0 9.909125e-17
7402.0 1.407409e-17
7403.0 -2.416337e-17
7404.0 3.402469e-17
7405.0 1.133398e-16
7406.0 1.321595e-16
7407.0 7.120546e-17
7408.0 4.207528e-17
7409.0 6.732066e-17
7410.0 1.042016e-16
7411.0 1.402700e-16
7412.0 1.534883e-16
7413.0 1.213764e-16
7414.0 5.779737e-17
7415.0 4.182209e-17
7416.0 7.490580e-17
7417.0 4.812636e-17
