3810.000 1.23437e-16 
3811.000 3.39792e-16 
3812.000 4.09256e-16 
3813.000 2.67590e-16 
3814.000 3.80791e-16 
3815.000 3.67499e-16 
3816.000 1.23237e-16 
3817.000 1.57885e-16 
3818.000 1.58985e-16 
3819.000 1.35005e-16 
3820.000 2.34854e-16 
3821.000 1.96122e-16 
3822.000 1.70669e-16 
3823.000 3.75820e-16 
3824.000 2.83510e-16 
3825.000 1.62423e-16 
3826.000 2.25907e-16 
3827.000 2.99572e-16 
3828.000 4.16068e-16 
3829.000 3.40658e-16 
3830.000 1.52332e-16 
3831.000 -1.21475e-16 
3832.000 -1.24232e-16 
3833.000 1.50453e-16 
3834.000 3.45012e-16 
3835.000 2.60716e-16 
3836.000 1.70856e-16 
3837.000 2.42783e-16 
3838.000 2.76775e-16 
3839.000 2.36525e-16 
3840.000 1.89752e-16 
3841.000 9.93855e-17 
3842.000 6.58996e-17 
3843.000 5.35965e-17 
3844.000 6.18024e-17 
3845.000 9.46322e-17 
3846.000 2.40847e-16 
3847.000 2.91105e-16 
3848.000 -5.77200e-18 
3849.000 2.70754e-18 
3850.000 2.22499e-16 
3851.000 2.50697e-16 
3852.000 1.52920e-16 
3853.000 1.36909e-16 
3854.000 2.52840e-16 
3855.000 3.94281e-16 
3856.000 3.97447e-16 
3857.000 2.10247e-16 
3858.000 1.61747e-16 
3859.000 1.89885e-16 
3860.000 5.68494e-17 
3861.000 1.03134e-16 
3862.000 2.36838e-16 
3863.000 1.73635e-16 
3864.000 1.75371e-17 
3865.000 -6.90411e-17 
3866.000 9.81471e-17 
3867.000 1.25868e-16 
3868.000 1.19031e-16 
3869.000 1.94735e-16 
3870.000 2.63235e-16 
3871.000 1.72087e-16 
3872.000 8.97815e-17 
3873.000 1.24644e-16 
3874.000 1.47270e-16 
3875.000 2.56423e-16 
3876.000 4.30163e-16 
3877.000 4.26356e-16 
3878.000 3.89710e-16 
3879.000 3.84244e-16 
3880.000 1.64787e-16 
3881.000 9.15555e-17 
3882.000 1.22608e-16 
3883.000 1.69562e-16 
3884.000 2.56915e-17 
3885.000 2.30467e-16 
3886.000 2.87936e-16 
3887.000 1.14292e-16 
3888.000 -6.94154e-18 
3889.000 7.25373e-17 
3890.000 4.84520e-17 
3891.000 1.16510e-16 
3892.000 -6.65990e-18 
3893.000 1.59610e-16 
3894.000 2.87480e-16 
3895.000 1.37012e-16 
3896.000 4.79582e-17 
3897.000 1.40490e-16 
3898.000 2.65949e-16 
3899.000 1.49916e-16 
3900.000 5.38470e-17 
3901.000 -9.17745e-17 
3902.000 -6.10566e-17 
3903.000 6.62018e-17 
3904.000 4.47491e-17 
3905.000 1.84170e-16 
3906.000 2.67285e-16 
3907.000 2.15894e-16 
3908.000 2.09248e-16 
3909.000 1.57228e-16 
3910.000 1.94783e-16 
3911.000 2.59333e-16 
3912.000 2.82106e-16 
3913.000 2.82574e-16 
3914.000 1.78011e-16 
3915.000 1.26500e-16 
3916.000 2.47389e-16 
3917.000 3.09775e-16 
3918.000 3.32964e-16 
3919.000 3.62930e-16 
3920.000 1.85882e-16 
3921.000 6.48504e-17 
3922.000 1.39843e-16 
3923.000 1.50510e-16 
3924.000 1.70738e-16 
3925.000 3.19310e-16 
3926.000 3.59667e-16 
3927.000 2.41589e-16 
3928.000 8.16920e-17 
3929.000 2.30221e-17 
3930.000 1.42029e-16 
3931.000 1.63929e-16 
3932.000 1.03252e-16 
3933.000 9.97247e-17 
3934.000 2.95035e-17 
3935.000 5.07760e-17 
3936.000 6.60146e-17 
3937.000 3.08350e-17 
3938.000 -6.61550e-17 
3939.000 5.44645e-17 
3940.000 1.21143e-16 
3941.000 -6.18398e-17 
3942.000 -1.83188e-16 
3943.000 -2.49667e-16 
3944.000 -1.02455e-16 
3945.000 9.00619e-17 
3946.000 1.17192e-16 
3947.000 1.19032e-16 
3948.000 1.18720e-16 
3949.000 -4.34041e-17 
3950.000 -2.51354e-16 
3951.000 -1.49452e-16 
3952.000 2.89322e-17 
3953.000 1.06737e-16 
3954.000 1.67840e-17 
3955.000 1.36121e-16 
3956.000 1.73006e-16 
3957.000 9.93650e-17 
3958.000 1.45898e-16 
3959.000 1.35663e-16 
3960.000 8.76674e-17 
3961.000 1.95719e-16 
3962.000 9.58716e-17 
3963.000 -1.07136e-16 
3964.000 1.73794e-16 
3965.000 3.63681e-16 
3966.000 2.45262e-16 
3967.000 2.46912e-16 
3968.000 2.52096e-16 
3969.000 1.36744e-16 
3970.000 1.99885e-17 
3971.000 4.15559e-17 
3972.000 1.07756e-16 
3973.000 6.83151e-17 
3974.000 1.72715e-16 
3975.000 3.13779e-16 
3976.000 2.55016e-16 
3977.000 2.18298e-16 
3978.000 1.85220e-16 
3979.000 7.16830e-17 
3980.000 5.32364e-17 
3981.000 6.28918e-17 
3982.000 3.55092e-17 
3983.000 3.71053e-17 
3984.000 5.84396e-17 
3985.000 6.61716e-17 
3986.000 -1.62510e-17 
3987.000 -7.92694e-17 
3988.000 7.24581e-17 
3989.000 1.07807e-17 
3990.000 -1.39411e-16 
3991.000 -1.67053e-16 
3992.000 -1.17162e-16 
3993.000 -5.09959e-17 
3994.000 -2.25534e-17 
3995.000 -1.67336e-17 
3996.000 -2.48038e-17 
3997.000 -2.50207e-17 
3998.000 5.17217e-17 
3999.000 1.03430e-16 
4000.000 7.93891e-17 
4001.000 -2.98632e-18 
4002.000 -3.76249e-17 
4003.000 -6.27736e-18 
4004.000 1.01003e-16 
4005.000 -5.10304e-17 
4006.000 -9.50789e-17 
4007.000 -2.64688e-17 
4008.000 -5.86643e-17 
4009.000 -1.37624e-16 
4010.000 -9.94170e-17 
4011.000 -2.58736e-17 
4012.000 1.09278e-16 
4013.000 2.19837e-16 
4014.000 3.08281e-16 
4015.000 2.97299e-16 
4016.000 2.59487e-16 
4017.000 1.83834e-16 
4018.000 1.85212e-16 
4019.000 2.12156e-16 
4020.000 8.95332e-17 
4021.000 1.54181e-17 
4022.000 8.45476e-18 
4023.000 -1.21255e-16 
4024.000 -2.94381e-17 
4025.000 2.16066e-16 
4026.000 7.41675e-17 
4027.000 -1.06898e-16 
4028.000 -1.17607e-16 
4029.000 -6.31021e-17 
4030.000 -4.23792e-17 
4031.000 -1.03209e-16 
4032.000 -1.10231e-16 
4033.000 9.65431e-17 
4034.000 1.64771e-16 
4035.000 4.61620e-17 
4036.000 1.09903e-16 
4037.000 2.01948e-16 
4038.000 1.20988e-16 
4039.000 1.43276e-16 
4040.000 7.24151e-17 
4041.000 9.18320e-17 
4042.000 -3.16896e-19 
4043.000 -4.47325e-17 
4044.000 -3.59268e-17 
4045.000 -1.57405e-17 
4046.000 1.21669e-16 
4047.000 2.08687e-16 
4048.000 2.08175e-16 
4049.000 3.63369e-16 
4050.000 5.67831e-16 
4051.000 6.02383e-16 
4052.000 4.55427e-16 
4053.000 3.16362e-16 
4054.000 2.74375e-16 
4055.000 2.47852e-16 
4056.000 2.29943e-16 
4057.000 1.57751e-16 
4058.000 7.72898e-17 
4059.000 1.73504e-16 
4060.000 2.03372e-16 
4061.000 7.69454e-17 
4062.000 -3.93818e-17 
4063.000 1.23232e-17 
4064.000 6.59462e-17 
4065.000 -2.11642e-18 
4066.000 4.36476e-17 
4067.000 1.29827e-16 
4068.000 1.78228e-16 
4069.000 1.10525e-16 
4070.000 5.33162e-17 
4071.000 5.59155e-17 
4072.000 8.20035e-17 
4073.000 -1.22736e-16 
4074.000 -7.38490e-17 
4075.000 4.18432e-17 
4076.000 -3.51728e-17 
4077.000 -3.35519e-17 
4078.000 -2.12367e-17 
4079.000 8.58308e-17 
4080.000 8.22800e-17 
4081.000 -2.51519e-17 
4082.000 -9.65947e-17 
4083.000 -4.52254e-17 
4084.000 -6.39621e-17 
4085.000 -1.82307e-16 
4086.000 -8.74466e-17 
4087.000 4.34362e-17 
4088.000 9.40178e-17 
4089.000 8.62573e-17 
4090.000 5.06177e-17 
4091.000 1.81727e-16 
4092.000 7.48343e-17 
4093.000 7.19449e-19 
4094.000 6.67557e-18 
4095.000 -7.46202e-17 
4096.000 2.46169e-17 
4097.000 2.27957e-16 
4098.000 3.38811e-17 
4099.000 -1.56489e-16 
4100.000 -1.31005e-16 
4101.000 7.04037e-17 
4102.000 1.22908e-16 
4103.000 4.37026e-17 
4104.000 -8.20371e-17 
4105.000 2.26248e-17 
4106.000 1.79641e-16 
4107.000 1.48227e-16 
4108.000 2.60705e-16 
4109.000 2.81221e-16 
4110.000 8.35058e-17 
4111.000 -3.56664e-18 
4112.000 4.55757e-17 
4113.000 1.69046e-16 
4114.000 2.66806e-16 
4115.000 3.18683e-16 
4116.000 3.67974e-16 
4117.000 2.46710e-16 
4118.000 8.22286e-17 
4119.000 7.00474e-17 
4120.000 2.17623e-17 
4121.000 -1.16901e-16 
4122.000 -1.63567e-16 
4123.000 4.68148e-17 
4124.000 1.46240e-16 
4125.000 3.03030e-17 
4126.000 8.13999e-19 
4127.000 -2.93452e-17 
4128.000 1.04194e-16 
4129.000 2.19012e-16 
4130.000 9.34084e-17 
4131.000 -1.09876e-17 
4132.000 7.86099e-18 
4133.000 -4.31893e-17 
4134.000 -6.12658e-17 
4135.000 4.59380e-17 
4136.000 1.03296e-16 
4137.000 -1.92552e-17 
4138.000 7.45246e-17 
4139.000 1.87171e-16 
4140.000 1.38337e-16 
4141.000 1.44171e-16 
4142.000 1.57941e-16 
4143.000 -3.62592e-17 
4144.000 -2.11519e-16 
4145.000 -3.52676e-17 
4146.000 1.90244e-16 
4147.000 2.76768e-16 
4148.000 2.06901e-16 
4149.000 1.70295e-16 
4150.000 2.47270e-16 
4151.000 2.44472e-16 
4152.000 1.61874e-16 
4153.000 1.34519e-16 
4154.000 2.12755e-16 
4155.000 3.10332e-16 
4156.000 3.70629e-16 
4157.000 3.15561e-16 
4158.000 1.29088e-16 
4159.000 5.14684e-17 
4160.000 2.71787e-16 
4161.000 4.71256e-16 
4162.000 4.96138e-16 
4163.000 3.14866e-16 
4164.000 2.09782e-16 
4165.000 3.03946e-16 
4166.000 3.95653e-16 
4167.000 3.12586e-16 
4168.000 2.95707e-16 
4169.000 4.11591e-16 
4170.000 5.13588e-16 
4171.000 5.33361e-16 
4172.000 4.77482e-16 
4173.000 4.37575e-16 
4174.000 4.36108e-16 
4175.000 4.28199e-16 
4176.000 4.55727e-16 
4177.000 4.92454e-16 
4178.000 5.35278e-16 
4179.000 4.42088e-16 
4180.000 4.06647e-16 
4181.000 4.77551e-16 
4182.000 5.25336e-16 
4183.000 6.59478e-16 
4184.000 7.22812e-16 
4185.000 6.25767e-16 
4186.000 7.22001e-16 
4187.000 8.58401e-16 
4188.000 7.82542e-16 
4189.000 6.56658e-16 
4190.000 5.31409e-16 
4191.000 4.26940e-16 
4192.000 4.01796e-16 
4193.000 4.36543e-16 
4194.000 4.06145e-16 
4195.000 4.16613e-16 
4196.000 4.57306e-16 
4197.000 4.55198e-16 
4198.000 4.46232e-16 
4199.000 2.87783e-16 
4200.000 3.03938e-16 
4201.000 4.36915e-16 
4202.000 5.01091e-16 
4203.000 4.21707e-16 
4204.000 3.55792e-16 
4205.000 4.18111e-16 
4206.000 3.78861e-16 
4207.000 2.59485e-16 
4208.000 1.51995e-16 
4209.000 2.07670e-16 
4210.000 2.78552e-16 
4211.000 3.64050e-16 
4212.000 2.47944e-16 
4213.000 1.22753e-16 
4214.000 2.13477e-16 
4215.000 2.91868e-16 
4216.000 2.08480e-16 
4217.000 1.98995e-16 
4218.000 2.80019e-16 
4219.000 2.70342e-16 
4220.000 1.09902e-16 
4221.000 1.04722e-17 
4222.000 1.48815e-16 
4223.000 3.05674e-16 
4224.000 2.91420e-16 
4225.000 2.05067e-16 
4226.000 2.13777e-16 
4227.000 3.63192e-16 
4228.000 4.53890e-16 
4229.000 3.90724e-16 
4230.000 1.14759e-16 
4231.000 -5.69005e-17 
4232.000 1.01106e-16 
4233.000 8.90265e-17 
4234.000 7.20615e-17 
4235.000 2.28468e-16 
4236.000 1.65489e-16 
4237.000 7.42308e-17 
4238.000 1.70036e-16 
4239.000 2.49468e-16 
4240.000 2.13784e-16 
4241.000 1.19922e-16 
4242.000 1.99434e-16 
4243.000 1.58070e-16 
4244.000 -2.97494e-17 
4245.000 5.32653e-17 
4246.000 1.10287e-16 
4247.000 9.28159e-17 
4248.000 -5.78001e-17 
4249.000 1.21281e-17 
4250.000 2.78159e-16 
4251.000 7.82341e-17 
4252.000 2.05412e-17 
4253.000 -2.62934e-17 
4254.000 -1.22389e-16 
4255.000 -6.49107e-17 
4256.000 3.52650e-17 
4257.000 2.52522e-17 
4258.000 1.09890e-16 
4259.000 1.64170e-16 
4260.000 1.23906e-16 
4261.000 7.05668e-17 
4262.000 4.66537e-17 
4263.000 6.03363e-18 
4264.000 -1.85674e-17 
4265.000 7.88257e-17 
4266.000 1.11342e-16 
4267.000 9.19431e-17 
4268.000 9.01760e-17 
4269.000 5.53480e-17 
4270.000 -7.28166e-17 
4271.000 -5.62892e-17 
4272.000 1.40526e-17 
4273.000 1.04005e-16 
4274.000 7.29066e-17 
4275.000 3.40602e-18 
4276.000 4.26214e-17 
4277.000 1.38489e-17 
4278.000 -3.42680e-17 
4279.000 -7.95118e-17 
4280.000 -4.07661e-17 
4281.000 2.29803e-17 
4282.000 3.44172e-17 
4283.000 1.92773e-16 
4284.000 1.62246e-16 
4285.000 1.07764e-18 
4286.000 -8.18076e-17 
4287.000 -1.15455e-16 
4288.000 -4.64072e-17 
4289.000 -8.07816e-17 
4290.000 -1.93576e-17 
4291.000 9.28381e-17 
4292.000 1.72037e-16 
4293.000 9.01901e-17 
4294.000 -1.00120e-16 
4295.000 -4.62070e-17 
4296.000 -3.74510e-17 
4297.000 -1.27937e-16 
4298.000 -7.87350e-17 
4299.000 -5.88879e-17 
4300.000 -2.34119e-17 
4301.000 5.00093e-17 
4302.000 1.25496e-16 
4303.000 1.92092e-16 
4304.000 5.80065e-17 
4305.000 -5.61736e-17 
4306.000 -4.50021e-17 
4307.000 -1.42567e-16 
4308.000 -1.00375e-16 
4309.000 -3.54880e-17 
4310.000 1.96911e-17 
4311.000 -9.83053e-17 
4312.000 6.86684e-18 
4313.000 2.18129e-16 
4314.000 7.89124e-17 
4315.000 -1.42217e-16 
4316.000 -2.45896e-16 
4317.000 -3.25178e-16 
4318.000 -2.85161e-16 
4319.000 -2.07900e-16 
4320.000 -9.32856e-17 
4321.000 -4.71328e-17 
4322.000 -2.28708e-17 
4323.000 -9.06712e-18 
4324.000 -1.79682e-18 
4325.000 -2.45929e-17 
4326.000 2.48859e-17 
4327.000 8.21707e-17 
4328.000 6.20993e-17 
4329.000 -2.99451e-17 
4330.000 -1.61863e-16 
4331.000 -1.99084e-16 
4332.000 -1.25273e-16 
4333.000 -1.05053e-16 
4334.000 -2.11460e-16 
4335.000 -6.84969e-18 
4336.000 6.00881e-17 
4337.000 8.51940e-18 
4338.000 -3.77092e-17 
4339.000 -8.96599e-17 
4340.000 -1.36252e-16 
4341.000 -1.13905e-16 
4342.000 -7.19437e-17 
4343.000 -5.69660e-17 
4344.000 -1.53057e-16 
4345.000 -2.13108e-16 
4346.000 -1.64239e-16 
4347.000 -2.68437e-17 
4348.000 1.00118e-16 
4349.000 8.03292e-17 
4350.000 1.43149e-19 
4351.000 6.76623e-17 
4352.000 4.73041e-18 
4353.000 -1.68132e-16 
4354.000 -1.46580e-16 
4355.000 -1.40689e-16 
4356.000 -1.31966e-16 
4357.000 -1.32828e-16 
4358.000 -5.64846e-17 
4359.000 -1.03604e-16 
4360.000 -8.41996e-17 
4361.000 -1.26329e-17 
4362.000 -1.41927e-17 
4363.000 -3.16730e-17 
4364.000 -7.05449e-17 
4365.000 -1.47537e-16 
4366.000 -1.36127e-16 
4367.000 -1.36859e-16 
4368.000 -1.82025e-16 
4369.000 -1.31528e-16 
4370.000 -9.92096e-17 
4371.000 -8.53677e-17 
4372.000 -4.91270e-17 
4373.000 -6.40236e-17 
4374.000 -7.02064e-17 
4375.000 -1.15619e-16 
4376.000 -1.98270e-16 
4377.000 -1.28492e-16 
4378.000 4.67457e-17 
4379.000 1.35998e-16 
4380.000 -5.13609e-17 
4381.000 -2.90710e-16 
4382.000 -2.42449e-16 
4383.000 -1.16424e-16 
4384.000 -1.97235e-17 
4385.000 -1.78713e-16 
4386.000 -1.15267e-16 
4387.000 -8.94154e-18 
4388.000 -4.66857e-17 
4389.000 8.07427e-17 
4390.000 1.70201e-16 
4391.000 7.27504e-17 
4392.000 2.89098e-18 
4393.000 -6.35167e-17 
4394.000 -5.53228e-17 
4395.000 -2.70299e-18 
4396.000 1.13892e-16 
4397.000 6.82274e-17 
4398.000 -5.67205e-18 
4399.000 -4.80435e-17 
4400.000 -7.42314e-17 
4401.000 -4.56384e-17 
4402.000 3.23154e-17 
4403.000 7.12430e-17 
4404.000 -7.70863e-17 
4405.000 -5.73767e-17 
4406.000 -3.77840e-17 
4407.000 -8.49179e-17 
4408.000 4.24194e-18 
4409.000 8.69039e-17 
4410.000 9.24076e-18 
4411.000 4.25546e-17 
4412.000 1.54086e-16 
4413.000 2.22878e-16 
4414.000 2.00009e-16 
4415.000 1.97717e-16 
4416.000 3.25980e-16 
4417.000 1.69226e-16 
4418.000 3.01391e-17 
4419.000 1.27078e-16 
4420.000 1.32163e-16 
4421.000 1.51055e-16 
4422.000 1.69252e-16 
4423.000 1.08563e-16 
4424.000 5.31737e-17 
4425.000 -5.61927e-18 
4426.000 3.52562e-17 
4427.000 1.90930e-16 
4428.000 3.28463e-16 
4429.000 4.33609e-16 
4430.000 4.99105e-16 
4431.000 4.22810e-16 
4432.000 2.63290e-16 
4433.000 1.18618e-16 
4434.000 1.81657e-16 
4435.000 1.83148e-16 
4436.000 2.64614e-16 
4437.000 2.99798e-16 
4438.000 1.47602e-16 
4439.000 1.30046e-16 
4440.000 2.17844e-16 
4441.000 2.76536e-16 
4442.000 2.68751e-16 
4443.000 1.93541e-16 
4444.000 1.20977e-16 
4445.000 -3.24149e-18 
4446.000 -5.74892e-17 
4447.000 1.96246e-17 
4448.000 1.93998e-17 
4449.000 9.30114e-17 
4450.000 1.46477e-16 
4451.000 -9.49792e-17 
4452.000 -1.61433e-16 
4453.000 -1.54824e-17 
4454.000 1.23816e-17 
4455.000 7.04049e-18 
4456.000 7.96190e-17 
4457.000 1.07233e-16 
4458.000 8.07213e-17 
4459.000 9.42226e-17 
4460.000 -5.62495e-17 
4461.000 -1.19164e-16 
4462.000 3.67644e-18 
4463.000 6.01261e-17 
4464.000 2.07873e-17 
4465.000 1.40565e-17 
4466.000 3.01317e-17 
4467.000 -1.27848e-17 
4468.000 -8.10216e-17 
4469.000 -1.51018e-16 
4470.000 -2.10654e-16 
4471.000 -2.11297e-16 
4472.000 -1.02547e-16 
4473.000 2.78128e-17 
4474.000 1.06921e-16 
4475.000 6.94175e-17 
4476.000 3.84219e-17 
4477.000 2.03573e-17 
4478.000 4.08395e-17 
4479.000 2.22320e-16 
4480.000 8.85542e-17 
4481.000 -7.51225e-17 
4482.000 7.79818e-17 
4483.000 -2.37222e-17 
4484.000 -1.13827e-16 
4485.000 6.53632e-17 
4486.000 6.25464e-17 
4487.000 -3.74543e-17 
4488.000 -1.02207e-16 
4489.000 -7.44250e-17 
4490.000 -4.27438e-17 
4491.000 -1.47457e-17 
4492.000 1.14772e-17 
4493.000 -1.86556e-17 
4494.000 -7.45924e-17 
4495.000 -5.08989e-17 
4496.000 8.93383e-17 
4497.000 1.62302e-16 
4498.000 -2.21855e-17 
4499.000 -8.55442e-17 
4500.000 1.96293e-17 
4501.000 9.45957e-17 
4502.000 2.81264e-17 
4503.000 -1.11869e-16 
4504.000 -3.43785e-17 
4505.000 1.47200e-17 
4506.000 -9.94650e-18 
4507.000 2.59872e-17 
4508.000 1.91353e-17 
4509.000 -6.34514e-17 
4510.000 -1.42776e-16 
4511.000 -2.20178e-16 
4512.000 -1.65585e-16 
4513.000 2.97339e-17 
4514.000 1.62808e-17 
4515.000 3.20873e-17 
4516.000 1.34821e-18 
4517.000 -1.35124e-16 
4518.000 -1.47643e-16 
4519.000 2.82398e-17 
4520.000 3.59579e-17 
4521.000 -6.61010e-17 
4522.000 -1.46021e-16 
4523.000 -1.43085e-16 
4524.000 -7.50087e-17 
4525.000 3.61692e-17 
4526.000 1.49280e-16 
4527.000 6.97136e-17 
4528.000 -1.04718e-16 
4529.000 -1.47739e-16 
4530.000 3.92125e-17 
4531.000 1.31186e-16 
4532.000 1.25209e-17 
4533.000 1.48120e-17 
4534.000 8.30623e-17 
4535.000 6.47781e-17 
4536.000 -6.53520e-17 
4537.000 -1.11691e-16 
4538.000 -8.30315e-17 
4539.000 1.06351e-17 
4540.000 4.09881e-17 
4541.000 -5.40273e-17 
4542.000 -6.15153e-17 
4543.000 -8.40875e-17 
4544.000 -9.34118e-17 
4545.000 1.05382e-16 
4546.000 1.81245e-16 
4547.000 8.25168e-17 
4548.000 1.60959e-16 
4549.000 2.17346e-16 
4550.000 1.36708e-16 
4551.000 6.51722e-17 
4552.000 2.91227e-17 
4553.000 -1.35867e-17 
4554.000 2.21446e-17 
4555.000 9.45274e-17 
4556.000 1.17566e-16 
4557.000 1.06183e-16 
4558.000 1.47667e-16 
4559.000 1.30123e-16 
4560.000 6.85628e-17 
4561.000 6.42968e-17 
4562.000 1.29226e-16 
4563.000 1.39334e-16 
4564.000 1.23679e-16 
4565.000 1.16634e-16 
4566.000 1.27805e-16 
4567.000 1.06093e-16 
4568.000 1.10429e-16 
4569.000 1.79993e-16 
4570.000 1.79169e-16 
4571.000 8.43194e-17 
4572.000 4.76625e-17 
4573.000 1.72196e-16 
4574.000 2.43713e-16 
4575.000 1.77318e-16 
4576.000 5.20680e-17 
4577.000 1.34402e-17 
4578.000 6.99647e-17 
4579.000 1.13888e-16 
4580.000 1.31108e-16 
4581.000 1.29845e-18 
4582.000 -2.03727e-17 
4583.000 -2.87027e-17 
4584.000 2.35115e-17 
4585.000 6.70277e-17 
4586.000 1.25968e-16 
4587.000 2.44932e-16 
4588.000 2.91645e-16 
4589.000 1.29467e-16 
4590.000 -1.78403e-17 
4591.000 1.21023e-17 
4592.000 1.47226e-16 
4593.000 2.39203e-16 
4594.000 1.49006e-16 
4595.000 4.37123e-17 
4596.000 1.23669e-16 
4597.000 1.31169e-16 
4598.000 -5.70583e-19 
4599.000 6.85089e-17 
4600.000 1.96221e-16 
4601.000 1.85273e-16 
4602.000 9.69271e-17 
4603.000 3.10349e-17 
4604.000 4.46819e-17 
4605.000 5.16499e-17 
4606.000 9.17981e-17 
4607.000 1.52659e-16 
4608.000 2.41257e-16 
4609.000 3.40893e-16 
4610.000 2.45099e-16 
4611.000 6.22532e-17 
4612.000 -7.75702e-18 
4613.000 4.90156e-17 
4614.000 -2.59490e-17 
4615.000 4.87561e-17 
4616.000 1.39276e-16 
4617.000 2.28485e-16 
4618.000 2.19049e-16 
4619.000 1.23868e-16 
4620.000 1.45384e-16 
4621.000 1.94648e-16 
4622.000 1.87332e-16 
4623.000 1.66325e-16 
4624.000 1.36918e-16 
4625.000 1.11046e-16 
4626.000 1.23899e-16 
4627.000 2.39008e-16 
4628.000 3.09559e-16 
4629.000 5.84298e-17 
4630.000 -2.39253e-17 
4631.000 5.71433e-17 
4632.000 1.87215e-16 
4633.000 1.33271e-16 
4634.000 8.72504e-17 
4635.000 7.56997e-17 
4636.000 8.82471e-18 
4637.000 5.27978e-17 
4638.000 2.10134e-16 
4639.000 2.86736e-16 
4640.000 2.34509e-16 
4641.000 1.59064e-16 
4642.000 1.80005e-16 
4643.000 1.78655e-16 
4644.000 1.49982e-16 
4645.000 1.07136e-16 
4646.000 8.23899e-17 
4647.000 1.14615e-16 
4648.000 1.52605e-16 
4649.000 2.14959e-16 
4650.000 1.77696e-16 
4651.000 1.52437e-16 
4652.000 1.60848e-16 
4653.000 1.27986e-16 
4654.000 9.86145e-17 
4655.000 1.84726e-16 
4656.000 2.55650e-16 
4657.000 2.26286e-16 
4658.000 2.17849e-16 
4659.000 2.23785e-16 
4660.000 2.80695e-16 
4661.000 2.80574e-16 
4662.000 1.46622e-16 
4663.000 6.33024e-17 
4664.000 5.21384e-17 
4665.000 1.16548e-16 
4666.000 2.37733e-16 
4667.000 3.14934e-16 
4668.000 2.23976e-16 
4669.000 8.36351e-17 
4670.000 8.50988e-17 
4671.000 1.35076e-16 
4672.000 1.94101e-16 
4673.000 2.10411e-16 
4674.000 2.25325e-16 
4675.000 2.35833e-16 
4676.000 2.59041e-16 
4677.000 3.24196e-16 
4678.000 3.08157e-16 
4679.000 1.92428e-16 
4680.000 8.75857e-17 
4681.000 7.21238e-17 
4682.000 1.71601e-16 
4683.000 2.62830e-16 
4684.000 2.29678e-16 
4685.000 2.03852e-16 
4686.000 2.89024e-16 
4687.000 3.04519e-16 
4688.000 3.01013e-16 
4689.000 2.82694e-16 
4690.000 2.13259e-16 
4691.000 1.50676e-16 
4692.000 1.62961e-16 
4693.000 2.22552e-16 
4694.000 3.14633e-16 
4695.000 4.07059e-16 
4696.000 3.45842e-16 
4697.000 2.49989e-16 
4698.000 2.76036e-16 
4699.000 2.76167e-16 
4700.000 2.92974e-16 
4701.000 2.94980e-16 
4702.000 2.04875e-16 
4703.000 1.40592e-16 
4704.000 1.97572e-16 
4705.000 3.22382e-16 
4706.000 2.99847e-16 
4707.000 3.67581e-16 
4708.000 4.42500e-16 
4709.000 4.18988e-16 
4710.000 3.99628e-16 
4711.000 4.32830e-16 
4712.000 4.25587e-16 
4713.000 3.24470e-16 
4714.000 3.04093e-16 
4715.000 3.54784e-16 
4716.000 3.96393e-16 
4717.000 3.73632e-16 
4718.000 3.89856e-16 
4719.000 4.53255e-16 
4720.000 4.08967e-16 
4721.000 3.60855e-16 
4722.000 3.96324e-16 
4723.000 5.03092e-16 
4724.000 5.69486e-16 
4725.000 5.40833e-16 
4726.000 4.30368e-16 
4727.000 4.15439e-16 
4728.000 5.36689e-16 
4729.000 4.94287e-16 
4730.000 4.72633e-16 
4731.000 4.84222e-16 
4732.000 4.79218e-16 
4733.000 5.39073e-16 
4734.000 5.40540e-16 
4735.000 4.45311e-16 
4736.000 4.21539e-16 
4737.000 4.60179e-16 
4738.000 4.97114e-16 
4739.000 5.60585e-16 
4740.000 5.50307e-16 
4741.000 4.90342e-16 
4742.000 5.60626e-16 
4743.000 6.15551e-16 
4744.000 6.09955e-16 
4745.000 5.01328e-16 
4746.000 4.44570e-16 
4747.000 4.46751e-16 
4748.000 4.31226e-16 
4749.000 4.54899e-16 
4750.000 5.01573e-16 
4751.000 5.90126e-16 
4752.000 6.18391e-16 
4753.000 6.00809e-16 
4754.000 5.21693e-16 
4755.000 3.97922e-16 
4756.000 3.42589e-16 
4757.000 3.81980e-16 
4758.000 4.61680e-16 
4759.000 4.81076e-16 
4760.000 3.79185e-16 
4761.000 3.51217e-16 
4762.000 4.69191e-16 
4763.000 5.91336e-16 
4764.000 5.09052e-16 
4765.000 5.17409e-16 
4766.000 5.41956e-16 
4767.000 5.16989e-16 
4768.000 4.37473e-16 
4769.000 3.91257e-16 
4770.000 3.54327e-16 
4771.000 3.55540e-16 
4772.000 4.05162e-16 
4773.000 4.45448e-16 
4774.000 5.58813e-16 
4775.000 6.27113e-16 
4776.000 5.19256e-16 
4777.000 4.42672e-16 
4778.000 4.56499e-16 
4779.000 4.34156e-16 
4780.000 3.59986e-16 
4781.000 3.33726e-16 
4782.000 3.72842e-16 
4783.000 4.26873e-16 
4784.000 5.02466e-16 
4785.000 4.47402e-16 
4786.000 3.72156e-16 
4787.000 4.66505e-16 
4788.000 4.90237e-16 
4789.000 4.22548e-16 
4790.000 3.86705e-16 
4791.000 4.02382e-16 
4792.000 3.71287e-16 
4793.000 3.57208e-16 
4794.000 3.99777e-16 
4795.000 4.09425e-16 
4796.000 4.25695e-16 
4797.000 3.35115e-16 
4798.000 3.51695e-16 
4799.000 4.14862e-16 
4800.000 4.45422e-16 
4801.000 4.40054e-16 
4802.000 3.40751e-16 
4803.000 2.76710e-16 
4804.000 4.14301e-16 
4805.000 4.87391e-16 
4806.000 3.98198e-16 
4807.000 2.39039e-16 
4808.000 2.13514e-16 
4809.000 2.44997e-16 
4810.000 2.83023e-16 
4811.000 3.63544e-16 
4812.000 4.02978e-16 
4813.000 3.87327e-16 
4814.000 3.53480e-16 
4815.000 3.15102e-16 
4816.000 3.60729e-16 
4817.000 3.14017e-16 
4818.000 2.44610e-16 
4819.000 2.63432e-16 
4820.000 2.94894e-16 
4821.000 2.26241e-16 
4822.000 1.26921e-16 
4823.000 1.74027e-16 
4824.000 2.09357e-16 
4825.000 1.54177e-16 
4826.000 1.77702e-16 
4827.000 2.47123e-16 
4828.000 2.70063e-16 
4829.000 2.52029e-16 
4830.000 2.43759e-16 
4831.000 1.87461e-16 
4832.000 1.21752e-16 
4833.000 1.90103e-16 
4834.000 2.75727e-16 
4835.000 2.47495e-16 
4836.000 1.92411e-16 
4837.000 2.10247e-16 
4838.000 2.93899e-16 
4839.000 2.48784e-16 
4840.000 1.98166e-16 
4841.000 2.29143e-16 
4842.000 1.71634e-16 
4843.000 2.12294e-16 
4844.000 3.27582e-16 
4845.000 2.32640e-16 
4846.000 2.32936e-16 
4847.000 1.82009e-16 
4848.000 2.18604e-16 
4849.000 2.50031e-16 
4850.000 1.94184e-16 
4851.000 1.47000e-16 
4852.000 1.33030e-16 
4853.000 1.75459e-16 
4854.000 2.84009e-16 
4855.000 2.35312e-16 
4856.000 1.10965e-16 
4857.000 1.67036e-16 
4858.000 1.87207e-16 
4859.000 1.34310e-16 
4860.000 1.04628e-16 
4861.000 1.73844e-16 
4862.000 2.14731e-16 
4863.000 1.56530e-16 
4864.000 1.94894e-16 
4865.000 2.87819e-16 
4866.000 3.12880e-16 
4867.000 1.85073e-16 
4868.000 1.63840e-16 
4869.000 1.52803e-16 
4870.000 9.42772e-17 
4871.000 1.20771e-16 
4872.000 1.60831e-16 
4873.000 1.03822e-16 
4874.000 1.24735e-16 
4875.000 1.51818e-16 
4876.000 1.98377e-16 
4877.000 1.62523e-16 
4878.000 1.40013e-16 
4879.000 1.49722e-16 
4880.000 1.23389e-16 
4881.000 1.32708e-16 
4882.000 1.59608e-16 
4883.000 1.60996e-16 
4884.000 2.24663e-16 
4885.000 2.17646e-16 
4886.000 1.19196e-16 
4887.000 9.43715e-17 
4888.000 1.66505e-16 
4889.000 1.95179e-16 
4890.000 1.77036e-16 
4891.000 1.44719e-16 
4892.000 1.76090e-16 
4893.000 1.41849e-16 
4894.000 7.74946e-17 
4895.000 1.74526e-16 
4896.000 2.19801e-16 
4897.000 1.77003e-16 
4898.000 2.26074e-16 
4899.000 2.39311e-16 
4900.000 1.93687e-16 
4901.000 1.99245e-16 
4902.000 2.75593e-16 
4903.000 2.53017e-16 
4904.000 2.22099e-16 
4905.000 2.62587e-16 
4906.000 2.95399e-16 
4907.000 1.88387e-16 
4908.000 1.89686e-16 
4909.000 2.83381e-16 
4910.000 2.50874e-16 
4911.000 2.23467e-16 
4912.000 2.97484e-16 
4913.000 3.53857e-16 
4914.000 3.32508e-16 
4915.000 2.94750e-16 
4916.000 2.50317e-16 
4917.000 1.97705e-16 
4918.000 2.33579e-16 
4919.000 3.10236e-16 
4920.000 2.82050e-16 
4921.000 2.78051e-16 
4922.000 3.12045e-16 
4923.000 3.25318e-16 
4924.000 2.71265e-16 
4925.000 2.16813e-16 
4926.000 2.70136e-16 
4927.000 3.15765e-16 
4928.000 2.83454e-16 
4929.000 2.79994e-16 
4930.000 3.23649e-16 
4931.000 3.60765e-16 
4932.000 3.59170e-16 
4933.000 3.69633e-16 
4934.000 4.12526e-16 
4935.000 4.21062e-16 
4936.000 3.72066e-16 
4937.000 3.75072e-16 
4938.000 4.23996e-16 
4939.000 3.41883e-16 
4940.000 2.99506e-16 
4941.000 3.87345e-16 
4942.000 4.62156e-16 
4943.000 4.33548e-16 
4944.000 3.28513e-16 
4945.000 3.25187e-16 
4946.000 3.21282e-16 
4947.000 3.25137e-16 
4948.000 4.46845e-16 
4949.000 5.02501e-16 
4950.000 4.71752e-16 
4951.000 5.50399e-16 
4952.000 5.59351e-16 
4953.000 4.31045e-16 
4954.000 4.67449e-16 
4955.000 5.12243e-16 
4956.000 5.24918e-16 
4957.000 5.85400e-16 
4958.000 6.05334e-16 
4959.000 5.95833e-16 
4960.000 6.91157e-16 
4961.000 8.24681e-16 
4962.000 8.47096e-16 
4963.000 7.23366e-16 
4964.000 7.24835e-16 
4965.000 7.29015e-16 
4966.000 5.95973e-16 
4967.000 5.29228e-16 
4968.000 5.28814e-16 
4969.000 4.76333e-16 
4970.000 4.53712e-16 
4971.000 5.44771e-16 
4972.000 6.08013e-16 
4973.000 5.78696e-16 
4974.000 5.35123e-16 
4975.000 4.85709e-16 
4976.000 4.28586e-16 
4977.000 3.57520e-16 
4978.000 3.44226e-16 
4979.000 4.49008e-16 
4980.000 4.65050e-16 
4981.000 3.92178e-16 
4982.000 3.64765e-16 
4983.000 3.40740e-16 
4984.000 2.77695e-16 
4985.000 2.41007e-16 
4986.000 3.23812e-16 
4987.000 3.85504e-16 
4988.000 3.24536e-16 
4989.000 2.55542e-16 
4990.000 2.46389e-16 
4991.000 2.92855e-16 
4992.000 3.62911e-16 
4993.000 3.51855e-16 
4994.000 3.28355e-16 
4995.000 2.44877e-16 
4996.000 1.49553e-16 
4997.000 1.54898e-16 
4998.000 2.03652e-16 
4999.000 2.12584e-16 
5000.000 2.82363e-16 
5001.000 2.95585e-16 
5002.000 2.34383e-16 
5003.000 2.40151e-16 
5004.000 2.49188e-16 
5005.000 2.46157e-16 
5006.000 2.74089e-16 
5007.000 1.57836e-16 
5008.000 1.25869e-16 
5009.000 1.91654e-16 
5010.000 2.57800e-16 
5011.000 2.96001e-16 
5012.000 2.55866e-16 
5013.000 1.23369e-16 
5014.000 1.23736e-16 
5015.000 1.93991e-16 
5016.000 1.87793e-16 
5017.000 1.31761e-16 
5018.000 1.31699e-16 
5019.000 2.22777e-16 
5020.000 2.63068e-16 
5021.000 1.92471e-16 
5022.000 1.28710e-16 
5023.000 1.06284e-16 
5024.000 2.23166e-16 
5025.000 3.30377e-16 
5026.000 2.26842e-16 
5027.000 2.10526e-16 
5028.000 2.63848e-16 
5029.000 1.53372e-16 
5030.000 1.17217e-16 
5031.000 1.69669e-16 
5032.000 1.95172e-16 
5033.000 1.43912e-16 
5034.000 1.36116e-16 
5035.000 2.12128e-16 
5036.000 1.98015e-16 
5037.000 1.14043e-16 
5038.000 1.20247e-16 
5039.000 1.88125e-16 
5040.000 2.42372e-16 
5041.000 2.39946e-16 
5042.000 1.95302e-16 
5043.000 1.50960e-16 
5044.000 8.28574e-17 
5045.000 4.51669e-17 
5046.000 7.34986e-17 
5047.000 1.37735e-16 
5048.000 1.82650e-16 
5049.000 1.40338e-16 
5050.000 7.43524e-17 
5051.000 1.41449e-16 
5052.000 1.52609e-16 
5053.000 1.07372e-16 
5054.000 3.10740e-17 
5055.000 4.99275e-17 
5056.000 1.13471e-16 
5057.000 1.27062e-16 
5058.000 2.40630e-16 
5059.000 3.19360e-16 
5060.000 3.47010e-16 
5061.000 1.99016e-16 
5062.000 7.77685e-17 
5063.000 9.64613e-17 
5064.000 9.38866e-17 
5065.000 6.97866e-17 
5066.000 4.30458e-17 
5067.000 4.72268e-17 
5068.000 6.99162e-17 
5069.000 1.36340e-16 
5070.000 1.40181e-16 
5071.000 8.40588e-17 
5072.000 1.46375e-16 
5073.000 1.56954e-16 
5074.000 2.02498e-16 
5075.000 1.91963e-16 
5076.000 1.77464e-16 
5077.000 1.46188e-16 
5078.000 4.16671e-17 
5079.000 2.58641e-17 
5080.000 5.34643e-17 
5081.000 8.42840e-17 
5082.000 1.16480e-16 
5083.000 1.12699e-16 
5084.000 1.16749e-16 
5085.000 1.41073e-16 
5086.000 7.42111e-17 
5087.000 8.09069e-17 
5088.000 1.37195e-16 
5089.000 4.42985e-17 
5090.000 -1.72726e-17 
5091.000 8.21339e-17 
5092.000 1.85637e-16 
5093.000 2.10342e-16 
5094.000 1.74057e-16 
5095.000 1.74050e-16 
5096.000 1.82523e-16 
5097.000 1.66524e-16 
5098.000 1.12469e-16 
5099.000 4.18184e-17 
5100.000 2.73208e-17 
5101.000 6.41747e-17 
5102.000 8.93285e-17 
5103.000 1.12275e-16 
5104.000 1.55445e-16 
5105.000 1.89094e-16 
5106.000 1.93350e-16 
5107.000 2.22606e-16 
5108.000 2.76472e-16 
5109.000 2.57010e-16 
5110.000 1.95063e-16 
5111.000 1.74840e-16 
5112.000 1.87708e-16 
5113.000 2.49831e-16 
5114.000 2.41601e-16 
5115.000 1.64880e-16 
5116.000 1.58714e-16 
5117.000 1.61023e-16 
5118.000 1.27159e-16 
5119.000 1.32566e-16 
5120.000 1.72586e-16 
5121.000 1.66585e-16 
5122.000 1.48938e-16 
5123.000 2.01880e-16 
5124.000 1.80032e-16 
5125.000 6.68747e-17 
5126.000 2.79566e-17 
5127.000 6.61152e-17 
5128.000 7.70047e-17 
5129.000 8.06327e-17 
5130.000 1.37950e-16 
5131.000 1.93133e-16 
5132.000 1.94642e-16 
5133.000 1.08022e-16 
5134.000 7.31252e-17 
5135.000 2.09140e-17 
5136.000 -2.84569e-17 
5137.000 -1.80485e-17 
5138.000 5.41714e-17 
5139.000 1.22629e-16 
5140.000 1.00556e-16 
5141.000 7.99991e-17 
5142.000 7.87140e-17 
5143.000 8.51184e-17 
5144.000 7.07526e-17 
5145.000 5.93222e-17 
5146.000 9.19899e-17 
5147.000 5.95977e-17 
5148.000 5.60529e-17 
5149.000 3.85333e-17 
5150.000 -9.52309e-18 
5151.000 1.76969e-17 
5152.000 7.20262e-17 
5153.000 6.14136e-17 
5154.000 1.42785e-16 
5155.000 1.73257e-16 
5156.000 9.12757e-17 
5157.000 4.86250e-19 
5158.000 1.66963e-17 
5159.000 6.66695e-17 
5160.000 2.62102e-17 
5161.000 5.15431e-17 
5162.000 1.39682e-16 
5163.000 1.62191e-16 
5164.000 4.84056e-17 
5165.000 -3.32673e-17 
5166.000 2.90265e-17 
5167.000 1.41954e-17 
5168.000 3.91246e-17 
5169.000 1.10712e-16 
5170.000 8.03438e-17 
5171.000 5.53954e-17 
5172.000 1.88504e-17 
5173.000 2.86568e-17 
5174.000 6.07816e-17 
5175.000 5.28785e-17 
5176.000 1.78950e-17 
5177.000 3.68760e-17 
5178.000 9.17699e-17 
5179.000 -1.85580e-17 
5180.000 -2.28239e-17 
5181.000 5.23841e-17 
5182.000 5.59068e-18 
5183.000 -1.81000e-17 
5184.000 2.00912e-17 
5185.000 1.26688e-16 
5186.000 7.49392e-17 
5187.000 -3.81453e-17 
5188.000 -4.70104e-17 
5189.000 6.09202e-18 
5190.000 3.78025e-17 
5191.000 6.13268e-18 
5192.000 3.63451e-17 
5193.000 7.07429e-17 
5194.000 7.50301e-17 
5195.000 9.62103e-17 
5196.000 1.01035e-18 
5197.000 -1.19804e-16 
5198.000 -9.17183e-17 
5199.000 -4.89757e-17 
5200.000 -4.43658e-17 
5201.000 1.00426e-17 
5202.000 -2.75143e-18 
5203.000 -4.69999e-17 
5204.000 1.32020e-17 
5205.000 2.66732e-17 
5206.000 -3.11751e-17 
5207.000 -6.19683e-17 
5208.000 -3.28497e-17 
5209.000 -1.76274e-17 
5210.000 -4.59713e-17 
5211.000 -1.96915e-17 
5212.000 1.60775e-17 
5213.000 3.63615e-18 
5214.000 -1.33424e-17 
5215.000 -5.26391e-17 
5216.000 -8.55017e-17 
5217.000 -1.30050e-16 
5218.000 -1.20530e-16 
5219.000 -2.83703e-17 
5220.000 -1.79689e-17 
5221.000 -1.18111e-17 
5222.000 1.65822e-17 
5223.000 1.81649e-17 
5224.000 -2.82335e-17 
5225.000 -4.51280e-17 
5226.000 -1.60191e-17 
5227.000 -5.63876e-17 
5228.000 -8.60342e-17 
5229.000 2.61241e-18 
5230.000 1.71652e-17 
5231.000 -1.22479e-17 
5232.000 6.49844e-17 
5233.000 7.20907e-17 
5234.000 -1.21520e-17 
5235.000 -4.93753e-17 
5236.000 -6.32709e-17 
5237.000 -8.02174e-17 
5238.000 -4.57509e-17 
5239.000 -5.45962e-17 
5240.000 -6.19254e-17 
5241.000 -7.33435e-18 
5242.000 6.62247e-18 
5243.000 -7.63302e-17 
5244.000 -1.53227e-16 
5245.000 -1.40570e-16 
5246.000 -1.03931e-16 
5247.000 -1.03923e-16 
5248.000 -9.94057e-17 
5249.000 -5.49802e-17 
5250.000 -6.06333e-17 
5251.000 -1.01121e-16 
5252.000 -1.07141e-16 
5253.000 -6.54341e-17 
5254.000 -3.05756e-17 
5255.000 -2.92485e-17 
5256.000 -1.98302e-17 
5257.000 -5.37287e-17 
5258.000 -1.09677e-17 
5259.000 1.10789e-17 
5260.000 -1.13024e-16 
5261.000 -1.55967e-16 
5262.000 -1.03794e-16 
5263.000 -9.03417e-17 
5264.000 -1.03390e-16 
5265.000 -7.72696e-17 
5266.000 -3.57340e-17 
5267.000 -4.34192e-17 
5268.000 -7.33666e-17 
5269.000 -1.42686e-16 
5270.000 -1.27673e-16 
5271.000 -5.01063e-17 
5272.000 -3.65638e-17 
5273.000 -4.70474e-19 
5274.000 8.20892e-17 
5275.000 8.59490e-17 
5276.000 -8.50902e-17 
5277.000 -1.54910e-16 
5278.000 -5.36551e-17 
5279.000 1.22088e-16 
5280.000 4.26715e-17 
5281.000 -1.37873e-16 
5282.000 -8.98545e-17 
5283.000 -7.80739e-17 
5284.000 -1.18352e-16 
5285.000 -7.09068e-17 
5286.000 -5.56222e-17 
5287.000 -7.84312e-17 
5288.000 -8.07609e-17 
5289.000 -2.80905e-17 
5290.000 7.01485e-17 
5291.000 1.13449e-16 
5292.000 -4.25756e-18 
5293.000 -1.42397e-16 
5294.000 -1.59299e-16 
5295.000 -1.07889e-16 
5296.000 -1.49160e-16 
5297.000 -1.91364e-16 
5298.000 -9.90066e-17 
5299.000 -2.54412e-17 
5300.000 -8.21463e-18 
5301.000 3.31033e-17 
5302.000 7.34150e-18 
5303.000 -5.20815e-17 
5304.000 -1.00613e-16 
5305.000 -1.54318e-16 
5306.000 -1.75875e-16 
5307.000 -1.12139e-16 
5308.000 -1.14153e-16 
5309.000 -1.14482e-16 
5310.000 -5.39670e-17 
5311.000 -1.01649e-16 
5312.000 -6.81481e-17 
5313.000 -2.73046e-18 
5314.000 -1.51695e-17 
5315.000 -4.97152e-17 
5316.000 -6.69835e-17 
5317.000 -4.25893e-17 
5318.000 -1.10459e-17 
5319.000 -2.71196e-17 
5320.000 -1.19674e-16 
5321.000 -1.37300e-16 
5322.000 -5.42177e-17 
5323.000 -1.05672e-16 
5324.000 -1.02677e-16 
5325.000 -7.44821e-17 
5326.000 -1.45054e-16 
5327.000 -1.42129e-16 
5328.000 -1.15787e-16 
5329.000 -2.49743e-17 
5330.000 -6.95573e-17 
5331.000 -1.51808e-16 
5332.000 -6.93587e-17 
5333.000 -6.63903e-17 
5334.000 -1.13705e-16 
5335.000 -3.77105e-17 
5336.000 -3.07764e-18 
5337.000 -8.01898e-17 
5338.000 -1.79664e-16 
5339.000 -1.79645e-16 
5340.000 -8.51901e-17 
5341.000 -3.23339e-17 
5342.000 -4.13255e-17 
5343.000 -3.16975e-17 
5344.000 -8.15709e-18 
5345.000 -4.30318e-17 
5346.000 -9.56780e-17 
5347.000 -1.40013e-16 
5348.000 -1.85791e-16 
5349.000 -1.84762e-16 
5350.000 -1.20956e-16 
5351.000 -1.04946e-16 
5352.000 -9.93308e-17 
5353.000 -1.04631e-16 
5354.000 -1.35465e-16 
5355.000 -7.75698e-17 
5356.000 -3.46022e-17 
5357.000 -1.94742e-17 
5358.000 -3.77300e-17 
5359.000 -7.74216e-17 
5360.000 -6.17747e-17 
5361.000 -4.67081e-17 
5362.000 1.67950e-17 
5363.000 5.35289e-17 
5364.000 -2.54013e-17 
5365.000 -6.78297e-17 
5366.000 -5.65472e-17 
5367.000 -7.08597e-17 
5368.000 -7.88638e-17 
5369.000 -6.85970e-17 
5370.000 -6.17398e-17 
5371.000 -2.84046e-17 
5372.000 -6.99813e-18 
5373.000 -7.57726e-17 
5374.000 -1.04988e-16 
5375.000 -4.65131e-17 
5376.000 -5.75459e-17 
5377.000 -6.47980e-17 
5378.000 2.24712e-18 
5379.000 8.12369e-17 
5380.000 -5.26537e-19 
5381.000 -1.05912e-16 
5382.000 -6.21342e-17 
5383.000 -3.19408e-17 
5384.000 -2.01073e-17 
5385.000 1.30268e-17 
5386.000 -1.18193e-16 
5387.000 -1.67979e-16 
5388.000 -4.51321e-17 
5389.000 -7.50977e-17 
5390.000 -1.32743e-16 
5391.000 -5.48786e-17 
5392.000 -8.06205e-17 
5393.000 -9.81402e-17 
5394.000 -1.06618e-17 
5395.000 -2.43467e-17 
5396.000 -1.39230e-17 
5397.000 7.08221e-17 
5398.000 3.00182e-17 
5399.000 -8.72265e-17 
5400.000 -1.30620e-16 
5401.000 -7.34126e-17 
5402.000 -9.84559e-17 
5403.000 -7.96820e-17 
5404.000 -2.21293e-17 
5405.000 -2.79262e-17 
5406.000 -8.48548e-17 
5407.000 5.53112e-18 
5408.000 1.71188e-17 
5409.000 -3.97470e-17 
5410.000 2.30827e-17 
5411.000 1.01355e-16 
5412.000 4.02967e-17 
5413.000 -2.72126e-17 
5414.000 -9.78138e-17 
5415.000 -1.11924e-16 
5416.000 -2.13857e-17 
5417.000 -6.98813e-18 
5418.000 -2.51948e-17 
5419.000 -8.50678e-17 
5420.000 -8.80408e-17 
5421.000 -4.72620e-17 
5422.000 -5.86561e-17 
5423.000 -2.08937e-17 
5424.000 -4.21413e-17 
5425.000 -1.12627e-16 
5426.000 -1.06914e-16 
5427.000 -8.90083e-17 
5428.000 -3.64502e-17 
5429.000 -3.45647e-17 
5430.000 -4.35601e-17 
5431.000 -2.87687e-17 
5432.000 -1.13677e-17 
5433.000 -2.78072e-17 
5434.000 -6.44230e-17 
5435.000 -4.43378e-17 
5436.000 1.95125e-17 
5437.000 9.72346e-18 
5438.000 -4.45155e-17 
5439.000 -6.40999e-17 
5440.000 -7.07382e-17 
5441.000 -7.01441e-17 
5442.000 -1.44022e-18 
5443.000 3.85738e-17 
5444.000 1.20699e-17 
5445.000 -3.18593e-17 
5446.000 -3.28591e-17 
5447.000 2.31665e-17 
5448.000 -2.18111e-19 
5449.000 -4.72255e-17 
5450.000 -3.77018e-17 
5451.000 2.74480e-17 
5452.000 5.06058e-17 
5453.000 -3.23291e-17 
5454.000 -7.01125e-17 
5455.000 -4.65880e-17 
5456.000 -3.96700e-17 
5457.000 2.13174e-17 
5458.000 6.90349e-17 
5459.000 9.59311e-17 
5460.000 8.08242e-17 
5461.000 -6.57821e-17 
5462.000 -1.34228e-16 
5463.000 -8.11860e-17 
5464.000 -6.08315e-17 
5465.000 -6.25502e-17 
5466.000 1.66896e-17 
5467.000 -7.50254e-18 
5468.000 -3.62331e-17 
5469.000 -3.72836e-17 
5470.000 -2.98328e-17 
5471.000 -1.97100e-17 
5472.000 -3.42648e-17 
5473.000 -4.40447e-17 
5474.000 -8.50616e-17 
5475.000 -1.14649e-16 
5476.000 -6.16489e-17 
5477.000 -1.04340e-17 
5478.000 -4.65204e-17 
5479.000 -9.06293e-17 
5480.000 -3.99752e-18 
5481.000 6.37075e-17 
5482.000 -4.72242e-18 
5483.000 -1.64006e-17 
5484.000 2.96532e-17 
5485.000 2.87250e-19 
5486.000 -3.84928e-17 
5487.000 -7.48972e-17 
5488.000 -4.54687e-17 
5489.000 7.32038e-18 
5490.000 4.28131e-17 
5491.000 4.11829e-17 
5492.000 -2.84631e-17 
5493.000 -5.72937e-17 
5494.000 -8.08901e-18 
5495.000 -1.57547e-17 
5496.000 -1.15207e-18 
5497.000 -4.35662e-17 
5498.000 -3.91374e-17 
5499.000 1.38522e-17 
5500.000 -4.48167e-17 
5501.000 -3.76529e-17 
5502.000 1.73412e-17 
5503.000 6.24655e-18 
5504.000 -6.24261e-17 
5505.000 -2.22610e-17 
5506.000 2.10176e-17 
5507.000 4.45751e-18 
5508.000 1.50908e-17 
5509.000 5.01011e-17 
5510.000 1.54012e-17 
5511.000 -1.33256e-17 
5512.000 -2.72243e-17 
5513.000 -3.44193e-17 
5514.000 1.21099e-18 
5515.000 -1.88004e-17 
5516.000 -4.05538e-17 
5517.000 1.21703e-18 
5518.000 -2.57239e-18 
5519.000 -3.03253e-17 
5520.000 4.89979e-17 
5521.000 3.12181e-17 
5522.000 -9.69202e-17 
5523.000 -4.00560e-17 
5524.000 1.88110e-17 
5525.000 -2.68176e-17 
5526.000 -3.96694e-17 
5527.000 4.99247e-18 
5528.000 1.55637e-17 
5529.000 -2.20853e-17 
5530.000 9.20301e-19 
5531.000 4.73529e-17 
5532.000 4.18604e-18 
5533.000 4.89926e-17 
5534.000 1.12724e-16 
5535.000 3.94825e-17 
5536.000 2.29647e-17 
5537.000 5.05087e-17 
5538.000 7.49571e-18 
5539.000 -2.83413e-17 
5540.000 -2.90885e-17 
5541.000 -2.27663e-17 
5542.000 -1.40586e-18 
5543.000 1.89289e-17 
5544.000 3.68665e-17 
5545.000 4.76907e-17 
5546.000 6.38731e-17 
5547.000 6.83185e-17 
5548.000 7.37009e-18 
5549.000 1.19064e-17 
5550.000 8.08704e-17 
5551.000 4.82466e-17 
5552.000 -3.71396e-17 
5553.000 -6.44540e-17 
5554.000 -4.38064e-17 
5555.000 -1.70806e-17 
5556.000 -5.46251e-18 
5557.000 -3.58432e-17 
5558.000 6.07239e-17 
5559.000 1.29183e-16 
5560.000 3.72483e-19 
5561.000 4.17907e-17 
5562.000 6.41276e-17 
5563.000 1.57979e-17 
5564.000 -1.35323e-17 
5565.000 -9.18870e-17 
5566.000 -1.01780e-16 
5567.000 -1.47717e-18 
5568.000 1.09151e-16 
5569.000 1.32608e-16 
5570.000 4.49669e-17 
5571.000 -1.36036e-17 
5572.000 1.40254e-17 
5573.000 4.79794e-17 
5574.000 1.46796e-17 
5575.000 6.25278e-17 
5576.000 1.38930e-16 
5577.000 2.36777e-16 
5578.000 2.98739e-16 
5579.000 1.60472e-16 
5580.000 2.88151e-17 
5581.000 3.73431e-17 
5582.000 1.06549e-16 
5583.000 4.95996e-17 
5584.000 -1.06163e-17 
5585.000 2.87031e-17 
5586.000 1.07600e-17 
5587.000 -8.15724e-18 
5588.000 9.09364e-18 
5589.000 1.36455e-17 
5590.000 1.74042e-17 
5591.000 3.62648e-17 
5592.000 1.79494e-17 
5593.000 1.03769e-17 
5594.000 -1.29473e-17 
5595.000 -2.28985e-17 
5596.000 -1.45591e-17 
5597.000 -7.66101e-17 
5598.000 -4.03006e-17 
5599.000 5.27885e-17 
5600.000 9.56376e-17 
5601.000 9.59850e-17 
5602.000 7.81983e-17 
5603.000 3.20093e-17 
5604.000 6.88122e-17 
5605.000 1.23549e-16 
5606.000 8.06824e-17 
5607.000 -1.85797e-17 
5608.000 -4.41898e-17 
5609.000 -1.02705e-17 
5610.000 3.52810e-17 
5611.000 5.93636e-17 
5612.000 6.26326e-17 
5613.000 5.37506e-17 
5614.000 7.05314e-17 
5615.000 9.70777e-17 
5616.000 1.04587e-16 
5617.000 9.38951e-17 
5618.000 3.54135e-17 
5619.000 -4.05723e-17 
5620.000 -7.94959e-18 
5621.000 4.31876e-17 
5622.000 1.15684e-17 
5623.000 -3.03061e-17 
5624.000 3.50333e-18 
5625.000 4.26461e-17 
5626.000 1.48714e-16 
5627.000 2.11633e-16 
5628.000 1.03738e-16 
5629.000 -4.25140e-17 
5630.000 -4.02967e-17 
5631.000 5.30219e-17 
5632.000 5.19734e-17 
5633.000 4.89125e-17 
5634.000 7.68211e-17 
5635.000 8.78872e-17 
5636.000 5.44011e-17 
5637.000 3.22682e-17 
5638.000 3.61930e-17 
5639.000 9.60236e-18 
5640.000 6.60458e-18 
5641.000 4.14533e-17 
5642.000 7.35100e-17 
5643.000 6.97024e-17 
5644.000 2.63643e-17 
5645.000 -1.17248e-17 
5646.000 -2.52664e-17 
5647.000 -1.74568e-19 
5648.000 4.67080e-17 
5649.000 5.00221e-17 
5650.000 3.17532e-17 
5651.000 3.72486e-17 
5652.000 -1.74594e-17 
5653.000 -3.90025e-17 
5654.000 1.07917e-16 
5655.000 1.23564e-16 
5656.000 2.09366e-17 
5657.000 1.45958e-17 
5658.000 4.91184e-18 
5659.000 1.24401e-17 
5660.000 2.80473e-17 
5661.000 3.44549e-17 
5662.000 4.25565e-18 
5663.000 9.75120e-18 
5664.000 5.76295e-17 
5665.000 5.88842e-17 
5666.000 5.56787e-18 
5667.000 7.62287e-17 
5668.000 1.17025e-16 
5669.000 3.25346e-17 
5670.000 -7.04792e-18 
5671.000 1.98183e-17 
5672.000 1.06235e-16 
5673.000 1.08452e-16 
5674.000 2.65334e-17 
5675.000 -1.48243e-17 
5676.000 -3.99381e-17 
5677.000 7.37461e-18 
5678.000 7.24262e-17 
5679.000 1.61352e-17 
5680.000 -6.41110e-17 
5681.000 -7.71916e-17 
5682.000 -1.69679e-17 
5683.000 4.95401e-17 
5684.000 6.99652e-17 
5685.000 4.40869e-17 
5686.000 -6.16042e-17 
5687.000 -1.02723e-16 
5688.000 4.29319e-17 
5689.000 1.00793e-16 
5690.000 6.18445e-17 
5691.000 5.92167e-17 
5692.000 1.23345e-16 
5693.000 1.14841e-16 
5694.000 4.67681e-17 
5695.000 3.99283e-18 
5696.000 -1.66438e-17 
5697.000 6.09919e-17 
5698.000 8.19835e-18 
5699.000 -1.50714e-17 
5700.000 9.78301e-17 
5701.000 8.07185e-18 
5702.000 1.00831e-17 
5703.000 1.23167e-16 
5704.000 1.23400e-16 
5705.000 1.16679e-16 
5706.000 9.72757e-17 
5707.000 5.26349e-17 
5708.000 4.79028e-17 
5709.000 1.75623e-17 
5710.000 -6.56668e-18 
5711.000 -2.71404e-17 
5712.000 -3.18733e-17 
5713.000 2.51490e-17 
5714.000 5.09596e-17 
5715.000 1.72452e-17 
5716.000 -2.03407e-18 
5717.000 6.43430e-17 
5718.000 5.57335e-17 
5719.000 8.51872e-18 
5720.000 4.48972e-17 
5721.000 4.83981e-17 
5722.000 1.51824e-17 
5723.000 -1.25141e-17 
5724.000 -1.08477e-17 
5725.000 1.30930e-17 
5726.000 8.57864e-17 
5727.000 7.03244e-17 
5728.000 -3.24453e-18 
5729.000 -6.51032e-18 
5730.000 3.59853e-17 
5731.000 1.01155e-16 
5732.000 4.82821e-17 
5733.000 7.01704e-17 
5734.000 1.48846e-16 
5735.000 -1.69657e-17 
5736.000 -3.73588e-17 
5737.000 1.15033e-16 
5738.000 1.08390e-16 
5739.000 9.82466e-17 
5740.000 9.44710e-17 
5741.000 8.83408e-17 
5742.000 8.04147e-17 
5743.000 7.22931e-17 
5744.000 9.06871e-17 
5745.000 4.39271e-17 
5746.000 1.07654e-17 
5747.000 6.03213e-17 
5748.000 7.02294e-17 
5749.000 5.47589e-17 
5750.000 5.46426e-17 
5751.000 1.05208e-16 
5752.000 1.02307e-16 
5753.000 3.80833e-17 
5754.000 2.45175e-17 
5755.000 2.65421e-17 
5756.000 2.16358e-17 
5757.000 3.03686e-17 
5758.000 1.74785e-17 
5759.000 3.44504e-17 
5760.000 1.91966e-17 
5761.000 2.35546e-17 
5762.000 6.03119e-17 
5763.000 5.96706e-17 
5764.000 4.23523e-17 
5765.000 3.96818e-17 
5766.000 5.94987e-17 
5767.000 6.77621e-17 
5768.000 8.73896e-17 
5769.000 7.81969e-17 
5770.000 2.92404e-17 
5771.000 7.44293e-17 
5772.000 1.13134e-16 
5773.000 8.68397e-17 
5774.000 3.83245e-17 
5775.000 2.47812e-17 
5776.000 4.15982e-17 
5777.000 6.47102e-17 
5778.000 9.34910e-17 
5779.000 7.93675e-17 
5780.000 5.19633e-17 
5781.000 1.90591e-17 
5782.000 -3.62641e-18 
5783.000 7.77587e-18 
5784.000 4.57045e-17 
5785.000 1.10550e-16 
5786.000 9.70704e-17 
5787.000 6.60070e-17 
5788.000 9.19038e-17 
5789.000 1.11184e-16 
5790.000 9.03261e-17 
5791.000 3.81531e-17 
5792.000 5.42318e-17 
5793.000 7.97026e-17 
5794.000 4.57940e-17 
5795.000 5.59597e-17 
5796.000 8.21475e-17 
5797.000 7.38678e-17 
5798.000 1.08057e-16 
5799.000 1.17356e-16 
5800.000 1.19703e-16 
5801.000 1.09853e-16 
5802.000 1.06817e-16 
5803.000 1.32251e-16 
5804.000 2.02989e-16 
5805.000 2.39616e-16 
5806.000 2.07008e-16 
5807.000 1.75340e-16 
5808.000 1.20039e-16 
5809.000 5.95720e-17 
5810.000 5.83096e-17 
5811.000 8.44797e-17 
5812.000 8.43212e-17 
5813.000 1.22399e-16 
5814.000 1.56480e-16 
5815.000 1.37796e-16 
5816.000 9.80447e-17 
5817.000 7.29395e-17 
5818.000 8.19685e-17 
5819.000 1.18606e-16 
5820.000 1.20471e-16 
5821.000 6.69350e-17 
5822.000 1.05692e-17 
5823.000 -3.31661e-18 
5824.000 5.78114e-17 
5825.000 1.50896e-16 
5826.000 1.69438e-16 
5827.000 1.12520e-16 
5828.000 8.42956e-17 
5829.000 1.37447e-16 
5830.000 1.66803e-16 
5831.000 1.30128e-16 
5832.000 1.08469e-16 
5833.000 9.13310e-17 
5834.000 7.31870e-17 
5835.000 6.58994e-17 
5836.000 9.83249e-17 
5837.000 1.13701e-16 
5838.000 4.91612e-17 
5839.000 7.80431e-17 
5840.000 8.88730e-17 
5841.000 5.43817e-17 
5842.000 1.35814e-16 
5843.000 1.90190e-16 
5844.000 1.77104e-16 
5845.000 1.39067e-16 
5846.000 1.16392e-16 
5847.000 1.09232e-16 
5848.000 9.13335e-17 
5849.000 1.40804e-16 
5850.000 2.16838e-16 
5851.000 1.31193e-16 
5852.000 7.34851e-17 
5853.000 1.33445e-16 
5854.000 9.19483e-17 
5855.000 4.21916e-17 
5856.000 4.90988e-17 
5857.000 5.28061e-17 
5858.000 9.10591e-17 
5859.000 1.43097e-16 
5860.000 8.88059e-17 
5861.000 1.33506e-16 
5862.000 1.66370e-16 
5863.000 5.68366e-17 
5864.000 7.09765e-17 
5865.000 1.19078e-16 
5866.000 4.20232e-17 
5867.000 3.96139e-17 
5868.000 7.30754e-17 
5869.000 1.55541e-17 
5870.000 1.07291e-17 
5871.000 7.33996e-17 
5872.000 1.32599e-16 
5873.000 1.29432e-16 
5874.000 1.21720e-16 
5875.000 8.31868e-17 
5876.000 2.28189e-17 
5877.000 1.71226e-17 
5878.000 8.37013e-17 
5879.000 1.48168e-16 
5880.000 1.89019e-16 
5881.000 1.94624e-16 
5882.000 1.32955e-16 
5883.000 8.69163e-17 
5884.000 6.84709e-17 
5885.000 9.04731e-17 
5886.000 8.34348e-17 
5887.000 6.15044e-17 
5888.000 9.24616e-17 
5889.000 9.23201e-17 
5890.000 6.22822e-17 
5891.000 4.18421e-17 
5892.000 3.05602e-17 
5893.000 3.47680e-17 
5894.000 3.20062e-17 
5895.000 8.23191e-17 
5896.000 1.46567e-16 
5897.000 1.64173e-16 
5898.000 1.93656e-16 
5899.000 1.44375e-16 
5900.000 4.43571e-17 
5901.000 -4.55444e-18 
5902.000 2.19257e-17 
5903.000 8.49930e-17 
5904.000 8.84246e-17 
5905.000 5.66037e-17 
5906.000 6.34015e-17 
5907.000 1.31251e-16 
5908.000 9.46289e-17 
5909.000 -1.90926e-19 
5910.000 1.96758e-17 
5911.000 4.93563e-17 
5912.000 1.58757e-17 
5913.000 -4.04523e-17 
5914.000 1.71191e-17 
5915.000 8.11070e-17 
5916.000 3.67969e-17 
5917.000 8.00271e-17 
5918.000 1.35179e-16 
5919.000 3.38170e-17 
5920.000 3.12444e-18 
5921.000 5.87130e-17 
5922.000 8.98272e-17 
5923.000 9.22889e-17 
5924.000 7.64613e-17 
5925.000 4.53565e-17 
5926.000 1.17941e-17 
5927.000 2.32418e-17 
5928.000 7.63266e-17 
5929.000 1.36653e-16 
5930.000 1.09566e-16 
5931.000 3.28809e-17 
5932.000 3.83024e-17 
5933.000 7.40861e-17 
5934.000 1.40737e-16 
5935.000 1.98140e-16 
5936.000 1.45128e-16 
5937.000 1.03680e-16 
5938.000 1.26913e-16 
5939.000 1.10810e-16 
5940.000 6.74107e-17 
5941.000 4.70255e-17 
5942.000 8.56495e-17 
5943.000 1.29309e-16 
5944.000 1.26095e-16 
5945.000 1.03305e-16 
5946.000 1.24257e-16 
5947.000 1.84528e-16 
5948.000 1.80037e-16 
5949.000 1.31999e-16 
5950.000 1.06732e-16 
5951.000 1.23714e-16 
5952.000 1.17923e-16 
5953.000 3.36605e-17 
5954.000 2.84131e-17 
5955.000 7.30132e-17 
5956.000 4.42497e-17 
5957.000 2.43864e-17 
5958.000 5.36091e-17 
5959.000 9.27384e-17 
5960.000 8.06566e-17 
5961.000 6.16873e-17 
5962.000 7.43014e-17 
5963.000 1.14576e-16 
5964.000 1.52095e-16 
5965.000 1.72434e-16 
5966.000 1.75037e-16 
5967.000 1.90331e-16 
5968.000 1.80781e-16 
5969.000 1.60614e-16 
5970.000 1.39574e-16 
5971.000 1.11750e-16 
5972.000 1.67827e-16 
5973.000 1.61650e-16 
5974.000 8.69637e-17 
5975.000 1.07005e-16 
5976.000 1.44618e-16 
5977.000 1.25456e-16 
5978.000 9.54612e-17 
5979.000 8.41140e-17 
5980.000 1.20981e-16 
5981.000 2.01519e-16 
5982.000 2.60751e-16 
5983.000 2.35446e-16 
5984.000 1.81771e-16 
5985.000 1.89160e-16 
5986.000 1.44501e-16 
5987.000 1.26759e-16 
5988.000 1.93481e-16 
5989.000 1.59189e-16 
5990.000 1.40451e-16 
5991.000 1.77445e-16 
5992.000 1.79094e-16 
5993.000 1.96937e-16 
5994.000 2.47087e-16 
5995.000 3.12246e-16 
5996.000 2.85887e-16 
5997.000 1.88471e-16 
5998.000 2.31896e-16 
5999.000 2.82646e-16 
6000.000 2.03339e-16 
6001.000 9.53605e-17 
6002.000 1.19744e-16 
6003.000 2.52415e-16 
6004.000 2.34460e-16 
6005.000 1.61693e-16 
6006.000 1.40032e-16 
6007.000 1.48487e-16 
6008.000 1.45366e-16 
6009.000 1.51122e-16 
6010.000 1.98535e-16 
6011.000 1.99435e-16 
6012.000 1.65554e-16 
6013.000 1.19851e-16 
6014.000 1.25669e-16 
6015.000 1.59298e-16 
6016.000 1.52836e-16 
6017.000 1.95907e-16 
6018.000 2.21674e-16 
6019.000 1.82533e-16 
6020.000 1.39100e-16 
6021.000 1.16070e-16 
6022.000 1.11835e-16 
6023.000 1.54859e-16 
6024.000 1.57518e-16 
6025.000 7.31560e-17 
6026.000 9.44599e-17 
6027.000 1.61744e-16 
6028.000 1.87191e-16 
6029.000 2.12219e-16 
6030.000 1.63858e-16 
6031.000 8.03720e-17 
6032.000 9.54549e-17 
6033.000 1.06863e-16 
6034.000 7.62484e-17 
6035.000 6.90474e-17 
6036.000 1.03177e-16 
6037.000 1.37759e-16 
6038.000 1.28016e-16 
6039.000 7.86557e-17 
6040.000 6.64635e-17 
6041.000 9.13185e-17 
6042.000 1.43594e-16 
6043.000 1.37356e-16 
6044.000 4.39482e-17 
6045.000 -1.86945e-17 
6046.000 2.26639e-17 
6047.000 1.16928e-16 
6048.000 1.45923e-16 
6049.000 1.13396e-16 
6050.000 4.30123e-17 
6051.000 -1.69800e-17 
6052.000 1.64860e-17 
6053.000 1.04612e-16 
6054.000 1.04393e-16 
6055.000 6.91212e-17 
6056.000 5.66865e-17 
6057.000 6.97124e-17 
6058.000 1.04059e-16 
6059.000 7.55151e-17 
6060.000 -3.54297e-17 
6061.000 3.52780e-17 
6062.000 1.83774e-16 
6063.000 1.47081e-16 
6064.000 1.08914e-16 
6065.000 1.47869e-16 
6066.000 1.61253e-16 
6067.000 1.06444e-16 
6068.000 6.36659e-17 
6069.000 6.43928e-17 
6070.000 6.95590e-17 
6071.000 9.99779e-17 
6072.000 1.51696e-16 
6073.000 8.19815e-17 
6074.000 3.73372e-17 
6075.000 8.42699e-17 
6076.000 7.64566e-17 
6077.000 6.62816e-17 
6078.000 7.94625e-17 
6079.000 1.02546e-16 
6080.000 1.04364e-16 
6081.000 8.18036e-17 
6082.000 4.62280e-17 
6083.000 7.35647e-17 
6084.000 1.00416e-16 
6085.000 1.78119e-17 
6086.000 5.88963e-18 
6087.000 5.87423e-17 
6088.000 7.10978e-17 
6089.000 9.35864e-17 
6090.000 1.15717e-16 
6091.000 9.04657e-17 
6092.000 9.33197e-17 
6093.000 8.57299e-17 
6094.000 1.64958e-17 
6095.000 1.11740e-18 
6096.000 5.05199e-17 
6097.000 6.07951e-17 
6098.000 2.24359e-17 
6099.000 4.08955e-17 
6100.000 1.18426e-16 
6101.000 9.86689e-17 
6102.000 9.26653e-17 
6103.000 1.26477e-16 
6104.000 7.42065e-17 
6105.000 4.10994e-17 
6106.000 7.59377e-17 
6107.000 1.03242e-16 
6108.000 1.07440e-16 
6109.000 8.03438e-17 
6110.000 4.33529e-17 
6111.000 8.29786e-17 
6112.000 1.44773e-16 
6113.000 1.14341e-16 
6114.000 8.60609e-17 
6115.000 5.89329e-17 
6116.000 1.70102e-17 
6117.000 5.12541e-17 
6118.000 5.13675e-17 
6119.000 -2.39229e-17 
6120.000 -4.67724e-17 
6121.000 -2.15263e-17 
6122.000 1.15726e-17 
6123.000 3.27651e-17 
6124.000 5.12097e-17 
6125.000 6.05884e-17 
6126.000 7.14132e-17 
6127.000 7.74402e-17 
6128.000 7.00786e-17 
6129.000 8.35439e-17 
6130.000 7.25240e-17 
6131.000 5.10967e-17 
6132.000 3.59993e-17 
6133.000 8.16307e-17 
6134.000 1.37425e-16 
6135.000 9.60500e-17 
6136.000 5.72432e-17 
6137.000 4.50082e-17 
6138.000 5.80046e-17 
6139.000 7.92886e-17 
6140.000 9.70034e-17 
6141.000 1.00594e-16 
6142.000 7.15079e-17 
6143.000 6.50609e-17 
6144.000 1.07088e-16 
6145.000 1.41567e-16 
6146.000 1.54635e-16 
6147.000 1.39975e-16 
6148.000 7.81003e-17 
6149.000 1.86779e-17 
6150.000 5.65958e-18 
6151.000 2.28531e-17 
6152.000 4.12481e-17 
6153.000 5.52293e-17 
6154.000 7.07304e-17 
6155.000 2.70442e-17 
6156.000 -4.53361e-17 
6157.000 -6.82305e-17 
6158.000 -1.40964e-17 
6159.000 3.91454e-17 
6160.000 1.80988e-17 
6161.000 -4.31195e-18 
6162.000 1.00324e-17 
6163.000 4.72888e-17 
6164.000 7.28178e-17 
6165.000 9.40251e-17 
6166.000 1.30531e-16 
6167.000 1.38551e-16 
6168.000 1.17263e-16 
6169.000 9.09952e-17 
6170.000 7.84913e-17 
6171.000 5.86637e-17 
6172.000 2.97354e-17 
6173.000 3.22967e-17 
6174.000 6.66598e-17 
6175.000 7.72097e-17 
6176.000 7.43389e-17 
6177.000 4.50738e-17 
6178.000 -1.58921e-17 
6179.000 6.37390e-18 
6180.000 3.89200e-17 
6181.000 1.91771e-17 
6182.000 -2.31646e-17 
6183.000 1.72869e-18 
6184.000 7.05960e-17 
6185.000 6.44156e-17 
6186.000 4.76496e-17 
6187.000 5.73419e-17 
6188.000 6.34258e-17 
6189.000 5.50815e-17 
6190.000 7.84354e-17 
6191.000 1.47689e-16 
6192.000 1.13412e-16 
6193.000 7.13681e-18 
6194.000 -4.36140e-17 
6195.000 6.63627e-18 
6196.000 5.63698e-17 
6197.000 4.55156e-17 
6198.000 7.15728e-17 
6199.000 1.06807e-16 
6200.000 1.03772e-16 
6201.000 9.46229e-17 
6202.000 9.35149e-17 
6203.000 7.09755e-17 
6204.000 1.75504e-17 
6205.000 4.07461e-17 
6206.000 8.75558e-17 
6207.000 5.93797e-17 
6208.000 1.36933e-17 
6209.000 1.18843e-17 
6210.000 5.85072e-17 
6211.000 8.78986e-17 
6212.000 7.86565e-17 
6213.000 2.28608e-17 
6214.000 -2.88502e-17 
6215.000 -1.34342e-17 
6216.000 3.97649e-17 
6217.000 7.21922e-17 
6218.000 3.21066e-17 
6219.000 -6.08335e-17 
6220.000 -2.10180e-17 
6221.000 6.86538e-17 
6222.000 6.09828e-17 
6223.000 -3.16913e-17 
6224.000 -7.03501e-17 
6225.000 8.05264e-18 
6226.000 6.81647e-17 
6227.000 8.11963e-17 
6228.000 9.83407e-17 
6229.000 1.24957e-16 
6230.000 7.46520e-17 
6231.000 -1.98459e-17 
6232.000 -1.66073e-17 
6233.000 1.08766e-17 
6234.000 1.46628e-17 
6235.000 3.93140e-17 
6236.000 3.49316e-17 
6237.000 1.39635e-17 
6238.000 2.63673e-17 
6239.000 3.43430e-17 
6240.000 3.61426e-17 
6241.000 4.33412e-17 
6242.000 8.59479e-18 
6243.000 -2.43649e-17 
6244.000 6.89482e-18 
6245.000 6.57969e-17 
6246.000 6.85536e-17 
6247.000 1.03801e-17 
6248.000 1.51608e-17 
6249.000 6.42148e-17 
6250.000 9.25875e-17 
6251.000 6.93747e-17 
6252.000 2.84928e-17 
6253.000 1.34750e-17 
6254.000 4.16620e-17 
6255.000 4.57252e-17 
6256.000 1.27880e-17 
6257.000 1.93405e-17 
6258.000 6.08164e-17 
6259.000 7.65033e-17 
6260.000 3.34432e-17 
6261.000 4.46861e-17 
6262.000 7.63635e-17 
6263.000 4.21767e-17 
6264.000 4.57309e-17 
6265.000 3.25226e-17 
6266.000 -2.62158e-17 
6267.000 6.78651e-17 
6268.000 1.55737e-16 
6269.000 6.68871e-17 
6270.000 3.97375e-17 
6271.000 7.26716e-17 
6272.000 7.77788e-17 
6273.000 5.51736e-17 
6274.000 -3.35724e-18 
6275.000 -6.75757e-17 
6276.000 -8.00500e-17 
6277.000 -3.66199e-17 
6278.000 -3.07941e-18 
6279.000 -8.31403e-18 
6280.000 -5.20826e-17 
6281.000 -8.87010e-17 
6282.000 -3.69288e-17 
6283.000 -2.44187e-17 
6284.000 -4.19209e-17 
6285.000 2.94358e-17 
6286.000 9.98681e-17 
6287.000 7.51833e-17 
6288.000 -1.86777e-17 
6289.000 1.30709e-17 
6290.000 9.20642e-17 
6291.000 6.11340e-17 
6292.000 2.17262e-17 
6293.000 1.31101e-17 
6294.000 -2.33491e-17 
6295.000 -5.24242e-17 
6296.000 -3.95883e-17 
6297.000 7.85401e-18 
6298.000 2.33382e-17 
6299.000 -5.07272e-17 
6300.000 -1.31888e-16 
6301.000 -4.38994e-17 
6302.000 -6.82304e-18 
6303.000 -1.24357e-16 
6304.000 -5.05110e-17 
6305.000 5.23046e-17 
6306.000 3.67666e-17 
6307.000 1.65761e-17 
6308.000 4.22792e-17 
6309.000 6.22245e-17 
6310.000 1.31483e-17 
6311.000 -9.54712e-19 
6312.000 2.32412e-17 
6313.000 9.04520e-18 
6314.000 -4.91218e-18 
6315.000 1.65767e-17 
6316.000 4.67309e-17 
6317.000 4.42305e-17 
6318.000 3.94287e-17 
6319.000 7.03767e-17 
6320.000 1.11910e-16 
6321.000 9.98362e-17 
6322.000 2.33449e-17 
6323.000 -2.92728e-17 
6324.000 1.73128e-18 
6325.000 7.05639e-17 
6326.000 4.86600e-17 
6327.000 1.14679e-17 
6328.000 1.80840e-17 
6329.000 3.91843e-17 
6330.000 4.95943e-17 
6331.000 4.67315e-17 
6332.000 5.98009e-17 
6333.000 5.88562e-17 
6334.000 1.66455e-17 
6335.000 -5.12414e-17 
6336.000 -1.60304e-17 
6337.000 7.09860e-17 
6338.000 4.34390e-17 
6339.000 -1.19427e-17 
6340.000 5.14387e-19 
6341.000 7.56559e-17 
6342.000 5.42817e-17 
6343.000 1.69773e-17 
6344.000 7.77559e-17 
6345.000 6.11708e-17 
6346.000 1.20897e-17 
6347.000 3.36307e-17 
6348.000 6.90232e-17 
6349.000 8.60182e-17 
6350.000 1.01091e-16 
6351.000 1.50212e-16 
6352.000 1.09302e-16 
6353.000 -2.40067e-17 
6354.000 -6.49274e-17 
6355.000 -3.76211e-17 
6356.000 8.73765e-18 
6357.000 3.39386e-17 
6358.000 6.06102e-17 
6359.000 1.13725e-16 
6360.000 1.43233e-16 
6361.000 5.93630e-17 
6362.000 -4.51888e-17 
6363.000 -1.51956e-17 
6364.000 3.32867e-17 
6365.000 4.85700e-17 
6366.000 3.79618e-17 
6367.000 -2.64839e-17 
6368.000 -7.03725e-17 
6369.000 -3.01717e-17 
6370.000 -1.65775e-17 
6371.000 -2.49704e-17 
6372.000 -1.15382e-17 
6373.000 -1.37160e-17 
6374.000 8.43804e-18 
6375.000 7.95702e-17 
6376.000 1.15969e-16 
6377.000 6.55763e-17 
6378.000 1.26455e-17 
6379.000 8.43050e-17 
6380.000 1.12978e-16 
6381.000 6.98431e-17 
6382.000 8.56013e-17 
6383.000 9.84691e-17 
6384.000 9.00584e-17 
6385.000 8.89953e-17 
6386.000 7.13246e-17 
6387.000 5.66691e-17 
6388.000 7.83463e-17 
6389.000 7.75078e-17 
6390.000 3.65999e-17 
6391.000 -8.08069e-18 
6392.000 1.10255e-17 
6393.000 6.55798e-17 
6394.000 9.16890e-17 
6395.000 9.07455e-17 
6396.000 6.91805e-17 
6397.000 4.28527e-17 
6398.000 4.32714e-17 
6399.000 7.19948e-17 
6400.000 8.26116e-17 
6401.000 4.05565e-17 
6402.000 6.52017e-18 
6403.000 1.55828e-17 
6404.000 3.01524e-17 
6405.000 1.74722e-18 
6406.000 -4.57155e-17 
6407.000 -1.28651e-17 
6408.000 6.07177e-17 
6409.000 9.77585e-17 
6410.000 7.00384e-17 
6411.000 6.71785e-17 
6412.000 7.26932e-17 
6413.000 1.14619e-17 
6414.000 -5.91814e-18 
6415.000 3.45410e-17 
6416.000 7.03479e-17 
6417.000 5.20477e-17 
6418.000 1.70116e-17 
6419.000 1.93193e-17 
6420.000 2.09863e-17 
6421.000 2.63001e-17 
6422.000 4.88851e-17 
6423.000 7.50954e-17 
6424.000 6.56165e-17 
6425.000 2.33918e-17 
6426.000 3.65349e-17 
6427.000 9.68202e-17 
6428.000 1.39242e-16 
6429.000 1.07334e-16 
6430.000 7.69614e-17 
6431.000 7.80300e-17 
6432.000 5.14519e-17 
6433.000 1.59596e-17 
6434.000 -4.01007e-18 
6435.000 1.76376e-18 
6436.000 6.37160e-17 
6437.000 1.25837e-16 
6438.000 9.93152e-17 
6439.000 6.10669e-17 
6440.000 3.58434e-17 
6441.000 4.41667e-18 
6442.000 1.65268e-17 
6443.000 3.94882e-17 
6444.000 3.31593e-17 
6445.000 7.92518e-17 
6446.000 9.41320e-17 
6447.000 2.55808e-17 
6448.000 5.22738e-17 
6449.000 8.82899e-17 
6450.000 6.33249e-17 
6451.000 1.37490e-16 
6452.000 1.51120e-16 
6453.000 3.19018e-17 
6454.000 3.24374e-17 
6455.000 7.01380e-17 
6456.000 4.91854e-17 
6457.000 5.92227e-17 
6458.000 7.06834e-17 
6459.000 5.58240e-17 
6460.000 8.33408e-17 
6461.000 6.11186e-17 
6462.000 -3.50246e-18 
6463.000 5.00564e-17 
6464.000 1.06686e-16 
6465.000 1.10984e-16 
6466.000 1.00224e-16 
6467.000 6.68730e-17 
6468.000 1.90657e-17 
6469.000 -1.40336e-17 
6470.000 -1.76553e-18 
6471.000 4.53498e-17 
6472.000 8.85316e-17 
6473.000 7.42293e-17 
6474.000 7.55273e-17 
6475.000 1.26263e-16 
6476.000 9.51349e-17 
6477.000 2.49574e-17 
6478.000 -2.34234e-18 
6479.000 9.46413e-17 
6480.000 1.64397e-16 
6481.000 9.55094e-17 
6482.000 4.17706e-17 
6483.000 5.74115e-17 
6484.000 1.16688e-16 
6485.000 1.27547e-16 
6486.000 7.61091e-17 
6487.000 4.10075e-17 
6488.000 6.38439e-17 
6489.000 8.71038e-17 
6490.000 1.01043e-16 
6491.000 1.01096e-16 
6492.000 1.13929e-16 
6493.000 8.83850e-17 
6494.000 1.83839e-17 
6495.000 5.35297e-17 
6496.000 7.01934e-17 
6497.000 1.26486e-17 
6498.000 3.10952e-17 
6499.000 5.96222e-17 
6500.000 4.20406e-17 
6501.000 8.18537e-17 
6502.000 1.13246e-16 
6503.000 8.97750e-17 
6504.000 1.42113e-16 
6505.000 1.33821e-16 
6506.000 6.30441e-17 
6507.000 1.15898e-16 
6508.000 1.65340e-16 
6509.000 1.21334e-16 
6510.000 6.05563e-17 
6511.000 5.83756e-17 
6512.000 5.55398e-17 
6513.000 2.79007e-17 
6514.000 4.55537e-17 
6515.000 6.96941e-17 
6516.000 6.81668e-17 
6517.000 8.62146e-17 
6518.000 7.69991e-17 
6519.000 6.84355e-18 
6520.000 1.54547e-17 
6521.000 6.70618e-17 
6522.000 6.99322e-17 
6523.000 9.88178e-17 
6524.000 1.16162e-16 
6525.000 1.00973e-16 
6526.000 1.65062e-16 
6527.000 1.63031e-16 
6528.000 5.92179e-17 
6529.000 7.95025e-17 
6530.000 1.05527e-16 
6531.000 4.57808e-17 
6532.000 7.66028e-18 
6533.000 5.36579e-17 
6534.000 1.31574e-16 
6535.000 1.26866e-16 
6536.000 1.01700e-16 
6537.000 1.11665e-16 
6538.000 1.47101e-16 
6539.000 1.68829e-16 
6540.000 1.48352e-16 
6541.000 1.01076e-16 
6542.000 1.66554e-16 
6543.000 2.62025e-16 
6544.000 2.19961e-16 
6545.000 1.10078e-16 
6546.000 5.54072e-17 
6547.000 1.02482e-16 
6548.000 1.10224e-16 
6549.000 9.89398e-17 
6550.000 1.59491e-16 
6551.000 1.71579e-16 
6552.000 1.16745e-16 
6553.000 6.50737e-17 
6554.000 4.56571e-17 
6555.000 9.31257e-17 
6556.000 1.57482e-16 
6557.000 1.04728e-16 
6558.000 6.53064e-17 
6559.000 9.12118e-17 
6560.000 8.07361e-17 
6561.000 1.41353e-16 
6562.000 2.02753e-16 
6563.000 1.04314e-16 
6564.000 6.29143e-17 
6565.000 1.19809e-16 
6566.000 1.49571e-16 
6567.000 1.29649e-16 
6568.000 9.43995e-17 
6569.000 9.99986e-17 
6570.000 1.20062e-16 
6571.000 1.12770e-16 
6572.000 8.76105e-17 
6573.000 1.05337e-16 
6574.000 1.08507e-16 
6575.000 1.02482e-16 
6576.000 1.13713e-16 
6577.000 7.03475e-17 
6578.000 2.47006e-17 
6579.000 5.71297e-17 
6580.000 1.05254e-16 
6581.000 1.56516e-16 
6582.000 2.15520e-16 
6583.000 2.20160e-16 
6584.000 1.85320e-16 
6585.000 1.62024e-16 
6586.000 1.36759e-16 
6587.000 1.02453e-16 
6588.000 7.70711e-17 
6589.000 1.16325e-16 
6590.000 1.83028e-16 
6591.000 1.93277e-16 
6592.000 1.66277e-16 
6593.000 1.30363e-16 
6594.000 1.11905e-16 
6595.000 1.30890e-16 
6596.000 1.49482e-16 
6597.000 1.31263e-16 
6598.000 1.21868e-16 
6599.000 1.45096e-16 
6600.000 1.64007e-16 
6601.000 1.66226e-16 
6602.000 1.64950e-16 
6603.000 1.36166e-16 
6604.000 1.55037e-16 
6605.000 1.56274e-16 
6606.000 1.04791e-16 
6607.000 1.31806e-16 
6608.000 1.84879e-16 
6609.000 2.17621e-16 
6610.000 2.09313e-16 
6611.000 1.66950e-16 
6612.000 1.35154e-16 
6613.000 1.59419e-16 
6614.000 2.29614e-16 
6615.000 2.61359e-16 
6616.000 2.39830e-16 
6617.000 2.39972e-16 
6618.000 2.32981e-16 
6619.000 2.00629e-16 
6620.000 1.74834e-16 
6621.000 1.77923e-16 
6622.000 2.16772e-16 
6623.000 2.37235e-16 
6624.000 2.31299e-16 
6625.000 2.08511e-16 
6626.000 1.72955e-16 
6627.000 1.54948e-16 
6628.000 1.92129e-16 
6629.000 2.98698e-16 
6630.000 3.24666e-16 
6631.000 2.39510e-16 
6632.000 2.14953e-16 
6633.000 2.84422e-16 
6634.000 3.55713e-16 
6635.000 3.06066e-16 
6636.000 2.52740e-16 
6637.000 2.65785e-16 
6638.000 2.97911e-16 
6639.000 3.10959e-16 
6640.000 3.01748e-16 
6641.000 2.80120e-16 
6642.000 2.72227e-16 
6643.000 2.86803e-16 
6644.000 3.01799e-16 
6645.000 3.22789e-16 
6646.000 3.04357e-16 
6647.000 2.38250e-16 
6648.000 2.57607e-16 
6649.000 2.96865e-16 
6650.000 2.86323e-16 
6651.000 2.58312e-16 
6652.000 2.74221e-16 
6653.000 3.61297e-16 
6654.000 3.56196e-16 
6655.000 2.93580e-16 
6656.000 2.82930e-16 
6657.000 3.15581e-16 
6658.000 3.33972e-16 
6659.000 3.37182e-16 
6660.000 3.53435e-16 
6661.000 3.48702e-16 
6662.000 3.47757e-16 
6663.000 4.08018e-16 
6664.000 4.83333e-16 
6665.000 5.05662e-16 
6666.000 4.68259e-16 
6667.000 4.15737e-16 
6668.000 4.00654e-16 
6669.000 4.41523e-16 
6670.000 4.47405e-16 
6671.000 4.04900e-16 
6672.000 3.76255e-16 
6673.000 4.40261e-16 
6674.000 5.12951e-16 
6675.000 5.11623e-16 
6676.000 5.21530e-16 
6677.000 5.20106e-16 
6678.000 4.91222e-16 
6679.000 5.28580e-16 
6680.000 5.24722e-16 
6681.000 4.63078e-16 
6682.000 5.35278e-16 
6683.000 5.63772e-16 
6684.000 4.88069e-16 
6685.000 4.84237e-16 
6686.000 5.04582e-16 
6687.000 5.29999e-16 
6688.000 5.91631e-16 
6689.000 6.00973e-16 
6690.000 5.69426e-16 
6691.000 6.24103e-16 
6692.000 6.47218e-16 
6693.000 6.14793e-16 
6694.000 6.16355e-16 
6695.000 6.35549e-16 
6696.000 6.97940e-16 
6697.000 7.90213e-16 
6698.000 7.65900e-16 
6699.000 7.08552e-16 
6700.000 7.14760e-16 
6701.000 6.82823e-16 
6702.000 6.43949e-16 
6703.000 6.44606e-16 
6704.000 6.42909e-16 
6705.000 6.35892e-16 
6706.000 6.30354e-16 
6707.000 6.07728e-16 
6708.000 5.71902e-16 
6709.000 5.73962e-16 
6710.000 6.33058e-16 
6711.000 6.14203e-16 
6712.000 5.05837e-16 
6713.000 4.80423e-16 
6714.000 4.77598e-16 
6715.000 4.55867e-16 
6716.000 4.66701e-16 
6717.000 4.81395e-16 
6718.000 4.70260e-16 
6719.000 4.08832e-16 
6720.000 4.29886e-16 
6721.000 4.72725e-16 
6722.000 4.07715e-16 
6723.000 3.72191e-16 
6724.000 3.74582e-16 
6725.000 3.42061e-16 
6726.000 3.28579e-16 
6727.000 3.60715e-16 
6728.000 3.98092e-16 
6729.000 4.18099e-16 
6730.000 3.83767e-16 
6731.000 3.17458e-16 
6732.000 3.00229e-16 
6733.000 3.21499e-16 
6734.000 3.47927e-16 
6735.000 3.57013e-16 
6736.000 3.49492e-16 
6737.000 3.13145e-16 
6738.000 2.45041e-16 
6739.000 2.08916e-16 
6740.000 2.30387e-16 
6741.000 2.85858e-16 
6742.000 3.31869e-16 
6743.000 3.22772e-16 
6744.000 2.21433e-16 
6745.000 2.05539e-16 
6746.000 2.60655e-16 
6747.000 2.26412e-16 
6748.000 1.64367e-16 
6749.000 1.60175e-16 
6750.000 2.03648e-16 
6751.000 1.97300e-16 
6752.000 1.96840e-16 
6753.000 2.06695e-16 
6754.000 1.91883e-16 
6755.000 2.26571e-16 
6756.000 2.91809e-16 
6757.000 3.28460e-16 
6758.000 2.96843e-16 
6759.000 2.18421e-16 
6760.000 2.08089e-16 
6761.000 2.13522e-16 
6762.000 2.18224e-16 
6763.000 2.64823e-16 
6764.000 2.84972e-16 
6765.000 2.32306e-16 
6766.000 1.40615e-16 
6767.000 1.76661e-16 
6768.000 2.59285e-16 
6769.000 1.99982e-16 
6770.000 1.69618e-16 
6771.000 2.19468e-16 
6772.000 2.48997e-16 
6773.000 1.99788e-16 
6774.000 1.56635e-16 
6775.000 1.76346e-16 
6776.000 1.84811e-16 
6777.000 1.93292e-16 
6778.000 2.27486e-16 
6779.000 2.47576e-16 
6780.000 2.64515e-16 
6781.000 2.76639e-16 
6782.000 2.58312e-16 
6783.000 2.09216e-16 
6784.000 1.67549e-16 
6785.000 1.73839e-16 
6786.000 1.77076e-16 
6787.000 1.57066e-16 
6788.000 1.46717e-16 
6789.000 1.80834e-16 
6790.000 2.26277e-16 
6791.000 2.04821e-16 
6792.000 1.69686e-16 
6793.000 1.63402e-16 
6794.000 1.56075e-16 
6795.000 1.32799e-16 
6796.000 1.22851e-16 
6797.000 1.36169e-16 
6798.000 1.31909e-16 
6799.000 1.25014e-16 
6800.000 1.56079e-16 
6801.000 2.11051e-16 
6802.000 1.99407e-16 
6803.000 1.12372e-16 
6804.000 1.36844e-16 
6805.000 1.81267e-16 
6806.000 1.45533e-16 
6807.000 1.50711e-16 
6808.000 2.09696e-16 
6809.000 2.41377e-16 
6810.000 1.72732e-16 
6811.000 1.39770e-16 
6812.000 1.62260e-16 
6813.000 1.33671e-16 
6814.000 1.63327e-16 
6815.000 2.35630e-16 
6816.000 2.16543e-16 
6817.000 2.04087e-16 
6818.000 2.25319e-16 
6819.000 2.21363e-16 
6820.000 2.08909e-16 
6821.000 1.84370e-16 
6822.000 1.43700e-16 
6823.000 1.35746e-16 
6824.000 1.64414e-16 
6825.000 1.94834e-16 
6826.000 1.81332e-16 
6827.000 1.43760e-16 
6828.000 1.16205e-16 
6829.000 7.28673e-17 
6830.000 7.72967e-17 
6831.000 1.42312e-16 
6832.000 2.02444e-16 
6833.000 1.98370e-16 
6834.000 1.57023e-16 
6835.000 1.74547e-16 
6836.000 1.94025e-16 
6837.000 1.73161e-16 
6838.000 1.51725e-16 
6839.000 1.42939e-16 
6840.000 1.08443e-16 
6841.000 4.37676e-17 
6842.000 3.39386e-17 
6843.000 7.11827e-17 
6844.000 1.01963e-16 
6845.000 1.16906e-16 
6846.000 9.35167e-17 
6847.000 5.55578e-17 
6848.000 6.57460e-17 
6849.000 7.04400e-17 
6850.000 3.69056e-17 
6851.000 1.03516e-17 
6852.000 2.43807e-17 
6853.000 8.30609e-17 
6854.000 1.04357e-16 
6855.000 7.69005e-17 
6856.000 5.40059e-17 
6857.000 8.48666e-17 
6858.000 1.21948e-16 
6859.000 1.35040e-16 
6860.000 1.34609e-16 
6861.000 1.00533e-16 
6862.000 5.58554e-17 
6863.000 1.22929e-17 
6864.000 4.36037e-17 
6865.000 1.16858e-16 
6866.000 8.21744e-17 
6867.000 -4.71129e-17 
6868.000 -1.46494e-16 
6869.000 -1.22557e-16 
6870.000 -7.28093e-17 
6871.000 -4.93721e-17 
6872.000 -3.63426e-17 
6873.000 -1.42344e-17 
6874.000 2.34565e-18 
6875.000 -3.64457e-18 
6876.000 -3.23881e-17 
6877.000 -2.87092e-17 
6878.000 1.48827e-17 
6879.000 2.17711e-18 
6880.000 -4.93641e-17 
6881.000 -8.14071e-17 
6882.000 -4.38141e-17 
6883.000 1.30335e-18 
6884.000 1.54572e-17 
6885.000 1.93772e-19 
6886.000 -9.74408e-17 
6887.000 -1.64173e-16 
6888.000 -7.10568e-17 
6889.000 -1.53044e-17 
6890.000 -7.03272e-17 
6891.000 -1.37124e-16 
6892.000 -9.47164e-17 
6893.000 -9.07661e-18 
6894.000 2.18782e-18 
6895.000 -8.81600e-18 
6896.000 -1.19309e-17 
6897.000 -3.57104e-19 
6898.000 -1.41523e-17 
6899.000 -2.41108e-17 
6900.000 -6.98222e-18 
6901.000 -6.58331e-18 
6902.000 -1.93830e-17 
6903.000 -3.40824e-17 
6904.000 -1.08726e-17 
6905.000 2.11246e-17 
6906.000 5.16792e-18 
6907.000 3.41998e-17 
6908.000 8.56920e-17 
6909.000 6.57344e-17 
6910.000 1.48271e-17 
6911.000 -1.58885e-17 
6912.000 -1.66512e-17 
6913.000 1.45677e-17 
6914.000 3.89420e-17 
6915.000 4.29923e-17 
6916.000 3.51764e-17 
6917.000 7.96452e-18 
6918.000 -5.03796e-17 
6919.000 -1.18501e-16 
6920.000 -1.01845e-16 
6921.000 -5.26514e-17 
6922.000 -5.24477e-17 
6923.000 -7.54693e-17 
6924.000 -6.62072e-17 
6925.000 1.76793e-17 
6926.000 3.82152e-17 
6927.000 1.33746e-17 
6928.000 4.01150e-17 
6929.000 5.66084e-17 
6930.000 5.77413e-18 
6931.000 -5.26841e-17 
6932.000 -1.70879e-17 
6933.000 2.10811e-17 
6934.000 1.38805e-17 
6935.000 3.57744e-17 
6936.000 5.89213e-17 
6937.000 4.88805e-17 
6938.000 1.19764e-17 
6939.000 -5.81436e-18 
6940.000 4.68209e-18 
6941.000 8.21924e-18 
6942.000 5.71301e-18 
6943.000 3.17171e-17 
6944.000 9.81926e-17 
6945.000 9.47682e-17 
6946.000 8.68975e-18 
6947.000 -5.73485e-17 
6948.000 -1.19355e-17 
6949.000 4.52618e-17 
6950.000 1.67234e-17 
6951.000 -1.85839e-17 
6952.000 1.14079e-17 
6953.000 7.21717e-17 
6954.000 2.66890e-17 
6955.000 -3.53619e-17 
6956.000 -3.91502e-17 
6957.000 -6.28501e-17 
6958.000 -4.90038e-17 
6959.000 2.11976e-17 
6960.000 2.74334e-17 
6961.000 3.74747e-17 
6962.000 7.54954e-17 
6963.000 3.97439e-17 
6964.000 -3.05601e-17 
6965.000 -6.51423e-17 
6966.000 -1.86831e-17 
6967.000 2.98884e-17 
6968.000 3.49082e-17 
6969.000 4.79799e-18 
6970.000 -3.81293e-17 
6971.000 -4.17600e-17 
6972.000 -2.48318e-18 
6973.000 -4.27358e-17 
6974.000 -9.29258e-17 
6975.000 -4.73012e-17 
6976.000 1.08326e-17 
6977.000 3.25216e-17 
6978.000 2.85721e-17 
6979.000 3.15001e-17 
6980.000 2.00796e-17 
6981.000 -4.73940e-18 
6982.000 -2.13980e-17 
6983.000 -8.95295e-18 
6984.000 3.75822e-17 
6985.000 4.97352e-17 
6986.000 -1.58993e-18 
6987.000 -5.49999e-17 
6988.000 -6.31764e-17 
6989.000 -2.65322e-17 
6990.000 1.09620e-17 
6991.000 -5.14992e-18 
6992.000 -2.82618e-17 
6993.000 -4.47980e-18 
6994.000 5.26441e-17 
6995.000 2.32896e-17 
6996.000 -2.20732e-17 
6997.000 1.58550e-17 
6998.000 -1.09296e-17 
6999.000 -3.80669e-17 
7000.000 4.14848e-17 
7001.000 5.25360e-17 
7002.000 -1.06342e-17 
7003.000 -2.85049e-17 
7004.000 4.20748e-17 
7005.000 4.33600e-17 
7006.000 -4.71925e-17 
7007.000 -1.62096e-17 
7008.000 1.00782e-17 
7009.000 -6.25196e-17 
7010.000 -1.26843e-16 
7011.000 -9.07592e-17 
7012.000 7.30513e-18 
7013.000 3.53061e-18 
7014.000 -3.96689e-19 
7015.000 1.40166e-17 
7016.000 -3.40612e-17 
7017.000 -7.23173e-17 
7018.000 -9.67214e-17 
7019.000 -1.33582e-16 
7020.000 -4.15086e-17 
7021.000 5.28546e-17 
7022.000 -1.64648e-17 
7023.000 -6.01668e-17 
7024.000 -2.82089e-17 
7025.000 9.55824e-20 
7026.000 -6.07871e-17 
7027.000 -9.27992e-17 
7028.000 -1.85850e-17 
7029.000 2.84884e-18 
7030.000 -3.26599e-17 
7031.000 -5.49100e-17 
7032.000 -3.21382e-18 
7033.000 2.40659e-17 
7034.000 -6.30108e-18 
7035.000 2.13295e-17 
7036.000 4.02013e-17 
7037.000 6.12442e-18 
7038.000 -1.13337e-17 
7039.000 1.14376e-17 
7040.000 2.49937e-17 
7041.000 -3.17547e-17 
7042.000 -6.87490e-17 
7043.000 -4.08642e-17 
7044.000 9.92066e-18 
7045.000 2.80592e-17 
7046.000 6.91041e-18 
7047.000 -2.63210e-17 
7048.000 1.95391e-17 
7049.000 7.18720e-17 
7050.000 -4.70567e-19 
7051.000 -6.88078e-17 
7052.000 -1.12472e-17 
7053.000 8.70220e-17 
7054.000 1.46336e-17 
7055.000 -9.02871e-17 
7056.000 -7.30328e-17 
7057.000 6.61259e-18 
7058.000 3.09119e-17 
7059.000 -1.87002e-17 
7060.000 -6.39974e-18 
7061.000 1.97354e-17 
7062.000 5.16989e-18 
7063.000 1.08161e-17 
7064.000 2.84204e-17 
7065.000 2.39740e-17 
7066.000 2.12656e-17 
7067.000 4.81124e-17 
7068.000 5.20673e-17 
7069.000 -1.52235e-17 
7070.000 -9.93880e-17 
7071.000 -9.33250e-17 
7072.000 2.32635e-17 
7073.000 -7.36960e-18 
7074.000 -8.77583e-17 
7075.000 2.39409e-18 
7076.000 6.18726e-17 
7077.000 2.34948e-17 
7078.000 -9.57606e-18 
7079.000 3.14413e-17 
7080.000 1.42235e-17 
7081.000 -6.48838e-17 
7082.000 7.19887e-18 
7083.000 5.04660e-17 
7084.000 -2.80476e-17 
7085.000 -4.90892e-17 
7086.000 -3.45945e-18 
7087.000 3.18738e-17 
7088.000 -2.22618e-17 
7089.000 -8.92792e-17 
7090.000 -9.11789e-17 
7091.000 -2.42649e-17 
7092.000 1.57202e-17 
7093.000 -4.49978e-18 
7094.000 -2.40502e-17 
7095.000 -4.33807e-17 
7096.000 -5.08308e-17 
7097.000 -3.84659e-17 
7098.000 -3.75628e-17 
7099.000 -6.79838e-17 
7100.000 -9.66907e-17 
7101.000 -1.71846e-17 
7102.000 5.71408e-17 
7103.000 1.63212e-17 
7104.000 -1.72906e-17 
7105.000 -1.11575e-17 
7106.000 3.45034e-18 
7107.000 -1.84240e-17 
7108.000 -2.80005e-17 
7109.000 1.55298e-19 
7110.000 3.37707e-18 
7111.000 -3.52133e-17 
7112.000 -6.41539e-17 
7113.000 -3.77137e-17 
7114.000 -1.37869e-17 
7115.000 -1.14290e-17 
7116.000 -9.30830e-18 
7117.000 -4.06547e-17 
7118.000 -6.31907e-17 
7119.000 -3.10830e-17 
7120.000 -4.67311e-17 
7121.000 -8.62264e-17 
7122.000 -6.29928e-17 
7123.000 1.52776e-17 
7124.000 4.19083e-17 
7125.000 -3.47983e-17 
7126.000 -6.17438e-17 
7127.000 -2.82151e-17 
7128.000 3.33638e-19 
7129.000 2.88926e-18 
7130.000 1.27931e-17 
7131.000 3.57191e-17 
7132.000 1.04429e-17 
7133.000 9.64180e-18 
7134.000 4.59006e-17 
7135.000 -9.03758e-18 
7136.000 -4.80599e-17 
7137.000 -1.53943e-17 
7138.000 3.49698e-18 
7139.000 -2.23289e-17 
7140.000 -5.54702e-17 
7141.000 -3.99139e-17 
7142.000 3.54401e-17 
7143.000 7.79754e-17 
7144.000 -1.25670e-17 
7145.000 -9.60048e-17 
7146.000 -7.78260e-17 
7147.000 8.80927e-18 
7148.000 4.08524e-17 
7149.000 1.21576e-17 
7150.000 -1.47771e-17 
7151.000 -4.14133e-17 
7152.000 -4.93908e-17 
7153.000 -2.28387e-17 
7154.000 -5.71340e-18 
7155.000 3.58324e-18 
7156.000 8.53047e-18 
7157.000 -3.34065e-18 
7158.000 -2.59099e-18 
7159.000 4.32286e-17 
7160.000 1.05821e-16 
7161.000 1.02344e-16 
7162.000 3.95035e-17 
7163.000 9.21447e-18 
7164.000 4.40420e-17 
7165.000 1.17205e-16 
7166.000 1.65108e-16 
7167.000 1.35665e-16 
7168.000 7.66364e-17 
7169.000 8.26316e-17 
7170.000 1.15021e-16 
7171.000 1.13649e-16 
7172.000 6.61316e-17 
7173.000 7.18498e-17 
7174.000 9.32569e-17 
7175.000 5.27588e-17 
7176.000 3.47846e-17 
7177.000 6.06227e-17 
7178.000 7.64432e-17 
7179.000 4.27939e-17 
7180.000 3.07716e-17 
7181.000 5.25615e-17 
7182.000 5.21272e-17 
7183.000 8.01017e-17 
7184.000 1.36486e-16 
7185.000 1.28063e-16 
7186.000 9.58061e-17 
7187.000 6.70643e-17 
7188.000 3.70616e-17 
7189.000 4.05520e-17 
7190.000 8.23384e-17 
7191.000 1.25869e-16 
7192.000 1.10179e-16 
7193.000 6.86422e-17 
7194.000 6.23581e-17 
7195.000 7.56415e-17 
7196.000 6.47272e-17 
7197.000 1.89084e-17 
7198.000 4.49634e-17 
7199.000 1.00108e-16 
7200.000 1.04107e-16 
7201.000 9.37387e-17 
7202.000 8.88022e-17 
7203.000 1.05881e-16 
7204.000 1.53726e-16 
7205.000 1.87147e-16 
7206.000 1.59333e-16 
7207.000 1.10944e-16 
7208.000 1.01740e-16 
7209.000 1.13767e-16 
7210.000 8.97414e-17 
7211.000 6.56025e-17 
7212.000 7.10154e-17 
7213.000 7.20484e-17 
7214.000 6.60664e-17 
7215.000 6.22192e-17 
7216.000 3.34923e-17 
7217.000 2.36452e-18 
7218.000 -7.71819e-19 
7219.000 -1.54717e-17 
7220.000 -2.83521e-18 
7221.000 4.41068e-17 
7222.000 5.26410e-17 
7223.000 -5.22541e-18 
7224.000 -5.56415e-17 
7225.000 -2.92857e-17 
7226.000 6.70794e-18 
7227.000 4.03600e-17 
7228.000 7.09647e-17 
7229.000 6.59692e-17 
7230.000 4.15402e-17 
7231.000 2.06923e-17 
7232.000 -1.65866e-18 
7233.000 -2.29425e-17 
7234.000 -3.27663e-17 
7235.000 -8.51436e-18 
7236.000 5.54142e-17 
7237.000 1.32244e-16 
7238.000 1.63143e-16 
7239.000 1.38446e-16 
7240.000 7.47176e-17 
7241.000 5.18818e-18 
7242.000 6.81943e-17 
7243.000 1.64160e-16 
7244.000 1.06867e-16 
7245.000 3.82456e-17 
7246.000 5.21013e-17 
7247.000 1.21745e-16 
7248.000 9.99832e-17 
7249.000 3.79300e-17 
7250.000 4.32236e-17 
7251.000 2.33187e-17 
7252.000 -2.43723e-17 
7253.000 -4.57806e-17 
7254.000 -5.85289e-17 
7255.000 -4.94725e-17 
7256.000 -2.81586e-17 
7257.000 -1.81091e-17 
7258.000 -5.10492e-18 
7259.000 1.32128e-17 
7260.000 3.53739e-17 
7261.000 2.79006e-17 
7262.000 -1.39183e-17 
7263.000 -3.17117e-17 
7264.000 -3.41493e-18 
7265.000 7.30754e-18 
7266.000 -2.82604e-17 
7267.000 -2.51083e-17 
7268.000 2.91362e-18 
7269.000 -2.80011e-19 
7270.000 -2.48023e-17 
7271.000 -3.65315e-17 
7272.000 -5.43304e-18 
7273.000 5.85729e-17 
7274.000 8.78941e-17 
7275.000 3.32151e-17 
7276.000 4.60300e-17 
7277.000 1.93270e-16 
7278.000 2.63707e-16 
7279.000 9.71137e-17 
7280.000 -2.22934e-17 
7281.000 5.06248e-17 
7282.000 1.21072e-16 
7283.000 1.34689e-16 
7284.000 1.10745e-16 
7285.000 5.47543e-17 
7286.000 -8.46848e-19 
7287.000 -2.02746e-17 
7288.000 4.43487e-17 
7289.000 1.06476e-16 
7290.000 8.14384e-17 
7291.000 9.24584e-18 
7292.000 3.49706e-19 
7293.000 2.02612e-17 
7294.000 -1.39305e-17 
7295.000 -5.70911e-18 
7296.000 1.96416e-17 
7297.000 -1.61553e-17 
7298.000 -2.59693e-17 
7299.000 -3.69223e-17 
7300.000 -8.77461e-17 
7301.000 -6.66955e-17 
7302.000 -2.66216e-17 
7303.000 -5.10037e-17 
7304.000 -7.13871e-17 
7305.000 -6.62437e-17 
7306.000 -2.62662e-17 
7307.000 6.03160e-17 
7308.000 2.68018e-17 
7309.000 -2.07080e-16 
7310.000 -4.50977e-16 
7311.000 -3.24646e-16 
7312.000 5.64127e-17 
7313.000 1.31725e-16 
7314.000 1.24010e-16 
7315.000 1.17064e-16 
7316.000 1.23296e-17 
7317.000 5.40981e-17 
7318.000 1.69140e-16 
7319.000 1.19054e-16 
7320.000 4.37984e-17 
7321.000 5.01514e-18 
7322.000 -3.93049e-17 
7323.000 -2.03224e-17 
7324.000 5.22810e-17 
7325.000 6.56932e-17 
7326.000 4.85607e-17 
7327.000 3.52633e-17 
7328.000 3.82079e-17 
7329.000 4.79273e-17 
7330.000 5.58898e-17 
7331.000 7.81292e-17 
7332.000 8.79007e-17 
7333.000 8.13348e-17 
7334.000 4.21737e-17 
7335.000 -1.58766e-17 
7336.000 -4.00143e-17 
7337.000 -2.13738e-17 
7338.000 -1.27509e-17 
7339.000 -4.37205e-17 
7340.000 -8.20992e-17 
7341.000 -9.84900e-17 
7342.000 -9.61394e-17 
7343.000 -8.35014e-17 
7344.000 -6.62843e-17 
7345.000 -2.77479e-17 
7346.000 -1.42485e-17 
7347.000 -7.77115e-17 
7348.000 -1.19633e-16 
7349.000 -9.98890e-17 
7350.000 -5.03097e-17 
7351.000 -3.70052e-17 
7352.000 -6.27220e-17 
7353.000 -7.92085e-17 
7354.000 -7.92094e-17 
7355.000 -3.70217e-17 
7356.000 1.33298e-17 
7357.000 -1.00375e-17 
7358.000 -1.59880e-17 
7359.000 5.81529e-18 
7360.000 -2.30934e-17 
7361.000 -4.53237e-17 
7362.000 -3.15749e-17 
7363.000 -1.82277e-17 
7364.000 1.94271e-17 
7365.000 5.45287e-17 
7366.000 1.50775e-17 
7367.000 -1.84846e-17 
7368.000 -1.27865e-17 
7369.000 1.66875e-17 
7370.000 1.96398e-17 
7371.000 -1.80436e-18 
7372.000 4.67415e-18 
7373.000 -4.25947e-17 
7374.000 -7.63598e-17 
7375.000 -3.68239e-17 
7376.000 -8.19280e-17 
7377.000 -1.53878e-16 
7378.000 -1.33991e-16 
7379.000 -8.87204e-17 
7380.000 -9.75416e-17 
7381.000 -1.31376e-16 
7382.000 -4.85773e-17 
7383.000 1.74739e-17 
7384.000 -2.73178e-17 
7385.000 -4.13129e-17 
7386.000 -2.63524e-17 
7387.000 -1.51292e-17 
7388.000 -1.13621e-17 
7389.000 -6.63428e-17 
7390.000 -1.36821e-16 
7391.000 -1.16874e-16 
7392.000 -3.03575e-17 
7393.000 1.32545e-17 
7394.000 -8.13434e-17 
7395.000 -9.35857e-17 
7396.000 -1.59129e-17 
7397.000 -6.84641e-18 
7398.000 -3.98277e-17 
7399.000 -6.50792e-17 
7400.000 -5.48367e-17 
7401.000 -1.76152e-17 
7402.000 -2.87949e-17 
7403.000 -1.00719e-16 
7404.000 -1.09805e-16 
7405.000 -4.70302e-17 
7406.000 2.11115e-17 
7407.000 1.41734e-17 
7408.000 -2.59751e-17 
7409.000 -4.31198e-17 
7410.000 -3.54039e-17 
7411.000 -4.46025e-17 
7412.000 -6.46091e-17 
7413.000 -3.74639e-17 
7414.000 -2.16029e-18 
7415.000 2.83462e-17 
