3980.0000 1.7321626e-15
3981.4000 1.8983915e-15
3982.8000 2.9882293e-15
3984.2000 2.1278685e-15
3985.6000 2.1967470e-15
3987.0000 2.1008606e-15
3988.4000 2.0810311e-15
3989.8000 2.1958536e-15
3991.2000 2.2877072e-15
3992.6000 2.4127606e-15
3994.0000 2.9652287e-15
3995.4000 2.0053645e-15
3996.8000 2.8640377e-15
3998.2000 2.6527912e-15
3999.6000 2.1886948e-15
4001.0000 2.3592208e-15
4002.4000 2.3388943e-15
4003.8000 1.9398462e-15
4005.2000 2.4082863e-15
4006.6000 2.3609399e-15
4008.0000 2.3838909e-15
4009.4000 2.3837783e-15
4010.8000 1.6612031e-15
4012.2000 1.9804016e-15
4013.6000 1.5248769e-15
4015.0000 1.4448951e-15
4016.4000 1.5090562e-15
4017.8000 1.1962222e-15
4019.2000 1.9217569e-15
4020.6000 2.2278313e-15
4022.0000 2.2373654e-15
4023.4000 2.2669798e-15
4024.8000 2.0390298e-15
4026.2000 2.1682557e-15
4027.6000 2.1032539e-15
4029.0000 2.2847268e-15
4030.4000 2.4442157e-15
4031.8000 2.3029348e-15
4033.2000 2.2860962e-15
4034.6000 2.3777876e-15
4036.0000 2.0519572e-15
4037.4000 2.2708986e-15
4038.8000 2.2891125e-15
4040.2000 2.3802334e-15
4041.6000 2.0425597e-15
4043.0000 2.3230661e-15
4044.4000 2.0575170e-15
4045.8000 2.3917675e-15
4047.2000 2.1590534e-15
4048.6000 1.6227542e-15
4050.0000 1.4437269e-15
4051.4000 1.5134569e-15
4052.8000 1.7269046e-15
4054.2000 1.7244362e-15
4055.6000 1.6340570e-15
4057.0000 1.6534316e-15
4058.4000 2.0697507e-15
4059.8000 1.5924086e-15
4061.2000 2.0523521e-15
4062.6000 2.4651683e-15
4064.0000 2.2005351e-15
4065.4000 2.4766889e-15
4066.8000 2.2157537e-15
4068.2000 2.1204258e-15
4069.6000 2.6517642e-15
4071.0000 2.5037868e-15
4072.4000 2.5515551e-15
4073.8000 2.3399708e-15
4075.2000 2.3471582e-15
4076.6000 2.8535547e-15
4078.0000 2.6353535e-15
4079.4000 2.6656600e-15
4080.8000 2.5658008e-15
4082.2000 2.5037673e-15
4083.6000 2.7278346e-15
4085.0000 2.4140488e-15
4086.4000 2.5649975e-15
4087.8000 2.5933042e-15
4089.2000 2.3989624e-15
4090.6000 2.2117629e-15
4092.0000 2.6958645e-15
4093.4000 2.6844941e-15
4094.8000 2.3315988e-15
4096.2000 2.8299505e-15
4097.6000 2.9335033e-15
4099.0000 2.5335664e-15
4100.4000 2.6113650e-15
4101.8000 2.6064388e-15
4103.2000 2.5562171e-15
4104.6000 2.5046006e-15
4106.0000 2.7346241e-15
4107.4000 2.6935943e-15
4108.8000 2.5937891e-15
4110.2000 2.6726883e-15
4111.6000 2.4803524e-15
4113.0000 2.5305395e-15
4114.4000 2.5137984e-15
4115.8000 2.5934198e-15
4117.2000 2.5172668e-15
4118.6000 2.7128473e-15
4120.0000 2.5801756e-15
4121.4000 2.7672384e-15
4122.8000 2.7722983e-15
4124.2000 2.9040090e-15
4125.6000 2.7230225e-15
4127.0000 2.2698085e-15
4128.4000 2.0772039e-15
4129.8000 2.1928282e-15
4131.2000 2.4153401e-15
4132.6000 2.6729991e-15
4134.0000 2.7894312e-15
4135.4000 2.8361410e-15
4136.8000 2.8437878e-15
4138.2000 2.4056693e-15
4139.6000 2.7146595e-15
4141.0000 2.5229032e-15
4142.4000 2.5586434e-15
4143.8000 2.4180817e-15
4145.2000 2.4958277e-15
4146.6000 2.5929784e-15
4148.0000 2.4318994e-15
4149.4000 2.4314640e-15
4150.8000 2.5365362e-15
4152.2000 2.5366218e-15
4153.6000 2.9422042e-15
4155.0000 2.3439962e-15
4156.4000 2.2283538e-15
4157.8000 2.6497328e-15
4159.2000 2.5872459e-15
4160.6000 2.4112727e-15
4162.0000 2.3877556e-15
4163.4000 2.4700360e-15
4164.8000 2.6434267e-15
4166.2000 2.6794838e-15
4167.6000 2.5674749e-15
4169.0000 2.7267956e-15
4170.4000 2.4719293e-15
4171.8000 2.6742453e-15
4173.2000 2.7084691e-15
4174.6000 2.5846949e-15
4176.0000 2.5304434e-15
4177.4000 2.3446298e-15
4178.8000 2.6784373e-15
4180.2000 2.4754817e-15
4181.6000 2.4096001e-15
4183.0000 2.4095070e-15
4184.4000 2.2518303e-15
4185.8000 2.1551887e-15
4187.2000 2.0498867e-15
4188.6000 1.9946457e-15
4190.0000 2.2866667e-15
4191.4000 2.4092427e-15
4192.8000 2.1430420e-15
4194.2000 2.3319561e-15
4195.6000 2.5363486e-15
4197.0000 2.3921368e-15
4198.4000 2.3448039e-15
4199.8000 2.3165288e-15
4201.2000 2.5165581e-15
4202.6000 2.5505582e-15
4204.0000 2.4109739e-15
4205.4000 2.3673015e-15
4206.8000 2.3535348e-15
4208.2000 2.5551286e-15
4209.6000 2.4064185e-15
4211.0000 2.5949092e-15
4212.4000 2.5574273e-15
4213.8000 2.4813013e-15
4215.2000 2.4720449e-15
4216.6000 2.5719477e-15
4218.0000 2.3366796e-15
4219.4000 2.3003884e-15
4220.8000 2.3524373e-15
4222.2000 2.3570902e-15
4223.6000 2.5229903e-15
4225.0000 2.5417237e-15
4226.4000 2.5012779e-15
4227.8000 2.2061265e-15
4229.2000 2.3216322e-15
4230.6000 2.2622158e-15
4232.0000 2.3307324e-15
4233.4000 2.5086560e-15
4234.8000 2.6105857e-15
4236.2000 2.5014611e-15
4237.6000 2.5051291e-15
4239.0000 2.2803922e-15
4240.4000 2.4160457e-15
4241.8000 2.4889376e-15
4243.2000 2.3309231e-15
4244.6000 2.2090693e-15
4246.0000 2.4610454e-15
4247.4000 2.3640884e-15
4248.8000 2.4534706e-15
4250.2000 2.5968401e-15
4251.6000 2.4408705e-15
4253.0000 2.5139426e-15
4254.4000 2.4282750e-15
4255.8000 2.5106815e-15
4257.2000 2.3430518e-15
4258.6000 2.3626245e-15
4260.0000 1.9551038e-15
4261.4000 2.0897244e-15
4262.8000 2.2484686e-15
4264.2000 2.2430123e-15
4265.6000 2.3088249e-15
4267.0000 2.4802833e-15
4268.4000 2.3448385e-15
4269.8000 2.3735715e-15
4271.2000 2.1348817e-15
4272.6000 2.2458801e-15
4274.0000 2.4101165e-15
4275.4000 2.3978783e-15
4276.8000 2.1658729e-15
4278.2000 2.5631252e-15
4279.6000 2.3068340e-15
4281.0000 2.6036010e-15
4282.4000 2.3907330e-15
4283.8000 2.5604527e-15
4285.2000 2.2690458e-15
4286.6000 2.2287802e-15
4288.0000 2.2979800e-15
4289.4000 2.4080641e-15
4290.8000 2.4726755e-15
4292.2000 2.3265569e-15
4293.6000 2.2213015e-15
4295.0000 2.4499392e-15
4296.4000 2.5227710e-15
4297.8000 2.3423596e-15
4299.2000 2.3739514e-15
4300.6000 2.4689264e-15
4302.0000 2.3637671e-15
4303.4000 2.3021480e-15
4304.8000 2.4054816e-15
4306.2000 2.2634274e-15
4307.6000 2.5022284e-15
4309.0000 2.4788735e-15
4310.4000 2.4856074e-15
4311.8000 2.2146051e-15
4313.2000 2.0991564e-15
4314.6000 1.7617079e-15
4316.0000 2.2045725e-15
4317.4000 2.3553951e-15
4318.8000 2.3573109e-15
4320.2000 2.3466372e-15
4321.6000 2.1774460e-15
4323.0000 2.2248269e-15
4324.4000 2.3239895e-15
4325.8000 2.3284668e-15
4327.2000 2.4147860e-15
4328.6000 2.3459871e-15
4330.0000 2.3054602e-15
4331.4000 2.6368639e-15
4332.8000 2.4733362e-15
4334.2000 2.4308965e-15
4335.6000 2.5741173e-15
4337.0000 2.2465062e-15
4338.4000 2.4092998e-15
4339.8000 2.3291154e-15
4341.2000 2.3893186e-15
4342.6000 2.2643718e-15
4344.0000 2.4392655e-15
4345.4000 2.2226498e-15
4346.8000 2.1727555e-15
4348.2000 2.2300309e-15
4349.6000 2.2534489e-15
4351.0000 2.4202362e-15
4352.4000 2.4756649e-15
4353.8000 2.4958022e-15
4355.2000 2.6425874e-15
4356.6000 2.4089199e-15
4358.0000 2.3269533e-15
4359.4000 2.2981317e-15
4360.8000 2.2506742e-15
4362.2000 2.2425829e-15
4363.6000 2.3685747e-15
4365.0000 2.1826650e-15
4366.4000 2.3676769e-15
4367.8000 2.4156328e-15
4369.2000 2.4516569e-15
4370.6000 2.3010445e-15
4372.0000 2.2820798e-15
4373.4000 2.3828174e-15
4374.8000 2.3257522e-15
4376.2000 2.2701163e-15
4377.6000 2.3323435e-15
4379.0000 2.0844633e-15
4380.4000 2.2589997e-15
4381.8000 2.4073539e-15
4383.2000 2.2850196e-15
4384.6000 2.3456823e-15
4386.0000 2.1509156e-15
4387.4000 2.1706114e-15
4388.8000 2.0070626e-15
4390.2000 1.8638373e-15
4391.6000 1.9672385e-15
4393.0000 2.0666262e-15
4394.4000 1.9995104e-15
4395.8000 2.1382674e-15
4397.2000 2.1238086e-15
4398.6000 1.8516997e-15
4400.0000 2.1300711e-15
4401.4000 2.1356069e-15
4402.8000 2.3688615e-15
4404.2000 2.1407133e-15
4405.6000 2.4810115e-15
4407.0000 2.4765252e-15
4408.4000 2.5577426e-15
4409.8000 2.5186286e-15
4411.2000 2.4024502e-15
4412.6000 2.3596622e-15
4414.0000 2.2074913e-15
4415.4000 2.0736620e-15
4416.8000 2.2273899e-15
4418.2000 2.4433975e-15
4419.6000 2.3539852e-15
4421.0000 2.4600079e-15
4422.4000 2.2626302e-15
4423.8000 2.4442443e-15
4425.2000 2.3143983e-15
4426.6000 2.2373504e-15
4428.0000 1.9934236e-15
4429.4000 1.7367840e-15
4430.8000 1.8217670e-15
4432.2000 1.9819195e-15
4433.6000 2.0103298e-15
4435.0000 2.1799219e-15
4436.4000 2.3124689e-15
4437.8000 2.4813704e-15
4439.2000 2.3452694e-15
4440.6000 2.2288237e-15
4442.0000 2.3202929e-15
4443.4000 2.0415357e-15
4444.8000 2.2936844e-15
4446.2000 2.3041750e-15
4447.6000 2.3471867e-15
4449.0000 2.3952973e-15
4450.4000 2.3416764e-15
4451.8000 2.4073164e-15
4453.2000 2.4856374e-15
4454.6000 2.4085956e-15
4456.0000 2.4471210e-15
4457.4000 2.4301007e-15
4458.8000 2.2969621e-15
4460.2000 2.3837438e-15
4461.6000 2.4418990e-15
4463.0000 2.5355153e-15
4464.4000 2.2866412e-15
4465.8000 2.3518622e-15
4467.2000 2.4267795e-15
4468.6000 2.5235278e-15
4470.0000 2.5196270e-15
4471.4000 2.4738527e-15
4472.8000 2.3726316e-15
4474.2000 2.1261974e-15
4475.6000 2.0036574e-15
4477.0000 2.1586239e-15
4478.4000 2.3337729e-15
4479.8000 2.3308901e-15
4481.2000 2.4282840e-15
4482.6000 2.3175093e-15
4484.0000 2.3788326e-15
4485.4000 2.2860901e-15
4486.8000 2.2730727e-15
4488.2000 2.4901253e-15
4489.6000 2.4735914e-15
4491.0000 2.4338378e-15
4492.4000 2.3500500e-15
4493.8000 2.4122636e-15
4495.2000 2.3468384e-15
4496.6000 2.2350968e-15
4498.0000 2.3117633e-15
4499.4000 2.2973209e-15
4500.8000 2.4315976e-15
4502.2000 2.4662509e-15
4503.6000 2.4840114e-15
4505.0000 2.4579794e-15
4506.4000 2.3575662e-15
4507.8000 2.2179743e-15
4509.2000 2.2358595e-15
4510.6000 2.4561582e-15
4512.0000 2.5566901e-15
4513.4000 2.3747291e-15
4514.8000 2.3778026e-15
4516.2000 2.4337837e-15
4517.6000 2.4590830e-15
4519.0000 2.5226059e-15
4520.4000 2.5049415e-15
4521.8000 2.5294615e-15
4523.2000 2.4493371e-15
4524.6000 2.6006867e-15
4526.0000 2.3451147e-15
4527.4000 2.3046720e-15
4528.8000 2.4059846e-15
4530.2000 2.5747389e-15
4531.6000 2.7307489e-15
4533.0000 2.3213394e-15
4534.4000 2.2230222e-15
4535.8000 2.3004154e-15
4537.2000 2.4729848e-15
4538.6000 2.5028710e-15
4540.0000 2.5918823e-15
4541.4000 2.3943244e-15
4542.8000 2.4044531e-15
4544.2000 2.5810629e-15
4545.6000 2.4459784e-15
4547.0000 2.2597069e-15
4548.4000 2.4318484e-15
4549.8000 2.2651541e-15
4551.2000 2.2804808e-15
4552.6000 2.4829183e-15
4554.0000 2.2554983e-15
4555.4000 2.3674051e-15
4556.8000 2.3701467e-15
4558.2000 2.3945872e-15
4559.6000 2.3925737e-15
4561.0000 2.4122711e-15
4562.4000 2.3781674e-15
4563.8000 2.4830940e-15
4565.2000 2.5164034e-15
4566.6000 2.5909844e-15
4568.0000 2.5408709e-15
4569.4000 2.5194439e-15
4570.8000 2.5517098e-15
4572.2000 2.3296394e-15
4573.6000 2.3345806e-15
4575.0000 2.2224967e-15
4576.4000 2.3475801e-15
4577.8000 2.5484096e-15
4579.2000 2.4818613e-15
4580.6000 2.5182247e-15
4582.0000 2.3348494e-15
4583.4000 2.3216773e-15
4584.8000 2.3546744e-15
4586.2000 2.4824184e-15
4587.6000 2.4262150e-15
4589.0000 2.4458583e-15
4590.4000 2.5151212e-15
4591.8000 2.6127328e-15
4593.2000 2.5080254e-15
4594.6000 2.4795731e-15
4596.0000 2.5501693e-15
4597.4000 2.6794462e-15
4598.8000 2.6684467e-15
4600.2000 2.6887552e-15
4601.6000 2.5653324e-15
4603.0000 2.5499891e-15
4604.4000 2.5978640e-15
4605.8000 2.6582730e-15
4607.2000 2.4521418e-15
4608.6000 2.5607034e-15
4610.0000 2.5752704e-15
4611.4000 2.5648083e-15
4612.8000 2.6712244e-15
4614.2000 2.5055315e-15
4615.6000 2.5823512e-15
4617.0000 2.4238577e-15
4618.4000 2.5081680e-15
4619.8000 2.4259597e-15
4621.2000 2.2871366e-15
4622.6000 2.3521039e-15
4624.0000 2.3865049e-15
4625.4000 2.4405327e-15
4626.8000 2.3771194e-15
4628.2000 2.3197644e-15
4629.6000 2.3746315e-15
4631.0000 2.4484993e-15
4632.4000 2.4583878e-15
4633.8000 2.4809635e-15
4635.2000 2.5522878e-15
4636.6000 2.5334673e-15
4638.0000 2.4820385e-15
4639.4000 2.4320901e-15
4640.8000 2.4511539e-15
4642.2000 2.4289326e-15
4643.6000 2.2471999e-15
4645.0000 2.3325056e-15
4646.4000 2.3372622e-15
4647.8000 2.3728914e-15
4649.2000 2.4413360e-15
4650.6000 2.4116916e-15
4652.0000 2.4388916e-15
4653.4000 2.4441737e-15
4654.8000 2.5293579e-15
4656.2000 2.6190599e-15
4657.6000 2.4696171e-15
4659.0000 2.4129873e-15
4660.4000 2.4627915e-15
4661.8000 2.5037433e-15
4663.2000 2.5060240e-15
4664.6000 2.5258235e-15
4666.0000 2.3169252e-15
4667.4000 2.3835035e-15
4668.8000 2.3834014e-15
4670.2000 2.4404591e-15
4671.6000 2.4705525e-15
4673.0000 2.4385463e-15
4674.4000 2.5676896e-15
4675.8000 2.3700717e-15
4677.2000 2.4407699e-15
4678.6000 2.3611186e-15
4680.0000 2.3532435e-15
4681.4000 2.4071737e-15
4682.8000 2.5433768e-15
4684.2000 2.3966321e-15
4685.6000 2.5072927e-15
4687.0000 2.4838748e-15
4688.4000 2.3501791e-15
4689.8000 2.3897811e-15
4691.2000 2.4069260e-15
4692.6000 2.4662178e-15
4694.0000 2.4541237e-15
4695.4000 2.4618802e-15
4696.8000 2.3949625e-15
4698.2000 2.5227140e-15
4699.6000 2.4783705e-15
4701.0000 2.5306491e-15
4702.4000 2.4652689e-15
4703.8000 2.6124055e-15
4705.2000 2.5186046e-15
4706.6000 2.4591776e-15
4708.0000 2.4425206e-15
4709.4000 2.5679283e-15
4710.8000 2.6187941e-15
4712.2000 2.6257713e-15
4713.6000 2.5900520e-15
4715.0000 2.5985757e-15
4716.4000 2.6078771e-15
4717.8000 2.5879485e-15
4719.2000 2.7039933e-15
4720.6000 2.6071474e-15
4722.0000 2.7291814e-15
4723.4000 2.6754855e-15
4724.8000 2.7032771e-15
4726.2000 2.6541335e-15
4727.6000 2.7034693e-15
4729.0000 2.6368264e-15
4730.4000 2.7962657e-15
4731.8000 2.7789241e-15
4733.2000 2.6959921e-15
4734.6000 2.7652355e-15
4736.0000 2.7155844e-15
4737.4000 2.7141265e-15
4738.8000 2.6865991e-15
4740.2000 2.7409692e-15
4741.6000 2.5982919e-15
4743.0000 2.5460148e-15
4744.4000 2.4354563e-15
4745.8000 2.6131802e-15
4747.2000 2.7312459e-15
4748.6000 2.5528854e-15
4750.0000 2.6207340e-15
4751.4000 2.5337946e-15
4752.8000 2.6072976e-15
4754.2000 2.6614620e-15
4755.6000 2.6683761e-15
4757.0000 2.6669107e-15
4758.4000 2.6345802e-15
4759.8000 2.6079897e-15
4761.2000 2.6100197e-15
4762.6000 2.5221810e-15
4764.0000 2.4204525e-15
4765.4000 2.5015812e-15
4766.8000 2.6097104e-15
4768.2000 2.6912911e-15
4769.6000 2.6399989e-15
4771.0000 2.7962733e-15
4772.4000 2.8839813e-15
4773.8000 2.9096620e-15
4775.2000 2.8741289e-15
4776.6000 2.9626087e-15
4778.0000 2.9561510e-15
4779.4000 2.9411697e-15
4780.8000 3.0427555e-15
4782.2000 3.0655504e-15
4783.6000 3.0652816e-15
4785.0000 2.9850057e-15
4786.4000 2.8316457e-15
4787.8000 2.7436763e-15
4789.2000 2.8358272e-15
4790.6000 2.7789466e-15
4792.0000 2.9314779e-15
4793.4000 2.7972086e-15
4794.8000 2.6984605e-15
4796.2000 2.6694647e-15
4797.6000 2.5387103e-15
4799.0000 2.4565005e-15
4800.4000 2.4780927e-15
4801.8000 2.4889181e-15
4803.2000 2.4366575e-15
4804.6000 2.3449045e-15
4806.0000 2.4139828e-15
4807.4000 2.3579896e-15
4808.8000 2.5446020e-15
4810.2000 2.5118646e-15
4811.6000 2.5053393e-15
4813.0000 2.4372986e-15
4814.4000 2.5717420e-15
4815.8000 2.4981610e-15
4817.2000 2.4536493e-15
4818.6000 2.4536253e-15
4820.0000 2.5234707e-15
4821.4000 2.4968277e-15
4822.8000 2.4813989e-15
4824.2000 2.4823238e-15
4825.6000 2.3538561e-15
4827.0000 2.3653782e-15
4828.4000 2.2978629e-15
4829.8000 2.3437364e-15
4831.2000 2.3977852e-15
4832.6000 2.4358632e-15
4834.0000 2.4457142e-15
4835.4000 2.4756228e-15
4836.8000 2.3561939e-15
4838.2000 2.3246111e-15
4839.6000 2.3582028e-15
4841.0000 2.3858112e-15
4842.4000 2.3879403e-15
4843.8000 2.4470490e-15
4845.2000 2.3987071e-15
4846.6000 2.3378493e-15
4848.0000 2.4274702e-15
4849.4000 2.3676603e-15
4850.8000 2.3735775e-15
4852.2000 2.3268077e-15
4853.6000 2.2882072e-15
4855.0000 2.3606486e-15
4856.4000 2.2359601e-15
4857.8000 2.2530209e-15
4859.2000 2.3507271e-15
4860.6000 2.2701629e-15
4862.0000 2.2680053e-15
4863.4000 2.2163032e-15
4864.8000 2.2789643e-15
4866.2000 2.2793922e-15
4867.6000 2.2914638e-15
4869.0000 2.2835963e-15
4870.4000 2.3977297e-15
4871.8000 2.3887015e-15
4873.2000 2.4291368e-15
4874.6000 2.3210962e-15
4876.0000 2.4296593e-15
4877.4000 2.3209701e-15
4878.8000 2.3973393e-15
4880.2000 2.4256564e-15
4881.6000 2.2396026e-15
4883.0000 2.3649517e-15
4884.4000 2.2909353e-15
4885.8000 2.2140181e-15
4887.2000 2.2980506e-15
4888.6000 2.3730865e-15
4890.0000 2.2831533e-15
4891.4000 2.3824826e-15
4892.8000 2.3811598e-15
4894.2000 2.4586701e-15
4895.6000 2.4383466e-15
4897.0000 2.3311889e-15
4898.4000 2.3286004e-15
4899.8000 2.3287565e-15
4901.2000 2.3408792e-15
4902.6000 2.3466297e-15
4904.0000 2.3860064e-15
4905.4000 2.3413446e-15
4906.8000 2.3042666e-15
4908.2000 2.2752618e-15
4909.6000 2.3495485e-15
4911.0000 2.3547885e-15
4912.4000 2.3097378e-15
4913.8000 2.3103099e-15
4915.2000 2.3792379e-15
4916.6000 2.3609129e-15
4918.0000 2.4142665e-15
4919.4000 2.4650512e-15
4920.8000 2.3813535e-15
4922.2000 2.3935542e-15
4923.6000 2.4176688e-15
4925.0000 2.3030174e-15
4926.4000 2.2499715e-15
4927.8000 2.3214325e-15
4929.2000 2.2377843e-15
4930.6000 2.3162285e-15
4932.0000 2.3039693e-15
4933.4000 2.2899714e-15
4934.8000 2.3762396e-15
4936.2000 2.2979530e-15
4937.6000 2.3223664e-15
4939.0000 2.1618415e-15
4940.4000 2.2387137e-15
4941.8000 2.2387678e-15
4943.2000 2.2959801e-15
4944.6000 2.3454270e-15
4946.0000 2.2248479e-15
4947.4000 2.2789733e-15
4948.8000 2.2972939e-15
4950.2000 2.2651000e-15
4951.6000 2.3371241e-15
4953.0000 2.3123008e-15
4954.4000 2.2051415e-15
4955.8000 2.1747929e-15
4957.2000 2.1812026e-15
4958.6000 2.1273865e-15
4960.0000 2.0419111e-15
4961.4000 1.9410263e-15
4962.8000 1.9715851e-15
4964.2000 1.9740115e-15
4965.6000 2.0231716e-15
4967.0000 2.1915941e-15
4968.4000 2.1820614e-15
4969.8000 2.2536455e-15
4971.2000 2.0587587e-15
4972.6000 2.0880983e-15
4974.0000 2.1350063e-15
4975.4000 2.1140522e-15
4976.8000 2.2553467e-15
4978.2000 2.2455603e-15
4979.6000 2.2718820e-15
4981.0000 2.2526606e-15
4982.4000 2.2783202e-15
4983.8000 2.2457720e-15
4985.2000 2.2308207e-15
4986.6000 2.1265832e-15
4988.0000 2.1906241e-15
4989.4000 2.1470914e-15
4990.8000 2.1421757e-15
4992.2000 2.1427537e-15
4993.6000 2.1442507e-15
4995.0000 2.3427515e-15
4996.4000 2.3200722e-15
4997.8000 2.4150518e-15
4999.2000 2.3452799e-15
5000.6000 2.2515240e-15
5002.0000 2.2839686e-15
5003.4000 2.3099180e-15
5004.8000 2.2499640e-15
5006.2000 2.2609215e-15
5007.6000 2.3712623e-15
5009.0000 2.3242027e-15
5010.4000 2.2249876e-15
5011.8000 2.1844217e-15
5013.2000 2.2426100e-15
5014.6000 2.2796640e-15
5016.0000 2.3093925e-15
5017.4000 2.2848289e-15
5018.8000 2.2656270e-15
5020.2000 2.1278985e-15
5021.6000 2.0606535e-15
5023.0000 2.0552979e-15
5024.4000 2.1049160e-15
5025.8000 2.1433843e-15
5027.2000 2.2266857e-15
5028.6000 2.3345506e-15
5030.0000 2.2839086e-15
5031.4000 2.2569998e-15
5032.8000 2.4129227e-15
5034.2000 2.2337184e-15
5035.6000 2.2092194e-15
5037.0000 2.2183452e-15
5038.4000 2.2270235e-15
5039.8000 2.1413003e-15
5041.2000 2.0714143e-15
5042.6000 2.1946014e-15
5044.0000 2.2241438e-15
5045.4000 2.3057650e-15
5046.8000 2.3733733e-15
5048.2000 2.2506126e-15
5049.6000 2.3156730e-15
5051.0000 2.3217959e-15
5052.4000 2.3375235e-15
5053.8000 2.2645625e-15
5055.2000 2.2676690e-15
5056.6000 2.2629304e-15
5058.0000 2.2463335e-15
5059.4000 2.0991309e-15
5060.8000 2.2470362e-15
5062.2000 2.2820903e-15
5063.6000 2.2955747e-15
5065.0000 2.3017757e-15
5066.4000 2.2579832e-15
5067.8000 2.1578042e-15
5069.2000 2.1567562e-15
5070.6000 2.1771667e-15
5072.0000 2.2115016e-15
5073.4000 2.1621448e-15
5074.8000 2.2025756e-15
5076.2000 2.2624500e-15
5077.6000 2.2368504e-15
5079.0000 2.2611167e-15
5080.4000 2.1982604e-15
5081.8000 2.0855954e-15
5083.2000 2.1160972e-15
5084.6000 2.0617210e-15
5086.0000 2.0382235e-15
5087.4000 2.0234088e-15
5088.8000 2.0929630e-15
5090.2000 2.2155315e-15
5091.6000 2.1420571e-15
5093.0000 2.1509171e-15
5094.4000 2.1619406e-15
5095.8000 2.1638880e-15
5097.2000 2.2036446e-15
5098.6000 2.2168828e-15
5100.0000 2.1976839e-15
5101.4000 2.1990232e-15
5102.8000 2.1455779e-15
5104.2000 2.0791242e-15
5105.6000 2.1104548e-15
5107.0000 2.1450344e-15
5108.4000 2.2738849e-15
5109.8000 2.4784951e-15
5111.2000 2.5247529e-15
5112.6000 2.2777737e-15
5114.0000 2.1808813e-15
5115.4000 2.0971430e-15
5116.8000 2.0218518e-15
5118.2000 1.9917435e-15
5119.6000 2.0309656e-15
5121.0000 2.0016064e-15
5122.4000 2.0689865e-15
5123.8000 2.0634342e-15
5125.2000 2.1127820e-15
5126.6000 2.1302918e-15
5128.0000 2.1337466e-15
5129.4000 2.1298714e-15
5130.8000 2.1309539e-15
5132.2000 2.1432852e-15
5133.6000 2.1632244e-15
5135.0000 2.1768349e-15
5136.4000 2.1277348e-15
5137.8000 2.2307050e-15
5139.2000 2.1082987e-15
5140.6000 2.0947602e-15
5142.0000 2.0471496e-15
5143.4000 1.9608348e-15
5144.8000 1.9328540e-15
5146.2000 2.0056993e-15
5147.6000 2.1658474e-15
5149.0000 2.1603911e-15
5150.4000 2.1461245e-15
5151.8000 2.1603041e-15
5153.2000 2.1285216e-15
5154.6000 2.0140879e-15
5156.0000 2.0490114e-15
5157.4000 2.1312347e-15
5158.8000 2.1755947e-15
5160.2000 2.1682061e-15
5161.6000 2.2424313e-15
5163.0000 2.2328011e-15
5164.4000 2.2587219e-15
5165.8000 2.3048026e-15
5167.2000 2.1478151e-15
5168.6000 2.0986745e-15
5170.0000 2.1059159e-15
5171.4000 2.0047339e-15
5172.8000 2.0610169e-15
5174.2000 2.1239287e-15
5175.6000 2.1367750e-15
5177.0000 2.0856089e-15
5178.4000 2.1448873e-15
5179.8000 2.0752415e-15
5181.2000 2.0584434e-15
5182.6000 2.0609613e-15
5184.0000 2.0018767e-15
5185.4000 1.9763852e-15
5186.8000 1.9701603e-15
5188.2000 2.0316622e-15
5189.6000 2.0532634e-15
5191.0000 2.0967391e-15
5192.4000 2.0745163e-15
5193.8000 2.1679329e-15
5195.2000 2.1033439e-15
5196.6000 2.1610608e-15
5198.0000 2.0930411e-15
5199.4000 2.0833448e-15
5200.8000 2.0956881e-15
5202.2000 1.9445007e-15
5203.6000 2.0031754e-15
5205.0000 2.0100130e-15
5206.4000 2.0798765e-15
5207.8000 2.1273460e-15
5209.2000 2.0850159e-15
5210.6000 2.0627405e-15
5212.0000 2.0150788e-15
5213.4000 1.9900814e-15
5214.8000 2.0017731e-15
5216.2000 2.0584884e-15
5217.6000 2.1554724e-15
5219.0000 2.0801017e-15
5220.4000 2.1207531e-15
5221.8000 2.1750632e-15
5223.2000 2.1002660e-15
5224.6000 2.1055856e-15
5226.0000 2.1185941e-15
5227.4000 2.0140038e-15
5228.8000 1.9753222e-15
5230.2000 2.0167289e-15
5231.6000 2.0594449e-15
5233.0000 2.0663109e-15
5234.4000 1.9916218e-15
5235.8000 2.0035027e-15
5237.2000 2.0085100e-15
5238.6000 2.0437473e-15
5240.0000 2.0433795e-15
5241.4000 2.0380749e-15
5242.8000 2.0091602e-15
5244.2000 1.9667250e-15
5245.6000 1.9998362e-15
5247.0000 2.0031349e-15
5248.4000 1.9708314e-15
5249.8000 1.9982642e-15
5251.2000 2.0138206e-15
5252.6000 2.0415702e-15
5254.0000 1.9974760e-15
5255.4000 2.0283966e-15
5256.8000 2.0492276e-15
5258.2000 2.0362131e-15
5259.6000 1.9926068e-15
5261.0000 1.9736271e-15
5262.4000 2.0405688e-15
5263.8000 2.0995543e-15
5265.2000 2.1409760e-15
5266.6000 2.1279946e-15
5268.0000 2.0810235e-15
5269.4000 2.0467637e-15
5270.8000 1.9118984e-15
5272.2000 1.7881483e-15
5273.6000 1.6918565e-15
5275.0000 1.7302002e-15
5276.4000 1.7585534e-15
5277.8000 1.7057868e-15
5279.2000 1.7037524e-15
5280.6000 1.8111233e-15
5282.0000 1.9943229e-15
5283.4000 2.0227257e-15
5284.8000 2.0170532e-15
5286.2000 1.9478399e-15
5287.6000 1.8671390e-15
5289.0000 1.6871404e-15
5290.4000 1.6505399e-15
5291.8000 1.8516667e-15
5293.2000 1.9175889e-15
5294.6000 1.9489224e-15
5296.0000 1.9118023e-15
5297.4000 1.9328090e-15
5298.8000 1.8328356e-15
5300.2000 1.9127302e-15
5301.6000 1.9254684e-15
5303.0000 1.9587779e-15
5304.4000 1.9545438e-15
5305.8000 2.0075536e-15
5307.2000 2.0150968e-15
5308.6000 1.9756405e-15
5310.0000 1.9486431e-15
5311.4000 1.9016811e-15
5312.8000 1.8628389e-15
5314.2000 1.8128800e-15
5315.6000 1.8325293e-15
5317.0000 1.9295884e-15
5318.4000 2.0035298e-15
5319.8000 2.0318559e-15
5321.2000 2.0008872e-15
5322.6000 1.9371977e-15
5324.0000 1.9896369e-15
5325.4000 2.0065537e-15
5326.8000 2.0782023e-15
5328.2000 2.0184916e-15
5329.6000 2.0004473e-15
5331.0000 1.9809631e-15
5332.4000 1.9028327e-15
5333.8000 1.7684013e-15
5335.2000 1.8600267e-15
5336.6000 1.9428115e-15
5338.0000 1.9778942e-15
5339.4000 1.9894958e-15
5340.8000 1.9799316e-15
5342.2000 1.9356422e-15
5343.6000 1.9953875e-15
5345.0000 2.0133747e-15
5346.4000 2.0876794e-15
5347.8000 2.0483943e-15
5349.2000 2.0366875e-15
5350.6000 2.1438633e-15
5352.0000 2.0546132e-15
5353.4000 2.0208474e-15
5354.8000 1.9954265e-15
5356.2000 1.9511746e-15
5357.6000 1.9120696e-15
5359.0000 1.9554161e-15
5360.4000 2.0147921e-15
5361.8000 2.0066497e-15
5363.2000 1.9386931e-15
5364.6000 2.0205020e-15
5366.0000 2.0371290e-15
5367.4000 2.0134753e-15
5368.8000 1.9578199e-15
5370.2000 1.8945793e-15
5371.6000 1.8367093e-15
5373.0000 1.8178633e-15
5374.4000 1.7900386e-15
5375.8000 1.8092840e-15
5377.2000 1.7346715e-15
5378.6000 1.7689238e-15
5380.0000 1.9498038e-15
5381.4000 1.9518037e-15
5382.8000 1.9201023e-15
5384.2000 1.9347773e-15
5385.6000 2.0343798e-15
5387.0000 2.0312208e-15
5388.4000 2.0383647e-15
5389.8000 2.0246805e-15
5391.2000 1.9469480e-15
5392.6000 1.9274954e-15
5394.0000 2.0772775e-15
5395.4000 2.0695120e-15
5396.8000 2.1243686e-15
5398.2000 2.1533179e-15
5399.6000 2.1564078e-15
5401.0000 2.0812728e-15
5402.4000 2.0435071e-15
5403.8000 2.0623697e-15
5405.2000 2.0016229e-15
5406.6000 1.8883153e-15
5408.0000 1.9292551e-15
5409.4000 1.9743193e-15
5410.8000 2.0306127e-15
5412.2000 2.0274672e-15
5413.6000 2.0466241e-15
5415.0000 2.0359639e-15
5416.4000 2.1255878e-15
5417.8000 2.0988967e-15
5419.2000 2.1054219e-15
5420.6000 2.1251403e-15
5422.0000 2.0606610e-15
5423.4000 2.0504182e-15
5424.8000 1.9925527e-15
5426.2000 1.9895679e-15
5427.6000 2.0205185e-15
5429.0000 2.0459109e-15
5430.4000 2.0688349e-15
5431.8000 2.0292149e-15
5433.2000 2.0167649e-15
5434.6000 1.9117272e-15
5436.0000 1.8984876e-15
5437.4000 1.7865087e-15
5438.8000 1.8541516e-15
5440.2000 1.9452379e-15
5441.6000 1.9382081e-15
5443.0000 1.9729965e-15
5444.4000 1.9978543e-15
5445.8000 1.9682609e-15
5447.2000 2.0027971e-15
5448.6000 1.9522316e-15
5450.0000 1.8916665e-15
5451.4000 1.9021030e-15
5452.8000 1.9694816e-15
5454.2000 2.0578368e-15
5455.6000 2.0197153e-15
5457.0000 2.0305211e-15
5458.4000 2.0041333e-15
5459.8000 2.0180907e-15
5461.2000 2.0125129e-15
5462.6000 2.0450941e-15
5464.0000 2.0839499e-15
5465.4000 2.1547082e-15
5466.8000 2.1376428e-15
5468.2000 2.1088257e-15
5469.6000 2.0529106e-15
5471.0000 2.0308515e-15
5472.4000 2.0165938e-15
5473.8000 2.0182529e-15
5475.2000 1.9986861e-15
5476.6000 2.0154917e-15
5478.0000 1.9797395e-15
5479.4000 1.9142001e-15
5480.8000 1.8810603e-15
5482.2000 1.9029138e-15
5483.6000 1.9657430e-15
5485.0000 2.0180232e-15
5486.4000 2.0709069e-15
5487.8000 2.0733182e-15
5489.2000 2.0391439e-15
5490.6000 2.0163731e-15
5492.0000 1.9677775e-15
5493.4000 1.9659953e-15
5494.8000 2.0106000e-15
5496.2000 2.0103148e-15
5497.6000 2.0251385e-15
5499.0000 2.0391214e-15
5500.4000 1.9746270e-15
5501.8000 1.9405789e-15
5503.2000 1.9326918e-15
5504.6000 1.9535513e-15
5506.0000 1.8829882e-15
5507.4000 1.9132632e-15
5508.8000 1.9040519e-15
5510.2000 1.9592373e-15
5511.6000 1.9352953e-15
5513.0000 2.0014458e-15
5514.4000 1.9304652e-15
5515.8000 1.8250251e-15
5517.2000 1.8740922e-15
5518.6000 1.9847573e-15
5520.0000 1.9619804e-15
5521.4000 1.9239069e-15
5522.8000 1.9998557e-15
5524.2000 2.0038766e-15
5525.6000 1.9972943e-15
5527.0000 1.9804031e-15
5528.4000 2.0728002e-15
5529.8000 2.0324955e-15
5531.2000 2.0424306e-15
5532.6000 2.0213353e-15
5534.0000 2.0262811e-15
5535.4000 1.9676318e-15
5536.8000 2.0127171e-15
5538.2000 2.0758721e-15
5539.6000 1.9923470e-15
5541.0000 1.9197314e-15
5542.4000 1.9237928e-15
5543.8000 1.9196864e-15
5545.2000 1.8822795e-15
5546.6000 1.9386931e-15
5548.0000 1.9314171e-15
5549.4000 2.0105069e-15
5550.8000 2.0616009e-15
5552.2000 2.0893280e-15
5553.6000 2.0260168e-15
5555.0000 2.0201041e-15
5556.4000 1.9658136e-15
5557.8000 1.9178786e-15
5559.2000 1.8961273e-15
5560.6000 1.9694936e-15
5562.0000 2.0379172e-15
5563.4000 2.0176628e-15
5564.8000 1.9758777e-15
5566.2000 1.9022757e-15
5567.6000 1.9551594e-15
5569.0000 1.9499179e-15
5570.4000 2.0054876e-15
5571.8000 1.9857152e-15
5573.2000 1.9852497e-15
5574.6000 1.9670703e-15
5576.0000 2.1179560e-15
5577.4000 2.0126960e-15
5578.8000 1.9415308e-15
5580.2000 2.0317463e-15
5581.6000 2.0170908e-15
5583.0000 2.0225590e-15
5584.4000 1.9657175e-15
5585.8000 1.9500575e-15
5587.2000 1.9289758e-15
5588.6000 1.8575928e-15
5590.0000 1.8711028e-15
5591.4000 1.9233649e-15
5592.8000 1.9354410e-15
5594.2000 1.9264789e-15
5595.6000 1.9494299e-15
5597.0000 1.9782410e-15
5598.4000 1.9887901e-15
5599.8000 1.9598844e-15
5601.2000 2.0017911e-15
5602.6000 1.9716587e-15
5604.0000 1.9746691e-15
5605.4000 1.9718794e-15
5606.8000 1.9537390e-15
5608.2000 1.9483909e-15
5609.6000 1.9623363e-15
5611.0000 1.9770969e-15
5612.4000 1.9547990e-15
5613.8000 2.0026544e-15
5615.2000 1.9262882e-15
5616.6000 1.9312219e-15
5618.0000 1.8999605e-15
5619.4000 1.8643718e-15
5620.8000 1.9195798e-15
5622.2000 1.9762456e-15
5623.6000 1.8741943e-15
5625.0000 1.8886561e-15
5626.4000 1.8490316e-15
5627.8000 1.9069437e-15
5629.2000 1.8906440e-15
5630.6000 1.9807950e-15
5632.0000 2.0000329e-15
5633.4000 1.9727938e-15
5634.8000 1.9146956e-15
5636.2000 1.9452994e-15
5637.6000 1.9593094e-15
5639.0000 1.9246486e-15
5640.4000 1.8750471e-15
5641.8000 1.8382933e-15
5643.2000 1.9142557e-15
5644.6000 1.9365055e-15
5646.0000 1.9502767e-15
5647.4000 2.0007191e-15
5648.8000 1.9042216e-15
5650.2000 1.9080953e-15
5651.6000 1.9608754e-15
5653.0000 1.9607087e-15
5654.4000 2.0080476e-15
5655.8000 2.0207152e-15
5657.2000 1.8846533e-15
5658.6000 1.8843665e-15
5660.0000 1.9723644e-15
5661.4000 2.0261234e-15
5662.8000 2.0097127e-15
5664.2000 1.9860470e-15
5665.6000 2.0090385e-15
5667.0000 1.9794512e-15
5668.4000 1.8987548e-15
5669.8000 1.9455742e-15
5671.2000 1.9414332e-15
5672.6000 1.9653842e-15
5674.0000 1.9637671e-15
5675.4000 1.9193531e-15
5676.8000 1.9405939e-15
5678.2000 1.9173261e-15
5679.6000 1.9034453e-15
5681.0000 1.8417301e-15
5682.4000 1.9146490e-15
5683.8000 1.9096838e-15
5685.2000 1.8449612e-15
5686.6000 1.8793862e-15
5688.0000 1.9331047e-15
5689.4000 1.9012217e-15
5690.8000 1.9604895e-15
5692.2000 1.9375115e-15
5693.6000 1.9545708e-15
5695.0000 1.9355806e-15
5696.4000 1.9293647e-15
5697.8000 1.9418161e-15
5699.2000 1.8580057e-15
5700.6000 1.8533573e-15
5702.0000 1.8168258e-15
5703.4000 1.8004285e-15
5704.8000 1.8237144e-15
5706.2000 1.8650715e-15
5707.6000 1.8553977e-15
5709.0000 1.8658373e-15
5710.4000 1.8955673e-15
5711.8000 1.9171595e-15
5713.2000 1.8581754e-15
5714.6000 1.8276707e-15
5716.0000 1.8170810e-15
5717.4000 1.8133454e-15
5718.8000 1.8903452e-15
5720.2000 1.9080247e-15
5721.6000 1.9744469e-15
5723.0000 2.0136750e-15
5724.4000 1.9798731e-15
5725.8000 1.9777020e-15
5727.2000 1.9419287e-15
5728.6000 1.9453159e-15
5730.0000 1.8347184e-15
5731.4000 1.8402978e-15
5732.8000 1.8897342e-15
5734.2000 1.8435784e-15
5735.6000 1.8680954e-15
5737.0000 1.8778187e-15
5738.4000 1.9213229e-15
5739.8000 1.8996211e-15
5741.2000 1.8772617e-15
5742.6000 1.9131957e-15
5744.0000 1.9420548e-15
5745.4000 1.8841758e-15
5746.8000 1.8978524e-15
5748.2000 1.9155199e-15
5749.6000 1.9310433e-15
5751.0000 1.8721403e-15
5752.4000 1.8825318e-15
5753.8000 1.8855617e-15
5755.2000 1.8600777e-15
5756.6000 1.8672141e-15
5758.0000 1.8748639e-15
5759.4000 1.8849911e-15
5760.8000 1.8782151e-15
5762.2000 1.9223124e-15
5763.6000 1.9022637e-15
5765.0000 1.9042921e-15
5766.4000 1.8783728e-15
5767.8000 1.9326153e-15
5769.2000 1.8527057e-15
5770.6000 1.8662757e-15
5772.0000 1.8938781e-15
5773.4000 1.8400425e-15
5774.8000 1.8057421e-15
5776.2000 1.8239441e-15
5777.6000 1.8189713e-15
5779.0000 1.7793453e-15
5780.4000 1.7972110e-15
5781.8000 1.8290039e-15
5783.2000 1.8223406e-15
5784.6000 1.8341148e-15
5786.0000 1.8866532e-15
5787.4000 1.9018553e-15
5788.8000 1.9340927e-15
5790.2000 1.8958781e-15
5791.6000 1.9083310e-15
5793.0000 1.9139389e-15
5794.4000 1.9086838e-15
5795.8000 1.9137152e-15
5797.2000 1.8696554e-15
5798.6000 1.8510391e-15
5800.0000 1.8259140e-15
5801.4000 1.8575763e-15
5802.8000 1.8048728e-15
5804.2000 1.8704782e-15
5805.6000 1.8756537e-15
5807.0000 1.8895074e-15
5808.4000 1.8922025e-15
5809.8000 1.8599546e-15
5811.2000 1.9256711e-15
5812.6000 1.8937520e-15
5814.0000 1.8950403e-15
5815.4000 1.8599306e-15
5816.8000 1.8069268e-15
5818.2000 1.8079868e-15
5819.6000 1.8199683e-15
5821.0000 1.8644815e-15
5822.4000 1.8666450e-15
5823.8000 1.7550220e-15
5825.2000 1.7428078e-15
5826.6000 1.7433183e-15
5828.0000 1.7641763e-15
5829.4000 1.7877879e-15
5830.8000 1.8253945e-15
5832.2000 1.8947910e-15
5833.6000 1.8475122e-15
5835.0000 1.8756552e-15
5836.4000 1.8900690e-15
5837.8000 1.9034723e-15
5839.2000 1.8932190e-15
5840.6000 1.8944442e-15
5842.0000 1.8928797e-15
5843.4000 1.8925358e-15
5844.8000 1.8591859e-15
5846.2000 1.8677846e-15
5847.6000 1.9065503e-15
5849.0000 1.8633028e-15
5850.4000 1.8812796e-15
5851.8000 1.9084616e-15
5853.2000 1.9089976e-15
5854.6000 1.9394678e-15
5856.0000 1.8933226e-15
5857.4000 1.8725742e-15
5858.8000 1.9161310e-15
5860.2000 1.8341839e-15
5861.6000 1.8923136e-15
5863.0000 1.8722079e-15
5864.4000 1.8457195e-15
5865.8000 1.8913857e-15
5867.2000 1.8427496e-15
5868.6000 1.8394795e-15
5870.0000 1.8371192e-15
5871.4000 1.7981268e-15
5872.8000 1.8091279e-15
5874.2000 1.8985821e-15
5875.6000 1.8527207e-15
5877.0000 1.8862628e-15
5878.4000 1.8566364e-15
5879.8000 1.8108440e-15
5881.2000 1.8298282e-15
5882.6000 1.8641977e-15
5884.0000 1.8380877e-15
5885.4000 1.9059737e-15
5886.8000 1.8693281e-15
5888.2000 1.7953056e-15
5889.6000 1.8025366e-15
5891.0000 1.8264125e-15
5892.4000 1.8377333e-15
5893.8000 1.8262803e-15
5895.2000 1.8266557e-15
5896.6000 1.7739236e-15
5898.0000 1.8034479e-15
5899.4000 1.8040035e-15
5900.8000 1.7705394e-15
5902.2000 1.7528539e-15
5903.6000 1.7851889e-15
5905.0000 1.7669555e-15
5906.4000 1.8020846e-15
5907.8000 1.8254530e-15
5909.2000 1.8002108e-15
5910.6000 1.8079808e-15
5912.0000 1.8305144e-15
5913.4000 1.8219081e-15
5914.8000 1.8315008e-15
5916.2000 1.8501772e-15
5917.6000 1.8546891e-15
5919.0000 1.9031195e-15
5920.4000 1.9511295e-15
5921.8000 1.8798862e-15
5923.2000 1.8750321e-15
5924.6000 1.8398609e-15
5926.0000 1.8173993e-15
5927.4000 1.8602969e-15
5928.8000 1.8556530e-15
5930.2000 1.8662862e-15
5931.6000 1.8064523e-15
5933.0000 1.8905164e-15
5934.4000 1.8653913e-15
5935.8000 1.8097029e-15
5937.2000 1.8429643e-15
5938.6000 1.9029108e-15
5940.0000 1.9161445e-15
5941.4000 1.8925148e-15
5942.8000 1.9076899e-15
5944.2000 1.9260825e-15
5945.6000 1.9506220e-15
5947.0000 1.8927881e-15
5948.4000 1.8725081e-15
5949.8000 1.8683837e-15
5951.2000 1.9227388e-15
5952.6000 1.9119450e-15
5954.0000 1.9245105e-15
5955.4000 1.8803442e-15
5956.8000 1.8581123e-15
5958.2000 1.9077394e-15
5959.6000 1.9017532e-15
5961.0000 1.8732874e-15
5962.4000 1.8911065e-15
5963.8000 1.8749435e-15
5965.2000 1.9130951e-15
5966.6000 1.8962114e-15
5968.0000 1.8897101e-15
5969.4000 1.8432541e-15
5970.8000 1.8359211e-15
5972.2000 1.8239336e-15
5973.6000 1.8384090e-15
5975.0000 1.8589291e-15
5976.4000 1.8344722e-15
5977.8000 1.7758725e-15
5979.2000 1.8444417e-15
5980.6000 1.8684588e-15
5982.0000 1.8564367e-15
5983.4000 1.9001557e-15
5984.8000 1.8516411e-15
5986.2000 1.8704932e-15
5987.6000 1.8990671e-15
5989.0000 1.9168742e-15
5990.4000 1.9499464e-15
5991.8000 1.9548441e-15
5993.2000 1.9304877e-15
5994.6000 1.9569926e-15
5996.0000 1.9349650e-15
5997.4000 1.8824492e-15
5998.8000 1.8812510e-15
6000.2000 1.8647127e-15
6001.6000 1.8533032e-15
6003.0000 1.8684678e-15
6004.4000 1.8573601e-15
6005.8000 1.8424658e-15
6007.2000 1.8103125e-15
6008.6000 1.7370918e-15
6010.0000 1.6211312e-15
6011.4000 1.5853849e-15
6012.8000 1.6374788e-15
6014.2000 1.6829424e-15
6015.6000 1.6451076e-15
6017.0000 1.6389322e-15
6018.4000 1.6671908e-15
6019.8000 1.7624902e-15
6021.2000 1.7591750e-15
6022.6000 1.7947216e-15
6024.0000 1.8151517e-15
6025.4000 1.8050019e-15
6026.8000 1.7930565e-15
6028.2000 1.8318972e-15
6029.6000 1.7770316e-15
6031.0000 1.8067646e-15
6032.4000 1.8367093e-15
6033.8000 1.7903329e-15
6035.2000 1.7864471e-15
6036.6000 1.7740332e-15
6038.0000 1.8034419e-15
6039.4000 1.8323386e-15
6040.8000 1.8418728e-15
6042.2000 1.7832641e-15
6043.6000 1.7796306e-15
6045.0000 1.8071400e-15
6046.4000 1.7885206e-15
6047.8000 1.8078547e-15
6049.2000 1.7878960e-15
6050.6000 1.8064944e-15
6052.0000 1.7440645e-15
6053.4000 1.7883089e-15
6054.8000 1.8368910e-15
6056.2000 1.7767644e-15
6057.6000 1.7528870e-15
6059.0000 1.8108455e-15
6060.4000 1.7954453e-15
6061.8000 1.8305549e-15
6063.2000 1.7994241e-15
6064.6000 1.7756743e-15
6066.0000 1.8158198e-15
6067.4000 1.7848331e-15
6068.8000 1.8000232e-15
6070.2000 1.7380062e-15
6071.6000 1.8128650e-15
6073.0000 1.7763274e-15
6074.4000 1.7894846e-15
6075.8000 1.8206514e-15
6077.2000 1.7774220e-15
6078.6000 1.7851364e-15
6080.0000 1.7703022e-15
6081.4000 1.8083141e-15
6082.8000 1.7781367e-15
6084.2000 1.8076445e-15
6085.6000 1.8159534e-15
6087.0000 1.7704718e-15
6088.4000 1.8234636e-15
6089.8000 1.8095393e-15
6091.2000 1.8050500e-15
6092.6000 1.8179263e-15
6094.0000 1.8110753e-15
6095.4000 1.8179023e-15
6096.8000 1.8045935e-15
6098.2000 1.7755062e-15
6099.6000 1.7594813e-15
6101.0000 1.7466725e-15
6102.4000 1.7900146e-15
6103.8000 1.7981584e-15
6105.2000 1.7734357e-15
6106.6000 1.7178344e-15
6108.0000 1.6870534e-15
6109.4000 1.7446666e-15
6110.8000 1.7850358e-15
6112.2000 1.7584018e-15
6113.6000 1.7623115e-15
6115.0000 1.7631928e-15
6116.4000 1.7649600e-15
6117.8000 1.7448483e-15
6119.2000 1.8168408e-15
6120.6000 1.7266688e-15
6122.0000 1.7545536e-15
6123.4000 1.7591465e-15
6124.8000 1.7636703e-15
6126.2000 1.7210985e-15
6127.6000 1.7046968e-15
6129.0000 1.7663113e-15
6130.4000 1.7270967e-15
6131.8000 1.7172938e-15
6133.2000 1.7292903e-15
6134.6000 1.7802927e-15
6136.0000 1.7267965e-15
6137.4000 1.7253055e-15
6138.8000 1.7108842e-15
6140.2000 1.7481094e-15
6141.6000 1.7445660e-15
6143.0000 1.7315650e-15
6144.4000 1.7176947e-15
6145.8000 1.7099248e-15
6147.2000 1.7053919e-15
6148.6000 1.7782208e-15
6150.0000 1.7486589e-15
6151.4000 1.7280787e-15
6152.8000 1.7426637e-15
6154.2000 1.8091324e-15
6155.6000 1.7761893e-15
6157.0000 1.7654060e-15
6158.4000 1.7631583e-15
6159.8000 1.7914650e-15
6161.2000 1.7315530e-15
6162.6000 1.7618476e-15
6164.0000 1.7503480e-15
6165.4000 1.7194875e-15
6166.8000 1.7353937e-15
6168.2000 1.7881783e-15
6169.6000 1.7427177e-15
6171.0000 1.7508420e-15
6172.4000 1.7477746e-15
6173.8000 1.7524846e-15
6175.2000 1.7336836e-15
6176.6000 1.7551211e-15
6178.0000 1.7455344e-15
6179.4000 1.7200295e-15
6180.8000 1.6872891e-15
6182.2000 1.7855928e-15
6183.6000 1.7814609e-15
6185.0000 1.7273130e-15
6186.4000 1.7299825e-15
6187.8000 1.7061517e-15
6189.2000 1.6861915e-15
6190.6000 1.6920006e-15
6192.0000 1.7495928e-15
6193.4000 1.7513225e-15
6194.8000 1.7770932e-15
6196.2000 1.7618355e-15
6197.6000 1.7890296e-15
6199.0000 1.7492265e-15
6200.4000 1.6988261e-15
6201.8000 1.7424865e-15
6203.2000 1.7359868e-15
6204.6000 1.7400857e-15
6206.0000 1.6926252e-15
6207.4000 1.7119457e-15
6208.8000 1.7277409e-15
6210.2000 1.7307287e-15
6211.6000 1.7041968e-15
6213.0000 1.7381428e-15
6214.4000 1.7535611e-15
6215.8000 1.7218702e-15
6217.2000 1.7034836e-15
6218.6000 1.6896554e-15
6220.0000 1.7663564e-15
6221.4000 1.7910881e-15
6222.8000 1.7406487e-15
6224.2000 1.7168059e-15
6225.6000 1.7174815e-15
6227.0000 1.6737746e-15
6228.4000 1.6346756e-15
6229.8000 1.6815431e-15
6231.2000 1.6985949e-15
6232.6000 1.7375873e-15
6234.0000 1.7006864e-15
6235.4000 1.7098347e-15
6236.8000 1.6846150e-15
6238.2000 1.7142925e-15
6239.6000 1.7014281e-15
6241.0000 1.7154741e-15
6242.4000 1.6464364e-15
6243.8000 1.6916808e-15
6245.2000 1.6790372e-15
6246.6000 1.6423825e-15
6248.0000 1.6194510e-15
6249.4000 1.6430822e-15
6250.8000 1.6351681e-15
6252.2000 1.7088498e-15
6253.6000 1.6606400e-15
6255.0000 1.6701351e-15
6256.4000 1.6573339e-15
6257.8000 1.7211030e-15
6259.2000 1.6925501e-15
6260.6000 1.6663800e-15
6262.0000 1.6007852e-15
6263.4000 1.5552705e-15
6264.8000 1.6134693e-15
6266.2000 1.6674025e-15
6267.6000 1.6252061e-15
6269.0000 1.6668350e-15
6270.4000 1.6758962e-15
6271.8000 1.6935621e-15
6273.2000 1.6614703e-15
6274.6000 1.6275198e-15
6276.0000 1.6184045e-15
6277.4000 1.5221593e-15
6278.8000 1.5641966e-15
6280.2000 1.5460232e-15
6281.6000 1.6032040e-15
6283.0000 1.5946413e-15
6284.4000 1.5983889e-15
6285.8000 1.6079695e-15
6287.2000 1.5343450e-15
6288.6000 1.4861720e-15
6290.0000 1.5194267e-15
6291.4000 1.5315628e-15
6292.8000 1.5839660e-15
6294.2000 1.5575092e-15
6295.6000 1.5564732e-15
6297.0000 1.5561308e-15
6298.4000 1.5955436e-15
6299.8000 1.6429441e-15
6301.2000 1.5541564e-15
6302.6000 1.5973333e-15
6304.0000 1.5942944e-15
6305.4000 1.5649263e-15
6306.8000 1.5997131e-15
6308.2000 1.6214224e-15
6309.6000 1.6117592e-15
6311.0000 1.5970946e-15
6312.4000 1.6353663e-15
6313.8000 1.6342387e-15
6315.2000 1.5988033e-15
6316.6000 1.5937794e-15
6318.0000 1.5758703e-15
6319.4000 1.5422726e-15
6320.8000 1.5966262e-15
6322.2000 1.5974580e-15
6323.6000 1.6465745e-15
6325.0000 1.6291083e-15
6326.4000 1.6232302e-15
6327.8000 1.5648242e-15
6329.2000 1.6289612e-15
6330.6000 1.6254388e-15
6332.0000 1.6240079e-15
6333.4000 1.6684385e-15
6334.8000 1.6229104e-15
6336.2000 1.6042715e-15
6337.6000 1.6448719e-15
6339.0000 1.6087548e-15
6340.4000 1.5908862e-15
6341.8000 1.6120700e-15
6343.2000 1.5629444e-15
6344.6000 1.5518848e-15
6346.0000 1.5671379e-15
6347.4000 1.5837829e-15
6348.8000 1.5622762e-15
6350.2000 1.5690732e-15
6351.6000 1.5489900e-15
6353.0000 1.5794632e-15
6354.4000 1.5640449e-15
6355.8000 1.5574926e-15
6357.2000 1.5532286e-15
6358.6000 1.4842801e-15
6360.0000 1.5168382e-15
6361.4000 1.5841522e-15
6362.8000 1.5900994e-15
6364.2000 1.6234539e-15
6365.6000 1.5866836e-15
6367.0000 1.5777921e-15
6368.4000 1.5525859e-15
6369.8000 1.5742157e-15
6371.2000 1.5586908e-15
6372.6000 1.5090952e-15
6374.0000 1.5527091e-15
6375.4000 1.5456103e-15
6376.8000 1.5783852e-15
6378.2000 1.5938725e-15
6379.6000 1.5927885e-15
6381.0000 1.5878262e-15
6382.4000 1.5318871e-15
6383.8000 1.5244129e-15
6385.2000 1.5423671e-15
6386.6000 1.5570167e-15
6388.0000 1.5409993e-15
6389.4000 1.5682520e-15
6390.8000 1.5966337e-15
6392.2000 1.6070657e-15
6393.6000 1.6037055e-15
6395.0000 1.5928666e-15
6396.4000 1.6141420e-15
6397.8000 1.5875665e-15
6399.2000 1.5749514e-15
6400.6000 1.6047790e-15
6402.0000 1.5926188e-15
6403.4000 1.6353798e-15
6404.8000 1.5983844e-15
6406.2000 1.6031169e-15
6407.6000 1.6111841e-15
6409.0000 1.5719951e-15
6410.4000 1.5823655e-15
6411.8000 1.6144903e-15
6413.2000 1.6181133e-15
6414.6000 1.6136705e-15
6416.0000 1.6592722e-15
6417.4000 1.6657629e-15
6418.8000 1.6074786e-15
6420.2000 1.6088509e-15
6421.6000 1.5966427e-15
6423.0000 1.5971742e-15
6424.4000 1.5884013e-15
6425.8000 1.6243307e-15
6427.2000 1.5580437e-15
6428.6000 1.6151764e-15
6430.0000 1.5848384e-15
6431.4000 1.5900424e-15
6432.8000 1.5611066e-15
6434.2000 1.5692234e-15
6435.6000 1.6259403e-15
6437.0000 1.5899928e-15
6438.4000 1.6153521e-15
6439.8000 1.5779362e-15
6441.2000 1.6207933e-15
6442.6000 1.5787530e-15
6444.0000 1.5740445e-15
6445.4000 1.5610030e-15
6446.8000 1.5714230e-15
6448.2000 1.5320177e-15
6449.6000 1.5536354e-15
6451.0000 1.5594640e-15
6452.4000 1.5755415e-15
6453.8000 1.6331021e-15
6455.2000 1.6509723e-15
6456.6000 1.6517290e-15
6458.0000 1.6043030e-15
6459.4000 1.6623607e-15
6460.8000 1.6363152e-15
6462.2000 1.5892736e-15
6463.6000 1.6313319e-15
6465.0000 1.5878292e-15
6466.4000 1.5596968e-15
6467.8000 1.5127738e-15
6469.2000 1.5914882e-15
6470.6000 1.5754153e-15
6472.0000 1.5945226e-15
6473.4000 1.5723043e-15
6474.8000 1.5650749e-15
6476.2000 1.5816508e-15
6477.6000 1.6111000e-15
6479.0000 1.6124048e-15
6480.4000 1.6273021e-15
6481.8000 1.6250274e-15
6483.2000 1.6261129e-15
6484.6000 1.5796013e-15
6486.0000 1.6093854e-15
6487.4000 1.6114304e-15
6488.8000 1.5697129e-15
6490.2000 1.5637642e-15
6491.6000 1.5338164e-15
6493.0000 1.5397907e-15
6494.4000 1.5206503e-15
6495.8000 1.5838144e-15
6497.2000 1.5970060e-15
6498.6000 1.6297299e-15
6500.0000 1.5970691e-15
6501.4000 1.5751195e-15
6502.8000 1.6009083e-15
6504.2000 1.6296248e-15
6505.6000 1.6511855e-15
6507.0000 1.6417399e-15
6508.4000 1.6045162e-15
6509.8000 1.5951938e-15
6511.2000 1.5767366e-15
6512.6000 1.5676334e-15
6514.0000 1.5686273e-15
6515.4000 1.5575002e-15
6516.8000 1.5638107e-15
6518.2000 1.5953034e-15
6519.6000 1.5749349e-15
6521.0000 1.5833925e-15
6522.4000 1.5510455e-15
6523.8000 1.5347909e-15
6525.2000 1.5299007e-15
6526.6000 1.5642987e-15
6528.0000 1.5333270e-15
6529.4000 1.5397727e-15
6530.8000 1.5466943e-15
6532.2000 1.5761405e-15
6533.6000 1.5552330e-15
6535.0000 1.5335026e-15
6536.4000 1.5894508e-15
6537.8000 1.5024889e-15
6539.2000 1.5169328e-15
6540.6000 1.5090847e-15
6542.0000 1.5127543e-15
6543.4000 1.5369695e-15
6544.8000 1.5361587e-15
6546.2000 1.5648977e-15
6547.6000 1.5096823e-15
6549.0000 1.5460051e-15
6550.4000 1.5379439e-15
6551.8000 1.5279789e-15
6553.2000 1.5422125e-15
6554.6000 1.5195227e-15
6556.0000 1.5351783e-15
6557.4000 1.5674232e-15
6558.8000 1.5720806e-15
6560.2000 1.5619474e-15
6561.6000 1.5511596e-15
6563.0000 1.5110111e-15
6564.4000 1.5150319e-15
6565.8000 1.5433716e-15
6567.2000 1.5271711e-15
6568.6000 1.5509374e-15
6570.0000 1.5314547e-15
6571.4000 1.5409483e-15
6572.8000 1.5380040e-15
6574.2000 1.5892061e-15
6575.6000 1.5789182e-15
6577.0000 1.5628107e-15
6578.4000 1.5921023e-15
6579.8000 1.5835126e-15
6581.2000 1.5203395e-15
6582.6000 1.5013989e-15
6584.0000 1.4860289e-15
6585.4000 1.5159583e-15
6586.8000 1.5398642e-15
6588.2000 1.5551429e-15
6589.6000 1.5402486e-15
6591.0000 1.5802350e-15
6592.4000 1.5727533e-15
6593.8000 1.5615210e-15
6595.2000 1.5043852e-15
6596.6000 1.5139014e-15
6598.0000 1.5418987e-15
6599.4000 1.5404558e-15
6600.8000 1.5703870e-15
6602.2000 1.6077984e-15
6603.6000 1.5451899e-15
6605.0000 1.5735926e-15
6606.4000 1.5547555e-15
6607.8000 1.6402054e-15
6609.2000 1.6396829e-15
6610.6000 1.6306428e-15
6612.0000 1.6118297e-15
6613.4000 1.6285573e-15
6614.8000 1.5590481e-15
6616.2000 1.5550243e-15
6617.6000 1.5747397e-15
6619.0000 1.5761916e-15
6620.4000 1.6066888e-15
6621.8000 1.5984339e-15
6623.2000 1.5925407e-15
6624.6000 1.5463910e-15
6626.0000 1.5446944e-15
6627.4000 1.4908811e-15
6628.8000 1.4795387e-15
6630.2000 1.4872892e-15
6631.6000 1.5232824e-15
6633.0000 1.5413146e-15
6634.4000 1.5576788e-15
6635.8000 1.5903516e-15
6637.2000 1.6336877e-15
6638.6000 1.6287104e-15
6640.0000 1.6071377e-15
6641.4000 1.5944731e-15
6642.8000 1.6124168e-15
6644.2000 1.6399397e-15
6645.6000 1.6430086e-15
6647.0000 1.6336847e-15
6648.4000 1.6396859e-15
6649.8000 1.6670121e-15
6651.2000 1.6255574e-15
6652.6000 1.6180322e-15
6654.0000 1.6193234e-15
6655.4000 1.6664656e-15
6656.8000 1.6577227e-15
6658.2000 1.6559646e-15
6659.6000 1.6446962e-15
6661.0000 1.6110820e-15
6662.4000 1.6344219e-15
6663.8000 1.6173235e-15
6665.2000 1.6398661e-15
6666.6000 1.6314040e-15
6668.0000 1.6358363e-15
6669.4000 1.6491135e-15
6670.8000 1.6622271e-15
6672.2000 1.6837006e-15
6673.6000 1.7585234e-15
6675.0000 1.7231269e-15
6676.4000 1.7411682e-15
6677.8000 1.6988967e-15
6679.2000 1.7026548e-15
6680.6000 1.7013441e-15
6682.0000 1.7051172e-15
6683.4000 1.7587936e-15
6684.8000 1.7743020e-15
6686.2000 1.7613010e-15
6687.6000 1.7560235e-15
6689.0000 1.7201781e-15
6690.4000 1.7806531e-15
6691.8000 1.7601539e-15
6693.2000 1.7480944e-15
6694.6000 1.7211015e-15
6696.0000 1.6791152e-15
6697.4000 1.6387731e-15
6698.8000 1.6138672e-15
6700.2000 1.6869513e-15
6701.6000 1.7257124e-15
6703.0000 1.7287153e-15
6704.4000 1.7121409e-15
6705.8000 1.7507489e-15
6707.2000 1.7107761e-15
6708.6000 1.6640468e-15
6710.0000 1.6803855e-15
6711.4000 1.7226195e-15
6712.8000 1.6989327e-15
6714.2000 1.6953398e-15
6715.6000 1.6697207e-15
6717.0000 1.7200745e-15
6718.4000 1.8231528e-15
6719.8000 1.7888344e-15
6721.2000 1.7067567e-15
6722.6000 1.6430822e-15
6724.0000 1.6006275e-15
6725.4000 1.5964805e-15
6726.8000 1.5738298e-15
6728.2000 1.5327474e-15
6729.6000 1.5208936e-15
6731.0000 1.5785398e-15
6732.4000 1.5671379e-15
6733.8000 1.5761676e-15
6735.2000 1.5793056e-15
6736.6000 1.5945181e-15
6738.0000 1.5828009e-15
6739.4000 1.5329606e-15
6740.8000 1.5485396e-15
6742.2000 1.5004890e-15
6743.6000 1.5042921e-15
6745.0000 1.5062951e-15
6746.4000 1.5357398e-15
6747.8000 1.5620255e-15
6749.2000 1.5472453e-15
6750.6000 1.5609174e-15
6752.0000 1.5862122e-15
6753.4000 1.5616772e-15
6754.8000 1.5575962e-15
6756.2000 1.5571338e-15
6757.6000 1.5990405e-15
6759.0000 1.5486477e-15
6760.4000 1.5286695e-15
6761.8000 1.5214206e-15
6763.2000 1.5307700e-15
6764.6000 1.5057245e-15
6766.0000 1.5468009e-15
6767.4000 1.5655284e-15
6768.8000 1.5271621e-15
6770.2000 1.5024604e-15
6771.6000 1.5178426e-15
6773.0000 1.5345176e-15
6774.4000 1.5178411e-15
6775.8000 1.4742143e-15
6777.2000 1.5046390e-15
6778.6000 1.4949257e-15
6780.0000 1.4976753e-15
6781.4000 1.4847174e-15
6782.8000 1.5221728e-15
6784.2000 1.4980987e-15
6785.6000 1.5208665e-15
6787.0000 1.5153412e-15
6788.4000 1.5304082e-15
6789.8000 1.5428701e-15
6791.2000 1.5283602e-15
6792.6000 1.5025580e-15
6794.0000 1.4996450e-15
6795.4000 1.5045954e-15
6796.8000 1.4844415e-15
6798.2000 1.4793499e-15
6799.6000 1.5199687e-15
6801.0000 1.4820354e-15
6802.4000 1.4991397e-15
6803.8000 1.4911425e-15
6805.2000 1.4906483e-15
6806.6000 1.5215467e-15
6808.0000 1.5212569e-15
6809.4000 1.5432800e-15
6810.8000 1.5235451e-15
6812.2000 1.4886381e-15
6813.6000 1.4697095e-15
6815.0000 1.4368574e-15
6816.4000 1.4205855e-15
6817.8000 1.4666856e-15
6819.2000 1.4901447e-15
6820.6000 1.4953823e-15
6822.0000 1.4878607e-15
6823.4000 1.4992351e-15
6824.8000 1.5231908e-15
6826.2000 1.5220347e-15
6827.6000 1.5117948e-15
6829.0000 1.4646942e-15
6830.4000 1.4863298e-15
6831.8000 1.4478584e-15
6833.2000 1.4602150e-15
6834.6000 1.4275235e-15
6836.0000 1.4538537e-15
6837.4000 1.4631167e-15
6838.8000 1.4702700e-15
6840.2000 1.5104871e-15
6841.6000 1.4608438e-15
6843.0000 1.4453048e-15
6844.4000 1.4835760e-15
6845.8000 1.4015392e-15
6847.2000 1.4358411e-15
6848.6000 1.4166258e-15
6850.0000 1.4437837e-15
6851.4000 1.4343595e-15
6852.8000 1.4122188e-15
6854.2000 1.4713312e-15
6855.6000 1.4292589e-15
6857.0000 1.4223584e-15
6858.4000 1.4073426e-15
6859.8000 1.4135557e-15
