3477.8965 2.2933619e-15
3479.3673 2.1883574e-15
3480.8382 2.3319043e-15
3482.3091 2.6751743e-15
3483.7799 3.2555004e-15
3485.2508 2.8937665e-15
3486.7216 2.7116263e-15
3488.1925 2.6931860e-15
3489.6634 2.5389066e-15
3491.1342 2.6250277e-15
3492.6051 2.9435136e-15
3494.0760 2.6646779e-15
3495.5468 2.9115157e-15
3497.0177 2.4970743e-15
3498.4885 2.6383682e-15
3499.9594 3.0774339e-15
3501.4303 2.9727364e-15
3502.9011 2.6171310e-15
3504.3720 2.2912570e-15
3505.8428 2.3619008e-15
3507.3137 2.7324558e-15
3508.7846 2.5383427e-15
3510.2554 2.4477494e-15
3511.7263 2.6090528e-15
3513.1971 2.3354140e-15
3514.6680 2.5409180e-15
3516.1389 2.2454355e-15
3517.6097 2.3218364e-15
3519.0806 2.4551211e-15
3520.5514 2.5856989e-15
3522.0223 2.7910249e-15
3523.4932 2.2918981e-15
3524.9640 2.1790878e-15
3526.4349 2.3882304e-15
3527.9057 2.4331711e-15
3529.3766 2.6978853e-15
3530.8475 2.8482364e-15
3532.3183 2.3844928e-15
3533.7892 2.6435324e-15
3535.2600 2.4506879e-15
3536.7309 1.9868762e-15
3538.2018 2.5278617e-15
3539.6726 2.4066835e-15
3541.1435 2.8795178e-15
3542.6144 2.4967001e-15
3544.0852 2.7270791e-15
3545.5561 2.7160223e-15
3547.0269 2.4264187e-15
3548.4978 2.7845567e-15
3549.9687 2.5566704e-15
3551.4395 2.3266384e-15
3552.9104 2.6284720e-15
3554.3812 2.4703024e-15
3555.8521 2.7460234e-15
3557.3230 2.1436465e-15
3558.7938 2.4576075e-15
3560.2647 2.5397629e-15
3561.7355 2.3779991e-15
3563.2064 2.0868935e-15
3564.6773 2.3837790e-15
3566.1481 2.3835311e-15
3567.6190 2.3496999e-15
3569.0898 2.6756883e-15
3570.5607 2.5607676e-15
3572.0316 2.5721168e-15
3573.5024 2.7694481e-15
3574.9733 2.4193148e-15
3576.4441 2.7093253e-15
3577.9150 2.4059443e-15
3579.3859 2.2330647e-15
3580.8567 2.4467151e-15
3582.3276 2.4279642e-15
3583.7984 2.4758661e-15
3585.2693 2.4788174e-15
3586.7402 1.9194924e-15
3588.2110 2.3909301e-15
3589.6819 2.4464227e-15
3591.1528 2.2916320e-15
3592.6236 2.9972463e-15
3594.0945 2.3283973e-15
3595.5653 2.3628552e-15
3597.0362 1.9577587e-15
3598.5071 2.5691101e-15
3599.9779 2.0893771e-15
3601.4488 2.4328860e-15
3602.9196 1.8249199e-15
3604.3905 2.4734171e-15
3605.8614 2.2337349e-15
3607.3322 1.8601823e-15
3608.8031 2.2972131e-15
3610.2739 2.8523464e-15
3611.7448 2.3013094e-15
3613.2157 2.5014394e-15
3614.6865 2.1769629e-15
3616.1574 2.4163381e-15
3617.6282 2.3743714e-15
3619.0991 2.2836682e-15
3620.5700 2.6286218e-15
3622.0408 2.4204272e-15
3623.5117 2.1027513e-15
3624.9825 2.3307283e-15
3626.4534 2.3381419e-15
3627.9243 2.2955386e-15
3629.3951 2.3287614e-15
3630.8660 2.0961977e-15
3632.3368 2.3656929e-15
3633.8077 2.3421646e-15
3635.2786 2.4473516e-15
3636.7494 2.2887997e-15
3638.2203 1.9327122e-15
3639.6912 1.9874083e-15
3641.1620 2.5205726e-15
3642.6329 2.3537099e-15
3644.1037 2.1605857e-15
3645.5746 2.0618016e-15
3647.0455 2.1616109e-15
3648.5163 1.8146096e-15
3649.9872 2.1114143e-15
3651.4580 2.2749942e-15
3652.9289 1.9145125e-15
3654.3998 2.1195579e-15
3655.8706 2.1759304e-15
3657.3415 2.1718177e-15
3658.8123 2.2929233e-15
3660.2832 2.4188780e-15
3661.7541 2.2791560e-15
3663.2249 2.2837835e-15
3664.6958 2.3566693e-15
3666.1666 2.1635869e-15
3667.6375 2.2366562e-15
3669.1084 2.4577192e-15
3670.5792 2.3744222e-15
3672.0501 2.4544328e-15
3673.5209 2.3406291e-15
3674.9918 2.3058343e-15
3676.4627 2.5463710e-15
3677.9335 2.3280005e-15
3679.4044 2.1549148e-15
3680.8752 2.3056600e-15
3682.3461 2.5260401e-15
3683.8170 2.7302056e-15
3685.2878 2.0064825e-15
3686.7587 2.2450359e-15
3688.2296 2.2024471e-15
3689.7004 2.2785739e-15
3691.1713 2.2003404e-15
3692.6421 2.0790123e-15
3694.1130 2.2581149e-15
3695.5839 2.3712294e-15
3697.0547 2.0363736e-15
3698.5256 2.3733961e-15
3699.9964 2.4845592e-15
3701.4673 2.5045650e-15
3702.9382 2.5753550e-15
3704.4090 2.3287278e-15
3705.8799 2.3630903e-15
3707.3507 2.2843974e-15
3708.8216 2.2835964e-15
3710.2925 2.4201657e-15
3711.7633 2.2058497e-15
3713.2342 2.6080176e-15
3714.7050 2.2445020e-15
3716.1759 2.0944233e-15
3717.6468 2.0882447e-15
3719.1176 2.2111302e-15
3720.5885 2.3888289e-15
3722.0593 2.3825786e-15
3723.5302 2.0552580e-15
3725.0011 2.1640092e-15
3726.4719 2.1855642e-15
3727.9428 2.3567547e-15
3729.4136 2.2899466e-15
3730.8845 2.3124360e-15
3732.3554 2.3203554e-15
3733.8262 2.1918444e-15
3735.2971 2.3282947e-15
3736.7680 2.2838752e-15
3738.2388 2.3535310e-15
3739.7097 2.3605686e-15
3741.1805 2.5555580e-15
3742.6514 2.4509967e-15
3744.1223 2.1794764e-15
3745.5931 2.3283673e-15
3747.0640 2.3521172e-15
3748.5348 2.2984054e-15
3750.0057 2.1607637e-15
3751.4766 2.1785920e-15
3752.9474 2.2326270e-15
3754.4183 2.1024725e-15
3755.8891 2.1890721e-15
3757.3600 2.0605003e-15
3758.8309 2.4274539e-15
3760.3017 2.1340563e-15
3761.7726 2.0762872e-15
3763.2434 2.0593852e-15
3764.7143 2.3105327e-15
3766.1852 2.3585218e-15
3767.6560 2.4338649e-15
3769.1269 2.3238279e-15
3770.5977 2.2315882e-15
3772.0686 2.2312949e-15
3773.5395 2.1635333e-15
3775.0103 2.4835721e-15
3776.4812 2.2696348e-15
3777.9520 2.4692154e-15
3779.4229 2.3230560e-15
3780.8938 2.1508166e-15
3782.3646 2.0432405e-15
3783.8355 2.2369404e-15
3785.3063 2.2561744e-15
3786.7772 2.0112208e-15
3788.2481 2.4403268e-15
3789.7189 2.4436694e-15
3791.1898 2.2677396e-15
3792.6607 2.3970070e-15
3794.1315 2.3032218e-15
3795.6024 2.0430843e-15
3797.0732 2.0752447e-15
3798.5441 2.2069775e-15
3800.0150 2.1750577e-15
3801.4858 2.4746748e-15
3802.9567 2.4701879e-15
3804.4275 2.4709417e-15
3805.8984 2.3835402e-15
3807.3693 2.1340617e-15
3808.8401 2.0620522e-15
3810.3110 2.1345040e-15
3811.7818 2.2169091e-15
3813.2527 2.1979676e-15
3814.7236 2.4114554e-15
3816.1944 2.4017099e-15
3817.6653 2.3505189e-15
3819.1361 2.3808895e-15
3820.6070 2.1536099e-15
3822.0779 2.2348346e-15
3823.5487 1.9845116e-15
3825.0196 1.9780270e-15
3826.4904 2.0564584e-15
3827.9613 2.1141167e-15
3829.4322 2.2259254e-15
3830.9030 2.4204118e-15
3832.3739 2.6087794e-15
3833.8447 2.2158458e-15
3835.3156 2.3676543e-15
3836.7865 2.5019715e-15
3838.2573 2.3669188e-15
3839.7282 2.6153339e-15
3841.1991 2.4196008e-15
3842.6699 2.2348573e-15
3844.1408 2.3768640e-15
3845.6116 2.1468329e-15
3847.0825 2.2113154e-15
3848.5534 2.3361895e-15
3850.0242 2.4305441e-15
3851.4951 2.3110512e-15
3852.9659 2.3658373e-15
3854.4368 2.4169129e-15
3855.9077 2.3674255e-15
3857.3785 2.5135795e-15
3858.8494 2.5234493e-15
3860.3202 2.7072639e-15
3861.7911 2.5406610e-15
3863.2620 2.4514389e-15
3864.7328 2.5565959e-15
3866.2037 2.3864660e-15
3867.6745 2.3663440e-15
3869.1454 2.3413038e-15
3870.6163 2.2581730e-15
3872.0871 2.1440378e-15
3873.5580 2.1992216e-15
3875.0288 2.1404964e-15
3876.4997 2.1826756e-15
3877.9706 2.2566111e-15
3879.4414 2.2926118e-15
3880.9123 2.5322023e-15
3882.3831 2.4849614e-15
3883.8540 2.4344506e-15
3885.3249 2.4129110e-15
3886.7957 2.5790182e-15
3888.2666 2.7311781e-15
3889.7375 2.6096603e-15
3891.2083 2.4527456e-15
3892.6792 2.5761722e-15
3894.1500 2.6111305e-15
3895.6209 2.6056448e-15
3897.0918 2.3866922e-15
3898.5626 2.3929270e-15
3900.0335 2.4420830e-15
3901.5043 2.4875958e-15
3902.9752 2.2151802e-15
3904.4461 2.3693969e-15
3905.9169 2.2851329e-15
3907.3878 2.2498242e-15
3908.8586 2.2422436e-15
3910.3295 2.0803663e-15
3911.8004 1.8659776e-15
3913.2712 2.0038018e-15
3914.7421 1.9696663e-15
3916.2129 1.8989953e-15
3917.6838 1.9556229e-15
3919.1547 2.1272784e-15
3920.6255 2.3657392e-15
3922.0964 2.3245743e-15
3923.5672 2.3844238e-15
3925.0381 2.4566322e-15
3926.5090 2.4562553e-15
3927.9798 2.5646224e-15
3929.4507 2.3357963e-15
3930.9215 2.4462719e-15
3932.3924 2.4451305e-15
3933.8633 2.3393641e-15
3935.3341 2.3119066e-15
3936.8050 2.5726789e-15
3938.2759 2.4569210e-15
3939.7467 2.5590532e-15
3941.2176 2.5228046e-15
3942.6884 2.6810060e-15
3944.1593 2.6243956e-15
3945.6302 2.5130918e-15
3947.1010 2.7340667e-15
3948.5719 2.4605360e-15
3950.0427 2.3898486e-15
3951.5136 2.5331975e-15
3952.9845 2.5173516e-15
3954.4553 2.5557060e-15
3955.9262 2.5581351e-15
3957.3970 2.4418115e-15
3958.8679 2.4363912e-15
3960.3388 2.5922316e-15
3961.8096 2.3368996e-15
3963.2805 2.3672121e-15
3964.7513 2.1275917e-15
3966.2222 2.0636649e-15
3967.6931 2.0121280e-15
3969.1639 2.1710422e-15
3970.6348 2.1329284e-15
3972.1056 2.4474797e-15
3973.5765 2.4883295e-15
3975.0474 2.4673511e-15
3976.5182 2.3659771e-15
3977.9891 2.6114101e-15
3979.4599 2.5068034e-15
3980.9308 2.3689928e-15
3982.4017 2.4501621e-15
3983.8725 2.3460794e-15
3985.3434 2.5993255e-15
3986.8143 2.3596415e-15
3988.2851 2.6041038e-15
3989.7560 2.5291566e-15
3991.2268 2.7487403e-15
3992.6977 2.4646605e-15
3994.1686 2.5699247e-15
3995.6394 2.5647795e-15
3997.1103 2.4086204e-15
3998.5811 2.5059080e-15
4000.0520 2.6491017e-15
4001.5229 2.4005194e-15
4002.9937 2.4925539e-15
4004.4646 2.4328261e-15
4005.9354 2.4945816e-15
4007.4063 2.2874685e-15
4008.8772 2.1599755e-15
4010.3480 2.0101257e-15
4011.8189 1.8765349e-15
4013.2897 1.7583461e-15
4014.7606 1.9686547e-15
4016.2315 2.0619278e-15
4017.7023 2.0937077e-15
4019.1732 2.0872604e-15
4020.6440 2.2356428e-15
4022.1149 2.2995849e-15
4023.5858 2.3523106e-15
4025.0566 2.4834086e-15
4026.5275 2.5367272e-15
4027.9983 2.5021568e-15
4029.4692 2.4878046e-15
4030.9401 2.4987106e-15
4032.4109 2.5361951e-15
4033.8818 2.4170619e-15
4035.3527 2.4726897e-15
4036.8235 2.5587227e-15
4038.2944 2.4339675e-15
4039.7652 2.3332155e-15
4041.2361 2.3701770e-15
4042.7070 2.2666354e-15
4044.1778 2.2037103e-15
4045.6487 2.0358378e-15
4047.1195 1.8924662e-15
4048.5904 1.8048932e-15
4050.0613 1.7988290e-15
4051.5321 1.8416476e-15
4053.0030 1.8718248e-15
4054.4738 1.9639264e-15
4055.9447 2.2880587e-15
4057.4156 2.3366644e-15
4058.8864 2.2615502e-15
4060.3573 2.4002833e-15
4061.8281 2.4632684e-15
4063.2990 2.4221335e-15
4064.7699 2.4858804e-15
4066.2407 2.5981268e-15
4067.7116 2.5900168e-15
4069.1824 2.6528366e-15
4070.6533 2.6140127e-15
4072.1242 2.7170194e-15
4073.5950 2.8039250e-15
4075.0659 2.7804313e-15
4076.5367 2.6589616e-15
4078.0076 2.6903556e-15
4079.4785 2.7104912e-15
4080.9493 2.7284594e-15
4082.4202 2.7340222e-15
4083.8911 2.6697195e-15
4085.3619 2.6671706e-15
4086.8328 2.7432292e-15
4088.3036 2.7313543e-15
4089.7745 2.4773100e-15
4091.2454 2.8117817e-15
4092.7162 3.1305319e-15
4094.1871 2.8380669e-15
4095.6579 2.7551404e-15
4097.1288 2.8217024e-15
4098.5997 2.8154331e-15
4100.0705 2.7404514e-15
4101.5414 2.7812268e-15
4103.0122 2.8560159e-15
4104.4831 2.8639298e-15
4105.9540 2.8391765e-15
4107.4248 2.6117934e-15
4108.8957 2.7888228e-15
4110.3665 2.7300194e-15
4111.8374 2.6374374e-15
4113.3083 2.6984665e-15
4114.7791 2.7908623e-15
4116.2500 2.6604862e-15
4117.7208 2.8694454e-15
4119.1917 2.9634513e-15
4120.6626 2.7243403e-15
4122.1334 2.7901377e-15
4123.6043 2.8136042e-15
4125.0751 2.9279510e-15
4126.5460 2.7888873e-15
4128.0169 2.7279427e-15
4129.4877 2.6899669e-15
4130.9586 2.8119697e-15
4132.4295 2.8378771e-15
4133.9003 2.8714850e-15
4135.3712 2.6973396e-15
4136.8420 2.9704662e-15
4138.3129 2.6939761e-15
4139.7838 2.6987280e-15
4141.2546 2.7209396e-15
4142.7255 2.7182390e-15
4144.1963 2.8403625e-15
4145.6672 2.7142343e-15
4147.1381 2.7756466e-15
4148.6089 2.6669835e-15
4150.0798 2.7700311e-15
4151.5506 2.7716856e-15
4153.0215 2.8746469e-15
4154.4924 2.7853530e-15
4155.9632 2.8522610e-15
4157.4341 2.7584849e-15
4158.9049 2.7637454e-15
4160.3758 2.6651301e-15
4161.8467 2.7002182e-15
4163.3175 2.8276431e-15
4164.7884 2.9683377e-15
4166.2592 2.8518033e-15
4167.7301 2.8756512e-15
4169.2010 2.8176724e-15
4170.6718 2.9092510e-15
4172.1427 3.0689371e-15
4173.6135 3.0644584e-15
4175.0844 2.9826381e-15
4176.5553 2.9227604e-15
4178.0261 2.7763050e-15
4179.4970 2.6986000e-15
4180.9679 2.6253228e-15
4182.4387 2.5761023e-15
4183.9096 2.6035035e-15
4185.3804 2.5853093e-15
4186.8513 2.6510086e-15
4188.3222 2.5942629e-15
4189.7930 2.7446195e-15
4191.2639 2.7924615e-15
4192.7347 2.7463848e-15
4194.2056 2.8692375e-15
4195.6765 2.9177687e-15
4197.1473 2.9507900e-15
4198.6182 2.7927484e-15
4200.0890 2.9876679e-15
4201.5599 2.9637219e-15
4203.0308 2.8031314e-15
4204.5016 2.8860841e-15
4205.9725 2.8840782e-15
4207.4433 2.8432556e-15
4208.9142 2.7679915e-15
4210.3851 2.9443254e-15
4211.8559 2.8386898e-15
4213.3268 2.7298723e-15
4214.7976 2.6853947e-15
4216.2685 2.5949903e-15
4217.7394 2.7423974e-15
4219.2102 2.6572771e-15
4220.6811 2.8481057e-15
4222.1519 2.7817462e-15
4223.6228 2.7227548e-15
4225.0937 2.7474418e-15
4226.5645 2.7066174e-15
4228.0354 2.7557053e-15
4229.5063 2.6403024e-15
4230.9771 2.7022977e-15
4232.4480 2.7636809e-15
4233.9188 2.7099600e-15
4235.3897 2.6713177e-15
4236.8606 2.7355996e-15
4238.3314 2.5932495e-15
4239.8023 2.6789547e-15
4241.2731 2.6298686e-15
4242.7440 2.6126660e-15
4244.2149 2.6856835e-15
4245.6857 2.5622333e-15
4247.1566 2.7040294e-15
4248.6274 2.8019799e-15
4250.0983 2.6484651e-15
4251.5692 2.5711669e-15
4253.0400 2.6556262e-15
4254.5109 2.5890397e-15
4255.9817 2.6104739e-15
4257.4526 2.6608104e-15
4258.9235 2.4459432e-15
4260.3943 2.4319243e-15
4261.8652 2.5533977e-15
4263.3360 2.5782136e-15
4264.8069 2.5325746e-15
4266.2778 2.4952173e-15
4267.7486 2.5866505e-15
4269.2195 2.5032955e-15
4270.6903 2.5139273e-15
4272.1612 2.5774399e-15
4273.6321 2.4976037e-15
4275.1029 2.6296961e-15
4276.5738 2.5683147e-15
4278.0447 2.6165562e-15
4279.5155 2.5033091e-15
4280.9864 2.6075463e-15
4282.4572 2.6439138e-15
4283.9281 2.5415182e-15
4285.3990 2.5475606e-15
4286.8698 2.3528972e-15
4288.3407 2.4736968e-15
4289.8115 2.5122800e-15
4291.2824 2.5252192e-15
4292.7533 2.4825269e-15
4294.2241 2.6395296e-15
4295.6950 2.6314677e-15
4297.1658 2.6153803e-15
4298.6367 2.6411333e-15
4300.1076 2.5878637e-15
4301.5784 2.5610174e-15
4303.0493 2.5600512e-15
4304.5201 2.6122320e-15
4305.9910 2.5236528e-15
4307.4619 2.5777332e-15
4308.9327 2.5231479e-15
4310.4036 2.3970506e-15
4311.8744 2.4232549e-15
4313.3453 2.3997630e-15
4314.8162 2.3659117e-15
4316.2870 2.4718615e-15
4317.7579 2.5086087e-15
4319.2287 2.6175932e-15
4320.6996 2.5691755e-15
4322.1705 2.5221771e-15
4323.6413 2.5174987e-15
4325.1122 2.4129092e-15
4326.5831 2.4295706e-15
4328.0539 2.5324638e-15
4329.5248 2.5751670e-15
4330.9956 2.5431201e-15
4332.4665 2.5149824e-15
4333.9374 2.3887144e-15
4335.4082 2.4108197e-15
4336.8791 2.5206298e-15
4338.3499 2.5400453e-15
4339.8208 2.4418196e-15
4341.2917 2.3878227e-15
4342.7625 2.3967001e-15
4344.2334 2.3978125e-15
4345.7042 2.3370395e-15
4347.1751 2.3992817e-15
4348.6460 2.4195936e-15
4350.1168 2.4653443e-15
4351.5877 2.4523851e-15
4353.0585 2.4473952e-15
4354.5294 2.4748382e-15
4356.0003 2.3843539e-15
4357.4711 2.3020885e-15
4358.9420 2.3078684e-15
4360.4128 2.2980957e-15
4361.8837 2.3422091e-15
4363.3546 2.4509858e-15
4364.8254 2.4901502e-15
4366.2963 2.3498161e-15
4367.7671 2.3400225e-15
4369.2380 2.4521526e-15
4370.7089 2.4087312e-15
4372.1797 2.2642281e-15
4373.6506 2.2916583e-15
4375.1215 2.3227409e-15
4376.5923 2.3143348e-15
4378.0632 2.3228726e-15
4379.5340 2.3485757e-15
4381.0049 2.3331057e-15
4382.4758 2.3868084e-15
4383.9466 2.2809358e-15
4385.4175 2.1413036e-15
4386.8883 2.1681291e-15
4388.3592 2.1642435e-15
4389.8301 2.0641244e-15
4391.3009 2.1289402e-15
4392.7718 2.2110484e-15
4394.2426 2.1755554e-15
4395.7135 2.1172932e-15
4397.1844 2.1856414e-15
4398.6552 2.1718949e-15
4400.1261 2.2078792e-15
4401.5969 2.2614067e-15
4403.0678 2.3782343e-15
4404.5387 2.4213443e-15
4406.0095 2.4421420e-15
4407.4804 2.4580197e-15
4408.9512 2.4594963e-15
4410.4221 2.3729185e-15
4411.8930 2.3435749e-15
4413.3638 2.3720095e-15
4414.8347 2.4246125e-15
4416.3055 2.4079529e-15
4417.7764 2.4397556e-15
4419.2473 2.5242430e-15
4420.7181 2.5482952e-15
4422.1890 2.4195291e-15
4423.6599 2.3524522e-15
4425.1307 2.3578417e-15
4426.6016 2.2200929e-15
4428.0724 2.0359069e-15
4429.5433 2.0557819e-15
4431.0142 2.2345286e-15
4432.4850 2.3176239e-15
4433.9559 2.3743559e-15
4435.4267 2.4740464e-15
4436.8976 2.4032182e-15
4438.3685 2.4062267e-15
4439.8393 2.4291738e-15
4441.3102 2.2701033e-15
4442.7810 2.4016309e-15
4444.2519 2.4508214e-15
4445.7228 2.4994852e-15
4447.1936 2.5161139e-15
4448.6645 2.4544065e-15
4450.1353 2.4074953e-15
4451.6062 2.5391246e-15
4453.0771 2.5320915e-15
4454.5479 2.4566059e-15
4456.0188 2.4451187e-15
4457.4896 2.5633720e-15
4458.9605 2.5156299e-15
4460.4314 2.3423517e-15
4461.9022 2.3928162e-15
4463.3731 2.3489371e-15
4464.8439 2.3529934e-15
4466.3148 2.4346449e-15
4467.7857 2.3916121e-15
4469.2565 2.5475678e-15
4470.7274 2.3995178e-15
4472.1983 2.3280105e-15
4473.6691 2.2425387e-15
4475.1400 2.1964865e-15
4476.6108 2.2517384e-15
4478.0817 2.3713756e-15
4479.5526 2.2919489e-15
4481.0234 2.4333210e-15
4482.4943 2.3617001e-15
4483.9651 2.4499115e-15
4485.4360 2.3323610e-15
4486.9069 2.4185729e-15
4488.3777 2.4136856e-15
4489.8486 2.5044987e-15
4491.3194 2.4343298e-15
4492.7903 2.3334753e-15
4494.2612 2.3127684e-15
4495.7320 2.3428875e-15
4497.2029 2.2875956e-15
4498.6737 2.3443422e-15
4500.1446 2.3736622e-15
4501.6155 2.4732718e-15
4503.0863 2.4132152e-15
4504.5572 2.3622849e-15
4506.0280 2.4551566e-15
4507.4989 2.4021195e-15
4508.9698 2.4216794e-15
4510.4406 2.4842722e-15
4511.9115 2.4913470e-15
4513.3823 2.5141261e-15
4514.8532 2.4588878e-15
4516.3241 2.4244736e-15
4517.7949 2.4627081e-15
4519.2658 2.5377770e-15
4520.7367 2.4167304e-15
4522.2075 2.4733771e-15
4523.6784 2.4592738e-15
4525.1492 2.3920099e-15
4526.6201 2.4087575e-15
4528.0910 2.4268700e-15
4529.5618 2.4720758e-15
4531.0327 2.5651800e-15
4532.5035 2.3245244e-15
4533.9744 2.4362595e-15
4535.4453 2.3975982e-15
4536.9161 2.3828110e-15
4538.3870 2.4396103e-15
4539.8578 2.5963769e-15
4541.3287 2.4674101e-15
4542.7996 2.4567738e-15
4544.2704 2.4775997e-15
4545.7413 2.4170219e-15
4547.2121 2.3841205e-15
4548.6830 2.4894809e-15
4550.1539 2.4082236e-15
4551.6247 2.3666800e-15
4553.0956 2.3709470e-15
4554.5664 2.4761676e-15
4556.0373 2.5167741e-15
4557.5082 2.5682257e-15
4558.9790 2.5090954e-15
4560.4499 2.5787848e-15
4561.9207 2.4653079e-15
4563.3916 2.6671270e-15
4564.8625 2.5812157e-15
4566.3333 2.6042954e-15
4567.8042 2.6661653e-15
4569.2750 2.5554318e-15
4570.7459 2.6694026e-15
4572.2168 2.5200586e-15
4573.6876 2.4312206e-15
4575.1585 2.5007765e-15
4576.6294 2.5831408e-15
4578.1002 2.5589769e-15
4579.5711 2.5777932e-15
4581.0419 2.4509158e-15
4582.5128 2.4324674e-15
4583.9837 2.4776078e-15
4585.4545 2.4899123e-15
4586.9254 2.5096193e-15
4588.3962 2.5991157e-15
4589.8671 2.5233912e-15
4591.3380 2.5967175e-15
4592.8088 2.6507825e-15
4594.2797 2.7366447e-15
4595.7505 2.6198843e-15
4597.2214 2.6097002e-15
4598.6923 2.7035608e-15
4600.1631 2.6463375e-15
4601.6340 2.5834260e-15
4603.1048 2.6649694e-15
4604.5757 2.6311962e-15
4606.0466 2.6296679e-15
4607.5174 2.5979479e-15
4608.9883 2.5710371e-15
4610.4591 2.5773119e-15
4611.9300 2.5220182e-15
4613.4009 2.5965486e-15
4614.8717 2.5059879e-15
4616.3426 2.5326981e-15
4617.8134 2.5754530e-15
4619.2843 2.3733416e-15
4620.7552 2.3138917e-15
4622.2260 2.4197007e-15
4623.6969 2.3787265e-15
4625.1678 2.4515461e-15
4626.6386 2.4920726e-15
4628.1095 2.4586581e-15
4629.5803 2.5429748e-15
4631.0512 2.6293101e-15
4632.5221 2.6801633e-15
4633.9929 2.5525114e-15
4635.4638 2.5866914e-15
4636.9346 2.6204382e-15
4638.4055 2.6938353e-15
4639.8764 2.6522363e-15
4641.3472 2.6683838e-15
4642.8181 2.4877029e-15
4644.2889 2.4325527e-15
4645.7598 2.5002789e-15
4647.2307 2.5763675e-15
4648.7015 2.5525695e-15
4650.1724 2.6463720e-15
4651.6432 2.6987362e-15
4653.1141 2.6072203e-15
4654.5850 2.6516334e-15
4656.0558 2.5944073e-15
4657.5267 2.6156036e-15
4658.9975 2.6119750e-15
4660.4684 2.6283376e-15
4661.9393 2.6651210e-15
4663.4101 2.6080648e-15
4664.8810 2.6060979e-15
4666.3518 2.5920999e-15
4667.8227 2.5844857e-15
4669.2936 2.5822763e-15
4670.7644 2.6618483e-15
4672.2353 2.6798101e-15
4673.7062 2.6274677e-15
4675.1770 2.6303808e-15
4676.6479 2.6632168e-15
4678.1187 2.5965831e-15
4679.5896 2.6599986e-15
4681.0605 2.6570110e-15
4682.5313 2.6582760e-15
4684.0022 2.6765038e-15
4685.4730 2.7042609e-15
4686.9439 2.6397185e-15
4688.4148 2.6633621e-15
4689.8856 2.6206026e-15
4691.3565 2.6469250e-15
4692.8273 2.7314442e-15
4694.2982 2.6855891e-15
4695.7691 2.6708955e-15
4697.2399 2.6073474e-15
4698.7108 2.6898906e-15
4700.1816 2.7284603e-15
4701.6525 2.6716374e-15
4703.1234 2.8145967e-15
4704.5942 2.9074848e-15
4706.0651 2.8707840e-15
4707.5359 2.8364768e-15
4709.0068 2.7953737e-15
4710.4777 2.8591197e-15
4711.9485 2.8349594e-15
4713.4194 2.8456766e-15
4714.8902 2.8726255e-15
4716.3611 2.8982206e-15
4717.8320 2.9069762e-15
4719.3028 2.9377464e-15
4720.7737 2.9874481e-15
4722.2446 2.9760872e-15
4723.7154 2.9135652e-15
4725.1863 3.0149438e-15
4726.6571 3.0176226e-15
4728.1280 3.0276568e-15
4729.5989 2.9649642e-15
4731.0697 2.8598607e-15
4732.5406 2.9830231e-15
4734.0114 3.0678764e-15
4735.4823 3.0533618e-15
4736.9532 3.0711437e-15
4738.4240 2.9650423e-15
4739.8949 2.9505866e-15
4741.3657 2.8817898e-15
4742.8366 2.8936112e-15
4744.3075 2.8923317e-15
4745.7783 2.9602903e-15
4747.2492 2.9264127e-15
4748.7200 2.9186423e-15
4750.1909 3.0032868e-15
4751.6618 3.0280800e-15
4753.1326 3.0212831e-15
4754.6035 2.9487205e-15
4756.0743 2.9503151e-15
4757.5452 2.9014787e-15
4759.0161 2.8969429e-15
4760.4869 2.9559288e-15
4761.9578 2.8100500e-15
4763.4286 2.8246573e-15
4764.8995 2.8174545e-15
4766.3704 2.8697878e-15
4767.8412 2.8936657e-15
4769.3121 2.9258442e-15
4770.7830 2.9438677e-15
4772.2538 2.8674595e-15
4773.7247 2.9717647e-15
4775.1955 2.9627875e-15
4776.6664 2.9036518e-15
4778.1373 2.8732276e-15
4779.6081 2.9516200e-15
4781.0790 2.9995628e-15
4782.5498 3.0522257e-15
4784.0207 2.9121623e-15
4785.4916 2.9419235e-15
4786.9624 2.9158463e-15
4788.4333 2.9333404e-15
4789.9041 2.9179403e-15
4791.3750 2.8541553e-15
4792.8459 2.8803124e-15
4794.3167 2.7979971e-15
4795.7876 2.8479658e-15
4797.2584 2.8864573e-15
4798.7293 2.8017139e-15
4800.2002 2.6706476e-15
4801.6710 2.7385163e-15
4803.1419 2.8228357e-15
4804.6127 2.7450899e-15
4806.0836 2.6933658e-15
4807.5545 2.6749746e-15
4809.0253 2.7596899e-15
4810.4962 2.7409990e-15
4811.9670 2.7045007e-15
4813.4379 2.7423030e-15
4814.9088 2.7120795e-15
4816.3796 2.7643547e-15
4817.8505 2.7642757e-15
4819.3214 2.7570274e-15
4820.7922 2.7001864e-15
4822.2631 2.6176940e-15
4823.7339 2.5885421e-15
4825.2048 2.5910683e-15
4826.6757 2.5710943e-15
4828.1465 2.5606805e-15
4829.6174 2.5339104e-15
4831.0882 2.6245691e-15
4832.5591 2.6185703e-15
4834.0300 2.5841797e-15
4835.5008 2.5882088e-15
4836.9717 2.6330759e-15
4838.4425 2.6396431e-15
4839.9134 2.6586846e-15
4841.3843 2.6640649e-15
4842.8551 2.6400518e-15
4844.3260 2.5817823e-15
4845.7968 2.6411714e-15
4847.2677 2.6440764e-15
4848.7386 2.5241313e-15
4850.2094 2.5372212e-15
4851.6803 2.5963887e-15
4853.1511 2.5849297e-15
4854.6220 2.5202756e-15
4856.0929 2.5304306e-15
4857.5637 2.5594128e-15
4859.0346 2.5361206e-15
4860.5054 2.5969817e-15
4861.9763 2.5218856e-15
4863.4472 2.5458289e-15
4864.9180 2.5256142e-15
4866.3889 2.5813973e-15
4867.8598 2.6395006e-15
4869.3306 2.5385861e-15
4870.8015 2.5040238e-15
4872.2723 2.6182053e-15
4873.7432 2.6406511e-15
4875.2141 2.5898170e-15
4876.6849 2.5844312e-15
4878.1558 2.6314559e-15
4879.6266 2.5784506e-15
4881.0975 2.5549896e-15
4882.5684 2.5246444e-15
4884.0392 2.4874514e-15
4885.5101 2.4760296e-15
4886.9809 2.4765481e-15
4888.4518 2.5060479e-15
4889.9227 2.5396921e-15
4891.3935 2.6293419e-15
4892.8644 2.6004088e-15
4894.3352 2.5200577e-15
4895.8061 2.5618764e-15
4897.2770 2.4859939e-15
4898.7478 2.5264814e-15
4900.2187 2.6258467e-15
4901.6895 2.5987961e-15
4903.1604 2.5125370e-15
4904.6313 2.5862682e-15
4906.1021 2.5706166e-15
4907.5730 2.6044779e-15
4909.0438 2.5307248e-15
4910.5147 2.6833552e-15
4911.9856 2.6714412e-15
4913.4564 2.5903083e-15
4914.9273 2.5499170e-15
4916.3982 2.6039812e-15
4917.8690 2.6134905e-15
4919.3399 2.5735815e-15
4920.8107 2.6455002e-15
4922.2816 2.5587336e-15
4923.7525 2.6470113e-15
4925.2233 2.6124753e-15
4926.6942 2.5022785e-15
4928.1650 2.6100072e-15
4929.6359 2.6682702e-15
4931.1068 2.6886457e-15
4932.5776 2.6761687e-15
4934.0485 2.5863917e-15
4935.5193 2.5860794e-15
4936.9902 2.6465917e-15
4938.4611 2.6252474e-15
4939.9319 2.6356049e-15
4941.4028 2.6838265e-15
4942.8736 2.6376953e-15
4944.3445 2.7028997e-15
4945.8154 2.6189790e-15
4947.2862 2.6139973e-15
4948.7571 2.6250958e-15
4950.2279 2.6429349e-15
4951.6988 2.5871236e-15
4953.1697 2.6012224e-15
4954.6405 2.6783744e-15
4956.1114 2.4968827e-15
4957.5822 2.3971078e-15
4959.0531 2.4034779e-15
4960.5240 2.3686214e-15
4961.9948 2.4318299e-15
4963.4657 2.4935500e-15
4964.9366 2.4328933e-15
4966.4074 2.5233113e-15
4967.8783 2.6564135e-15
4969.3491 2.5633538e-15
4970.8200 2.5172799e-15
4972.2909 2.5176504e-15
4973.7617 2.5764183e-15
4975.2326 2.6257078e-15
4976.7034 2.5663087e-15
4978.1743 2.5123027e-15
4979.6452 2.5586073e-15
4981.1160 2.6035462e-15
4982.5869 2.5440745e-15
4984.0577 2.5080466e-15
4985.5286 2.5197753e-15
4986.9995 2.4269635e-15
4988.4703 2.4022330e-15
4989.9412 2.4197507e-15
4991.4120 2.4644090e-15
4992.8829 2.4875213e-15
4994.3538 2.5209149e-15
4995.8246 2.5665339e-15
4997.2955 2.5402197e-15
4998.7663 2.6834070e-15
5000.2372 2.6230226e-15
5001.7081 2.4830409e-15
5003.1789 2.4961408e-15
5004.6498 2.5802386e-15
5006.1206 2.5288079e-15
5007.5915 2.4666119e-15
5009.0624 2.4308501e-15
5010.5332 2.4750589e-15
5012.0041 2.5439083e-15
5013.4750 2.4905924e-15
5014.9458 2.5463429e-15
5016.4167 2.4517649e-15
5017.8875 2.3626881e-15
5019.3584 2.3580932e-15
5020.8293 2.3497407e-15
5022.3001 2.3805281e-15
5023.7710 2.3571343e-15
5025.2418 2.3522080e-15
5026.7127 2.4199386e-15
5028.1836 2.3739909e-15
5029.6544 2.4296196e-15
5031.1253 2.4690801e-15
5032.5961 2.4318444e-15
5034.0670 2.3956667e-15
5035.5379 2.4477221e-15
5037.0087 2.4167985e-15
5038.4796 2.3857850e-15
5039.9504 2.3842058e-15
5041.4213 2.4070866e-15
5042.8922 2.4406028e-15
5044.3630 2.3807116e-15
5045.8339 2.4344561e-15
5047.3047 2.5045895e-15
5048.7756 2.3769267e-15
5050.2465 2.3247278e-15
5051.7173 2.4626400e-15
5053.1882 2.4288360e-15
5054.6590 2.4847971e-15
5056.1299 2.4783452e-15
5057.6008 2.4172144e-15
5059.0716 2.4632384e-15
5060.5425 2.4630441e-15
5062.0134 2.4754330e-15
5063.4842 2.4826113e-15
5064.9551 2.3861800e-15
5066.4259 2.3994070e-15
5067.8968 2.4274621e-15
5069.3677 2.3299256e-15
5070.8385 2.3612787e-15
5072.3094 2.3766661e-15
5073.7802 2.3982937e-15
5075.2511 2.3558303e-15
5076.7220 2.3877446e-15
5078.1928 2.4283756e-15
5079.6637 2.4416644e-15
5081.1345 2.3473134e-15
5082.6054 2.3804945e-15
5084.0763 2.3627317e-15
5085.5471 2.2111901e-15
5087.0180 2.2620905e-15
5088.4888 2.2416869e-15
5089.9597 2.2682372e-15
5091.4306 2.3811692e-15
5092.9014 2.3635689e-15
5094.3723 2.3996695e-15
5095.8431 2.4216685e-15
5097.3140 2.3974411e-15
5098.7849 2.3861201e-15
5100.2557 2.3574957e-15
5101.7266 2.3726006e-15
5103.1974 2.3889687e-15
5104.6683 2.3545971e-15
5106.1392 2.4275774e-15
5107.6100 2.5835785e-15
5109.0809 2.7020716e-15
5110.5518 2.7006195e-15
5112.0226 2.5637080e-15
5113.4935 2.3945043e-15
5114.9643 2.2880606e-15
5116.4352 2.2234800e-15
5117.9061 2.1483648e-15
5119.3769 2.2561880e-15
5120.8478 2.1661313e-15
5122.3186 2.1345439e-15
5123.7895 2.2690064e-15
5125.2604 2.2204370e-15
5126.7312 2.2388247e-15
5128.2021 2.3592120e-15
5129.6729 2.3033698e-15
5131.1438 2.3838136e-15
5132.6147 2.3833532e-15
5134.0855 2.3466805e-15
5135.5564 2.2622467e-15
5137.0272 2.2397591e-15
5138.4981 2.2329530e-15
5139.9690 2.1985787e-15
5141.4398 2.1982218e-15
5142.9107 2.1608699e-15
5144.3815 2.1688565e-15
5145.8524 2.1514369e-15
5147.3233 2.2105399e-15
5148.7941 2.2508440e-15
5150.2650 2.2577199e-15
5151.7358 2.1646748e-15
5153.2067 2.1701087e-15
5154.6776 2.2293661e-15
5156.1484 2.1769011e-15
5157.6193 2.2156733e-15
5159.0902 2.2268853e-15
5160.5610 2.2679176e-15
5162.0319 2.3347193e-15
5163.5027 2.3884602e-15
5164.9736 2.5078059e-15
5166.4445 2.3846953e-15
5167.9153 2.1926762e-15
5169.3862 2.1660333e-15
5170.8570 2.1201754e-15
5172.3279 2.2265111e-15
5173.7988 2.1406616e-15
5175.2696 2.1007489e-15
5176.7405 2.1749133e-15
5178.2113 2.2138498e-15
5179.6822 2.1815768e-15
5181.1531 2.1714863e-15
5182.6239 2.1248883e-15
5184.0948 2.1173522e-15
5185.5656 2.0951452e-15
5187.0365 2.0824149e-15
5188.5074 2.1411175e-15
5189.9782 2.2122289e-15
5191.4491 2.1175211e-15
5192.9199 2.1635197e-15
5194.3908 2.2080954e-15
5195.8617 2.1626934e-15
5197.3325 2.1932047e-15
5198.8034 2.1409994e-15
5200.2742 2.1403620e-15
5201.7451 2.2082207e-15
5203.2160 2.1970813e-15
5204.6868 2.1814515e-15
5206.1577 2.1693005e-15
5207.6286 2.1736448e-15
5209.0994 2.1385531e-15
5210.5703 2.0791385e-15
5212.0411 2.1089870e-15
5213.5120 2.1233510e-15
5214.9829 2.0706408e-15
5216.4537 2.0872640e-15
5217.9246 2.1268598e-15
5219.3954 2.1993025e-15
5220.8663 2.2870244e-15
5222.3372 2.1673282e-15
5223.8080 2.1798724e-15
5225.2789 2.0777683e-15
5226.7497 2.0787408e-15
5228.2206 2.0772152e-15
5229.6915 2.0374315e-15
5231.1623 2.0360576e-15
5232.6332 2.0773687e-15
5234.1040 2.0579595e-15
5235.5749 2.1208093e-15
5237.0458 2.1596985e-15
5238.5166 2.0986504e-15
5239.9875 2.0981282e-15
5241.4583 2.1128908e-15
5242.9292 2.1012411e-15
5244.4001 2.0585597e-15
5245.8709 1.9464750e-15
5247.3418 2.0948292e-15
5248.8126 2.0606374e-15
5250.2835 1.9829188e-15
5251.7544 2.0844926e-15
5253.2252 2.0369893e-15
5254.6961 2.0972674e-15
5256.1670 2.1086665e-15
5257.6378 2.0259144e-15
5259.1087 2.0598247e-15
5260.5795 2.0356299e-15
5262.0504 2.1244833e-15
5263.5213 2.1083459e-15
5264.9921 2.1251653e-15
5266.4630 2.0830805e-15
5267.9338 2.0382615e-15
5269.4047 2.0186271e-15
5270.8756 1.9162769e-15
5272.3464 1.8888130e-15
5273.8173 1.8720309e-15
5275.2881 1.7698215e-15
5276.7590 1.8053799e-15
5278.2299 1.8204313e-15
5279.7007 1.8665543e-15
5281.1716 1.9565101e-15
5282.6424 2.0168899e-15
5284.1133 2.0078673e-15
5285.5842 1.9048524e-15
5287.0550 1.9580893e-15
5288.5259 1.8516464e-15
5289.9967 1.8470515e-15
5291.4676 1.8594177e-15
5292.9385 1.9824548e-15
5294.4093 1.9246784e-15
5295.8802 1.9697508e-15
5297.3510 1.9925063e-15
5298.8219 1.9771489e-15
5300.2928 1.8849601e-15
5301.7636 2.0089315e-15
5303.2345 1.9728146e-15
5304.7054 2.0167156e-15
5306.1762 2.0769428e-15
5307.6471 2.0553624e-15
5309.1179 2.0320730e-15
5310.5888 1.9978122e-15
5312.0597 1.9804443e-15
5313.5305 1.9624962e-15
5315.0014 1.8920694e-15
5316.4722 1.9559035e-15
5317.9431 1.9383431e-15
5319.4140 2.0370610e-15
5320.8848 2.0464006e-15
5322.3557 1.9637802e-15
5323.8265 2.0358551e-15
5325.2974 2.0050822e-15
5326.7683 2.0925054e-15
5328.2391 2.0252006e-15
5329.7100 2.0092457e-15
5331.1808 2.0332217e-15
5332.6517 1.8318985e-15
5334.1226 1.9069419e-15
5335.5934 1.8942579e-15
5337.0643 1.9611558e-15
5338.5351 1.9777836e-15
5340.0060 1.9981209e-15
5341.4769 2.0324807e-15
5342.9477 1.9730435e-15
5344.4186 2.0551372e-15
5345.8894 2.0224655e-15
5347.3603 2.0426184e-15
5348.8312 2.1169563e-15
5350.3020 2.1063463e-15
5351.7729 2.0906993e-15
5353.2437 2.1055336e-15
5354.7146 2.0387900e-15
5356.1855 1.9922366e-15
5357.6563 1.9611749e-15
5359.1272 2.0357171e-15
5360.5981 1.9879904e-15
5362.0689 1.9904867e-15
5363.5398 1.9617688e-15
5365.0106 2.0072571e-15
5366.4815 1.9804488e-15
5367.9524 1.9464032e-15
5369.4232 1.9504614e-15
5370.8941 1.9036782e-15
5372.3649 1.8679464e-15
5373.8358 1.8008813e-15
5375.3067 1.8386427e-15
5376.7775 1.8470415e-15
5378.2484 1.8555439e-15
5379.7192 1.8732740e-15
5381.1901 1.9233227e-15
5382.6610 2.0006953e-15
5384.1318 1.9911705e-15
5385.6027 2.0901390e-15
5387.0735 2.0505832e-15
5388.5444 2.0112953e-15
5390.0153 2.0847668e-15
5391.4861 2.0594914e-15
5392.9570 2.0604839e-15
5394.4278 2.0571631e-15
5395.8987 2.1166357e-15
5397.3696 2.1161563e-15
5398.8404 2.1593635e-15
5400.3113 2.1237605e-15
5401.7821 2.1346184e-15
5403.2530 2.1072335e-15
5404.7239 2.0822160e-15
5406.1947 2.0246603e-15
5407.6656 2.0157621e-15
5409.1365 2.0754173e-15
5410.6073 2.1090152e-15
5412.0782 2.0420899e-15
5413.5490 2.1489124e-15
5415.0199 2.1389245e-15
5416.4908 2.0873830e-15
5417.9616 2.1501347e-15
5419.4325 2.1198403e-15
5420.9033 2.1060639e-15
5422.3742 2.1341253e-15
5423.8451 2.0433776e-15
5425.3159 2.1245142e-15
5426.7868 2.1521261e-15
5428.2576 2.0950099e-15
5429.7285 1.9790359e-15
5431.1994 1.9716223e-15
5432.6702 1.9475710e-15
5434.1411 1.9951088e-15
5435.6119 1.9279956e-15
5437.0828 1.9259588e-15
5438.5537 1.9483583e-15
5440.0245 2.0122151e-15
5441.4954 2.0410983e-15
5442.9662 2.0255384e-15
5444.4371 1.9985504e-15
5445.9080 2.0132985e-15
5447.3788 2.0793429e-15
5448.8497 2.0515839e-15
5450.3205 1.9532302e-15
5451.7914 2.0019784e-15
5453.2623 1.9821633e-15
5454.7331 2.0548175e-15
5456.2040 2.0802709e-15
5457.6749 2.0080898e-15
5459.1457 2.0751666e-15
5460.6166 2.0799976e-15
5462.0874 2.0462834e-15
5463.5583 2.1359759e-15
5465.0292 2.1650062e-15
5466.5000 2.1099014e-15
5467.9709 2.1134148e-15
5469.4417 2.1072726e-15
5470.9126 2.0661240e-15
5472.3835 2.0898375e-15
5473.8543 2.1365426e-15
5475.3252 2.1106542e-15
5476.7960 2.0401567e-15
5478.2669 2.0165412e-15
5479.7378 1.9814105e-15
5481.2086 1.9464341e-15
5482.6795 1.9786999e-15
5484.1503 2.0444001e-15
5485.6212 2.0558291e-15
5487.0921 2.0787145e-15
5488.5629 2.0646983e-15
5490.0338 2.0494926e-15
5491.5046 2.1006981e-15
5492.9755 2.0381389e-15
5494.4464 2.0769238e-15
5495.9172 2.1130806e-15
5497.3881 2.0487035e-15
5498.8589 2.0621766e-15
5500.3298 2.0471616e-15
5501.8007 2.0411383e-15
5503.2715 2.0678748e-15
5504.7424 2.0855922e-15
5506.2133 2.0150810e-15
5507.6841 1.9871849e-15
5509.1550 1.9953876e-15
5510.6258 1.9989963e-15
5512.0967 1.9649607e-15
5513.5676 2.0339273e-15
5515.0384 2.0342760e-15
5516.5093 1.9432395e-15
5517.9801 1.9406814e-15
5519.4510 1.9757777e-15
5520.9219 2.0022853e-15
5522.3927 1.9790885e-15
5523.8636 2.0085365e-15
5525.3344 2.0594487e-15
5526.8053 2.0769029e-15
5528.2762 2.0420155e-15
5529.7470 2.0361066e-15
5531.2179 2.1350579e-15
5532.6887 2.1064943e-15
5534.1596 2.0350051e-15
5535.6305 2.0084403e-15
5537.1013 2.0536271e-15
5538.5722 2.1220279e-15
5540.0430 2.0402257e-15
5541.5139 1.9880985e-15
5542.9848 1.9986921e-15
5544.4556 2.0159637e-15
5545.9265 2.0327631e-15
5547.3973 1.9455324e-15
5548.8682 2.0506849e-15
5550.3391 2.1364926e-15
5551.8099 2.1326869e-15
5553.2808 2.1252961e-15
5554.7517 2.0294386e-15
5556.2225 2.0555576e-15
5557.6934 2.0756570e-15
5559.1642 2.0620958e-15
5560.6351 2.0350578e-15
5562.1060 2.0320385e-15
5563.5768 2.0906720e-15
5565.0477 2.0222258e-15
5566.5185 1.9724841e-15
5567.9894 1.9860190e-15
5569.4603 2.0501092e-15
5570.9311 2.0660078e-15
5572.4020 2.0799949e-15
5573.8728 2.1571523e-15
5575.3437 2.0542818e-15
5576.8146 2.1010586e-15
5578.2854 1.9451428e-15
5579.7563 2.1152709e-15
5581.2271 2.0911034e-15
5582.6980 2.0684886e-15
5584.1689 2.0282836e-15
5585.6397 2.0004710e-15
5587.1106 2.0188804e-15
5588.5814 2.0063653e-15
5590.0523 2.0170997e-15
5591.5232 2.0557011e-15
5592.9940 2.0349743e-15
5594.4649 1.9543189e-15
5595.9357 2.0430071e-15
5597.4066 2.0823395e-15
5598.8775 2.0866084e-15
5600.3483 2.0453418e-15
5601.8192 2.0472869e-15
5603.2901 2.0623183e-15
5604.7609 2.0141512e-15
5606.2318 2.0424841e-15
5607.7026 2.0594896e-15
5609.1735 2.0091295e-15
5610.6444 2.0683097e-15
5612.1152 2.0082832e-15
5613.5861 1.9245522e-15
5615.0569 1.9712981e-15
5616.5278 2.0631900e-15
5617.9987 2.0076829e-15
5619.4695 2.0244388e-15
5620.9404 2.0399315e-15
5622.4112 1.9795289e-15
5623.8821 2.0216074e-15
5625.3530 1.9881121e-15
5626.8238 2.0216455e-15
5628.2947 1.9982980e-15
5629.7655 2.0258263e-15
5631.2364 1.9721299e-15
5632.7073 2.1467294e-15
5634.1781 2.0786618e-15
5635.6490 2.0727230e-15
5637.1198 2.1404827e-15
5638.5907 2.0136962e-15
5640.0616 1.9789423e-15
5641.5324 1.9422370e-15
5643.0033 1.9694575e-15
5644.4741 2.0478472e-15
5645.9450 2.0302314e-15
5647.4159 2.0302141e-15
5648.8867 2.0164313e-15
5650.3576 2.0373798e-15
5651.8285 2.0948710e-15
5653.2993 2.0210598e-15
5654.7702 2.0863251e-15
5656.2410 1.9739225e-15
5657.7119 2.0831677e-15
5659.1828 2.0503916e-15
5660.6536 2.0388363e-15
5662.1245 2.1155905e-15
5663.5953 2.0364299e-15
5665.0662 2.0994123e-15
5666.5371 2.0859673e-15
5668.0079 2.0655646e-15
5669.4788 2.0383914e-15
5670.9496 1.9935315e-15
5672.4205 2.0871977e-15
5673.8914 2.0355854e-15
5675.3622 1.9762408e-15
5676.8331 2.0271412e-15
5678.3039 1.9649825e-15
5679.7748 1.9960995e-15
5681.2457 1.9605774e-15
5682.7165 2.0045746e-15
5684.1874 1.9438261e-15
5685.6582 2.0037428e-15
5687.1291 1.9905475e-15
5688.6000 2.0011575e-15
5690.0708 2.0232401e-15
5691.5417 1.9681607e-15
5693.0125 2.0734386e-15
5694.4834 2.0138651e-15
5695.9543 1.9779362e-15
5697.4251 1.9649044e-15
5698.8960 1.9330636e-15
5700.3669 1.9238884e-15
5701.8377 1.8774312e-15
5703.3086 1.8596320e-15
5704.7794 1.8735801e-15
5706.2503 1.8739369e-15
5707.7212 1.9988455e-15
5709.1920 1.9805859e-15
5710.6629 1.9399550e-15
5712.1337 2.0112381e-15
5713.6046 2.0290545e-15
5715.0755 1.8982852e-15
5716.5463 1.9184953e-15
5718.0172 1.9759112e-15
5719.4880 1.9532547e-15
5720.9589 2.0236224e-15
5722.4298 2.0519280e-15
5723.9006 2.0458131e-15
5725.3715 2.0792121e-15
5726.8423 2.0026004e-15
5728.3132 1.9561151e-15
5729.7841 1.9380916e-15
5731.2549 1.9355617e-15
5732.7258 1.8811807e-15
5734.1966 1.8493353e-15
5735.6675 1.9494035e-15
5737.1384 1.9258671e-15
5738.6092 1.9177071e-15
5740.0801 1.9401193e-15
5741.5509 1.9063680e-15
5743.0218 2.0058132e-15
5744.4927 2.0317951e-15
5745.9635 2.0551635e-15
5747.4344 2.0154061e-15
5748.9053 2.0182856e-15
5750.3761 2.1113625e-15
5751.8470 2.0039299e-15
5753.3178 1.9216327e-15
5754.7887 1.9585705e-15
5756.2596 1.9501926e-15
5757.7304 1.9142156e-15
5759.2013 1.9252487e-15
5760.6721 1.9529550e-15
5762.1430 2.0100376e-15
5763.6139 1.9849429e-15
5765.0847 1.9384049e-15
5766.5556 2.0010304e-15
5768.0264 2.0605838e-15
5769.4973 1.9680354e-15
5770.9682 1.9386346e-15
5772.4390 1.9255711e-15
5773.9099 1.9552197e-15
5775.3807 1.9004509e-15
5776.8516 1.9600280e-15
5778.3225 1.9593351e-15
5779.7933 1.8928839e-15
5781.2642 1.9546186e-15
5782.7350 1.9715978e-15
5784.2059 2.0499884e-15
5785.6768 2.0143519e-15
5787.1476 2.0187860e-15
5788.6185 2.0157303e-15
5790.0893 2.0906929e-15
5791.5602 2.0784366e-15
5793.0311 2.0436355e-15
5794.5019 2.0469663e-15
5795.9728 2.1001460e-15
5797.4437 2.0431796e-15
5798.9145 2.0035530e-15
5800.3854 1.9975479e-15
5801.8562 1.9945204e-15
5803.3271 2.0266436e-15
5804.7980 2.0050849e-15
5806.2688 1.9655119e-15
5807.7397 2.0475475e-15
5809.2105 2.1091741e-15
5810.6814 2.0371364e-15
5812.1523 1.9827662e-15
5813.6231 2.0509855e-15
5815.0940 1.9894806e-15
5816.5648 1.9666161e-15
5818.0357 1.9617089e-15
5819.5066 2.0682916e-15
5820.9774 1.9622455e-15
5822.4483 1.9578377e-15
5823.9191 1.9553469e-15
5825.3900 1.8987083e-15
5826.8609 1.9028519e-15
5828.3317 1.9015624e-15
5829.8026 1.9561868e-15
5831.2734 1.8948962e-15
5832.7443 1.9622673e-15
5834.2152 2.0581892e-15
5835.6860 2.0169835e-15
5837.1569 2.0287231e-15
5838.6277 2.0442248e-15
5840.0986 2.0241200e-15
5841.5695 2.0391169e-15
5843.0403 2.0461681e-15
5844.5112 2.0237768e-15
5845.9821 2.0294559e-15
5847.4529 1.9987193e-15
5848.9238 1.9558300e-15
5850.3946 1.9596684e-15
5851.8655 2.0665862e-15
5853.3364 2.0059449e-15
5854.8072 2.0192346e-15
5856.2781 2.0416386e-15
5857.7489 2.0685431e-15
5859.2198 2.0991952e-15
5860.6907 1.9590791e-15
5862.1615 2.0624844e-15
5863.6324 1.9526853e-15
5865.1032 2.0363809e-15
5866.5741 2.0035821e-15
5868.0450 2.0724978e-15
5869.5158 1.9432840e-15
5870.9867 1.9332234e-15
5872.4575 1.9980819e-15
5873.9284 2.0188968e-15
5875.3993 2.0097661e-15
5876.8701 2.0279158e-15
5878.3410 2.0595713e-15
5879.8118 1.9564693e-15
5881.2827 1.9911977e-15
5882.7536 1.9672309e-15
5884.2244 1.9741976e-15
5885.6953 2.0839731e-15
5887.1661 1.9647536e-15
5888.6370 1.9841511e-15
5890.1079 1.9358659e-15
5891.5787 1.9763943e-15
5893.0496 1.9908499e-15
5894.5205 1.8972681e-15
5895.9913 1.9823558e-15
5897.4622 1.9665416e-15
5898.9330 1.9347581e-15
5900.4039 1.9108175e-15
5901.8748 1.8800156e-15
5903.3456 1.9147468e-15
5904.8165 1.9232500e-15
5906.2873 1.8622663e-15
5907.7582 1.9772006e-15
5909.2291 1.9736219e-15
5910.6999 1.9382996e-15
5912.1708 1.9664990e-15
5913.6416 1.9804216e-15
5915.1125 1.9245068e-15
5916.5834 1.9453372e-15
5918.0542 1.9857620e-15
5919.5251 1.9981672e-15
5920.9959 2.0054872e-15
5922.4668 1.9686883e-15
5923.9377 1.9527035e-15
5925.4085 1.9228568e-15
5926.8794 1.9227869e-15
5928.3502 1.9444418e-15
5929.8211 1.9996782e-15
5931.2920 2.0090505e-15
5932.7628 2.0025986e-15
5934.2337 1.9617089e-15
5935.7045 1.9681853e-15
5937.1754 1.9821369e-15
5938.6463 1.9910052e-15
5940.1171 2.0006662e-15
5941.5880 2.0574165e-15
5943.0589 2.0144000e-15
5944.5297 2.0424032e-15
5946.0006 2.0114442e-15
5947.4714 2.0210262e-15
5948.9423 1.9695065e-15
5950.4132 1.9835000e-15
5951.8840 1.9684913e-15
5953.3549 1.9768647e-15
5954.8257 1.9796933e-15
5956.2966 1.9836552e-15
5957.7675 2.0430462e-15
5959.2383 1.9613910e-15
5960.7092 2.0192991e-15
5962.1800 2.0543081e-15
5963.6509 2.0691234e-15
5965.1218 2.0560026e-15
5966.5926 2.0226499e-15
5968.0635 1.9878587e-15
5969.5343 1.9404290e-15
5971.0052 2.0184473e-15
5972.4761 1.9742839e-15
5973.9469 1.9651813e-15
5975.4178 2.0165703e-15
5976.8886 1.9483293e-15
5978.3595 1.9990462e-15
5979.8304 2.0453254e-15
5981.3012 1.9954857e-15
5982.7721 2.0033859e-15
5984.2429 2.0219815e-15
5985.7138 2.0583727e-15
5987.1847 2.0225409e-15
5988.6555 2.0006054e-15
5990.1264 2.1321085e-15
5991.5973 2.0983280e-15
5993.0681 2.0325897e-15
5994.5390 2.0860136e-15
5996.0098 2.0921195e-15
5997.4807 2.0770037e-15
5998.9516 2.1083150e-15
6000.4224 2.0004247e-15
6001.8933 2.0368685e-15
6003.3641 2.0222040e-15
6004.8350 1.9839322e-15
6006.3059 1.9337120e-15
6007.7767 1.8770489e-15
6009.2476 1.8346935e-15
6010.7184 1.8550544e-15
6012.1893 1.8633488e-15
6013.6602 1.8649606e-15
6015.1310 1.6938609e-15
6016.6019 1.7641215e-15
6018.0727 1.8219814e-15
6019.5436 1.8372679e-15
6021.0145 1.9198638e-15
6022.4853 1.9581011e-15
6023.9562 2.0296856e-15
6025.4270 2.0092403e-15
6026.8979 1.9027774e-15
6028.3688 1.9543662e-15
6029.8396 1.9206438e-15
6031.3105 1.9625525e-15
6032.7813 1.9301205e-15
6034.2522 1.9188631e-15
6035.7231 1.9043239e-15
6037.1939 1.9054000e-15
6038.6648 1.9253831e-15
6040.1357 1.9263565e-15
6041.6065 1.9185643e-15
6043.0774 1.9681462e-15
6044.5482 1.9526871e-15
6046.0191 1.9900908e-15
6047.4900 1.9119753e-15
6048.9608 1.8770662e-15
6050.4317 1.9108557e-15
6051.9025 1.9494725e-15
6053.3734 1.9563303e-15
6054.8443 1.9082050e-15
6056.3151 1.9238984e-15
6057.7860 1.9253286e-15
6059.2568 1.9320057e-15
6060.7277 1.9397588e-15
6062.1986 1.9611132e-15
6063.6694 1.9048043e-15
6065.1403 1.8995365e-15
6066.6111 1.9680536e-15
6068.0820 1.9515420e-15
6069.5529 1.9198002e-15
6071.0237 1.9941708e-15
6072.4946 1.9237713e-15
6073.9654 1.9417021e-15
6075.4363 1.8918478e-15
6076.9072 1.8949580e-15
6078.3780 1.8868743e-15
6079.8489 1.8895804e-15
6081.3197 1.9268487e-15
6082.7906 1.9113642e-15
6084.2615 1.9150419e-15
6085.7323 1.8774421e-15
6087.2032 1.8997299e-15
6088.6741 1.9595059e-15
6090.1449 1.9131422e-15
6091.6158 1.9070118e-15
6093.0866 1.9700296e-15
6094.5575 1.9486108e-15
6096.0284 1.8989508e-15
6097.4992 1.9223674e-15
6098.9701 1.8904739e-15
6100.4409 1.9222902e-15
6101.9118 1.8768437e-15
6103.3827 1.8597737e-15
6104.8535 1.9060002e-15
6106.3244 1.8837015e-15
6107.7952 1.8848484e-15
6109.2661 1.8847494e-15
6110.7370 1.8684213e-15
6112.2078 1.8682687e-15
6113.6787 1.9226552e-15
6115.1495 1.8923055e-15
6116.6204 1.8606164e-15
6118.0913 1.8676249e-15
6119.5621 1.8165783e-15
6121.0330 1.8376230e-15
6122.5038 1.9201753e-15
6123.9747 1.8917997e-15
6125.4456 1.8640126e-15
6126.9164 1.8848920e-15
6128.3873 1.8324433e-15
6129.8581 1.8108374e-15
6131.3290 1.8462306e-15
6132.7999 1.8971401e-15
6134.2707 1.8321109e-15
6135.7416 1.8239265e-15
6137.2125 1.8376202e-15
6138.6833 1.8408303e-15
6140.1542 1.8785518e-15
6141.6250 1.8557709e-15
6143.0959 1.8573173e-15
6144.5668 1.8120670e-15
6146.0376 1.8116338e-15
6147.5085 1.8073268e-15
6148.9793 1.8105895e-15
6150.4502 1.8436608e-15
6151.9211 1.8600497e-15
6153.3919 1.8643640e-15
6154.8628 1.9047225e-15
6156.3336 1.8972037e-15
6157.8045 1.9477881e-15
6159.2754 1.8615517e-15
6160.7462 1.8985186e-15
6162.2171 1.9835844e-15
6163.6879 1.9014126e-15
6165.1588 1.8701957e-15
6166.6297 1.8916735e-15
6168.1005 1.9180931e-15
6169.5714 1.8762398e-15
6171.0422 1.9051847e-15
6172.5131 1.9647836e-15
6173.9840 1.9875890e-15
6175.4548 1.8431059e-15
6176.9257 1.8659522e-15
6178.3965 1.8998725e-15
6179.8674 1.9259851e-15
6181.3383 1.9215338e-15
6182.8091 1.8205648e-15
6184.2800 1.8402718e-15
6185.7508 1.8622037e-15
6187.2217 1.8545377e-15
6188.6926 1.8495778e-15
6190.1634 1.8022144e-15
6191.6343 1.8452190e-15
6193.1052 1.9024015e-15
6194.5760 1.8654455e-15
6196.0469 1.8736100e-15
6197.5177 1.8714143e-15
6198.9886 1.9766867e-15
6200.4595 1.8971510e-15
6201.9303 1.8059892e-15
6203.4012 1.8454124e-15
6204.8720 1.8303284e-15
6206.3429 1.8051474e-15
6207.8138 1.7928312e-15
6209.2846 1.7954773e-15
6210.7555 1.8101518e-15
6212.2263 1.8427954e-15
6213.6972 1.8792991e-15
6215.1681 1.8312882e-15
6216.6389 1.7683467e-15
6218.1098 1.7906346e-15
6219.5806 1.8226688e-15
6221.0515 1.7570566e-15
6222.5224 1.8257789e-15
6223.9932 1.8698424e-15
6225.4641 1.8234098e-15
6226.9349 1.7826825e-15
6228.4058 1.8162714e-15
6229.8767 1.7403399e-15
6231.3475 1.8096987e-15
6232.8184 1.8864920e-15
6234.2892 1.9086227e-15
6235.7601 1.9245840e-15
6237.2310 1.8611703e-15
6238.7018 1.8593968e-15
6240.1727 1.9077237e-15
6241.6436 1.8153733e-15
6243.1144 1.7823021e-15
6244.5853 1.7723695e-15
6246.0561 1.8090049e-15
6247.5270 1.8239401e-15
6248.9979 1.8275433e-15
6250.4687 1.7790039e-15
6251.9396 1.7720508e-15
6253.4104 1.7959968e-15
6254.8813 1.7908761e-15
6256.3522 1.8065522e-15
6257.8230 1.7867771e-15
6259.2939 1.8638073e-15
6260.7647 1.7672952e-15
6262.2356 1.7859080e-15
6263.7065 1.7326584e-15
6265.1773 1.6692593e-15
6266.6482 1.7297771e-15
6268.1190 1.8618931e-15
6269.5899 1.8008295e-15
6271.0608 1.8289654e-15
6272.5316 1.8149084e-15
6274.0025 1.8492345e-15
6275.4733 1.6333222e-15
6276.9442 1.7529657e-15
6278.4151 1.6676484e-15
6279.8859 1.7541753e-15
6281.3568 1.7360683e-15
6282.8276 1.6639915e-15
6284.2985 1.7157228e-15
6285.7694 1.6895893e-15
6287.2402 1.6850416e-15
6288.7111 1.6907761e-15
6290.1820 1.6179439e-15
6291.6528 1.6861059e-15
6293.1237 1.6364950e-15
6294.5945 1.6811369e-15
6296.0654 1.7228458e-15
6297.5363 1.7731750e-15
6299.0071 1.8180022e-15
6300.4780 1.7015369e-15
6301.9488 1.6268312e-15
6303.4197 1.8415295e-15
6304.8906 1.8020645e-15
6306.3614 1.7242932e-15
6307.8323 1.7568196e-15
6309.3031 1.8473067e-15
6310.7740 1.7767020e-15
6312.2449 1.7717611e-15
6313.7157 1.7030252e-15
6315.1866 1.7520168e-15
6316.6574 1.7031841e-15
6318.1283 1.7722151e-15
6319.5992 1.6964353e-15
6321.0700 1.7724485e-15
6322.5409 1.7821849e-15
6324.0117 1.7969303e-15
6325.4826 1.7629028e-15
6326.9535 1.7565354e-15
6328.4243 1.7205047e-15
6329.8952 1.8184653e-15
6331.3660 1.7924553e-15
6332.8369 1.8493662e-15
6334.3078 1.7486034e-15
6335.7786 1.7891199e-15
6337.2495 1.7149600e-15
6338.7204 1.6855901e-15
6340.1912 1.7393219e-15
6341.6621 1.7470015e-15
6343.1329 1.6996735e-15
6344.6038 1.7211050e-15
6346.0747 1.7217552e-15
6347.5455 1.7175272e-15
6349.0164 1.7026992e-15
6350.4872 1.6863411e-15
6351.9581 1.6952829e-15
6353.4290 1.6832137e-15
6354.8998 1.6817226e-15
6356.3707 1.7174563e-15
6357.8415 1.6820940e-15
6359.3124 1.6774120e-15
6360.7833 1.6821676e-15
6362.2541 1.6923753e-15
6363.7250 1.7596819e-15
6365.1958 1.7130776e-15
6366.6667 1.7356651e-15
6368.1376 1.7260495e-15
6369.6084 1.6892315e-15
6371.0793 1.7132937e-15
6372.5501 1.6565172e-15
6374.0210 1.6850698e-15
6375.4919 1.7021298e-15
6376.9627 1.7061281e-15
6378.4336 1.6730541e-15
6379.9044 1.6763532e-15
6381.3753 1.7037544e-15
6382.8462 1.6987037e-15
6384.3170 1.6460961e-15
6385.7879 1.6361372e-15
6387.2588 1.6691040e-15
6388.7296 1.6819542e-15
6390.2005 1.7237802e-15
6391.6713 1.7517535e-15
6393.1422 1.7093518e-15
6394.6131 1.7389051e-15
6396.0839 1.7449937e-15
6397.5548 1.7741957e-15
6399.0256 1.7469361e-15
6400.4965 1.7044690e-15
6401.9674 1.8112833e-15
6403.4382 1.7681887e-15
6404.9091 1.7524209e-15
6406.3799 1.6983777e-15
6407.8508 1.6910132e-15
6409.3217 1.7593795e-15
6410.7925 1.7436970e-15
6412.2634 1.7055097e-15
6413.7342 1.7325749e-15
6415.2051 1.7849046e-15
6416.6760 1.7780087e-15
6418.1468 1.7698705e-15
6419.6177 1.7376737e-15
6421.0885 1.7327402e-15
6422.5594 1.8080978e-15
6424.0303 1.7466719e-15
6425.5011 1.7305826e-15
6426.9720 1.7560196e-15
6428.4428 1.7132529e-15
6429.9137 1.6451753e-15
6431.3846 1.6874508e-15
6432.8554 1.7357359e-15
6434.3263 1.7201906e-15
6435.7972 1.7588655e-15
6437.2680 1.7483355e-15
6438.7389 1.7751464e-15
6440.2097 1.7134726e-15
6441.6806 1.7196548e-15
6443.1515 1.8164412e-15
6444.6223 1.7438024e-15
6446.0932 1.7226069e-15
6447.5640 1.6971000e-15
6449.0349 1.6600387e-15
6450.5058 1.7024186e-15
6451.9766 1.7104805e-15
6453.4475 1.8015033e-15
6454.9183 1.7947981e-15
6456.3892 1.7761834e-15
6457.8601 1.7298933e-15
6459.3309 1.7462324e-15
6460.8018 1.7938510e-15
6462.2726 1.6803932e-15
6463.7435 1.7178504e-15
6465.2144 1.7572873e-15
6466.6852 1.8301813e-15
6468.1561 1.7647090e-15
6469.6269 1.7935132e-15
6471.0978 1.6706396e-15
6472.5687 1.7940862e-15
6474.0395 1.7810435e-15
6475.5104 1.7079306e-15
6476.9812 1.7368946e-15
6478.4521 1.7526806e-15
6479.9230 1.7437406e-15
6481.3938 1.7543524e-15
6482.8647 1.7969357e-15
6484.3356 1.7436226e-15
6485.8064 1.7109445e-15
6487.2773 1.6878494e-15
6488.7481 1.7307297e-15
6490.2190 1.7519932e-15
6491.6899 1.6937782e-15
6493.1607 1.7246737e-15
6494.6316 1.7014533e-15
6496.1024 1.7975596e-15
6497.5733 1.7779415e-15
6499.0442 1.7367266e-15
6500.5150 1.8209262e-15
6501.9859 1.7807847e-15
6503.4567 1.7222891e-15
6504.9276 1.8091384e-15
6506.3985 1.7614327e-15
6507.8693 1.8513549e-15
6509.3402 1.7852342e-15
6510.8110 1.7194650e-15
6512.2819 1.7480331e-15
6513.7528 1.7481166e-15
6515.2236 1.7303528e-15
6516.6945 1.7380488e-15
6518.1653 1.7321390e-15
6519.6362 1.7069345e-15
6521.1071 1.6867043e-15
6522.5779 1.6701401e-15
6524.0488 1.7378363e-15
6525.5196 1.7385655e-15
6526.9905 1.7349486e-15
6528.4614 1.7308986e-15
6529.9322 1.7051365e-15
6531.4031 1.7090476e-15
6532.8740 1.7994565e-15
6534.3448 1.7363289e-15
6535.8157 1.7668039e-15
6537.2865 1.7444398e-15
6538.7574 1.7889564e-15
6540.2283 1.7485144e-15
6541.6991 1.8109737e-15
6543.1700 1.7338398e-15
6544.6408 1.7012935e-15
6546.1117 1.6869377e-15
6547.5826 1.7486424e-15
6549.0534 1.7635857e-15
6550.5243 1.7563311e-15
6551.9951 1.7815974e-15
6553.4660 1.7419063e-15
6554.9369 1.8375313e-15
6556.4077 1.7981480e-15
6557.8786 1.7975387e-15
6559.3494 1.7677065e-15
6560.8203 1.7293013e-15
6562.2912 1.8196921e-15
6563.7620 1.7779914e-15
6565.2329 1.7242615e-15
6566.7037 1.8012545e-15
6568.1746 1.7566998e-15
6569.6455 1.7429161e-15
6571.1163 1.7030152e-15
6572.5872 1.7581717e-15
6574.0580 1.7466755e-15
6575.5289 1.7279828e-15
6576.9998 1.8108556e-15
6578.4706 1.7994084e-15
6579.9415 1.7482746e-15
6581.4124 1.7338762e-15
6582.8832 1.7309622e-15
6584.3541 1.7518406e-15
6585.8249 1.8089178e-15
6587.2958 1.8503279e-15
6588.7667 1.7798530e-15
6590.2375 1.7948299e-15
6591.7084 1.7603312e-15
6593.1792 1.7940408e-15
6594.6501 1.7789340e-15
6596.1210 1.7735709e-15
6597.5918 1.7377182e-15
6599.0627 1.7890472e-15
6600.5335 1.8581110e-15
6602.0044 1.8066875e-15
6603.4753 1.7280926e-15
6604.9461 1.8061318e-15
6606.4170 1.8706651e-15
6607.8878 1.8358486e-15
6609.3587 1.8194024e-15
6610.8296 1.8394727e-15
6612.3004 1.8785418e-15
6613.7713 1.8501590e-15
6615.2421 1.8291152e-15
6616.7130 1.8246429e-15
6618.1839 1.8486025e-15
6619.6547 1.8499719e-15
6621.1256 1.8559552e-15
6622.5964 1.8181511e-15
6624.0673 1.7895603e-15
6625.5382 1.7436970e-15
6627.0090 1.7457883e-15
6628.4799 1.7543242e-15
6629.9508 1.7597345e-15
6631.4216 1.7818789e-15
6632.8925 1.7571738e-15
6634.3633 1.8240672e-15
6635.8342 1.8470152e-15
6637.3051 1.8299897e-15
6638.7759 1.8695854e-15
6640.2468 1.8600098e-15
6641.7176 1.9117047e-15
6643.1885 1.9238484e-15
6644.6594 1.9165266e-15
6646.1302 1.9178597e-15
6647.6011 1.9307326e-15
6649.0719 1.9233862e-15
6650.5428 1.9401983e-15
6652.0137 1.9101674e-15
6653.4845 1.8751002e-15
6654.9554 1.9666007e-15
6656.4262 1.9584352e-15
6657.8971 1.9447006e-15
6659.3680 1.9845688e-15
6660.8388 2.0156704e-15
6662.3097 2.0634007e-15
6663.7805 2.0499630e-15
6665.2514 2.0227924e-15
6666.7223 2.0149149e-15
6668.1931 2.0365670e-15
6669.6640 2.0458530e-15
6671.1348 2.0309061e-15
6672.6057 2.0283135e-15
6674.0766 2.0491194e-15
6675.5474 2.0488115e-15
6677.0183 2.0791322e-15
6678.4892 2.0591863e-15
6679.9600 2.1604731e-15
6681.4309 2.1068921e-15
6682.9017 2.1244960e-15
6684.3726 2.1562424e-15
6685.8435 2.0487053e-15
6687.3143 2.0185917e-15
6688.7852 2.1723135e-15
6690.2560 2.0761755e-15
6691.7269 2.0461136e-15
6693.1978 1.9737191e-15
6694.6686 1.9944505e-15
6696.1395 2.0441558e-15
6697.6103 2.1011331e-15
6699.0812 2.0491693e-15
6700.5521 2.0203070e-15
6702.0229 2.1609762e-15
6703.4938 2.1741406e-15
6704.9646 2.1064244e-15
6706.4355 2.1039581e-15
6707.9064 2.0851736e-15
6709.3772 2.0982163e-15
6710.8481 2.1067341e-15
6712.3189 2.1661840e-15
6713.7898 2.1530351e-15
6715.2607 2.0698544e-15
6716.7315 2.1475212e-15
6718.2024 2.1007244e-15
6719.6732 2.1663466e-15
6721.1441 2.1173068e-15
6722.6150 2.1125948e-15
6724.0858 1.8972282e-15
6725.5567 1.9886987e-15
6727.0276 1.9333378e-15
6728.4984 1.7933397e-15
6729.9693 1.7113468e-15
6731.4401 1.8604502e-15
6732.9110 1.8537404e-15
6734.3819 1.8238665e-15
6735.8527 1.8231573e-15
6737.3236 1.9047389e-15
6738.7944 1.8355852e-15
6740.2653 1.8230247e-15
6741.7362 1.8058112e-15
6743.2070 1.7883017e-15
6744.6779 1.8183191e-15
6746.1487 1.8008205e-15
6747.6196 1.8210706e-15
6749.0905 1.8189420e-15
6750.5613 1.8592543e-15
6752.0322 1.8681688e-15
6753.5030 1.8898419e-15
6754.9739 1.8286421e-15
6756.4448 1.8627095e-15
6757.9156 1.8154033e-15
6759.3865 1.8447750e-15
6760.8573 1.8110626e-15
6762.3282 1.7949352e-15
6763.7991 1.7535814e-15
6765.2699 1.7819543e-15
6766.7408 1.7660112e-15
6768.2116 1.7433610e-15
6769.6825 1.7690460e-15
6771.1534 1.8202342e-15
6772.6242 1.7301304e-15
6774.0951 1.6954073e-15
6775.5660 1.7916525e-15
6777.0368 1.7691041e-15
6778.5077 1.7221983e-15
6779.9785 1.7954664e-15
6781.4494 1.7441447e-15
6782.9203 1.7202296e-15
6784.3911 1.6881100e-15
6785.8620 1.7995001e-15
6787.3328 1.7478678e-15
6788.8037 1.7148184e-15
6790.2746 1.7125827e-15
6791.7454 1.6312018e-15
6793.2163 1.7817381e-15
6794.6871 1.7755178e-15
6796.1580 1.7155575e-15
6797.6289 1.6451735e-15
6799.0997 1.6370943e-15
6800.5706 1.7156447e-15
6802.0414 1.7523546e-15
6803.5123 1.7225516e-15
6804.9832 1.7858090e-15
6806.4540 1.8258525e-15
6807.9249 1.7897674e-15
6809.3957 1.7089023e-15
6810.8666 1.7066557e-15
6812.3375 1.7508191e-15
6813.8083 1.7634631e-15
6815.2792 1.6868097e-15
6816.7500 1.6589808e-15
6818.2209 1.7553004e-15
6819.6918 1.7200171e-15
6821.1626 1.6918032e-15
6822.6335 1.7656162e-15
6824.1044 1.7947945e-15
6825.5752 1.7341813e-15
6827.0461 1.6823565e-15
6828.5169 1.6211621e-15
6829.9878 1.6747014e-15
6831.4587 1.7335447e-15
6832.9295 1.7320709e-15
6834.4004 1.6781248e-15
6835.8712 1.7070788e-15
6837.3421 1.6563101e-15
6838.8130 1.6294619e-15
6840.2838 1.6457210e-15
6841.7547 1.6487386e-15
6843.2255 1.6866689e-15
6844.6964 1.6750928e-15
6846.1673 1.6774084e-15
6847.6381 1.5943257e-15
6849.1090 1.6275032e-15
6850.5798 1.6473510e-15
6852.0507 1.6307514e-15
6853.5216 1.6390358e-15
6854.9924 1.5986010e-15
6856.4633 1.6449001e-15
6857.9341 1.6452570e-15
6859.4050 1.6497683e-15
6860.8759 1.6464575e-15
6862.3467 1.5765175e-15
6863.8176 1.5755195e-15
6865.2884 1.6128151e-15
6866.7593 1.6608886e-15
6868.2302 1.4837520e-15
6869.7010 1.4557588e-15
6871.1719 1.5837367e-15
6872.6428 1.6097503e-15
6874.1136 1.5574960e-15
6875.5845 1.5461487e-15
6877.0553 1.5599078e-15
6878.5262 1.5603537e-15
6879.9971 1.5708692e-15
6881.4679 1.5731349e-15
6882.9388 1.5828013e-15
6884.4096 1.5736325e-15
6885.8805 1.5799482e-15
6887.3514 1.5091001e-15
6888.8222 1.5419297e-15
6890.2931 1.5402507e-15
6891.7639 1.5957160e-15
6893.2348 1.5782773e-15
6894.7057 1.5807745e-15
6896.1765 1.5976030e-15
6897.6474 1.6244067e-15
6899.1182 1.6080804e-15
6900.5891 1.4742145e-15
6902.0600 1.6004961e-15
6903.5308 1.6923844e-15
6905.0017 1.5379487e-15
6906.4725 1.5690195e-15
6907.9434 1.5948243e-15
6909.4143 1.5324739e-15
6910.8851 1.5660837e-15
6912.3560 1.5510241e-15
6913.8268 1.6445732e-15
6915.2977 1.5935766e-15
6916.7686 1.5538437e-15
6918.2394 1.5707258e-15
6919.7103 1.5494395e-15
6921.1812 1.4464782e-15
6922.6520 1.4966703e-15
6924.1229 1.5511531e-15
6925.5937 1.4755857e-15
6927.0646 1.5348885e-15
6928.5355 1.5389467e-15
6930.0063 1.5619574e-15
6931.4772 1.5582878e-15
6932.9480 1.5457255e-15
6934.4189 1.5419942e-15
6935.8898 1.5946971e-15
6937.3606 1.5825507e-15
6938.8315 1.5889354e-15
6940.3023 1.5590588e-15
6941.7732 1.5288235e-15
6943.2441 1.5225705e-15
6944.7149 1.5355696e-15
6946.1858 1.5398693e-15
6947.6566 1.5949124e-15
6949.1275 1.5773465e-15
6950.5984 1.4974540e-15
6952.0692 1.5015676e-15
6953.5401 1.5636237e-15
6955.0109 1.5253964e-15
6956.4818 1.5335128e-15
6957.9527 1.5594066e-15
6959.4235 1.5362288e-15
6960.8944 1.5161131e-15
6962.3652 1.5518705e-15
6963.8361 1.5425018e-15
6965.3070 1.5631106e-15
6966.7778 1.5586765e-15
6968.2487 1.5196882e-15
6969.7195 1.5388868e-15
6971.1904 1.5297025e-15
6972.6613 1.5258586e-15
6974.1321 1.5060099e-15
6975.6030 1.5570692e-15
6977.0739 1.5262827e-15
6978.5447 1.4490699e-15
6980.0156 1.4928119e-15
6981.4864 1.4561683e-15
6982.9573 1.4951675e-15
6984.4282 1.5233886e-15
6985.8990 1.4800807e-15
6987.3699 1.4486685e-15
6988.8407 1.4535194e-15
6990.3116 1.4944492e-15
6991.7825 1.4631369e-15
6993.2533 1.4595845e-15
6994.7242 1.5145803e-15
6996.1950 1.4054459e-15
6997.6659 1.4565161e-15
6999.1368 1.4920791e-15
7000.6076 1.4530318e-15
7002.0785 1.4553120e-15
7003.5493 1.5488911e-15
7005.0202 1.5704987e-15
7006.4911 1.4063467e-15
7007.9619 1.4692019e-15
7009.4328 1.4520992e-15
7010.9036 1.5878666e-15
7012.3745 1.5146811e-15
7013.8454 1.4816834e-15
7015.3162 1.4507798e-15
7016.7871 1.4590215e-15
7018.2579 1.5219938e-15
7019.7288 1.5045415e-15
7021.1997 1.5078061e-15
7022.6705 1.4962499e-15
7024.1414 1.4724919e-15
7025.6123 1.4826542e-15
7027.0831 1.5288444e-15
7028.5540 1.4268819e-15
7030.0248 1.4962898e-15
7031.4957 1.5222953e-15
7032.9666 1.5574715e-15
7034.4374 1.5257542e-15
7035.9083 1.4184169e-15
7037.3791 1.5736734e-15
7038.8500 1.5153885e-15
7040.3209 1.5736307e-15
7041.7917 1.5032257e-15
7043.2626 1.4552094e-15
7044.7334 1.5419697e-15
7046.2043 1.4539190e-15
7047.6752 1.5214790e-15
7049.1460 1.4885785e-15
7050.6169 1.4953482e-15
7052.0877 1.4554473e-15
7053.5586 1.4934303e-15
7055.0295 1.4954589e-15
7056.5003 1.5504847e-15
7057.9712 1.4813829e-15
7059.4420 1.4916369e-15
7060.9129 1.5089648e-15
7062.3838 1.5100881e-15
7063.8546 1.4714249e-15
7065.3255 1.4079022e-15
7066.7963 1.4316466e-15
7068.2672 1.5431112e-15
7069.7381 1.4050491e-15
7071.2089 1.4855137e-15
7072.6798 1.4705486e-15
7074.1507 1.5119669e-15
7075.6215 1.4319408e-15
7077.0924 1.4868858e-15
7078.5632 1.4921218e-15
7080.0341 1.4417063e-15
7081.5050 1.4960174e-15
7082.9758 1.5176669e-15
7084.4467 1.4511530e-15
7085.9175 1.4694989e-15
7087.3884 1.4141262e-15
7088.8593 1.4360399e-15
7090.3301 1.5447048e-15
7091.8010 1.4455901e-15
7093.2718 1.5245065e-15
7094.7427 1.4847482e-15
7096.2136 1.5437368e-15
7097.6844 1.4585139e-15
7099.1553 1.5490763e-15
7100.6261 1.5222336e-15
7102.0970 1.4502967e-15
7103.5679 1.5235194e-15
7105.0387 1.4965695e-15
7106.5096 1.5297797e-15
7107.9804 1.5206617e-15
7109.4513 1.5422657e-15
7110.9222 1.4870538e-15
7112.3930 1.5465464e-15
7113.8639 1.5097121e-15
7115.3347 1.4309737e-15
7116.8056 1.4493042e-15
7118.2765 1.4341883e-15
7119.7473 1.4250567e-15
7121.2182 1.4399455e-15
7122.6891 1.5233487e-15
7124.1599 1.4615123e-15
7125.6308 1.4636372e-15
7127.1016 1.4929981e-15
7128.5725 1.5288671e-15
7130.0434 1.5059445e-15
7131.5142 1.5229628e-15
7132.9851 1.4941958e-15
7134.4559 1.5246082e-15
7135.9268 1.5122157e-15
7137.3977 1.4950267e-15
7138.8685 1.5014595e-15
7140.3394 1.4837765e-15
7141.8102 1.4447710e-15
7143.2811 1.4903238e-15
7144.7520 1.5179257e-15
7146.2228 1.4640922e-15
7147.6937 1.4269246e-15
7149.1645 1.4969591e-15
7150.6354 1.4552493e-15
7152.1063 1.4569402e-15
7153.5771 1.4884522e-15
7155.0480 1.4634402e-15
7156.5188 1.5366429e-15
7157.9897 1.4044652e-15
7159.4606 1.5002209e-15
7160.9314 1.5177931e-15
7162.4023 1.4502249e-15
7163.8731 1.5742228e-15
7165.3440 1.5433654e-15
7166.8149 1.5035417e-15
7168.2857 1.5049928e-15
7169.7566 1.4812866e-15
7171.2275 1.5394235e-15
7172.6983 1.5414412e-15
7174.1692 1.5552694e-15
7175.6400 1.5132672e-15
7177.1109 1.4994917e-15
7178.5818 1.4605062e-15
7180.0526 1.4784797e-15
7181.5235 1.4656541e-15
7182.9943 1.4955570e-15
7184.4652 1.5145921e-15
7185.9361 1.5532081e-15
7187.4069 1.5327999e-15
7188.8778 1.5232261e-15
7190.3486 1.6147484e-15
7191.8195 1.5165082e-15
7193.2904 1.5736488e-15
7194.7612 1.6021061e-15
7196.2321 1.4252038e-15
7197.7029 1.4674348e-15
7199.1738 1.5442045e-15
7200.6447 1.5208887e-15
7202.1155 1.5517442e-15
7203.5864 1.4824562e-15
7205.0572 1.4938625e-15
7206.5281 1.5111314e-15
7207.9990 1.5305061e-15
7209.4698 1.5712370e-15
7210.9407 1.4921572e-15
7212.4115 1.4731067e-15
7213.8824 1.4797792e-15
7215.3533 1.4437676e-15
7216.8241 1.5028734e-15
7218.2950 1.4811331e-15
7219.7659 1.4240814e-15
7221.2367 1.4921000e-15
7222.7076 1.5116018e-15
7224.1784 1.4414438e-15
7225.6493 1.4668119e-15
7227.1202 1.5009964e-15
7228.5910 1.4418207e-15
7230.0619 1.5035054e-15
7231.5327 1.4762268e-15
7233.0036 1.4263507e-15
7234.4745 1.4329842e-15
7235.9453 1.5012579e-15
7237.4162 1.5102642e-15
7238.8870 1.4418180e-15
7240.3579 1.4359691e-15
7241.8288 1.4191161e-15
7243.2996 1.4890352e-15
7244.7705 1.4768216e-15
7246.2413 1.4253818e-15
7247.7122 1.4509378e-15
7249.1831 1.5154030e-15
7250.6539 1.3879073e-15
7252.1248 1.3649057e-15
7253.5956 1.3912227e-15
7255.0665 1.4104930e-15
7256.5374 1.3914924e-15
7258.0082 1.4031130e-15
7259.4791 1.4971471e-15
7260.9499 1.4997405e-15
7262.4208 1.4184459e-15
7263.8917 1.3278998e-15
7265.3625 1.3537064e-15
7266.8334 1.3576629e-15
7268.3043 1.3765137e-15
7269.7751 1.3475252e-15
7271.2460 1.3454992e-15
7272.7168 1.3969209e-15
7274.1877 1.3698784e-15
7275.6586 1.4435224e-15
7277.1294 1.4545946e-15
7278.6003 1.4673213e-15
7280.0711 1.4150933e-15
7281.5420 1.3485095e-15
7283.0129 1.2954306e-15
7284.4837 1.3924550e-15
7285.9546 1.4952455e-15
7287.4254 1.4645435e-15
7288.8963 1.4066146e-15
7290.3672 1.3705049e-15
7291.8380 1.4081511e-15
7293.3089 1.3654361e-15
7294.7797 1.3603536e-15
7296.2506 1.3637207e-15
7297.7215 1.3971506e-15
7299.1923 1.3634347e-15
7300.6632 1.3831599e-15
7302.1340 1.4480519e-15
7303.6049 1.3564525e-15
7305.0758 1.3413729e-15
7306.5466 1.4227511e-15
7308.0175 1.3720986e-15
7309.4883 1.3918774e-15
7310.9592 1.3562209e-15
7312.4301 1.3730031e-15
7313.9009 1.3459215e-15
7315.3718 1.3988514e-15
7316.8427 1.4582424e-15
7318.3135 1.4679588e-15
7319.7844 1.3702588e-15
7321.2552 1.3651582e-15
7322.7261 1.3580770e-15
7324.1970 1.3659337e-15
7325.6678 1.4359518e-15
7327.1387 1.4395814e-15
7328.6095 1.3928972e-15
7330.0804 1.3541496e-15
7331.5513 1.3090609e-15
7333.0221 1.3876376e-15
7334.4930 1.3725917e-15
7335.9638 1.3788438e-15
7337.4347 1.3092334e-15
7338.9056 1.2982239e-15
7340.3764 1.3747002e-15
7341.8473 1.2626554e-15
7343.3181 1.2918637e-15
7344.7890 1.3456246e-15
7346.2599 1.3134814e-15
7347.7307 1.3209912e-15
7349.2016 1.3108471e-15
7350.6724 1.3568793e-15
7352.1433 1.3029758e-15
7353.6142 1.3449190e-15
7355.0850 1.3643228e-15
7356.5559 1.2959709e-15
7358.0267 1.3167741e-15
7359.4976 1.3128802e-15
7360.9685 1.2922124e-15
7362.4393 1.3259620e-15
7363.9102 1.2954688e-15
7365.3811 1.2904862e-15
7366.8519 1.3249940e-15
7368.3228 1.2974348e-15
7369.7936 1.3825388e-15
7371.2645 1.3656376e-15
7372.7354 1.3356484e-15
7374.2062 1.3517214e-15
7375.6771 1.3200913e-15
7377.1479 1.3267693e-15
7378.6188 1.3042381e-15
7380.0897 1.3449807e-15
7381.5605 1.3524823e-15
7383.0314 1.3303089e-15
7384.5022 1.3349093e-15
7385.9731 1.3581742e-15
7387.4440 1.3474480e-15
7388.9148 1.3048310e-15
7390.3857 1.2900576e-15
7391.8565 1.3753268e-15
7393.3274 1.4337978e-15
7394.7983 1.3792670e-15
7396.2691 1.3256832e-15
7397.7400 1.3444577e-15
7399.2108 1.3192259e-15
7400.6817 1.3092507e-15
7402.1526 1.3025854e-15
7403.6234 1.3326745e-15
7405.0943 1.2843921e-15
7406.5651 1.2890805e-15
7408.0360 1.3078894e-15
7409.5069 1.3283983e-15
7410.9777 1.3017599e-15
7412.4486 1.3287044e-15
7413.9195 1.3425716e-15
7415.3903 1.3197862e-15
7416.8612 1.3888735e-15
7418.3320 1.3866932e-15
7419.8029 1.3090028e-15
