3980.0000 2.2888150e-15
3981.4000 2.6194423e-15
3982.8000 3.2148479e-15
3984.2000 2.8138878e-15
3985.6000 2.6648683e-15
3987.0000 2.4376612e-15
3988.4000 3.2106400e-15
3989.8000 2.0499157e-15
3991.2000 3.2129248e-15
3992.6000 3.6381012e-15
3994.0000 3.9980786e-15
3995.4000 1.4550624e-15
3996.8000 2.7343203e-15
3998.2000 2.8495535e-15
3999.6000 2.3855683e-15
4001.0000 3.5324207e-15
4002.4000 3.0647087e-15
4003.8000 1.9046172e-15
4005.2000 2.1826190e-15
4006.6000 2.9370494e-15
4008.0000 3.0835655e-15
4009.4000 1.4794373e-15
4010.8000 2.2177311e-15
4012.2000 1.7441579e-15
4013.6000 1.2925379e-15
4015.0000 1.1256506e-15
4016.4000 1.5651187e-15
4017.8000 3.0160089e-15
4019.2000 2.2475011e-15
4020.6000 1.8752403e-15
4022.0000 2.6018242e-15
4023.4000 2.2384920e-15
4024.8000 2.6268444e-15
4026.2000 2.5166695e-15
4027.6000 2.9492974e-15
4029.0000 2.3265698e-15
4030.4000 2.4217192e-15
4031.8000 2.7343971e-15
4033.2000 2.8701754e-15
4034.6000 2.6222832e-15
4036.0000 2.3475724e-15
4037.4000 2.4430642e-15
4038.8000 2.0302821e-15
4040.2000 3.2026140e-15
4041.6000 3.0817227e-15
4043.0000 2.4250238e-15
4044.4000 2.3979546e-15
4045.8000 2.1682197e-15
4047.2000 1.2177396e-15
4048.6000 1.2665493e-15
4050.0000 1.4160643e-15
4051.4000 1.7062633e-15
4052.8000 9.1798716e-16
4054.2000 1.5370691e-15
4055.6000 1.8098319e-15
4057.0000 1.9524604e-15
4058.4000 2.2087628e-15
4059.8000 2.0339931e-15
4061.2000 2.2352680e-15
4062.6000 2.7320463e-15
4064.0000 1.8245919e-15
4065.4000 2.7918218e-15
4066.8000 2.0419620e-15
4068.2000 2.5111800e-15
4069.6000 3.0944659e-15
4071.0000 2.7582866e-15
4072.4000 3.0561463e-15
4073.8000 2.7386081e-15
4075.2000 2.4858700e-15
4076.6000 2.5871410e-15
4078.0000 2.4783966e-15
4079.4000 2.2994522e-15
4080.8000 2.2959256e-15
4082.2000 2.9276554e-15
4083.6000 3.5297683e-15
4085.0000 2.4922523e-15
4086.4000 2.8392158e-15
4087.8000 2.8499018e-15
4089.2000 2.6930106e-15
4090.6000 3.0504612e-15
4092.0000 2.7959328e-15
4093.4000 2.9569250e-15
4094.8000 2.8714895e-15
4096.2000 2.6993127e-15
4097.6000 2.6856022e-15
4099.0000 3.3036675e-15
4100.4000 2.5888922e-15
4101.8000 2.7699768e-15
4103.2000 3.2473453e-15
4104.6000 2.6581716e-15
4106.0000 3.0035302e-15
4107.4000 2.4843646e-15
4108.8000 2.8315194e-15
4110.2000 3.1829788e-15
4111.6000 2.6900061e-15
4113.0000 2.1935954e-15
4114.4000 2.4511075e-15
4115.8000 2.5050394e-15
4117.2000 2.9220446e-15
4118.6000 3.1870248e-15
4120.0000 2.8850789e-15
4121.4000 2.8894558e-15
4122.8000 2.4561276e-15
4124.2000 2.9627921e-15
4125.6000 2.6766024e-15
4127.0000 2.7805507e-15
4128.4000 2.6104360e-15
4129.8000 2.4582423e-15
4131.2000 2.4443005e-15
4132.6000 2.8214043e-15
4134.0000 2.4908898e-15
4135.4000 2.2479669e-15
4136.8000 2.9038123e-15
4138.2000 2.7042526e-15
4139.6000 2.3986936e-15
4141.0000 2.0312286e-15
4142.4000 2.7885618e-15
4143.8000 2.4780605e-15
4145.2000 2.6802055e-15
4146.6000 2.7594603e-15
4148.0000 2.0764848e-15
4149.4000 2.2245567e-15
4150.8000 2.8664022e-15
4152.2000 2.3696253e-15
4153.6000 3.0108984e-15
4155.0000 1.9758961e-15
4156.4000 2.4140612e-15
4157.8000 2.3359849e-15
4159.2000 2.3858131e-15
4160.6000 2.5521962e-15
4162.0000 2.1799247e-15
4163.4000 2.4387855e-15
4164.8000 2.1762398e-15
4166.2000 2.6966665e-15
4167.6000 2.2592861e-15
4169.0000 2.0932391e-15
4170.4000 2.7836281e-15
4171.8000 2.3886184e-15
4173.2000 2.7417481e-15
4174.6000 3.0710080e-15
4176.0000 2.7094145e-15
4177.4000 2.4103233e-15
4178.8000 2.1912816e-15
4180.2000 2.0987500e-15
4181.6000 2.2154581e-15
4183.0000 1.9908242e-15
4184.4000 1.3973566e-15
4185.8000 1.8520155e-15
4187.2000 1.8972659e-15
4188.6000 1.8743129e-15
4190.0000 2.2372163e-15
4191.4000 2.1495074e-15
4192.8000 2.3758485e-15
4194.2000 2.2411077e-15
4195.6000 2.4478451e-15
4197.0000 2.3471761e-15
4198.4000 2.6392557e-15
4199.8000 2.4734045e-15
4201.2000 2.7271945e-15
4202.6000 2.4318381e-15
4204.0000 2.5342402e-15
4205.4000 2.3282795e-15
4206.8000 2.5468081e-15
4208.2000 2.4231540e-15
4209.6000 2.4996676e-15
4211.0000 2.5867696e-15
4212.4000 2.8716299e-15
4213.8000 2.7732817e-15
4215.2000 2.2971941e-15
4216.6000 2.2784199e-15
4218.0000 2.4966206e-15
4219.4000 2.8480890e-15
4220.8000 2.5817252e-15
4222.2000 2.5907436e-15
4223.6000 2.8439057e-15
4225.0000 2.8354741e-15
4226.4000 2.8248262e-15
4227.8000 2.5975382e-15
4229.2000 2.3114844e-15
4230.6000 2.8127365e-15
4232.0000 2.5357888e-15
4233.4000 2.3210417e-15
4234.8000 2.4446439e-15
4236.2000 2.3526462e-15
4237.6000 2.6217727e-15
4239.0000 2.7057188e-15
4240.4000 2.5209067e-15
4241.8000 2.6609285e-15
4243.2000 2.4186363e-15
4244.6000 2.7051043e-15
4246.0000 2.7001644e-15
4247.4000 2.5547324e-15
4248.8000 2.4363257e-15
4250.2000 2.4576198e-15
4251.6000 2.4752673e-15
4253.0000 2.3867292e-15
4254.4000 2.6310039e-15
4255.8000 2.5257975e-15
4257.2000 2.4788773e-15
4258.6000 2.2472621e-15
4260.0000 2.1686578e-15
4261.4000 2.6435724e-15
4262.8000 2.6303392e-15
4264.2000 2.2757236e-15
4265.6000 2.3155986e-15
4267.0000 2.1001170e-15
4268.4000 2.5989294e-15
4269.8000 2.3046066e-15
4271.2000 2.4875849e-15
4272.6000 2.1415060e-15
4274.0000 2.3671832e-15
4275.4000 2.3837639e-15
4276.8000 2.4496838e-15
4278.2000 2.8573274e-15
4279.6000 2.8312078e-15
4281.0000 2.3755594e-15
4282.4000 2.4463785e-15
4283.8000 2.2522373e-15
4285.2000 2.2744278e-15
4286.6000 2.1490170e-15
4288.0000 2.2461227e-15
4289.4000 1.9327286e-15
4290.8000 2.3272535e-15
4292.2000 2.5736809e-15
4293.6000 2.5587999e-15
4295.0000 2.8527637e-15
4296.4000 2.3262673e-15
4297.8000 2.5597868e-15
4299.2000 2.7722567e-15
4300.6000 2.4603396e-15
4302.0000 2.3731111e-15
4303.4000 2.4115859e-15
4304.8000 2.5342181e-15
4306.2000 2.3616636e-15
4307.6000 2.6623238e-15
4309.0000 2.3217921e-15
4310.4000 2.4700044e-15
4311.8000 2.2445696e-15
4313.2000 1.9620349e-15
4314.6000 2.0457092e-15
4316.0000 2.2555620e-15
4317.4000 2.7101771e-15
4318.8000 2.8029722e-15
4320.2000 2.6998130e-15
4321.6000 2.5052936e-15
4323.0000 2.6230163e-15
4324.4000 2.2968164e-15
4325.8000 2.5597481e-15
4327.2000 2.1913722e-15
4328.6000 2.3795480e-15
4330.0000 2.4796025e-15
4331.4000 2.7618536e-15
4332.8000 2.6164732e-15
4334.2000 2.4100775e-15
4335.6000 2.3712527e-15
4337.0000 1.9968462e-15
4338.4000 2.5774814e-15
4339.8000 2.3686259e-15
4341.2000 2.4235714e-15
4342.6000 2.4188020e-15
4344.0000 2.3525435e-15
4345.4000 2.5264394e-15
4346.8000 2.1891337e-15
4348.2000 2.4033334e-15
4349.6000 2.2503101e-15
4351.0000 2.5006348e-15
4352.4000 2.6996809e-15
4353.8000 2.8148553e-15
4355.2000 2.4730777e-15
4356.6000 2.3182243e-15
4358.0000 2.3172284e-15
4359.4000 2.1169591e-15
4360.8000 2.2352399e-15
4362.2000 2.2319679e-15
4363.6000 2.0913033e-15
4365.0000 2.4520329e-15
4366.4000 2.5829414e-15
4367.8000 2.2356895e-15
4369.2000 2.2148252e-15
4370.6000 2.3024425e-15
4372.0000 2.4581299e-15
4373.4000 2.3753744e-15
4374.8000 2.4265644e-15
4376.2000 2.1495807e-15
4377.6000 2.3738798e-15
4379.0000 2.1225080e-15
4380.4000 2.2777231e-15
4381.8000 2.4214557e-15
4383.2000 2.4992128e-15
4384.6000 2.2683643e-15
4386.0000 2.1134394e-15
4387.4000 2.1611035e-15
4388.8000 1.9870600e-15
4390.2000 2.0940756e-15
4391.6000 1.8358052e-15
4393.0000 2.1146200e-15
4394.4000 1.9454926e-15
4395.8000 2.1382612e-15
4397.2000 1.8534849e-15
4398.6000 2.1452044e-15
4400.0000 1.9863839e-15
4401.4000 2.2556235e-15
4402.8000 2.1136324e-15
4404.2000 2.3903997e-15
4405.6000 2.7114994e-15
4407.0000 2.4859609e-15
4408.4000 2.6259751e-15
4409.8000 2.4025239e-15
4411.2000 2.3404283e-15
4412.6000 2.4072618e-15
4414.0000 1.9738520e-15
4415.4000 2.1044127e-15
4416.8000 2.1483959e-15
4418.2000 2.4362925e-15
4419.6000 2.4620552e-15
4421.0000 2.4249471e-15
4422.4000 2.2074504e-15
4423.8000 2.2415645e-15
4425.2000 2.2719456e-15
4426.6000 1.7753827e-15
4428.0000 1.7126073e-15
4429.4000 1.7031718e-15
4430.8000 1.6749939e-15
4432.2000 1.8237893e-15
4433.6000 2.1689116e-15
4435.0000 2.2239222e-15
4436.4000 2.1649258e-15
4437.8000 2.4813281e-15
4439.2000 2.3465457e-15
4440.6000 2.1434640e-15
4442.0000 2.2332533e-15
4443.4000 2.2511173e-15
4444.8000 2.3155076e-15
4446.2000 2.5919523e-15
4447.6000 2.4349632e-15
4449.0000 2.3263765e-15
4450.4000 2.2658337e-15
4451.8000 2.6765436e-15
4453.2000 2.5540826e-15
4454.6000 2.4405432e-15
4456.0000 2.3772491e-15
4457.4000 2.2971457e-15
4458.8000 2.4575392e-15
4460.2000 2.3773103e-15
4461.6000 2.3941711e-15
4463.0000 2.3180767e-15
4464.4000 2.5300690e-15
4465.8000 2.3049306e-15
4467.2000 2.3882549e-15
4468.6000 2.5845021e-15
4470.0000 2.7007509e-15
4471.4000 2.5753954e-15
4472.8000 2.3005270e-15
4474.2000 2.1061545e-15
4475.6000 1.9091245e-15
4477.0000 2.0693749e-15
4478.4000 2.2701373e-15
4479.8000 2.1691350e-15
4481.2000 2.4146055e-15
4482.6000 2.2613696e-15
4484.0000 2.3185601e-15
4485.4000 2.2981125e-15
4486.8000 2.4355542e-15
4488.2000 2.3654555e-15
4489.6000 2.4849705e-15
4491.0000 2.3907704e-15
4492.4000 2.3718530e-15
4493.8000 2.2645134e-15
4495.2000 2.2205533e-15
4496.6000 2.0318532e-15
4498.0000 2.2469111e-15
4499.4000 2.1592479e-15
4500.8000 2.6602386e-15
4502.2000 2.3925295e-15
4503.6000 2.6558111e-15
4505.0000 2.4115371e-15
4506.4000 2.2546138e-15
4507.8000 2.0454948e-15
4509.2000 2.3412085e-15
4510.6000 2.2783621e-15
4512.0000 2.4688224e-15
4513.4000 2.5015242e-15
4514.8000 2.3609544e-15
4516.2000 2.4169581e-15
4517.6000 2.3568814e-15
4519.0000 2.4818904e-15
4520.4000 2.4043183e-15
4521.8000 2.4211106e-15
4523.2000 2.2791011e-15
4524.6000 2.4470480e-15
4526.0000 2.3459824e-15
4527.4000 2.4443641e-15
4528.8000 2.3403757e-15
4530.2000 2.5695498e-15
4531.6000 2.5354578e-15
4533.0000 2.2764142e-15
4534.4000 2.4586085e-15
4535.8000 2.2219625e-15
4537.2000 2.1990053e-15
4538.6000 2.5148180e-15
4540.0000 2.4279010e-15
4541.4000 2.3719709e-15
4542.8000 2.4139260e-15
4544.2000 2.4581589e-15
4545.6000 2.4402057e-15
4547.0000 2.3977492e-15
4548.4000 2.5114833e-15
4549.8000 2.3589511e-15
4551.2000 2.2971719e-15
4552.6000 2.3140317e-15
4554.0000 2.3441119e-15
4555.4000 2.1523513e-15
4556.8000 2.4120019e-15
4558.2000 2.5747263e-15
4559.6000 2.4436898e-15
4561.0000 2.4081845e-15
4562.4000 2.3188143e-15
4563.8000 2.3461726e-15
4565.2000 2.6382327e-15
4566.6000 2.4178610e-15
4568.0000 2.7134803e-15
4569.4000 2.5760096e-15
4570.8000 2.5284759e-15
4572.2000 2.4197782e-15
4573.6000 2.2764301e-15
4575.0000 2.3163013e-15
4576.4000 2.4590166e-15
4577.8000 2.3935528e-15
4579.2000 2.6059369e-15
4580.6000 2.2751143e-15
4582.0000 2.2493201e-15
4583.4000 2.1472406e-15
4584.8000 2.4862120e-15
4586.2000 2.4551936e-15
4587.6000 2.3792209e-15
4589.0000 2.4752335e-15
4590.4000 2.6153258e-15
4591.8000 2.7354014e-15
4593.2000 2.4783900e-15
4594.6000 2.4687657e-15
4596.0000 2.6471537e-15
4597.4000 2.6781437e-15
4598.8000 2.6593149e-15
4600.2000 2.5659758e-15
4601.6000 2.6895268e-15
4603.0000 2.7634592e-15
4604.4000 2.6648807e-15
4605.8000 2.4754952e-15
4607.2000 2.4669716e-15
4608.6000 2.5584464e-15
4610.0000 2.4443088e-15
4611.4000 2.4589571e-15
4612.8000 2.5029583e-15
4614.2000 2.2778337e-15
4615.6000 2.4391292e-15
4617.0000 2.5227865e-15
4618.4000 2.3785563e-15
4619.8000 2.2166276e-15
4621.2000 2.3392484e-15
4622.6000 2.4782258e-15
4624.0000 2.4754569e-15
4625.4000 2.3925555e-15
4626.8000 2.3666025e-15
4628.2000 2.4219824e-15
4629.6000 2.2881794e-15
4631.0000 2.5513566e-15
4632.4000 2.5448069e-15
4633.8000 2.3867171e-15
4635.2000 2.4414202e-15
4636.6000 2.5675330e-15
4638.0000 2.5533080e-15
4639.4000 2.6670919e-15
4640.8000 2.5161632e-15
4642.2000 2.4920223e-15
4643.6000 2.3235305e-15
4645.0000 2.4500282e-15
4646.4000 2.3963539e-15
4647.8000 2.3319493e-15
4649.2000 2.3447586e-15
4650.6000 2.3341182e-15
4652.0000 2.4324682e-15
4653.4000 2.5663825e-15
4654.8000 2.3778515e-15
4656.2000 2.5332636e-15
4657.6000 2.5308416e-15
4659.0000 2.4718310e-15
4660.4000 2.4425106e-15
4661.8000 2.8014468e-15
4663.2000 2.6293149e-15
4664.6000 2.5662601e-15
4666.0000 2.4635771e-15
4667.4000 2.4468225e-15
4668.8000 2.5696414e-15
4670.2000 2.5045089e-15
4671.6000 2.5825824e-15
4673.0000 2.4646907e-15
4674.4000 2.4186107e-15
4675.8000 2.2918488e-15
4677.2000 2.4570174e-15
4678.6000 2.2936097e-15
4680.0000 2.3229288e-15
4681.4000 2.4280376e-15
4682.8000 2.3889120e-15
4684.2000 2.5538786e-15
4685.6000 2.4817233e-15
4687.0000 2.4193124e-15
4688.4000 2.5139877e-15
4689.8000 2.5362107e-15
4691.2000 2.4437928e-15
4692.6000 2.3741589e-15
4694.0000 2.4878791e-15
4695.4000 2.4461412e-15
4696.8000 2.5766950e-15
4698.2000 2.4037038e-15
4699.6000 2.4499722e-15
4701.0000 2.3727293e-15
4702.4000 2.4816127e-15
4703.8000 2.5081549e-15
4705.2000 2.7331197e-15
4706.6000 2.5975638e-15
4708.0000 2.5278126e-15
4709.4000 2.5213047e-15
4710.8000 2.5068432e-15
4712.2000 2.6177478e-15
4713.6000 2.3898111e-15
4715.0000 2.4978842e-15
4716.4000 2.4855498e-15
4717.8000 2.6375702e-15
4719.2000 2.5942045e-15
4720.6000 2.5974196e-15
4722.0000 2.6561044e-15
4723.4000 2.6381546e-15
4724.8000 2.4917969e-15
4726.2000 2.5001648e-15
4727.6000 2.5656642e-15
4729.0000 2.4447283e-15
4730.4000 2.6014296e-15
4731.8000 2.6075937e-15
4733.2000 2.6444667e-15
4734.6000 2.5125965e-15
4736.0000 2.5072675e-15
4737.4000 2.5741605e-15
4738.8000 2.6445286e-15
4740.2000 2.5377952e-15
4741.6000 2.5765546e-15
4743.0000 2.5019852e-15
4744.4000 2.6603174e-15
4745.8000 2.5796887e-15
4747.2000 2.6545506e-15
4748.6000 2.5181606e-15
4750.0000 2.6084423e-15
4751.4000 2.3448938e-15
4752.8000 2.3283985e-15
4754.2000 2.6643703e-15
4755.6000 2.6308189e-15
4757.0000 2.7451903e-15
4758.4000 2.5990708e-15
4759.8000 2.4307961e-15
4761.2000 2.3987521e-15
4762.6000 2.3185463e-15
4764.0000 2.5052082e-15
4765.4000 2.3801740e-15
4766.8000 2.4352191e-15
4768.2000 2.6383507e-15
4769.6000 2.6718250e-15
4771.0000 2.6641545e-15
4772.4000 2.6381491e-15
4773.8000 2.7344417e-15
4775.2000 2.7076882e-15
4776.6000 2.7258742e-15
4778.0000 2.7209830e-15
4779.4000 2.6290898e-15
4780.8000 2.8448536e-15
4782.2000 2.9049282e-15
4783.6000 2.8126992e-15
4785.0000 2.9463863e-15
4786.4000 2.8157358e-15
4787.8000 2.6832472e-15
4789.2000 2.7858745e-15
4790.6000 2.6970524e-15
4792.0000 2.6616782e-15
4793.4000 2.7343964e-15
4794.8000 2.6606117e-15
4796.2000 2.4659539e-15
4797.6000 2.4725327e-15
4799.0000 2.2517259e-15
4800.4000 2.3395773e-15
4801.8000 2.4006727e-15
4803.2000 2.3936721e-15
4804.6000 2.3584147e-15
4806.0000 2.2199056e-15
4807.4000 2.3686491e-15
4808.8000 2.4962492e-15
4810.2000 2.4571609e-15
4811.6000 2.2841037e-15
4813.0000 2.4197267e-15
4814.4000 2.4049553e-15
4815.8000 2.6108482e-15
4817.2000 2.4560478e-15
4818.6000 2.3097270e-15
4820.0000 2.5070434e-15
4821.4000 2.6489841e-15
4822.8000 2.4934329e-15
4824.2000 2.3093729e-15
4825.6000 2.3302946e-15
4827.0000 2.3018000e-15
4828.4000 2.1982314e-15
4829.8000 2.2752242e-15
4831.2000 2.2781159e-15
4832.6000 2.3418721e-15
4834.0000 2.2837146e-15
4835.4000 2.3594210e-15
4836.8000 2.3440763e-15
4838.2000 2.3462736e-15
4839.6000 2.3662975e-15
4841.0000 2.2529694e-15
4842.4000 2.3193220e-15
4843.8000 2.2942948e-15
4845.2000 2.2501168e-15
4846.6000 2.4522718e-15
4848.0000 2.4329941e-15
4849.4000 2.3583207e-15
4850.8000 2.2876223e-15
4852.2000 2.3111352e-15
4853.6000 2.2203112e-15
4855.0000 2.2206045e-15
4856.4000 2.2748317e-15
4857.8000 2.3149861e-15
4859.2000 2.4602487e-15
4860.6000 2.3533596e-15
4862.0000 2.1504373e-15
4863.4000 2.1831028e-15
4864.8000 2.1360874e-15
4866.2000 2.2732427e-15
4867.6000 2.4358927e-15
4869.0000 2.3144612e-15
4870.4000 2.4156118e-15
4871.8000 2.2793982e-15
4873.2000 2.3170610e-15
4874.6000 2.3776820e-15
4876.0000 2.2560351e-15
4877.4000 2.2481671e-15
4878.8000 2.2767081e-15
4880.2000 2.3986051e-15
4881.6000 2.1400466e-15
4883.0000 2.3514642e-15
4884.4000 2.3214152e-15
4885.8000 2.2226973e-15
4887.2000 2.1984752e-15
4888.6000 2.2782110e-15
4890.0000 2.3307839e-15
4891.4000 2.3748443e-15
4892.8000 2.5212100e-15
4894.2000 2.2139738e-15
4895.6000 2.4474999e-15
4897.0000 2.3311671e-15
4898.4000 2.2731421e-15
4899.8000 2.2668967e-15
4901.2000 2.3320866e-15
4902.6000 2.3217886e-15
4904.0000 2.2584627e-15
4905.4000 2.2993796e-15
4906.8000 2.2264065e-15
4908.2000 2.2941741e-15
4909.6000 2.2574999e-15
4911.0000 2.4340025e-15
4912.4000 2.3015098e-15
4913.8000 2.2768755e-15
4915.2000 2.3688980e-15
4916.6000 2.4371847e-15
4918.0000 2.2829428e-15
4919.4000 2.2701729e-15
4920.8000 2.4239971e-15
4922.2000 2.1749679e-15
4923.6000 2.2931425e-15
4925.0000 2.2326747e-15
4926.4000 2.2332595e-15
4927.8000 2.2803260e-15
4929.2000 2.3040370e-15
4930.6000 2.2549184e-15
4932.0000 2.2138331e-15
4933.4000 2.2207563e-15
4934.8000 2.3410988e-15
4936.2000 2.3671271e-15
4937.6000 2.3476036e-15
4939.0000 2.1643134e-15
4940.4000 2.2973566e-15
4941.8000 2.1463657e-15
4943.2000 2.1747725e-15
4944.6000 2.2205235e-15
4946.0000 2.3888961e-15
4947.4000 2.2438140e-15
4948.8000 2.1734650e-15
4950.2000 2.1562698e-15
4951.6000 2.1478980e-15
4953.0000 2.0662650e-15
4954.4000 2.1363727e-15
4955.8000 2.0056900e-15
4957.2000 1.9527602e-15
4958.6000 1.8501395e-15
4960.0000 1.7524027e-15
4961.4000 1.6595464e-15
4962.8000 1.6911748e-15
4964.2000 1.9081766e-15
4965.6000 1.9656487e-15
4967.0000 2.1108994e-15
4968.4000 2.1667223e-15
4969.8000 2.0082376e-15
4971.2000 1.9618551e-15
4972.6000 1.9567211e-15
4974.0000 2.1418525e-15
4975.4000 2.0453219e-15
4976.8000 2.1300571e-15
4978.2000 2.2064130e-15
4979.6000 2.1723646e-15
4981.0000 2.2422257e-15
4982.4000 2.0719706e-15
4983.8000 2.2066865e-15
4985.2000 1.9812960e-15
4986.6000 2.1425323e-15
4988.0000 2.0314786e-15
4989.4000 2.1365740e-15
4990.8000 1.9929468e-15
4992.2000 1.9967116e-15
4993.6000 2.1194714e-15
4995.0000 2.4109178e-15
4996.4000 2.4024575e-15
4997.8000 2.3013172e-15
4999.2000 2.3105342e-15
5000.6000 2.2071942e-15
5002.0000 2.1634547e-15
5003.4000 2.2832028e-15
5004.8000 2.2369700e-15
5006.2000 2.2088918e-15
5007.6000 2.3796013e-15
5009.0000 2.2647226e-15
5010.4000 2.0987614e-15
5011.8000 2.1127360e-15
5013.2000 2.2319073e-15
5014.6000 2.2370555e-15
5016.0000 2.3020296e-15
5017.4000 2.2716492e-15
5018.8000 2.0266642e-15
5020.2000 1.9788902e-15
5021.6000 1.9348381e-15
5023.0000 2.1220737e-15
5024.4000 2.1933568e-15
5025.8000 2.0967692e-15
5027.2000 2.1692384e-15
5028.6000 2.1515940e-15
5030.0000 2.2372467e-15
5031.4000 2.2037838e-15
5032.8000 2.2567616e-15
5034.2000 2.1824457e-15
5035.6000 2.0523941e-15
5037.0000 2.0389658e-15
5038.4000 2.1068261e-15
5039.8000 2.0423230e-15
5041.2000 2.0602859e-15
5042.6000 2.2364161e-15
5044.0000 2.2646199e-15
5045.4000 2.2948747e-15
5046.8000 2.2284734e-15
5048.2000 2.1701251e-15
5049.6000 2.2929150e-15
5051.0000 2.2273935e-15
5052.4000 2.2127462e-15
5053.8000 2.3269914e-15
5055.2000 2.2732406e-15
5056.6000 2.1936846e-15
5058.0000 2.1186242e-15
5059.4000 2.1184437e-15
5060.8000 2.2166324e-15
5062.2000 2.3937046e-15
5063.6000 2.3023169e-15
5065.0000 2.2102314e-15
5066.4000 2.1821113e-15
5067.8000 2.0302434e-15
5069.2000 2.0654143e-15
5070.6000 2.1287302e-15
5072.0000 2.1260256e-15
5073.4000 2.0568212e-15
5074.8000 2.1724531e-15
5076.2000 2.1541752e-15
5077.6000 2.1977528e-15
5079.0000 2.1631864e-15
5080.4000 2.1035523e-15
5081.8000 2.0214189e-15
5083.2000 2.0506446e-15
5084.6000 2.0362190e-15
5086.0000 1.9208666e-15
5087.4000 1.9862352e-15
5088.8000 2.0138169e-15
5090.2000 2.0077414e-15
5091.6000 2.0279403e-15
5093.0000 2.1080164e-15
5094.4000 2.0941849e-15
5095.8000 2.0079782e-15
5097.2000 1.9461566e-15
5098.6000 2.0339474e-15
5100.0000 2.2218432e-15
5101.4000 1.9864787e-15
5102.8000 2.0674954e-15
5104.2000 1.9496648e-15
5105.6000 1.9435612e-15
5107.0000 1.9827996e-15
5108.4000 2.2107111e-15
5109.8000 2.4942252e-15
5111.2000 2.3617297e-15
5112.6000 2.1276496e-15
5114.0000 2.0255065e-15
5115.4000 1.9579858e-15
5116.8000 1.8202384e-15
5118.2000 1.8915043e-15
5119.6000 1.8491802e-15
5121.0000 1.8916699e-15
5122.4000 1.8381931e-15
5123.8000 1.8314504e-15
5125.2000 1.9176246e-15
5126.6000 1.8394968e-15
5128.0000 1.9004204e-15
5129.4000 1.8778948e-15
5130.8000 1.9191406e-15
5132.2000 1.9744413e-15
5133.6000 1.9729519e-15
5135.0000 2.0386487e-15
5136.4000 2.1375239e-15
5137.8000 2.1095269e-15
5139.2000 1.9787332e-15
5140.6000 1.8544117e-15
5142.0000 1.8607771e-15
5143.4000 1.6614162e-15
5144.8000 1.8644212e-15
5146.2000 1.8852668e-15
5147.6000 1.8867881e-15
5149.0000 2.0440406e-15
5150.4000 1.9648166e-15
5151.8000 1.9167642e-15
5153.2000 1.8888266e-15
5154.6000 1.8855072e-15
5156.0000 1.8892492e-15
5157.4000 1.9871226e-15
5158.8000 1.9237119e-15
5160.2000 1.9824099e-15
5161.6000 1.8733795e-15
5163.0000 2.0132889e-15
5164.4000 2.1361860e-15
5165.8000 1.9462153e-15
5167.2000 1.9240401e-15
5168.6000 1.9392763e-15
5170.0000 1.7651982e-15
5171.4000 1.8884590e-15
5172.8000 1.9686071e-15
5174.2000 1.9050944e-15
5175.6000 1.9117990e-15
5177.0000 1.9146620e-15
5178.4000 1.8944105e-15
5179.8000 1.9063051e-15
5181.2000 1.8842495e-15
5182.6000 1.7828301e-15
5184.0000 1.7997034e-15
5185.4000 1.6568180e-15
5186.8000 1.6832536e-15
5188.2000 1.8552178e-15
5189.6000 1.9124567e-15
5191.0000 1.7752624e-15
5192.4000 1.8602366e-15
5193.8000 1.8281717e-15
5195.2000 1.8514692e-15
5196.6000 2.0206229e-15
5198.0000 2.0072883e-15
5199.4000 1.7536736e-15
5200.8000 1.8283436e-15
5202.2000 1.8891773e-15
5203.6000 1.8010593e-15
5205.0000 1.7684457e-15
5206.4000 1.9076472e-15
5207.8000 1.9131055e-15
5209.2000 1.8114223e-15
5210.6000 1.7720093e-15
5212.0000 1.8129114e-15
5213.4000 1.8117214e-15
5214.8000 1.8429826e-15
5216.2000 1.7233358e-15
5217.6000 1.8427197e-15
5219.0000 1.8034105e-15
5220.4000 1.7754211e-15
5221.8000 1.8917301e-15
5223.2000 1.9177079e-15
5224.6000 1.8985416e-15
5226.0000 1.9085200e-15
5227.4000 1.8759344e-15
5228.8000 1.8046004e-15
5230.2000 1.7932733e-15
5231.6000 1.8364273e-15
5233.0000 1.7323200e-15
5234.4000 1.7468614e-15
5235.8000 1.8644665e-15
5237.2000 1.8673537e-15
5238.6000 1.8668291e-15
5240.0000 1.9184957e-15
5241.4000 1.8362160e-15
5242.8000 1.8133263e-15
5244.2000 1.7684402e-15
5245.6000 1.8867780e-15
5247.0000 1.9004321e-15
5248.4000 1.8248734e-15
5249.8000 1.8734428e-15
5251.2000 1.9243513e-15
5252.6000 1.8308196e-15
5254.0000 1.8386644e-15
5255.4000 1.8206873e-15
5256.8000 1.8249636e-15
5258.2000 1.8102400e-15
5259.6000 1.8216960e-15
5261.0000 1.8885337e-15
5262.4000 1.9207134e-15
5263.8000 1.9928579e-15
5265.2000 1.9501548e-15
5266.6000 1.9565462e-15
5268.0000 1.8338538e-15
5269.4000 1.8143562e-15
5270.8000 1.8604454e-15
5272.2000 1.6617925e-15
5273.6000 1.5440611e-15
5275.0000 1.5803089e-15
5276.4000 1.5653269e-15
5277.8000 1.5677843e-15
5279.2000 1.4862177e-15
5280.6000 1.7296209e-15
5282.0000 1.7310239e-15
5283.4000 1.8494724e-15
5284.8000 1.9031409e-15
5286.2000 1.7412952e-15
5287.6000 1.7518519e-15
5289.0000 1.5545299e-15
5290.4000 1.4885346e-15
5291.8000 1.7614129e-15
5293.2000 1.8189538e-15
5294.6000 1.8514996e-15
5296.0000 1.8521283e-15
5297.4000 1.8213499e-15
5298.8000 1.8167962e-15
5300.2000 1.8073327e-15
5301.6000 1.8189935e-15
5303.0000 1.8331179e-15
5304.4000 1.8891915e-15
5305.8000 1.8110965e-15
5307.2000 1.8839866e-15
5308.6000 1.8434335e-15
5310.0000 1.9552373e-15
5311.4000 1.8015687e-15
5312.8000 1.8773616e-15
5314.2000 1.7745334e-15
5315.6000 1.8138879e-15
5317.0000 1.8012222e-15
5318.4000 1.8689597e-15
5319.8000 1.9670551e-15
5321.2000 1.9388727e-15
5322.6000 1.9828307e-15
5324.0000 1.8717196e-15
5325.4000 2.0024912e-15
5326.8000 2.0586620e-15
5328.2000 2.0672907e-15
5329.6000 2.0141043e-15
5331.0000 1.9074438e-15
5332.4000 1.8563247e-15
5333.8000 1.7725073e-15
5335.2000 1.8354041e-15
5336.6000 1.9396549e-15
5338.0000 1.9525078e-15
5339.4000 1.8892185e-15
5340.8000 1.9195639e-15
5342.2000 1.8855947e-15
5343.6000 1.9847942e-15
5345.0000 2.0607697e-15
5346.4000 2.0272538e-15
5347.8000 1.9990656e-15
5349.2000 1.9780450e-15
5350.6000 2.0670427e-15
5352.0000 2.0541152e-15
5353.4000 2.0251485e-15
5354.8000 1.9303574e-15
5356.2000 2.0786856e-15
5357.6000 1.8873950e-15
5359.0000 1.9470325e-15
5360.4000 2.0051177e-15
5361.8000 2.0478263e-15
5363.2000 2.0170825e-15
5364.6000 2.0414436e-15
5366.0000 2.0828004e-15
5367.4000 2.1042373e-15
5368.8000 1.9318548e-15
5370.2000 1.8241199e-15
5371.6000 1.7873696e-15
5373.0000 1.6390816e-15
5374.4000 1.8138368e-15
5375.8000 1.8627530e-15
5377.2000 1.7761355e-15
5378.6000 1.7925617e-15
5380.0000 1.7931053e-15
5381.4000 1.9243077e-15
5382.8000 1.9199049e-15
5384.2000 1.8757210e-15
5385.6000 2.0276052e-15
5387.0000 2.0555735e-15
5388.4000 2.0428154e-15
5389.8000 2.0048759e-15
5391.2000 1.9276486e-15
5392.6000 1.9022926e-15
5394.0000 2.0185746e-15
5395.4000 2.0282031e-15
5396.8000 2.1709270e-15
5398.2000 2.1383252e-15
5399.6000 2.1931320e-15
5401.0000 2.1289913e-15
5402.4000 2.1596573e-15
5403.8000 2.0484760e-15
5405.2000 1.9077530e-15
5406.6000 2.0269111e-15
5408.0000 2.0134044e-15
5409.4000 2.0107945e-15
5410.8000 2.0339630e-15
5412.2000 2.0518882e-15
5413.6000 2.1926963e-15
5415.0000 2.1504376e-15
5416.4000 2.1321109e-15
5417.8000 1.9991617e-15
5419.2000 2.0813705e-15
5420.6000 2.1907276e-15
5422.0000 2.1028548e-15
5423.4000 2.1375194e-15
5424.8000 2.0895704e-15
5426.2000 2.0817726e-15
5427.6000 2.0525086e-15
5429.0000 2.0275751e-15
5430.4000 2.0077905e-15
5431.8000 1.9963755e-15
5433.2000 1.9342585e-15
5434.6000 1.9494342e-15
5436.0000 1.8378217e-15
5437.4000 1.7882362e-15
5438.8000 1.8707085e-15
5440.2000 1.9981973e-15
5441.6000 2.0312843e-15
5443.0000 2.0209296e-15
5444.4000 1.9393153e-15
5445.8000 2.0784566e-15
5447.2000 1.9541109e-15
5448.6000 1.9355422e-15
5450.0000 1.9216972e-15
5451.4000 2.0471886e-15
5452.8000 2.1363482e-15
5454.2000 2.0333754e-15
5455.6000 2.0736205e-15
5457.0000 2.0165821e-15
5458.4000 2.0470475e-15
5459.8000 1.9640835e-15
5461.2000 2.0833855e-15
5462.6000 2.1798452e-15
5464.0000 2.1345205e-15
5465.4000 2.1228915e-15
5466.8000 2.1440100e-15
5468.2000 2.1331407e-15
5469.6000 2.0886374e-15
5471.0000 2.0646259e-15
5472.4000 1.9706048e-15
5473.8000 1.9892653e-15
5475.2000 2.0983229e-15
5476.6000 2.1033839e-15
5478.0000 1.9205802e-15
5479.4000 1.8991730e-15
5480.8000 1.9936612e-15
5482.2000 1.8750439e-15
5483.6000 2.1215889e-15
5485.0000 2.0762977e-15
5486.4000 2.0218799e-15
5487.8000 2.0809302e-15
5489.2000 2.0658715e-15
5490.6000 1.9923299e-15
5492.0000 1.9779312e-15
5493.4000 1.9480184e-15
5494.8000 2.0462870e-15
5496.2000 2.0404566e-15
5497.6000 1.9506144e-15
5499.0000 2.0493807e-15
5500.4000 2.0606352e-15
5501.8000 1.9853143e-15
5503.2000 2.0202311e-15
5504.6000 1.9542213e-15
5506.0000 1.9210208e-15
5507.4000 1.9469128e-15
5508.8000 1.9076793e-15
5510.2000 2.0083403e-15
5511.6000 2.0123756e-15
5513.0000 1.9674880e-15
5514.4000 1.8778754e-15
5515.8000 1.9256834e-15
5517.2000 1.8265789e-15
5518.6000 1.9089664e-15
5520.0000 1.8851226e-15
5521.4000 1.8717673e-15
5522.8000 1.9453394e-15
5524.2000 2.0977509e-15
5525.6000 2.0166730e-15
5527.0000 2.0141513e-15
5528.4000 2.0666274e-15
5529.8000 1.9051632e-15
5531.2000 2.0209279e-15
5532.6000 2.0083455e-15
5534.0000 1.9202112e-15
5535.4000 1.9770155e-15
5536.8000 1.9412502e-15
5538.2000 1.9929305e-15
5539.6000 1.9054222e-15
5541.0000 1.8295180e-15
5542.4000 1.8535942e-15
5543.8000 1.9271427e-15
5545.2000 1.8832017e-15
5546.6000 1.9846521e-15
5548.0000 1.8567383e-15
5549.4000 1.9717419e-15
5550.8000 2.0627716e-15
5552.2000 2.1207817e-15
5553.6000 2.1295733e-15
5555.0000 2.0442160e-15
5556.4000 2.0247477e-15
5557.8000 1.8494662e-15
5559.2000 1.8928727e-15
5560.6000 1.9759698e-15
5562.0000 1.9933739e-15
5563.4000 1.9430152e-15
5564.8000 1.9289821e-15
5566.2000 1.9191776e-15
5567.6000 1.8686986e-15
5569.0000 2.0543784e-15
5570.4000 2.0335023e-15
5571.8000 1.9544180e-15
5573.2000 1.9122904e-15
5574.6000 1.8948365e-15
5576.0000 2.0720276e-15
5577.4000 1.9142014e-15
5578.8000 1.9501120e-15
5580.2000 2.0018902e-15
5581.6000 2.0364207e-15
5583.0000 1.9587151e-15
5584.4000 1.8663443e-15
5585.8000 1.8368918e-15
5587.2000 1.8848450e-15
5588.6000 1.8534859e-15
5590.0000 1.8655189e-15
5591.4000 1.8489727e-15
5592.8000 1.8874707e-15
5594.2000 1.8640540e-15
5595.6000 1.9147529e-15
5597.0000 1.9369998e-15
5598.4000 1.9915915e-15
5599.8000 1.8842246e-15
5601.2000 1.9424391e-15
5602.6000 1.8668945e-15
5604.0000 2.0094905e-15
5605.4000 1.9007907e-15
5606.8000 1.9554530e-15
5608.2000 1.8574559e-15
5609.6000 1.9860800e-15
5611.0000 1.9629790e-15
5612.4000 1.8396628e-15
5613.8000 1.8737603e-15
5615.2000 1.8420485e-15
5616.6000 1.9419950e-15
5618.0000 1.8191899e-15
5619.4000 1.8843186e-15
5620.8000 1.8923149e-15
5622.2000 1.9271451e-15
5623.6000 1.9601433e-15
5625.0000 1.8474045e-15
5626.4000 1.9001804e-15
5627.8000 1.9239325e-15
5629.2000 1.9520392e-15
5630.6000 1.9993924e-15
5632.0000 2.0200955e-15
5633.4000 1.9435228e-15
5634.8000 1.9368127e-15
5636.2000 2.0086405e-15
5637.6000 1.9460732e-15
5639.0000 1.8549567e-15
5640.4000 1.8883332e-15
5641.8000 1.8388487e-15
5643.2000 1.8375415e-15
5644.6000 1.9994280e-15
5646.0000 1.9878198e-15
5647.4000 2.0557485e-15
5648.8000 1.8865757e-15
5650.2000 1.9346552e-15
5651.6000 1.9890785e-15
5653.0000 2.0010993e-15
5654.4000 2.0013002e-15
5655.8000 1.9378131e-15
5657.2000 1.8715526e-15
5658.6000 1.9711243e-15
5660.0000 1.9435018e-15
5661.4000 1.9924620e-15
5662.8000 2.0128864e-15
5664.2000 1.9971135e-15
5665.6000 1.9816747e-15
5667.0000 1.9258079e-15
5668.4000 2.0003416e-15
5669.8000 1.9802886e-15
5671.2000 1.9609013e-15
5672.6000 1.9623717e-15
5674.0000 1.9491911e-15
5675.4000 1.9132618e-15
5676.8000 1.8648196e-15
5678.2000 1.9149860e-15
5679.6000 1.9362794e-15
5681.0000 1.9752311e-15
5682.4000 1.9333767e-15
5683.8000 1.8718752e-15
5685.2000 1.9279014e-15
5686.6000 1.9466635e-15
5688.0000 1.9027218e-15
5689.4000 2.0146151e-15
5690.8000 1.8804604e-15
5692.2000 1.8281849e-15
5693.6000 1.9745032e-15
5695.0000 1.9529428e-15
5696.4000 2.0453565e-15
5697.8000 2.0787015e-15
5699.2000 1.8907954e-15
5700.6000 1.8660926e-15
5702.0000 1.8094335e-15
5703.4000 1.8569299e-15
5704.8000 1.8132520e-15
5706.2000 1.8786919e-15
5707.6000 1.8601473e-15
5709.0000 1.9274564e-15
5710.4000 1.9681976e-15
5711.8000 1.9276504e-15
5713.2000 1.9100298e-15
5714.6000 1.7863979e-15
5716.0000 1.8165766e-15
5717.4000 1.8621786e-15
5718.8000 1.8981190e-15
5720.2000 1.9596834e-15
5721.6000 2.0352539e-15
5723.0000 1.9926349e-15
5724.4000 1.9477442e-15
5725.8000 1.9525074e-15
5727.2000 1.9700401e-15
5728.6000 1.9234491e-15
5730.0000 1.7595797e-15
5731.4000 1.7693130e-15
5732.8000 1.8700777e-15
5734.2000 1.9725265e-15
5735.6000 1.9242375e-15
5737.0000 1.8936601e-15
5738.4000 1.8086731e-15
5739.8000 1.9119543e-15
5741.2000 1.7297755e-15
5742.6000 1.9241023e-15
5744.0000 1.9941336e-15
5745.4000 1.9742846e-15
5746.8000 2.0123448e-15
5748.2000 2.0062260e-15
5749.6000 1.9437615e-15
5751.0000 1.8311267e-15
5752.4000 1.8597137e-15
5753.8000 1.8869364e-15
5755.2000 1.8250594e-15
5756.6000 1.8931822e-15
5758.0000 1.9003844e-15
5759.4000 1.9275982e-15
5760.8000 1.8804189e-15
5762.2000 2.0015720e-15
5763.6000 1.9027511e-15
5765.0000 1.8870447e-15
5766.4000 1.8857596e-15
5767.8000 1.9321874e-15
5769.2000 1.9157344e-15
5770.6000 1.8668198e-15
5772.0000 1.8958705e-15
5773.4000 1.7776678e-15
5774.8000 1.8343621e-15
5776.2000 1.7271314e-15
5777.6000 1.8453448e-15
5779.0000 1.7742543e-15
5780.4000 1.8409416e-15
5781.8000 1.8405484e-15
5783.2000 1.8594114e-15
5784.6000 1.8423383e-15
5786.0000 1.8770126e-15
5787.4000 1.9330502e-15
5788.8000 1.9344197e-15
5790.2000 1.9650566e-15
5791.6000 1.9356490e-15
5793.0000 1.9364382e-15
5794.4000 1.9833245e-15
5795.8000 1.9008257e-15
5797.2000 1.8453611e-15
5798.6000 1.8745954e-15
5800.0000 1.7702643e-15
5801.4000 1.8804784e-15
5802.8000 1.8400172e-15
5804.2000 1.8272010e-15
5805.6000 1.8261048e-15
5807.0000 1.8515629e-15
5808.4000 1.8952878e-15
5809.8000 1.8535254e-15
5811.2000 1.9850743e-15
5812.6000 1.9143068e-15
5814.0000 1.8273663e-15
5815.4000 1.8039928e-15
5816.8000 1.8227819e-15
5818.2000 1.8191076e-15
5819.6000 1.8950247e-15
5821.0000 1.8283727e-15
5822.4000 1.7443086e-15
5823.8000 1.7804119e-15
5825.2000 1.7078987e-15
5826.6000 1.7500647e-15
5828.0000 1.7603315e-15
5829.4000 1.7851301e-15
5830.8000 1.8579632e-15
5832.2000 1.8590044e-15
5833.6000 1.9275179e-15
5835.0000 1.8163681e-15
5836.4000 1.9656583e-15
5837.8000 1.8797677e-15
5839.2000 1.9000504e-15
5840.6000 1.9774941e-15
5842.0000 1.9384384e-15
5843.4000 1.9027864e-15
5844.8000 1.8657125e-15
5846.2000 1.9527363e-15
5847.6000 1.9380396e-15
5849.0000 1.7939612e-15
5850.4000 1.8527452e-15
5851.8000 1.9013648e-15
5853.2000 1.9943259e-15
5854.6000 1.9085304e-15
5856.0000 1.8533722e-15
5857.4000 1.8851399e-15
5858.8000 1.8655403e-15
5860.2000 1.9793664e-15
5861.6000 1.9758671e-15
5863.0000 1.8486847e-15
5864.4000 1.9376751e-15
5865.8000 1.9400301e-15
5867.2000 1.8926928e-15
5868.6000 1.9025641e-15
5870.0000 1.8402372e-15
5871.4000 1.8645931e-15
5872.8000 1.8358637e-15
5874.2000 1.8229718e-15
5875.6000 1.8371905e-15
5877.0000 1.7778981e-15
5878.4000 1.8886731e-15
5879.8000 1.8258811e-15
5881.2000 1.8742261e-15
5882.6000 1.8326953e-15
5884.0000 1.9071969e-15
5885.4000 1.8669771e-15
5886.8000 1.9058389e-15
5888.2000 1.8335073e-15
5889.6000 1.7320990e-15
5891.0000 1.7782080e-15
5892.4000 1.9026595e-15
5893.8000 1.7804966e-15
5895.2000 1.7961024e-15
5896.6000 1.8440484e-15
5898.0000 1.8528576e-15
5899.4000 1.7848497e-15
5900.8000 1.7584431e-15
5902.2000 1.6406038e-15
5903.6000 1.7681794e-15
5905.0000 1.8566996e-15
5906.4000 1.7945439e-15
5907.8000 1.8547575e-15
5909.2000 1.8102666e-15
5910.6000 1.8372258e-15
5912.0000 1.9004193e-15
5913.4000 1.7871957e-15
5914.8000 1.9380656e-15
5916.2000 1.7864159e-15
5917.6000 1.9262723e-15
5919.0000 1.8570070e-15
5920.4000 1.8911218e-15
5921.8000 1.8759033e-15
5923.2000 1.8443997e-15
5924.6000 1.8897278e-15
5926.0000 1.8713040e-15
5927.4000 1.9060851e-15
5928.8000 1.8778578e-15
5930.2000 1.9602436e-15
5931.6000 1.8554080e-15
5933.0000 1.8664387e-15
5934.4000 1.8638282e-15
5935.8000 1.9062155e-15
5937.2000 1.8713918e-15
5938.6000 1.8513308e-15
5940.0000 1.9162050e-15
5941.4000 1.9500442e-15
5942.8000 1.8990956e-15
5944.2000 1.9311832e-15
5945.6000 1.8926510e-15
5947.0000 1.9430646e-15
5948.4000 1.9271441e-15
5949.8000 1.9942875e-15
5951.2000 1.9375375e-15
5952.6000 1.8778613e-15
5954.0000 1.8875599e-15
5955.4000 1.8942293e-15
5956.8000 1.8427139e-15
5958.2000 1.9077986e-15
5959.6000 1.9884816e-15
5961.0000 1.9410945e-15
5962.4000 1.8241866e-15
5963.8000 1.9561720e-15
5965.2000 1.9433354e-15
5966.6000 1.8812260e-15
5968.0000 1.8714527e-15
5969.4000 1.8952442e-15
5970.8000 1.9046147e-15
5972.2000 1.8425731e-15
5973.6000 1.8093803e-15
5975.0000 1.8097676e-15
5976.4000 1.7977399e-15
5977.8000 1.8117951e-15
5979.2000 1.8556957e-15
5980.6000 1.8257562e-15
5982.0000 1.8384586e-15
5983.4000 1.8963640e-15
5984.8000 1.9214939e-15
5986.2000 1.8148690e-15
5987.6000 1.8684472e-15
5989.0000 1.9495908e-15
5990.4000 1.9591868e-15
5991.8000 1.8824229e-15
5993.2000 1.9251467e-15
5994.6000 1.9492035e-15
5996.0000 1.8921630e-15
5997.4000 1.8683096e-15
5998.8000 1.8200974e-15
6000.2000 1.9049561e-15
6001.6000 1.8640851e-15
6003.0000 1.8090929e-15
6004.4000 1.9430899e-15
6005.8000 1.8465704e-15
6007.2000 1.7627567e-15
6008.6000 1.8293233e-15
6010.0000 1.6166656e-15
6011.4000 1.5317658e-15
6012.8000 1.5687470e-15
6014.2000 1.6473448e-15
6015.6000 1.6554050e-15
6017.0000 1.6049654e-15
6018.4000 1.7638045e-15
6019.8000 1.6953128e-15
6021.2000 1.7533188e-15
6022.6000 1.8672870e-15
6024.0000 1.7465388e-15
6025.4000 1.8351485e-15
6026.8000 1.8587340e-15
6028.2000 1.8705262e-15
6029.6000 1.8636006e-15
6031.0000 1.8811271e-15
6032.4000 1.8794472e-15
6033.8000 1.9187350e-15
6035.2000 1.7928902e-15
6036.6000 1.8340049e-15
6038.0000 1.7886381e-15
6039.4000 1.8156409e-15
6040.8000 1.8711594e-15
6042.2000 1.8857084e-15
6043.6000 1.8339755e-15
6045.0000 1.7925955e-15
6046.4000 1.8523461e-15
6047.8000 1.8772035e-15
6049.2000 1.7980383e-15
6050.6000 1.7998946e-15
6052.0000 1.8062285e-15
6053.4000 1.8185512e-15
6054.8000 1.8522735e-15
6056.2000 1.8270513e-15
6057.6000 1.8781452e-15
6059.0000 1.9335316e-15
6060.4000 1.9595727e-15
6061.8000 1.8694794e-15
6063.2000 1.8219298e-15
6064.6000 1.7546803e-15
6066.0000 1.8362178e-15
6067.4000 1.8309974e-15
6068.8000 1.8589225e-15
6070.2000 1.8699826e-15
6071.6000 1.8690015e-15
6073.0000 1.8595242e-15
6074.4000 1.7931253e-15
6075.8000 1.8043072e-15
6077.2000 1.7084489e-15
6078.6000 1.8818253e-15
6080.0000 1.8294412e-15
6081.4000 1.8512963e-15
6082.8000 1.8181134e-15
6084.2000 1.8154624e-15
6085.6000 1.8033068e-15
6087.0000 1.8719368e-15
6088.4000 1.7952351e-15
6089.8000 1.8088992e-15
6091.2000 1.8191021e-15
6092.6000 1.8031760e-15
6094.0000 1.8830408e-15
6095.4000 1.9007164e-15
6096.8000 1.7960364e-15
6098.2000 1.7781174e-15
6099.6000 1.7794412e-15
6101.0000 1.8027586e-15
6102.4000 1.8049068e-15
6103.8000 1.8181158e-15
6105.2000 1.7199513e-15
6106.6000 1.6866281e-15
6108.0000 1.7256247e-15
6109.4000 1.7939155e-15
6110.8000 1.8293575e-15
6112.2000 1.8425697e-15
6113.6000 1.7884627e-15
6115.0000 1.8698775e-15
6116.4000 1.8488565e-15
6117.8000 1.8167284e-15
6119.2000 1.8224724e-15
6120.6000 1.7524847e-15
6122.0000 1.7785621e-15
6123.4000 1.8309607e-15
6124.8000 1.7465180e-15
6126.2000 1.7806536e-15
6127.6000 1.7669034e-15
6129.0000 1.7200993e-15
6130.4000 1.7850464e-15
6131.8000 1.7167850e-15
6133.2000 1.7720048e-15
6134.6000 1.7189021e-15
6136.0000 1.7102858e-15
6137.4000 1.7373637e-15
6138.8000 1.7201180e-15
6140.2000 1.7340356e-15
6141.6000 1.8023271e-15
6143.0000 1.7569792e-15
6144.4000 1.6856145e-15
6145.8000 1.7556229e-15
6147.2000 1.7256849e-15
6148.6000 1.7072866e-15
6150.0000 1.6737846e-15
6151.4000 1.8002062e-15
6152.8000 1.7787371e-15
6154.2000 1.7908243e-15
6155.6000 1.7348600e-15
6157.0000 1.6883226e-15
6158.4000 1.7386266e-15
6159.8000 1.7832804e-15
6161.2000 1.7702636e-15
6162.6000 1.7874409e-15
6164.0000 1.8323184e-15
6165.4000 1.7402554e-15
6166.8000 1.7374436e-15
6168.2000 1.7848870e-15
6169.6000 1.8364329e-15
6171.0000 1.8016966e-15
6172.4000 1.7989454e-15
6173.8000 1.8210172e-15
6175.2000 1.7758585e-15
6176.6000 1.7618337e-15
6178.0000 1.7648617e-15
6179.4000 1.7796286e-15
6180.8000 1.7260234e-15
6182.2000 1.7521697e-15
6183.6000 1.7773393e-15
6185.0000 1.7482329e-15
6186.4000 1.8350583e-15
6187.8000 1.7536421e-15
6189.2000 1.7231885e-15
6190.6000 1.6745516e-15
6192.0000 1.7015475e-15
6193.4000 1.7197462e-15
6194.8000 1.8253160e-15
6196.2000 1.8035284e-15
6197.6000 1.8279497e-15
6199.0000 1.7257202e-15
6200.4000 1.8750342e-15
6201.8000 1.8294758e-15
6203.2000 1.7867548e-15
6204.6000 1.7008697e-15
6206.0000 1.7168608e-15
6207.4000 1.8176075e-15
6208.8000 1.7486517e-15
6210.2000 1.7891796e-15
6211.6000 1.6741812e-15
6213.0000 1.7204583e-15
6214.4000 1.7215943e-15
6215.8000 1.6732752e-15
6217.2000 1.7305290e-15
6218.6000 1.7404877e-15
6220.0000 1.7210534e-15
6221.4000 1.7078306e-15
6222.8000 1.7297523e-15
6224.2000 1.7731225e-15
6225.6000 1.7409795e-15
6227.0000 1.7197359e-15
6228.4000 1.6152063e-15
6229.8000 1.6851276e-15
6231.2000 1.6864521e-15
6232.6000 1.6881358e-15
6234.0000 1.6783127e-15
6235.4000 1.6671775e-15
6236.8000 1.6986672e-15
6238.2000 1.8483039e-15
6239.6000 1.7753467e-15
6241.0000 1.7699918e-15
6242.4000 1.7885008e-15
6243.8000 1.6980288e-15
6245.2000 1.7026510e-15
6246.6000 1.6724982e-15
6248.0000 1.6423277e-15
6249.4000 1.6424968e-15
6250.8000 1.7156304e-15
6252.2000 1.7623774e-15
6253.6000 1.7429821e-15
6255.0000 1.6933462e-15
6256.4000 1.6728298e-15
6257.8000 1.7202165e-15
6259.2000 1.7331831e-15
6260.6000 1.6578851e-15
6262.0000 1.6840960e-15
6263.4000 1.4981929e-15
6264.8000 1.6423146e-15
6266.2000 1.6756959e-15
6267.6000 1.6621251e-15
6269.0000 1.6366664e-15
6270.4000 1.6882914e-15
6271.8000 1.6356034e-15
6273.2000 1.6586387e-15
6274.6000 1.6691472e-15
6276.0000 1.6418968e-15
6277.4000 1.5136282e-15
6278.8000 1.5873355e-15
6280.2000 1.5697374e-15
6281.6000 1.5642324e-15
6283.0000 1.5976041e-15
6284.4000 1.6018679e-15
6285.8000 1.5998816e-15
6287.2000 1.6202386e-15
6288.6000 1.4926377e-15
6290.0000 1.5276506e-15
6291.4000 1.5376619e-15
6292.8000 1.6665052e-15
6294.2000 1.6094070e-15
6295.6000 1.5706991e-15
6297.0000 1.5913317e-15
6298.4000 1.5939706e-15
6299.8000 1.6763778e-15
6301.2000 1.5932140e-15
6302.6000 1.5629377e-15
6304.0000 1.5314300e-15
6305.4000 1.6338363e-15
6306.8000 1.5866940e-15
6308.2000 1.6458353e-15
6309.6000 1.7460851e-15
6311.0000 1.7202753e-15
6312.4000 1.6699678e-15
6313.8000 1.6463225e-15
6315.2000 1.6306091e-15
6316.6000 1.6427285e-15
6318.0000 1.6066443e-15
6319.4000 1.5817586e-15
6320.8000 1.6122140e-15
6322.2000 1.6771680e-15
6323.6000 1.6447249e-15
6325.0000 1.6297290e-15
6326.4000 1.6886047e-15
6327.8000 1.6144732e-15
6329.2000 1.6411004e-15
6330.6000 1.6792104e-15
6332.0000 1.6636533e-15
6333.4000 1.6599911e-15
6334.8000 1.6436736e-15
6336.2000 1.6667414e-15
6337.6000 1.6351680e-15
6339.0000 1.6377619e-15
6340.4000 1.5105059e-15
6341.8000 1.5773425e-15
6343.2000 1.5688179e-15
6344.6000 1.5732844e-15
6346.0000 1.6077592e-15
6347.4000 1.6054699e-15
6348.8000 1.5643285e-15
6350.2000 1.5863596e-15
6351.6000 1.6410108e-15
6353.0000 1.6902757e-15
6354.4000 1.6109334e-15
6355.8000 1.6306444e-15
6357.2000 1.5762532e-15
6358.6000 1.4965471e-15
6360.0000 1.5601535e-15
6361.4000 1.5997560e-15
6362.8000 1.5334896e-15
6364.2000 1.6752152e-15
6365.6000 1.5883076e-15
6367.0000 1.6055228e-15
6368.4000 1.5489935e-15
6369.8000 1.5724852e-15
6371.2000 1.6018866e-15
6372.6000 1.5614369e-15
6374.0000 1.5605945e-15
6375.4000 1.5269434e-15
6376.8000 1.5329654e-15
6378.2000 1.6264397e-15
6379.6000 1.5867836e-15
6381.0000 1.5520920e-15
6382.4000 1.5438965e-15
6383.8000 1.4865317e-15
6385.2000 1.4742923e-15
6386.6000 1.5408662e-15
6388.0000 1.6148453e-15
6389.4000 1.5909797e-15
6390.8000 1.5971403e-15
6392.2000 1.6723778e-15
6393.6000 1.6397531e-15
6395.0000 1.6332256e-15
6396.4000 1.6797886e-15
6397.8000 1.6097307e-15
6399.2000 1.6078014e-15
6400.6000 1.6010373e-15
6402.0000 1.6801711e-15
6403.4000 1.6646807e-15
6404.8000 1.6099869e-15
6406.2000 1.6281508e-15
6407.6000 1.6727606e-15
6409.0000 1.6403490e-15
6410.4000 1.5890881e-15
6411.8000 1.6546037e-15
6413.2000 1.6706360e-15
6414.6000 1.6150247e-15
6416.0000 1.7023532e-15
6417.4000 1.6590398e-15
6418.8000 1.6861004e-15
6420.2000 1.5654677e-15
6421.6000 1.6684310e-15
6423.0000 1.6512296e-15
6424.4000 1.6212276e-15
6425.8000 1.5975390e-15
6427.2000 1.5945097e-15
6428.6000 1.5958677e-15
6430.0000 1.5870460e-15
6431.4000 1.6123578e-15
6432.8000 1.6248884e-15
6434.2000 1.6149663e-15
6435.6000 1.5929760e-15
6437.0000 1.6323105e-15
6438.4000 1.6418228e-15
6439.8000 1.6141837e-15
6441.2000 1.5878065e-15
6442.6000 1.6301952e-15
6444.0000 1.5982400e-15
6445.4000 1.5185267e-15
6446.8000 1.5628530e-15
6448.2000 1.5836923e-15
6449.6000 1.6055591e-15
6451.0000 1.5473450e-15
6452.4000 1.5906435e-15
6453.8000 1.5824644e-15
6455.2000 1.5918269e-15
6456.6000 1.6307136e-15
6458.0000 1.6800002e-15
6459.4000 1.6083315e-15
6460.8000 1.6110506e-15
6462.2000 1.6865516e-15
6463.6000 1.6268564e-15
6465.0000 1.5701244e-15
6466.4000 1.5422518e-15
6467.8000 1.5556262e-15
6469.2000 1.5288080e-15
6470.6000 1.6285000e-15
6472.0000 1.6242417e-15
6473.4000 1.5355178e-15
6474.8000 1.6215609e-15
6476.2000 1.6177618e-15
6477.6000 1.5284190e-15
6479.0000 1.6267699e-15
6480.4000 1.6997863e-15
6481.8000 1.5814473e-15
6483.2000 1.6868238e-15
6484.6000 1.6024987e-15
6486.0000 1.5300761e-15
6487.4000 1.6104278e-15
6488.8000 1.5748330e-15
6490.2000 1.6201556e-15
6491.6000 1.5608389e-15
6493.0000 1.5202889e-15
6494.4000 1.5431534e-15
6495.8000 1.5929913e-15
6497.2000 1.6495130e-15
6498.6000 1.5904464e-15
6500.0000 1.6230441e-15
6501.4000 1.6083118e-15
6502.8000 1.6564369e-15
6504.2000 1.6504304e-15
6505.6000 1.6996552e-15
6507.0000 1.6525167e-15
6508.4000 1.7088690e-15
6509.8000 1.6505051e-15
6511.2000 1.5645803e-15
6512.6000 1.6378657e-15
6514.0000 1.6325052e-15
6515.4000 1.5907369e-15
6516.8000 1.5640173e-15
6518.2000 1.6188027e-15
6519.6000 1.5608621e-15
6521.0000 1.5725558e-15
6522.4000 1.6360709e-15
6523.8000 1.5500402e-15
6525.2000 1.5382325e-15
6526.6000 1.5481729e-15
6528.0000 1.6243530e-15
6529.4000 1.5637559e-15
6530.8000 1.5789405e-15
6532.2000 1.4770851e-15
6533.6000 1.5252942e-15
6535.0000 1.5326016e-15
6536.4000 1.5748247e-15
6537.8000 1.5364972e-15
6539.2000 1.5610208e-15
6540.6000 1.5515770e-15
6542.0000 1.5373966e-15
6543.4000 1.5450101e-15
6544.8000 1.5434964e-15
6546.2000 1.5480349e-15
6547.6000 1.5350289e-15
6549.0000 1.5436759e-15
6550.4000 1.5290657e-15
6551.8000 1.5019612e-15
6553.2000 1.5164521e-15
6554.6000 1.5246285e-15
6556.0000 1.5775002e-15
6557.4000 1.5131863e-15
6558.8000 1.5290207e-15
6560.2000 1.5433280e-15
6561.6000 1.5918805e-15
6563.0000 1.5318100e-15
6564.4000 1.5548318e-15
6565.8000 1.5408572e-15
6567.2000 1.5435089e-15
6568.6000 1.5717964e-15
6570.0000 1.5033870e-15
6571.4000 1.5638949e-15
6572.8000 1.5622091e-15
6574.2000 1.5655628e-15
6575.6000 1.6614823e-15
6577.0000 1.5385440e-15
6578.4000 1.6128492e-15
6579.8000 1.5686771e-15
6581.2000 1.5733608e-15
6582.6000 1.5379268e-15
6584.0000 1.5034160e-15
6585.4000 1.4162822e-15
6586.8000 1.5766910e-15
6588.2000 1.6246902e-15
6589.6000 1.5673299e-15
6591.0000 1.5504117e-15
6592.4000 1.6193405e-15
6593.8000 1.5821013e-15
6595.2000 1.5449720e-15
6596.6000 1.5283104e-15
6598.0000 1.5593644e-15
6599.4000 1.5720395e-15
6600.8000 1.5335114e-15
6602.2000 1.6123322e-15
6603.6000 1.5523596e-15
6605.0000 1.5906985e-15
6606.4000 1.6441564e-15
6607.8000 1.6072422e-15
6609.2000 1.6262097e-15
6610.6000 1.5802785e-15
6612.0000 1.6888561e-15
6613.4000 1.6296879e-15
6614.8000 1.5597721e-15
6616.2000 1.5220882e-15
6617.6000 1.6176311e-15
6619.0000 1.5887208e-15
6620.4000 1.6189701e-15
6621.8000 1.6233139e-15
6623.2000 1.5575997e-15
6624.6000 1.6415666e-15
6626.0000 1.5495610e-15
6627.4000 1.5105913e-15
6628.8000 1.5504137e-15
6630.2000 1.4644173e-15
6631.6000 1.5266239e-15
6633.0000 1.5447500e-15
6634.4000 1.5771755e-15
6635.8000 1.5870581e-15
6637.2000 1.6708241e-15
6638.6000 1.6802295e-15
6640.0000 1.5350313e-15
6641.4000 1.6573346e-15
6642.8000 1.6097041e-15
6644.2000 1.5925721e-15
6645.6000 1.6384930e-15
6647.0000 1.5803929e-15
6648.4000 1.6336149e-15
6649.8000 1.5899979e-15
6651.2000 1.5752068e-15
6652.6000 1.6812175e-15
6654.0000 1.6443493e-15
6655.4000 1.6649269e-15
6656.8000 1.6466853e-15
6658.2000 1.5966762e-15
6659.6000 1.6438821e-15
6661.0000 1.6365796e-15
6662.4000 1.5800433e-15
6663.8000 1.5813038e-15
6665.2000 1.6140053e-15
6666.6000 1.5490623e-15
6668.0000 1.5815580e-15
6669.4000 1.6571098e-15
6670.8000 1.6003159e-15
6672.2000 1.6046701e-15
6673.6000 1.6580134e-15
6675.0000 1.6649183e-15
6676.4000 1.6838387e-15
6677.8000 1.6867342e-15
6679.2000 1.6901222e-15
6680.6000 1.7029992e-15
6682.0000 1.6205688e-15
6683.4000 1.7727300e-15
6684.8000 1.7336860e-15
6686.2000 1.7372195e-15
6687.6000 1.6284883e-15
6689.0000 1.7139051e-15
6690.4000 1.6178054e-15
6691.8000 1.7305889e-15
6693.2000 1.6618637e-15
6694.6000 1.6090024e-15
6696.0000 1.6234249e-15
6697.4000 1.4908032e-15
6698.8000 1.4612690e-15
6700.2000 1.4804485e-15
6701.6000 1.5409903e-15
6703.0000 1.5635380e-15
6704.4000 1.6997790e-15
6705.8000 1.6781837e-15
6707.2000 1.5980744e-15
6708.6000 1.5997609e-15
6710.0000 1.5604440e-15
6711.4000 1.5707202e-15
6712.8000 1.6466597e-15
6714.2000 1.6268785e-15
6715.6000 1.6408504e-15
6717.0000 1.5958663e-15
6718.4000 1.6390916e-15
6719.8000 1.8093927e-15
6721.2000 1.7152704e-15
6722.6000 1.6235227e-15
6724.0000 1.6047987e-15
6725.4000 1.5698674e-15
6726.8000 1.5350444e-15
6728.2000 1.4921560e-15
6729.6000 1.4887563e-15
6731.0000 1.5351589e-15
6732.4000 1.5746431e-15
6733.8000 1.5542519e-15
6735.2000 1.5848968e-15
6736.6000 1.6107494e-15
6738.0000 1.6092611e-15
6739.4000 1.5580835e-15
6740.8000 1.5302732e-15
6742.2000 1.5047799e-15
6743.6000 1.5070145e-15
6745.0000 1.5546527e-15
6746.4000 1.4694254e-15
6747.8000 1.5427367e-15
6749.2000 1.5559896e-15
6750.6000 1.5868102e-15
6752.0000 1.5685924e-15
6753.4000 1.5880420e-15
6754.8000 1.5199621e-15
6756.2000 1.5641124e-15
6757.6000 1.5565440e-15
6759.0000 1.5502322e-15
6760.4000 1.5970428e-15
6761.8000 1.5156858e-15
6763.2000 1.5186888e-15
6764.6000 1.6093454e-15
6766.0000 1.6057393e-15
6767.4000 1.5424818e-15
6768.8000 1.5227234e-15
6770.2000 1.5226923e-15
6771.6000 1.4865372e-15
6773.0000 1.5456986e-15
6774.4000 1.4928217e-15
6775.8000 1.5519346e-15
6777.2000 1.4915909e-15
6778.6000 1.5824678e-15
6780.0000 1.5253807e-15
6781.4000 1.4797458e-15
6782.8000 1.5348338e-15
6784.2000 1.4907005e-15
6785.6000 1.5230762e-15
6787.0000 1.5030692e-15
6788.4000 1.5326638e-15
6789.8000 1.4834681e-15
6791.2000 1.4772957e-15
6792.6000 1.5378258e-15
6794.0000 1.4877815e-15
6795.4000 1.5412732e-15
6796.8000 1.4708484e-15
6798.2000 1.4946624e-15
6799.6000 1.4518048e-15
6801.0000 1.4021302e-15
6802.4000 1.4886816e-15
6803.8000 1.4593757e-15
6805.2000 1.4966115e-15
6806.6000 1.5206074e-15
6808.0000 1.5016607e-15
6809.4000 1.5275890e-15
6810.8000 1.5404170e-15
6812.2000 1.5649413e-15
6813.6000 1.4288992e-15
6815.0000 1.4667647e-15
6816.4000 1.4167131e-15
6817.8000 1.5380717e-15
6819.2000 1.4874388e-15
6820.6000 1.4272348e-15
6822.0000 1.4676271e-15
6823.4000 1.5168301e-15
6824.8000 1.4944833e-15
6826.2000 1.5164964e-15
6827.6000 1.5147341e-15
6829.0000 1.4624524e-15
6830.4000 1.4869453e-15
6831.8000 1.5211037e-15
6833.2000 1.4604515e-15
6834.6000 1.4089779e-15
6836.0000 1.4120540e-15
6837.4000 1.4520790e-15
6838.8000 1.4778189e-15
6840.2000 1.4244493e-15
6841.6000 1.4418682e-15
6843.0000 1.3929232e-15
6844.4000 1.3605455e-15
6845.8000 1.3971926e-15
6847.2000 1.4431380e-15
6848.6000 1.4326903e-15
6850.0000 1.3664855e-15
6851.4000 1.4110504e-15
6852.8000 1.4573682e-15
6854.2000 1.4914440e-15
6855.6000 1.3848658e-15
6857.0000 1.4440866e-15
6858.4000 1.3586563e-15
6859.8000 1.3755261e-15
