4210.0000 3.9687670e-15
4212.0000 4.5813973e-15
4214.0000 5.2585684e-15
4216.0000 2.9065031e-15
4218.0000 4.2641079e-15
4220.0000 4.9859009e-15
4222.0000 3.6976535e-15
4224.0000 3.6569217e-15
4226.0000 4.2015246e-15
4228.0000 3.0171327e-15
4230.0000 3.6230612e-15
4232.0000 3.0379904e-15
4234.0000 3.2254513e-15
4236.0000 3.7954720e-15
4238.0000 4.5307036e-15
4240.0000 2.4663240e-15
4242.0000 3.6761831e-15
4244.0000 4.0971238e-15
4246.0000 4.0530498e-15
4248.0000 4.5193944e-15
4250.0000 4.3992338e-15
4252.0000 2.9217573e-15
4254.0000 3.6625004e-15
4256.0000 3.2120002e-15
4258.0000 2.7897171e-15
4260.0000 3.0726629e-15
4262.0000 2.6272831e-15
4264.0000 2.7495532e-15
4266.0000 3.4360138e-15
4268.0000 2.8918043e-15
4270.0000 2.7862479e-15
4272.0000 3.1290473e-15
4274.0000 2.5660149e-15
4276.0000 3.0453722e-15
4278.0000 3.1865898e-15
4280.0000 3.1191751e-15
4282.0000 3.7023132e-15
4284.0000 2.3872961e-15
4286.0000 2.3490715e-15
4288.0000 3.3120377e-15
4290.0000 2.5438297e-15
4292.0000 2.1749420e-15
4294.0000 3.5321786e-15
4296.0000 2.8607157e-15
4298.0000 3.1846224e-15
4300.0000 3.3561092e-15
4302.0000 2.1348186e-15
4304.0000 2.5940701e-15
4306.0000 3.5213600e-15
4308.0000 3.6144839e-15
4310.0000 2.8807516e-15
4312.0000 3.7543916e-15
4314.0000 2.6042138e-15
4316.0000 3.5139931e-15
4318.0000 3.8736382e-15
4320.0000 3.4346614e-15
4322.0000 3.6389778e-15
4324.0000 3.2617301e-15
4326.0000 3.6886429e-15
4328.0000 3.0202134e-15
4330.0000 2.6536548e-15
4332.0000 2.7396485e-15
4334.0000 3.4426708e-15
4336.0000 2.6697557e-15
4338.0000 3.5665920e-15
4340.0000 3.7752468e-15
4342.0000 1.8372742e-15
4344.0000 2.6319030e-15
4346.0000 3.5799584e-15
4348.0000 3.0540316e-15
4350.0000 3.8100961e-15
4352.0000 3.6249415e-15
4354.0000 2.9526069e-15
4356.0000 3.7532036e-15
4358.0000 3.4718966e-15
4360.0000 2.9648526e-15
4362.0000 2.7133441e-15
4364.0000 2.1651287e-15
4366.0000 2.9433024e-15
4368.0000 3.2068549e-15
4370.0000 2.6712177e-15
4372.0000 2.8770208e-15
4374.0000 3.3901616e-15
4376.0000 3.1745110e-15
4378.0000 2.6865590e-15
4380.0000 2.1077551e-15
4382.0000 2.5248472e-15
4384.0000 2.4200327e-15
4386.0000 2.4067988e-15
4388.0000 2.3622755e-15
4390.0000 2.4952703e-15
4392.0000 2.5213332e-15
4394.0000 2.0122572e-15
4396.0000 2.3006710e-15
4398.0000 2.4394988e-15
4400.0000 2.8486941e-15
4402.0000 3.0557276e-15
4404.0000 2.4193179e-15
4406.0000 2.7343463e-15
4408.0000 3.4165681e-15
4410.0000 2.8856553e-15
4412.0000 3.0131778e-15
4414.0000 2.6898938e-15
4416.0000 2.5478045e-15
4418.0000 2.2126643e-15
4420.0000 2.7076982e-15
4422.0000 2.5859188e-15
4424.0000 2.6899610e-15
4426.0000 2.5165888e-15
4428.0000 2.4195035e-15
4430.0000 2.6306403e-15
4432.0000 2.2693341e-15
4434.0000 2.2227694e-15
4436.0000 2.6097203e-15
4438.0000 3.0692659e-15
4440.0000 2.7957291e-15
4442.0000 2.9779350e-15
4444.0000 2.8910373e-15
4446.0000 2.9396763e-15
4448.0000 2.7366625e-15
4450.0000 2.3470821e-15
4452.0000 2.8225865e-15
4454.0000 3.0693281e-15
4456.0000 2.3644940e-15
4458.0000 2.9664191e-15
4460.0000 3.5103521e-15
4462.0000 2.8223250e-15
4464.0000 2.5920877e-15
4466.0000 2.6106193e-15
4468.0000 2.9896901e-15
4470.0000 2.7913210e-15
4472.0000 2.1711383e-15
4474.0000 2.2665896e-15
4476.0000 2.6606580e-15
4478.0000 2.4783054e-15
4480.0000 2.3552168e-15
4482.0000 2.4113063e-15
4484.0000 2.4631175e-15
4486.0000 2.5917838e-15
4488.0000 3.0442515e-15
4490.0000 2.6522751e-15
4492.0000 2.0031774e-15
4494.0000 2.4082087e-15
4496.0000 2.5186260e-15
4498.0000 2.2916692e-15
4500.0000 2.3968805e-15
4502.0000 2.7976269e-15
4504.0000 3.0717240e-15
4506.0000 2.7426620e-15
4508.0000 2.5621496e-15
4510.0000 2.5521379e-15
4512.0000 2.7253457e-15
4514.0000 2.7351607e-15
4516.0000 2.1771490e-15
4518.0000 2.4946253e-15
4520.0000 2.9872146e-15
4522.0000 2.6554305e-15
4524.0000 2.6264762e-15
4526.0000 2.6456006e-15
4528.0000 2.6514059e-15
4530.0000 2.6387169e-15
4532.0000 2.6540881e-15
4534.0000 2.2677571e-15
4536.0000 2.9588206e-15
4538.0000 2.6257440e-15
4540.0000 2.5395162e-15
4542.0000 2.6592310e-15
4544.0000 2.6035090e-15
4546.0000 2.8179542e-15
4548.0000 2.8168584e-15
4550.0000 2.2513461e-15
4552.0000 2.5627897e-15
4554.0000 2.8710014e-15
4556.0000 2.7375416e-15
4558.0000 2.7785274e-15
4560.0000 3.0819449e-15
4562.0000 2.4222091e-15
4564.0000 2.7909076e-15
4566.0000 2.5513111e-15
4568.0000 2.9056215e-15
4570.0000 2.7477725e-15
4572.0000 2.3783025e-15
4574.0000 2.5493710e-15
4576.0000 2.8307727e-15
4578.0000 2.7750532e-15
4580.0000 3.1414225e-15
4582.0000 2.6946780e-15
4584.0000 2.5676959e-15
4586.0000 2.7206014e-15
4588.0000 2.6395836e-15
4590.0000 2.2282581e-15
4592.0000 2.5528029e-15
4594.0000 2.6285632e-15
4596.0000 2.5556196e-15
4598.0000 2.2186678e-15
4600.0000 2.3028106e-15
4602.0000 2.3688623e-15
4604.0000 2.5957611e-15
4606.0000 2.8549652e-15
4608.0000 2.8165122e-15
4610.0000 2.3535476e-15
4612.0000 2.5631060e-15
4614.0000 2.6360969e-15
4616.0000 2.4603120e-15
4618.0000 2.3901051e-15
4620.0000 2.4365712e-15
4622.0000 2.4645308e-15
4624.0000 2.6488556e-15
4626.0000 2.6830474e-15
4628.0000 2.2816981e-15
4630.0000 2.7477501e-15
4632.0000 2.8318336e-15
4634.0000 2.3371638e-15
4636.0000 2.3265441e-15
4638.0000 2.4224475e-15
4640.0000 2.3838341e-15
4642.0000 2.3922532e-15
4644.0000 2.7384257e-15
4646.0000 2.5993250e-15
4648.0000 2.4229376e-15
4650.0000 2.5348864e-15
4652.0000 2.8094791e-15
4654.0000 2.7082386e-15
4656.0000 2.4041748e-15
4658.0000 2.7033946e-15
4660.0000 2.6692576e-15
4662.0000 2.4708464e-15
4664.0000 2.4967123e-15
4666.0000 2.6388140e-15
4668.0000 2.5893531e-15
4670.0000 2.7770530e-15
4672.0000 2.8510103e-15
4674.0000 3.0864178e-15
4676.0000 2.6016885e-15
4678.0000 2.2957494e-15
4680.0000 2.6737355e-15
4682.0000 2.8047247e-15
4684.0000 2.8344486e-15
4686.0000 2.7913832e-15
4688.0000 2.8027896e-15
4690.0000 2.6855255e-15
4692.0000 2.8210772e-15
4694.0000 2.4047457e-15
4696.0000 2.4958406e-15
4698.0000 2.9467393e-15
4700.0000 3.0863007e-15
4702.0000 3.1458132e-15
4704.0000 2.8285960e-15
4706.0000 2.6032525e-15
4708.0000 2.8497725e-15
4710.0000 3.1998043e-15
4712.0000 3.0144978e-15
4714.0000 2.8210971e-15
4716.0000 2.7033822e-15
4718.0000 3.0037563e-15
4720.0000 2.9858199e-15
4722.0000 2.6894056e-15
4724.0000 2.9890525e-15
4726.0000 3.1946291e-15
4728.0000 2.7130751e-15
4730.0000 2.9544175e-15
4732.0000 3.0767398e-15
4734.0000 3.1077238e-15
4736.0000 2.7309867e-15
4738.0000 2.9206814e-15
4740.0000 2.9195657e-15
4742.0000 2.7707297e-15
4744.0000 2.7513613e-15
4746.0000 2.8432923e-15
4748.0000 2.9606636e-15
4750.0000 3.0012559e-15
4752.0000 2.9673530e-15
4754.0000 2.7963717e-15
4756.0000 3.0289774e-15
4758.0000 2.8437605e-15
4760.0000 2.8167861e-15
4762.0000 2.7857622e-15
4764.0000 2.7052401e-15
4766.0000 2.4683981e-15
4768.0000 2.9214086e-15
4770.0000 2.8809309e-15
4772.0000 2.5743754e-15
4774.0000 2.8170377e-15
4776.0000 2.9965788e-15
4778.0000 2.9592888e-15
4780.0000 3.0414024e-15
4782.0000 2.7602249e-15
4784.0000 2.8737459e-15
4786.0000 2.6421861e-15
4788.0000 2.9104655e-15
4790.0000 2.8332706e-15
4792.0000 2.5938833e-15
4794.0000 2.6591637e-15
4796.0000 2.6942272e-15
4798.0000 2.6064328e-15
4800.0000 2.6801535e-15
4802.0000 2.6834409e-15
4804.0000 2.7326876e-15
4806.0000 2.6872937e-15
4808.0000 2.6325007e-15
4810.0000 2.7165967e-15
4812.0000 2.3626092e-15
4814.0000 2.5299527e-15
4816.0000 2.8849580e-15
4818.0000 2.8022592e-15
4820.0000 2.7680524e-15
4822.0000 2.6126590e-15
4824.0000 2.5170720e-15
4826.0000 2.5989390e-15
4828.0000 2.5524592e-15
4830.0000 2.6726970e-15
4832.0000 2.5574750e-15
4834.0000 2.6202151e-15
4836.0000 2.7377060e-15
4838.0000 2.5524667e-15
4840.0000 2.6406670e-15
4842.0000 2.9349992e-15
4844.0000 2.7296941e-15
4846.0000 2.5774810e-15
4848.0000 2.6684159e-15
4850.0000 2.6799269e-15
4852.0000 2.3529748e-15
4854.0000 2.4174257e-15
4856.0000 2.2562827e-15
4858.0000 2.5645629e-15
4860.0000 2.6065598e-15
4862.0000 2.8050361e-15
4864.0000 2.8695021e-15
4866.0000 2.8789036e-15
4868.0000 2.6595622e-15
4870.0000 2.5092045e-15
4872.0000 2.4193937e-15
4874.0000 2.5948172e-15
4876.0000 2.3920786e-15
4878.0000 2.6047916e-15
4880.0000 2.5225610e-15
4882.0000 2.4312620e-15
4884.0000 2.7794389e-15
4886.0000 2.7312457e-15
4888.0000 2.6787215e-15
4890.0000 2.5228324e-15
4892.0000 2.4313422e-15
4894.0000 2.5048861e-15
4896.0000 2.7292060e-15
4898.0000 2.6369238e-15
4900.0000 2.5051550e-15
4902.0000 2.3510098e-15
4904.0000 2.3223449e-15
4906.0000 2.5352898e-15
4908.0000 2.4485198e-15
4910.0000 2.3163063e-15
4912.0000 2.4720658e-15
4914.0000 2.4176384e-15
4916.0000 2.5812890e-15
4918.0000 2.6907779e-15
4920.0000 2.5700469e-15
4922.0000 2.5868427e-15
4924.0000 2.5884067e-15
4926.0000 2.5710257e-15
4928.0000 2.5926157e-15
4930.0000 2.8083011e-15
4932.0000 2.8157302e-15
4934.0000 3.0251147e-15
4936.0000 2.7106220e-15
4938.0000 2.7238415e-15
4940.0000 2.5443552e-15
4942.0000 2.4489718e-15
4944.0000 2.6148407e-15
4946.0000 2.6548926e-15
4948.0000 2.4598166e-15
4950.0000 2.4193889e-15
4952.0000 2.6067915e-15
4954.0000 2.4648180e-15
4956.0000 2.4513375e-15
4958.0000 2.3125305e-15
4960.0000 2.3283622e-15
4962.0000 2.4045464e-15
4964.0000 2.6642966e-15
4966.0000 2.6785546e-15
4968.0000 2.5447063e-15
4970.0000 2.4539480e-15
4972.0000 2.5882075e-15
4974.0000 2.5831593e-15
4976.0000 2.5831020e-15
4978.0000 2.6394242e-15
4980.0000 2.7099272e-15
4982.0000 2.4782359e-15
4984.0000 2.6108983e-15
4986.0000 2.7593856e-15
4988.0000 2.5798445e-15
4990.0000 2.5030406e-15
4992.0000 2.5191515e-15
4994.0000 2.6575773e-15
4996.0000 2.8027847e-15
4998.0000 2.7039475e-15
5000.0000 2.3797241e-15
5002.0000 2.5307073e-15
5004.0000 2.6111124e-15
5006.0000 2.5464023e-15
5008.0000 2.6605534e-15
5010.0000 2.7111774e-15
5012.0000 2.6675268e-15
5014.0000 2.5725125e-15
5016.0000 2.6354818e-15
5018.0000 2.6018777e-15
5020.0000 2.4349081e-15
5022.0000 2.3674047e-15
5024.0000 2.5362487e-15
5026.0000 2.6583718e-15
5028.0000 2.5426517e-15
5030.0000 2.6121759e-15
5032.0000 2.4385245e-15
5034.0000 2.4062255e-15
5036.0000 2.4918633e-15
5038.0000 2.4396079e-15
5040.0000 2.3814266e-15
5042.0000 2.3324082e-15
5044.0000 2.4840084e-15
5046.0000 2.6224142e-15
5048.0000 2.5364454e-15
5050.0000 2.4416045e-15
5052.0000 2.6206958e-15
5054.0000 2.5162800e-15
5056.0000 2.3869208e-15
5058.0000 2.4063244e-15
5060.0000 2.5768584e-15
5062.0000 2.5455282e-15
5064.0000 2.6541280e-15
5066.0000 2.4473440e-15
5068.0000 2.4099971e-15
5070.0000 2.4407273e-15
5072.0000 2.5513708e-15
5074.0000 2.7441563e-15
5076.0000 2.4743236e-15
5078.0000 2.6089831e-15
5080.0000 2.5804173e-15
5082.0000 2.3210643e-15
5084.0000 2.2696531e-15
5086.0000 2.4907327e-15
5088.0000 2.4419492e-15
5090.0000 2.3962357e-15
5092.0000 2.6087938e-15
5094.0000 2.5236966e-15
5096.0000 2.3212177e-15
5098.0000 2.5631682e-15
5100.0000 2.6881579e-15
5102.0000 2.4808935e-15
5104.0000 2.3754601e-15
5106.0000 2.5717255e-15
5108.0000 2.6946157e-15
5110.0000 2.7005879e-15
5112.0000 2.6216870e-15
5114.0000 2.4175666e-15
5116.0000 2.3177996e-15
5118.0000 2.3756696e-15
5120.0000 2.4446234e-15
5122.0000 2.3663059e-15
5124.0000 2.4029443e-15
5126.0000 2.4869255e-15
5128.0000 2.5062459e-15
5130.0000 2.5146114e-15
5132.0000 2.4058148e-15
5134.0000 2.4281039e-15
5136.0000 2.4440820e-15
5138.0000 2.5523621e-15
5140.0000 2.3866715e-15
5142.0000 2.0731818e-15
5144.0000 2.3105774e-15
5146.0000 2.5086890e-15
5148.0000 2.5570815e-15
5150.0000 2.5375487e-15
5152.0000 2.4763140e-15
5154.0000 2.4810263e-15
5156.0000 2.3867480e-15
5158.0000 2.3645780e-15
5160.0000 2.4759522e-15
5162.0000 2.7438873e-15
5164.0000 2.6528827e-15
5166.0000 2.3726023e-15
5168.0000 2.4843204e-15
5170.0000 2.5074836e-15
5172.0000 2.4327436e-15
5174.0000 2.4007188e-15
5176.0000 2.4499618e-15
5178.0000 2.3855635e-15
5180.0000 2.2824158e-15
5182.0000 2.3102701e-15
5184.0000 2.2192414e-15
5186.0000 2.3125803e-15
5188.0000 2.4148341e-15
5190.0000 2.3529925e-15
5192.0000 2.3694304e-15
5194.0000 2.3309856e-15
5196.0000 2.3595965e-15
5198.0000 2.4291205e-15
5200.0000 2.3559915e-15
5202.0000 2.3818088e-15
5204.0000 2.4994867e-15
5206.0000 2.4703912e-15
5208.0000 2.4817625e-15
5210.0000 2.4926827e-15
5212.0000 2.3376546e-15
5214.0000 2.3148135e-15
5216.0000 2.3998832e-15
5218.0000 2.4982763e-15
5220.0000 2.4854929e-15
5222.0000 2.4912731e-15
5224.0000 2.3550521e-15
5226.0000 2.2814114e-15
5228.0000 2.4279420e-15
5230.0000 2.5162103e-15
5232.0000 2.4317927e-15
5234.0000 2.4473470e-15
5236.0000 2.3884183e-15
5238.0000 2.5536571e-15
5240.0000 2.5074637e-15
5242.0000 2.2709009e-15
5244.0000 2.2781611e-15
5246.0000 2.4135679e-15
5248.0000 2.2147891e-15
5250.0000 2.3629661e-15
5252.0000 2.2850722e-15
5254.0000 2.3538487e-15
5256.0000 2.3520800e-15
5258.0000 2.4666766e-15
5260.0000 2.2618430e-15
5262.0000 2.2841270e-15
5264.0000 2.4022599e-15
5266.0000 2.4005497e-15
5268.0000 2.3432612e-15
5270.0000 2.2765199e-15
5272.0000 2.1909961e-15
5274.0000 2.0412449e-15
5276.0000 2.2640082e-15
5278.0000 2.2061833e-15
5280.0000 2.2213949e-15
5282.0000 2.2983233e-15
5284.0000 2.3276133e-15
5286.0000 2.3891704e-15
5288.0000 2.3392877e-15
5290.0000 2.0800527e-15
5292.0000 2.1642725e-15
5294.0000 2.2410714e-15
5296.0000 2.2764479e-15
5298.0000 2.2666521e-15
5300.0000 2.1710997e-15
5302.0000 2.2527234e-15
5304.0000 2.3201872e-15
5306.0000 2.3377226e-15
5308.0000 2.2389206e-15
5310.0000 2.2495164e-15
5312.0000 2.2926990e-15
5314.0000 2.2934975e-15
5316.0000 2.2126894e-15
5318.0000 2.2537671e-15
5320.0000 2.3559216e-15
5322.0000 2.4361048e-15
5324.0000 2.3499427e-15
5326.0000 2.2331163e-15
5328.0000 2.3420949e-15
5330.0000 2.3647167e-15
5332.0000 2.1364646e-15
5334.0000 2.0756070e-15
5336.0000 2.2210890e-15
5338.0000 2.2933423e-15
5340.0000 2.2669497e-15
5342.0000 2.2260854e-15
5344.0000 2.2105317e-15
5346.0000 2.3132295e-15
5348.0000 2.4389885e-15
5350.0000 2.4021513e-15
5352.0000 2.3695203e-15
5354.0000 2.3860740e-15
5356.0000 2.3742761e-15
5358.0000 2.3119644e-15
5360.0000 2.3226650e-15
5362.0000 2.3203259e-15
5364.0000 2.2957758e-15
5366.0000 2.3678898e-15
5368.0000 2.3978772e-15
5370.0000 2.3380932e-15
5372.0000 2.1593578e-15
5374.0000 2.0872843e-15
5376.0000 2.1741709e-15
5378.0000 2.1099499e-15
5380.0000 2.2159731e-15
5382.0000 2.2102734e-15
5384.0000 2.1830838e-15
5386.0000 2.2902551e-15
5388.0000 2.3116259e-15
5390.0000 2.0931053e-15
5392.0000 2.3541110e-15
5394.0000 2.4054756e-15
5396.0000 2.3802398e-15
5398.0000 2.3842513e-15
5400.0000 2.3279027e-15
5402.0000 2.3242474e-15
5404.0000 2.2318238e-15
5406.0000 2.2620908e-15
5408.0000 2.1652538e-15
5410.0000 2.3300066e-15
5412.0000 2.3608445e-15
5414.0000 2.3879207e-15
5416.0000 2.3912435e-15
5418.0000 2.3870690e-15
5420.0000 2.3906488e-15
5422.0000 2.3090226e-15
5424.0000 2.3301606e-15
5426.0000 2.4137447e-15
5428.0000 2.3594125e-15
5430.0000 2.2650659e-15
5432.0000 2.2128358e-15
5434.0000 2.1152848e-15
5436.0000 2.1698858e-15
5438.0000 2.1290957e-15
5440.0000 2.0922992e-15
5442.0000 2.1961377e-15
5444.0000 2.1355635e-15
5446.0000 2.2394914e-15
5448.0000 2.3360460e-15
5450.0000 2.3199593e-15
5452.0000 2.2628444e-15
5454.0000 2.2419480e-15
5456.0000 2.3162749e-15
5458.0000 2.1978648e-15
5460.0000 2.1573435e-15
5462.0000 2.3240018e-15
5464.0000 2.3784579e-15
5466.0000 2.3795154e-15
5468.0000 2.2705644e-15
5470.0000 2.2881982e-15
5472.0000 2.2893844e-15
5474.0000 2.2922794e-15
5476.0000 2.3325101e-15
5478.0000 2.2089014e-15
5480.0000 2.2096635e-15
5482.0000 2.3544283e-15
5484.0000 2.4129590e-15
5486.0000 2.2842075e-15
5488.0000 2.3569815e-15
5490.0000 2.3172302e-15
5492.0000 2.1640608e-15
5494.0000 2.2539287e-15
5496.0000 2.2059863e-15
5498.0000 2.0962137e-15
5500.0000 2.2469758e-15
5502.0000 2.3070038e-15
5504.0000 2.2534546e-15
5506.0000 2.1908001e-15
5508.0000 2.0453527e-15
5510.0000 2.1622069e-15
5512.0000 2.1326850e-15
5514.0000 2.0490841e-15
5516.0000 1.9920736e-15
5518.0000 1.9901587e-15
5520.0000 2.1258676e-15
5522.0000 2.2274883e-15
5524.0000 2.1765277e-15
5526.0000 2.1344779e-15
5528.0000 2.2735477e-15
5530.0000 2.2515287e-15
5532.0000 2.3100088e-15
5534.0000 2.2321440e-15
5536.0000 2.3140927e-15
5538.0000 2.2869674e-15
5540.0000 2.1314126e-15
5542.0000 2.1167514e-15
5544.0000 2.1346246e-15
5546.0000 2.1383581e-15
5548.0000 2.1892378e-15
5550.0000 2.2961513e-15
5552.0000 2.2306393e-15
5554.0000 2.2475252e-15
5556.0000 2.1390709e-15
5558.0000 2.1729341e-15
5560.0000 2.2311991e-15
5562.0000 2.1988907e-15
5564.0000 2.1776115e-15
5566.0000 2.1513317e-15
5568.0000 2.1162837e-15
5570.0000 2.1746446e-15
5572.0000 2.2512166e-15
5574.0000 2.2056072e-15
5576.0000 2.3091770e-15
5578.0000 2.3748470e-15
5580.0000 2.3036287e-15
5582.0000 2.2452103e-15
5584.0000 2.2785910e-15
5586.0000 2.1753798e-15
5588.0000 2.0439650e-15
5590.0000 2.0818509e-15
5592.0000 2.0431075e-15
5594.0000 2.0718237e-15
5596.0000 2.0940206e-15
5598.0000 2.0987428e-15
5600.0000 2.2698994e-15
5602.0000 2.2798977e-15
5604.0000 2.1569677e-15
5606.0000 2.0268788e-15
5608.0000 1.9799467e-15
5610.0000 2.0923423e-15
5612.0000 2.1299542e-15
5614.0000 2.1347429e-15
5616.0000 2.1798480e-15
5618.0000 2.1257035e-15
5620.0000 2.0889037e-15
5622.0000 2.1685512e-15
5624.0000 2.1353581e-15
5626.0000 2.1831700e-15
5628.0000 2.2018645e-15
5630.0000 2.2200169e-15
5632.0000 2.1227430e-15
5634.0000 2.2172662e-15
5636.0000 2.2636986e-15
5638.0000 2.1708519e-15
5640.0000 2.1778269e-15
5642.0000 2.2582385e-15
5644.0000 2.1043748e-15
5646.0000 2.1525745e-15
5648.0000 2.1824712e-15
5650.0000 2.2046317e-15
5652.0000 2.2678239e-15
5654.0000 2.2050367e-15
5656.0000 2.2539225e-15
5658.0000 2.1291388e-15
5660.0000 2.1225600e-15
5662.0000 2.2816473e-15
5664.0000 2.1554129e-15
5666.0000 2.1662387e-15
5668.0000 2.1962988e-15
5670.0000 2.1101532e-15
5672.0000 2.1109138e-15
5674.0000 2.0494490e-15
5676.0000 2.1173952e-15
5678.0000 2.1253471e-15
5680.0000 2.1180437e-15
5682.0000 2.1828383e-15
5684.0000 2.0703122e-15
5686.0000 2.0050555e-15
5688.0000 2.0579923e-15
5690.0000 2.0909416e-15
5692.0000 2.1023336e-15
5694.0000 2.1158255e-15
5696.0000 2.1509026e-15
5698.0000 2.0317922e-15
5700.0000 1.9583137e-15
5702.0000 1.9842460e-15
5704.0000 1.9789834e-15
5706.0000 2.1051789e-15
5708.0000 2.1186106e-15
5710.0000 2.1062496e-15
5712.0000 2.1198999e-15
5714.0000 2.1041546e-15
5716.0000 1.9978846e-15
5718.0000 1.9942030e-15
5720.0000 2.1042380e-15
5722.0000 2.1047262e-15
5724.0000 2.1131066e-15
5726.0000 2.1211407e-15
5728.0000 2.0745426e-15
5730.0000 2.0037836e-15
5732.0000 2.0530076e-15
5734.0000 2.0937023e-15
5736.0000 2.1348841e-15
5738.0000 2.2117958e-15
5740.0000 2.0355118e-15
5742.0000 2.0330290e-15
5744.0000 2.0428726e-15
5746.0000 2.0766497e-15
5748.0000 2.1910001e-15
5750.0000 2.0801471e-15
5752.0000 2.0128218e-15
5754.0000 2.0140431e-15
5756.0000 2.1026735e-15
5758.0000 2.1464698e-15
5760.0000 2.0640163e-15
5762.0000 2.0394535e-15
5764.0000 2.2302869e-15
5766.0000 2.2128685e-15
5768.0000 2.1081314e-15
5770.0000 2.0996511e-15
5772.0000 2.1217267e-15
5774.0000 2.0115686e-15
5776.0000 2.1441816e-15
5778.0000 2.1701259e-15
5780.0000 2.1011897e-15
5782.0000 2.1692816e-15
5784.0000 2.2405402e-15
5786.0000 2.1481641e-15
5788.0000 2.1011680e-15
5790.0000 2.1895003e-15
5792.0000 2.1780986e-15
5794.0000 2.2070931e-15
5796.0000 2.1307534e-15
5798.0000 2.0227107e-15
5800.0000 2.1140986e-15
5802.0000 2.0655975e-15
5804.0000 2.0646710e-15
5806.0000 2.2106866e-15
5808.0000 2.2289468e-15
5810.0000 2.1917402e-15
5812.0000 2.2829169e-15
5814.0000 2.2348313e-15
5816.0000 2.0858234e-15
5818.0000 2.0150806e-15
5820.0000 2.1749093e-15
5822.0000 2.0878342e-15
5824.0000 2.0630004e-15
5826.0000 2.1477098e-15
5828.0000 2.0344404e-15
5830.0000 2.0719333e-15
5832.0000 2.1281501e-15
5834.0000 2.0524475e-15
5836.0000 2.2021534e-15
5838.0000 2.1933705e-15
5840.0000 2.2178723e-15
5842.0000 2.2119201e-15
5844.0000 2.1434250e-15
5846.0000 2.2013791e-15
5848.0000 2.1599637e-15
5850.0000 2.1668927e-15
5852.0000 2.1308488e-15
5854.0000 2.1017530e-15
5856.0000 2.1429632e-15
5858.0000 2.1794029e-15
5860.0000 2.1055724e-15
5862.0000 2.1885268e-15
5864.0000 2.2334383e-15
5866.0000 2.1627942e-15
5868.0000 2.1649185e-15
5870.0000 2.0356303e-15
5872.0000 2.0549681e-15
5874.0000 2.0984230e-15
5876.0000 2.1782177e-15
5878.0000 2.2095183e-15
5880.0000 2.0869001e-15
5882.0000 2.0760453e-15
5884.0000 2.1644488e-15
5886.0000 2.1224691e-15
5888.0000 2.0697332e-15
5890.0000 2.0440519e-15
5892.0000 2.0129924e-15
5894.0000 2.0697369e-15
5896.0000 2.0539620e-15
5898.0000 2.0959709e-15
5900.0000 2.0293446e-15
5902.0000 1.8859687e-15
5904.0000 2.1065920e-15
5906.0000 2.1508010e-15
5908.0000 2.1612872e-15
5910.0000 2.1369622e-15
5912.0000 2.0453138e-15
5914.0000 2.0455225e-15
5916.0000 2.1404742e-15
5918.0000 2.0932211e-15
5920.0000 2.0323080e-15
5922.0000 2.1281459e-15
5924.0000 2.1796784e-15
5926.0000 2.1014489e-15
5928.0000 2.0523967e-15
5930.0000 2.1392113e-15
5932.0000 1.9946654e-15
5934.0000 1.9784557e-15
5936.0000 2.1354188e-15
5938.0000 2.1173848e-15
5940.0000 2.0943610e-15
5942.0000 1.9455019e-15
5944.0000 2.0367622e-15
5946.0000 2.1055398e-15
5948.0000 2.0957425e-15
5950.0000 2.1235993e-15
5952.0000 2.2178741e-15
5954.0000 2.1778436e-15
5956.0000 2.0785664e-15
5958.0000 2.0789066e-15
5960.0000 2.1933904e-15
5962.0000 2.1611166e-15
5964.0000 2.1852421e-15
5966.0000 2.1883903e-15
5968.0000 2.0925953e-15
5970.0000 2.1608150e-15
5972.0000 2.2349286e-15
5974.0000 2.1780419e-15
5976.0000 2.0994234e-15
5978.0000 2.0535095e-15
5980.0000 2.1086736e-15
5982.0000 2.2127893e-15
5984.0000 2.2545591e-15
5986.0000 2.1839403e-15
5988.0000 2.1249660e-15
5990.0000 2.1670882e-15
5992.0000 2.1982484e-15
5994.0000 2.2077812e-15
5996.0000 2.1465366e-15
5998.0000 2.2711091e-15
6000.0000 2.3031015e-15
6002.0000 2.0876275e-15
6004.0000 2.1301163e-15
6006.0000 2.1262392e-15
6008.0000 2.0114640e-15
6010.0000 2.0151459e-15
6012.0000 2.0181985e-15
6014.0000 1.9663736e-15
6016.0000 1.9489736e-15
6018.0000 1.9692322e-15
6020.0000 2.0971703e-15
6022.0000 2.0346585e-15
6024.0000 2.0409378e-15
6026.0000 2.0240010e-15
6028.0000 2.1144726e-15
6030.0000 2.2930716e-15
6032.0000 2.2009291e-15
6034.0000 2.1601697e-15
6036.0000 2.0924142e-15
6038.0000 2.0299645e-15
6040.0000 1.9907265e-15
6042.0000 2.0998966e-15
6044.0000 2.1192676e-15
6046.0000 2.1381651e-15
6048.0000 2.1022058e-15
6050.0000 1.9654267e-15
6052.0000 1.9771200e-15
6054.0000 2.0342249e-15
6056.0000 2.0883914e-15
6058.0000 2.0803235e-15
6060.0000 2.0229812e-15
6062.0000 2.1018646e-15
6064.0000 2.1596462e-15
6066.0000 2.0825395e-15
6068.0000 1.9314496e-15
6070.0000 1.9949347e-15
6072.0000 2.1404737e-15
6074.0000 2.0521651e-15
6076.0000 2.0872918e-15
6078.0000 2.1208844e-15
6080.0000 2.0446653e-15
6082.0000 2.1023532e-15
6084.0000 2.0664545e-15
6086.0000 2.0133107e-15
6088.0000 2.0228049e-15
6090.0000 2.0025971e-15
6092.0000 2.0637934e-15
6094.0000 2.1065183e-15
6096.0000 2.1655723e-15
6098.0000 2.1123801e-15
6100.0000 2.0186470e-15
6102.0000 2.0088290e-15
6104.0000 2.0017767e-15
6106.0000 1.8844428e-15
6108.0000 2.0007004e-15
6110.0000 2.0753442e-15
6112.0000 2.0381915e-15
6114.0000 2.1001708e-15
6116.0000 2.1132456e-15
6118.0000 1.9451545e-15
6120.0000 2.1026934e-15
6122.0000 2.0580969e-15
6124.0000 1.9797995e-15
6126.0000 2.0905802e-15
6128.0000 1.9571576e-15
6130.0000 1.9860013e-15
6132.0000 1.9380539e-15
6134.0000 1.9355178e-15
6136.0000 1.9458974e-15
6138.0000 1.9333578e-15
6140.0000 1.9763457e-15
6142.0000 2.0580840e-15
6144.0000 2.0629227e-15
6146.0000 2.0423603e-15
6148.0000 1.9536612e-15
6150.0000 1.8899122e-15
6152.0000 1.9817824e-15
6154.0000 2.0372987e-15
6156.0000 2.0370584e-15
6158.0000 2.1687601e-15
6160.0000 2.2067623e-15
6162.0000 2.0505493e-15
6164.0000 2.0274513e-15
6166.0000 2.0408347e-15
6168.0000 1.9063150e-15
6170.0000 1.8863707e-15
6172.0000 1.9939021e-15
6174.0000 2.0228240e-15
6176.0000 2.0128001e-15
6178.0000 1.9907133e-15
6180.0000 1.9418852e-15
6182.0000 1.8335855e-15
6184.0000 1.9165683e-15
6186.0000 2.0194960e-15
6188.0000 1.9685607e-15
6190.0000 1.9459410e-15
6192.0000 1.9916412e-15
6194.0000 2.1118208e-15
6196.0000 2.1585616e-15
6198.0000 1.9018241e-15
6200.0000 1.9218792e-15
6202.0000 1.9103769e-15
6204.0000 1.9702612e-15
6206.0000 2.0840380e-15
6208.0000 2.0688912e-15
6210.0000 1.9343069e-15
6212.0000 1.8648114e-15
6214.0000 1.8918037e-15
6216.0000 1.8993630e-15
6218.0000 1.9681770e-15
6220.0000 1.9552414e-15
6222.0000 1.9485659e-15
6224.0000 1.9847125e-15
6226.0000 1.8887967e-15
6228.0000 1.7954608e-15
6230.0000 1.8961598e-15
6232.0000 2.0025523e-15
6234.0000 1.9611204e-15
6236.0000 1.9235867e-15
6238.0000 1.8937739e-15
6240.0000 1.8820281e-15
6242.0000 1.9785682e-15
6244.0000 1.9678059e-15
6246.0000 1.8507230e-15
6248.0000 1.8546597e-15
6250.0000 1.8553314e-15
6252.0000 1.8706107e-15
6254.0000 1.9287372e-15
6256.0000 1.8517570e-15
6258.0000 1.8439972e-15
6260.0000 1.8928624e-15
6262.0000 1.8193156e-15
6264.0000 1.8207060e-15
6266.0000 1.8524369e-15
6268.0000 1.9059904e-15
6270.0000 1.9034031e-15
6272.0000 1.8367287e-15
6274.0000 1.9323544e-15
6276.0000 1.8283864e-15
6278.0000 1.7422537e-15
6280.0000 1.8198929e-15
6282.0000 1.8875096e-15
6284.0000 1.8509770e-15
6286.0000 1.7251152e-15
6288.0000 1.7492106e-15
6290.0000 1.8788211e-15
6292.0000 1.9809745e-15
6294.0000 1.8477937e-15
6296.0000 1.8741644e-15
6298.0000 1.8396199e-15
6300.0000 1.9255410e-15
6302.0000 1.8532765e-15
6304.0000 1.8372639e-15
6306.0000 1.8027128e-15
6308.0000 1.9202522e-15
6310.0000 1.9667245e-15
6312.0000 1.8629846e-15
6314.0000 1.8696574e-15
6316.0000 1.9118747e-15
6318.0000 1.8399581e-15
6320.0000 1.7508735e-15
6322.0000 1.8744841e-15
6324.0000 1.9921339e-15
6326.0000 1.8924233e-15
6328.0000 1.8716134e-15
6330.0000 1.8287517e-15
6332.0000 1.8305157e-15
6334.0000 1.8748204e-15
6336.0000 1.9433070e-15
6338.0000 1.9142250e-15
6340.0000 1.7982805e-15
6342.0000 1.8593719e-15
6344.0000 1.9243485e-15
6346.0000 1.9136175e-15
6348.0000 1.8487187e-15
6350.0000 1.8677213e-15
6352.0000 1.8612393e-15
6354.0000 1.7357570e-15
6356.0000 1.7918389e-15
6358.0000 1.8237982e-15
6360.0000 1.9049708e-15
6362.0000 1.9544858e-15
6364.0000 1.9601494e-15
6366.0000 1.9040140e-15
6368.0000 1.8156760e-15
6370.0000 1.7240846e-15
6372.0000 1.7667645e-15
6374.0000 1.8221502e-15
6376.0000 1.8475568e-15
6378.0000 1.8259236e-15
6380.0000 1.7855855e-15
6382.0000 1.8333773e-15
6384.0000 1.8338522e-15
6386.0000 1.8487645e-15
6388.0000 1.9234168e-15
6390.0000 1.8739427e-15
6392.0000 1.8770429e-15
6394.0000 1.8516604e-15
6396.0000 1.8586900e-15
6398.0000 1.9356286e-15
6400.0000 1.8932883e-15
6402.0000 1.9101764e-15
6404.0000 1.8278223e-15
6406.0000 1.9713899e-15
6408.0000 1.8845036e-15
6410.0000 1.7897491e-15
6412.0000 1.7519917e-15
6414.0000 1.8594063e-15
6416.0000 1.8948881e-15
6418.0000 1.8801540e-15
6420.0000 1.7774912e-15
6422.0000 1.7492435e-15
6424.0000 1.7444069e-15
6426.0000 1.7643968e-15
6428.0000 1.8300189e-15
6430.0000 1.8462566e-15
6432.0000 1.8086752e-15
6434.0000 1.8655169e-15
6436.0000 1.9136141e-15
6438.0000 1.8592559e-15
6440.0000 1.8375444e-15
6442.0000 1.8928051e-15
6444.0000 1.8939109e-15
6446.0000 1.7899082e-15
6448.0000 1.7490948e-15
6450.0000 1.8442460e-15
6452.0000 1.9019683e-15
6454.0000 1.8173842e-15
6456.0000 1.7373589e-15
6458.0000 1.7892127e-15
6460.0000 1.9296445e-15
6462.0000 1.9075697e-15
6464.0000 1.7638915e-15
6466.0000 1.8242475e-15
6468.0000 1.8708050e-15
6470.0000 1.8815419e-15
6472.0000 1.7605677e-15
6474.0000 1.6798189e-15
6476.0000 1.7452114e-15
6478.0000 1.8758200e-15
6480.0000 1.8486556e-15
6482.0000 1.7412440e-15
6484.0000 1.8085094e-15
6486.0000 1.8274639e-15
6488.0000 1.9497083e-15
6490.0000 1.8765121e-15
6492.0000 1.7863870e-15
6494.0000 1.8471203e-15
6496.0000 1.9395088e-15
6498.0000 1.8000442e-15
6500.0000 1.7022783e-15
6502.0000 1.8805706e-15
6504.0000 1.9789169e-15
6506.0000 1.9524939e-15
6508.0000 1.8615384e-15
6510.0000 1.8847252e-15
6512.0000 1.8603263e-15
6514.0000 2.0216435e-15
6516.0000 1.8696840e-15
6518.0000 1.8426835e-15
6520.0000 1.7897586e-15
6522.0000 1.8210126e-15
6524.0000 1.8021051e-15
6526.0000 1.9117898e-15
6528.0000 1.8758768e-15
6530.0000 1.8134916e-15
6532.0000 1.7990112e-15
6534.0000 1.8194650e-15
6536.0000 1.9615040e-15
6538.0000 1.9974134e-15
6540.0000 1.8895667e-15
6542.0000 1.8352317e-15
6544.0000 1.8357976e-15
6546.0000 1.8538154e-15
6548.0000 1.7702539e-15
6550.0000 1.8156324e-15
6552.0000 1.8570264e-15
6554.0000 1.8573046e-15
6556.0000 2.0047783e-15
6558.0000 1.9350416e-15
6560.0000 1.8293158e-15
6562.0000 1.8568809e-15
6564.0000 1.9240569e-15
6566.0000 1.9278598e-15
6568.0000 1.8688066e-15
6570.0000 1.8396137e-15
6572.0000 1.9420929e-15
6574.0000 2.0179619e-15
6576.0000 1.9609461e-15
6578.0000 1.8648144e-15
6580.0000 1.8769104e-15
6582.0000 1.8778154e-15
6584.0000 1.8513728e-15
6586.0000 1.7843368e-15
6588.0000 1.8677589e-15
6590.0000 1.9498876e-15
6592.0000 1.8473419e-15
6594.0000 1.8998198e-15
6596.0000 1.8190127e-15
6598.0000 1.8706498e-15
6600.0000 1.8917678e-15
6602.0000 1.8269681e-15
6604.0000 2.0570143e-15
6606.0000 2.0244750e-15
6608.0000 1.9393766e-15
6610.0000 1.9583689e-15
6612.0000 1.9617358e-15
6614.0000 1.9349358e-15
6616.0000 1.8589055e-15
6618.0000 1.8756323e-15
6620.0000 2.0363961e-15
6622.0000 1.9241094e-15
6624.0000 1.9322926e-15
6626.0000 1.9510537e-15
6628.0000 1.8947793e-15
6630.0000 2.0078289e-15
6632.0000 1.8780605e-15
6634.0000 1.9646016e-15
6636.0000 2.0346137e-15
6638.0000 2.1003417e-15
6640.0000 2.2994193e-15
6642.0000 2.1467612e-15
6644.0000 1.9227058e-15
6646.0000 1.9713847e-15
6648.0000 2.0738778e-15
6650.0000 2.0579106e-15
6652.0000 2.0931517e-15
6654.0000 2.1066052e-15
6656.0000 2.1049443e-15
6658.0000 2.1208714e-15
6660.0000 2.1970315e-15
6662.0000 2.1930557e-15
6664.0000 2.1436954e-15
6666.0000 2.2463990e-15
6668.0000 2.3117467e-15
6670.0000 2.3251385e-15
6672.0000 2.2887837e-15
6674.0000 2.2999690e-15
6676.0000 2.3925891e-15
6678.0000 2.3788574e-15
6680.0000 2.3296007e-15
6682.0000 2.2261320e-15
6684.0000 2.3275946e-15
6686.0000 2.4078570e-15
6688.0000 2.2131180e-15
6690.0000 2.2429400e-15
6692.0000 2.2577598e-15
6694.0000 2.3267551e-15
6696.0000 2.3670757e-15
6698.0000 2.2366124e-15
6700.0000 2.2518806e-15
6702.0000 2.2770867e-15
6704.0000 2.4655318e-15
6706.0000 2.5087488e-15
6708.0000 2.2926515e-15
6710.0000 2.3380783e-15
6712.0000 2.2496984e-15
6714.0000 2.2550766e-15
6716.0000 2.3526107e-15
6718.0000 2.5042510e-15
6720.0000 2.3846856e-15
6722.0000 2.1907670e-15
6724.0000 2.2021106e-15
6726.0000 2.1558532e-15
6728.0000 2.0722727e-15
6730.0000 2.2017968e-15
6732.0000 2.1270882e-15
6734.0000 1.9992534e-15
6736.0000 2.1558440e-15
6738.0000 2.2297557e-15
6740.0000 2.1801421e-15
6742.0000 2.0123546e-15
6744.0000 2.0399638e-15
6746.0000 2.0583233e-15
6748.0000 1.9891236e-15
6750.0000 2.1231009e-15
6752.0000 2.1454926e-15
6754.0000 2.0678820e-15
6756.0000 1.9864262e-15
6758.0000 1.9344277e-15
6760.0000 2.0775329e-15
6762.0000 2.2541252e-15
6764.0000 1.9383198e-15
6766.0000 1.8945350e-15
6768.0000 1.9485482e-15
6770.0000 2.0347168e-15
6772.0000 1.8957416e-15
6774.0000 1.9629066e-15
6776.0000 2.0117698e-15
6778.0000 1.9182020e-15
6780.0000 1.8857369e-15
6782.0000 1.8802499e-15
6784.0000 1.9526366e-15
6786.0000 2.0440591e-15
6788.0000 1.8753989e-15
6790.0000 1.9230049e-15
6792.0000 2.0203029e-15
6794.0000 1.9281079e-15
6796.0000 1.9841987e-15
6798.0000 1.9150217e-15
6800.0000 1.8486920e-15
6802.0000 1.9541165e-15
6804.0000 1.8296346e-15
6806.0000 1.8386883e-15
6808.0000 1.8553740e-15
6810.0000 1.7903090e-15
6812.0000 1.9486526e-15
6814.0000 2.0686376e-15
6816.0000 1.9738767e-15
6818.0000 1.7219423e-15
6820.0000 1.8923650e-15
6822.0000 2.0862707e-15
6824.0000 1.9970984e-15
6826.0000 1.9357594e-15
6828.0000 1.9371934e-15
6830.0000 1.9041597e-15
6832.0000 1.7987479e-15
6834.0000 1.9010486e-15
6836.0000 2.0199401e-15
6838.0000 1.9620377e-15
6840.0000 1.9124448e-15
6842.0000 1.8933729e-15
6844.0000 1.8920490e-15
6846.0000 1.8595283e-15
6848.0000 1.7908103e-15
6850.0000 1.7161602e-15
6852.0000 1.7850939e-15
6854.0000 1.6870821e-15
6856.0000 1.8130550e-15
6858.0000 1.7896164e-15
6860.0000 1.8045709e-15
6862.0000 1.9375966e-15
6864.0000 2.0054188e-15
6866.0000 2.2162154e-15
6868.0000 2.2653608e-15
6870.0000 2.0735190e-15
6872.0000 1.9274168e-15
6874.0000 1.8253221e-15
6876.0000 1.8529430e-15
6878.0000 1.6539936e-15
6880.0000 1.6943486e-15
6882.0000 1.9254558e-15
6884.0000 1.9715560e-15
6886.0000 2.0527690e-15
6888.0000 1.8424319e-15
6890.0000 1.7372374e-15
6892.0000 1.7379476e-15
6894.0000 1.8068273e-15
6896.0000 1.9358650e-15
6898.0000 1.8434052e-15
6900.0000 1.6465446e-15
6902.0000 1.7318402e-15
6904.0000 1.7102446e-15
6906.0000 1.7620991e-15
6908.0000 1.7709032e-15
6910.0000 1.5117397e-15
6912.0000 1.8144106e-15
6914.0000 1.9735355e-15
6916.0000 1.8198281e-15
6918.0000 1.9438263e-15
6920.0000 1.8869873e-15
6922.0000 1.9319945e-15
6924.0000 1.8907076e-15
6926.0000 1.6721529e-15
6928.0000 1.7184908e-15
6930.0000 1.6832470e-15
6932.0000 1.8461612e-15
6934.0000 1.8767607e-15
6936.0000 1.8999398e-15
6938.0000 1.9791445e-15
6940.0000 1.9117205e-15
6942.0000 1.7738676e-15
6944.0000 1.8719341e-15
6946.0000 2.0207056e-15
6948.0000 1.9060191e-15
6950.0000 1.8230852e-15
6952.0000 1.7174079e-15
6954.0000 1.7841836e-15
6956.0000 1.8449020e-15
6958.0000 1.8428558e-15
6960.0000 1.7842466e-15
6962.0000 1.7025293e-15
6964.0000 1.8653466e-15
6966.0000 1.7326499e-15
6968.0000 1.7364167e-15
6970.0000 1.6993495e-15
6972.0000 1.6631093e-15
6974.0000 1.7218948e-15
6976.0000 1.8362934e-15
6978.0000 1.7827663e-15
6980.0000 1.7327931e-15
6982.0000 1.6917418e-15
6984.0000 1.5090590e-15
6986.0000 1.6971205e-15
6988.0000 1.8350158e-15
6990.0000 1.8231098e-15
6992.0000 1.8615531e-15
6994.0000 1.6771486e-15
6996.0000 1.7025729e-15
6998.0000 1.7759250e-15
7000.0000 1.6271024e-15
7002.0000 1.6596064e-15
7004.0000 1.7574015e-15
7006.0000 1.8050170e-15
7008.0000 1.7380973e-15
7010.0000 1.7499470e-15
7012.0000 1.7487142e-15
7014.0000 1.7361396e-15
7016.0000 1.7507096e-15
7018.0000 1.6239871e-15
7020.0000 1.6383606e-15
7022.0000 1.6748426e-15
7024.0000 1.7960645e-15
7026.0000 1.9199563e-15
7028.0000 1.8959414e-15
7030.0000 1.8611432e-15
7032.0000 1.8115002e-15
7034.0000 1.8420148e-15
7036.0000 1.8712161e-15
7038.0000 1.8857227e-15
7040.0000 1.7880476e-15
7042.0000 1.7724251e-15
7044.0000 1.7784934e-15
7046.0000 1.7899989e-15
7048.0000 1.8712767e-15
7050.0000 1.7559722e-15
7052.0000 1.6652583e-15
7054.0000 1.7202364e-15
7056.0000 1.6401338e-15
7058.0000 1.6190407e-15
7060.0000 1.6683383e-15
7062.0000 1.9432059e-15
7064.0000 1.8604605e-15
7066.0000 1.5982779e-15
7068.0000 1.7584627e-15
7070.0000 1.6077048e-15
7072.0000 1.6641326e-15
7074.0000 1.6375009e-15
7076.0000 1.7329570e-15
7078.0000 1.7354748e-15
7080.0000 1.7246066e-15
7082.0000 1.6440768e-15
7084.0000 1.7602663e-15
7086.0000 1.8367621e-15
7088.0000 1.8442313e-15
7090.0000 1.7036667e-15
7092.0000 1.7704068e-15
7094.0000 1.7314119e-15
7096.0000 1.6661887e-15
7098.0000 1.7259734e-15
7100.0000 1.8224765e-15
7102.0000 1.6761459e-15
7104.0000 1.5848995e-15
7106.0000 1.5213896e-15
7108.0000 1.7682344e-15
7110.0000 1.6575435e-15
7112.0000 1.6626727e-15
7114.0000 1.7823235e-15
7116.0000 1.7531533e-15
7118.0000 1.7757265e-15
7120.0000 1.7940287e-15
7122.0000 1.6213708e-15
7124.0000 1.6233156e-15
7126.0000 1.6273706e-15
7128.0000 1.5925764e-15
7130.0000 1.7525219e-15
7132.0000 1.8831010e-15
7134.0000 1.7342714e-15
7136.0000 1.6476197e-15
7138.0000 1.6646304e-15
7140.0000 1.5086968e-15
7142.0000 1.6251397e-15
7144.0000 1.8049378e-15
7146.0000 1.5867577e-15
7148.0000 1.6239046e-15
7150.0000 1.7557857e-15
7152.0000 1.8452915e-15
7154.0000 1.7337631e-15
7156.0000 1.6427105e-15
7158.0000 1.5545172e-15
7160.0000 1.5917623e-15
7162.0000 1.7630629e-15
7164.0000 1.7525658e-15
7166.0000 1.7734875e-15
7168.0000 1.7410732e-15
7170.0000 1.6765357e-15
7172.0000 1.7305903e-15
7174.0000 1.7466123e-15
7176.0000 1.5671803e-15
7178.0000 1.6459822e-15
7180.0000 1.7609739e-15
7182.0000 1.7760567e-15
7184.0000 1.8266839e-15
7186.0000 1.6712160e-15
7188.0000 1.5794553e-15
7190.0000 1.6447928e-15
7192.0000 1.3912810e-15
7194.0000 1.5888658e-15
7196.0000 1.7975346e-15
7198.0000 1.7138119e-15
7200.0000 1.4357233e-15
7202.0000 1.5439167e-15
7204.0000 1.6368751e-15
7206.0000 1.4688156e-15
7208.0000 1.4951838e-15
7210.0000 1.7593426e-15
7212.0000 1.8426740e-15
7214.0000 1.7542491e-15
7216.0000 1.4141513e-15
7218.0000 1.5985618e-15
7220.0000 1.7452525e-15
7222.0000 1.7888256e-15
7224.0000 1.8277924e-15
7226.0000 1.8775504e-15
7228.0000 1.6714668e-15
7230.0000 1.6229114e-15
7232.0000 1.6953438e-15
7234.0000 1.4479287e-15
7236.0000 1.4951359e-15
7238.0000 1.7028864e-15
7240.0000 1.5841808e-15
7242.0000 1.7477467e-15
7244.0000 1.4856265e-15
7246.0000 1.4185881e-15
7248.0000 1.4996923e-15
7250.0000 1.6181795e-15
7252.0000 1.7233163e-15
7254.0000 1.7878596e-15
7256.0000 1.7403796e-15
7258.0000 1.5450088e-15
7260.0000 1.5342900e-15
7262.0000 1.5575986e-15
7264.0000 1.4571101e-15
7266.0000 1.5138815e-15
7268.0000 1.7306797e-15
7270.0000 1.6827317e-15
7272.0000 1.4740877e-15
7274.0000 1.5997221e-15
7276.0000 1.3033773e-15
7278.0000 1.4491520e-15
7280.0000 1.4540363e-15
7282.0000 1.6068912e-15
7284.0000 1.7573714e-15
7286.0000 1.6978168e-15
7288.0000 1.2136359e-15
7290.0000 1.5322510e-15
7292.0000 1.5881864e-15
7294.0000 1.4406821e-15
7296.0000 1.6133231e-15
7298.0000 1.5944734e-15
7300.0000 1.5621836e-15
7302.0000 1.4394668e-15
7304.0000 1.4141057e-15
7306.0000 1.5589427e-15
7308.0000 1.2729808e-15
7310.0000 1.2743954e-15
7312.0000 1.6014328e-15
7314.0000 1.6657952e-15
7316.0000 1.7128762e-15
7318.0000 1.4689986e-15
7320.0000 1.3411868e-15
7322.0000 1.3022984e-15
7324.0000 1.5244282e-15
7326.0000 1.5857799e-15
7328.0000 1.6879667e-15
7330.0000 1.7029235e-15
7332.0000 1.5337787e-15
7334.0000 1.6961552e-15
7336.0000 1.5578043e-15
7338.0000 1.4963476e-15
7340.0000 1.4702907e-15
7342.0000 1.2170120e-15
7344.0000 1.3612316e-15
7346.0000 1.6729155e-15
7348.0000 1.3522891e-15
7350.0000 1.5798538e-15
7352.0000 1.8143887e-15
7354.0000 1.5849179e-15
7356.0000 1.1551236e-15
7358.0000 1.1099356e-15
7360.0000 1.4457042e-15
7362.0000 1.3135763e-15
7364.0000 1.4003839e-15
7366.0000 1.6998931e-15
7368.0000 1.7458205e-15
7370.0000 1.4890761e-15
7372.0000 1.6025064e-15
7374.0000 1.7403161e-15
7376.0000 1.5226278e-15
7378.0000 1.3775223e-15
7380.0000 1.5264893e-15
7382.0000 1.6387967e-15
7384.0000 1.5554578e-15
7386.0000 1.4377787e-15
7388.0000 1.2449210e-15
7390.0000 1.5367466e-15
7392.0000 1.6635224e-15
7394.0000 1.6066733e-15
7396.0000 1.6898274e-15
7398.0000 1.6361242e-15
7400.0000 1.3938335e-15
7402.0000 1.3959429e-15
7404.0000 1.2610753e-15
7406.0000 1.1940525e-15
7408.0000 1.3763381e-15
7410.0000 1.5229384e-15
7412.0000 1.6358333e-15
7414.0000 1.4332122e-15
7416.0000 1.4240783e-15
7418.0000 1.4424484e-15
7420.0000 1.4090139e-15
7422.0000 1.2429299e-15
7424.0000 1.3072515e-15
7426.0000 1.4634892e-15
7428.0000 1.4526275e-15
7430.0000 1.4702155e-15
7432.0000 1.5394236e-15
7434.0000 1.6710589e-15
7436.0000 1.6671770e-15
7438.0000 1.6223531e-15
7440.0000 1.1874889e-15
7442.0000 1.2285307e-15
7444.0000 1.4185226e-15
7446.0000 1.5710487e-15
7448.0000 1.4228814e-15
7450.0000 1.2458784e-15
7452.0000 1.3140151e-15
7454.0000 1.2836761e-15
7456.0000 1.3136657e-15
7458.0000 1.4525754e-15
7460.0000 1.5517674e-15
7462.0000 1.5761505e-15
7464.0000 1.4094759e-15
7466.0000 1.5190231e-15
7468.0000 1.4599358e-15
7470.0000 1.3382096e-15
7472.0000 1.2948561e-15
7474.0000 1.1960429e-15
7476.0000 1.3694761e-15
7478.0000 1.2226948e-15
7480.0000 1.2004321e-15
7482.0000 1.3418064e-15
7484.0000 1.5207924e-15
7486.0000 1.6708947e-15
7488.0000 1.4089181e-15
7490.0000 1.2573161e-15
7492.0000 1.2928769e-15
7494.0000 1.2900276e-15
7496.0000 1.4411947e-15
7498.0000 1.5198813e-15
7500.0000 1.2948629e-15
7502.0000 1.2354734e-15
7504.0000 1.4700568e-15
7506.0000 1.5381485e-15
7508.0000 1.4890696e-15
7510.0000 1.5738161e-15
7512.0000 1.3902823e-15
7514.0000 1.5676186e-15
7516.0000 1.5878311e-15
7518.0000 1.3108251e-15
7520.0000 1.2659073e-15
7522.0000 1.4723996e-15
7524.0000 1.4489493e-15
7526.0000 1.5168235e-15
7528.0000 1.4164500e-15
7530.0000 1.5446591e-15
7532.0000 1.6209634e-15
7534.0000 1.4761953e-15
7536.0000 1.5040394e-15
7538.0000 1.2583617e-15
7540.0000 1.0281560e-15
7542.0000 1.6885796e-15
7544.0000 1.1502119e-15
7546.0000 1.4334005e-15
7548.0000 1.4791513e-15
7550.0000 1.3563338e-15
7552.0000 1.4504585e-15
7554.0000 1.2954344e-15
7556.0000 1.4080125e-15
7558.0000 1.4612547e-15
7560.0000 1.6971115e-15
