3810.000 5.99552e-17 
3811.000 1.98151e-16 
3812.000 2.72163e-16 
3813.000 1.76320e-16 
3814.000 2.29936e-16 
3815.000 2.51395e-16 
3816.000 5.33769e-17 
3817.000 -4.89777e-17 
3818.000 -6.67621e-17 
3819.000 -1.90693e-17 
3820.000 -1.09072e-16 
3821.000 -1.33889e-16 
3822.000 1.42493e-17 
3823.000 -8.03485e-18 
3824.000 -1.63218e-16 
3825.000 -5.58460e-17 
3826.000 1.30111e-16 
3827.000 1.44696e-16 
3828.000 1.20868e-16 
3829.000 6.24856e-18 
3830.000 1.88465e-17 
3831.000 3.03234e-17 
3832.000 1.10275e-16 
3833.000 -7.73015e-17 
3834.000 -2.54316e-16 
3835.000 -4.40304e-17 
3836.000 1.33624e-16 
3837.000 1.52636e-16 
3838.000 -8.71925e-18 
3839.000 1.14296e-16 
3840.000 2.48067e-16 
3841.000 3.93627e-17 
3842.000 -8.20533e-17 
3843.000 -3.56920e-17 
3844.000 9.30726e-17 
3845.000 9.68572e-18 
3846.000 -4.36067e-17 
3847.000 1.10632e-16 
3848.000 2.00221e-16 
3849.000 2.13791e-16 
3850.000 1.32819e-16 
3851.000 -1.33878e-17 
3852.000 -6.22548e-17 
3853.000 1.07896e-17 
3854.000 2.49631e-18 
3855.000 -9.44105e-17 
3856.000 -1.47038e-16 
3857.000 -1.03904e-16 
3858.000 -1.51316e-16 
3859.000 -1.38472e-16 
3860.000 -5.46710e-17 
3861.000 -4.89071e-17 
3862.000 -8.07999e-17 
3863.000 -8.62696e-17 
3864.000 5.95885e-17 
3865.000 4.57576e-17 
3866.000 -4.42640e-17 
3867.000 -6.47011e-17 
3868.000 -6.31702e-17 
3869.000 -6.27186e-17 
3870.000 -2.79829e-17 
3871.000 -1.02779e-16 
3872.000 -1.32263e-16 
3873.000 2.38881e-17 
3874.000 1.46052e-16 
3875.000 1.90148e-16 
3876.000 2.03644e-16 
3877.000 2.34908e-16 
3878.000 2.09367e-16 
3879.000 2.61489e-17 
3880.000 3.42300e-17 
3881.000 1.57162e-16 
3882.000 -9.13708e-17 
3883.000 -1.38559e-17 
3884.000 -8.28783e-17 
3885.000 -8.59284e-17 
3886.000 -5.91683e-17 
3887.000 -4.50817e-17 
3888.000 1.52933e-17 
3889.000 4.28304e-17 
3890.000 -9.32591e-17 
3891.000 -2.59201e-17 
3892.000 -4.36028e-17 
3893.000 1.33044e-16 
3894.000 1.73324e-16 
3895.000 8.84013e-17 
3896.000 -4.05699e-17 
3897.000 -1.39945e-16 
3898.000 -5.56732e-17 
3899.000 -6.86194e-17 
3900.000 -1.61791e-17 
3901.000 -2.28857e-17 
3902.000 -7.41617e-17 
3903.000 -6.01532e-17 
3904.000 1.04799e-16 
3905.000 1.85974e-16 
3906.000 5.95660e-17 
3907.000 4.60799e-17 
3908.000 1.54951e-16 
3909.000 1.15974e-16 
3910.000 3.98578e-17 
3911.000 1.83421e-17 
3912.000 4.20488e-17 
3913.000 1.79583e-16 
3914.000 1.98971e-16 
3915.000 8.47296e-17 
3916.000 2.78628e-17 
3917.000 -1.98417e-19 
3918.000 1.07199e-17 
3919.000 1.28718e-16 
3920.000 1.81324e-16 
3921.000 8.13297e-17 
3922.000 -1.45608e-17 
3923.000 -2.21245e-18 
3924.000 -1.57691e-17 
3925.000 8.84991e-18 
3926.000 -1.94217e-17 
3927.000 3.14704e-18 
3928.000 2.52092e-17 
3929.000 -1.44121e-16 
3930.000 -1.68427e-16 
3931.000 -9.38570e-17 
3932.000 -2.75960e-17 
3933.000 -4.37461e-18 
3934.000 -1.61317e-16 
3935.000 -2.48703e-16 
3936.000 -1.45134e-16 
3937.000 4.23493e-17 
3938.000 -6.88426e-19 
3939.000 1.29754e-17 
3940.000 4.40897e-17 
3941.000 -1.02728e-16 
3942.000 -1.11046e-16 
3943.000 -3.14771e-17 
3944.000 7.76178e-17 
3945.000 -2.71621e-17 
3946.000 -8.78786e-17 
3947.000 6.11471e-17 
3948.000 -4.27464e-17 
3949.000 -2.20584e-16 
3950.000 -2.21726e-16 
3951.000 2.56502e-17 
3952.000 8.91837e-17 
3953.000 2.28336e-17 
3954.000 2.63799e-17 
3955.000 9.49984e-17 
3956.000 5.04049e-17 
3957.000 4.06653e-17 
3958.000 7.52386e-17 
3959.000 8.98611e-17 
3960.000 1.69003e-16 
3961.000 1.61026e-16 
3962.000 5.78256e-17 
3963.000 1.00878e-16 
3964.000 8.78147e-17 
3965.000 5.34360e-17 
3966.000 1.12347e-16 
3967.000 3.96562e-17 
3968.000 2.37138e-17 
3969.000 1.10890e-16 
3970.000 4.28856e-17 
3971.000 6.45748e-17 
3972.000 2.66731e-16 
3973.000 3.00044e-16 
3974.000 2.53409e-16 
3975.000 1.99196e-16 
3976.000 6.25715e-17 
3977.000 8.85225e-17 
3978.000 2.31488e-16 
3979.000 1.55876e-16 
3980.000 -2.44270e-17 
3981.000 -1.16398e-16 
3982.000 -2.46947e-17 
3983.000 -3.44489e-17 
3984.000 -7.89845e-17 
3985.000 9.77133e-17 
3986.000 7.84217e-17 
3987.000 -1.27454e-16 
3988.000 -8.13723e-18 
3989.000 -7.32969e-17 
3990.000 -1.44939e-16 
3991.000 3.68867e-17 
3992.000 -7.20458e-17 
3993.000 -1.93193e-16 
3994.000 -7.53876e-17 
3995.000 -5.68027e-17 
3996.000 -1.16911e-16 
3997.000 -1.89787e-16 
3998.000 -1.62112e-16 
3999.000 2.26800e-17 
4000.000 1.50486e-16 
4001.000 -5.17529e-17 
4002.000 -1.25362e-16 
4003.000 -5.20838e-17 
4004.000 -9.82832e-17 
4005.000 -1.64717e-16 
4006.000 -4.67970e-17 
4007.000 -8.91005e-17 
4008.000 -1.02731e-16 
4009.000 -9.45893e-17 
4010.000 -1.00857e-16 
4011.000 -5.23418e-17 
4012.000 3.51746e-17 
4013.000 6.48667e-17 
4014.000 2.64599e-16 
4015.000 3.93023e-16 
4016.000 3.35021e-16 
4017.000 1.95088e-16 
4018.000 6.39301e-17 
4019.000 -4.65887e-17 
4020.000 -1.17540e-16 
4021.000 -1.09811e-16 
4022.000 -5.82138e-17 
4023.000 -7.28212e-17 
4024.000 -5.03942e-17 
4025.000 9.13255e-17 
4026.000 7.70627e-17 
4027.000 3.77621e-17 
4028.000 3.93773e-17 
4029.000 1.19484e-17 
4030.000 1.56179e-17 
4031.000 -1.26903e-17 
4032.000 -3.57488e-17 
4033.000 -3.94156e-18 
4034.000 -5.79613e-17 
4035.000 -7.76972e-17 
4036.000 2.64704e-17 
4037.000 1.46723e-16 
4038.000 8.63902e-17 
4039.000 -5.32657e-18 
4040.000 -1.19789e-16 
4041.000 2.40990e-17 
4042.000 3.16598e-17 
4043.000 6.45212e-17 
4044.000 1.38238e-16 
4045.000 8.55972e-17 
4046.000 9.42264e-17 
4047.000 1.35584e-16 
4048.000 1.82640e-16 
4049.000 2.58951e-16 
4050.000 3.46314e-16 
4051.000 4.37142e-16 
4052.000 3.84057e-16 
4053.000 2.60799e-16 
4054.000 1.61840e-16 
4055.000 1.87235e-16 
4056.000 3.02133e-16 
4057.000 2.41813e-16 
4058.000 5.62876e-17 
4059.000 2.42107e-17 
4060.000 4.28806e-17 
4061.000 4.83326e-17 
4062.000 1.44606e-17 
4063.000 1.32592e-18 
4064.000 -2.35898e-17 
4065.000 -2.29443e-17 
4066.000 1.46030e-16 
4067.000 1.16832e-16 
4068.000 5.69726e-17 
4069.000 4.84435e-17 
4070.000 2.55123e-17 
4071.000 -1.18648e-18 
4072.000 1.16705e-16 
4073.000 1.67381e-16 
4074.000 1.41759e-16 
4075.000 2.78782e-17 
4076.000 1.95845e-18 
4077.000 3.14718e-17 
4078.000 -1.88480e-17 
4079.000 3.66452e-17 
4080.000 1.16801e-16 
4081.000 1.08897e-16 
4082.000 -6.60220e-18 
4083.000 -8.87030e-17 
4084.000 -1.54280e-16 
4085.000 -1.65905e-16 
4086.000 -2.04202e-17 
4087.000 1.02220e-16 
4088.000 1.27279e-16 
4089.000 -6.66933e-18 
4090.000 -2.21178e-16 
4091.000 -7.01216e-18 
4092.000 3.06843e-16 
4093.000 3.69262e-16 
4094.000 1.20255e-16 
4095.000 2.45788e-18 
4096.000 -1.37120e-17 
4097.000 4.18704e-17 
4098.000 4.84676e-17 
4099.000 -7.25833e-18 
4100.000 -5.81352e-17 
4101.000 3.72718e-17 
4102.000 3.36426e-17 
4103.000 2.24526e-17 
4104.000 4.75166e-17 
4105.000 1.26180e-16 
4106.000 1.32261e-16 
4107.000 -9.35121e-17 
4108.000 -1.05414e-16 
4109.000 1.65752e-17 
4110.000 -2.28312e-17 
4111.000 -9.69963e-17 
4112.000 -9.05472e-17 
4113.000 4.47572e-17 
4114.000 2.04837e-16 
4115.000 2.15923e-16 
4116.000 1.32599e-16 
4117.000 1.56931e-16 
4118.000 2.17898e-16 
4119.000 2.27061e-16 
4120.000 -1.19882e-17 
4121.000 -2.11971e-16 
4122.000 -1.44077e-16 
4123.000 -3.38554e-18 
4124.000 1.26185e-16 
4125.000 1.90523e-16 
4126.000 1.93646e-16 
4127.000 1.45552e-16 
4128.000 2.35040e-16 
4129.000 2.22168e-16 
4130.000 1.54196e-16 
4131.000 1.45320e-16 
4132.000 7.60659e-17 
4133.000 9.67260e-17 
4134.000 8.11372e-17 
4135.000 -6.93575e-17 
4136.000 1.46411e-16 
4137.000 2.47508e-16 
4138.000 1.01458e-16 
4139.000 6.82593e-17 
4140.000 7.93592e-17 
4141.000 1.22578e-16 
4142.000 8.53238e-17 
4143.000 2.43378e-17 
4144.000 8.87819e-17 
4145.000 1.18307e-16 
4146.000 1.78945e-16 
4147.000 3.15081e-16 
4148.000 2.18830e-16 
4149.000 1.15960e-16 
4150.000 1.86703e-16 
4151.000 1.55930e-16 
4152.000 1.45936e-16 
4153.000 2.08974e-16 
4154.000 1.66936e-16 
4155.000 2.13686e-16 
4156.000 2.96425e-16 
4157.000 1.77238e-16 
4158.000 1.29205e-16 
4159.000 1.86969e-16 
4160.000 2.54377e-16 
4161.000 3.04221e-16 
4162.000 3.56569e-16 
4163.000 3.23395e-16 
4164.000 3.23401e-16 
4165.000 3.47749e-16 
4166.000 2.70820e-16 
4167.000 2.96979e-16 
4168.000 3.70337e-16 
4169.000 3.45101e-16 
4170.000 3.38119e-16 
4171.000 4.23833e-16 
4172.000 5.20040e-16 
4173.000 5.24720e-16 
4174.000 4.98415e-16 
4175.000 4.91257e-16 
4176.000 5.65674e-16 
4177.000 5.10556e-16 
4178.000 4.47381e-16 
4179.000 4.42024e-16 
4180.000 4.10147e-16 
4181.000 4.33851e-16 
4182.000 4.96533e-16 
4183.000 5.57411e-16 
4184.000 6.78585e-16 
4185.000 8.01365e-16 
4186.000 8.67841e-16 
4187.000 8.58433e-16 
4188.000 6.97498e-16 
4189.000 6.34252e-16 
4190.000 6.41572e-16 
4191.000 5.77349e-16 
4192.000 4.92301e-16 
4193.000 5.40744e-16 
4194.000 6.13131e-16 
4195.000 5.76157e-16 
4196.000 5.64524e-16 
4197.000 5.59412e-16 
4198.000 4.34359e-16 
4199.000 3.18938e-16 
4200.000 4.98260e-16 
4201.000 5.14043e-16 
4202.000 4.36581e-16 
4203.000 3.58103e-16 
4204.000 4.10443e-16 
4205.000 4.68537e-16 
4206.000 3.91359e-16 
4207.000 3.78358e-16 
4208.000 2.59960e-16 
4209.000 2.48769e-16 
4210.000 3.72711e-16 
4211.000 4.23034e-16 
4212.000 3.16448e-16 
4213.000 3.10854e-16 
4214.000 2.59796e-16 
4215.000 2.14964e-16 
4216.000 1.88426e-16 
4217.000 2.75136e-16 
4218.000 3.35020e-16 
4219.000 2.09448e-16 
4220.000 2.37996e-16 
4221.000 2.70949e-16 
4222.000 2.14508e-16 
4223.000 1.32153e-16 
4224.000 1.10178e-16 
4225.000 1.30096e-16 
4226.000 7.40400e-17 
4227.000 1.80585e-16 
4228.000 3.12946e-16 
4229.000 2.73466e-16 
4230.000 1.97234e-16 
4231.000 1.69092e-16 
4232.000 1.74207e-16 
4233.000 1.68570e-16 
4234.000 1.48650e-16 
4235.000 1.58758e-16 
4236.000 2.40599e-16 
4237.000 2.41131e-16 
4238.000 1.06636e-16 
4239.000 1.77697e-16 
4240.000 3.00228e-16 
4241.000 2.07634e-16 
4242.000 1.14962e-16 
4243.000 1.01971e-16 
4244.000 1.20279e-16 
4245.000 1.03521e-16 
4246.000 6.22246e-18 
4247.000 1.02975e-16 
4248.000 2.14761e-16 
4249.000 1.97800e-16 
4250.000 1.72890e-16 
4251.000 -3.88597e-18 
4252.000 7.24347e-17 
4253.000 1.38892e-16 
4254.000 6.38826e-17 
4255.000 2.60651e-17 
4256.000 9.38744e-17 
4257.000 1.94146e-16 
4258.000 2.49799e-16 
4259.000 1.35799e-16 
4260.000 2.58512e-17 
4261.000 6.22286e-17 
4262.000 1.55515e-16 
4263.000 1.44159e-16 
4264.000 9.75140e-17 
4265.000 8.84757e-17 
4266.000 -8.49140e-18 
4267.000 2.54216e-17 
4268.000 1.08506e-16 
4269.000 4.86104e-17 
4270.000 -7.51933e-17 
4271.000 1.06845e-17 
4272.000 1.12659e-16 
4273.000 7.70770e-17 
4274.000 5.54323e-17 
4275.000 1.11215e-16 
4276.000 4.01206e-17 
4277.000 -2.31812e-18 
4278.000 7.36826e-17 
4279.000 -1.93190e-17 
4280.000 -6.15540e-17 
4281.000 5.53110e-17 
4282.000 1.60989e-16 
4283.000 2.39094e-16 
4284.000 1.70732e-16 
4285.000 1.89410e-16 
4286.000 6.06452e-17 
4287.000 -9.65692e-17 
4288.000 6.28778e-17 
4289.000 4.36055e-17 
4290.000 4.89935e-17 
4291.000 9.61023e-17 
4292.000 -1.67932e-17 
4293.000 -6.32475e-17 
4294.000 2.69631e-17 
4295.000 7.62767e-17 
4296.000 3.86332e-17 
4297.000 9.91727e-18 
4298.000 6.33406e-17 
4299.000 3.57862e-17 
4300.000 3.56792e-17 
4301.000 1.26155e-16 
4302.000 7.48050e-17 
4303.000 4.61061e-17 
4304.000 8.33508e-17 
4305.000 -2.42269e-17 
4306.000 -1.11727e-16 
4307.000 -1.20632e-16 
4308.000 -4.91683e-17 
4309.000 -4.57969e-17 
4310.000 -7.45601e-18 
4311.000 -2.03474e-17 
4312.000 1.40818e-16 
4313.000 2.70864e-16 
4314.000 1.68667e-16 
4315.000 2.14528e-17 
4316.000 -5.07688e-17 
4317.000 -1.34155e-16 
4318.000 -8.05878e-17 
4319.000 5.76276e-17 
4320.000 1.47870e-16 
4321.000 1.10684e-16 
4322.000 8.50559e-17 
4323.000 1.04191e-16 
4324.000 6.62809e-17 
4325.000 -4.72275e-17 
4326.000 -1.29597e-17 
4327.000 -4.40293e-18 
4328.000 -2.96122e-17 
4329.000 3.30266e-17 
4330.000 2.46316e-17 
4331.000 -3.36865e-17 
4332.000 -6.05235e-17 
4333.000 -5.38862e-17 
4334.000 -1.68885e-16 
4335.000 -1.57749e-17 
4336.000 4.54715e-17 
4337.000 6.70295e-17 
4338.000 1.16536e-16 
4339.000 6.58698e-17 
4340.000 -4.95248e-17 
4341.000 -9.26753e-17 
4342.000 -9.27662e-17 
4343.000 -8.69954e-17 
4344.000 -1.54001e-16 
4345.000 -1.74341e-16 
4346.000 -1.32323e-16 
4347.000 -2.22539e-17 
4348.000 7.25478e-17 
4349.000 6.27945e-17 
4350.000 -2.67576e-17 
4351.000 -9.24189e-17 
4352.000 -1.70379e-16 
4353.000 -2.35314e-16 
4354.000 -1.33439e-16 
4355.000 -8.50543e-17 
4356.000 -1.08085e-16 
4357.000 -1.69168e-16 
4358.000 -2.41820e-17 
4359.000 3.49622e-17 
4360.000 4.20697e-17 
4361.000 3.52711e-17 
4362.000 -3.34366e-18 
4363.000 2.91633e-17 
4364.000 5.50317e-17 
4365.000 -6.16786e-17 
4366.000 -1.78477e-16 
4367.000 -1.60386e-16 
4368.000 -1.21317e-16 
4369.000 -1.43635e-17 
4370.000 3.62791e-17 
4371.000 -5.66695e-17 
4372.000 -1.70220e-16 
4373.000 -1.67021e-16 
4374.000 -9.42260e-17 
4375.000 -6.47517e-17 
4376.000 -4.58547e-17 
4377.000 2.58315e-17 
4378.000 1.00352e-16 
4379.000 1.17732e-16 
4380.000 4.00920e-17 
4381.000 -4.10737e-17 
4382.000 3.66621e-17 
4383.000 3.28856e-17 
4384.000 7.11465e-18 
4385.000 -1.41625e-16 
4386.000 -9.89528e-17 
4387.000 5.94117e-17 
4388.000 1.06702e-16 
4389.000 5.11481e-17 
4390.000 -5.78963e-18 
4391.000 1.03647e-17 
4392.000 4.40660e-17 
4393.000 4.94864e-17 
4394.000 7.15236e-17 
4395.000 9.47062e-18 
4396.000 7.77780e-17 
4397.000 1.05998e-16 
4398.000 5.00975e-17 
4399.000 3.29118e-17 
4400.000 4.81393e-17 
4401.000 2.63923e-17 
4402.000 3.85129e-17 
4403.000 9.69946e-17 
4404.000 2.23859e-17 
4405.000 3.92425e-18 
4406.000 -3.58081e-17 
4407.000 -5.79730e-17 
4408.000 -1.32320e-17 
4409.000 5.15848e-17 
4410.000 4.04614e-17 
4411.000 4.71218e-17 
4412.000 1.16869e-16 
4413.000 2.47440e-16 
4414.000 3.77555e-16 
4415.000 3.28949e-16 
4416.000 2.29807e-16 
4417.000 1.49706e-16 
4418.000 1.44289e-16 
4419.000 2.51011e-16 
4420.000 2.85228e-16 
4421.000 2.77683e-16 
4422.000 2.05834e-16 
4423.000 1.36362e-16 
4424.000 1.69646e-16 
4425.000 2.37047e-16 
4426.000 3.25376e-16 
4427.000 3.82109e-16 
4428.000 3.56107e-16 
4429.000 3.82018e-16 
4430.000 4.71320e-16 
4431.000 5.05914e-16 
4432.000 4.56656e-16 
4433.000 3.08475e-16 
4434.000 3.61082e-16 
4435.000 4.00409e-16 
4436.000 3.09932e-16 
4437.000 2.00557e-16 
4438.000 1.60492e-16 
4439.000 2.28348e-16 
4440.000 2.80144e-16 
4441.000 2.12804e-16 
4442.000 2.17517e-16 
4443.000 2.24579e-16 
4444.000 1.77021e-16 
4445.000 1.35753e-16 
4446.000 1.00450e-16 
4447.000 1.33028e-16 
4448.000 1.52859e-16 
4449.000 1.07518e-16 
4450.000 5.46282e-17 
4451.000 3.52987e-17 
4452.000 5.82976e-17 
4453.000 7.04781e-17 
4454.000 1.57845e-17 
4455.000 -4.45450e-17 
4456.000 2.71515e-17 
4457.000 1.54266e-16 
4458.000 1.92758e-16 
4459.000 1.92327e-16 
4460.000 -1.04243e-17 
4461.000 -8.94801e-17 
4462.000 2.66576e-17 
4463.000 2.07724e-17 
4464.000 3.03649e-17 
4465.000 1.08427e-16 
4466.000 1.33725e-16 
4467.000 8.43857e-20 
4468.000 -5.15702e-17 
4469.000 8.52445e-17 
4470.000 4.89127e-17 
4471.000 -4.82228e-17 
4472.000 8.26593e-18 
4473.000 6.49310e-17 
4474.000 1.25948e-16 
4475.000 9.06074e-17 
4476.000 -1.93838e-17 
4477.000 1.48760e-19 
4478.000 3.95172e-17 
4479.000 5.50799e-18 
4480.000 2.93667e-17 
4481.000 1.18781e-16 
4482.000 4.91459e-17 
4483.000 3.52727e-17 
4484.000 1.23880e-16 
4485.000 5.11917e-17 
4486.000 -9.06325e-18 
4487.000 2.90940e-17 
4488.000 -1.24307e-17 
4489.000 5.14378e-17 
4490.000 1.49587e-16 
4491.000 1.44780e-16 
4492.000 3.39977e-17 
4493.000 -3.93430e-17 
4494.000 -4.33617e-18 
4495.000 5.80951e-17 
4496.000 5.91172e-17 
4497.000 -2.79476e-17 
4498.000 -5.74592e-17 
4499.000 -1.95711e-17 
4500.000 -1.57997e-17 
4501.000 1.46475e-17 
4502.000 2.39240e-17 
4503.000 -7.37393e-17 
4504.000 -5.77093e-17 
4505.000 6.77300e-17 
4506.000 1.66520e-16 
4507.000 1.33230e-16 
4508.000 8.10268e-17 
4509.000 4.70390e-17 
4510.000 4.03325e-17 
4511.000 3.86477e-17 
4512.000 6.49946e-17 
4513.000 1.45072e-16 
4514.000 9.54003e-17 
4515.000 9.13088e-17 
4516.000 4.88901e-17 
4517.000 1.72625e-18 
4518.000 1.69838e-17 
4519.000 1.23817e-16 
4520.000 8.33461e-17 
4521.000 3.15147e-17 
4522.000 8.13353e-17 
4523.000 6.95821e-17 
4524.000 9.20114e-17 
4525.000 1.35188e-16 
4526.000 1.01764e-16 
4527.000 6.87442e-17 
4528.000 2.52169e-17 
4529.000 -7.20029e-17 
4530.000 3.89982e-17 
4531.000 1.24885e-16 
4532.000 -4.48034e-17 
4533.000 -1.18492e-17 
4534.000 1.65804e-16 
4535.000 1.22033e-16 
4536.000 5.81435e-18 
4537.000 -4.29202e-18 
4538.000 -2.16336e-17 
4539.000 5.06068e-17 
4540.000 1.45745e-16 
4541.000 7.11240e-17 
4542.000 -2.37159e-18 
4543.000 -1.05679e-17 
4544.000 2.02696e-17 
4545.000 9.05810e-17 
4546.000 1.34475e-16 
4547.000 1.12750e-16 
4548.000 1.35784e-16 
4549.000 1.80195e-16 
4550.000 1.32122e-16 
4551.000 8.29219e-17 
4552.000 9.28596e-17 
4553.000 9.02375e-17 
4554.000 1.36124e-16 
4555.000 1.46013e-16 
4556.000 1.15206e-16 
4557.000 1.72094e-16 
4558.000 2.03299e-16 
4559.000 1.72146e-16 
4560.000 2.53387e-16 
4561.000 2.15814e-16 
4562.000 1.56295e-16 
4563.000 2.47801e-16 
4564.000 2.46790e-16 
4565.000 1.31923e-16 
4566.000 1.15894e-16 
4567.000 1.68093e-16 
4568.000 1.37745e-16 
4569.000 5.12004e-17 
4570.000 1.56700e-16 
4571.000 2.65656e-16 
4572.000 2.29314e-16 
4573.000 2.15936e-16 
4574.000 2.00584e-16 
4575.000 1.69168e-16 
4576.000 1.45657e-16 
4577.000 1.43531e-16 
4578.000 1.22612e-16 
4579.000 8.80807e-17 
4580.000 1.18281e-16 
4581.000 3.43517e-17 
4582.000 5.63340e-17 
4583.000 4.10635e-17 
4584.000 6.56138e-17 
4585.000 9.29342e-17 
4586.000 8.59622e-17 
4587.000 1.45528e-16 
4588.000 2.44121e-16 
4589.000 1.97570e-16 
4590.000 9.76767e-17 
4591.000 1.05498e-16 
4592.000 1.51361e-16 
4593.000 2.53082e-16 
4594.000 3.10279e-16 
4595.000 1.93179e-16 
4596.000 1.20557e-16 
4597.000 5.39307e-17 
4598.000 3.78947e-17 
4599.000 1.44714e-16 
4600.000 1.66589e-16 
4601.000 1.24365e-16 
4602.000 1.36703e-16 
4603.000 1.89449e-16 
4604.000 1.60928e-16 
4605.000 1.63504e-16 
4606.000 2.44558e-16 
4607.000 2.30493e-16 
4608.000 1.71747e-16 
4609.000 1.92499e-16 
4610.000 1.74254e-16 
4611.000 9.98677e-17 
4612.000 9.07930e-17 
4613.000 1.90468e-16 
4614.000 7.00170e-17 
4615.000 5.97680e-17 
4616.000 1.36896e-16 
4617.000 2.17494e-16 
4618.000 2.16989e-16 
4619.000 9.12347e-17 
4620.000 2.99562e-17 
4621.000 8.34885e-17 
4622.000 1.69289e-16 
4623.000 1.54964e-16 
4624.000 1.03407e-16 
4625.000 1.25954e-16 
4626.000 1.82036e-16 
4627.000 2.21939e-16 
4628.000 2.32276e-16 
4629.000 1.34631e-16 
4630.000 1.38058e-16 
4631.000 1.66757e-16 
4632.000 2.49145e-16 
4633.000 1.55070e-16 
4634.000 9.38711e-17 
4635.000 1.74124e-16 
4636.000 1.76761e-16 
4637.000 2.06463e-16 
4638.000 3.11468e-16 
4639.000 2.80291e-16 
4640.000 2.49132e-16 
4641.000 3.66084e-16 
4642.000 3.30792e-16 
4643.000 1.65644e-16 
4644.000 1.14127e-16 
4645.000 1.24565e-16 
4646.000 1.63161e-16 
4647.000 2.41204e-16 
4648.000 2.79802e-16 
4649.000 3.10495e-16 
4650.000 2.82956e-16 
4651.000 3.01285e-16 
4652.000 2.74011e-16 
4653.000 1.72724e-16 
4654.000 1.93363e-16 
4655.000 2.05267e-16 
4656.000 1.48223e-16 
4657.000 2.10788e-16 
4658.000 3.04457e-16 
4659.000 2.82791e-16 
4660.000 2.43022e-16 
4661.000 2.48878e-16 
4662.000 1.92547e-16 
4663.000 1.53805e-16 
4664.000 1.87234e-16 
4665.000 2.28242e-16 
4666.000 2.15433e-16 
4667.000 1.94945e-16 
4668.000 1.45886e-16 
4669.000 1.27983e-16 
4670.000 1.85427e-16 
4671.000 2.64650e-16 
4672.000 3.17587e-16 
4673.000 2.54639e-16 
4674.000 2.32452e-16 
4675.000 2.88821e-16 
4676.000 3.57184e-16 
4677.000 3.68842e-16 
4678.000 2.97126e-16 
4679.000 3.27421e-16 
4680.000 3.20623e-16 
4681.000 2.50801e-16 
4682.000 2.59669e-16 
4683.000 2.73716e-16 
4684.000 2.39603e-16 
4685.000 2.95398e-16 
4686.000 3.62379e-16 
4687.000 3.01692e-16 
4688.000 3.02969e-16 
4689.000 2.92526e-16 
4690.000 2.37572e-16 
4691.000 2.33235e-16 
4692.000 2.80805e-16 
4693.000 3.42467e-16 
4694.000 3.65069e-16 
4695.000 3.48973e-16 
4696.000 2.71286e-16 
4697.000 2.07984e-16 
4698.000 2.33937e-16 
4699.000 2.88096e-16 
4700.000 3.64321e-16 
4701.000 3.25285e-16 
4702.000 2.35087e-16 
4703.000 2.64377e-16 
4704.000 3.67339e-16 
4705.000 4.81961e-16 
4706.000 3.87697e-16 
4707.000 3.58322e-16 
4708.000 4.03530e-16 
4709.000 3.93175e-16 
4710.000 3.95465e-16 
4711.000 4.06723e-16 
4712.000 4.35122e-16 
4713.000 4.90292e-16 
4714.000 4.96847e-16 
4715.000 4.69809e-16 
4716.000 4.55956e-16 
4717.000 4.37439e-16 
4718.000 4.42267e-16 
4719.000 4.84378e-16 
4720.000 5.16237e-16 
4721.000 5.62161e-16 
4722.000 5.83871e-16 
4723.000 5.22593e-16 
4724.000 5.07398e-16 
4725.000 6.03579e-16 
4726.000 6.22132e-16 
4727.000 5.77716e-16 
4728.000 6.27376e-16 
4729.000 6.05428e-16 
4730.000 5.19960e-16 
4731.000 4.56812e-16 
4732.000 5.60840e-16 
4733.000 6.97924e-16 
4734.000 7.02049e-16 
4735.000 6.27479e-16 
4736.000 6.46732e-16 
4737.000 6.84289e-16 
4738.000 6.02234e-16 
4739.000 5.89550e-16 
4740.000 6.05867e-16 
4741.000 5.77211e-16 
4742.000 6.38638e-16 
4743.000 6.48407e-16 
4744.000 5.98631e-16 
4745.000 5.78970e-16 
4746.000 5.98272e-16 
4747.000 5.58181e-16 
4748.000 5.11505e-16 
4749.000 5.84307e-16 
4750.000 6.96727e-16 
4751.000 7.32577e-16 
4752.000 7.04847e-16 
4753.000 6.83882e-16 
4754.000 5.90812e-16 
4755.000 4.82532e-16 
4756.000 4.65250e-16 
4757.000 4.69992e-16 
4758.000 4.63347e-16 
4759.000 5.25043e-16 
4760.000 6.41945e-16 
4761.000 5.94975e-16 
4762.000 5.25415e-16 
4763.000 6.20988e-16 
4764.000 6.07068e-16 
4765.000 6.11217e-16 
4766.000 5.75057e-16 
4767.000 5.67090e-16 
4768.000 5.24908e-16 
4769.000 5.30524e-16 
4770.000 6.20951e-16 
4771.000 5.91249e-16 
4772.000 4.45110e-16 
4773.000 4.81685e-16 
4774.000 6.26718e-16 
4775.000 6.73751e-16 
4776.000 6.51871e-16 
4777.000 5.86236e-16 
4778.000 5.27967e-16 
4779.000 5.29288e-16 
4780.000 5.50009e-16 
4781.000 6.00629e-16 
4782.000 6.65491e-16 
4783.000 6.15442e-16 
4784.000 5.76096e-16 
4785.000 6.09778e-16 
4786.000 5.89202e-16 
4787.000 6.12365e-16 
4788.000 5.77556e-16 
4789.000 5.72955e-16 
4790.000 5.72705e-16 
4791.000 5.05127e-16 
4792.000 4.45949e-16 
4793.000 4.61410e-16 
4794.000 4.84780e-16 
4795.000 4.74233e-16 
4796.000 5.56701e-16 
4797.000 5.59798e-16 
4798.000 5.73333e-16 
4799.000 5.31127e-16 
4800.000 4.29393e-16 
4801.000 4.13487e-16 
4802.000 4.71829e-16 
4803.000 5.24854e-16 
4804.000 5.27053e-16 
4805.000 5.21599e-16 
4806.000 4.90960e-16 
4807.000 3.70892e-16 
4808.000 3.91115e-16 
4809.000 4.66770e-16 
4810.000 4.59879e-16 
4811.000 4.24694e-16 
4812.000 3.91607e-16 
4813.000 4.12487e-16 
4814.000 3.95803e-16 
4815.000 3.32880e-16 
4816.000 3.96419e-16 
4817.000 4.00748e-16 
4818.000 3.70575e-16 
4819.000 3.92361e-16 
4820.000 3.54553e-16 
4821.000 2.47733e-16 
4822.000 1.57135e-16 
4823.000 1.76582e-16 
4824.000 2.73475e-16 
4825.000 3.22655e-16 
4826.000 3.06213e-16 
4827.000 3.07789e-16 
4828.000 3.04264e-16 
4829.000 2.55190e-16 
4830.000 2.58679e-16 
4831.000 2.90294e-16 
4832.000 2.88479e-16 
4833.000 3.00905e-16 
4834.000 2.96109e-16 
4835.000 2.51302e-16 
4836.000 2.29385e-16 
4837.000 2.70045e-16 
4838.000 3.35985e-16 
4839.000 3.14117e-16 
4840.000 2.88139e-16 
4841.000 3.21965e-16 
4842.000 3.33323e-16 
4843.000 3.26701e-16 
4844.000 2.63274e-16 
4845.000 1.85905e-16 
4846.000 3.04827e-16 
4847.000 2.84515e-16 
4848.000 2.25108e-16 
4849.000 2.02179e-16 
4850.000 2.22683e-16 
4851.000 2.64017e-16 
4852.000 2.85701e-16 
4853.000 2.59927e-16 
4854.000 2.24807e-16 
4855.000 2.07610e-16 
4856.000 2.02188e-16 
4857.000 2.30348e-16 
4858.000 2.24953e-16 
4859.000 2.34142e-16 
4860.000 3.31815e-16 
4861.000 3.46856e-16 
4862.000 3.00113e-16 
4863.000 3.33345e-16 
4864.000 3.18170e-16 
4865.000 2.87514e-16 
4866.000 3.22444e-16 
4867.000 2.72923e-16 
4868.000 2.87072e-16 
4869.000 2.33844e-16 
4870.000 1.78451e-16 
4871.000 1.90117e-16 
4872.000 2.19478e-16 
4873.000 2.47915e-16 
4874.000 2.82500e-16 
4875.000 2.20357e-16 
4876.000 2.12461e-16 
4877.000 2.29263e-16 
4878.000 2.83162e-16 
4879.000 2.42846e-16 
4880.000 1.86877e-16 
4881.000 2.20267e-16 
4882.000 2.19715e-16 
4883.000 1.60175e-16 
4884.000 1.80344e-16 
4885.000 1.96719e-16 
4886.000 1.93538e-16 
4887.000 2.07181e-16 
4888.000 2.05698e-16 
4889.000 2.01094e-16 
4890.000 2.18411e-16 
4891.000 2.47490e-16 
4892.000 2.55983e-16 
4893.000 1.75005e-16 
4894.000 9.00337e-17 
4895.000 1.62098e-16 
4896.000 2.45040e-16 
4897.000 2.16734e-16 
4898.000 1.95499e-16 
4899.000 2.29648e-16 
4900.000 2.76871e-16 
4901.000 2.59138e-16 
4902.000 2.52387e-16 
4903.000 2.07267e-16 
4904.000 2.90909e-16 
4905.000 3.43344e-16 
4906.000 3.31650e-16 
4907.000 3.53173e-16 
4908.000 2.99070e-16 
4909.000 2.55912e-16 
4910.000 3.59150e-16 
4911.000 4.13497e-16 
4912.000 4.12739e-16 
4913.000 3.84015e-16 
4914.000 3.04472e-16 
4915.000 2.70809e-16 
4916.000 3.02611e-16 
4917.000 3.08772e-16 
4918.000 3.04984e-16 
4919.000 2.88493e-16 
4920.000 3.11459e-16 
4921.000 3.78790e-16 
4922.000 3.59384e-16 
4923.000 3.82114e-16 
4924.000 4.27657e-16 
4925.000 3.85571e-16 
4926.000 2.75236e-16 
4927.000 2.52279e-16 
4928.000 3.33107e-16 
4929.000 4.05552e-16 
4930.000 4.68255e-16 
4931.000 5.04538e-16 
4932.000 4.82864e-16 
4933.000 4.17822e-16 
4934.000 3.78591e-16 
4935.000 3.98526e-16 
4936.000 4.19756e-16 
4937.000 4.64332e-16 
4938.000 4.84917e-16 
4939.000 4.30939e-16 
4940.000 4.44972e-16 
4941.000 5.34632e-16 
4942.000 5.23511e-16 
4943.000 4.80313e-16 
4944.000 5.11060e-16 
4945.000 5.04389e-16 
4946.000 4.35122e-16 
4947.000 4.36515e-16 
4948.000 5.06703e-16 
4949.000 5.39170e-16 
4950.000 5.14003e-16 
4951.000 5.05830e-16 
4952.000 4.99558e-16 
4953.000 4.91637e-16 
4954.000 6.79883e-16 
4955.000 7.57690e-16 
4956.000 6.37369e-16 
4957.000 5.82204e-16 
4958.000 6.24702e-16 
4959.000 6.99073e-16 
4960.000 7.89546e-16 
4961.000 8.56640e-16 
4962.000 8.94362e-16 
4963.000 8.61888e-16 
4964.000 7.67104e-16 
4965.000 6.51363e-16 
4966.000 5.96868e-16 
4967.000 6.40473e-16 
4968.000 7.15566e-16 
4969.000 6.55492e-16 
4970.000 5.80471e-16 
4971.000 6.02836e-16 
4972.000 5.94991e-16 
4973.000 5.63209e-16 
4974.000 5.74237e-16 
4975.000 5.83873e-16 
4976.000 5.39886e-16 
4977.000 4.84275e-16 
4978.000 4.46201e-16 
4979.000 4.27552e-16 
4980.000 4.45570e-16 
4981.000 4.67165e-16 
4982.000 4.44953e-16 
4983.000 4.13791e-16 
4984.000 3.82854e-16 
4985.000 3.82974e-16 
4986.000 3.98381e-16 
4987.000 3.60933e-16 
4988.000 3.14550e-16 
4989.000 2.91597e-16 
4990.000 3.19132e-16 
4991.000 3.89745e-16 
4992.000 4.37370e-16 
4993.000 3.73422e-16 
4994.000 3.26406e-16 
4995.000 3.03517e-16 
4996.000 2.54111e-16 
4997.000 2.41813e-16 
4998.000 3.67095e-16 
4999.000 4.25483e-16 
5000.000 4.09674e-16 
5001.000 3.47950e-16 
5002.000 2.52922e-16 
5003.000 2.74734e-16 
5004.000 3.29879e-16 
5005.000 3.39507e-16 
5006.000 3.33533e-16 
5007.000 2.13237e-16 
5008.000 2.04409e-16 
5009.000 2.59995e-16 
5010.000 2.78495e-16 
5011.000 3.53949e-16 
5012.000 4.09867e-16 
5013.000 3.02948e-16 
5014.000 2.75012e-16 
5015.000 3.24564e-16 
5016.000 2.61588e-16 
5017.000 1.41716e-16 
5018.000 1.16768e-16 
5019.000 2.41712e-16 
5020.000 3.56524e-16 
5021.000 3.61474e-16 
5022.000 3.56905e-16 
5023.000 3.21534e-16 
5024.000 2.94363e-16 
5025.000 2.80257e-16 
5026.000 2.98143e-16 
5027.000 2.87746e-16 
5028.000 1.84519e-16 
5029.000 1.04101e-16 
5030.000 1.64635e-16 
5031.000 2.34762e-16 
5032.000 2.08391e-16 
5033.000 1.71753e-16 
5034.000 2.16449e-16 
5035.000 3.13807e-16 
5036.000 3.23225e-16 
5037.000 2.46656e-16 
5038.000 2.48203e-16 
5039.000 2.95552e-16 
5040.000 3.20577e-16 
5041.000 3.03645e-16 
5042.000 2.93390e-16 
5043.000 2.69099e-16 
5044.000 1.55938e-16 
5045.000 1.19473e-16 
5046.000 1.84347e-16 
5047.000 2.49234e-16 
5048.000 2.10960e-16 
5049.000 1.03498e-16 
5050.000 5.03735e-17 
5051.000 1.50040e-16 
5052.000 1.92171e-16 
5053.000 1.49521e-16 
5054.000 1.50048e-16 
5055.000 2.15241e-16 
5056.000 2.43096e-16 
5057.000 2.11818e-16 
5058.000 2.98436e-16 
5059.000 3.63358e-16 
5060.000 3.51011e-16 
5061.000 2.36363e-16 
5062.000 1.85335e-16 
5063.000 2.16568e-16 
5064.000 1.62997e-16 
5065.000 1.14295e-16 
5066.000 1.74322e-16 
5067.000 2.47396e-16 
5068.000 2.40089e-16 
5069.000 1.88013e-16 
5070.000 1.58875e-16 
5071.000 1.44395e-16 
5072.000 2.13073e-16 
5073.000 1.97107e-16 
5074.000 1.95287e-16 
5075.000 1.34999e-16 
5076.000 1.55888e-16 
5077.000 2.19395e-16 
5078.000 2.04843e-16 
5079.000 2.49993e-16 
5080.000 2.56945e-16 
5081.000 1.98511e-16 
5082.000 2.10407e-16 
5083.000 2.72470e-16 
5084.000 2.97181e-16 
5085.000 2.15838e-16 
5086.000 1.57084e-16 
5087.000 2.19448e-16 
5088.000 1.78597e-16 
5089.000 8.79005e-17 
5090.000 9.23955e-17 
5091.000 1.88948e-16 
5092.000 2.10684e-16 
5093.000 1.89943e-16 
5094.000 2.32055e-16 
5095.000 2.76825e-16 
5096.000 2.82692e-16 
5097.000 2.60957e-16 
5098.000 2.28481e-16 
5099.000 1.74188e-16 
5100.000 1.52684e-16 
5101.000 2.03662e-16 
5102.000 2.48469e-16 
5103.000 2.68203e-16 
5104.000 2.71748e-16 
5105.000 2.85828e-16 
5106.000 3.17611e-16 
5107.000 3.72660e-16 
5108.000 4.13029e-16 
5109.000 3.72918e-16 
5110.000 3.21993e-16 
5111.000 2.82990e-16 
5112.000 2.28734e-16 
5113.000 2.25426e-16 
5114.000 2.32321e-16 
5115.000 2.07906e-16 
5116.000 2.20942e-16 
5117.000 1.90764e-16 
5118.000 1.30257e-16 
5119.000 1.88285e-16 
5120.000 2.02353e-16 
5121.000 1.17504e-16 
5122.000 7.57218e-17 
5123.000 1.51423e-16 
5124.000 2.22443e-16 
5125.000 1.81502e-16 
5126.000 1.63698e-16 
5127.000 2.06413e-16 
5128.000 2.40279e-16 
5129.000 2.34880e-16 
5130.000 2.42099e-16 
5131.000 2.96113e-16 
5132.000 3.11414e-16 
5133.000 2.31924e-16 
5134.000 1.86108e-16 
5135.000 7.95246e-17 
5136.000 2.26257e-17 
5137.000 4.11810e-17 
5138.000 7.34629e-17 
5139.000 1.40757e-16 
5140.000 1.27001e-16 
5141.000 1.10402e-16 
5142.000 1.53239e-16 
5143.000 2.11556e-16 
5144.000 2.40415e-16 
5145.000 2.23561e-16 
5146.000 1.97566e-16 
5147.000 1.18486e-16 
5148.000 1.07388e-16 
5149.000 1.03771e-16 
5150.000 6.79961e-17 
5151.000 5.39895e-17 
5152.000 8.04731e-17 
5153.000 8.73196e-17 
5154.000 1.67975e-16 
5155.000 2.00795e-16 
5156.000 1.38559e-16 
5157.000 1.16818e-16 
5158.000 9.43272e-17 
5159.000 6.22547e-17 
5160.000 6.75259e-17 
5161.000 1.05151e-16 
5162.000 1.51052e-16 
5163.000 1.69957e-16 
5164.000 2.16583e-16 
5165.000 2.89282e-16 
5166.000 2.75991e-16 
5167.000 1.16193e-16 
5168.000 3.66103e-17 
5169.000 9.20011e-17 
5170.000 5.65030e-17 
5171.000 5.12904e-17 
5172.000 9.71973e-17 
5173.000 6.56564e-17 
5174.000 1.73651e-17 
5175.000 2.41105e-17 
5176.000 4.41012e-17 
5177.000 8.19442e-17 
5178.000 1.48793e-16 
5179.000 1.17202e-16 
5180.000 9.36589e-17 
5181.000 1.00808e-16 
5182.000 7.26835e-17 
5183.000 8.36260e-17 
5184.000 1.09441e-16 
5185.000 1.41564e-16 
5186.000 8.04140e-17 
5187.000 2.88611e-17 
5188.000 7.95790e-17 
5189.000 1.40268e-16 
5190.000 1.45110e-16 
5191.000 4.22777e-17 
5192.000 2.06059e-17 
5193.000 8.54361e-17 
5194.000 1.33993e-16 
5195.000 1.20890e-16 
5196.000 3.24305e-17 
5197.000 1.17891e-17 
5198.000 2.13347e-17 
5199.000 -3.94000e-18 
5200.000 -1.42650e-17 
5201.000 6.12813e-17 
5202.000 1.48652e-16 
5203.000 1.71976e-16 
5204.000 1.47674e-16 
5205.000 1.11145e-16 
5206.000 7.81817e-17 
5207.000 5.67346e-17 
5208.000 4.76585e-17 
5209.000 2.95758e-17 
5210.000 2.00872e-17 
5211.000 3.75405e-17 
5212.000 7.91604e-17 
5213.000 1.11886e-16 
5214.000 8.62030e-17 
5215.000 1.22357e-17 
5216.000 -3.04005e-19 
5217.000 -9.89774e-18 
5218.000 -1.16035e-17 
5219.000 4.12858e-17 
5220.000 9.10340e-17 
5221.000 1.31694e-16 
5222.000 8.41384e-17 
5223.000 5.66463e-17 
5224.000 2.10198e-17 
5225.000 -5.04678e-17 
5226.000 -3.89892e-17 
5227.000 6.48933e-18 
5228.000 4.35341e-17 
5229.000 5.64249e-17 
5230.000 4.08386e-17 
5231.000 3.81985e-17 
5232.000 8.56988e-17 
5233.000 1.04273e-16 
5234.000 6.60854e-17 
5235.000 8.82280e-17 
5236.000 1.39168e-16 
5237.000 1.24733e-16 
5238.000 7.28613e-17 
5239.000 2.48956e-17 
5240.000 1.32955e-17 
5241.000 3.03711e-17 
5242.000 3.76871e-17 
5243.000 1.16179e-17 
5244.000 9.77164e-18 
5245.000 -3.60821e-17 
5246.000 -6.11446e-17 
5247.000 3.05789e-17 
5248.000 6.54299e-17 
5249.000 3.31803e-17 
5250.000 -3.18203e-17 
5251.000 7.62756e-18 
5252.000 6.75602e-17 
5253.000 4.46841e-17 
5254.000 5.43261e-17 
5255.000 6.48659e-17 
5256.000 8.97094e-17 
5257.000 7.66338e-17 
5258.000 4.88294e-17 
5259.000 4.40596e-17 
5260.000 8.86124e-18 
5261.000 1.88524e-17 
5262.000 7.26640e-17 
5263.000 2.37969e-17 
5264.000 -1.07343e-17 
5265.000 2.06435e-17 
5266.000 8.03143e-18 
5267.000 -3.64767e-17 
5268.000 -3.06609e-17 
5269.000 -2.54376e-17 
5270.000 -3.51600e-17 
5271.000 -3.36571e-18 
5272.000 5.26755e-17 
5273.000 1.46019e-16 
5274.000 1.67858e-16 
5275.000 5.68007e-17 
5276.000 -4.36473e-18 
5277.000 2.72834e-17 
5278.000 4.83871e-17 
5279.000 1.16291e-16 
5280.000 1.04989e-16 
5281.000 3.62710e-17 
5282.000 -5.63618e-18 
5283.000 -1.25250e-17 
5284.000 -2.22657e-17 
5285.000 -9.36956e-17 
5286.000 -1.31492e-16 
5287.000 -6.86648e-17 
5288.000 -3.16868e-17 
5289.000 1.43054e-17 
5290.000 8.12421e-17 
5291.000 6.25192e-17 
5292.000 5.52459e-17 
5293.000 5.13295e-17 
5294.000 -3.69482e-17 
5295.000 -5.84340e-17 
5296.000 -4.76965e-17 
5297.000 -1.40765e-17 
5298.000 4.80204e-17 
5299.000 3.63594e-17 
5300.000 -3.37290e-17 
5301.000 3.27567e-17 
5302.000 6.06738e-17 
5303.000 -2.29198e-17 
5304.000 -2.62051e-17 
5305.000 1.88974e-17 
5306.000 3.49929e-17 
5307.000 2.26996e-17 
5308.000 -1.17529e-17 
5309.000 -1.71601e-18 
5310.000 1.86417e-17 
5311.000 -7.25089e-18 
5312.000 5.70713e-17 
5313.000 7.65333e-17 
5314.000 3.02192e-17 
5315.000 4.13106e-18 
5316.000 4.15702e-17 
5317.000 6.25942e-18 
5318.000 -6.33990e-17 
5319.000 -2.65603e-17 
5320.000 1.27535e-17 
5321.000 -1.88460e-17 
5322.000 -7.44862e-17 
5323.000 -4.79524e-17 
5324.000 3.13738e-17 
5325.000 -2.10892e-17 
5326.000 -3.67123e-17 
5327.000 -2.21539e-18 
5328.000 -9.63815e-17 
5329.000 -6.84706e-17 
5330.000 -2.07026e-17 
5331.000 -2.08629e-18 
5332.000 -5.32870e-17 
5333.000 -7.31615e-17 
5334.000 6.70231e-18 
5335.000 3.09792e-18 
5336.000 -2.50406e-17 
5337.000 -2.94950e-17 
5338.000 -5.75408e-17 
5339.000 -6.57114e-17 
5340.000 -4.47035e-18 
5341.000 4.84326e-17 
5342.000 7.58412e-18 
5343.000 -2.66481e-17 
5344.000 2.95226e-17 
5345.000 -1.03471e-17 
5346.000 -9.83991e-17 
5347.000 -1.06886e-16 
5348.000 -6.49588e-17 
5349.000 -3.64919e-17 
5350.000 -2.63499e-17 
5351.000 -1.34988e-17 
5352.000 1.14184e-17 
5353.000 1.69762e-17 
5354.000 -3.06259e-17 
5355.000 -1.06477e-17 
5356.000 -1.04873e-18 
5357.000 -2.49808e-17 
5358.000 -1.54048e-17 
5359.000 8.15105e-18 
5360.000 -2.99782e-17 
5361.000 -8.06423e-17 
5362.000 -3.93075e-17 
5363.000 -3.88457e-17 
5364.000 -8.21608e-17 
5365.000 -6.27205e-17 
5366.000 -8.51895e-17 
5367.000 -1.59576e-16 
5368.000 -1.47737e-16 
5369.000 -3.92309e-17 
5370.000 -2.21551e-17 
5371.000 -3.11746e-17 
5372.000 7.33102e-18 
5373.000 2.75606e-18 
5374.000 -3.81050e-17 
5375.000 -3.28567e-17 
5376.000 -3.33898e-17 
5377.000 -1.81804e-17 
5378.000 2.63562e-17 
5379.000 2.32561e-17 
5380.000 -4.94347e-17 
5381.000 -6.91546e-17 
5382.000 1.24571e-17 
5383.000 6.20503e-17 
5384.000 5.76707e-17 
5385.000 9.77921e-17 
5386.000 3.76811e-17 
5387.000 -4.18648e-17 
5388.000 -5.83427e-17 
5389.000 1.01048e-18 
5390.000 7.76155e-17 
5391.000 7.62134e-17 
5392.000 7.35939e-17 
5393.000 6.27909e-17 
5394.000 4.90525e-18 
5395.000 -2.15508e-17 
5396.000 -6.13284e-18 
5397.000 -2.43276e-18 
5398.000 1.80510e-17 
5399.000 1.27798e-17 
5400.000 -6.28954e-18 
5401.000 5.27906e-17 
5402.000 -2.08434e-18 
5403.000 -4.22992e-17 
5404.000 1.76371e-17 
5405.000 3.52343e-17 
5406.000 -4.12596e-17 
5407.000 6.02230e-18 
5408.000 5.58194e-17 
5409.000 5.66282e-17 
5410.000 7.64693e-17 
5411.000 8.12539e-17 
5412.000 -1.65796e-17 
5413.000 6.88415e-18 
5414.000 2.86105e-17 
5415.000 -1.47297e-17 
5416.000 -2.90683e-17 
5417.000 -3.80029e-17 
5418.000 1.95219e-17 
5419.000 8.22257e-19 
5420.000 -5.93106e-17 
5421.000 -4.83278e-17 
5422.000 -7.45577e-18 
5423.000 1.43054e-17 
5424.000 -1.34385e-17 
5425.000 2.55683e-17 
5426.000 9.49132e-17 
5427.000 7.06572e-17 
5428.000 3.84216e-17 
5429.000 -2.77650e-17 
5430.000 -9.64638e-17 
5431.000 -1.02739e-16 
5432.000 -8.56260e-17 
5433.000 -4.86641e-17 
5434.000 -8.25277e-18 
5435.000 -2.04325e-17 
5436.000 8.61229e-18 
5437.000 4.17336e-17 
5438.000 4.37318e-17 
5439.000 2.94845e-17 
5440.000 2.47092e-17 
5441.000 3.34526e-17 
5442.000 2.57218e-17 
5443.000 -2.47433e-17 
5444.000 -6.76896e-17 
5445.000 -7.46662e-17 
5446.000 -5.45359e-17 
5447.000 1.78567e-17 
5448.000 8.05799e-17 
5449.000 5.95433e-17 
5450.000 -2.49076e-17 
5451.000 -2.86721e-17 
5452.000 -8.46321e-18 
5453.000 -8.86384e-17 
5454.000 -7.75914e-17 
5455.000 2.25181e-17 
5456.000 3.64515e-17 
5457.000 -1.08000e-17 
5458.000 -2.76927e-19 
5459.000 9.63290e-17 
5460.000 9.48189e-17 
5461.000 -4.92935e-17 
5462.000 -1.01496e-16 
5463.000 -8.94663e-18 
5464.000 4.32410e-17 
5465.000 1.42321e-17 
5466.000 1.44196e-17 
5467.000 -5.61998e-17 
5468.000 -7.02741e-17 
5469.000 -4.92649e-17 
5470.000 -6.51854e-17 
5471.000 -5.31648e-17 
5472.000 2.28289e-18 
5473.000 3.97817e-17 
5474.000 5.28125e-17 
5475.000 5.68009e-17 
5476.000 3.14973e-17 
5477.000 -2.51690e-18 
5478.000 -4.05116e-17 
5479.000 -4.76230e-17 
5480.000 8.81301e-18 
5481.000 2.19156e-17 
5482.000 -7.39799e-18 
5483.000 3.08320e-18 
5484.000 2.02060e-17 
5485.000 -3.71836e-17 
5486.000 -3.24480e-17 
5487.000 -1.56400e-17 
5488.000 -3.48166e-17 
5489.000 -5.55490e-17 
5490.000 -2.60006e-17 
5491.000 6.75204e-17 
5492.000 3.90315e-17 
5493.000 -3.11102e-17 
5494.000 9.54540e-18 
5495.000 3.60838e-17 
5496.000 6.84429e-17 
5497.000 -2.32601e-17 
5498.000 -7.72970e-17 
5499.000 -5.74206e-18 
5500.000 -1.68887e-17 
5501.000 -1.59609e-17 
5502.000 4.73411e-17 
5503.000 9.08293e-17 
5504.000 7.49434e-17 
5505.000 9.87238e-17 
5506.000 6.60753e-17 
5507.000 1.49788e-17 
5508.000 -1.19643e-20 
5509.000 1.83077e-17 
5510.000 9.62245e-18 
5511.000 -1.67694e-17 
5512.000 -4.68416e-17 
5513.000 -1.18333e-17 
5514.000 6.12658e-17 
5515.000 5.74618e-17 
5516.000 4.47939e-17 
5517.000 6.34207e-17 
5518.000 5.04669e-17 
5519.000 2.11989e-17 
5520.000 5.97207e-17 
5521.000 6.16058e-17 
5522.000 -3.52241e-18 
5523.000 -7.72198e-18 
5524.000 1.74941e-18 
5525.000 -8.08519e-18 
5526.000 3.89818e-18 
5527.000 3.37872e-17 
5528.000 1.29498e-17 
5529.000 -3.18081e-17 
5530.000 -1.73170e-17 
5531.000 7.53200e-17 
5532.000 1.20724e-16 
5533.000 8.80078e-17 
5534.000 2.41379e-17 
5535.000 -1.00872e-17 
5536.000 8.44211e-18 
5537.000 4.61564e-17 
5538.000 6.06707e-17 
5539.000 3.75915e-17 
5540.000 3.06859e-18 
5541.000 1.11496e-17 
5542.000 2.08410e-17 
5543.000 1.39811e-17 
5544.000 1.62409e-17 
5545.000 5.90714e-17 
5546.000 7.34099e-17 
5547.000 -3.14202e-18 
5548.000 -2.03614e-17 
5549.000 6.65955e-17 
5550.000 1.15209e-16 
5551.000 3.07419e-17 
5552.000 -5.88523e-17 
5553.000 -3.41878e-17 
5554.000 -2.48202e-17 
5555.000 -5.93632e-17 
5556.000 -3.01200e-17 
5557.000 4.18657e-17 
5558.000 1.22884e-16 
5559.000 1.11398e-16 
5560.000 -1.82975e-18 
5561.000 9.16225e-18 
5562.000 -2.26293e-17 
5563.000 -2.41986e-17 
5564.000 1.54129e-17 
5565.000 -3.39379e-17 
5566.000 -4.04633e-17 
5567.000 -1.73454e-17 
5568.000 1.67009e-17 
5569.000 5.92341e-17 
5570.000 3.62080e-17 
5571.000 1.10417e-17 
5572.000 2.05966e-17 
5573.000 5.14241e-17 
5574.000 6.73052e-18 
5575.000 -2.03416e-17 
5576.000 8.41723e-17 
5577.000 1.33301e-16 
5578.000 1.05752e-17 
5579.000 2.58092e-17 
5580.000 1.04864e-16 
5581.000 6.55430e-17 
5582.000 3.64619e-17 
5583.000 1.53678e-17 
5584.000 1.59003e-17 
5585.000 -4.04696e-19 
5586.000 4.00152e-18 
5587.000 6.35619e-17 
5588.000 7.34482e-17 
5589.000 7.75901e-17 
5590.000 8.94936e-17 
5591.000 9.25433e-17 
5592.000 9.14500e-17 
5593.000 8.46420e-17 
5594.000 -3.85397e-18 
5595.000 -2.90365e-17 
5596.000 5.22824e-17 
5597.000 3.20778e-17 
5598.000 1.25584e-17 
5599.000 6.53092e-17 
5600.000 9.57117e-17 
5601.000 2.75309e-17 
5602.000 2.19973e-17 
5603.000 5.48801e-17 
5604.000 4.50909e-17 
5605.000 2.19381e-17 
5606.000 1.26688e-17 
5607.000 4.45350e-17 
5608.000 4.43951e-17 
5609.000 -4.64587e-18 
5610.000 3.64342e-17 
5611.000 5.96593e-17 
5612.000 6.55122e-18 
5613.000 -5.50606e-17 
5614.000 -7.53524e-17 
5615.000 -3.04658e-17 
5616.000 5.27927e-17 
5617.000 7.31807e-17 
5618.000 2.84976e-17 
5619.000 2.71653e-17 
5620.000 6.03264e-17 
5621.000 6.36470e-17 
5622.000 -8.93156e-18 
5623.000 -4.29197e-17 
5624.000 4.42226e-17 
5625.000 6.48485e-17 
5626.000 7.09794e-17 
5627.000 8.44046e-17 
5628.000 1.88603e-17 
5629.000 1.03242e-17 
5630.000 1.02543e-17 
5631.000 -4.50250e-17 
5632.000 1.71768e-17 
5633.000 9.24516e-17 
5634.000 4.19472e-17 
5635.000 1.63342e-17 
5636.000 5.80718e-17 
5637.000 1.14567e-16 
5638.000 5.18438e-17 
5639.000 -1.09966e-18 
5640.000 2.42879e-17 
5641.000 -8.02643e-19 
5642.000 -1.61332e-17 
5643.000 7.96235e-18 
5644.000 4.18723e-17 
5645.000 2.76535e-17 
5646.000 -1.05428e-17 
5647.000 9.03628e-18 
5648.000 4.50928e-17 
5649.000 5.15538e-17 
5650.000 5.06635e-17 
5651.000 5.11573e-17 
5652.000 3.68612e-17 
5653.000 3.16248e-18 
5654.000 3.68814e-17 
5655.000 2.15256e-17 
5656.000 -6.54460e-17 
5657.000 1.62808e-17 
5658.000 7.56860e-17 
5659.000 4.18735e-17 
5660.000 3.37301e-17 
5661.000 6.26490e-17 
5662.000 5.90295e-17 
5663.000 -6.95094e-18 
5664.000 -6.04321e-18 
5665.000 6.53951e-17 
5666.000 5.99102e-17 
5667.000 4.63954e-17 
5668.000 3.19207e-17 
5669.000 1.68141e-17 
5670.000 -9.65149e-18 
5671.000 -1.99954e-17 
5672.000 8.77368e-17 
5673.000 1.07666e-16 
5674.000 4.60307e-18 
5675.000 -4.53220e-17 
5676.000 -3.27998e-17 
5677.000 9.90923e-18 
5678.000 6.14099e-19 
5679.000 4.67795e-18 
5680.000 9.31797e-18 
5681.000 -2.20110e-17 
5682.000 1.83467e-17 
5683.000 4.31615e-17 
5684.000 -1.43143e-17 
5685.000 4.13927e-18 
5686.000 4.06521e-17 
5687.000 2.40337e-17 
5688.000 2.05252e-17 
5689.000 3.38974e-17 
5690.000 4.80726e-17 
5691.000 2.11377e-17 
5692.000 3.74828e-17 
5693.000 5.28104e-17 
5694.000 6.68484e-18 
5695.000 -2.10969e-17 
5696.000 -4.90521e-17 
5697.000 -5.40643e-18 
5698.000 -2.54177e-17 
5699.000 -4.40525e-17 
5700.000 3.69575e-17 
5701.000 -1.48994e-17 
5702.000 -1.77203e-17 
5703.000 3.15980e-17 
5704.000 1.29435e-17 
5705.000 -2.20439e-17 
5706.000 -6.53519e-17 
5707.000 3.90090e-18 
5708.000 9.00640e-17 
5709.000 3.66418e-17 
5710.000 -1.76262e-19 
5711.000 1.74920e-17 
5712.000 5.77537e-17 
5713.000 8.78129e-17 
5714.000 5.17161e-17 
5715.000 -3.17379e-17 
5716.000 -2.03652e-17 
5717.000 5.65336e-17 
5718.000 4.83981e-17 
5719.000 9.86346e-18 
5720.000 2.18719e-17 
5721.000 1.86233e-17 
5722.000 8.11521e-18 
5723.000 3.78727e-17 
5724.000 7.26328e-17 
5725.000 7.92720e-17 
5726.000 7.46356e-17 
5727.000 1.89691e-17 
5728.000 -1.37712e-18 
5729.000 2.49346e-17 
5730.000 1.75500e-17 
5731.000 3.64336e-17 
5732.000 2.01172e-17 
5733.000 -5.20972e-17 
5734.000 -7.27707e-17 
5735.000 -6.78772e-17 
5736.000 -3.83864e-17 
5737.000 -2.22730e-17 
5738.000 -6.91431e-17 
5739.000 -1.41377e-17 
5740.000 2.67002e-17 
5741.000 -4.23207e-17 
5742.000 -1.69034e-17 
5743.000 7.01146e-17 
5744.000 9.12018e-17 
5745.000 8.63523e-17 
5746.000 7.06442e-17 
5747.000 4.06824e-17 
5748.000 3.67428e-17 
5749.000 7.51651e-17 
5750.000 1.35140e-16 
5751.000 1.34330e-16 
5752.000 4.45385e-17 
5753.000 -3.38763e-17 
5754.000 -2.54518e-17 
5755.000 2.95427e-17 
5756.000 4.37735e-17 
5757.000 -3.81718e-18 
5758.000 -6.03181e-17 
5759.000 -2.14027e-17 
5760.000 7.23173e-18 
5761.000 7.58057e-18 
5762.000 2.52841e-17 
5763.000 2.18223e-17 
5764.000 -2.08646e-17 
5765.000 -4.79169e-17 
5766.000 2.12632e-19 
5767.000 5.92981e-17 
5768.000 9.60380e-17 
5769.000 3.54441e-17 
5770.000 -2.55007e-17 
5771.000 3.66517e-17 
5772.000 4.90474e-17 
5773.000 2.84229e-17 
5774.000 3.66612e-17 
5775.000 5.33817e-17 
5776.000 7.39597e-17 
5777.000 8.77205e-17 
5778.000 6.42365e-17 
5779.000 -1.62146e-17 
5780.000 -5.57537e-17 
5781.000 -2.65018e-17 
5782.000 -3.49108e-17 
5783.000 1.22831e-17 
5784.000 1.08820e-16 
5785.000 1.03827e-16 
5786.000 4.87132e-17 
5787.000 4.23286e-17 
5788.000 3.55228e-17 
5789.000 6.19180e-17 
5790.000 1.03861e-16 
5791.000 6.26866e-17 
5792.000 4.89948e-17 
5793.000 6.26134e-17 
5794.000 4.17228e-17 
5795.000 4.48427e-17 
5796.000 9.91267e-17 
5797.000 1.23535e-16 
5798.000 1.07548e-16 
5799.000 5.80634e-17 
5800.000 6.09645e-17 
5801.000 1.02373e-16 
5802.000 1.26454e-16 
5803.000 1.26533e-16 
5804.000 1.32569e-16 
5805.000 1.26067e-16 
5806.000 8.77576e-17 
5807.000 8.14138e-17 
5808.000 1.09945e-16 
5809.000 1.13389e-16 
5810.000 6.16819e-17 
5811.000 1.64926e-17 
5812.000 -2.67210e-17 
5813.000 7.72574e-18 
5814.000 6.98584e-17 
5815.000 6.22485e-17 
5816.000 5.05270e-17 
5817.000 1.65295e-17 
5818.000 8.81568e-18 
5819.000 1.08054e-16 
5820.000 9.60398e-17 
5821.000 -4.52932e-18 
5822.000 1.92661e-17 
5823.000 5.98525e-17 
5824.000 7.00379e-17 
5825.000 5.80029e-17 
5826.000 5.98189e-17 
5827.000 4.04917e-17 
5828.000 1.23074e-17 
5829.000 5.10193e-17 
5830.000 7.01316e-17 
5831.000 -1.28766e-17 
5832.000 -4.52502e-17 
5833.000 1.20858e-17 
5834.000 7.93811e-17 
5835.000 5.78915e-17 
5836.000 4.81963e-17 
5837.000 6.97768e-17 
5838.000 2.58767e-17 
5839.000 5.24669e-17 
5840.000 4.71150e-17 
5841.000 1.34020e-17 
5842.000 7.38582e-17 
5843.000 9.23570e-17 
5844.000 6.50614e-17 
5845.000 6.54673e-17 
5846.000 7.88832e-17 
5847.000 5.11138e-17 
5848.000 1.63246e-17 
5849.000 9.57105e-18 
5850.000 2.13897e-17 
5851.000 4.31930e-17 
5852.000 8.71534e-17 
5853.000 9.26025e-17 
5854.000 3.97496e-17 
5855.000 1.34224e-17 
5856.000 4.26862e-17 
5857.000 1.10393e-16 
5858.000 1.42881e-16 
5859.000 1.57011e-16 
5860.000 6.59073e-17 
5861.000 2.70835e-17 
5862.000 8.52826e-17 
5863.000 2.49756e-17 
5864.000 1.96087e-17 
5865.000 1.13310e-16 
5866.000 7.92346e-17 
5867.000 8.52197e-17 
5868.000 1.33264e-16 
5869.000 6.79045e-18 
5870.000 -4.24834e-17 
5871.000 2.82397e-17 
5872.000 7.27122e-17 
5873.000 4.56466e-17 
5874.000 3.88310e-17 
5875.000 3.82867e-17 
5876.000 1.73939e-17 
5877.000 3.50436e-17 
5878.000 1.03901e-16 
5879.000 1.00359e-16 
5880.000 6.48637e-17 
5881.000 1.05927e-16 
5882.000 1.12517e-16 
5883.000 3.99900e-17 
5884.000 -2.37217e-17 
5885.000 8.93272e-17 
5886.000 1.13955e-16 
5887.000 -9.93077e-18 
5888.000 2.53376e-17 
5889.000 8.85337e-17 
5890.000 7.26395e-17 
5891.000 6.23560e-17 
5892.000 4.62190e-17 
5893.000 1.57131e-17 
5894.000 -6.14607e-17 
5895.000 -4.69269e-17 
5896.000 7.93648e-17 
5897.000 1.30188e-16 
5898.000 1.00458e-16 
5899.000 4.68841e-17 
5900.000 3.75031e-17 
5901.000 1.70581e-17 
5902.000 -7.46575e-18 
5903.000 1.22696e-17 
5904.000 4.51803e-17 
5905.000 1.90491e-17 
5906.000 -4.93519e-17 
5907.000 -2.57413e-18 
5908.000 6.92658e-17 
5909.000 5.16172e-17 
5910.000 1.16507e-17 
5911.000 2.57480e-18 
5912.000 3.07530e-17 
5913.000 5.67611e-17 
5914.000 3.28203e-17 
5915.000 -3.28200e-17 
5916.000 -4.79448e-17 
5917.000 7.29981e-18 
5918.000 7.13452e-17 
5919.000 3.66707e-17 
5920.000 1.50352e-17 
5921.000 3.62883e-17 
5922.000 3.05020e-17 
5923.000 2.02759e-17 
5924.000 1.52508e-17 
5925.000 -1.08780e-17 
5926.000 -3.86848e-17 
5927.000 -2.68516e-17 
5928.000 1.96202e-18 
5929.000 3.38728e-17 
5930.000 4.45724e-17 
5931.000 2.74481e-17 
5932.000 2.77297e-17 
5933.000 5.38168e-17 
5934.000 9.27583e-17 
5935.000 8.72459e-17 
5936.000 4.99899e-17 
5937.000 3.95369e-17 
5938.000 7.01759e-18 
5939.000 -1.65614e-17 
5940.000 9.18898e-19 
5941.000 5.78619e-17 
5942.000 9.99145e-17 
5943.000 8.32625e-17 
5944.000 7.75710e-17 
5945.000 6.00484e-17 
5946.000 3.95595e-17 
5947.000 6.96040e-17 
5948.000 6.39874e-17 
5949.000 1.76390e-17 
5950.000 9.92704e-18 
5951.000 1.14077e-17 
5952.000 9.51570e-18 
5953.000 -2.40660e-17 
5954.000 -2.44618e-17 
5955.000 2.00624e-17 
5956.000 2.22392e-17 
5957.000 6.66237e-17 
5958.000 9.68308e-17 
5959.000 4.51680e-17 
5960.000 3.40919e-17 
5961.000 6.03790e-17 
5962.000 7.22029e-17 
5963.000 8.79151e-17 
5964.000 8.61801e-17 
5965.000 7.73002e-17 
5966.000 8.08876e-17 
5967.000 9.21025e-17 
5968.000 6.33583e-17 
5969.000 1.75887e-17 
5970.000 5.44279e-17 
5971.000 8.15213e-17 
5972.000 6.68989e-17 
5973.000 5.95689e-17 
5974.000 5.08887e-17 
5975.000 1.18253e-16 
5976.000 1.23293e-16 
5977.000 7.39004e-17 
5978.000 1.17107e-16 
5979.000 1.66556e-16 
5980.000 1.59936e-16 
5981.000 1.11786e-16 
5982.000 1.02284e-16 
5983.000 1.06761e-16 
5984.000 1.07988e-16 
5985.000 1.43644e-16 
5986.000 1.43336e-16 
5987.000 1.27513e-16 
5988.000 1.12798e-16 
5989.000 9.53895e-17 
5990.000 1.80876e-16 
5991.000 2.05361e-16 
5992.000 1.33123e-16 
5993.000 1.02042e-16 
5994.000 1.55112e-16 
5995.000 2.00628e-16 
5996.000 1.84797e-16 
5997.000 1.54704e-16 
5998.000 1.76288e-16 
5999.000 1.96372e-16 
6000.000 1.16789e-16 
6001.000 7.92057e-17 
6002.000 1.18702e-16 
6003.000 1.36009e-16 
6004.000 8.72153e-17 
6005.000 4.87979e-17 
6006.000 4.00020e-17 
6007.000 1.58654e-17 
6008.000 1.54033e-17 
6009.000 6.99709e-17 
6010.000 1.68173e-16 
6011.000 2.04246e-16 
6012.000 1.98302e-16 
6013.000 2.02537e-16 
6014.000 1.09946e-16 
6015.000 -2.99653e-17 
6016.000 2.53938e-18 
6017.000 9.84148e-17 
6018.000 1.11485e-16 
6019.000 8.17009e-17 
6020.000 8.49534e-17 
6021.000 1.12909e-16 
6022.000 9.54292e-17 
6023.000 1.15283e-16 
6024.000 1.63861e-16 
6025.000 1.36246e-16 
6026.000 7.86254e-17 
6027.000 4.86047e-17 
6028.000 8.49589e-17 
6029.000 8.35165e-17 
6030.000 4.90488e-17 
6031.000 6.26731e-17 
6032.000 5.15998e-17 
6033.000 1.86208e-17 
6034.000 1.07158e-17 
6035.000 1.22068e-17 
6036.000 3.27653e-17 
6037.000 5.63203e-17 
6038.000 5.60093e-17 
6039.000 3.17048e-17 
6040.000 3.75930e-17 
6041.000 4.54714e-17 
6042.000 5.02809e-17 
6043.000 4.90713e-17 
6044.000 2.50315e-17 
6045.000 5.98545e-17 
6046.000 1.20182e-16 
6047.000 6.52015e-17 
6048.000 -1.10678e-17 
6049.000 -3.07206e-17 
6050.000 -9.06627e-18 
6051.000 4.53747e-17 
6052.000 9.71383e-17 
6053.000 1.02743e-16 
6054.000 4.24282e-17 
6055.000 3.59957e-18 
6056.000 2.68588e-17 
6057.000 2.17497e-17 
6058.000 2.25772e-17 
6059.000 3.12121e-17 
6060.000 1.86535e-17 
6061.000 3.21381e-17 
6062.000 6.17204e-17 
6063.000 4.09389e-17 
6064.000 1.45642e-18 
6065.000 1.76645e-17 
6066.000 6.55113e-17 
6067.000 7.03444e-17 
6068.000 4.74216e-17 
6069.000 3.10066e-17 
6070.000 7.42016e-17 
6071.000 1.24613e-16 
6072.000 8.25421e-17 
6073.000 6.94245e-17 
6074.000 8.65129e-17 
6075.000 2.37576e-17 
6076.000 7.90051e-18 
6077.000 4.90368e-17 
6078.000 4.23937e-17 
6079.000 5.99030e-18 
6080.000 1.24787e-17 
6081.000 6.42817e-17 
6082.000 4.29670e-17 
6083.000 2.75057e-17 
6084.000 3.15037e-17 
6085.000 -4.38409e-17 
6086.000 -7.41157e-17 
6087.000 -2.06508e-17 
6088.000 5.24989e-17 
6089.000 5.95060e-17 
6090.000 4.64439e-18 
6091.000 -2.17260e-17 
6092.000 7.83987e-18 
6093.000 5.95080e-17 
6094.000 5.14960e-17 
6095.000 -9.29883e-20 
6096.000 -4.59461e-18 
6097.000 4.37798e-17 
6098.000 5.07546e-17 
6099.000 2.80189e-17 
6100.000 5.11180e-17 
6101.000 5.45667e-17 
6102.000 2.19638e-17 
6103.000 -4.90259e-18 
6104.000 1.22200e-17 
6105.000 4.63765e-17 
6106.000 5.01456e-17 
6107.000 5.92939e-17 
6108.000 6.43158e-17 
6109.000 4.43448e-17 
6110.000 2.48521e-17 
6111.000 1.52605e-17 
6112.000 5.46418e-18 
6113.000 4.02491e-18 
6114.000 4.41455e-17 
6115.000 2.72290e-17 
6116.000 -5.90036e-17 
6117.000 -3.26872e-17 
6118.000 4.86197e-18 
6119.000 -5.72603e-17 
6120.000 -9.18340e-17 
6121.000 -5.94013e-17 
6122.000 1.17737e-17 
6123.000 4.33825e-17 
6124.000 3.03618e-17 
6125.000 1.22966e-17 
6126.000 1.59254e-17 
6127.000 3.96474e-17 
6128.000 2.41476e-17 
6129.000 -6.70253e-18 
6130.000 -3.04813e-17 
6131.000 -3.48191e-18 
6132.000 6.02982e-17 
6133.000 7.42964e-17 
6134.000 9.76816e-18 
6135.000 -2.10874e-17 
6136.000 -1.34072e-17 
6137.000 -2.23508e-17 
6138.000 -2.14761e-17 
6139.000 1.93941e-17 
6140.000 7.28565e-17 
6141.000 6.17938e-17 
6142.000 4.79565e-17 
6143.000 6.03506e-17 
6144.000 3.31552e-17 
6145.000 1.63279e-17 
6146.000 2.96885e-17 
6147.000 2.78763e-17 
6148.000 4.35977e-18 
6149.000 -2.14739e-17 
6150.000 -2.97568e-17 
6151.000 -2.69562e-17 
6152.000 -2.07779e-17 
6153.000 -1.94898e-18 
6154.000 4.64298e-17 
6155.000 3.93358e-17 
6156.000 -2.38037e-17 
6157.000 -3.90791e-18 
6158.000 4.32913e-17 
6159.000 -2.13730e-19 
6160.000 -2.70083e-17 
6161.000 1.73001e-17 
6162.000 7.66493e-17 
6163.000 5.83757e-17 
6164.000 2.07642e-17 
6165.000 2.56237e-17 
6166.000 3.88631e-17 
6167.000 5.19645e-17 
6168.000 5.65043e-17 
6169.000 2.43057e-17 
6170.000 7.11903e-18 
6171.000 2.51727e-17 
6172.000 5.28143e-17 
6173.000 1.00504e-16 
6174.000 1.08811e-16 
6175.000 -1.63293e-17 
6176.000 -6.86952e-17 
6177.000 3.20345e-18 
6178.000 4.60400e-17 
6179.000 5.83095e-17 
6180.000 6.39696e-17 
6181.000 5.74784e-17 
6182.000 -1.22083e-17 
6183.000 -7.21774e-17 
6184.000 -4.50096e-17 
6185.000 -1.79585e-17 
6186.000 -3.76268e-18 
6187.000 1.74227e-17 
6188.000 4.71919e-17 
6189.000 3.83922e-17 
6190.000 -7.28259e-18 
6191.000 -1.13851e-17 
6192.000 9.54210e-18 
6193.000 1.47631e-17 
6194.000 -2.22160e-17 
6195.000 -3.15852e-17 
6196.000 -2.08616e-17 
6197.000 -4.74533e-17 
6198.000 -9.48076e-18 
6199.000 7.63538e-17 
6200.000 6.74675e-17 
6201.000 9.98948e-18 
6202.000 -1.40500e-17 
6203.000 8.13543e-18 
6204.000 3.01185e-18 
6205.000 2.37684e-18 
6206.000 -8.91796e-18 
6207.000 -5.12027e-17 
6208.000 -8.05935e-17 
6209.000 -7.34185e-17 
6210.000 -4.76261e-17 
6211.000 -2.81126e-17 
6212.000 2.85146e-19 
6213.000 3.01662e-17 
6214.000 2.95908e-17 
6215.000 8.90643e-18 
6216.000 -2.85937e-17 
6217.000 -5.78293e-17 
6218.000 -4.44011e-17 
6219.000 -1.22510e-17 
6220.000 -3.44340e-17 
6221.000 -9.48548e-17 
6222.000 -7.52719e-17 
6223.000 -2.80039e-17 
6224.000 -1.09338e-17 
6225.000 -2.43996e-17 
6226.000 -5.16116e-17 
6227.000 -4.09087e-17 
6228.000 3.87180e-17 
6229.000 3.08652e-17 
6230.000 -4.26938e-17 
6231.000 -4.20618e-17 
6232.000 8.92812e-18 
6233.000 5.20201e-17 
6234.000 5.95161e-17 
6235.000 6.47440e-17 
6236.000 5.10887e-17 
6237.000 3.72904e-18 
6238.000 -1.94762e-17 
6239.000 5.83837e-18 
6240.000 4.01141e-17 
6241.000 -5.95303e-18 
6242.000 -6.13069e-17 
6243.000 -8.03163e-17 
6244.000 -9.98351e-17 
6245.000 -4.38291e-17 
6246.000 2.39425e-17 
6247.000 1.88424e-17 
6248.000 2.13773e-17 
6249.000 2.57175e-17 
6250.000 -9.64921e-18 
6251.000 -4.84385e-17 
6252.000 -5.52777e-17 
6253.000 -4.00122e-17 
6254.000 -3.85571e-17 
6255.000 -3.71782e-17 
6256.000 -2.19984e-17 
6257.000 -4.65645e-17 
6258.000 -4.37504e-17 
6259.000 2.59722e-17 
6260.000 6.32523e-18 
6261.000 -1.99357e-17 
6262.000 3.24719e-17 
6263.000 3.88803e-17 
6264.000 -5.13178e-18 
6265.000 -7.38434e-17 
6266.000 -9.71691e-17 
6267.000 -1.14340e-17 
6268.000 9.28917e-17 
6269.000 6.26163e-17 
6270.000 8.35000e-18 
6271.000 -8.87280e-19 
6272.000 -2.57422e-17 
6273.000 2.97189e-17 
6274.000 6.70738e-17 
6275.000 -9.05486e-17 
6276.000 -1.17783e-16 
6277.000 -1.12589e-17 
6278.000 -8.24302e-17 
6279.000 -1.06861e-16 
6280.000 -3.43186e-17 
6281.000 -3.15290e-17 
6282.000 -8.71214e-17 
6283.000 -1.17173e-16 
6284.000 -6.62940e-17 
6285.000 -4.28587e-17 
6286.000 -5.11290e-17 
6287.000 -3.58322e-17 
6288.000 1.61769e-17 
6289.000 3.21278e-17 
6290.000 -2.30650e-17 
6291.000 -1.82677e-17 
6292.000 -1.77329e-17 
6293.000 -5.29333e-17 
6294.000 -3.60061e-17 
6295.000 -6.66649e-18 
6296.000 7.38386e-18 
6297.000 3.37097e-17 
6298.000 6.05404e-17 
6299.000 4.20893e-17 
6300.000 -4.59440e-17 
6301.000 -1.24413e-16 
6302.000 -9.97943e-17 
6303.000 2.73189e-17 
6304.000 6.02461e-17 
6305.000 -8.98714e-18 
6306.000 -5.09836e-17 
6307.000 -4.74750e-17 
6308.000 -3.40433e-18 
6309.000 4.90517e-17 
6310.000 2.79989e-17 
6311.000 -4.49564e-18 
6312.000 9.07960e-18 
6313.000 -4.63927e-17 
6314.000 -7.29067e-17 
6315.000 -1.00315e-17 
6316.000 -2.00081e-17 
6317.000 -4.05934e-18 
6318.000 7.23449e-17 
6319.000 2.55122e-17 
6320.000 -2.51913e-17 
6321.000 4.74059e-18 
6322.000 1.43838e-17 
6323.000 3.07187e-17 
6324.000 4.37438e-17 
6325.000 2.51999e-18 
6326.000 1.90807e-19 
6327.000 -2.47421e-18 
6328.000 -6.71457e-17 
6329.000 -2.27750e-17 
6330.000 5.62864e-17 
6331.000 2.14528e-17 
6332.000 2.64854e-17 
6333.000 4.83232e-17 
6334.000 -2.21207e-17 
6335.000 -4.33641e-17 
6336.000 -3.97670e-18 
6337.000 -2.23120e-17 
6338.000 -6.97227e-17 
6339.000 -5.90476e-17 
6340.000 3.01450e-18 
6341.000 4.03876e-17 
6342.000 2.55933e-17 
6343.000 -1.06785e-17 
6344.000 -3.32611e-18 
6345.000 1.41394e-17 
6346.000 2.09504e-17 
6347.000 3.45737e-17 
6348.000 3.19061e-17 
6349.000 6.61915e-18 
6350.000 -2.29074e-17 
6351.000 -2.76696e-17 
6352.000 -5.33464e-17 
6353.000 -9.81562e-17 
6354.000 -8.00548e-17 
6355.000 -6.82220e-17 
6356.000 -5.31383e-17 
6357.000 -6.68492e-18 
6358.000 6.92185e-19 
6359.000 -6.07368e-18 
6360.000 -6.32690e-18 
6361.000 -2.60139e-17 
6362.000 -3.58641e-17 
6363.000 2.21036e-17 
6364.000 4.41535e-17 
6365.000 -6.14372e-18 
6366.000 -8.39410e-18 
6367.000 1.56119e-17 
6368.000 1.31123e-17 
6369.000 -8.85232e-18 
6370.000 7.08358e-19 
6371.000 2.47334e-17 
6372.000 -1.10738e-17 
6373.000 -1.68136e-17 
6374.000 2.68206e-17 
6375.000 5.05469e-17 
6376.000 5.60590e-17 
6377.000 9.29547e-18 
6378.000 -5.80678e-17 
6379.000 -3.98704e-17 
6380.000 -7.76640e-18 
6381.000 1.77848e-17 
6382.000 6.06634e-17 
6383.000 5.59703e-17 
6384.000 7.00484e-18 
6385.000 -2.01570e-17 
6386.000 -1.69342e-17 
6387.000 9.47433e-19 
6388.000 1.70937e-18 
6389.000 -7.09405e-18 
6390.000 2.93186e-18 
6391.000 2.48825e-17 
6392.000 1.84291e-17 
6393.000 -1.43630e-17 
6394.000 1.45875e-19 
6395.000 3.21716e-17 
6396.000 4.66027e-17 
6397.000 6.50377e-17 
6398.000 5.46882e-17 
6399.000 2.58401e-17 
6400.000 -6.37225e-18 
6401.000 1.29937e-17 
6402.000 6.04377e-17 
6403.000 2.06211e-17 
6404.000 -2.73162e-18 
6405.000 1.50599e-17 
6406.000 -9.25569e-19 
6407.000 -3.71505e-17 
6408.000 -2.86592e-17 
6409.000 3.32756e-17 
6410.000 6.74322e-17 
6411.000 4.57123e-17 
6412.000 -6.02817e-18 
6413.000 -4.36922e-17 
6414.000 -1.74091e-17 
6415.000 2.70511e-17 
6416.000 2.00295e-17 
6417.000 2.52388e-18 
6418.000 5.70077e-18 
6419.000 5.72711e-18 
6420.000 -9.58674e-18 
6421.000 3.86136e-18 
6422.000 7.79170e-17 
6423.000 8.60997e-17 
6424.000 1.85446e-17 
6425.000 -6.82924e-18 
6426.000 2.23394e-17 
6427.000 6.55015e-17 
6428.000 6.36546e-17 
6429.000 -1.80542e-18 
6430.000 -5.09595e-17 
6431.000 -2.32916e-17 
6432.000 2.02208e-17 
6433.000 2.77523e-17 
6434.000 9.84530e-19 
6435.000 1.83532e-17 
6436.000 3.81990e-17 
6437.000 1.07298e-17 
6438.000 6.05380e-18 
6439.000 1.05062e-17 
6440.000 -2.31988e-17 
6441.000 -4.49506e-17 
6442.000 9.72558e-18 
6443.000 9.88521e-17 
6444.000 8.21881e-17 
6445.000 3.21250e-17 
6446.000 2.93890e-17 
6447.000 3.47414e-17 
6448.000 1.42972e-17 
6449.000 -1.34949e-17 
6450.000 2.07899e-18 
6451.000 2.91274e-17 
6452.000 4.37225e-17 
6453.000 8.34021e-17 
6454.000 1.10290e-16 
6455.000 8.48557e-17 
6456.000 4.13324e-17 
6457.000 2.21476e-17 
6458.000 -1.30483e-19 
6459.000 -1.61566e-17 
6460.000 5.58301e-17 
6461.000 7.03771e-17 
6462.000 -5.61534e-17 
6463.000 -6.99842e-17 
6464.000 4.32946e-18 
6465.000 5.57946e-17 
6466.000 1.09544e-16 
6467.000 9.34252e-17 
6468.000 1.13365e-17 
6469.000 3.14369e-17 
6470.000 2.01367e-17 
6471.000 -5.30954e-17 
6472.000 3.03221e-17 
6473.000 1.17269e-16 
6474.000 9.07330e-17 
6475.000 3.55570e-17 
6476.000 2.93681e-17 
6477.000 5.30255e-17 
6478.000 2.14847e-17 
6479.000 -9.19772e-19 
6480.000 1.88845e-17 
6481.000 3.42539e-17 
6482.000 5.80002e-17 
6483.000 6.96476e-17 
6484.000 4.43278e-17 
6485.000 2.32152e-17 
6486.000 1.22463e-17 
6487.000 1.63354e-17 
6488.000 3.78574e-17 
6489.000 6.14575e-17 
6490.000 7.69304e-17 
6491.000 4.25268e-17 
6492.000 2.03780e-17 
6493.000 4.37572e-17 
6494.000 3.82478e-17 
6495.000 5.99354e-17 
6496.000 9.06061e-17 
6497.000 6.47297e-17 
6498.000 2.15041e-17 
6499.000 6.47468e-18 
6500.000 5.75690e-17 
6501.000 8.14845e-17 
6502.000 5.12958e-17 
6503.000 7.25171e-18 
6504.000 3.02729e-17 
6505.000 6.39603e-17 
6506.000 2.07894e-17 
6507.000 6.67945e-17 
6508.000 1.42399e-16 
6509.000 8.82003e-17 
6510.000 7.71879e-18 
6511.000 2.69617e-18 
6512.000 2.18150e-17 
6513.000 1.30564e-17 
6514.000 1.89901e-17 
6515.000 2.47610e-17 
6516.000 2.69523e-17 
6517.000 2.36044e-17 
6518.000 1.66648e-18 
6519.000 -3.49982e-17 
6520.000 -6.33427e-17 
6521.000 -6.07960e-17 
6522.000 -4.88064e-17 
6523.000 -1.53211e-17 
6524.000 4.09754e-17 
6525.000 5.84091e-17 
6526.000 6.44953e-17 
6527.000 6.63535e-17 
6528.000 5.42762e-17 
6529.000 3.63388e-17 
6530.000 2.07951e-17 
6531.000 2.23638e-17 
6532.000 7.83916e-17 
6533.000 1.13561e-16 
6534.000 4.74397e-17 
6535.000 3.36209e-17 
6536.000 6.69587e-17 
6537.000 6.03079e-17 
6538.000 7.55587e-17 
6539.000 9.64682e-17 
6540.000 8.40897e-17 
6541.000 1.28429e-16 
6542.000 1.51527e-16 
6543.000 8.55948e-17 
6544.000 3.82880e-17 
6545.000 1.27117e-17 
6546.000 6.72175e-18 
6547.000 6.12113e-17 
6548.000 8.29486e-17 
6549.000 4.96824e-17 
6550.000 5.91420e-17 
6551.000 9.75927e-17 
6552.000 1.01702e-16 
6553.000 4.68841e-17 
6554.000 6.18249e-17 
6555.000 1.25218e-16 
6556.000 1.11082e-16 
6557.000 9.26555e-17 
6558.000 8.68464e-17 
6559.000 6.21615e-17 
6560.000 3.11042e-17 
6561.000 5.72387e-17 
6562.000 1.51330e-16 
6563.000 1.72581e-16 
6564.000 1.09082e-16 
6565.000 4.78419e-17 
6566.000 8.17970e-17 
6567.000 1.26428e-16 
6568.000 9.47909e-17 
6569.000 7.78152e-17 
6570.000 5.07091e-17 
6571.000 8.49075e-18 
6572.000 4.50126e-17 
6573.000 9.55491e-17 
6574.000 6.03371e-17 
6575.000 1.26848e-17 
6576.000 4.42200e-17 
6577.000 6.93237e-17 
6578.000 4.63556e-17 
6579.000 5.20420e-17 
6580.000 6.11527e-17 
6581.000 8.52999e-17 
6582.000 1.19115e-16 
6583.000 1.10970e-16 
6584.000 9.11560e-17 
6585.000 1.10686e-16 
6586.000 1.49782e-16 
6587.000 1.72966e-16 
6588.000 1.27202e-16 
6589.000 9.47382e-17 
6590.000 1.30235e-16 
6591.000 1.22941e-16 
6592.000 9.98795e-17 
6593.000 1.11425e-16 
6594.000 1.07101e-16 
6595.000 1.02161e-16 
6596.000 1.04583e-16 
6597.000 7.46357e-17 
6598.000 7.24181e-17 
6599.000 1.10635e-16 
6600.000 1.25371e-16 
6601.000 1.31142e-16 
6602.000 1.13693e-16 
6603.000 3.77705e-17 
6604.000 3.23804e-17 
6605.000 1.21750e-16 
6606.000 1.85529e-16 
6607.000 1.71056e-16 
6608.000 1.15325e-16 
6609.000 9.84195e-17 
6610.000 1.05822e-16 
6611.000 1.22607e-16 
6612.000 1.51843e-16 
6613.000 1.68149e-16 
6614.000 1.79410e-16 
6615.000 1.72340e-16 
6616.000 1.58467e-16 
6617.000 1.68338e-16 
6618.000 1.70907e-16 
6619.000 1.53045e-16 
6620.000 1.53721e-16 
6621.000 1.64003e-16 
6622.000 1.48079e-16 
6623.000 1.30508e-16 
6624.000 1.25406e-16 
6625.000 1.08789e-16 
6626.000 1.06597e-16 
6627.000 1.38984e-16 
6628.000 1.82391e-16 
6629.000 2.16947e-16 
6630.000 2.31137e-16 
6631.000 2.32068e-16 
6632.000 1.97062e-16 
6633.000 1.75164e-16 
6634.000 2.15858e-16 
6635.000 2.28141e-16 
6636.000 1.99897e-16 
6637.000 1.67696e-16 
6638.000 1.74471e-16 
6639.000 1.93135e-16 
6640.000 1.86699e-16 
6641.000 2.00691e-16 
6642.000 2.26391e-16 
6643.000 2.35589e-16 
6644.000 2.31870e-16 
6645.000 2.25914e-16 
6646.000 2.28934e-16 
6647.000 2.42553e-16 
6648.000 2.40351e-16 
6649.000 2.26396e-16 
6650.000 2.60908e-16 
6651.000 2.92337e-16 
6652.000 2.57909e-16 
6653.000 2.12618e-16 
6654.000 2.34738e-16 
6655.000 2.73894e-16 
6656.000 2.59779e-16 
6657.000 2.44572e-16 
6658.000 2.54569e-16 
6659.000 2.96220e-16 
6660.000 3.31376e-16 
6661.000 3.49926e-16 
6662.000 3.73033e-16 
6663.000 3.80243e-16 
6664.000 3.90302e-16 
6665.000 3.88825e-16 
6666.000 3.59976e-16 
6667.000 3.47644e-16 
6668.000 3.58205e-16 
6669.000 3.67114e-16 
6670.000 3.63451e-16 
6671.000 3.53105e-16 
6672.000 3.53264e-16 
6673.000 3.72734e-16 
6674.000 3.90117e-16 
6675.000 3.76478e-16 
6676.000 3.95875e-16 
6677.000 4.36274e-16 
6678.000 4.26563e-16 
6679.000 4.77231e-16 
6680.000 5.50821e-16 
6681.000 4.96783e-16 
6682.000 4.47697e-16 
6683.000 4.74094e-16 
6684.000 5.19675e-16 
6685.000 4.95190e-16 
6686.000 4.16592e-16 
6687.000 3.92894e-16 
6688.000 5.17616e-16 
6689.000 6.32950e-16 
6690.000 5.62394e-16 
6691.000 5.12754e-16 
6692.000 5.08780e-16 
6693.000 4.78190e-16 
6694.000 5.03940e-16 
6695.000 5.82687e-16 
6696.000 6.77545e-16 
6697.000 7.74279e-16 
6698.000 7.93751e-16 
6699.000 7.16993e-16 
6700.000 6.21419e-16 
6701.000 6.21422e-16 
6702.000 6.92464e-16 
6703.000 6.94665e-16 
6704.000 6.32162e-16 
6705.000 5.84774e-16 
6706.000 5.95872e-16 
6707.000 5.71019e-16 
6708.000 5.31661e-16 
6709.000 5.47490e-16 
6710.000 5.72984e-16 
6711.000 5.77425e-16 
6712.000 5.61591e-16 
6713.000 5.48499e-16 
6714.000 5.11004e-16 
6715.000 4.35591e-16 
6716.000 4.35562e-16 
6717.000 4.30611e-16 
6718.000 3.76683e-16 
6719.000 4.05641e-16 
6720.000 4.20002e-16 
6721.000 3.85723e-16 
6722.000 4.19007e-16 
6723.000 3.65516e-16 
6724.000 2.50206e-16 
6725.000 3.18067e-16 
6726.000 3.67429e-16 
6727.000 3.17388e-16 
6728.000 2.53612e-16 
6729.000 1.67140e-16 
6730.000 1.15771e-16 
6731.000 1.92349e-16 
6732.000 2.56142e-16 
6733.000 2.35338e-16 
6734.000 2.08440e-16 
6735.000 1.92225e-16 
6736.000 2.10176e-16 
6737.000 2.68135e-16 
6738.000 2.50918e-16 
6739.000 1.93151e-16 
6740.000 1.80206e-16 
6741.000 1.71449e-16 
6742.000 1.71455e-16 
6743.000 2.00479e-16 
6744.000 2.16784e-16 
6745.000 1.90305e-16 
6746.000 1.63880e-16 
6747.000 1.75773e-16 
6748.000 1.84480e-16 
6749.000 1.79480e-16 
6750.000 1.86750e-16 
6751.000 1.79020e-16 
6752.000 1.88685e-16 
6753.000 2.12916e-16 
6754.000 1.68911e-16 
6755.000 1.48399e-16 
6756.000 2.05089e-16 
6757.000 1.87516e-16 
6758.000 1.68570e-16 
6759.000 2.23839e-16 
6760.000 2.18317e-16 
6761.000 1.84438e-16 
6762.000 1.84063e-16 
6763.000 1.57655e-16 
6764.000 1.34801e-16 
6765.000 1.50382e-16 
6766.000 1.37154e-16 
6767.000 1.12489e-16 
6768.000 1.14679e-16 
6769.000 1.27908e-16 
6770.000 1.66675e-16 
6771.000 2.11001e-16 
6772.000 1.58155e-16 
6773.000 6.58016e-17 
6774.000 4.13153e-17 
6775.000 1.08595e-16 
6776.000 1.59609e-16 
6777.000 1.31440e-16 
6778.000 8.54625e-17 
6779.000 1.15121e-16 
6780.000 1.87566e-16 
6781.000 1.72871e-16 
6782.000 1.34805e-16 
6783.000 9.08094e-17 
6784.000 3.21166e-17 
6785.000 8.82096e-17 
6786.000 1.75652e-16 
6787.000 1.45994e-16 
6788.000 8.64877e-17 
6789.000 8.39119e-17 
6790.000 1.11454e-16 
6791.000 4.91142e-17 
6792.000 3.65147e-17 
6793.000 1.63183e-16 
6794.000 1.90856e-16 
6795.000 1.32861e-16 
6796.000 8.61475e-17 
6797.000 5.03060e-17 
6798.000 3.50124e-17 
6799.000 5.06883e-17 
6800.000 1.04620e-16 
6801.000 1.60696e-16 
6802.000 1.82288e-16 
6803.000 1.47568e-16 
6804.000 1.32959e-16 
6805.000 1.90176e-16 
6806.000 2.37293e-16 
6807.000 2.27299e-16 
6808.000 1.77182e-16 
6809.000 1.07933e-16 
6810.000 7.02219e-17 
6811.000 8.60628e-17 
6812.000 1.25858e-16 
6813.000 1.50699e-16 
6814.000 1.53882e-16 
6815.000 1.28019e-16 
6816.000 8.06267e-17 
6817.000 7.93283e-17 
6818.000 1.40155e-16 
6819.000 1.43237e-16 
6820.000 1.04226e-16 
6821.000 9.06393e-17 
6822.000 1.25276e-16 
6823.000 1.65965e-16 
6824.000 1.73862e-16 
6825.000 1.48668e-16 
6826.000 1.25420e-16 
6827.000 8.83196e-17 
6828.000 1.39515e-17 
6829.000 -1.48782e-17 
6830.000 4.96681e-17 
6831.000 1.35007e-16 
6832.000 1.78456e-16 
6833.000 1.56561e-16 
6834.000 9.57100e-17 
6835.000 1.03295e-16 
6836.000 1.21592e-16 
6837.000 6.71639e-17 
6838.000 3.10459e-17 
6839.000 3.07097e-17 
6840.000 3.66749e-17 
6841.000 4.31501e-17 
6842.000 7.07385e-17 
6843.000 1.15173e-16 
6844.000 1.22493e-16 
6845.000 1.15659e-16 
6846.000 9.97531e-17 
6847.000 3.45093e-17 
6848.000 9.49156e-18 
6849.000 4.46315e-17 
6850.000 6.92599e-17 
6851.000 7.34136e-17 
6852.000 5.70425e-17 
6853.000 6.41869e-17 
6854.000 7.64620e-17 
6855.000 5.91322e-17 
6856.000 6.62395e-17 
6857.000 7.85369e-17 
6858.000 8.40009e-17 
6859.000 1.00166e-16 
6860.000 8.97493e-17 
6861.000 5.39232e-17 
6862.000 1.88683e-17 
6863.000 5.14051e-18 
6864.000 3.73755e-18 
6865.000 1.57434e-17 
6866.000 5.75397e-17 
6867.000 2.60211e-17 
6868.000 -1.17012e-16 
6869.000 -1.90695e-16 
6870.000 -1.46932e-16 
6871.000 -5.06909e-17 
6872.000 1.46215e-18 
6873.000 7.45529e-18 
6874.000 -9.51591e-18 
6875.000 -1.74980e-17 
6876.000 -1.74561e-17 
6877.000 -1.50636e-17 
6878.000 -1.08018e-17 
6879.000 1.25026e-17 
6880.000 3.22914e-17 
6881.000 1.43036e-17 
6882.000 -6.12189e-18 
6883.000 -1.20932e-17 
6884.000 -9.89975e-18 
6885.000 1.01070e-18 
6886.000 -1.30549e-17 
6887.000 -4.61605e-17 
6888.000 -1.71564e-17 
6889.000 1.94616e-17 
6890.000 6.00065e-18 
6891.000 2.41696e-17 
6892.000 4.99171e-17 
6893.000 1.66368e-17 
6894.000 -1.18096e-17 
6895.000 6.85610e-18 
6896.000 2.10570e-17 
6897.000 1.30303e-17 
6898.000 3.91205e-17 
6899.000 4.59047e-17 
6900.000 -6.07242e-17 
6901.000 -9.55193e-17 
6902.000 1.07611e-17 
6903.000 9.17874e-17 
6904.000 5.65145e-17 
6905.000 -2.66939e-17 
6906.000 -2.87145e-17 
6907.000 4.79994e-18 
6908.000 2.83068e-17 
6909.000 -1.68491e-17 
6910.000 -3.86046e-17 
6911.000 -1.96694e-17 
6912.000 -3.16137e-17 
6913.000 1.90680e-17 
6914.000 7.08485e-17 
6915.000 2.43185e-17 
6916.000 -2.97518e-17 
6917.000 -5.12129e-17 
6918.000 -4.08137e-17 
6919.000 -2.02337e-17 
6920.000 -5.55115e-17 
6921.000 -1.29628e-16 
6922.000 -1.02380e-16 
6923.000 -2.41696e-17 
6924.000 -5.56699e-19 
6925.000 -4.57370e-17 
6926.000 -5.04171e-17 
6927.000 -8.92073e-18 
6928.000 -3.37602e-18 
6929.000 6.64155e-18 
6930.000 1.11598e-17 
6931.000 -6.79470e-18 
6932.000 -1.31427e-17 
6933.000 -3.11793e-18 
6934.000 9.61594e-18 
6935.000 4.14997e-17 
6936.000 6.54667e-17 
6937.000 3.79365e-17 
6938.000 1.51562e-17 
6939.000 9.16004e-18 
6940.000 -3.52821e-18 
6941.000 -1.60321e-17 
6942.000 -2.30182e-17 
6943.000 -2.13238e-17 
6944.000 -5.31537e-18 
6945.000 2.82914e-18 
6946.000 -7.45605e-18 
6947.000 1.57328e-17 
6948.000 4.37726e-17 
6949.000 1.76321e-17 
6950.000 -5.22157e-17 
6951.000 -9.80750e-17 
6952.000 -6.74308e-17 
6953.000 6.29921e-18 
6954.000 4.36133e-18 
6955.000 -5.02622e-17 
6956.000 -5.57185e-17 
6957.000 -3.94584e-17 
6958.000 -1.66705e-17 
6959.000 1.13569e-17 
6960.000 9.33862e-18 
6961.000 -1.02328e-17 
6962.000 -5.22916e-18 
6963.000 -1.07472e-17 
6964.000 -1.38098e-17 
6965.000 7.89668e-18 
6966.000 2.14341e-17 
6967.000 6.77076e-18 
6968.000 -2.62742e-17 
6969.000 -3.16997e-17 
6970.000 -3.48258e-17 
6971.000 -4.94705e-17 
6972.000 -4.10956e-17 
6973.000 -4.88412e-17 
6974.000 -6.94172e-17 
6975.000 -3.90018e-17 
6976.000 -1.13008e-17 
6977.000 -3.49667e-17 
6978.000 -8.42953e-17 
6979.000 -8.43168e-17 
6980.000 -5.62039e-17 
6981.000 -8.60959e-17 
6982.000 -9.53832e-17 
6983.000 -5.80557e-17 
6984.000 -7.55283e-18 
6985.000 1.26293e-17 
6986.000 -4.40012e-17 
6987.000 -1.06394e-16 
6988.000 -1.17773e-16 
6989.000 -8.97717e-17 
6990.000 -4.63243e-17 
6991.000 -4.69490e-17 
6992.000 -7.34265e-17 
6993.000 -7.35886e-17 
6994.000 -3.00701e-17 
6995.000 -3.94681e-17 
6996.000 -1.25618e-16 
6997.000 -1.11466e-16 
6998.000 -4.24979e-17 
6999.000 -2.42614e-17 
7000.000 -4.57147e-17 
7001.000 -6.38056e-17 
7002.000 -6.61047e-17 
7003.000 -2.30431e-17 
7004.000 5.06522e-17 
7005.000 3.96787e-17 
7006.000 -1.08671e-16 
7007.000 -1.50510e-16 
7008.000 -8.38950e-17 
7009.000 -1.00199e-16 
7010.000 -7.19145e-17 
7011.000 -2.24575e-17 
7012.000 -7.65144e-17 
7013.000 -1.02484e-16 
7014.000 -8.05055e-17 
7015.000 -7.81034e-17 
7016.000 -8.83259e-17 
7017.000 -8.70668e-17 
7018.000 -6.45968e-17 
7019.000 -6.69887e-17 
7020.000 -5.62318e-17 
7021.000 -2.05309e-17 
7022.000 -1.03308e-17 
7023.000 -2.46782e-17 
7024.000 -4.68513e-17 
7025.000 -5.89421e-17 
7026.000 -3.47263e-17 
7027.000 -1.78388e-17 
7028.000 -1.02302e-16 
7029.000 -1.33508e-16 
7030.000 -6.38658e-17 
7031.000 -3.20632e-17 
7032.000 -1.05932e-17 
7033.000 2.11311e-17 
7034.000 1.21596e-17 
7035.000 -8.13805e-17 
7036.000 -1.19039e-16 
7037.000 1.04064e-17 
7038.000 2.63585e-17 
7039.000 -2.79145e-17 
7040.000 1.74935e-17 
7041.000 6.58319e-18 
7042.000 -6.77477e-17 
7043.000 -1.04986e-16 
7044.000 -5.17526e-17 
7045.000 -3.17213e-17 
7046.000 -1.00728e-16 
7047.000 -7.70836e-17 
7048.000 -3.84168e-17 
7049.000 -4.41072e-17 
7050.000 -2.98653e-17 
7051.000 -6.55214e-17 
7052.000 -9.01861e-17 
7053.000 -3.38471e-17 
7054.000 -3.24694e-17 
7055.000 -6.47278e-17 
7056.000 -2.49448e-17 
7057.000 -1.14126e-17 
7058.000 -4.80154e-17 
7059.000 -5.44841e-17 
7060.000 -4.26932e-17 
7061.000 -3.23858e-17 
7062.000 -4.31568e-17 
7063.000 -6.80411e-17 
7064.000 -9.16759e-17 
7065.000 -1.27979e-16 
7066.000 -1.41868e-16 
7067.000 -6.46641e-17 
7068.000 3.81695e-17 
7069.000 -4.92575e-17 
7070.000 -1.47958e-16 
7071.000 -8.21862e-17 
7072.000 -4.56987e-17 
7073.000 -5.05390e-17 
7074.000 -5.37991e-17 
7075.000 -1.04172e-16 
7076.000 -1.14348e-16 
7077.000 -6.33879e-17 
7078.000 -3.92500e-17 
7079.000 -6.00974e-17 
7080.000 -9.65334e-17 
7081.000 -7.43138e-17 
7082.000 -3.06158e-17 
7083.000 -3.54893e-17 
7084.000 -9.60615e-17 
7085.000 -1.07676e-16 
7086.000 -7.67575e-17 
7087.000 -9.18133e-17 
7088.000 -1.18919e-16 
7089.000 -9.38603e-17 
7090.000 -2.05224e-17 
7091.000 -4.89570e-17 
7092.000 -7.87146e-17 
7093.000 -3.00551e-18 
7094.000 -1.35764e-17 
7095.000 -3.58106e-17 
7096.000 1.73862e-17 
7097.000 -2.38137e-17 
7098.000 -5.75570e-17 
7099.000 4.33569e-18 
7100.000 6.18690e-18 
7101.000 -4.64819e-17 
7102.000 -7.80267e-17 
7103.000 -2.84844e-17 
7104.000 -1.07220e-17 
7105.000 -5.15364e-17 
7106.000 -3.95823e-17 
7107.000 -2.97005e-17 
7108.000 -3.50016e-17 
7109.000 -4.04130e-18 
7110.000 -1.88908e-17 
7111.000 -6.45661e-17 
7112.000 -3.07749e-17 
7113.000 -8.15362e-19 
7114.000 -3.74626e-17 
7115.000 -1.01250e-16 
7116.000 -1.17082e-16 
7117.000 -9.56967e-17 
7118.000 -8.47798e-17 
7119.000 -7.47559e-17 
7120.000 -6.61471e-17 
7121.000 -4.39105e-17 
7122.000 2.84267e-17 
7123.000 5.54808e-17 
7124.000 -1.12027e-17 
7125.000 -5.25468e-17 
7126.000 -6.27736e-17 
7127.000 -5.67228e-17 
7128.000 -2.78862e-17 
7129.000 -2.79489e-17 
7130.000 -4.62327e-17 
7131.000 -2.44584e-17 
7132.000 -2.87614e-17 
7133.000 -5.62966e-17 
7134.000 -3.12460e-17 
7135.000 -5.27132e-18 
7136.000 -6.62220e-18 
7137.000 -1.54304e-17 
7138.000 -2.30374e-17 
7139.000 -3.43101e-17 
7140.000 -4.64058e-17 
7141.000 -5.93840e-17 
7142.000 -6.05254e-17 
7143.000 -2.97911e-17 
7144.000 -8.09255e-18 
7145.000 -5.97290e-18 
7146.000 -2.27135e-17 
7147.000 -5.12813e-17 
7148.000 -4.44343e-17 
7149.000 -6.69459e-18 
7150.000 -2.81354e-17 
7151.000 -5.76364e-17 
7152.000 -4.77219e-17 
7153.000 -1.93283e-17 
7154.000 -2.72513e-17 
7155.000 -3.36963e-17 
7156.000 4.23346e-17 
7157.000 6.50295e-18 
7158.000 -8.88935e-17 
7159.000 -3.58792e-18 
7160.000 8.93042e-17 
7161.000 7.03546e-17 
7162.000 -6.38685e-18 
7163.000 1.97962e-17 
7164.000 9.75705e-17 
7165.000 7.73505e-17 
7166.000 3.83642e-17 
7167.000 2.92882e-17 
7168.000 3.27901e-17 
7169.000 1.07575e-17 
7170.000 2.19566e-17 
7171.000 7.90129e-17 
7172.000 7.55752e-17 
7173.000 5.35831e-17 
7174.000 5.61392e-17 
7175.000 3.08462e-17 
7176.000 9.97479e-18 
7177.000 9.21549e-18 
7178.000 -3.22325e-17 
7179.000 -6.65347e-17 
7180.000 -4.19302e-17 
7181.000 -2.25159e-17 
7182.000 -6.03057e-18 
7183.000 1.62419e-17 
7184.000 2.09900e-17 
7185.000 4.35370e-17 
7186.000 6.18297e-17 
7187.000 2.75904e-17 
7188.000 -1.75551e-17 
7189.000 1.44232e-18 
7190.000 9.10445e-17 
7191.000 6.63250e-17 
7192.000 -1.70341e-17 
7193.000 9.63469e-18 
7194.000 7.06528e-17 
7195.000 3.96600e-17 
7196.000 -7.87860e-17 
7197.000 -7.94060e-17 
7198.000 -2.57158e-18 
7199.000 4.36701e-17 
7200.000 3.75411e-17 
7201.000 4.44255e-17 
7202.000 7.34684e-17 
7203.000 3.57738e-17 
7204.000 9.43591e-18 
7205.000 4.19305e-17 
7206.000 5.62257e-17 
7207.000 4.11841e-17 
7208.000 6.57418e-17 
7209.000 1.30564e-16 
7210.000 1.12810e-16 
7211.000 5.08889e-17 
7212.000 4.98661e-17 
7213.000 6.18387e-17 
7214.000 4.12817e-17 
7215.000 -4.36602e-18 
7216.000 -8.73616e-18 
7217.000 3.17158e-18 
7218.000 2.92333e-18 
7219.000 -1.51798e-17 
7220.000 -4.07690e-17 
7221.000 -7.64975e-18 
7222.000 3.48866e-17 
7223.000 2.33240e-17 
7224.000 -2.75602e-17 
7225.000 -3.05408e-17 
7226.000 1.41297e-17 
7227.000 4.88231e-17 
7228.000 1.61565e-17 
7229.000 1.25927e-17 
7230.000 6.25589e-17 
7231.000 5.61805e-17 
7232.000 1.86321e-17 
7233.000 -4.19409e-18 
7234.000 -4.53354e-18 
7235.000 1.72087e-17 
7236.000 6.00595e-17 
7237.000 8.60813e-17 
7238.000 5.05314e-17 
7239.000 3.83818e-19 
7240.000 6.80969e-18 
7241.000 1.58693e-17 
7242.000 3.67578e-17 
7243.000 7.95457e-17 
7244.000 7.22727e-17 
7245.000 3.34874e-17 
7246.000 1.77415e-18 
7247.000 5.58782e-18 
7248.000 5.20866e-17 
7249.000 9.71597e-17 
7250.000 3.22718e-17 
7251.000 -6.06912e-17 
7252.000 -9.28217e-17 
7253.000 -8.96118e-17 
7254.000 -5.75695e-17 
7255.000 -1.32850e-17 
7256.000 -6.15344e-18 
7257.000 -3.28866e-17 
7258.000 -2.28388e-17 
7259.000 5.29855e-17 
7260.000 1.07801e-16 
7261.000 8.65074e-17 
7262.000 1.16284e-17 
7263.000 -6.14681e-17 
7264.000 -9.30782e-17 
7265.000 -8.25723e-17 
7266.000 -7.54282e-17 
7267.000 -5.64624e-17 
7268.000 -2.58690e-17 
7269.000 -3.28913e-17 
7270.000 -6.47236e-17 
7271.000 -7.62603e-17 
7272.000 -3.84695e-17 
7273.000 -5.32577e-18 
7274.000 -2.31214e-17 
7275.000 -2.23362e-17 
7276.000 2.76816e-17 
7277.000 1.14018e-16 
7278.000 1.42430e-16 
7279.000 7.30879e-17 
7280.000 3.75148e-18 
7281.000 -2.38844e-17 
7282.000 -5.07350e-17 
7283.000 -8.88457e-17 
7284.000 -6.48288e-17 
7285.000 3.32211e-17 
7286.000 1.06697e-16 
7287.000 7.89723e-17 
7288.000 3.18387e-17 
7289.000 1.30206e-18 
7290.000 -3.06051e-17 
7291.000 -1.46109e-17 
7292.000 1.94387e-17 
7293.000 -4.60330e-18 
7294.000 -2.78454e-17 
7295.000 -3.29701e-17 
7296.000 -3.22602e-17 
7297.000 -1.74906e-19 
7298.000 9.62582e-18 
7299.000 -3.31818e-17 
7300.000 -5.87493e-17 
7301.000 -3.13285e-17 
7302.000 9.30902e-18 
7303.000 -3.71649e-17 
7304.000 -1.00734e-16 
7305.000 -9.32123e-17 
7306.000 -1.38670e-17 
7307.000 2.42730e-17 
7308.000 -1.06087e-17 
7309.000 -1.46630e-17 
7310.000 -2.23896e-17 
7311.000 -4.60267e-17 
7312.000 -4.55902e-17 
7313.000 -5.15218e-17 
7314.000 -4.45982e-17 
7315.000 -2.24414e-17 
7316.000 -6.49049e-18 
7317.000 4.51767e-17 
7318.000 7.54149e-17 
7319.000 1.05072e-18 
7320.000 -6.69958e-17 
7321.000 -6.12685e-17 
7322.000 -8.35393e-17 
7323.000 -1.04520e-16 
7324.000 -6.15371e-17 
7325.000 9.02846e-18 
7326.000 3.53539e-17 
7327.000 4.07809e-18 
7328.000 -2.46530e-17 
7329.000 -4.57158e-18 
7330.000 -2.42150e-17 
7331.000 -1.18544e-16 
7332.000 -1.14411e-16 
7333.000 -2.94820e-17 
7334.000 -2.35781e-17 
7335.000 -2.53113e-17 
7336.000 -1.12627e-17 
7337.000 -4.15510e-17 
7338.000 -8.21940e-17 
7339.000 -8.84572e-17 
7340.000 -3.51415e-17 
7341.000 -5.64665e-17 
7342.000 -1.33619e-16 
7343.000 -1.28108e-16 
7344.000 -8.05514e-17 
7345.000 -5.49265e-17 
7346.000 -6.85544e-17 
7347.000 -7.21436e-17 
7348.000 -8.71857e-17 
7349.000 -1.18719e-16 
7350.000 -8.79425e-17 
7351.000 -5.45096e-17 
7352.000 -8.46464e-17 
7353.000 -7.67742e-17 
7354.000 -2.07556e-17 
7355.000 -3.10169e-18 
7356.000 -7.63012e-17 
7357.000 -1.13222e-16 
7358.000 -7.26318e-17 
7359.000 -6.74307e-17 
7360.000 -1.05768e-16 
7361.000 -1.29020e-16 
7362.000 -1.00057e-16 
7363.000 -8.30842e-17 
7364.000 -1.09136e-16 
7365.000 -1.29270e-16 
7366.000 -1.08673e-16 
7367.000 -1.05704e-16 
7368.000 -1.53228e-16 
7369.000 -1.06160e-16 
7370.000 -1.06674e-17 
7371.000 -2.13414e-18 
7372.000 -4.22703e-17 
7373.000 -7.75428e-17 
7374.000 -7.73095e-17 
7375.000 -8.70100e-17 
7376.000 -1.08863e-16 
7377.000 -1.15863e-16 
7378.000 -1.32678e-16 
7379.000 -1.31867e-16 
7380.000 -1.05982e-16 
7381.000 -9.93716e-17 
7382.000 -1.07420e-16 
7383.000 -1.07037e-16 
7384.000 -9.35237e-17 
7385.000 -7.95708e-17 
7386.000 -7.45039e-17 
7387.000 -9.22042e-17 
7388.000 -1.29078e-16 
7389.000 -1.62698e-16 
7390.000 -1.65061e-16 
7391.000 -1.22819e-16 
7392.000 -6.11750e-17 
7393.000 -1.55802e-17 
7394.000 -2.12517e-17 
7395.000 -6.78200e-17 
7396.000 -1.05225e-16 
7397.000 -9.61500e-17 
7398.000 -7.57544e-17 
7399.000 -8.42880e-17 
7400.000 -9.43958e-17 
7401.000 -1.16958e-16 
7402.000 -1.48078e-16 
7403.000 -1.30587e-16 
7404.000 -1.11330e-16 
7405.000 -1.24638e-16 
7406.000 -1.19894e-16 
7407.000 -1.20690e-16 
7408.000 -1.19718e-16 
7409.000 -9.55044e-17 
7410.000 -8.74826e-17 
7411.000 -9.10609e-17 
7412.000 -6.53212e-17 
7413.000 -4.57241e-17 
7414.000 -6.56331e-17 
7415.000 -1.04061e-16 
7416.000 -8.94976e-17 
7417.000 -5.72852e-17 
7418.000 -5.62169e-17 
7419.000 -6.48131e-17 
