4210.0 1.315656e-15
4211.0 1.617634e-15
4212.0 1.681562e-15
4213.0 1.539237e-15
4214.0 1.563374e-15
4215.0 2.262589e-15
4216.0 2.811637e-15
4217.0 2.330033e-15
4218.0 1.534276e-15
4219.0 1.199502e-15
4220.0 1.221160e-15
4221.0 1.295547e-15
4222.0 1.365618e-15
4223.0 1.288928e-15
4224.0 1.319476e-15
4225.0 1.644391e-15
4226.0 1.859296e-15
4227.0 1.782164e-15
4228.0 1.615882e-15
4229.0 1.654471e-15
4230.0 1.682960e-15
4231.0 1.517264e-15
4232.0 1.521262e-15
4233.0 1.931825e-15
4234.0 2.364818e-15
4235.0 2.421174e-15
4236.0 2.210518e-15
4237.0 1.898381e-15
4238.0 1.484858e-15
4239.0 1.041422e-15
4240.0 8.205059e-16
4241.0 1.020916e-15
4242.0 1.470712e-15
4243.0 1.827912e-15
4244.0 2.123407e-15
4245.0 2.512807e-15
4246.0 2.532273e-15
4247.0 2.110305e-15
4248.0 1.511855e-15
4249.0 1.085431e-15
4250.0 1.213161e-15
4251.0 1.684106e-15
4252.0 2.193244e-15
4253.0 1.975678e-15
4254.0 1.479476e-15
4255.0 1.301027e-15
4256.0 1.229798e-15
4257.0 9.790659e-16
4258.0 8.573978e-16
4259.0 9.149472e-16
4260.0 9.221395e-16
4261.0 8.507359e-16
4262.0 9.125535e-16
4263.0 1.207656e-15
4264.0 1.508379e-15
4265.0 1.591182e-15
4266.0 1.465846e-15
4267.0 1.496303e-15
4268.0 1.721091e-15
4269.0 1.972296e-15
4270.0 2.024784e-15
4271.0 1.984355e-15
4272.0 1.819748e-15
4273.0 1.597551e-15
4274.0 1.290417e-15
4275.0 9.422410e-16
4276.0 8.358038e-16
4277.0 1.146142e-15
4278.0 1.516555e-15
4279.0 1.465362e-15
4280.0 1.378825e-15
4281.0 1.662283e-15
4282.0 1.964056e-15
4283.0 1.936370e-15
4284.0 1.505244e-15
4285.0 1.065743e-15
4286.0 8.027279e-16
4287.0 8.467695e-16
4288.0 1.075683e-15
4289.0 9.882944e-16
4290.0 1.064314e-15
4291.0 1.469685e-15
4292.0 1.728369e-15
4293.0 1.623733e-15
4294.0 1.351090e-15
4295.0 1.190487e-15
4296.0 1.124831e-15
4297.0 1.145954e-15
4298.0 1.282574e-15
4299.0 1.379322e-15
4300.0 1.496946e-15
4301.0 1.570899e-15
4302.0 1.301502e-15
4303.0 8.598780e-16
4304.0 6.431746e-16
4305.0 8.457461e-16
4306.0 1.187380e-15
4307.0 1.167102e-15
4308.0 1.212694e-15
4309.0 1.564767e-15
4310.0 1.881641e-15
4311.0 1.568861e-15
4312.0 1.182160e-15
4313.0 1.033004e-15
4314.0 1.074134e-15
4315.0 1.410142e-15
4316.0 1.682489e-15
4317.0 1.532165e-15
4318.0 1.331901e-15
4319.0 1.319963e-15
4320.0 1.457910e-15
4321.0 1.523405e-15
4322.0 1.504531e-15
4323.0 1.398461e-15
4324.0 1.291227e-15
4325.0 1.288745e-15
4326.0 1.478067e-15
4327.0 1.605477e-15
4328.0 1.577540e-15
4329.0 1.482262e-15
4330.0 1.339718e-15
4331.0 1.313316e-15
4332.0 1.401202e-15
4333.0 1.568752e-15
4334.0 1.512392e-15
4335.0 1.458948e-15
4336.0 1.278502e-15
4337.0 1.263397e-15
4338.0 1.347958e-15
4339.0 1.228554e-15
4340.0 1.052874e-15
4341.0 1.081303e-15
4342.0 1.214755e-15
4343.0 1.315554e-15
4344.0 1.289112e-15
4345.0 1.280232e-15
4346.0 1.278903e-15
4347.0 1.290576e-15
4348.0 1.271012e-15
4349.0 1.084934e-15
4350.0 9.511009e-16
4351.0 1.172076e-15
4352.0 1.331462e-15
4353.0 1.097344e-15
4354.0 9.706151e-16
4355.0 1.154305e-15
4356.0 1.316584e-15
4357.0 1.097002e-15
4358.0 1.045189e-15
4359.0 1.252277e-15
4360.0 1.557246e-15
4361.0 1.665904e-15
4362.0 1.593571e-15
4363.0 1.559622e-15
4364.0 1.489763e-15
4365.0 1.279456e-15
4366.0 1.196582e-15
4367.0 1.328032e-15
4368.0 1.362195e-15
4369.0 1.263773e-15
4370.0 1.187371e-15
4371.0 1.229221e-15
4372.0 1.268321e-15
4373.0 1.132129e-15
4374.0 9.162484e-16
4375.0 7.356032e-16
4376.0 7.243687e-16
4377.0 9.636228e-16
4378.0 1.218470e-15
4379.0 1.277384e-15
4380.0 1.260511e-15
4381.0 1.335424e-15
4382.0 1.346187e-15
4383.0 9.594976e-16
4384.0 6.902469e-16
4385.0 7.738731e-16
4386.0 1.190438e-15
4387.0 1.534448e-15
4388.0 1.566256e-15
4389.0 1.359401e-15
4390.0 1.225488e-15
4391.0 1.365770e-15
4392.0 1.455230e-15
4393.0 1.185859e-15
4394.0 9.058728e-16
4395.0 8.171035e-16
4396.0 9.946442e-16
4397.0 1.114421e-15
4398.0 1.185353e-15
4399.0 1.256184e-15
4400.0 1.264369e-15
4401.0 1.190011e-15
4402.0 1.143316e-15
4403.0 1.204224e-15
4404.0 1.238396e-15
4405.0 1.365366e-15
4406.0 1.407131e-15
4407.0 1.348913e-15
4408.0 1.292291e-15
4409.0 1.291054e-15
4410.0 1.303582e-15
4411.0 1.347114e-15
4412.0 1.333885e-15
4413.0 1.229126e-15
4414.0 1.253537e-15
4415.0 1.489345e-15
4416.0 1.759688e-15
4417.0 1.714590e-15
4418.0 1.455255e-15
4419.0 1.206459e-15
4420.0 9.796997e-16
4421.0 9.642894e-16
4422.0 1.030543e-15
4423.0 1.036624e-15
4424.0 1.133024e-15
4425.0 1.362407e-15
4426.0 1.618494e-15
4427.0 1.673875e-15
4428.0 1.563959e-15
4429.0 1.540051e-15
4430.0 1.678922e-15
4431.0 1.912295e-15
4432.0 2.056173e-15
4433.0 1.854879e-15
4434.0 1.685615e-15
4435.0 1.497940e-15
4436.0 1.316824e-15
4437.0 1.221052e-15
4438.0 1.164939e-15
4439.0 1.190351e-15
4440.0 1.352894e-15
4441.0 1.625535e-15
4442.0 1.785870e-15
4443.0 1.672089e-15
4444.0 1.447947e-15
4445.0 1.212688e-15
4446.0 1.102578e-15
4447.0 1.288697e-15
4448.0 1.468370e-15
4449.0 1.373058e-15
4450.0 1.225556e-15
4451.0 1.206990e-15
4452.0 1.240227e-15
4453.0 1.149826e-15
4454.0 1.036212e-15
4455.0 1.136243e-15
4456.0 1.327928e-15
4457.0 1.286743e-15
4458.0 1.172447e-15
4459.0 1.298425e-15
4460.0 1.230850e-15
4461.0 9.097662e-16
4462.0 7.258694e-16
4463.0 8.094425e-16
4464.0 1.050050e-15
4465.0 1.201329e-15
4466.0 1.169589e-15
4467.0 1.034106e-15
4468.0 9.337367e-16
4469.0 9.018636e-16
4470.0 9.076175e-16
4471.0 1.004744e-15
4472.0 1.162590e-15
4473.0 1.237348e-15
4474.0 1.282201e-15
4475.0 1.234091e-15
4476.0 1.141492e-15
4477.0 1.180570e-15
4478.0 1.187303e-15
4479.0 1.111974e-15
4480.0 1.023980e-15
4481.0 1.067241e-15
4482.0 1.132926e-15
4483.0 1.080491e-15
4484.0 1.032373e-15
4485.0 1.035257e-15
4486.0 1.028567e-15
4487.0 1.049121e-15
4488.0 1.010015e-15
4489.0 9.409670e-16
4490.0 1.001564e-15
4491.0 1.309303e-15
4492.0 1.457388e-15
4493.0 1.229719e-15
4494.0 9.556650e-16
4495.0 8.854164e-16
4496.0 9.582085e-16
4497.0 1.039002e-15
4498.0 1.052928e-15
4499.0 1.012675e-15
4500.0 1.034547e-15
4501.0 1.238805e-15
4502.0 1.412737e-15
4503.0 1.273087e-15
4504.0 1.104676e-15
4505.0 1.036733e-15
4506.0 1.069975e-15
4507.0 1.246076e-15
4508.0 1.393061e-15
4509.0 1.300184e-15
4510.0 1.050428e-15
4511.0 7.809876e-16
4512.0 7.030881e-16
4513.0 9.363259e-16
4514.0 1.099160e-15
4515.0 1.116853e-15
4516.0 1.025915e-15
4517.0 1.047312e-15
4518.0 1.125345e-15
4519.0 1.191874e-15
4520.0 1.214824e-15
4521.0 1.290598e-15
4522.0 1.336936e-15
4523.0 1.256853e-15
4524.0 1.253352e-15
4525.0 1.344301e-15
4526.0 1.310219e-15
4527.0 1.182752e-15
4528.0 1.051487e-15
4529.0 9.411310e-16
4530.0 1.035140e-15
4531.0 1.156934e-15
4532.0 1.191195e-15
4533.0 1.220285e-15
4534.0 1.275870e-15
4535.0 1.387004e-15
4536.0 1.422262e-15
4537.0 1.315201e-15
4538.0 1.089917e-15
4539.0 9.492133e-16
4540.0 1.002569e-15
4541.0 1.180941e-15
4542.0 1.291063e-15
4543.0 1.215363e-15
4544.0 1.086526e-15
4545.0 1.051627e-15
4546.0 1.054066e-15
4547.0 1.009592e-15
4548.0 1.017258e-15
4549.0 1.192735e-15
4550.0 1.288234e-15
4551.0 1.106400e-15
4552.0 9.839833e-16
4553.0 1.118091e-15
4554.0 1.292316e-15
4555.0 1.246381e-15
4556.0 1.178209e-15
4557.0 1.355351e-15
4558.0 1.579474e-15
4559.0 1.568458e-15
4560.0 1.410109e-15
4561.0 1.190697e-15
4562.0 1.092895e-15
4563.0 1.169757e-15
4564.0 1.299605e-15
4565.0 1.281617e-15
4566.0 1.288874e-15
4567.0 1.485147e-15
4568.0 1.556370e-15
4569.0 1.292624e-15
4570.0 1.013566e-15
4571.0 9.958707e-16
4572.0 1.104939e-15
4573.0 1.131665e-15
4574.0 1.124940e-15
4575.0 1.241830e-15
4576.0 1.401123e-15
4577.0 1.493305e-15
4578.0 1.439483e-15
4579.0 1.202399e-15
4580.0 1.143048e-15
4581.0 1.228751e-15
4582.0 1.321353e-15
4583.0 1.082153e-15
4584.0 8.637716e-16
4585.0 9.027288e-16
4586.0 1.033512e-15
4587.0 1.143326e-15
4588.0 1.206524e-15
4589.0 1.225704e-15
4590.0 1.203901e-15
4591.0 1.129563e-15
4592.0 1.062737e-15
4593.0 1.053775e-15
4594.0 1.029563e-15
4595.0 1.023203e-15
4596.0 1.080526e-15
4597.0 9.514178e-16
4598.0 8.313995e-16
4599.0 1.021177e-15
4600.0 1.233860e-15
4601.0 1.274078e-15
4602.0 1.250804e-15
4603.0 1.254820e-15
4604.0 1.203016e-15
4605.0 1.061294e-15
4606.0 9.490268e-16
4607.0 8.783676e-16
4608.0 9.162194e-16
4609.0 1.128440e-15
4610.0 1.252360e-15
4611.0 1.221115e-15
4612.0 1.166985e-15
4613.0 1.130553e-15
4614.0 9.532678e-16
4615.0 9.500994e-16
4616.0 1.024467e-15
4617.0 1.162690e-15
4618.0 1.264400e-15
4619.0 1.213449e-15
4620.0 1.110741e-15
4621.0 1.050468e-15
4622.0 1.063000e-15
4623.0 1.166295e-15
4624.0 1.180231e-15
4625.0 1.002343e-15
4626.0 8.694061e-16
4627.0 9.717398e-16
4628.0 1.163825e-15
4629.0 1.136867e-15
4630.0 1.115553e-15
4631.0 1.065758e-15
4632.0 1.038101e-15
4633.0 9.316893e-16
4634.0 9.265382e-16
4635.0 9.852060e-16
4636.0 1.004620e-15
4637.0 1.114432e-15
4638.0 1.188288e-15
4639.0 1.012651e-15
4640.0 8.547575e-16
4641.0 9.581027e-16
4642.0 1.090115e-15
4643.0 1.092763e-15
4644.0 1.015408e-15
4645.0 8.426871e-16
4646.0 7.592254e-16
4647.0 9.581015e-16
4648.0 1.205826e-15
4649.0 1.236517e-15
4650.0 1.046452e-15
4651.0 9.672792e-16
4652.0 9.728195e-16
4653.0 9.592793e-16
4654.0 9.842805e-16
4655.0 1.028141e-15
4656.0 1.041026e-15
4657.0 1.074376e-15
4658.0 1.132875e-15
4659.0 1.153276e-15
4660.0 1.199069e-15
4661.0 1.290571e-15
4662.0 1.257207e-15
4663.0 1.152727e-15
4664.0 1.085166e-15
4665.0 1.109101e-15
4666.0 1.131932e-15
4667.0 1.090777e-15
4668.0 1.002594e-15
4669.0 9.804711e-16
4670.0 1.019335e-15
4671.0 1.080024e-15
4672.0 1.148506e-15
4673.0 1.111553e-15
4674.0 1.062036e-15
4675.0 1.005612e-15
4676.0 1.001302e-15
4677.0 1.138849e-15
4678.0 1.220123e-15
4679.0 1.144503e-15
4680.0 9.549506e-16
4681.0 8.232442e-16
4682.0 8.584873e-16
4683.0 9.687331e-16
4684.0 1.038604e-15
4685.0 1.140119e-15
4686.0 1.234318e-15
4687.0 1.152918e-15
4688.0 1.068631e-15
4689.0 1.062962e-15
4690.0 1.122284e-15
4691.0 1.250565e-15
4692.0 1.335418e-15
4693.0 1.319138e-15
4694.0 1.248854e-15
4695.0 1.111385e-15
4696.0 9.896349e-16
4697.0 1.035140e-15
4698.0 1.112127e-15
4699.0 1.102531e-15
4700.0 1.190969e-15
4701.0 1.354971e-15
4702.0 1.384991e-15
4703.0 1.248328e-15
4704.0 1.116846e-15
4705.0 1.111236e-15
4706.0 1.056918e-15
4707.0 1.187184e-15
4708.0 1.402438e-15
4709.0 1.425118e-15
4710.0 1.305546e-15
4711.0 1.210895e-15
4712.0 1.225296e-15
4713.0 1.312811e-15
4714.0 1.314482e-15
4715.0 1.176720e-15
4716.0 1.052936e-15
4717.0 1.046440e-15
4718.0 1.120793e-15
4719.0 1.198769e-15
4720.0 1.250654e-15
4721.0 1.347418e-15
4722.0 1.444259e-15
4723.0 1.453148e-15
4724.0 1.399028e-15
4725.0 1.325858e-15
4726.0 1.255952e-15
4727.0 1.236396e-15
4728.0 1.355245e-15
4729.0 1.449125e-15
4730.0 1.493778e-15
4731.0 1.466483e-15
4732.0 1.408143e-15
4733.0 1.319429e-15
4734.0 1.206416e-15
4735.0 1.176337e-15
4736.0 1.247893e-15
4737.0 1.285463e-15
4738.0 1.254477e-15
4739.0 1.269971e-15
4740.0 1.297454e-15
4741.0 1.325951e-15
4742.0 1.356318e-15
4743.0 1.230756e-15
4744.0 1.101307e-15
4745.0 1.101005e-15
4746.0 1.228369e-15
4747.0 1.359011e-15
4748.0 1.431559e-15
4749.0 1.490411e-15
4750.0 1.467218e-15
4751.0 1.342863e-15
4752.0 1.199385e-15
4753.0 1.167838e-15
4754.0 1.186601e-15
4755.0 1.213517e-15
4756.0 1.307792e-15
4757.0 1.437602e-15
4758.0 1.483210e-15
4759.0 1.433483e-15
4760.0 1.347197e-15
4761.0 1.239729e-15
4762.0 1.206296e-15
4763.0 1.236852e-15
4764.0 1.179333e-15
4765.0 1.204949e-15
4766.0 1.183990e-15
4767.0 1.206221e-15
4768.0 1.159618e-15
4769.0 1.060850e-15
4770.0 1.016964e-15
4771.0 9.643982e-16
4772.0 9.421210e-16
4773.0 1.086626e-15
4774.0 1.269726e-15
4775.0 1.285588e-15
4776.0 1.195400e-15
4777.0 1.118828e-15
4778.0 1.121571e-15
4779.0 1.209928e-15
4780.0 1.310568e-15
4781.0 1.363563e-15
4782.0 1.306238e-15
4783.0 1.159877e-15
4784.0 1.097568e-15
4785.0 1.068017e-15
4786.0 1.057868e-15
4787.0 1.180945e-15
4788.0 1.181820e-15
4789.0 1.126823e-15
4790.0 1.129532e-15
4791.0 1.199995e-15
4792.0 1.215408e-15
4793.0 1.177989e-15
4794.0 1.170952e-15
4795.0 1.115075e-15
4796.0 1.119948e-15
4797.0 1.064647e-15
4798.0 1.104889e-15
4799.0 1.198502e-15
4800.0 1.197332e-15
4801.0 1.064902e-15
4802.0 9.435035e-16
4803.0 9.645968e-16
4804.0 1.044761e-15
4805.0 1.047768e-15
4806.0 9.974452e-16
4807.0 9.500549e-16
4808.0 9.896374e-16
4809.0 9.524982e-16
4810.0 8.944626e-16
4811.0 9.506841e-16
4812.0 1.036061e-15
4813.0 1.095421e-15
4814.0 1.104428e-15
4815.0 1.042310e-15
4816.0 1.022936e-15
4817.0 9.537373e-16
4818.0 9.073651e-16
4819.0 9.617304e-16
4820.0 9.843475e-16
4821.0 9.270763e-16
4822.0 8.839461e-16
4823.0 9.423251e-16
4824.0 1.010554e-15
4825.0 9.400621e-16
4826.0 8.296981e-16
4827.0 8.413324e-16
4828.0 9.144044e-16
4829.0 9.748992e-16
4830.0 1.005346e-15
4831.0 9.471574e-16
4832.0 8.752555e-16
4833.0 8.578104e-16
4834.0 8.534309e-16
4835.0 8.426654e-16
4836.0 8.475674e-16
4837.0 8.910609e-16
4838.0 9.573663e-16
4839.0 9.099101e-16
4840.0 8.592473e-16
4841.0 9.091082e-16
4842.0 9.280959e-16
4843.0 8.999728e-16
4844.0 8.689235e-16
4845.0 8.689473e-16
4846.0 1.015053e-15
4847.0 9.446674e-16
4848.0 9.144158e-16
4849.0 1.029576e-15
4850.0 1.080899e-15
4851.0 9.611734e-16
4852.0 8.039825e-16
4853.0 7.476098e-16
4854.0 7.631148e-16
4855.0 7.469099e-16
4856.0 7.084593e-16
4857.0 7.513537e-16
4858.0 8.243504e-16
4859.0 9.015216e-16
4860.0 9.547788e-16
4861.0 9.224757e-16
4862.0 8.736397e-16
4863.0 8.755186e-16
4864.0 8.657283e-16
4865.0 8.587035e-16
4866.0 8.535915e-16
4867.0 7.170495e-16
4868.0 6.891174e-16
4869.0 7.030376e-16
4870.0 7.300318e-16
4871.0 7.620732e-16
4872.0 7.496741e-16
4873.0 7.754311e-16
4874.0 8.734725e-16
4875.0 9.040888e-16
4876.0 9.414891e-16
4877.0 9.061558e-16
4878.0 8.857582e-16
4879.0 8.721282e-16
4880.0 8.677188e-16
4881.0 8.930684e-16
4882.0 8.367521e-16
4883.0 6.838506e-16
4884.0 6.426602e-16
4885.0 6.866568e-16
4886.0 7.566478e-16
4887.0 8.169380e-16
4888.0 8.047399e-16
4889.0 7.597182e-16
4890.0 7.585844e-16
4891.0 8.209495e-16
4892.0 9.215674e-16
4893.0 9.369858e-16
4894.0 8.975328e-16
4895.0 8.899107e-16
4896.0 8.965041e-16
4897.0 9.244702e-16
4898.0 9.172933e-16
4899.0 8.454704e-16
4900.0 7.517000e-16
4901.0 6.709783e-16
4902.0 7.233685e-16
4903.0 8.036956e-16
4904.0 8.909053e-16
4905.0 8.615486e-16
4906.0 8.133848e-16
4907.0 8.219771e-16
4908.0 8.269455e-16
4909.0 8.292240e-16
4910.0 8.017041e-16
4911.0 7.474383e-16
4912.0 7.571945e-16
4913.0 7.778434e-16
4914.0 7.723753e-16
4915.0 8.203986e-16
4916.0 9.021235e-16
4917.0 9.496737e-16
4918.0 9.905344e-16
4919.0 9.882306e-16
4920.0 9.278919e-16
4921.0 9.356531e-16
4922.0 9.356113e-16
4923.0 8.428759e-16
4924.0 7.930046e-16
4925.0 8.935619e-16
4926.0 1.009502e-15
4927.0 1.025618e-15
4928.0 9.384148e-16
4929.0 8.430164e-16
4930.0 8.055981e-16
4931.0 8.230235e-16
4932.0 8.699016e-16
4933.0 9.675880e-16
4934.0 1.065028e-15
4935.0 1.041132e-15
4936.0 9.227529e-16
4937.0 8.854106e-16
4938.0 9.424036e-16
4939.0 9.739622e-16
4940.0 1.028085e-15
4941.0 1.080141e-15
4942.0 1.068206e-15
4943.0 1.038498e-15
4944.0 9.754840e-16
4945.0 8.951748e-16
4946.0 8.565359e-16
4947.0 9.765723e-16
4948.0 1.163568e-15
4949.0 1.175663e-15
4950.0 1.078545e-15
4951.0 1.096344e-15
4952.0 1.113586e-15
4953.0 9.976818e-16
4954.0 1.029171e-15
4955.0 1.137216e-15
4956.0 1.190663e-15
4957.0 1.187771e-15
4958.0 1.183832e-15
4959.0 1.229594e-15
4960.0 1.325783e-15
4961.0 1.331733e-15
4962.0 1.297319e-15
4963.0 1.305062e-15
4964.0 1.329887e-15
4965.0 1.263959e-15
4966.0 1.155715e-15
4967.0 1.161328e-15
4968.0 1.277570e-15
4969.0 1.340728e-15
4970.0 1.303694e-15
4971.0 1.235016e-15
4972.0 1.111538e-15
4973.0 9.969453e-16
4974.0 9.461870e-16
4975.0 9.189392e-16
4976.0 9.268220e-16
4977.0 1.002144e-15
4978.0 1.060206e-15
4979.0 1.013082e-15
4980.0 9.479292e-16
4981.0 9.332163e-16
4982.0 9.303622e-16
4983.0 9.014559e-16
4984.0 8.509328e-16
4985.0 8.461104e-16
4986.0 9.064177e-16
4987.0 9.183211e-16
4988.0 8.731973e-16
4989.0 8.583405e-16
4990.0 8.969010e-16
4991.0 9.513841e-16
4992.0 9.752032e-16
4993.0 8.906739e-16
4994.0 8.360009e-16
4995.0 8.191336e-16
4996.0 7.876665e-16
4997.0 7.716181e-16
4998.0 7.543803e-16
4999.0 6.670482e-16
5000.0 6.666683e-16
5001.0 7.239225e-16
5002.0 7.550601e-16
5003.0 8.471447e-16
5004.0 9.050941e-16
5005.0 8.977055e-16
5006.0 8.947429e-16
5007.0 7.502503e-16
5008.0 7.110071e-16
5009.0 7.503392e-16
5010.0 7.308437e-16
5011.0 7.391898e-16
5012.0 8.091804e-16
5013.0 8.899482e-16
5014.0 9.735132e-16
5015.0 9.509135e-16
5016.0 8.047645e-16
5017.0 6.000755e-16
5018.0 4.858523e-16
5019.0 5.582827e-16
5020.0 7.063160e-16
5021.0 8.041271e-16
5022.0 8.693064e-16
5023.0 8.727842e-16
5024.0 8.638402e-16
5025.0 8.319070e-16
5026.0 7.758566e-16
5027.0 7.293483e-16
5028.0 6.819030e-16
5029.0 6.387815e-16
5030.0 7.116288e-16
5031.0 7.960001e-16
5032.0 7.828923e-16
5033.0 7.389061e-16
5034.0 7.320280e-16
5035.0 7.199841e-16
5036.0 6.706130e-16
5037.0 6.361444e-16
5038.0 6.962510e-16
5039.0 7.702798e-16
5040.0 7.884672e-16
5041.0 7.423265e-16
5042.0 7.074405e-16
5043.0 7.270982e-16
5044.0 7.036222e-16
5045.0 6.519609e-16
5046.0 6.239033e-16
5047.0 6.431549e-16
5048.0 6.967019e-16
5049.0 7.423320e-16
5050.0 7.479403e-16
5051.0 7.298193e-16
5052.0 6.606025e-16
5053.0 6.395752e-16
5054.0 6.028772e-16
5055.0 5.693895e-16
5056.0 5.495011e-16
5057.0 5.514010e-16
5058.0 6.717122e-16
5059.0 7.443685e-16
5060.0 7.759827e-16
5061.0 7.040624e-16
5062.0 6.651128e-16
5063.0 6.894443e-16
5064.0 6.497114e-16
5065.0 5.955701e-16
5066.0 5.908103e-16
5067.0 6.178626e-16
5068.0 6.309318e-16
5069.0 6.586400e-16
5070.0 6.270994e-16
5071.0 5.391393e-16
5072.0 5.813341e-16
5073.0 5.851957e-16
5074.0 6.408859e-16
5075.0 6.536756e-16
5076.0 6.727222e-16
5077.0 6.649568e-16
5078.0 5.631943e-16
5079.0 5.259036e-16
5080.0 5.299878e-16
5081.0 5.500633e-16
5082.0 5.714796e-16
5083.0 5.839170e-16
5084.0 6.047322e-16
5085.0 6.198854e-16
5086.0 6.092147e-16
5087.0 6.508170e-16
5088.0 6.557781e-16
5089.0 6.171853e-16
5090.0 6.148777e-16
5091.0 6.509333e-16
5092.0 6.721845e-16
5093.0 7.010810e-16
5094.0 7.484153e-16
5095.0 7.804880e-16
5096.0 7.553429e-16
5097.0 6.648465e-16
5098.0 5.609879e-16
5099.0 5.093525e-16
5100.0 5.780350e-16
5101.0 7.449970e-16
5102.0 8.415460e-16
5103.0 8.093513e-16
5104.0 7.736826e-16
5105.0 8.027365e-16
5106.0 8.239080e-16
5107.0 8.127660e-16
5108.0 7.758745e-16
5109.0 6.982953e-16
5110.0 6.700741e-16
5111.0 7.107421e-16
5112.0 7.262032e-16
5113.0 7.099685e-16
5114.0 6.739374e-16
5115.0 6.546968e-16
5116.0 7.345233e-16
5117.0 8.471240e-16
5118.0 8.503465e-16
5119.0 7.483714e-16
5120.0 6.395451e-16
5121.0 5.621844e-16
5122.0 5.437228e-16
5123.0 5.983296e-16
5124.0 6.739401e-16
5125.0 7.247558e-16
5126.0 7.649305e-16
5127.0 7.738114e-16
5128.0 7.204805e-16
5129.0 7.110777e-16
5130.0 6.996523e-16
5131.0 6.576901e-16
5132.0 6.469594e-16
5133.0 6.081897e-16
5134.0 6.376233e-16
5135.0 6.514325e-16
5136.0 6.833629e-16
5137.0 7.053335e-16
5138.0 6.762297e-16
5139.0 6.486160e-16
5140.0 5.363850e-16
5141.0 4.342445e-16
5142.0 4.631425e-16
5143.0 5.704599e-16
5144.0 6.471424e-16
5145.0 6.977036e-16
5146.0 7.251731e-16
5147.0 6.341028e-16
5148.0 5.995584e-16
5149.0 5.728418e-16
5150.0 5.066986e-16
5151.0 5.022401e-16
5152.0 5.621852e-16
5153.0 5.854211e-16
5154.0 6.342253e-16
5155.0 6.197144e-16
5156.0 5.443380e-16
5157.0 4.851169e-16
5158.0 4.704246e-16
5159.0 5.378551e-16
5160.0 6.333872e-16
5161.0 6.822337e-16
5162.0 6.732015e-16
5163.0 6.077033e-16
5164.0 5.439523e-16
5165.0 5.767854e-16
5166.0 6.455266e-16
5167.0 5.546319e-16
5168.0 4.793729e-16
5169.0 4.903781e-16
5170.0 4.853505e-16
5171.0 5.345684e-16
5172.0 5.621953e-16
5173.0 5.947385e-16
5174.0 6.342189e-16
5175.0 6.044016e-16
5176.0 5.146526e-16
5177.0 4.838659e-16
5178.0 5.723753e-16
5179.0 6.350176e-16
5180.0 6.651435e-16
5181.0 6.149822e-16
5182.0 5.368901e-16
5183.0 5.541342e-16
5184.0 5.759804e-16
5185.0 5.715419e-16
5186.0 4.831239e-16
5187.0 4.431406e-16
5188.0 4.922958e-16
5189.0 5.030553e-16
5190.0 5.130689e-16
5191.0 5.687505e-16
5192.0 6.322694e-16
5193.0 5.997890e-16
5194.0 5.413719e-16
5195.0 5.535656e-16
5196.0 5.553698e-16
5197.0 5.878875e-16
5198.0 6.613573e-16
5199.0 6.716571e-16
5200.0 6.280969e-16
5201.0 6.265565e-16
5202.0 6.457058e-16
5203.0 6.415603e-16
5204.0 5.957596e-16
5205.0 5.484679e-16
5206.0 5.225889e-16
5207.0 5.106573e-16
5208.0 5.033460e-16
5209.0 4.772538e-16
5210.0 4.748216e-16
5211.0 4.964402e-16
5212.0 5.249850e-16
5213.0 5.651737e-16
5214.0 5.824526e-16
5215.0 5.527046e-16
5216.0 5.625469e-16
5217.0 5.984939e-16
5218.0 6.092927e-16
5219.0 5.640200e-16
5220.0 4.410165e-16
5221.0 4.003163e-16
5222.0 4.574885e-16
5223.0 5.257548e-16
5224.0 5.500084e-16
5225.0 5.480210e-16
5226.0 5.237636e-16
5227.0 4.641654e-16
5228.0 4.268567e-16
5229.0 4.301504e-16
5230.0 4.477309e-16
5231.0 4.844819e-16
5232.0 5.439997e-16
5233.0 5.760098e-16
5234.0 5.689427e-16
5235.0 5.799938e-16
5236.0 6.024863e-16
5237.0 5.910984e-16
5238.0 5.908470e-16
5239.0 5.724281e-16
5240.0 5.522726e-16
5241.0 5.669311e-16
5242.0 5.778227e-16
5243.0 5.360281e-16
5244.0 5.016544e-16
5245.0 4.775861e-16
5246.0 4.437973e-16
5247.0 3.976256e-16
5248.0 3.723156e-16
5249.0 3.948531e-16
5250.0 4.037778e-16
5251.0 4.370986e-16
5252.0 4.980480e-16
5253.0 5.554466e-16
5254.0 5.745981e-16
5255.0 5.491491e-16
5256.0 5.639398e-16
5257.0 5.743244e-16
5258.0 5.423868e-16
5259.0 5.142592e-16
5260.0 5.146198e-16
5261.0 4.993385e-16
5262.0 4.741804e-16
5263.0 4.409318e-16
5264.0 4.417380e-16
5265.0 4.862251e-16
5266.0 5.056559e-16
5267.0 4.806678e-16
5268.0 4.832686e-16
5269.0 4.808097e-16
5270.0 5.021593e-16
5271.0 5.571357e-16
5272.0 5.602433e-16
5273.0 5.638011e-16
5274.0 5.726603e-16
5275.0 5.740864e-16
5276.0 5.666605e-16
5277.0 5.603756e-16
5278.0 5.776991e-16
5279.0 6.930813e-16
5280.0 6.949803e-16
5281.0 5.501277e-16
5282.0 4.329494e-16
5283.0 4.276923e-16
5284.0 5.013707e-16
5285.0 5.821149e-16
5286.0 5.732679e-16
5287.0 5.013652e-16
5288.0 4.682518e-16
5289.0 4.633153e-16
5290.0 4.952426e-16
5291.0 5.527902e-16
5292.0 5.822251e-16
5293.0 5.563066e-16
5294.0 5.163200e-16
5295.0 4.843877e-16
5296.0 4.305945e-16
5297.0 4.482036e-16
5298.0 5.000442e-16
5299.0 4.987528e-16
5300.0 4.910659e-16
5301.0 5.312610e-16
5302.0 5.281409e-16
5303.0 5.137351e-16
5304.0 5.290910e-16
5305.0 5.274827e-16
5306.0 4.835591e-16
5307.0 4.334098e-16
5308.0 3.958572e-16
5309.0 4.438279e-16
5310.0 5.088838e-16
5311.0 4.763196e-16
5312.0 4.958711e-16
5313.0 4.743242e-16
5314.0 4.444583e-16
5315.0 4.579674e-16
5316.0 4.874109e-16
5317.0 5.178990e-16
5318.0 5.148377e-16
5319.0 4.587271e-16
5320.0 4.167703e-16
5321.0 4.600488e-16
5322.0 5.379481e-16
5323.0 5.455813e-16
5324.0 5.486327e-16
5325.0 5.104896e-16
5326.0 4.596980e-16
5327.0 4.720375e-16
5328.0 4.618292e-16
5329.0 5.510792e-16
5330.0 5.503641e-16
5331.0 4.586884e-16
5332.0 4.385270e-16
5333.0 4.427789e-16
5334.0 4.425546e-16
5335.0 4.643543e-16
5336.0 4.491079e-16
5337.0 3.564609e-16
5338.0 2.984813e-16
5339.0 3.676562e-16
5340.0 5.056842e-16
5341.0 5.581732e-16
5342.0 5.534742e-16
5343.0 5.916996e-16
5344.0 6.127917e-16
5345.0 5.248124e-16
5346.0 4.235015e-16
5347.0 3.827269e-16
5348.0 3.683303e-16
5349.0 3.560993e-16
5350.0 3.911677e-16
5351.0 4.622503e-16
5352.0 5.141391e-16
5353.0 4.947737e-16
5354.0 4.538097e-16
5355.0 5.048487e-16
5356.0 4.960493e-16
5357.0 4.081111e-16
5358.0 3.559667e-16
5359.0 4.121535e-16
5360.0 5.160019e-16
5361.0 5.279997e-16
5362.0 5.366122e-16
5363.0 5.292086e-16
5364.0 4.749015e-16
5365.0 4.861266e-16
5366.0 4.907850e-16
5367.0 4.161144e-16
5368.0 3.942374e-16
5369.0 4.632063e-16
5370.0 4.632152e-16
5371.0 4.321316e-16
5372.0 4.299364e-16
5373.0 4.293586e-16
5374.0 4.072572e-16
5375.0 3.984940e-16
5376.0 4.175647e-16
5377.0 4.861165e-16
5378.0 5.751623e-16
5379.0 5.931557e-16
5380.0 5.036962e-16
5381.0 4.169183e-16
5382.0 4.106147e-16
5383.0 4.517428e-16
5384.0 5.038464e-16
5385.0 5.288280e-16
5386.0 4.624021e-16
5387.0 4.377196e-16
5388.0 4.478624e-16
5389.0 4.399174e-16
5390.0 4.325379e-16
5391.0 4.631986e-16
5392.0 4.995696e-16
5393.0 4.668457e-16
5394.0 4.066195e-16
5395.0 3.971237e-16
5396.0 4.189258e-16
5397.0 4.196002e-16
5398.0 4.119008e-16
5399.0 4.301676e-16
5400.0 4.858227e-16
5401.0 5.364490e-16
5402.0 4.199803e-16
5403.0 3.410918e-16
5404.0 3.822260e-16
5405.0 4.275076e-16
5406.0 3.994594e-16
5407.0 4.448755e-16
5408.0 4.589560e-16
5409.0 4.317275e-16
5410.0 4.374528e-16
5411.0 4.783835e-16
5412.0 4.495734e-16
5413.0 4.559093e-16
5414.0 4.461293e-16
5415.0 3.977397e-16
5416.0 3.826895e-16
5417.0 3.403819e-16
5418.0 3.557332e-16
5419.0 3.678708e-16
5420.0 3.534042e-16
5421.0 3.659091e-16
5422.0 3.772054e-16
5423.0 4.426903e-16
5424.0 4.468938e-16
5425.0 3.847149e-16
5426.0 3.683807e-16
5427.0 3.432601e-16
5428.0 3.685517e-16
5429.0 4.111254e-16
5430.0 4.309176e-16
5431.0 4.495913e-16
5432.0 4.782683e-16
5433.0 4.481707e-16
5434.0 3.670864e-16
5435.0 3.278756e-16
5436.0 3.750687e-16
5437.0 4.208023e-16
5438.0 4.535021e-16
5439.0 4.510973e-16
5440.0 4.194107e-16
5441.0 3.867765e-16
5442.0 3.565423e-16
5443.0 3.242157e-16
5444.0 3.174219e-16
5445.0 3.315308e-16
5446.0 3.446248e-16
5447.0 3.896099e-16
5448.0 4.527891e-16
5449.0 4.805978e-16
5450.0 4.471894e-16
5451.0 3.798201e-16
5452.0 3.352403e-16
5453.0 3.172221e-16
5454.0 3.613362e-16
5455.0 4.183399e-16
5456.0 4.011542e-16
5457.0 3.886498e-16
5458.0 4.022814e-16
5459.0 4.232296e-16
5460.0 3.940657e-16
5461.0 3.036495e-16
5462.0 3.137449e-16
5463.0 3.854442e-16
5464.0 3.977980e-16
5465.0 3.746103e-16
5466.0 4.126733e-16
5467.0 3.444395e-16
5468.0 2.961221e-16
5469.0 3.027103e-16
5470.0 3.144011e-16
5471.0 3.690193e-16
5472.0 4.214330e-16
5473.0 4.036221e-16
5474.0 3.490908e-16
5475.0 3.182916e-16
5476.0 3.160391e-16
5477.0 3.473786e-16
5478.0 3.489625e-16
5479.0 3.449666e-16
5480.0 4.082819e-16
5481.0 4.542992e-16
5482.0 4.465654e-16
5483.0 4.475633e-16
5484.0 4.471875e-16
5485.0 4.015789e-16
5486.0 4.087573e-16
5487.0 3.929534e-16
5488.0 3.453509e-16
5489.0 3.158945e-16
5490.0 3.407915e-16
5491.0 4.134723e-16
5492.0 4.226169e-16
5493.0 4.201263e-16
5494.0 4.600609e-16
5495.0 4.661575e-16
5496.0 5.119467e-16
5497.0 4.731590e-16
5498.0 4.154130e-16
5499.0 4.293838e-16
5500.0 3.814505e-16
5501.0 3.597233e-16
5502.0 3.930622e-16
5503.0 3.929601e-16
5504.0 3.410837e-16
5505.0 3.855052e-16
5506.0 4.231385e-16
5507.0 4.079355e-16
5508.0 3.864270e-16
5509.0 3.791913e-16
5510.0 3.535563e-16
5511.0 3.615927e-16
5512.0 3.758146e-16
5513.0 3.677380e-16
5514.0 3.698745e-16
5515.0 3.408796e-16
5516.0 3.695520e-16
5517.0 4.389008e-16
5518.0 4.440306e-16
5519.0 4.171470e-16
5520.0 4.490036e-16
5521.0 4.543747e-16
5522.0 4.100964e-16
5523.0 3.936201e-16
5524.0 3.644408e-16
5525.0 3.309356e-16
5526.0 3.488737e-16
5527.0 4.152791e-16
5528.0 4.337706e-16
5529.0 3.857813e-16
5530.0 3.288529e-16
5531.0 3.159754e-16
5532.0 3.476263e-16
5533.0 3.875283e-16
5534.0 3.995458e-16
5535.0 3.967404e-16
5536.0 4.239826e-16
5537.0 4.703972e-16
5538.0 4.577993e-16
5539.0 4.097321e-16
5540.0 3.981958e-16
5541.0 4.303900e-16
5542.0 4.406725e-16
5543.0 4.136868e-16
5544.0 3.968877e-16
5545.0 4.066037e-16
5546.0 4.108954e-16
5547.0 3.871859e-16
5548.0 3.581469e-16
5549.0 3.862862e-16
5550.0 4.237788e-16
5551.0 3.747917e-16
5552.0 3.085353e-16
5553.0 3.125086e-16
5554.0 3.588837e-16
5555.0 3.878944e-16
5556.0 4.128007e-16
5557.0 4.544286e-16
5558.0 5.067805e-16
5559.0 4.728094e-16
5560.0 3.451909e-16
5561.0 3.516565e-16
5562.0 3.106900e-16
5563.0 2.735596e-16
5564.0 3.253509e-16
5565.0 3.489140e-16
5566.0 3.900755e-16
5567.0 4.233230e-16
5568.0 4.616359e-16
5569.0 5.278659e-16
5570.0 5.441963e-16
5571.0 5.368359e-16
5572.0 4.927227e-16
5573.0 3.412889e-16
5574.0 1.464198e-16
5575.0 1.615085e-16
5576.0 2.924978e-16
5577.0 4.287265e-16
5578.0 5.296494e-16
5579.0 5.398167e-16
5580.0 4.952957e-16
5581.0 4.353220e-16
5582.0 3.806495e-16
5583.0 3.453752e-16
5584.0 3.669722e-16
5585.0 3.701601e-16
5586.0 3.717513e-16
5587.0 4.168693e-16
5588.0 4.309702e-16
5589.0 4.340065e-16
5590.0 4.254259e-16
5591.0 4.012407e-16
5592.0 3.973472e-16
5593.0 4.430975e-16
5594.0 4.442002e-16
5595.0 4.126392e-16
5596.0 4.025090e-16
5597.0 3.245161e-16
5598.0 2.833747e-16
5599.0 3.631069e-16
5600.0 4.554002e-16
5601.0 4.159101e-16
5602.0 3.951322e-16
5603.0 4.012471e-16
5604.0 4.004356e-16
5605.0 3.853802e-16
5606.0 3.462723e-16
5607.0 3.585685e-16
5608.0 3.834120e-16
5609.0 3.742093e-16
5610.0 3.837574e-16
5611.0 3.952555e-16
5612.0 4.158669e-16
5613.0 4.462882e-16
5614.0 4.587246e-16
5615.0 4.437838e-16
5616.0 4.304368e-16
5617.0 4.343371e-16
5618.0 4.311924e-16
5619.0 4.092771e-16
5620.0 4.094785e-16
5621.0 4.439103e-16
5622.0 4.415132e-16
5623.0 3.764153e-16
5624.0 3.839164e-16
5625.0 3.948511e-16
5626.0 3.843911e-16
5627.0 3.990864e-16
5628.0 3.887997e-16
5629.0 3.871413e-16
5630.0 4.062853e-16
5631.0 4.120083e-16
5632.0 3.810318e-16
5633.0 3.620318e-16
5634.0 3.643623e-16
5635.0 3.666716e-16
5636.0 3.610813e-16
5637.0 3.720158e-16
5638.0 3.871506e-16
5639.0 4.133383e-16
5640.0 4.273769e-16
5641.0 3.659650e-16
5642.0 3.145029e-16
5643.0 3.159079e-16
5644.0 3.221653e-16
5645.0 3.090209e-16
5646.0 3.053496e-16
5647.0 3.450156e-16
5648.0 3.951207e-16
5649.0 4.001406e-16
5650.0 3.685771e-16
5651.0 3.046330e-16
5652.0 2.818512e-16
5653.0 3.452750e-16
5654.0 3.937783e-16
5655.0 3.943796e-16
5656.0 4.141400e-16
5657.0 4.506757e-16
5658.0 4.243243e-16
5659.0 4.209438e-16
5660.0 4.450693e-16
5661.0 4.277078e-16
5662.0 3.461999e-16
5663.0 3.062264e-16
5664.0 3.264252e-16
5665.0 3.652792e-16
5666.0 3.695871e-16
5667.0 3.479049e-16
5668.0 2.943295e-16
5669.0 2.569105e-16
5670.0 2.707060e-16
5671.0 3.169250e-16
5672.0 3.919410e-16
5673.0 3.891704e-16
5674.0 3.332556e-16
5675.0 3.469050e-16
5676.0 3.560670e-16
5677.0 3.753593e-16
5678.0 3.922808e-16
5679.0 3.499814e-16
5680.0 2.985324e-16
5681.0 2.879200e-16
5682.0 3.157351e-16
5683.0 3.503500e-16
5684.0 3.587738e-16
5685.0 3.568148e-16
5686.0 3.745829e-16
5687.0 4.230395e-16
5688.0 4.527332e-16
5689.0 4.071873e-16
5690.0 3.586811e-16
5691.0 3.683739e-16
5692.0 3.841073e-16
5693.0 3.512207e-16
5694.0 3.638776e-16
5695.0 4.063269e-16
5696.0 3.809413e-16
5697.0 3.787620e-16
5698.0 3.280561e-16
5699.0 3.198573e-16
5700.0 3.978451e-16
5701.0 3.269159e-16
5702.0 3.259185e-16
5703.0 4.081424e-16
5704.0 4.059956e-16
5705.0 3.578464e-16
5706.0 2.995335e-16
5707.0 2.966343e-16
5708.0 3.160865e-16
5709.0 2.711251e-16
5710.0 2.859107e-16
5711.0 3.628334e-16
5712.0 4.215347e-16
5713.0 4.480697e-16
5714.0 4.372941e-16
5715.0 3.759671e-16
5716.0 3.274398e-16
5717.0 3.434880e-16
5718.0 3.326181e-16
5719.0 3.574281e-16
5720.0 4.033150e-16
5721.0 3.860741e-16
5722.0 3.733482e-16
5723.0 4.058589e-16
5724.0 4.235747e-16
5725.0 3.899265e-16
5726.0 4.135060e-16
5727.0 4.393036e-16
5728.0 4.526353e-16
5729.0 4.507352e-16
5730.0 3.937454e-16
5731.0 3.866335e-16
5732.0 3.903809e-16
5733.0 3.660802e-16
5734.0 3.878356e-16
5735.0 3.752427e-16
5736.0 3.870842e-16
5737.0 4.169632e-16
5738.0 3.507534e-16
5739.0 3.535905e-16
5740.0 3.462026e-16
5741.0 2.811972e-16
5742.0 2.859999e-16
5743.0 3.353624e-16
5744.0 3.933144e-16
5745.0 4.299512e-16
5746.0 4.129980e-16
5747.0 3.578612e-16
5748.0 3.189643e-16
5749.0 3.097709e-16
5750.0 2.989388e-16
5751.0 3.296854e-16
5752.0 3.609332e-16
5753.0 3.761414e-16
5754.0 3.953600e-16
5755.0 4.096239e-16
5756.0 4.090475e-16
5757.0 3.803596e-16
5758.0 3.349606e-16
5759.0 3.524012e-16
5760.0 3.661583e-16
5761.0 3.615599e-16
5762.0 3.713397e-16
5763.0 3.873267e-16
5764.0 3.857579e-16
5765.0 3.824745e-16
5766.0 3.918571e-16
5767.0 3.771322e-16
5768.0 3.774394e-16
5769.0 3.780801e-16
5770.0 3.814431e-16
5771.0 4.709119e-16
5772.0 4.895082e-16
5773.0 4.036628e-16
5774.0 3.634329e-16
5775.0 4.474494e-16
5776.0 4.886692e-16
5777.0 4.272502e-16
5778.0 3.558894e-16
5779.0 3.109032e-16
5780.0 3.091261e-16
5781.0 3.180473e-16
5782.0 3.357182e-16
5783.0 4.184168e-16
5784.0 4.982256e-16
5785.0 5.057906e-16
5786.0 4.645924e-16
5787.0 4.444462e-16
5788.0 4.360688e-16
5789.0 4.175572e-16
5790.0 3.820321e-16
5791.0 3.319795e-16
5792.0 3.530846e-16
5793.0 4.022937e-16
5794.0 4.055283e-16
5795.0 3.965421e-16
5796.0 4.252039e-16
5797.0 4.661401e-16
5798.0 4.659493e-16
5799.0 4.133405e-16
5800.0 4.131965e-16
5801.0 4.698281e-16
5802.0 4.964197e-16
5803.0 4.594485e-16
5804.0 4.539131e-16
5805.0 4.976936e-16
5806.0 5.175653e-16
5807.0 4.837212e-16
5808.0 4.263378e-16
5809.0 3.659817e-16
5810.0 3.355291e-16
5811.0 3.772990e-16
5812.0 3.918277e-16
5813.0 3.789374e-16
5814.0 4.111666e-16
5815.0 4.564477e-16
5816.0 4.809677e-16
5817.0 4.859987e-16
5818.0 4.812992e-16
5819.0 4.655411e-16
5820.0 4.073226e-16
5821.0 3.614747e-16
5822.0 3.763637e-16
5823.0 3.827746e-16
5824.0 3.811077e-16
5825.0 3.788504e-16
5826.0 3.844940e-16
5827.0 3.944728e-16
5828.0 4.063208e-16
5829.0 3.988567e-16
5830.0 3.902852e-16
5831.0 3.992019e-16
5832.0 4.122832e-16
5833.0 4.115238e-16
5834.0 4.134235e-16
5835.0 4.202910e-16
5836.0 4.527069e-16
5837.0 4.465164e-16
5838.0 3.571511e-16
5839.0 3.680884e-16
5840.0 3.853128e-16
5841.0 3.848443e-16
5842.0 4.703932e-16
5843.0 4.951728e-16
5844.0 4.588666e-16
5845.0 4.168476e-16
5846.0 3.945205e-16
5847.0 3.985899e-16
5848.0 4.132056e-16
5849.0 4.204489e-16
5850.0 4.138606e-16
5851.0 3.605306e-16
5852.0 3.543027e-16
5853.0 4.241736e-16
5854.0 3.983350e-16
5855.0 3.247313e-16
5856.0 3.134950e-16
5857.0 3.754665e-16
5858.0 3.946947e-16
5859.0 3.971897e-16
5860.0 4.168147e-16
5861.0 4.341720e-16
5862.0 4.214288e-16
5863.0 4.379499e-16
5864.0 4.790846e-16
5865.0 4.800552e-16
5866.0 4.373831e-16
5867.0 4.231582e-16
5868.0 4.141418e-16
5869.0 3.565799e-16
5870.0 3.717002e-16
5871.0 4.224450e-16
5872.0 4.265681e-16
5873.0 3.858293e-16
5874.0 3.855552e-16
5875.0 3.823592e-16
5876.0 3.490538e-16
5877.0 3.436396e-16
5878.0 3.822634e-16
5879.0 4.182766e-16
5880.0 4.097087e-16
5881.0 3.733757e-16
5882.0 3.648074e-16
5883.0 3.873528e-16
5884.0 3.731677e-16
5885.0 3.540430e-16
5886.0 2.792693e-16
5887.0 2.269492e-16
5888.0 2.804446e-16
5889.0 3.499909e-16
5890.0 3.930848e-16
5891.0 3.915402e-16
5892.0 3.304673e-16
5893.0 2.578603e-16
5894.0 2.306555e-16
5895.0 2.903889e-16
5896.0 3.865846e-16
5897.0 4.118655e-16
5898.0 3.634292e-16
5899.0 3.121122e-16
5900.0 3.163061e-16
5901.0 3.089555e-16
5902.0 2.923760e-16
5903.0 3.050698e-16
5904.0 3.277895e-16
5905.0 3.196892e-16
5906.0 3.151813e-16
5907.0 3.594325e-16
5908.0 3.994337e-16
5909.0 3.989290e-16
5910.0 3.880633e-16
5911.0 3.963543e-16
5912.0 3.970649e-16
5913.0 3.597891e-16
5914.0 3.072954e-16
5915.0 2.711965e-16
5916.0 2.620961e-16
5917.0 2.945003e-16
5918.0 3.421841e-16
5919.0 3.142109e-16
5920.0 2.975004e-16
5921.0 3.200927e-16
5922.0 3.513642e-16
5923.0 3.931144e-16
5924.0 4.116866e-16
5925.0 3.701091e-16
5926.0 3.139442e-16
5927.0 3.306428e-16
5928.0 3.821932e-16
5929.0 4.039178e-16
5930.0 3.823708e-16
5931.0 3.394000e-16
5932.0 3.231534e-16
5933.0 3.710150e-16
5934.0 4.497831e-16
5935.0 4.361968e-16
5936.0 3.728150e-16
5937.0 3.635750e-16
5938.0 3.446599e-16
5939.0 3.363993e-16
5940.0 3.609070e-16
5941.0 3.887228e-16
5942.0 4.223820e-16
5943.0 4.102362e-16
5944.0 3.535760e-16
5945.0 3.261077e-16
5946.0 3.550726e-16
5947.0 4.218714e-16
5948.0 4.691243e-16
5949.0 4.570980e-16
5950.0 4.158847e-16
5951.0 3.911513e-16
5952.0 3.841056e-16
5953.0 3.349237e-16
5954.0 3.185382e-16
5955.0 3.577309e-16
5956.0 3.631162e-16
5957.0 3.800592e-16
5958.0 4.192328e-16
5959.0 4.451083e-16
5960.0 4.231205e-16
5961.0 3.858346e-16
5962.0 3.834778e-16
5963.0 4.296229e-16
5964.0 4.728670e-16
5965.0 4.948283e-16
5966.0 4.972919e-16
5967.0 4.623157e-16
5968.0 3.873183e-16
5969.0 3.487326e-16
5970.0 3.618307e-16
5971.0 3.438851e-16
5972.0 3.776204e-16
5973.0 4.416560e-16
5974.0 4.407161e-16
5975.0 4.459587e-16
5976.0 4.440413e-16
5977.0 4.336936e-16
5978.0 4.524312e-16
5979.0 4.589165e-16
5980.0 4.426058e-16
5981.0 4.205678e-16
5982.0 4.117918e-16
5983.0 4.073928e-16
5984.0 4.187426e-16
5985.0 4.581854e-16
5986.0 4.601968e-16
5987.0 4.562960e-16
5988.0 4.636570e-16
5989.0 4.246606e-16
5990.0 4.410992e-16
5991.0 4.821980e-16
5992.0 4.859040e-16
5993.0 5.042124e-16
5994.0 5.166895e-16
5995.0 4.905086e-16
5996.0 4.533678e-16
5997.0 4.597393e-16
5998.0 4.928603e-16
5999.0 5.133839e-16
6000.0 5.111747e-16
6001.0 4.928651e-16
6002.0 4.861839e-16
6003.0 4.948395e-16
6004.0 4.551178e-16
6005.0 4.328683e-16
6006.0 4.418438e-16
6007.0 4.238484e-16
6008.0 4.267737e-16
6009.0 4.828221e-16
6010.0 5.496230e-16
6011.0 5.449523e-16
6012.0 5.115147e-16
6013.0 4.743819e-16
6014.0 4.251895e-16
6015.0 4.078982e-16
6016.0 4.491199e-16
6017.0 5.290307e-16
6018.0 5.768043e-16
6019.0 5.833416e-16
6020.0 5.644907e-16
6021.0 5.240451e-16
6022.0 4.732522e-16
6023.0 4.658476e-16
6024.0 4.652683e-16
6025.0 4.048249e-16
6026.0 3.960751e-16
6027.0 4.504705e-16
6028.0 4.780143e-16
6029.0 4.630721e-16
6030.0 4.045716e-16
6031.0 3.310710e-16
6032.0 3.034913e-16
6033.0 3.434065e-16
6034.0 3.999157e-16
6035.0 4.287431e-16
6036.0 4.463400e-16
6037.0 4.452336e-16
6038.0 4.149039e-16
6039.0 3.772855e-16
6040.0 3.863995e-16
6041.0 3.995587e-16
6042.0 3.763174e-16
6043.0 3.310548e-16
6044.0 3.148101e-16
6045.0 3.429634e-16
6046.0 3.847882e-16
6047.0 3.883991e-16
6048.0 3.711666e-16
6049.0 3.508308e-16
6050.0 3.298745e-16
6051.0 3.352947e-16
6052.0 3.554765e-16
6053.0 3.612219e-16
6054.0 3.418684e-16
6055.0 3.385501e-16
6056.0 3.642699e-16
6057.0 3.833876e-16
6058.0 4.030990e-16
6059.0 3.827983e-16
6060.0 3.372402e-16
6061.0 3.369332e-16
6062.0 3.584999e-16
6063.0 3.625815e-16
6064.0 3.604839e-16
6065.0 3.889868e-16
6066.0 3.978201e-16
6067.0 3.551432e-16
6068.0 3.411402e-16
6069.0 3.810902e-16
6070.0 4.206637e-16
6071.0 4.129461e-16
6072.0 3.988634e-16
6073.0 4.036648e-16
6074.0 4.033585e-16
6075.0 3.748803e-16
6076.0 3.814868e-16
6077.0 4.208393e-16
6078.0 4.247527e-16
6079.0 3.941890e-16
6080.0 3.787405e-16
6081.0 3.828221e-16
6082.0 3.496656e-16
6083.0 3.529694e-16
6084.0 3.727216e-16
6085.0 3.406865e-16
6086.0 3.433815e-16
6087.0 3.685287e-16
6088.0 3.718156e-16
6089.0 3.469020e-16
6090.0 3.274034e-16
6091.0 3.346327e-16
6092.0 3.601288e-16
6093.0 3.893837e-16
6094.0 3.968344e-16
6095.0 3.821654e-16
6096.0 3.777260e-16
6097.0 3.493912e-16
6098.0 3.153167e-16
6099.0 3.225150e-16
6100.0 3.555825e-16
6101.0 3.863495e-16
6102.0 3.976135e-16
6103.0 3.699915e-16
6104.0 3.336797e-16
6105.0 3.196197e-16
6106.0 3.329811e-16
6107.0 3.609450e-16
6108.0 3.725781e-16
6109.0 3.562496e-16
6110.0 3.514147e-16
6111.0 3.734798e-16
6112.0 3.777940e-16
6113.0 3.312354e-16
6114.0 3.398550e-16
6115.0 3.623983e-16
6116.0 3.272827e-16
6117.0 3.646494e-16
6118.0 3.743043e-16
6119.0 2.923712e-16
6120.0 2.447408e-16
6121.0 2.670167e-16
6122.0 3.177608e-16
6123.0 3.608312e-16
6124.0 3.977614e-16
6125.0 4.088792e-16
6126.0 3.954581e-16
6127.0 3.937030e-16
6128.0 3.990768e-16
6129.0 3.912625e-16
6130.0 3.589939e-16
6131.0 3.423000e-16
6132.0 3.389439e-16
6133.0 3.280880e-16
6134.0 3.047588e-16
6135.0 2.846586e-16
6136.0 2.693019e-16
6137.0 2.462137e-16
6138.0 2.595087e-16
6139.0 3.136766e-16
6140.0 3.670216e-16
6141.0 3.795327e-16
6142.0 3.644526e-16
6143.0 3.339526e-16
6144.0 3.108691e-16
6145.0 3.420763e-16
6146.0 3.995700e-16
6147.0 4.306882e-16
6148.0 4.061866e-16
6149.0 3.307589e-16
6150.0 2.722696e-16
6151.0 2.884404e-16
6152.0 3.401090e-16
6153.0 3.783865e-16
6154.0 3.974549e-16
6155.0 3.585862e-16
6156.0 2.880463e-16
6157.0 2.468583e-16
6158.0 2.705031e-16
6159.0 3.302850e-16
6160.0 3.578575e-16
6161.0 3.383528e-16
6162.0 3.176018e-16
6163.0 3.365986e-16
6164.0 3.744747e-16
6165.0 3.934200e-16
6166.0 3.908447e-16
6167.0 3.788112e-16
6168.0 3.596809e-16
6169.0 3.326596e-16
6170.0 3.168887e-16
6171.0 3.224982e-16
6172.0 3.308567e-16
6173.0 3.315274e-16
6174.0 3.422492e-16
6175.0 3.458844e-16
6176.0 3.510057e-16
6177.0 3.428937e-16
6178.0 3.089176e-16
6179.0 2.929701e-16
6180.0 2.942011e-16
6181.0 2.962907e-16
6182.0 2.840393e-16
6183.0 2.627019e-16
6184.0 2.479561e-16
6185.0 2.340213e-16
6186.0 2.449703e-16
6187.0 2.919282e-16
6188.0 3.420660e-16
6189.0 3.607151e-16
6190.0 3.592907e-16
6191.0 3.607444e-16
6192.0 3.494533e-16
6193.0 3.274807e-16
6194.0 3.185898e-16
6195.0 3.342819e-16
6196.0 3.356787e-16
6197.0 3.029240e-16
6198.0 2.683903e-16
6199.0 2.613004e-16
6200.0 2.857469e-16
6201.0 3.278062e-16
6202.0 3.565369e-16
6203.0 3.312607e-16
6204.0 2.714048e-16
6205.0 2.473066e-16
6206.0 2.397766e-16
6207.0 2.462148e-16
6208.0 2.737116e-16
6209.0 3.059832e-16
6210.0 3.347818e-16
6211.0 3.475537e-16
6212.0 3.415277e-16
6213.0 2.980047e-16
6214.0 2.546582e-16
6215.0 2.763124e-16
6216.0 3.144124e-16
6217.0 3.235492e-16
6218.0 3.170657e-16
6219.0 3.064258e-16
6220.0 3.070272e-16
6221.0 3.274490e-16
6222.0 3.513235e-16
6223.0 3.575911e-16
6224.0 3.486629e-16
6225.0 3.358304e-16
6226.0 3.247129e-16
6227.0 3.315434e-16
6228.0 3.596534e-16
6229.0 3.527212e-16
6230.0 3.101947e-16
6231.0 2.801013e-16
6232.0 3.055160e-16
6233.0 3.626672e-16
6234.0 3.852762e-16
6235.0 3.475754e-16
6236.0 2.905729e-16
6237.0 2.573334e-16
6238.0 2.564395e-16
6239.0 2.846637e-16
6240.0 3.070396e-16
6241.0 2.958182e-16
6242.0 2.727837e-16
6243.0 2.483122e-16
6244.0 2.280466e-16
6245.0 2.702352e-16
6246.0 3.144297e-16
6247.0 3.133208e-16
6248.0 3.247257e-16
6249.0 3.364024e-16
6250.0 3.316476e-16
6251.0 3.122413e-16
6252.0 2.894644e-16
6253.0 2.695342e-16
6254.0 2.724866e-16
6255.0 3.155599e-16
6256.0 3.509160e-16
6257.0 3.370691e-16
6258.0 3.171539e-16
6259.0 3.206768e-16
6260.0 3.078828e-16
6261.0 2.545325e-16
6262.0 2.132530e-16
6263.0 2.458168e-16
6264.0 3.014966e-16
6265.0 2.876310e-16
6266.0 2.557469e-16
6267.0 2.849761e-16
6268.0 3.251399e-16
6269.0 3.231518e-16
6270.0 2.910039e-16
6271.0 2.645113e-16
6272.0 2.612307e-16
6273.0 2.691370e-16
6274.0 2.684493e-16
6275.0 2.644908e-16
6276.0 2.679120e-16
6277.0 2.908502e-16
6278.0 2.969643e-16
6279.0 2.859037e-16
6280.0 2.842302e-16
6281.0 2.857696e-16
6282.0 2.852403e-16
6283.0 2.854822e-16
6284.0 2.884155e-16
6285.0 2.762263e-16
6286.0 2.394753e-16
6287.0 1.881761e-16
6288.0 1.820960e-16
6289.0 2.426429e-16
6290.0 3.026707e-16
6291.0 3.291765e-16
6292.0 3.378080e-16
6293.0 3.454945e-16
6294.0 3.257003e-16
6295.0 2.864064e-16
6296.0 2.463138e-16
6297.0 2.175248e-16
6298.0 2.036593e-16
6299.0 2.181427e-16
6300.0 2.700347e-16
6301.0 3.535364e-16
6302.0 4.162450e-16
6303.0 3.740558e-16
6304.0 3.052464e-16
6305.0 2.731447e-16
6306.0 2.673551e-16
6307.0 2.615297e-16
6308.0 2.363888e-16
6309.0 1.963989e-16
6310.0 1.909588e-16
6311.0 2.293169e-16
6312.0 2.702552e-16
6313.0 2.786286e-16
6314.0 2.799452e-16
6315.0 2.942557e-16
6316.0 3.147457e-16
6317.0 3.562403e-16
6318.0 3.902476e-16
6319.0 3.715177e-16
6320.0 3.042048e-16
6321.0 2.344187e-16
6322.0 2.279252e-16
6323.0 2.933737e-16
6324.0 3.561338e-16
6325.0 3.571888e-16
6326.0 3.404701e-16
6327.0 2.894179e-16
6328.0 2.261526e-16
6329.0 2.532089e-16
6330.0 3.062511e-16
6331.0 3.041886e-16
6332.0 2.758114e-16
6333.0 2.735860e-16
6334.0 2.837808e-16
6335.0 2.626873e-16
6336.0 2.835431e-16
6337.0 3.489002e-16
6338.0 3.687215e-16
6339.0 3.605391e-16
6340.0 3.335162e-16
6341.0 2.752513e-16
6342.0 2.336844e-16
6343.0 2.570281e-16
6344.0 3.070447e-16
6345.0 3.297509e-16
6346.0 3.391627e-16
6347.0 3.521489e-16
6348.0 3.515732e-16
6349.0 3.368583e-16
6350.0 3.271792e-16
6351.0 3.388391e-16
6352.0 3.220627e-16
6353.0 2.860431e-16
6354.0 2.885228e-16
6355.0 2.341451e-16
6356.0 1.704486e-16
6357.0 2.231968e-16
6358.0 2.930777e-16
6359.0 3.288591e-16
6360.0 3.387984e-16
6361.0 3.002568e-16
6362.0 2.779148e-16
6363.0 3.270124e-16
6364.0 3.621243e-16
6365.0 3.324520e-16
6366.0 2.761877e-16
6367.0 2.313210e-16
6368.0 2.308425e-16
6369.0 2.887743e-16
6370.0 3.415654e-16
6371.0 3.252045e-16
6372.0 2.938222e-16
6373.0 3.196038e-16
6374.0 3.632350e-16
6375.0 3.800892e-16
6376.0 3.824323e-16
6377.0 3.565300e-16
6378.0 3.217851e-16
6379.0 3.272698e-16
6380.0 3.162782e-16
6381.0 3.121890e-16
6382.0 3.439632e-16
6383.0 3.432128e-16
6384.0 3.129540e-16
6385.0 2.893658e-16
6386.0 2.785753e-16
6387.0 2.865901e-16
6388.0 3.008451e-16
6389.0 3.007454e-16
6390.0 2.831162e-16
6391.0 2.537537e-16
6392.0 2.388636e-16
6393.0 2.595424e-16
6394.0 3.031481e-16
6395.0 3.553998e-16
6396.0 3.912305e-16
6397.0 3.858251e-16
6398.0 3.424559e-16
6399.0 3.133079e-16
6400.0 3.141810e-16
6401.0 3.118243e-16
6402.0 3.026734e-16
6403.0 2.888123e-16
6404.0 2.980840e-16
6405.0 3.477548e-16
6406.0 3.896409e-16
6407.0 3.752586e-16
6408.0 3.444820e-16
6409.0 3.306386e-16
6410.0 3.393832e-16
6411.0 3.548325e-16
6412.0 3.415126e-16
6413.0 2.931395e-16
6414.0 2.784749e-16
6415.0 2.974511e-16
6416.0 3.006820e-16
6417.0 2.909335e-16
6418.0 2.878602e-16
6419.0 2.980929e-16
6420.0 3.080717e-16
6421.0 3.287844e-16
6422.0 3.527841e-16
6423.0 3.456371e-16
6424.0 3.223307e-16
6425.0 3.087777e-16
6426.0 3.200242e-16
6427.0 3.560053e-16
6428.0 3.854208e-16
6429.0 3.709661e-16
6430.0 3.366834e-16
6431.0 2.966416e-16
6432.0 2.579371e-16
6433.0 2.434500e-16
6434.0 2.581799e-16
6435.0 2.988174e-16
6436.0 3.260202e-16
6437.0 3.139761e-16
6438.0 2.910095e-16
6439.0 3.029200e-16
6440.0 3.226591e-16
6441.0 3.081667e-16
6442.0 3.049694e-16
6443.0 3.405283e-16
6444.0 3.716047e-16
6445.0 3.623420e-16
6446.0 3.400074e-16
6447.0 3.366265e-16
6448.0 3.343003e-16
6449.0 3.190591e-16
6450.0 3.071732e-16
6451.0 3.345326e-16
6452.0 3.518527e-16
6453.0 3.181086e-16
6454.0 3.154834e-16
6455.0 3.471182e-16
6456.0 3.590464e-16
6457.0 3.803576e-16
6458.0 3.910986e-16
6459.0 3.823661e-16
6460.0 4.030520e-16
6461.0 3.720553e-16
6462.0 2.819875e-16
6463.0 2.584245e-16
6464.0 2.981741e-16
6465.0 3.437600e-16
6466.0 3.364751e-16
6467.0 2.687128e-16
6468.0 2.096781e-16
6469.0 2.241392e-16
6470.0 2.832276e-16
6471.0 3.402726e-16
6472.0 3.714656e-16
6473.0 3.600777e-16
6474.0 3.240098e-16
6475.0 2.975413e-16
6476.0 3.036647e-16
6477.0 3.288037e-16
6478.0 3.051247e-16
6479.0 2.677808e-16
6480.0 2.810852e-16
6481.0 3.240719e-16
6482.0 3.476662e-16
6483.0 3.279048e-16
6484.0 3.193314e-16
6485.0 3.398472e-16
6486.0 3.601506e-16
6487.0 3.668284e-16
6488.0 3.373772e-16
6489.0 2.874149e-16
6490.0 2.721705e-16
6491.0 2.994844e-16
6492.0 3.423875e-16
6493.0 3.796698e-16
6494.0 4.082334e-16
6495.0 3.956858e-16
6496.0 3.405276e-16
6497.0 3.408205e-16
6498.0 3.866782e-16
6499.0 4.031004e-16
6500.0 3.729771e-16
6501.0 3.253761e-16
6502.0 3.262434e-16
6503.0 3.811323e-16
6504.0 4.278514e-16
6505.0 4.232563e-16
6506.0 4.014481e-16
6507.0 3.812161e-16
6508.0 3.571597e-16
6509.0 3.286113e-16
6510.0 3.058337e-16
6511.0 3.102568e-16
6512.0 2.993075e-16
6513.0 2.893337e-16
6514.0 3.234000e-16
6515.0 3.545774e-16
6516.0 3.652359e-16
6517.0 3.677308e-16
6518.0 3.533476e-16
6519.0 3.156669e-16
6520.0 2.717751e-16
6521.0 2.555084e-16
6522.0 2.770961e-16
6523.0 3.164500e-16
6524.0 3.564617e-16
6525.0 3.822518e-16
6526.0 3.981348e-16
6527.0 3.950814e-16
6528.0 3.754303e-16
6529.0 3.594231e-16
6530.0 3.599972e-16
6531.0 3.734003e-16
6532.0 3.759478e-16
6533.0 3.578322e-16
6534.0 3.319084e-16
6535.0 3.181898e-16
6536.0 3.279097e-16
6537.0 3.454492e-16
6538.0 3.488228e-16
6539.0 3.755174e-16
6540.0 4.190091e-16
6541.0 4.311494e-16
6542.0 4.102619e-16
6543.0 3.642351e-16
6544.0 3.206669e-16
6545.0 3.168206e-16
6546.0 3.435182e-16
6547.0 3.737281e-16
6548.0 3.619871e-16
6549.0 3.289992e-16
6550.0 3.491388e-16
6551.0 3.638742e-16
6552.0 3.245332e-16
6553.0 2.601155e-16
6554.0 2.386108e-16
6555.0 3.079617e-16
6556.0 3.983162e-16
6557.0 4.156270e-16
6558.0 3.970745e-16
6559.0 4.159046e-16
6560.0 4.543414e-16
6561.0 4.697984e-16
6562.0 4.549831e-16
6563.0 4.241437e-16
6564.0 3.979354e-16
6565.0 3.967220e-16
6566.0 4.165655e-16
6567.0 4.387534e-16
6568.0 4.494397e-16
6569.0 4.514626e-16
6570.0 4.352491e-16
6571.0 4.000144e-16
6572.0 3.960336e-16
6573.0 4.426756e-16
6574.0 4.521513e-16
6575.0 4.240735e-16
6576.0 4.074578e-16
6577.0 3.625369e-16
6578.0 3.274587e-16
6579.0 3.450800e-16
6580.0 3.544830e-16
6581.0 3.586238e-16
6582.0 3.907388e-16
6583.0 4.172528e-16
6584.0 4.170784e-16
6585.0 3.968087e-16
6586.0 3.695500e-16
6587.0 3.634011e-16
6588.0 3.799821e-16
6589.0 4.182873e-16
6590.0 4.502301e-16
6591.0 4.414047e-16
6592.0 4.086840e-16
6593.0 3.914025e-16
6594.0 3.985341e-16
6595.0 4.095134e-16
6596.0 4.267452e-16
6597.0 4.572253e-16
6598.0 4.942212e-16
6599.0 5.012815e-16
6600.0 4.667773e-16
6601.0 4.788157e-16
6602.0 5.206247e-16
6603.0 4.919444e-16
6604.0 4.434888e-16
6605.0 4.185104e-16
6606.0 4.055100e-16
6607.0 4.090028e-16
6608.0 4.168282e-16
6609.0 4.333826e-16
6610.0 4.537449e-16
6611.0 4.728401e-16
6612.0 4.823798e-16
6613.0 4.837144e-16
6614.0 4.980522e-16
6615.0 5.089385e-16
6616.0 5.243902e-16
6617.0 5.489664e-16
6618.0 5.392991e-16
6619.0 5.007704e-16
6620.0 4.639383e-16
6621.0 4.292821e-16
6622.0 4.236828e-16
6623.0 4.691865e-16
6624.0 5.164960e-16
6625.0 5.127245e-16
6626.0 4.897423e-16
6627.0 5.011224e-16
6628.0 5.412566e-16
6629.0 5.823807e-16
6630.0 6.000987e-16
6631.0 5.951175e-16
6632.0 5.894371e-16
6633.0 6.009836e-16
6634.0 6.187319e-16
6635.0 6.130514e-16
6636.0 6.020573e-16
6637.0 5.999067e-16
6638.0 6.025096e-16
6639.0 6.199698e-16
6640.0 6.423638e-16
6641.0 6.415312e-16
6642.0 6.384768e-16
6643.0 6.512450e-16
6644.0 6.494111e-16
6645.0 6.230066e-16
6646.0 6.082729e-16
6647.0 6.295786e-16
6648.0 6.451510e-16
6649.0 6.229377e-16
6650.0 6.148934e-16
6651.0 6.243258e-16
6652.0 6.299016e-16
6653.0 6.717923e-16
6654.0 7.009563e-16
6655.0 6.526208e-16
6656.0 6.007346e-16
6657.0 6.044920e-16
6658.0 6.390144e-16
6659.0 6.839434e-16
6660.0 7.101562e-16
6661.0 6.894415e-16
6662.0 6.582859e-16
6663.0 6.658083e-16
6664.0 7.211744e-16
6665.0 7.703073e-16
6666.0 7.822417e-16
6667.0 7.889419e-16
6668.0 8.001984e-16
6669.0 8.094331e-16
6670.0 8.006823e-16
6671.0 7.671430e-16
6672.0 7.341857e-16
6673.0 7.269589e-16
6674.0 7.516890e-16
6675.0 8.068475e-16
6676.0 8.787323e-16
6677.0 9.283567e-16
6678.0 9.560849e-16
6679.0 9.931550e-16
6680.0 1.006153e-15
6681.0 9.545473e-16
6682.0 9.062593e-16
6683.0 9.203118e-16
6684.0 9.457072e-16
6685.0 9.194249e-16
6686.0 8.805564e-16
6687.0 8.943332e-16
6688.0 9.593447e-16
6689.0 1.032153e-15
6690.0 1.024498e-15
6691.0 9.370452e-16
6692.0 8.798068e-16
6693.0 9.015718e-16
6694.0 9.484457e-16
6695.0 9.686328e-16
6696.0 9.747990e-16
6697.0 9.788415e-16
6698.0 9.777586e-16
6699.0 9.865282e-16
6700.0 9.961089e-16
6701.0 1.004255e-15
6702.0 1.023224e-15
6703.0 1.055332e-15
6704.0 1.062544e-15
6705.0 1.036492e-15
6706.0 1.016339e-15
6707.0 9.959137e-16
6708.0 9.764238e-16
6709.0 9.675279e-16
6710.0 9.580658e-16
6711.0 9.208309e-16
6712.0 8.555554e-16
6713.0 8.480847e-16
6714.0 8.809436e-16
6715.0 8.813115e-16
6716.0 8.588348e-16
6717.0 8.559686e-16
6718.0 8.665983e-16
6719.0 8.259867e-16
6720.0 7.618716e-16
6721.0 7.445827e-16
6722.0 7.463143e-16
6723.0 7.365817e-16
6724.0 7.536372e-16
6725.0 7.839707e-16
6726.0 7.674099e-16
6727.0 7.259418e-16
6728.0 7.097466e-16
6729.0 7.316576e-16
6730.0 7.426581e-16
6731.0 7.251674e-16
6732.0 7.246668e-16
6733.0 7.273276e-16
6734.0 7.247825e-16
6735.0 7.370887e-16
6736.0 7.454858e-16
6737.0 7.325115e-16
6738.0 7.051669e-16
6739.0 6.640421e-16
6740.0 6.267409e-16
6741.0 6.162817e-16
6742.0 6.324767e-16
6743.0 6.574248e-16
6744.0 6.496320e-16
6745.0 6.424895e-16
6746.0 6.589024e-16
6747.0 6.481425e-16
6748.0 6.286916e-16
6749.0 6.362422e-16
6750.0 6.301151e-16
6751.0 5.920287e-16
6752.0 5.861390e-16
6753.0 5.987746e-16
6754.0 5.790162e-16
6755.0 5.642977e-16
6756.0 5.511733e-16
6757.0 5.243218e-16
6758.0 5.449458e-16
6759.0 5.910992e-16
6760.0 5.981726e-16
6761.0 5.917528e-16
6762.0 5.812059e-16
6763.0 5.475265e-16
6764.0 5.236031e-16
6765.0 5.367499e-16
6766.0 5.575296e-16
6767.0 5.756028e-16
6768.0 5.849213e-16
6769.0 5.537712e-16
6770.0 5.322340e-16
6771.0 5.707779e-16
6772.0 5.998999e-16
6773.0 5.737679e-16
6774.0 5.407506e-16
6775.0 5.348285e-16
6776.0 5.482794e-16
6777.0 5.644453e-16
6778.0 5.818880e-16
6779.0 6.022677e-16
6780.0 6.200579e-16
6781.0 6.143408e-16
6782.0 5.864691e-16
6783.0 5.576169e-16
6784.0 5.499806e-16
6785.0 5.751910e-16
6786.0 5.819671e-16
6787.0 5.300860e-16
6788.0 4.682264e-16
6789.0 4.830274e-16
6790.0 5.382188e-16
6791.0 5.452548e-16
6792.0 5.344648e-16
6793.0 5.409517e-16
6794.0 5.246651e-16
6795.0 4.850526e-16
6796.0 4.660353e-16
6797.0 4.876092e-16
6798.0 5.156709e-16
6799.0 5.116685e-16
6800.0 4.974272e-16
6801.0 5.044110e-16
6802.0 5.277272e-16
6803.0 5.333800e-16
6804.0 5.180111e-16
6805.0 5.184917e-16
6806.0 5.153291e-16
6807.0 4.861158e-16
6808.0 4.837077e-16
6809.0 5.350946e-16
6810.0 5.753259e-16
6811.0 5.571483e-16
6812.0 5.229279e-16
6813.0 5.121202e-16
6814.0 5.317400e-16
6815.0 5.586690e-16
6816.0 5.620420e-16
6817.0 5.593879e-16
6818.0 5.355802e-16
6819.0 4.654237e-16
6820.0 4.108732e-16
6821.0 4.306265e-16
6822.0 4.898286e-16
6823.0 5.431654e-16
6824.0 5.631686e-16
6825.0 5.411160e-16
6826.0 5.267189e-16
6827.0 5.450518e-16
6828.0 5.636956e-16
6829.0 5.624407e-16
6830.0 5.774467e-16
6831.0 5.987831e-16
6832.0 5.748265e-16
6833.0 4.969962e-16
6834.0 4.352296e-16
6835.0 4.622926e-16
6836.0 5.074128e-16
6837.0 5.084979e-16
6838.0 4.980891e-16
6839.0 4.740449e-16
6840.0 4.435250e-16
6841.0 4.506770e-16
6842.0 4.781519e-16
6843.0 4.884986e-16
6844.0 4.841257e-16
6845.0 4.720205e-16
6846.0 4.615932e-16
6847.0 4.850812e-16
6848.0 5.152635e-16
6849.0 4.933076e-16
6850.0 4.688978e-16
6851.0 4.928076e-16
6852.0 4.914181e-16
6853.0 4.345828e-16
6854.0 4.211319e-16
6855.0 4.660608e-16
6856.0 4.777340e-16
6857.0 4.257127e-16
6858.0 3.974871e-16
6859.0 4.557605e-16
6860.0 5.073349e-16
6861.0 5.168078e-16
6862.0 5.540530e-16
6863.0 6.059366e-16
6864.0 6.141595e-16
6865.0 5.594143e-16
6866.0 4.804836e-16
6867.0 4.252491e-16
6868.0 3.920402e-16
6869.0 3.649652e-16
6870.0 3.722159e-16
6871.0 4.263927e-16
6872.0 4.513530e-16
6873.0 3.929561e-16
6874.0 3.513487e-16
6875.0 4.228976e-16
6876.0 5.094599e-16
6877.0 5.120044e-16
6878.0 4.849505e-16
6879.0 4.961708e-16
6880.0 5.175086e-16
6881.0 5.080752e-16
6882.0 4.840950e-16
6883.0 4.640927e-16
6884.0 4.525922e-16
6885.0 4.206894e-16
6886.0 3.795667e-16
6887.0 3.833299e-16
6888.0 4.107937e-16
6889.0 4.232683e-16
6890.0 4.145996e-16
6891.0 3.969338e-16
6892.0 4.181790e-16
6893.0 4.865999e-16
6894.0 5.467481e-16
6895.0 5.658946e-16
6896.0 5.169969e-16
6897.0 4.138845e-16
6898.0 3.574297e-16
6899.0 3.690059e-16
6900.0 4.046081e-16
6901.0 4.670382e-16
6902.0 4.982658e-16
6903.0 4.365982e-16
6904.0 3.878951e-16
6905.0 4.276003e-16
6906.0 4.570119e-16
6907.0 4.576818e-16
6908.0 4.773658e-16
6909.0 4.731478e-16
6910.0 4.299365e-16
6911.0 3.847561e-16
6912.0 3.796274e-16
6913.0 4.330336e-16
6914.0 4.666266e-16
6915.0 4.187904e-16
6916.0 3.467165e-16
6917.0 3.138951e-16
6918.0 3.345363e-16
6919.0 4.020178e-16
6920.0 4.519254e-16
6921.0 4.517151e-16
6922.0 4.613504e-16
6923.0 4.855045e-16
6924.0 4.818178e-16
6925.0 4.702956e-16
6926.0 4.695229e-16
6927.0 4.734124e-16
6928.0 4.855003e-16
6929.0 4.833180e-16
6930.0 4.572891e-16
6931.0 4.482730e-16
6932.0 4.590736e-16
6933.0 4.637971e-16
6934.0 4.560461e-16
6935.0 4.367623e-16
6936.0 4.287526e-16
6937.0 4.493373e-16
6938.0 4.765306e-16
6939.0 4.927652e-16
6940.0 5.022711e-16
6941.0 4.959176e-16
6942.0 4.627206e-16
6943.0 4.064332e-16
6944.0 3.753393e-16
6945.0 4.015711e-16
6946.0 4.426916e-16
6947.0 4.720000e-16
6948.0 4.852001e-16
6949.0 4.651978e-16
6950.0 4.358352e-16
6951.0 4.318893e-16
6952.0 4.556487e-16
6953.0 4.720306e-16
6954.0 4.409795e-16
6955.0 3.986805e-16
6956.0 3.873818e-16
6957.0 3.999204e-16
6958.0 4.418938e-16
6959.0 5.154409e-16
6960.0 5.496624e-16
6961.0 5.133593e-16
6962.0 4.562814e-16
6963.0 4.207932e-16
6964.0 4.154733e-16
6965.0 4.246290e-16
6966.0 4.319399e-16
6967.0 4.291402e-16
6968.0 4.228722e-16
6969.0 4.209495e-16
6970.0 4.235363e-16
6971.0 4.387407e-16
6972.0 4.438901e-16
6973.0 3.977280e-16
6974.0 3.459819e-16
6975.0 3.431159e-16
6976.0 3.425617e-16
6977.0 3.031926e-16
6978.0 2.871653e-16
6979.0 3.351442e-16
6980.0 3.832704e-16
6981.0 3.883706e-16
6982.0 3.775320e-16
6983.0 3.812136e-16
6984.0 4.104574e-16
6985.0 4.358196e-16
6986.0 4.146076e-16
6987.0 4.009608e-16
6988.0 4.265896e-16
6989.0 4.468990e-16
6990.0 4.526814e-16
6991.0 4.527459e-16
6992.0 4.537458e-16
6993.0 4.549046e-16
6994.0 4.559958e-16
6995.0 4.714641e-16
6996.0 4.912951e-16
6997.0 4.954868e-16
6998.0 4.806879e-16
6999.0 4.432507e-16
7000.0 4.058564e-16
7001.0 3.824257e-16
7002.0 3.670290e-16
7003.0 3.855846e-16
7004.0 4.232674e-16
7005.0 4.117853e-16
7006.0 3.798464e-16
7007.0 3.970405e-16
7008.0 4.317848e-16
7009.0 4.287002e-16
7010.0 3.782073e-16
7011.0 3.256001e-16
7012.0 3.105603e-16
7013.0 3.242177e-16
7014.0 3.778139e-16
7015.0 4.697527e-16
7016.0 5.249635e-16
7017.0 4.846471e-16
7018.0 4.088581e-16
7019.0 3.738060e-16
7020.0 4.051096e-16
7021.0 4.724145e-16
7022.0 5.326821e-16
7023.0 5.647708e-16
7024.0 5.368091e-16
7025.0 4.383362e-16
7026.0 3.613114e-16
7027.0 3.899020e-16
7028.0 4.656310e-16
7029.0 5.185489e-16
7030.0 5.529231e-16
7031.0 5.741447e-16
7032.0 5.780999e-16
7033.0 5.648925e-16
7034.0 5.396215e-16
7035.0 5.186321e-16
7036.0 5.143746e-16
7037.0 5.060071e-16
7038.0 4.987729e-16
7039.0 5.227631e-16
7040.0 5.210644e-16
7041.0 4.393484e-16
7042.0 3.814868e-16
7043.0 4.380280e-16
7044.0 5.011052e-16
7045.0 4.745715e-16
7046.0 4.279397e-16
7047.0 4.190134e-16
7048.0 4.215208e-16
7049.0 4.276053e-16
7050.0 4.456215e-16
7051.0 4.836725e-16
7052.0 5.345980e-16
7053.0 5.162507e-16
7054.0 4.255339e-16
7055.0 3.783814e-16
7056.0 3.889118e-16
7057.0 4.105028e-16
7058.0 4.349384e-16
7059.0 4.592476e-16
7060.0 4.832786e-16
7061.0 4.936999e-16
7062.0 5.093253e-16
7063.0 5.783767e-16
7064.0 6.394133e-16
7065.0 5.942350e-16
7066.0 5.131222e-16
7067.0 4.999019e-16
7068.0 5.179973e-16
7069.0 5.202581e-16
7070.0 5.195911e-16
7071.0 5.300367e-16
7072.0 5.312468e-16
7073.0 4.505058e-16
7074.0 3.497146e-16
7075.0 3.646572e-16
7076.0 4.244835e-16
7077.0 4.261985e-16
7078.0 4.210713e-16
7079.0 4.541286e-16
7080.0 4.911483e-16
7081.0 5.133714e-16
7082.0 5.130620e-16
7083.0 4.715793e-16
7084.0 4.131819e-16
7085.0 3.744586e-16
7086.0 3.611220e-16
7087.0 3.635465e-16
7088.0 3.833393e-16
7089.0 4.389054e-16
7090.0 4.739168e-16
7091.0 4.435909e-16
7092.0 4.263637e-16
7093.0 4.727982e-16
7094.0 5.061612e-16
7095.0 4.598404e-16
7096.0 4.110882e-16
7097.0 4.286651e-16
7098.0 4.456066e-16
7099.0 4.054461e-16
7100.0 3.771909e-16
7101.0 4.366531e-16
7102.0 5.160753e-16
7103.0 5.311041e-16
7104.0 5.207357e-16
7105.0 5.361988e-16
7106.0 5.443295e-16
7107.0 5.045847e-16
7108.0 4.710867e-16
7109.0 4.969127e-16
7110.0 5.033912e-16
7111.0 4.116134e-16
7112.0 3.310682e-16
7113.0 3.684744e-16
7114.0 4.394912e-16
7115.0 4.605803e-16
7116.0 4.585059e-16
7117.0 4.756045e-16
7118.0 4.813825e-16
7119.0 4.251902e-16
7120.0 3.553355e-16
7121.0 3.365769e-16
7122.0 3.619662e-16
7123.0 4.086121e-16
7124.0 4.605165e-16
7125.0 5.076062e-16
7126.0 5.286601e-16
7127.0 5.128290e-16
7128.0 4.832837e-16
7129.0 4.562577e-16
7130.0 4.479266e-16
7131.0 4.665480e-16
7132.0 4.864896e-16
7133.0 4.986323e-16
7134.0 5.147876e-16
7135.0 5.250651e-16
7136.0 5.080308e-16
7137.0 4.554018e-16
7138.0 4.139859e-16
7139.0 4.240856e-16
7140.0 4.377127e-16
7141.0 3.983903e-16
7142.0 3.480529e-16
7143.0 3.497385e-16
7144.0 3.829679e-16
7145.0 4.338165e-16
7146.0 5.150198e-16
7147.0 6.078663e-16
7148.0 6.653841e-16
7149.0 6.573389e-16
7150.0 6.207874e-16
7151.0 5.872249e-16
7152.0 5.561926e-16
7153.0 5.341305e-16
7154.0 5.283782e-16
7155.0 5.432679e-16
7156.0 5.375654e-16
7157.0 4.691409e-16
7158.0 4.219992e-16
7159.0 4.709583e-16
7160.0 5.440871e-16
7161.0 5.780217e-16
7162.0 5.546952e-16
7163.0 4.794160e-16
7164.0 4.436199e-16
7165.0 5.140706e-16
7166.0 5.909412e-16
7167.0 5.743897e-16
7168.0 5.334107e-16
7169.0 5.556914e-16
7170.0 6.076005e-16
7171.0 6.058872e-16
7172.0 5.306823e-16
7173.0 4.338755e-16
7174.0 3.766397e-16
7175.0 3.837186e-16
7176.0 4.210983e-16
7177.0 4.481438e-16
7178.0 4.497899e-16
7179.0 4.497672e-16
7180.0 5.089753e-16
7181.0 6.187942e-16
7182.0 6.993766e-16
7183.0 7.067420e-16
7184.0 6.654924e-16
7185.0 6.138282e-16
7186.0 5.528541e-16
7187.0 4.843808e-16
7188.0 4.578213e-16
7189.0 4.997201e-16
7190.0 5.678784e-16
7191.0 6.061591e-16
7192.0 5.919516e-16
7193.0 5.466205e-16
7194.0 4.972919e-16
7195.0 4.552771e-16
7196.0 4.312811e-16
7197.0 4.286348e-16
7198.0 4.331018e-16
7199.0 4.525250e-16
7200.0 4.902372e-16
7201.0 5.152039e-16
7202.0 5.076344e-16
7203.0 4.731763e-16
7204.0 4.398278e-16
7205.0 4.335306e-16
7206.0 4.476507e-16
7207.0 4.818244e-16
7208.0 5.423022e-16
7209.0 5.763664e-16
7210.0 5.352315e-16
7211.0 4.618022e-16
7212.0 4.271768e-16
7213.0 4.377220e-16
7214.0 4.592968e-16
7215.0 4.768312e-16
7216.0 4.958262e-16
7217.0 5.393341e-16
7218.0 6.250224e-16
7219.0 6.909393e-16
7220.0 6.539399e-16
7221.0 5.487524e-16
7222.0 4.969108e-16
7223.0 5.495839e-16
7224.0 5.967268e-16
7225.0 5.401047e-16
7226.0 4.545872e-16
7227.0 4.327286e-16
7228.0 4.797939e-16
7229.0 5.741349e-16
7230.0 6.463142e-16
7231.0 6.351699e-16
7232.0 5.555075e-16
7233.0 4.506129e-16
7234.0 3.945481e-16
7235.0 4.345440e-16
7236.0 5.053095e-16
7237.0 5.266818e-16
7238.0 5.236019e-16
7239.0 5.596722e-16
7240.0 6.140726e-16
7241.0 6.352170e-16
7242.0 6.225385e-16
7243.0 5.769334e-16
7244.0 5.282593e-16
7245.0 5.198237e-16
7246.0 5.414386e-16
7247.0 5.682835e-16
7248.0 5.803110e-16
7249.0 5.730395e-16
7250.0 5.349816e-16
7251.0 4.453608e-16
7252.0 3.784503e-16
7253.0 4.224540e-16
7254.0 4.931479e-16
7255.0 4.869837e-16
7256.0 4.289331e-16
7257.0 3.842801e-16
7258.0 3.868498e-16
7259.0 4.253319e-16
7260.0 4.706320e-16
7261.0 4.899490e-16
7262.0 4.748517e-16
7263.0 4.640738e-16
7264.0 4.702254e-16
7265.0 4.714103e-16
7266.0 4.660208e-16
7267.0 4.543914e-16
7268.0 4.608814e-16
7269.0 5.154259e-16
7270.0 5.569189e-16
7271.0 5.316215e-16
7272.0 5.131511e-16
7273.0 5.667116e-16
7274.0 5.668617e-16
7275.0 3.956511e-16
7276.0 2.737122e-16
7277.0 3.752421e-16
7278.0 4.723240e-16
7279.0 4.518003e-16
7280.0 4.619584e-16
7281.0 5.545257e-16
7282.0 6.346016e-16
7283.0 6.019523e-16
7284.0 5.199896e-16
7285.0 5.061944e-16
7286.0 5.271161e-16
7287.0 5.279305e-16
7288.0 5.358813e-16
7289.0 5.562898e-16
7290.0 5.643520e-16
7291.0 5.726098e-16
7292.0 6.023771e-16
7293.0 6.326546e-16
7294.0 6.214904e-16
7295.0 5.552965e-16
7296.0 4.752082e-16
7297.0 4.225239e-16
7298.0 3.966879e-16
7299.0 3.970808e-16
7300.0 4.238113e-16
7301.0 4.666932e-16
7302.0 5.005700e-16
7303.0 5.007615e-16
7304.0 4.864160e-16
7305.0 4.794956e-16
7306.0 4.548479e-16
7307.0 3.974971e-16
7308.0 3.766382e-16
7309.0 4.607312e-16
7310.0 5.634998e-16
7311.0 5.573257e-16
7312.0 4.877486e-16
7313.0 4.746208e-16
7314.0 5.033224e-16
7315.0 4.752560e-16
7316.0 4.087955e-16
7317.0 3.820316e-16
7318.0 3.723295e-16
7319.0 3.569298e-16
7320.0 3.768579e-16
7321.0 4.218201e-16
7322.0 4.553728e-16
7323.0 5.183473e-16
7324.0 5.929790e-16
7325.0 5.728771e-16
7326.0 4.826496e-16
7327.0 4.103126e-16
7328.0 3.963368e-16
7329.0 4.433121e-16
7330.0 4.746654e-16
7331.0 4.765315e-16
7332.0 4.688261e-16
7333.0 3.945635e-16
7334.0 3.292286e-16
7335.0 3.935295e-16
7336.0 4.810450e-16
7337.0 4.646169e-16
7338.0 4.103776e-16
7339.0 4.028778e-16
7340.0 4.333834e-16
7341.0 4.599038e-16
7342.0 4.599170e-16
7343.0 4.523567e-16
7344.0 4.484461e-16
7345.0 4.413176e-16
7346.0 4.539981e-16
7347.0 4.912861e-16
7348.0 4.965016e-16
7349.0 4.375751e-16
7350.0 3.984663e-16
7351.0 4.489674e-16
7352.0 5.027640e-16
7353.0 4.937299e-16
7354.0 4.592880e-16
7355.0 4.002733e-16
7356.0 3.322081e-16
7357.0 3.410960e-16
7358.0 4.215954e-16
7359.0 4.872119e-16
7360.0 4.995733e-16
7361.0 4.678407e-16
7362.0 4.511082e-16
7363.0 4.888635e-16
7364.0 5.215760e-16
7365.0 5.051016e-16
7366.0 4.469781e-16
7367.0 3.404682e-16
7368.0 2.263304e-16
7369.0 1.941589e-16
7370.0 2.644891e-16
7371.0 3.901727e-16
7372.0 5.006366e-16
7373.0 5.503475e-16
7374.0 5.751583e-16
7375.0 5.952407e-16
7376.0 5.876362e-16
7377.0 5.679370e-16
7378.0 5.631844e-16
7379.0 5.570933e-16
7380.0 5.075583e-16
7381.0 4.061917e-16
7382.0 3.349883e-16
7383.0 3.678395e-16
7384.0 4.533262e-16
7385.0 5.226648e-16
7386.0 5.554886e-16
7387.0 5.422139e-16
7388.0 4.835943e-16
7389.0 4.050172e-16
7390.0 3.808937e-16
7391.0 4.395870e-16
7392.0 5.063519e-16
7393.0 5.241299e-16
7394.0 4.979750e-16
7395.0 4.527929e-16
7396.0 4.617508e-16
7397.0 5.686564e-16
7398.0 6.499235e-16
7399.0 5.916019e-16
7400.0 5.164878e-16
7401.0 5.544288e-16
7402.0 6.067607e-16
7403.0 5.811064e-16
7404.0 5.387905e-16
7405.0 5.354646e-16
7406.0 5.377057e-16
7407.0 5.110937e-16
7408.0 4.957893e-16
7409.0 5.294267e-16
7410.0 6.131857e-16
7411.0 7.308890e-16
7412.0 8.051797e-16
7413.0 7.628190e-16
7414.0 6.376631e-16
7415.0 5.073973e-16
7416.0 4.232233e-16
7417.0 3.993217e-16
7418.0 4.051481e-16
7419.0 4.084839e-16
7420.0 4.177566e-16
7421.0 4.618381e-16
7422.0 4.795484e-16
7423.0 4.153058e-16
7424.0 3.955836e-16
7425.0 4.997063e-16
7426.0 5.971354e-16
7427.0 5.907531e-16
7428.0 5.187651e-16
7429.0 4.344092e-16
7430.0 4.078167e-16
7431.0 4.787537e-16
7432.0 5.438895e-16
7433.0 5.109961e-16
7434.0 4.499624e-16
7435.0 4.357148e-16
7436.0 4.425850e-16
7437.0 4.545107e-16
7438.0 4.867237e-16
7439.0 5.255333e-16
7440.0 5.369385e-16
7441.0 5.080743e-16
7442.0 4.975228e-16
7443.0 5.423818e-16
7444.0 5.284820e-16
7445.0 3.790031e-16
7446.0 2.795351e-16
7447.0 3.882917e-16
7448.0 5.372422e-16
7449.0 5.486920e-16
7450.0 5.390688e-16
7451.0 6.308154e-16
7452.0 6.730622e-16
7453.0 5.281270e-16
7454.0 3.735745e-16
7455.0 3.900248e-16
7456.0 4.669284e-16
7457.0 4.826222e-16
7458.0 5.041950e-16
7459.0 5.861085e-16
7460.0 6.355500e-16
7461.0 5.786667e-16
7462.0 4.725355e-16
7463.0 3.930795e-16
7464.0 4.117173e-16
7465.0 5.584276e-16
7466.0 6.776184e-16
7467.0 6.282482e-16
7468.0 5.152031e-16
7469.0 4.690031e-16
7470.0 4.908851e-16
7471.0 5.370048e-16
7472.0 5.368458e-16
7473.0 4.829628e-16
7474.0 4.484605e-16
7475.0 4.499488e-16
7476.0 4.971073e-16
7477.0 6.050747e-16
7478.0 6.708118e-16
7479.0 6.078406e-16
7480.0 5.269442e-16
7481.0 5.373176e-16
7482.0 5.991058e-16
7483.0 6.595689e-16
7484.0 6.814256e-16
7485.0 6.577517e-16
7486.0 6.283505e-16
7487.0 5.924543e-16
7488.0 5.668377e-16
7489.0 5.961098e-16
7490.0 6.162618e-16
7491.0 5.551867e-16
7492.0 4.763166e-16
7493.0 4.424250e-16
7494.0 4.493007e-16
7495.0 4.889970e-16
7496.0 5.149501e-16
7497.0 4.878578e-16
7498.0 4.478656e-16
7499.0 4.548834e-16
7500.0 5.118548e-16
7501.0 5.693017e-16
7502.0 5.774091e-16
7503.0 5.302033e-16
7504.0 4.985968e-16
7505.0 5.444034e-16
7506.0 5.999946e-16
7507.0 5.942870e-16
7508.0 5.881307e-16
7509.0 6.267946e-16
7510.0 6.401185e-16
7511.0 5.966062e-16
7512.0 5.073282e-16
7513.0 3.460483e-16
7514.0 2.162985e-16
7515.0 2.619861e-16
7516.0 4.106007e-16
7517.0 5.401724e-16
7518.0 5.964675e-16
7519.0 5.751617e-16
7520.0 5.508771e-16
7521.0 5.568905e-16
7522.0 5.478722e-16
7523.0 5.065514e-16
7524.0 4.897640e-16
7525.0 5.473669e-16
7526.0 5.955533e-16
7527.0 5.370743e-16
7528.0 4.679016e-16
7529.0 4.982955e-16
7530.0 5.587420e-16
7531.0 5.517776e-16
7532.0 5.058609e-16
7533.0 5.045631e-16
7534.0 5.587419e-16
7535.0 6.113882e-16
7536.0 6.068549e-16
7537.0 5.446246e-16
7538.0 4.562389e-16
7539.0 3.531557e-16
7540.0 2.809316e-16
7541.0 2.940636e-16
7542.0 3.815075e-16
7543.0 5.079364e-16
7544.0 6.132574e-16
7545.0 6.516631e-16
7546.0 6.469303e-16
7547.0 6.138134e-16
7548.0 5.666449e-16
7549.0 5.474718e-16
7550.0 5.718731e-16
7551.0 6.301532e-16
7552.0 6.803735e-16
7553.0 6.762376e-16
7554.0 6.164949e-16
7555.0 5.196144e-16
7556.0 4.157780e-16
7557.0 3.425567e-16
7558.0 3.607429e-16
7559.0 5.179278e-16
7560.0 7.632591e-16
