4210.0 2.234856e-15
4211.0 2.451751e-15
4212.0 2.874627e-15
4213.0 3.606494e-15
4214.0 3.600001e-15
4215.0 2.370603e-15
4216.0 1.298776e-15
4217.0 1.626021e-15
4218.0 2.656997e-15
4219.0 3.295685e-15
4220.0 3.262943e-15
4221.0 2.591434e-15
4222.0 1.907771e-15
4223.0 1.641776e-15
4224.0 1.826876e-15
4225.0 2.270859e-15
4226.0 2.347780e-15
4227.0 1.822279e-15
4228.0 1.359078e-15
4229.0 1.632167e-15
4230.0 1.963922e-15
4231.0 1.661388e-15
4232.0 1.237345e-15
4233.0 1.222577e-15
4234.0 1.449138e-15
4235.0 1.687170e-15
4236.0 2.105291e-15
4237.0 2.737370e-15
4238.0 2.799449e-15
4239.0 1.786627e-15
4240.0 8.580798e-16
4241.0 1.136983e-15
4242.0 1.963141e-15
4243.0 2.328721e-15
4244.0 2.301013e-15
4245.0 2.290602e-15
4246.0 2.260686e-15
4247.0 2.439641e-15
4248.0 2.711591e-15
4249.0 2.864113e-15
4250.0 2.678697e-15
4251.0 1.740261e-15
4252.0 1.165337e-15
4253.0 1.429554e-15
4254.0 1.871667e-15
4255.0 1.813153e-15
4256.0 1.456004e-15
4257.0 1.169720e-15
4258.0 1.206470e-15
4259.0 1.408641e-15
4260.0 1.446056e-15
4261.0 1.231694e-15
4262.0 9.787139e-16
4263.0 8.714793e-16
4264.0 1.038349e-15
4265.0 1.487475e-15
4266.0 1.691273e-15
4267.0 1.483297e-15
4268.0 1.168699e-15
4269.0 9.977587e-16
4270.0 9.728570e-16
4271.0 1.260094e-15
4272.0 1.410322e-15
4273.0 1.143262e-15
4274.0 8.469552e-16
4275.0 9.501124e-16
4276.0 1.235790e-15
4277.0 1.376523e-15
4278.0 1.386530e-15
4279.0 1.244831e-15
4280.0 1.284093e-15
4281.0 1.715856e-15
4282.0 1.948130e-15
4283.0 1.514578e-15
4284.0 7.561347e-16
4285.0 4.729465e-16
4286.0 6.821273e-16
4287.0 1.212067e-15
4288.0 1.673494e-15
4289.0 1.366678e-15
4290.0 8.118014e-16
4291.0 4.024963e-16
4292.0 4.002611e-16
4293.0 1.084502e-15
4294.0 1.670746e-15
4295.0 1.468945e-15
4296.0 1.006478e-15
4297.0 9.913385e-16
4298.0 1.340599e-15
4299.0 1.589498e-15
4300.0 1.526221e-15
4301.0 1.005768e-15
4302.0 3.796236e-16
4303.0 3.701149e-16
4304.0 7.941573e-16
4305.0 1.209807e-15
4306.0 1.607739e-15
4307.0 1.789788e-15
4308.0 1.707050e-15
4309.0 1.269892e-15
4310.0 1.171648e-15
4311.0 1.683846e-15
4312.0 2.186822e-15
4313.0 1.782266e-15
4314.0 1.117020e-15
4315.0 1.226202e-15
4316.0 1.723616e-15
4317.0 1.966907e-15
4318.0 1.980877e-15
4319.0 1.782787e-15
4320.0 1.685463e-15
4321.0 1.813243e-15
4322.0 1.910209e-15
4323.0 1.708999e-15
4324.0 1.539603e-15
4325.0 1.728000e-15
4326.0 1.977207e-15
4327.0 1.686335e-15
4328.0 1.166293e-15
4329.0 9.376390e-16
4330.0 8.142853e-16
4331.0 7.111360e-16
4332.0 8.471704e-16
4333.0 1.376748e-15
4334.0 1.588525e-15
4335.0 1.349523e-15
4336.0 9.586275e-16
4337.0 1.183545e-15
4338.0 1.831581e-15
4339.0 2.254917e-15
4340.0 1.990761e-15
4341.0 9.571918e-16
4342.0 5.181532e-17
4343.0 1.337783e-16
4344.0 7.668297e-16
4345.0 1.468458e-15
4346.0 1.797206e-15
4347.0 1.579203e-15
4348.0 1.403518e-15
4349.0 1.680195e-15
4350.0 2.008740e-15
4351.0 2.034401e-15
4352.0 1.695783e-15
4353.0 1.165118e-15
4354.0 1.031724e-15
4355.0 1.454734e-15
4356.0 1.944883e-15
4357.0 1.953353e-15
4358.0 1.831238e-15
4359.0 1.579233e-15
4360.0 1.388461e-15
4361.0 1.285761e-15
4362.0 1.040470e-15
4363.0 6.409432e-16
4364.0 4.087390e-16
4365.0 5.986051e-16
4366.0 1.064585e-15
4367.0 1.418868e-15
4368.0 1.404785e-15
4369.0 1.156507e-15
4370.0 9.265360e-16
4371.0 9.030586e-16
4372.0 1.104797e-15
4373.0 1.422691e-15
4374.0 1.663074e-15
4375.0 1.638310e-15
4376.0 1.479622e-15
4377.0 1.349682e-15
4378.0 1.133762e-15
4379.0 7.532198e-16
4380.0 4.733607e-16
4381.0 5.718975e-16
4382.0 8.506633e-16
4383.0 8.552975e-16
4384.0 8.166948e-16
4385.0 7.500393e-16
4386.0 8.330471e-16
4387.0 9.312834e-16
4388.0 9.518668e-16
4389.0 1.000583e-15
4390.0 1.087502e-15
4391.0 1.145285e-15
4392.0 1.045870e-15
4393.0 7.320916e-16
4394.0 5.530300e-16
4395.0 6.333988e-16
4396.0 9.092159e-16
4397.0 9.638925e-16
4398.0 9.620304e-16
4399.0 1.120474e-15
4400.0 1.346264e-15
4401.0 1.505024e-15
4402.0 1.454736e-15
4403.0 1.112876e-15
4404.0 6.794153e-16
4405.0 6.515788e-16
4406.0 9.057940e-16
4407.0 1.322591e-15
4408.0 1.585624e-15
4409.0 1.426103e-15
4410.0 1.174460e-15
4411.0 1.254860e-15
4412.0 1.431327e-15
4413.0 1.416018e-15
4414.0 1.312234e-15
4415.0 1.172906e-15
4416.0 1.008599e-15
4417.0 7.014985e-16
4418.0 5.472047e-16
4419.0 8.248497e-16
4420.0 1.077917e-15
4421.0 1.077007e-15
4422.0 9.933292e-16
4423.0 1.030367e-15
4424.0 1.142033e-15
4425.0 1.151523e-15
4426.0 1.183445e-15
4427.0 1.269762e-15
4428.0 1.368854e-15
4429.0 1.550500e-15
4430.0 1.628365e-15
4431.0 1.389015e-15
4432.0 1.056681e-15
4433.0 7.882157e-16
4434.0 8.371707e-16
4435.0 9.404582e-16
4436.0 1.090597e-15
4437.0 1.340502e-15
4438.0 1.464747e-15
4439.0 1.367457e-15
4440.0 1.288383e-15
4441.0 1.411467e-15
4442.0 1.510727e-15
4443.0 1.386916e-15
4444.0 1.245484e-15
4445.0 1.192899e-15
4446.0 1.155683e-15
4447.0 1.133279e-15
4448.0 1.020782e-15
4449.0 7.792801e-16
4450.0 6.192062e-16
4451.0 6.772036e-16
4452.0 9.451571e-16
4453.0 1.238083e-15
4454.0 1.219111e-15
4455.0 8.192751e-16
4456.0 5.643978e-16
4457.0 7.636114e-16
4458.0 1.200086e-15
4459.0 1.678466e-15
4460.0 1.737847e-15
4461.0 1.397094e-15
4462.0 1.067664e-15
4463.0 9.051490e-16
4464.0 9.006746e-16
4465.0 9.172412e-16
4466.0 9.254905e-16
4467.0 1.011869e-15
4468.0 1.138789e-15
4469.0 1.149689e-15
4470.0 9.533545e-16
4471.0 6.372986e-16
4472.0 4.514722e-16
4473.0 5.082698e-16
4474.0 7.726427e-16
4475.0 1.000786e-15
4476.0 1.034807e-15
4477.0 9.275954e-16
4478.0 7.498157e-16
4479.0 6.835307e-16
4480.0 6.603158e-16
4481.0 6.605673e-16
4482.0 6.787087e-16
4483.0 6.926595e-16
4484.0 7.373741e-16
4485.0 7.691157e-16
4486.0 8.310794e-16
4487.0 1.054788e-15
4488.0 1.217590e-15
4489.0 1.162820e-15
4490.0 8.915828e-16
4491.0 5.212943e-16
4492.0 2.507475e-16
4493.0 3.671882e-16
4494.0 6.886799e-16
4495.0 8.577691e-16
4496.0 8.353434e-16
4497.0 6.729709e-16
4498.0 5.129158e-16
4499.0 5.115038e-16
4500.0 6.041773e-16
4501.0 7.448485e-16
4502.0 9.370157e-16
4503.0 1.094494e-15
4504.0 1.240049e-15
4505.0 1.209205e-15
4506.0 1.041471e-15
4507.0 9.126563e-16
4508.0 8.337719e-16
4509.0 7.454349e-16
4510.0 7.066416e-16
4511.0 7.557531e-16
4512.0 8.811248e-16
4513.0 1.022573e-15
4514.0 9.151738e-16
4515.0 6.562746e-16
4516.0 3.799230e-16
4517.0 3.755275e-16
4518.0 6.139837e-16
4519.0 9.837405e-16
4520.0 1.171153e-15
4521.0 1.057771e-15
4522.0 8.515116e-16
4523.0 7.610854e-16
4524.0 8.522132e-16
4525.0 9.580698e-16
4526.0 9.278247e-16
4527.0 8.817304e-16
4528.0 8.244830e-16
4529.0 6.913841e-16
4530.0 7.319352e-16
4531.0 8.343414e-16
4532.0 7.875764e-16
4533.0 6.112636e-16
4534.0 5.666886e-16
4535.0 8.747041e-16
4536.0 1.152045e-15
4537.0 1.066536e-15
4538.0 7.646295e-16
4539.0 6.123746e-16
4540.0 6.579815e-16
4541.0 7.535733e-16
4542.0 7.813096e-16
4543.0 7.177013e-16
4544.0 7.098918e-16
4545.0 8.857016e-16
4546.0 1.114052e-15
4547.0 1.203303e-15
4548.0 1.068711e-15
4549.0 7.619624e-16
4550.0 5.269289e-16
4551.0 5.864259e-16
4552.0 8.557516e-16
4553.0 1.057605e-15
4554.0 1.130973e-15
4555.0 1.045371e-15
4556.0 8.962938e-16
4557.0 8.561652e-16
4558.0 9.929392e-16
4559.0 1.237885e-15
4560.0 1.319185e-15
4561.0 9.757334e-16
4562.0 6.648339e-16
4563.0 7.490247e-16
4564.0 9.335048e-16
4565.0 8.035257e-16
4566.0 6.376261e-16
4567.0 7.630697e-16
4568.0 9.420247e-16
4569.0 9.535821e-16
4570.0 8.447676e-16
4571.0 6.792150e-16
4572.0 6.092826e-16
4573.0 7.175378e-16
4574.0 8.634046e-16
4575.0 9.624086e-16
4576.0 9.646147e-16
4577.0 8.871033e-16
4578.0 8.860158e-16
4579.0 1.041913e-15
4580.0 1.256292e-15
4581.0 1.100572e-15
4582.0 8.723958e-16
4583.0 7.004682e-16
4584.0 6.995453e-16
4585.0 7.874584e-16
4586.0 8.619678e-16
4587.0 9.184909e-16
4588.0 8.373998e-16
4589.0 5.578865e-16
4590.0 3.440786e-16
4591.0 4.161607e-16
4592.0 6.239872e-16
4593.0 7.600462e-16
4594.0 7.446053e-16
4595.0 6.645892e-16
4596.0 6.101748e-16
4597.0 3.652802e-16
4598.0 1.276973e-16
4599.0 2.025258e-16
4600.0 3.475273e-16
4601.0 4.035638e-16
4602.0 4.418986e-16
4603.0 5.233468e-16
4604.0 6.397498e-16
4605.0 8.086401e-16
4606.0 1.002841e-15
4607.0 1.057174e-15
4608.0 9.362896e-16
4609.0 7.108301e-16
4610.0 4.759793e-16
4611.0 4.817606e-16
4612.0 6.604197e-16
4613.0 7.835462e-16
4614.0 6.646706e-16
4615.0 6.428052e-16
4616.0 6.121651e-16
4617.0 5.742055e-16
4618.0 5.743012e-16
4619.0 6.155498e-16
4620.0 6.815149e-16
4621.0 7.215901e-16
4622.0 7.481156e-16
4623.0 8.183310e-16
4624.0 8.938760e-16
4625.0 9.446388e-16
4626.0 8.996437e-16
4627.0 7.016533e-16
4628.0 5.784752e-16
4629.0 6.084953e-16
4630.0 8.381009e-16
4631.0 9.576426e-16
4632.0 9.187844e-16
4633.0 6.126176e-16
4634.0 3.983433e-16
4635.0 4.006269e-16
4636.0 4.229854e-16
4637.0 4.887129e-16
4638.0 5.688146e-16
4639.0 5.361238e-16
4640.0 4.965539e-16
4641.0 5.500297e-16
4642.0 6.391085e-16
4643.0 7.879276e-16
4644.0 9.374751e-16
4645.0 9.046597e-16
4646.0 7.594905e-16
4647.0 6.663517e-16
4648.0 6.536257e-16
4649.0 7.013702e-16
4650.0 6.975178e-16
4651.0 8.017444e-16
4652.0 9.156902e-16
4653.0 8.943839e-16
4654.0 7.784935e-16
4655.0 5.818480e-16
4656.0 4.657624e-16
4657.0 6.423441e-16
4658.0 8.973780e-16
4659.0 9.214765e-16
4660.0 8.025921e-16
4661.0 6.670156e-16
4662.0 5.055931e-16
4663.0 4.864166e-16
4664.0 5.880903e-16
4665.0 7.122353e-16
4666.0 7.629668e-16
4667.0 7.174789e-16
4668.0 6.565848e-16
4669.0 7.314667e-16
4670.0 8.483329e-16
4671.0 8.965840e-16
4672.0 9.866981e-16
4673.0 1.111328e-15
4674.0 1.198756e-15
4675.0 1.071227e-15
4676.0 7.995238e-16
4677.0 5.785939e-16
4678.0 4.941211e-16
4679.0 6.533900e-16
4680.0 8.250270e-16
4681.0 8.679595e-16
4682.0 9.066197e-16
4683.0 9.370395e-16
4684.0 8.942415e-16
4685.0 8.958654e-16
4686.0 9.670343e-16
4687.0 9.684737e-16
4688.0 9.431316e-16
4689.0 8.572612e-16
4690.0 7.988021e-16
4691.0 8.795717e-16
4692.0 9.033568e-16
4693.0 7.356177e-16
4694.0 5.662925e-16
4695.0 5.224559e-16
4696.0 5.974077e-16
4697.0 8.205422e-16
4698.0 1.033655e-15
4699.0 1.113340e-15
4700.0 1.207527e-15
4701.0 1.273689e-15
4702.0 1.180094e-15
4703.0 9.711693e-16
4704.0 7.952824e-16
4705.0 7.331977e-16
4706.0 6.053119e-16
4707.0 6.679537e-16
4708.0 9.218980e-16
4709.0 1.151805e-15
4710.0 1.240284e-15
4711.0 1.182088e-15
4712.0 1.100047e-15
4713.0 1.047445e-15
4714.0 9.455358e-16
4715.0 7.999932e-16
4716.0 7.487059e-16
4717.0 8.549924e-16
4718.0 1.019341e-15
4719.0 1.100049e-15
4720.0 1.020395e-15
4721.0 8.574863e-16
4722.0 7.677471e-16
4723.0 8.484600e-16
4724.0 1.051135e-15
4725.0 1.262359e-15
4726.0 1.270056e-15
4727.0 9.802897e-16
4728.0 7.905629e-16
4729.0 8.519676e-16
4730.0 1.024319e-15
4731.0 1.112579e-15
4732.0 1.190175e-15
4733.0 1.286651e-15
4734.0 1.217500e-15
4735.0 9.503875e-16
4736.0 7.879336e-16
4737.0 8.729100e-16
4738.0 1.003533e-15
4739.0 1.072868e-15
4740.0 1.051022e-15
4741.0 9.950198e-16
4742.0 1.000737e-15
4743.0 9.685385e-16
4744.0 9.341883e-16
4745.0 9.124416e-16
4746.0 9.499719e-16
4747.0 1.000341e-15
4748.0 1.032889e-15
4749.0 1.109468e-15
4750.0 1.173392e-15
4751.0 1.188382e-15
4752.0 1.109794e-15
4753.0 9.761412e-16
4754.0 8.793501e-16
4755.0 9.199324e-16
4756.0 1.010170e-15
4757.0 9.786760e-16
4758.0 8.851984e-16
4759.0 9.021537e-16
4760.0 9.690810e-16
4761.0 9.506048e-16
4762.0 9.679240e-16
4763.0 1.049061e-15
4764.0 9.516442e-16
4765.0 7.914149e-16
4766.0 6.509334e-16
4767.0 8.128381e-16
4768.0 1.012652e-15
4769.0 1.064254e-15
4770.0 1.015881e-15
4771.0 8.103549e-16
4772.0 6.098210e-16
4773.0 6.789468e-16
4774.0 9.209056e-16
4775.0 1.109606e-15
4776.0 1.176318e-15
4777.0 1.125312e-15
4778.0 1.074689e-15
4779.0 1.098296e-15
4780.0 1.083168e-15
4781.0 9.531945e-16
4782.0 8.305392e-16
4783.0 8.725944e-16
4784.0 9.926231e-16
4785.0 8.908474e-16
4786.0 7.467105e-16
4787.0 9.005749e-16
4788.0 1.017217e-15
4789.0 1.021627e-15
4790.0 9.462023e-16
4791.0 7.882489e-16
4792.0 6.258258e-16
4793.0 6.391999e-16
4794.0 7.847894e-16
4795.0 8.192481e-16
4796.0 8.435737e-16
4797.0 7.664853e-16
4798.0 7.707512e-16
4799.0 8.438689e-16
4800.0 8.804277e-16
4801.0 8.621327e-16
4802.0 8.381481e-16
4803.0 8.592668e-16
4804.0 9.225430e-16
4805.0 9.695896e-16
4806.0 9.303883e-16
4807.0 7.837565e-16
4808.0 7.735695e-16
4809.0 8.628538e-16
4810.0 8.644178e-16
4811.0 6.919808e-16
4812.0 4.950771e-16
4813.0 4.929734e-16
4814.0 6.389226e-16
4815.0 8.074401e-16
4816.0 9.753243e-16
4817.0 9.460205e-16
4818.0 8.528992e-16
4819.0 8.562017e-16
4820.0 8.275158e-16
4821.0 7.057255e-16
4822.0 5.819420e-16
4823.0 5.613828e-16
4824.0 6.432501e-16
4825.0 7.333107e-16
4826.0 7.656380e-16
4827.0 7.486969e-16
4828.0 7.331091e-16
4829.0 7.775914e-16
4830.0 8.190146e-16
4831.0 7.362459e-16
4832.0 6.524961e-16
4833.0 6.895027e-16
4834.0 7.697144e-16
4835.0 8.165940e-16
4836.0 8.011359e-16
4837.0 7.277482e-16
4838.0 6.862828e-16
4839.0 6.466459e-16
4840.0 7.051167e-16
4841.0 9.115318e-16
4842.0 1.042882e-15
4843.0 1.003005e-15
4844.0 8.406215e-16
4845.0 6.401953e-16
4846.0 6.664378e-16
4847.0 6.660289e-16
4848.0 7.437980e-16
4849.0 8.422777e-16
4850.0 8.067119e-16
4851.0 6.247432e-16
4852.0 4.689968e-16
4853.0 4.786402e-16
4854.0 5.287862e-16
4855.0 4.447590e-16
4856.0 3.611965e-16
4857.0 4.955880e-16
4858.0 6.692259e-16
4859.0 7.316300e-16
4860.0 7.831749e-16
4861.0 8.924023e-16
4862.0 1.012415e-15
4863.0 1.078014e-15
4864.0 1.074386e-15
4865.0 1.083266e-15
4866.0 1.069986e-15
4867.0 8.617270e-16
4868.0 7.375306e-16
4869.0 6.724260e-16
4870.0 6.120930e-16
4871.0 5.315649e-16
4872.0 4.661494e-16
4873.0 5.542771e-16
4874.0 6.683310e-16
4875.0 5.384341e-16
4876.0 4.525186e-16
4877.0 5.332846e-16
4878.0 6.807078e-16
4879.0 6.703573e-16
4880.0 5.640572e-16
4881.0 5.115152e-16
4882.0 5.340338e-16
4883.0 6.741634e-16
4884.0 8.930790e-16
4885.0 9.330217e-16
4886.0 8.717015e-16
4887.0 8.544150e-16
4888.0 8.075879e-16
4889.0 7.160186e-16
4890.0 6.170118e-16
4891.0 5.174947e-16
4892.0 4.709676e-16
4893.0 4.409208e-16
4894.0 4.859784e-16
4895.0 6.734388e-16
4896.0 8.341295e-16
4897.0 8.482343e-16
4898.0 7.627526e-16
4899.0 6.706333e-16
4900.0 5.822860e-16
4901.0 4.724252e-16
4902.0 4.436021e-16
4903.0 4.101652e-16
4904.0 4.759557e-16
4905.0 6.029879e-16
4906.0 7.113842e-16
4907.0 6.978036e-16
4908.0 5.809926e-16
4909.0 4.897980e-16
4910.0 4.621398e-16
4911.0 5.169111e-16
4912.0 6.268525e-16
4913.0 6.321923e-16
4914.0 5.686838e-16
4915.0 6.065170e-16
4916.0 7.083498e-16
4917.0 7.677541e-16
4918.0 7.977977e-16
4919.0 7.621626e-16
4920.0 6.802992e-16
4921.0 7.131899e-16
4922.0 7.877243e-16
4923.0 7.946940e-16
4924.0 7.689535e-16
4925.0 7.469298e-16
4926.0 7.170876e-16
4927.0 7.069283e-16
4928.0 7.378034e-16
4929.0 8.694528e-16
4930.0 1.009598e-15
4931.0 1.027186e-15
4932.0 1.014126e-15
4933.0 1.120092e-15
4934.0 1.221206e-15
4935.0 1.116763e-15
4936.0 9.279931e-16
4937.0 9.169258e-16
4938.0 9.779173e-16
4939.0 8.748800e-16
4940.0 7.554467e-16
4941.0 7.195195e-16
4942.0 7.133557e-16
4943.0 7.628332e-16
4944.0 8.343319e-16
4945.0 9.014151e-16
4946.0 8.808866e-16
4947.0 7.954159e-16
4948.0 7.499666e-16
4949.0 7.087662e-16
4950.0 6.902112e-16
4951.0 8.193868e-16
4952.0 9.281464e-16
4953.0 8.525049e-16
4954.0 8.803301e-16
4955.0 9.585040e-16
4956.0 9.764264e-16
4957.0 9.502433e-16
4958.0 9.396389e-16
4959.0 9.985245e-16
4960.0 1.139373e-15
4961.0 1.224714e-15
4962.0 1.264825e-15
4963.0 1.307519e-15
4964.0 1.355331e-15
4965.0 1.322015e-15
4966.0 1.191155e-15
4967.0 1.062991e-15
4968.0 1.000453e-15
4969.0 9.337459e-16
4970.0 8.985993e-16
4971.0 9.985545e-16
4972.0 1.065144e-15
4973.0 1.019283e-15
4974.0 9.636113e-16
4975.0 9.304012e-16
4976.0 9.130109e-16
4977.0 9.267259e-16
4978.0 9.656373e-16
4979.0 9.970038e-16
4980.0 9.729482e-16
4981.0 8.476676e-16
4982.0 7.415840e-16
4983.0 7.804919e-16
4984.0 8.780668e-16
4985.0 9.722356e-16
4986.0 1.052980e-15
4987.0 1.011837e-15
4988.0 8.833763e-16
4989.0 7.989831e-16
4990.0 7.913595e-16
4991.0 8.263317e-16
4992.0 8.702490e-16
4993.0 8.499258e-16
4994.0 8.647039e-16
4995.0 8.866554e-16
4996.0 8.828002e-16
4997.0 8.974537e-16
4998.0 8.524856e-16
4999.0 6.383779e-16
5000.0 5.310172e-16
5001.0 6.097492e-16
5002.0 6.993286e-16
5003.0 7.783760e-16
5004.0 7.757288e-16
5005.0 7.173575e-16
5006.0 7.308492e-16
5007.0 7.012466e-16
5008.0 7.983824e-16
5009.0 9.149559e-16
5010.0 9.261667e-16
5011.0 9.356095e-16
5012.0 9.180775e-16
5013.0 7.940628e-16
5014.0 7.243563e-16
5015.0 7.575492e-16
5016.0 7.915274e-16
5017.0 7.606036e-16
5018.0 7.414993e-16
5019.0 7.897158e-16
5020.0 8.214937e-16
5021.0 7.649337e-16
5022.0 7.301130e-16
5023.0 7.606394e-16
5024.0 8.606726e-16
5025.0 9.458055e-16
5026.0 9.439898e-16
5027.0 8.488419e-16
5028.0 7.304299e-16
5029.0 6.693688e-16
5030.0 7.112942e-16
5031.0 6.874713e-16
5032.0 5.728478e-16
5033.0 5.280086e-16
5034.0 6.068185e-16
5035.0 7.176916e-16
5036.0 7.464993e-16
5037.0 6.853312e-16
5038.0 6.736848e-16
5039.0 7.017939e-16
5040.0 6.950648e-16
5041.0 6.266255e-16
5042.0 5.751689e-16
5043.0 5.968360e-16
5044.0 6.242724e-16
5045.0 6.826320e-16
5046.0 7.359683e-16
5047.0 7.241495e-16
5048.0 6.638575e-16
5049.0 5.810230e-16
5050.0 5.519398e-16
5051.0 6.575970e-16
5052.0 7.202600e-16
5053.0 6.918593e-16
5054.0 5.882985e-16
5055.0 5.339024e-16
5056.0 5.201050e-16
5057.0 5.200167e-16
5058.0 6.550873e-16
5059.0 7.783889e-16
5060.0 8.330140e-16
5061.0 7.072087e-16
5062.0 6.279111e-16
5063.0 7.087091e-16
5064.0 7.372178e-16
5065.0 6.693662e-16
5066.0 6.087815e-16
5067.0 5.978873e-16
5068.0 5.979386e-16
5069.0 6.338982e-16
5070.0 6.383251e-16
5071.0 6.201777e-16
5072.0 7.607824e-16
5073.0 8.640662e-16
5074.0 9.146355e-16
5075.0 7.567610e-16
5076.0 6.347926e-16
5077.0 6.986851e-16
5078.0 7.594111e-16
5079.0 8.087842e-16
5080.0 7.826659e-16
5081.0 6.670680e-16
5082.0 5.428703e-16
5083.0 4.967690e-16
5084.0 5.649434e-16
5085.0 7.105997e-16
5086.0 8.027108e-16
5087.0 8.229368e-16
5088.0 7.317533e-16
5089.0 6.037935e-16
5090.0 5.832393e-16
5091.0 7.001732e-16
5092.0 8.012816e-16
5093.0 8.053947e-16
5094.0 7.339431e-16
5095.0 6.136524e-16
5096.0 5.478825e-16
5097.0 6.312182e-16
5098.0 7.630858e-16
5099.0 8.266568e-16
5100.0 8.434884e-16
5101.0 8.116963e-16
5102.0 7.136294e-16
5103.0 6.295841e-16
5104.0 6.429098e-16
5105.0 7.460564e-16
5106.0 8.359124e-16
5107.0 8.706116e-16
5108.0 8.463275e-16
5109.0 7.437176e-16
5110.0 6.653224e-16
5111.0 6.514197e-16
5112.0 6.447691e-16
5113.0 6.612804e-16
5114.0 6.613164e-16
5115.0 6.273570e-16
5116.0 6.512256e-16
5117.0 7.021275e-16
5118.0 7.135603e-16
5119.0 7.373139e-16
5120.0 7.670303e-16
5121.0 7.311895e-16
5122.0 6.791715e-16
5123.0 6.767082e-16
5124.0 7.099795e-16
5125.0 7.557434e-16
5126.0 8.012749e-16
5127.0 8.003259e-16
5128.0 7.509517e-16
5129.0 7.835597e-16
5130.0 8.030763e-16
5131.0 7.347745e-16
5132.0 6.792432e-16
5133.0 6.190987e-16
5134.0 6.197036e-16
5135.0 5.712986e-16
5136.0 5.742592e-16
5137.0 6.620258e-16
5138.0 7.420093e-16
5139.0 7.918909e-16
5140.0 6.700412e-16
5141.0 4.558415e-16
5142.0 3.963352e-16
5143.0 5.524326e-16
5144.0 7.369253e-16
5145.0 8.535406e-16
5146.0 9.056775e-16
5147.0 8.206627e-16
5148.0 7.848040e-16
5149.0 7.568457e-16
5150.0 6.933114e-16
5151.0 6.952839e-16
5152.0 7.538921e-16
5153.0 7.593930e-16
5154.0 7.888339e-16
5155.0 7.688289e-16
5156.0 6.968345e-16
5157.0 6.362021e-16
5158.0 5.874207e-16
5159.0 5.803350e-16
5160.0 6.479315e-16
5161.0 7.882368e-16
5162.0 9.113393e-16
5163.0 9.123157e-16
5164.0 7.841045e-16
5165.0 6.176413e-16
5166.0 5.527800e-16
5167.0 5.655260e-16
5168.0 6.823454e-16
5169.0 7.890069e-16
5170.0 7.744904e-16
5171.0 7.455301e-16
5172.0 6.673264e-16
5173.0 6.117539e-16
5174.0 6.389425e-16
5175.0 7.017003e-16
5176.0 7.094312e-16
5177.0 6.762208e-16
5178.0 6.672164e-16
5179.0 5.864130e-16
5180.0 5.440767e-16
5181.0 5.719698e-16
5182.0 5.846944e-16
5183.0 5.735967e-16
5184.0 5.566408e-16
5185.0 6.243921e-16
5186.0 6.510035e-16
5187.0 6.747666e-16
5188.0 7.279856e-16
5189.0 6.962711e-16
5190.0 6.308727e-16
5191.0 5.996326e-16
5192.0 6.170085e-16
5193.0 6.147680e-16
5194.0 6.009837e-16
5195.0 6.071226e-16
5196.0 5.723368e-16
5197.0 5.713884e-16
5198.0 6.169681e-16
5199.0 6.032150e-16
5200.0 5.521424e-16
5201.0 5.748089e-16
5202.0 6.605232e-16
5203.0 7.613925e-16
5204.0 8.014990e-16
5205.0 7.702196e-16
5206.0 7.203988e-16
5207.0 6.904878e-16
5208.0 7.002502e-16
5209.0 7.320801e-16
5210.0 7.578575e-16
5211.0 7.174099e-16
5212.0 6.493958e-16
5213.0 6.289281e-16
5214.0 6.339496e-16
5215.0 6.303973e-16
5216.0 6.630720e-16
5217.0 6.875006e-16
5218.0 6.966286e-16
5219.0 7.045943e-16
5220.0 6.630662e-16
5221.0 6.843134e-16
5222.0 7.235004e-16
5223.0 6.621793e-16
5224.0 5.411531e-16
5225.0 4.842312e-16
5226.0 5.143555e-16
5227.0 6.012638e-16
5228.0 7.278127e-16
5229.0 8.344589e-16
5230.0 8.622816e-16
5231.0 8.167703e-16
5232.0 7.897202e-16
5233.0 8.063365e-16
5234.0 7.920608e-16
5235.0 7.410149e-16
5236.0 7.215804e-16
5237.0 7.625701e-16
5238.0 8.413105e-16
5239.0 8.415444e-16
5240.0 7.575243e-16
5241.0 6.384847e-16
5242.0 5.332023e-16
5243.0 4.784972e-16
5244.0 5.390709e-16
5245.0 6.775336e-16
5246.0 7.352554e-16
5247.0 6.119255e-16
5248.0 5.052923e-16
5249.0 5.974751e-16
5250.0 6.825134e-16
5251.0 6.451716e-16
5252.0 6.000919e-16
5253.0 6.454668e-16
5254.0 6.831658e-16
5255.0 6.332148e-16
5256.0 6.588946e-16
5257.0 7.805453e-16
5258.0 8.193583e-16
5259.0 6.942234e-16
5260.0 5.630544e-16
5261.0 5.320589e-16
5262.0 5.652692e-16
5263.0 5.870465e-16
5264.0 6.114119e-16
5265.0 6.412268e-16
5266.0 6.371263e-16
5267.0 6.069504e-16
5268.0 6.050936e-16
5269.0 5.811805e-16
5270.0 5.907156e-16
5271.0 6.662400e-16
5272.0 6.849658e-16
5273.0 6.685381e-16
5274.0 6.776233e-16
5275.0 7.481441e-16
5276.0 8.122157e-16
5277.0 8.060621e-16
5278.0 7.642931e-16
5279.0 8.013222e-16
5280.0 7.709421e-16
5281.0 6.809821e-16
5282.0 6.246464e-16
5283.0 6.035082e-16
5284.0 6.184189e-16
5285.0 6.572150e-16
5286.0 6.699111e-16
5287.0 6.975935e-16
5288.0 7.412093e-16
5289.0 6.986981e-16
5290.0 6.405463e-16
5291.0 6.366566e-16
5292.0 6.385798e-16
5293.0 6.082628e-16
5294.0 5.876554e-16
5295.0 5.966653e-16
5296.0 5.801704e-16
5297.0 6.069741e-16
5298.0 6.414265e-16
5299.0 6.072216e-16
5300.0 5.743185e-16
5301.0 6.150073e-16
5302.0 6.230971e-16
5303.0 6.136912e-16
5304.0 6.361885e-16
5305.0 6.525604e-16
5306.0 6.222591e-16
5307.0 5.648905e-16
5308.0 5.015415e-16
5309.0 5.176311e-16
5310.0 5.793784e-16
5311.0 5.979768e-16
5312.0 6.918596e-16
5313.0 7.265338e-16
5314.0 7.107934e-16
5315.0 6.844440e-16
5316.0 6.392491e-16
5317.0 5.937085e-16
5318.0 5.722672e-16
5319.0 5.904283e-16
5320.0 6.286034e-16
5321.0 6.721940e-16
5322.0 7.111459e-16
5323.0 6.940734e-16
5324.0 6.656833e-16
5325.0 5.666605e-16
5326.0 4.704282e-16
5327.0 4.958436e-16
5328.0 5.255294e-16
5329.0 6.395740e-16
5330.0 6.405364e-16
5331.0 5.311022e-16
5332.0 4.903223e-16
5333.0 4.880418e-16
5334.0 5.009021e-16
5335.0 5.589288e-16
5336.0 6.099710e-16
5337.0 6.043476e-16
5338.0 5.764233e-16
5339.0 5.600172e-16
5340.0 5.826776e-16
5341.0 5.800293e-16
5342.0 5.425914e-16
5343.0 5.256155e-16
5344.0 5.239168e-16
5345.0 5.011771e-16
5346.0 5.120081e-16
5347.0 5.714653e-16
5348.0 6.125876e-16
5349.0 5.938846e-16
5350.0 5.793026e-16
5351.0 5.877233e-16
5352.0 6.034324e-16
5353.0 6.009320e-16
5354.0 5.953880e-16
5355.0 6.663159e-16
5356.0 6.904550e-16
5357.0 6.681456e-16
5358.0 6.355349e-16
5359.0 6.008635e-16
5360.0 5.955454e-16
5361.0 5.783875e-16
5362.0 6.047334e-16
5363.0 6.085436e-16
5364.0 5.558123e-16
5365.0 5.705051e-16
5366.0 6.003548e-16
5367.0 5.833334e-16
5368.0 6.176038e-16
5369.0 7.061081e-16
5370.0 6.940205e-16
5371.0 6.339361e-16
5372.0 5.994644e-16
5373.0 5.774190e-16
5374.0 5.616659e-16
5375.0 5.881351e-16
5376.0 6.057124e-16
5377.0 5.880353e-16
5378.0 5.951852e-16
5379.0 6.256216e-16
5380.0 5.996219e-16
5381.0 5.606109e-16
5382.0 5.594501e-16
5383.0 5.582489e-16
5384.0 5.642589e-16
5385.0 5.828907e-16
5386.0 5.440110e-16
5387.0 5.550419e-16
5388.0 5.531662e-16
5389.0 4.570176e-16
5390.0 3.967469e-16
5391.0 5.102650e-16
5392.0 6.814812e-16
5393.0 7.273978e-16
5394.0 6.678863e-16
5395.0 5.958187e-16
5396.0 5.653722e-16
5397.0 5.796447e-16
5398.0 5.755961e-16
5399.0 5.173761e-16
5400.0 4.999477e-16
5401.0 5.667796e-16
5402.0 4.973403e-16
5403.0 4.259420e-16
5404.0 4.614248e-16
5405.0 5.219002e-16
5406.0 4.974736e-16
5407.0 5.072405e-16
5408.0 5.039808e-16
5409.0 5.297087e-16
5410.0 6.030281e-16
5411.0 6.618676e-16
5412.0 6.099493e-16
5413.0 5.808970e-16
5414.0 5.594718e-16
5415.0 5.461180e-16
5416.0 5.760988e-16
5417.0 5.496249e-16
5418.0 5.620178e-16
5419.0 5.682237e-16
5420.0 5.327301e-16
5421.0 4.994899e-16
5422.0 4.686379e-16
5423.0 5.286950e-16
5424.0 5.786101e-16
5425.0 6.079124e-16
5426.0 6.630089e-16
5427.0 6.293645e-16
5428.0 5.903878e-16
5429.0 5.536965e-16
5430.0 5.020101e-16
5431.0 4.721907e-16
5432.0 4.781875e-16
5433.0 4.532646e-16
5434.0 4.164809e-16
5435.0 4.590939e-16
5436.0 5.633070e-16
5437.0 5.848667e-16
5438.0 5.402810e-16
5439.0 4.591634e-16
5440.0 4.089579e-16
5441.0 4.495072e-16
5442.0 4.852791e-16
5443.0 4.221782e-16
5444.0 3.657192e-16
5445.0 4.003421e-16
5446.0 4.704268e-16
5447.0 5.556888e-16
5448.0 6.340591e-16
5449.0 6.595640e-16
5450.0 6.329793e-16
5451.0 5.960984e-16
5452.0 5.528348e-16
5453.0 4.673465e-16
5454.0 4.558541e-16
5455.0 5.429396e-16
5456.0 5.677847e-16
5457.0 5.285068e-16
5458.0 4.853169e-16
5459.0 4.771740e-16
5460.0 4.610079e-16
5461.0 4.205377e-16
5462.0 4.778117e-16
5463.0 5.592558e-16
5464.0 5.640253e-16
5465.0 5.396477e-16
5466.0 5.663407e-16
5467.0 4.619058e-16
5468.0 3.858978e-16
5469.0 4.031365e-16
5470.0 4.316116e-16
5471.0 4.755831e-16
5472.0 5.129621e-16
5473.0 5.078644e-16
5474.0 5.056936e-16
5475.0 5.564771e-16
5476.0 5.855443e-16
5477.0 5.391036e-16
5478.0 4.466232e-16
5479.0 4.319004e-16
5480.0 5.430185e-16
5481.0 6.470536e-16
5482.0 6.896390e-16
5483.0 7.184201e-16
5484.0 6.903578e-16
5485.0 5.500648e-16
5486.0 4.877530e-16
5487.0 5.095199e-16
5488.0 5.433958e-16
5489.0 5.527958e-16
5490.0 5.389115e-16
5491.0 4.970587e-16
5492.0 4.138915e-16
5493.0 4.236000e-16
5494.0 5.037032e-16
5495.0 4.872003e-16
5496.0 4.589291e-16
5497.0 3.388550e-16
5498.0 2.664956e-16
5499.0 3.818408e-16
5500.0 4.725822e-16
5501.0 5.380672e-16
5502.0 6.060920e-16
5503.0 6.075024e-16
5504.0 5.372854e-16
5505.0 5.497478e-16
5506.0 5.257268e-16
5507.0 4.177907e-16
5508.0 3.521696e-16
5509.0 4.100183e-16
5510.0 4.616652e-16
5511.0 4.584808e-16
5512.0 4.150531e-16
5513.0 3.669422e-16
5514.0 3.558112e-16
5515.0 3.316056e-16
5516.0 3.578600e-16
5517.0 4.011722e-16
5518.0 3.921982e-16
5519.0 3.977509e-16
5520.0 4.874501e-16
5521.0 5.450143e-16
5522.0 5.322760e-16
5523.0 5.173195e-16
5524.0 4.567674e-16
5525.0 3.679055e-16
5526.0 3.560427e-16
5527.0 4.567354e-16
5528.0 5.274753e-16
5529.0 5.027874e-16
5530.0 4.748414e-16
5531.0 5.262950e-16
5532.0 5.859183e-16
5533.0 5.589976e-16
5534.0 5.054194e-16
5535.0 5.303177e-16
5536.0 6.003765e-16
5537.0 6.149134e-16
5538.0 5.297118e-16
5539.0 4.230844e-16
5540.0 3.812284e-16
5541.0 4.122701e-16
5542.0 4.389850e-16
5543.0 4.326450e-16
5544.0 4.326843e-16
5545.0 4.523974e-16
5546.0 4.714070e-16
5547.0 4.779807e-16
5548.0 4.881686e-16
5549.0 5.482211e-16
5550.0 5.729792e-16
5551.0 4.488469e-16
5552.0 3.266295e-16
5553.0 3.610167e-16
5554.0 4.343953e-16
5555.0 3.995749e-16
5556.0 3.488129e-16
5557.0 3.948140e-16
5558.0 5.085643e-16
5559.0 5.456930e-16
5560.0 4.692180e-16
5561.0 4.889029e-16
5562.0 4.343585e-16
5563.0 3.730764e-16
5564.0 3.976584e-16
5565.0 3.956200e-16
5566.0 4.147548e-16
5567.0 4.276832e-16
5568.0 4.328770e-16
5569.0 4.472206e-16
5570.0 4.337293e-16
5571.0 4.578049e-16
5572.0 4.922243e-16
5573.0 4.403082e-16
5574.0 3.453832e-16
5575.0 4.394227e-16
5576.0 5.979521e-16
5577.0 6.910102e-16
5578.0 7.122160e-16
5579.0 6.492801e-16
5580.0 5.639489e-16
5581.0 5.095295e-16
5582.0 4.918994e-16
5583.0 5.013843e-16
5584.0 5.450572e-16
5585.0 5.233734e-16
5586.0 4.600539e-16
5587.0 4.224410e-16
5588.0 3.882776e-16
5589.0 4.135861e-16
5590.0 4.389505e-16
5591.0 3.995497e-16
5592.0 3.575034e-16
5593.0 3.817473e-16
5594.0 3.839591e-16
5595.0 3.711492e-16
5596.0 3.822829e-16
5597.0 3.182505e-16
5598.0 3.053567e-16
5599.0 4.444554e-16
5600.0 5.936232e-16
5601.0 5.720975e-16
5602.0 5.331705e-16
5603.0 4.977616e-16
5604.0 4.453456e-16
5605.0 3.789139e-16
5606.0 2.864714e-16
5607.0 2.465669e-16
5608.0 2.570444e-16
5609.0 2.970614e-16
5610.0 3.677591e-16
5611.0 3.971902e-16
5612.0 4.008144e-16
5613.0 4.053757e-16
5614.0 4.166874e-16
5615.0 4.442528e-16
5616.0 4.695294e-16
5617.0 4.624641e-16
5618.0 4.266950e-16
5619.0 3.880290e-16
5620.0 3.896568e-16
5621.0 4.368046e-16
5622.0 4.499900e-16
5623.0 3.995929e-16
5624.0 4.374019e-16
5625.0 5.034254e-16
5626.0 5.325119e-16
5627.0 5.362339e-16
5628.0 5.003556e-16
5629.0 4.941156e-16
5630.0 4.933445e-16
5631.0 4.332628e-16
5632.0 3.551563e-16
5633.0 3.700809e-16
5634.0 4.459118e-16
5635.0 5.021060e-16
5636.0 5.046037e-16
5637.0 4.714536e-16
5638.0 4.301701e-16
5639.0 4.357113e-16
5640.0 4.998343e-16
5641.0 5.600307e-16
5642.0 5.789752e-16
5643.0 5.002889e-16
5644.0 3.938974e-16
5645.0 3.635690e-16
5646.0 3.892951e-16
5647.0 4.334265e-16
5648.0 4.779407e-16
5649.0 4.977402e-16
5650.0 5.075699e-16
5651.0 5.002630e-16
5652.0 4.917252e-16
5653.0 4.868922e-16
5654.0 4.609157e-16
5655.0 4.544635e-16
5656.0 4.813464e-16
5657.0 4.766827e-16
5658.0 3.882234e-16
5659.0 3.496528e-16
5660.0 4.050746e-16
5661.0 4.957273e-16
5662.0 5.000908e-16
5663.0 4.353060e-16
5664.0 3.818453e-16
5665.0 3.816363e-16
5666.0 4.009873e-16
5667.0 4.400483e-16
5668.0 4.367815e-16
5669.0 3.900542e-16
5670.0 3.612787e-16
5671.0 3.681084e-16
5672.0 4.081853e-16
5673.0 3.719558e-16
5674.0 2.993145e-16
5675.0 3.251917e-16
5676.0 3.574149e-16
5677.0 3.918013e-16
5678.0 4.246735e-16
5679.0 4.121887e-16
5680.0 4.065325e-16
5681.0 4.479134e-16
5682.0 4.874669e-16
5683.0 4.592485e-16
5684.0 3.811816e-16
5685.0 3.246861e-16
5686.0 3.090399e-16
5687.0 3.286732e-16
5688.0 3.612500e-16
5689.0 3.714857e-16
5690.0 3.855102e-16
5691.0 4.154868e-16
5692.0 4.162135e-16
5693.0 3.546837e-16
5694.0 3.495529e-16
5695.0 4.016121e-16
5696.0 3.951372e-16
5697.0 3.974455e-16
5698.0 3.252084e-16
5699.0 2.731356e-16
5700.0 3.375411e-16
5701.0 3.200826e-16
5702.0 3.639204e-16
5703.0 4.161170e-16
5704.0 3.931506e-16
5705.0 4.157553e-16
5706.0 4.450197e-16
5707.0 4.622832e-16
5708.0 4.694099e-16
5709.0 4.258984e-16
5710.0 4.283562e-16
5711.0 4.493286e-16
5712.0 4.432629e-16
5713.0 4.371807e-16
5714.0 4.268981e-16
5715.0 3.865327e-16
5716.0 3.523938e-16
5717.0 3.569962e-16
5718.0 3.351098e-16
5719.0 3.730809e-16
5720.0 4.244707e-16
5721.0 3.755358e-16
5722.0 3.291540e-16
5723.0 3.641758e-16
5724.0 4.054989e-16
5725.0 3.901614e-16
5726.0 4.082750e-16
5727.0 3.981989e-16
5728.0 3.780992e-16
5729.0 3.778895e-16
5730.0 3.502265e-16
5731.0 3.834881e-16
5732.0 4.258157e-16
5733.0 4.258813e-16
5734.0 4.432964e-16
5735.0 3.975998e-16
5736.0 4.073311e-16
5737.0 5.080304e-16
5738.0 4.964115e-16
5739.0 4.559599e-16
5740.0 3.868862e-16
5741.0 3.273272e-16
5742.0 3.532919e-16
5743.0 3.743369e-16
5744.0 3.711280e-16
5745.0 3.557463e-16
5746.0 3.574689e-16
5747.0 4.221562e-16
5748.0 4.907250e-16
5749.0 4.683613e-16
5750.0 3.803223e-16
5751.0 3.482814e-16
5752.0 3.321669e-16
5753.0 3.064190e-16
5754.0 3.194179e-16
5755.0 3.847018e-16
5756.0 4.542308e-16
5757.0 4.705022e-16
5758.0 4.370333e-16
5759.0 4.346961e-16
5760.0 3.987560e-16
5761.0 3.287956e-16
5762.0 3.211993e-16
5763.0 4.132413e-16
5764.0 5.043861e-16
5765.0 5.272186e-16
5766.0 5.091442e-16
5767.0 4.477726e-16
5768.0 4.057774e-16
5769.0 3.849664e-16
5770.0 3.869739e-16
5771.0 4.872013e-16
5772.0 5.090381e-16
5773.0 4.063830e-16
5774.0 3.568117e-16
5775.0 4.674926e-16
5776.0 5.639465e-16
5777.0 5.653576e-16
5778.0 5.252729e-16
5779.0 4.537541e-16
5780.0 4.111366e-16
5781.0 4.104176e-16
5782.0 4.334261e-16
5783.0 5.099444e-16
5784.0 5.661949e-16
5785.0 5.341149e-16
5786.0 4.464444e-16
5787.0 3.888765e-16
5788.0 3.865095e-16
5789.0 4.358441e-16
5790.0 4.659884e-16
5791.0 4.194445e-16
5792.0 4.204459e-16
5793.0 4.712449e-16
5794.0 4.715684e-16
5795.0 4.227997e-16
5796.0 3.892336e-16
5797.0 3.747723e-16
5798.0 3.678928e-16
5799.0 3.782289e-16
5800.0 4.351720e-16
5801.0 4.731212e-16
5802.0 4.540851e-16
5803.0 4.076253e-16
5804.0 4.301308e-16
5805.0 5.236184e-16
5806.0 5.916803e-16
5807.0 5.844121e-16
5808.0 5.315579e-16
5809.0 4.616855e-16
5810.0 4.297435e-16
5811.0 4.941018e-16
5812.0 5.331913e-16
5813.0 5.196470e-16
5814.0 5.166498e-16
5815.0 4.907740e-16
5816.0 4.210181e-16
5817.0 3.365417e-16
5818.0 3.211259e-16
5819.0 4.184741e-16
5820.0 4.801141e-16
5821.0 4.453047e-16
5822.0 4.149331e-16
5823.0 4.016057e-16
5824.0 4.366512e-16
5825.0 5.222075e-16
5826.0 5.671973e-16
5827.0 4.920518e-16
5828.0 4.067823e-16
5829.0 4.055872e-16
5830.0 4.451806e-16
5831.0 4.587415e-16
5832.0 4.286965e-16
5833.0 3.617984e-16
5834.0 3.341693e-16
5835.0 3.908468e-16
5836.0 4.927046e-16
5837.0 5.124683e-16
5838.0 4.312341e-16
5839.0 4.654863e-16
5840.0 4.948017e-16
5841.0 4.651932e-16
5842.0 4.953819e-16
5843.0 4.689942e-16
5844.0 4.327182e-16
5845.0 4.653463e-16
5846.0 5.047709e-16
5847.0 4.799838e-16
5848.0 4.475512e-16
5849.0 4.692468e-16
5850.0 4.972783e-16
5851.0 4.424727e-16
5852.0 4.037176e-16
5853.0 4.332413e-16
5854.0 3.939101e-16
5855.0 3.570131e-16
5856.0 3.992650e-16
5857.0 4.897262e-16
5858.0 4.939790e-16
5859.0 4.387269e-16
5860.0 4.118537e-16
5861.0 4.413940e-16
5862.0 4.672666e-16
5863.0 5.057377e-16
5864.0 5.453369e-16
5865.0 5.284688e-16
5866.0 4.785657e-16
5867.0 4.841306e-16
5868.0 4.766186e-16
5869.0 3.646741e-16
5870.0 3.244601e-16
5871.0 3.746278e-16
5872.0 3.991973e-16
5873.0 3.602702e-16
5874.0 3.692587e-16
5875.0 4.118050e-16
5876.0 4.357783e-16
5877.0 4.650285e-16
5878.0 4.986941e-16
5879.0 4.901754e-16
5880.0 4.486379e-16
5881.0 4.324367e-16
5882.0 4.491670e-16
5883.0 4.551685e-16
5884.0 4.287632e-16
5885.0 4.478699e-16
5886.0 4.145784e-16
5887.0 3.551332e-16
5888.0 3.757373e-16
5889.0 4.176710e-16
5890.0 4.275919e-16
5891.0 3.807543e-16
5892.0 3.147128e-16
5893.0 3.125839e-16
5894.0 3.381348e-16
5895.0 3.518379e-16
5896.0 3.988669e-16
5897.0 4.698406e-16
5898.0 4.926226e-16
5899.0 4.488296e-16
5900.0 3.954220e-16
5901.0 2.986986e-16
5902.0 2.456828e-16
5903.0 3.362487e-16
5904.0 4.678225e-16
5905.0 5.048634e-16
5906.0 4.863127e-16
5907.0 4.875541e-16
5908.0 4.893245e-16
5909.0 4.764805e-16
5910.0 4.462179e-16
5911.0 4.005205e-16
5912.0 3.608430e-16
5913.0 3.459500e-16
5914.0 3.559733e-16
5915.0 3.839631e-16
5916.0 4.100651e-16
5917.0 4.285245e-16
5918.0 4.255418e-16
5919.0 3.355254e-16
5920.0 2.897340e-16
5921.0 3.456375e-16
5922.0 4.234127e-16
5923.0 4.744324e-16
5924.0 4.883346e-16
5925.0 4.551453e-16
5926.0 3.885176e-16
5927.0 3.506295e-16
5928.0 3.636503e-16
5929.0 4.148976e-16
5930.0 4.247232e-16
5931.0 3.449933e-16
5932.0 2.569556e-16
5933.0 2.541674e-16
5934.0 3.488121e-16
5935.0 4.332867e-16
5936.0 4.576841e-16
5937.0 4.417742e-16
5938.0 3.788876e-16
5939.0 3.538683e-16
5940.0 3.414963e-16
5941.0 2.708700e-16
5942.0 2.384999e-16
5943.0 2.803754e-16
5944.0 3.246588e-16
5945.0 3.518320e-16
5946.0 3.762945e-16
5947.0 3.947836e-16
5948.0 3.975879e-16
5949.0 3.891534e-16
5950.0 3.974642e-16
5951.0 4.487189e-16
5952.0 5.015018e-16
5953.0 4.601169e-16
5954.0 4.137854e-16
5955.0 4.088918e-16
5956.0 3.667494e-16
5957.0 3.444529e-16
5958.0 3.814293e-16
5959.0 4.583587e-16
5960.0 4.896769e-16
5961.0 4.563803e-16
5962.0 4.220540e-16
5963.0 4.279875e-16
5964.0 4.430014e-16
5965.0 4.612546e-16
5966.0 4.738358e-16
5967.0 4.520605e-16
5968.0 4.056569e-16
5969.0 4.214072e-16
5970.0 4.940386e-16
5971.0 5.142492e-16
5972.0 5.449655e-16
5973.0 5.586023e-16
5974.0 5.012774e-16
5975.0 4.826634e-16
5976.0 4.688190e-16
5977.0 4.335504e-16
5978.0 4.312650e-16
5979.0 4.435295e-16
5980.0 4.649382e-16
5981.0 5.073649e-16
5982.0 5.610377e-16
5983.0 5.868618e-16
5984.0 5.837727e-16
5985.0 5.657660e-16
5986.0 5.075465e-16
5987.0 4.782790e-16
5988.0 4.838735e-16
5989.0 4.465493e-16
5990.0 4.612576e-16
5991.0 4.959507e-16
5992.0 4.962563e-16
5993.0 5.201896e-16
5994.0 5.377398e-16
5995.0 5.084791e-16
5996.0 4.760046e-16
5997.0 5.108090e-16
5998.0 5.891356e-16
5999.0 6.505199e-16
6000.0 6.302283e-16
6001.0 5.048014e-16
6002.0 4.033831e-16
6003.0 4.252373e-16
6004.0 4.472609e-16
6005.0 4.554892e-16
6006.0 4.571061e-16
6007.0 4.098641e-16
6008.0 3.944270e-16
6009.0 4.693333e-16
6010.0 5.759783e-16
6011.0 6.075962e-16
6012.0 5.916885e-16
6013.0 5.466697e-16
6014.0 4.823634e-16
6015.0 4.570057e-16
6016.0 4.709873e-16
6017.0 4.872217e-16
6018.0 4.939507e-16
6019.0 5.322703e-16
6020.0 5.564026e-16
6021.0 5.046408e-16
6022.0 4.190580e-16
6023.0 3.978883e-16
6024.0 4.074324e-16
6025.0 3.704410e-16
6026.0 3.758517e-16
6027.0 4.262856e-16
6028.0 4.901322e-16
6029.0 5.947903e-16
6030.0 6.535906e-16
6031.0 6.050939e-16
6032.0 5.312549e-16
6033.0 4.983369e-16
6034.0 4.837206e-16
6035.0 4.629730e-16
6036.0 4.550415e-16
6037.0 4.461832e-16
6038.0 4.018913e-16
6039.0 3.305984e-16
6040.0 3.324786e-16
6041.0 4.033007e-16
6042.0 4.506307e-16
6043.0 4.328622e-16
6044.0 4.195053e-16
6045.0 4.542199e-16
6046.0 4.993391e-16
6047.0 4.889075e-16
6048.0 4.329275e-16
6049.0 3.524438e-16
6050.0 2.892316e-16
6051.0 3.030940e-16
6052.0 3.532891e-16
6053.0 3.767632e-16
6054.0 3.720174e-16
6055.0 3.916579e-16
6056.0 4.263758e-16
6057.0 4.208698e-16
6058.0 4.070621e-16
6059.0 3.735744e-16
6060.0 3.380055e-16
6061.0 3.667162e-16
6062.0 4.305962e-16
6063.0 4.795145e-16
6064.0 4.954336e-16
6065.0 4.915034e-16
6066.0 4.352492e-16
6067.0 3.217121e-16
6068.0 2.528761e-16
6069.0 2.747606e-16
6070.0 3.546185e-16
6071.0 4.457779e-16
6072.0 5.032082e-16
6073.0 4.804701e-16
6074.0 4.251570e-16
6075.0 3.960617e-16
6076.0 4.361114e-16
6077.0 5.014993e-16
6078.0 5.002040e-16
6079.0 4.286317e-16
6080.0 3.913085e-16
6081.0 4.368444e-16
6082.0 4.502216e-16
6083.0 4.415220e-16
6084.0 4.080948e-16
6085.0 3.182790e-16
6086.0 2.910425e-16
6087.0 3.321431e-16
6088.0 3.617677e-16
6089.0 3.383203e-16
6090.0 3.146760e-16
6091.0 3.351683e-16
6092.0 3.748853e-16
6093.0 4.028117e-16
6094.0 4.161201e-16
6095.0 4.379042e-16
6096.0 4.873704e-16
6097.0 5.055402e-16
6098.0 4.754244e-16
6099.0 4.231550e-16
6100.0 3.797992e-16
6101.0 3.693164e-16
6102.0 3.819166e-16
6103.0 3.850546e-16
6104.0 3.581826e-16
6105.0 2.967288e-16
6106.0 2.688531e-16
6107.0 3.253827e-16
6108.0 4.031493e-16
6109.0 4.398058e-16
6110.0 4.460456e-16
6111.0 4.299697e-16
6112.0 4.034934e-16
6113.0 3.845049e-16
6114.0 4.439707e-16
6115.0 4.882117e-16
6116.0 4.099559e-16
6117.0 3.395678e-16
6118.0 3.039933e-16
6119.0 3.376658e-16
6120.0 4.225478e-16
6121.0 4.397829e-16
6122.0 3.935809e-16
6123.0 3.378179e-16
6124.0 3.414172e-16
6125.0 4.138150e-16
6126.0 4.548983e-16
6127.0 4.097745e-16
6128.0 3.544630e-16
6129.0 3.583949e-16
6130.0 3.651649e-16
6131.0 3.548361e-16
6132.0 3.407836e-16
6133.0 3.303980e-16
6134.0 3.218179e-16
6135.0 3.250813e-16
6136.0 3.260500e-16
6137.0 2.992828e-16
6138.0 2.966639e-16
6139.0 3.362493e-16
6140.0 3.923606e-16
6141.0 4.362143e-16
6142.0 4.706673e-16
6143.0 4.894600e-16
6144.0 4.864296e-16
6145.0 4.867028e-16
6146.0 4.801041e-16
6147.0 4.419285e-16
6148.0 3.718253e-16
6149.0 2.926132e-16
6150.0 2.462688e-16
6151.0 2.637743e-16
6152.0 3.198352e-16
6153.0 3.805840e-16
6154.0 4.192320e-16
6155.0 3.817680e-16
6156.0 3.379175e-16
6157.0 3.825418e-16
6158.0 4.877321e-16
6159.0 5.575922e-16
6160.0 5.385599e-16
6161.0 4.495156e-16
6162.0 3.639108e-16
6163.0 3.450407e-16
6164.0 3.791868e-16
6165.0 4.212338e-16
6166.0 4.186161e-16
6167.0 3.459356e-16
6168.0 2.608249e-16
6169.0 2.222024e-16
6170.0 2.339564e-16
6171.0 2.768282e-16
6172.0 3.212216e-16
6173.0 3.485453e-16
6174.0 3.612027e-16
6175.0 3.369198e-16
6176.0 3.271108e-16
6177.0 3.525792e-16
6178.0 3.589640e-16
6179.0 3.405676e-16
6180.0 2.927603e-16
6181.0 2.176986e-16
6182.0 1.618698e-16
6183.0 1.812683e-16
6184.0 2.553093e-16
6185.0 3.235601e-16
6186.0 3.688834e-16
6187.0 3.812879e-16
6188.0 3.737609e-16
6189.0 3.606474e-16
6190.0 3.482332e-16
6191.0 3.465610e-16
6192.0 3.501250e-16
6193.0 3.713701e-16
6194.0 4.224737e-16
6195.0 4.898395e-16
6196.0 4.774116e-16
6197.0 3.344570e-16
6198.0 1.997527e-16
6199.0 2.001170e-16
6200.0 2.647185e-16
6201.0 2.943030e-16
6202.0 3.034937e-16
6203.0 3.132947e-16
6204.0 3.383921e-16
6205.0 4.198660e-16
6206.0 4.776277e-16
6207.0 4.605093e-16
6208.0 4.080026e-16
6209.0 3.498661e-16
6210.0 2.974895e-16
6211.0 2.537243e-16
6212.0 2.406806e-16
6213.0 2.492771e-16
6214.0 2.562753e-16
6215.0 2.724087e-16
6216.0 2.928457e-16
6217.0 3.218064e-16
6218.0 3.480708e-16
6219.0 3.470602e-16
6220.0 3.264032e-16
6221.0 3.013568e-16
6222.0 2.917473e-16
6223.0 3.053033e-16
6224.0 3.140864e-16
6225.0 2.931746e-16
6226.0 2.476552e-16
6227.0 2.096366e-16
6228.0 2.282743e-16
6229.0 2.810843e-16
6230.0 3.234586e-16
6231.0 3.472925e-16
6232.0 3.691180e-16
6233.0 3.625758e-16
6234.0 3.250339e-16
6235.0 2.888952e-16
6236.0 2.651990e-16
6237.0 2.514352e-16
6238.0 2.363256e-16
6239.0 2.179208e-16
6240.0 2.213726e-16
6241.0 2.680043e-16
6242.0 3.256513e-16
6243.0 3.389374e-16
6244.0 3.035618e-16
6245.0 2.889270e-16
6246.0 2.743215e-16
6247.0 2.475692e-16
6248.0 2.546206e-16
6249.0 2.640696e-16
6250.0 2.578587e-16
6251.0 2.435630e-16
6252.0 2.490455e-16
6253.0 2.832357e-16
6254.0 3.026147e-16
6255.0 2.753334e-16
6256.0 2.286046e-16
6257.0 2.009788e-16
6258.0 2.114312e-16
6259.0 2.500972e-16
6260.0 2.812011e-16
6261.0 2.847034e-16
6262.0 2.749615e-16
6263.0 2.836554e-16
6264.0 3.051413e-16
6265.0 2.932765e-16
6266.0 2.766704e-16
6267.0 3.053929e-16
6268.0 3.450617e-16
6269.0 3.567487e-16
6270.0 3.151936e-16
6271.0 2.318008e-16
6272.0 2.024926e-16
6273.0 2.802286e-16
6274.0 3.539118e-16
6275.0 3.313362e-16
6276.0 2.570686e-16
6277.0 2.039411e-16
6278.0 1.719736e-16
6279.0 1.799605e-16
6280.0 2.290778e-16
6281.0 2.801142e-16
6282.0 3.086767e-16
6283.0 3.062949e-16
6284.0 2.808568e-16
6285.0 2.314124e-16
6286.0 1.916918e-16
6287.0 2.013146e-16
6288.0 2.690963e-16
6289.0 3.636330e-16
6290.0 4.380863e-16
6291.0 4.836122e-16
6292.0 4.823043e-16
6293.0 4.265755e-16
6294.0 3.592366e-16
6295.0 3.508150e-16
6296.0 3.614927e-16
6297.0 3.370949e-16
6298.0 3.049960e-16
6299.0 3.093363e-16
6300.0 3.276984e-16
6301.0 3.290372e-16
6302.0 3.228189e-16
6303.0 2.825638e-16
6304.0 2.400841e-16
6305.0 2.085194e-16
6306.0 2.164863e-16
6307.0 2.801533e-16
6308.0 3.475741e-16
6309.0 3.746363e-16
6310.0 3.736956e-16
6311.0 3.395336e-16
6312.0 2.952381e-16
6313.0 2.716459e-16
6314.0 2.881820e-16
6315.0 3.371723e-16
6316.0 3.695769e-16
6317.0 3.696528e-16
6318.0 3.394728e-16
6319.0 2.770385e-16
6320.0 2.193739e-16
6321.0 2.252327e-16
6322.0 3.025052e-16
6323.0 3.988287e-16
6324.0 4.365345e-16
6325.0 3.780148e-16
6326.0 3.284238e-16
6327.0 3.136112e-16
6328.0 2.830389e-16
6329.0 2.690047e-16
6330.0 2.616887e-16
6331.0 2.453473e-16
6332.0 2.326883e-16
6333.0 2.483099e-16
6334.0 2.848949e-16
6335.0 3.044143e-16
6336.0 3.485623e-16
6337.0 3.902503e-16
6338.0 3.546368e-16
6339.0 2.913587e-16
6340.0 2.644845e-16
6341.0 2.936124e-16
6342.0 3.442568e-16
6343.0 3.830013e-16
6344.0 4.075882e-16
6345.0 4.143501e-16
6346.0 4.073511e-16
6347.0 3.878547e-16
6348.0 3.607723e-16
6349.0 3.473566e-16
6350.0 3.500861e-16
6351.0 3.600446e-16
6352.0 3.066710e-16
6353.0 1.989471e-16
6354.0 1.722687e-16
6355.0 1.918012e-16
6356.0 2.192167e-16
6357.0 2.894369e-16
6358.0 3.387956e-16
6359.0 3.722899e-16
6360.0 4.102513e-16
6361.0 4.218705e-16
6362.0 4.268321e-16
6363.0 4.461088e-16
6364.0 4.397487e-16
6365.0 4.062536e-16
6366.0 3.686849e-16
6367.0 3.322562e-16
6368.0 2.910325e-16
6369.0 2.448727e-16
6370.0 2.212603e-16
6371.0 2.357274e-16
6372.0 2.707860e-16
6373.0 3.158945e-16
6374.0 3.557427e-16
6375.0 3.823345e-16
6376.0 3.883398e-16
6377.0 3.381403e-16
6378.0 2.763290e-16
6379.0 2.807069e-16
6380.0 2.903773e-16
6381.0 3.163947e-16
6382.0 3.757821e-16
6383.0 3.919332e-16
6384.0 3.741395e-16
6385.0 3.673129e-16
6386.0 3.816507e-16
6387.0 4.195682e-16
6388.0 4.389182e-16
6389.0 4.001204e-16
6390.0 3.493886e-16
6391.0 3.363630e-16
6392.0 3.405389e-16
6393.0 3.316209e-16
6394.0 3.174034e-16
6395.0 3.208535e-16
6396.0 3.495708e-16
6397.0 3.935088e-16
6398.0 4.036976e-16
6399.0 3.824742e-16
6400.0 3.723788e-16
6401.0 3.710802e-16
6402.0 3.460639e-16
6403.0 2.768526e-16
6404.0 2.541530e-16
6405.0 3.488949e-16
6406.0 4.443328e-16
6407.0 4.192252e-16
6408.0 3.461302e-16
6409.0 3.027801e-16
6410.0 2.806753e-16
6411.0 2.503483e-16
6412.0 2.235807e-16
6413.0 2.320938e-16
6414.0 2.848147e-16
6415.0 3.197914e-16
6416.0 3.153960e-16
6417.0 3.099306e-16
6418.0 3.000578e-16
6419.0 2.675204e-16
6420.0 2.248152e-16
6421.0 2.136556e-16
6422.0 2.250513e-16
6423.0 2.163251e-16
6424.0 1.996922e-16
6425.0 1.997384e-16
6426.0 2.304924e-16
6427.0 2.903103e-16
6428.0 3.437563e-16
6429.0 3.500411e-16
6430.0 3.348801e-16
6431.0 3.147821e-16
6432.0 2.971909e-16
6433.0 3.031838e-16
6434.0 3.294478e-16
6435.0 3.654406e-16
6436.0 3.754157e-16
6437.0 3.386121e-16
6438.0 2.833990e-16
6439.0 2.607268e-16
6440.0 2.741271e-16
6441.0 3.017400e-16
6442.0 3.423427e-16
6443.0 3.757956e-16
6444.0 3.748047e-16
6445.0 3.305806e-16
6446.0 2.784025e-16
6447.0 2.563231e-16
6448.0 2.635865e-16
6449.0 2.960268e-16
6450.0 3.392453e-16
6451.0 3.961214e-16
6452.0 4.154672e-16
6453.0 3.589782e-16
6454.0 2.989442e-16
6455.0 2.385420e-16
6456.0 1.761696e-16
6457.0 1.898011e-16
6458.0 2.421173e-16
6459.0 2.945735e-16
6460.0 3.835697e-16
6461.0 4.132201e-16
6462.0 3.350297e-16
6463.0 2.499292e-16
6464.0 2.222467e-16
6465.0 2.644997e-16
6466.0 3.057020e-16
6467.0 3.046358e-16
6468.0 2.938384e-16
6469.0 3.077427e-16
6470.0 3.155292e-16
6471.0 2.835886e-16
6472.0 2.328408e-16
6473.0 1.882359e-16
6474.0 1.654882e-16
6475.0 1.837857e-16
6476.0 2.432747e-16
6477.0 3.111987e-16
6478.0 3.229602e-16
6479.0 3.123770e-16
6480.0 3.017252e-16
6481.0 2.478643e-16
6482.0 1.996953e-16
6483.0 2.183413e-16
6484.0 2.717232e-16
6485.0 2.882859e-16
6486.0 3.096475e-16
6487.0 3.975279e-16
6488.0 4.610330e-16
6489.0 4.332217e-16
6490.0 3.736135e-16
6491.0 3.194377e-16
6492.0 2.866570e-16
6493.0 2.943893e-16
6494.0 3.559039e-16
6495.0 4.279252e-16
6496.0 4.130303e-16
6497.0 3.298214e-16
6498.0 2.398488e-16
6499.0 1.656897e-16
6500.0 1.414787e-16
6501.0 2.074300e-16
6502.0 3.265742e-16
6503.0 4.075754e-16
6504.0 4.295186e-16
6505.0 4.094444e-16
6506.0 3.791087e-16
6507.0 3.464974e-16
6508.0 3.241033e-16
6509.0 3.242900e-16
6510.0 3.222044e-16
6511.0 3.133197e-16
6512.0 3.138921e-16
6513.0 3.844618e-16
6514.0 4.689538e-16
6515.0 4.298354e-16
6516.0 3.363490e-16
6517.0 2.999686e-16
6518.0 2.826073e-16
6519.0 2.337941e-16
6520.0 1.963369e-16
6521.0 2.267769e-16
6522.0 2.762084e-16
6523.0 2.752249e-16
6524.0 2.785065e-16
6525.0 3.415383e-16
6526.0 4.121975e-16
6527.0 4.143228e-16
6528.0 3.671438e-16
6529.0 3.227168e-16
6530.0 3.014661e-16
6531.0 3.006759e-16
6532.0 2.962262e-16
6533.0 2.814060e-16
6534.0 2.877669e-16
6535.0 3.462052e-16
6536.0 4.319814e-16
6537.0 4.878521e-16
6538.0 4.744565e-16
6539.0 4.296487e-16
6540.0 3.939923e-16
6541.0 3.670047e-16
6542.0 3.502671e-16
6543.0 3.396194e-16
6544.0 3.337958e-16
6545.0 3.416213e-16
6546.0 3.439992e-16
6547.0 3.182025e-16
6548.0 2.614475e-16
6549.0 2.327676e-16
6550.0 2.890897e-16
6551.0 3.452694e-16
6552.0 3.451375e-16
6553.0 3.142547e-16
6554.0 3.142879e-16
6555.0 3.881828e-16
6556.0 4.692779e-16
6557.0 4.640597e-16
6558.0 3.914296e-16
6559.0 3.184918e-16
6560.0 2.886920e-16
6561.0 3.166974e-16
6562.0 3.692352e-16
6563.0 4.153040e-16
6564.0 4.364662e-16
6565.0 4.278876e-16
6566.0 4.098547e-16
6567.0 3.933535e-16
6568.0 3.667101e-16
6569.0 3.356142e-16
6570.0 3.235890e-16
6571.0 3.519272e-16
6572.0 4.186632e-16
6573.0 4.899092e-16
6574.0 4.948752e-16
6575.0 4.585986e-16
6576.0 4.189679e-16
6577.0 3.277590e-16
6578.0 2.618960e-16
6579.0 2.997078e-16
6580.0 3.552999e-16
6581.0 3.950024e-16
6582.0 4.292769e-16
6583.0 4.152510e-16
6584.0 3.625982e-16
6585.0 3.115005e-16
6586.0 2.799094e-16
6587.0 2.922335e-16
6588.0 3.410064e-16
6589.0 4.115611e-16
6590.0 4.492463e-16
6591.0 4.056858e-16
6592.0 3.470631e-16
6593.0 3.538579e-16
6594.0 3.802479e-16
6595.0 3.509851e-16
6596.0 3.101899e-16
6597.0 3.170826e-16
6598.0 3.627937e-16
6599.0 3.888455e-16
6600.0 3.363895e-16
6601.0 2.731994e-16
6602.0 2.949075e-16
6603.0 3.947360e-16
6604.0 5.084513e-16
6605.0 5.472326e-16
6606.0 5.074318e-16
6607.0 4.385728e-16
6608.0 3.822082e-16
6609.0 3.814057e-16
6610.0 4.010455e-16
6611.0 4.023975e-16
6612.0 3.985647e-16
6613.0 4.119979e-16
6614.0 4.287947e-16
6615.0 3.982208e-16
6616.0 3.535457e-16
6617.0 3.402689e-16
6618.0 3.591800e-16
6619.0 4.326818e-16
6620.0 4.965889e-16
6621.0 4.614842e-16
6622.0 3.955073e-16
6623.0 3.873362e-16
6624.0 4.246458e-16
6625.0 4.652561e-16
6626.0 4.763430e-16
6627.0 4.593078e-16
6628.0 4.818613e-16
6629.0 5.808170e-16
6630.0 6.359009e-16
6631.0 5.578000e-16
6632.0 4.623821e-16
6633.0 4.712178e-16
6634.0 5.321446e-16
6635.0 5.527371e-16
6636.0 5.464667e-16
6637.0 5.437725e-16
6638.0 5.823965e-16
6639.0 6.939503e-16
6640.0 7.831695e-16
6641.0 7.382645e-16
6642.0 6.103071e-16
6643.0 4.792736e-16
6644.0 3.904353e-16
6645.0 3.850302e-16
6646.0 4.387840e-16
6647.0 5.049941e-16
6648.0 5.403194e-16
6649.0 5.286709e-16
6650.0 5.385924e-16
6651.0 5.796578e-16
6652.0 5.948810e-16
6653.0 5.981247e-16
6654.0 5.933340e-16
6655.0 5.659379e-16
6656.0 5.496532e-16
6657.0 5.572288e-16
6658.0 5.829221e-16
6659.0 6.348902e-16
6660.0 6.844617e-16
6661.0 6.919523e-16
6662.0 6.627426e-16
6663.0 6.267934e-16
6664.0 6.415359e-16
6665.0 6.997385e-16
6666.0 7.441750e-16
6667.0 7.709692e-16
6668.0 7.888584e-16
6669.0 7.994362e-16
6670.0 7.970220e-16
6671.0 7.815142e-16
6672.0 7.685461e-16
6673.0 7.714725e-16
6674.0 7.929411e-16
6675.0 8.314812e-16
6676.0 8.797802e-16
6677.0 9.043628e-16
6678.0 9.012590e-16
6679.0 8.980160e-16
6680.0 8.699462e-16
6681.0 7.872891e-16
6682.0 7.244885e-16
6683.0 7.499369e-16
6684.0 8.376343e-16
6685.0 9.250550e-16
6686.0 9.381488e-16
6687.0 8.521865e-16
6688.0 7.821585e-16
6689.0 8.170661e-16
6690.0 8.588830e-16
6691.0 8.612666e-16
6692.0 8.804709e-16
6693.0 9.304343e-16
6694.0 1.004796e-15
6695.0 1.094726e-15
6696.0 1.155201e-15
6697.0 1.139302e-15
6698.0 1.081365e-15
6699.0 1.043941e-15
6700.0 1.010373e-15
6701.0 9.674449e-16
6702.0 9.582130e-16
6703.0 1.016362e-15
6704.0 1.095712e-15
6705.0 1.155991e-15
6706.0 1.148906e-15
6707.0 1.013992e-15
6708.0 8.863745e-16
6709.0 9.022226e-16
6710.0 9.590684e-16
6711.0 9.180592e-16
6712.0 8.037489e-16
6713.0 7.537093e-16
6714.0 7.733414e-16
6715.0 7.992881e-16
6716.0 8.258591e-16
6717.0 8.749636e-16
6718.0 9.239032e-16
6719.0 8.917951e-16
6720.0 7.880200e-16
6721.0 6.824942e-16
6722.0 6.209838e-16
6723.0 6.337420e-16
6724.0 6.944387e-16
6725.0 7.181948e-16
6726.0 6.716410e-16
6727.0 6.203712e-16
6728.0 6.272137e-16
6729.0 7.004908e-16
6730.0 7.489955e-16
6731.0 7.150006e-16
6732.0 6.496948e-16
6733.0 5.660264e-16
6734.0 5.208295e-16
6735.0 5.829981e-16
6736.0 6.787263e-16
6737.0 7.269821e-16
6738.0 7.409809e-16
6739.0 7.325618e-16
6740.0 6.809335e-16
6741.0 5.848622e-16
6742.0 5.261222e-16
6743.0 5.620187e-16
6744.0 5.930256e-16
6745.0 5.817753e-16
6746.0 5.627452e-16
6747.0 5.171275e-16
6748.0 4.943840e-16
6749.0 5.484920e-16
6750.0 6.072171e-16
6751.0 6.127658e-16
6752.0 6.077930e-16
6753.0 5.743642e-16
6754.0 5.082368e-16
6755.0 4.878592e-16
6756.0 4.772121e-16
6757.0 4.265160e-16
6758.0 4.285631e-16
6759.0 5.028660e-16
6760.0 5.997014e-16
6761.0 7.276145e-16
6762.0 7.777896e-16
6763.0 6.392256e-16
6764.0 4.586996e-16
6765.0 3.920057e-16
6766.0 3.906671e-16
6767.0 4.052283e-16
6768.0 4.577373e-16
6769.0 5.294791e-16
6770.0 5.559317e-16
6771.0 4.968313e-16
6772.0 4.150302e-16
6773.0 4.032853e-16
6774.0 4.504019e-16
6775.0 4.975254e-16
6776.0 5.091670e-16
6777.0 4.682514e-16
6778.0 4.172531e-16
6779.0 4.016673e-16
6780.0 4.151624e-16
6781.0 4.247605e-16
6782.0 4.193740e-16
6783.0 4.125739e-16
6784.0 4.386829e-16
6785.0 5.154328e-16
6786.0 5.538135e-16
6787.0 4.809402e-16
6788.0 3.769295e-16
6789.0 3.707793e-16
6790.0 4.481640e-16
6791.0 5.201050e-16
6792.0 5.474060e-16
6793.0 5.120152e-16
6794.0 4.553061e-16
6795.0 4.546191e-16
6796.0 4.830672e-16
6797.0 4.813851e-16
6798.0 4.510966e-16
6799.0 4.102415e-16
6800.0 4.062053e-16
6801.0 4.693867e-16
6802.0 5.183560e-16
6803.0 4.581361e-16
6804.0 3.620816e-16
6805.0 3.520684e-16
6806.0 3.890821e-16
6807.0 4.017502e-16
6808.0 3.807168e-16
6809.0 3.256243e-16
6810.0 2.968795e-16
6811.0 3.600729e-16
6812.0 4.676534e-16
6813.0 5.458932e-16
6814.0 5.983183e-16
6815.0 6.146200e-16
6816.0 5.322430e-16
6817.0 3.648621e-16
6818.0 2.493411e-16
6819.0 2.886982e-16
6820.0 4.221501e-16
6821.0 5.534118e-16
6822.0 6.146189e-16
6823.0 5.770744e-16
6824.0 5.064614e-16
6825.0 4.732489e-16
6826.0 4.739663e-16
6827.0 4.690793e-16
6828.0 4.482250e-16
6829.0 4.224913e-16
6830.0 4.096325e-16
6831.0 3.873548e-16
6832.0 3.655391e-16
6833.0 3.847977e-16
6834.0 4.411460e-16
6835.0 5.241082e-16
6836.0 5.655058e-16
6837.0 5.299060e-16
6838.0 4.869360e-16
6839.0 4.612897e-16
6840.0 4.355329e-16
6841.0 4.276737e-16
6842.0 4.394712e-16
6843.0 4.549712e-16
6844.0 4.623857e-16
6845.0 4.475250e-16
6846.0 4.063949e-16
6847.0 3.683258e-16
6848.0 3.374058e-16
6849.0 2.868312e-16
6850.0 2.669778e-16
6851.0 3.177541e-16
6852.0 3.397876e-16
6853.0 2.832538e-16
6854.0 2.664969e-16
6855.0 3.282722e-16
6856.0 3.784964e-16
6857.0 3.742158e-16
6858.0 3.563441e-16
6859.0 3.589888e-16
6860.0 3.663378e-16
6861.0 4.116849e-16
6862.0 4.928584e-16
6863.0 5.297536e-16
6864.0 5.581420e-16
6865.0 6.477500e-16
6866.0 7.452053e-16
6867.0 7.868886e-16
6868.0 7.634336e-16
6869.0 6.772642e-16
6870.0 5.751291e-16
6871.0 4.983286e-16
6872.0 4.397500e-16
6873.0 3.929954e-16
6874.0 3.804737e-16
6875.0 4.142207e-16
6876.0 4.108708e-16
6877.0 3.109247e-16
6878.0 2.082445e-16
6879.0 2.042211e-16
6880.0 2.806104e-16
6881.0 3.857952e-16
6882.0 4.663151e-16
6883.0 4.858470e-16
6884.0 5.123715e-16
6885.0 5.731638e-16
6886.0 5.881704e-16
6887.0 5.237119e-16
6888.0 4.320345e-16
6889.0 3.668815e-16
6890.0 3.293228e-16
6891.0 3.109502e-16
6892.0 3.132141e-16
6893.0 3.171645e-16
6894.0 3.430135e-16
6895.0 4.274072e-16
6896.0 4.846606e-16
6897.0 4.474914e-16
6898.0 3.738000e-16
6899.0 2.754143e-16
6900.0 1.943505e-16
6901.0 2.180368e-16
6902.0 2.719235e-16
6903.0 2.541838e-16
6904.0 2.372314e-16
6905.0 2.779089e-16
6906.0 3.116043e-16
6907.0 3.406444e-16
6908.0 3.276075e-16
6909.0 1.763452e-16
6910.0 5.226459e-17
6911.0 1.516269e-16
6912.0 3.569126e-16
6913.0 4.989313e-16
6914.0 5.179073e-16
6915.0 4.230591e-16
6916.0 3.452178e-16
6917.0 3.863811e-16
6918.0 4.559354e-16
6919.0 4.552119e-16
6920.0 4.221931e-16
6921.0 4.335909e-16
6922.0 4.916206e-16
6923.0 5.183475e-16
6924.0 4.563705e-16
6925.0 3.409298e-16
6926.0 2.593863e-16
6927.0 2.604057e-16
6928.0 2.926449e-16
6929.0 2.771771e-16
6930.0 2.512824e-16
6931.0 3.051082e-16
6932.0 3.971545e-16
6933.0 4.497136e-16
6934.0 4.681242e-16
6935.0 4.745455e-16
6936.0 4.873787e-16
6937.0 5.142066e-16
6938.0 5.276004e-16
6939.0 5.069343e-16
6940.0 4.586223e-16
6941.0 3.879677e-16
6942.0 3.421748e-16
6943.0 3.681511e-16
6944.0 4.534428e-16
6945.0 5.540572e-16
6946.0 5.937744e-16
6947.0 5.417881e-16
6948.0 4.660626e-16
6949.0 4.131573e-16
6950.0 3.597750e-16
6951.0 2.919113e-16
6952.0 2.672979e-16
6953.0 3.095138e-16
6954.0 3.458143e-16
6955.0 3.632796e-16
6956.0 3.807407e-16
6957.0 3.803391e-16
6958.0 3.821756e-16
6959.0 4.060907e-16
6960.0 3.864794e-16
6961.0 3.050538e-16
6962.0 2.673475e-16
6963.0 3.445545e-16
6964.0 4.233922e-16
6965.0 3.806485e-16
6966.0 3.005419e-16
6967.0 2.875235e-16
6968.0 3.016065e-16
6969.0 2.829014e-16
6970.0 2.389201e-16
6971.0 2.070169e-16
6972.0 2.063109e-16
6973.0 2.231187e-16
6974.0 2.613224e-16
6975.0 3.281410e-16
6976.0 3.775785e-16
6977.0 3.725512e-16
6978.0 3.453213e-16
6979.0 3.191689e-16
6980.0 2.968288e-16
6981.0 2.898756e-16
6982.0 2.487825e-16
6983.0 1.398214e-16
6984.0 9.091497e-17
6985.0 1.844781e-16
6986.0 2.885171e-16
6987.0 3.452148e-16
6988.0 3.848596e-16
6989.0 3.920576e-16
6990.0 3.987604e-16
6991.0 4.356993e-16
6992.0 4.425459e-16
6993.0 3.607395e-16
6994.0 2.579659e-16
6995.0 2.295708e-16
6996.0 2.726997e-16
6997.0 3.443810e-16
6998.0 3.715149e-16
6999.0 2.993053e-16
7000.0 2.204651e-16
7001.0 2.206676e-16
7002.0 2.514380e-16
7003.0 2.874012e-16
7004.0 3.417444e-16
7005.0 3.736925e-16
7006.0 3.581823e-16
7007.0 3.192746e-16
7008.0 2.941141e-16
7009.0 2.979624e-16
7010.0 2.852775e-16
7011.0 2.518310e-16
7012.0 2.401492e-16
7013.0 2.516707e-16
7014.0 2.854366e-16
7015.0 3.292566e-16
7016.0 3.264000e-16
7017.0 2.419251e-16
7018.0 1.528779e-16
7019.0 1.397015e-16
7020.0 1.880817e-16
7021.0 2.337522e-16
7022.0 2.680116e-16
7023.0 3.173952e-16
7024.0 3.828166e-16
7025.0 4.519874e-16
7026.0 4.914778e-16
7027.0 4.780991e-16
7028.0 4.417118e-16
7029.0 4.204138e-16
7030.0 4.096639e-16
7031.0 3.887892e-16
7032.0 3.754442e-16
7033.0 3.905841e-16
7034.0 4.086591e-16
7035.0 4.143968e-16
7036.0 4.362543e-16
7037.0 4.654368e-16
7038.0 4.557728e-16
7039.0 4.032263e-16
7040.0 3.493708e-16
7041.0 3.237003e-16
7042.0 3.226385e-16
7043.0 3.299941e-16
7044.0 3.252668e-16
7045.0 3.144654e-16
7046.0 3.343117e-16
7047.0 3.845852e-16
7048.0 4.150041e-16
7049.0 4.021437e-16
7050.0 3.385428e-16
7051.0 2.428636e-16
7052.0 2.242514e-16
7053.0 2.881243e-16
7054.0 2.982426e-16
7055.0 2.339789e-16
7056.0 1.799273e-16
7057.0 1.806659e-16
7058.0 1.950417e-16
7059.0 1.847797e-16
7060.0 2.290924e-16
7061.0 3.725719e-16
7062.0 4.915249e-16
7063.0 4.964181e-16
7064.0 4.074944e-16
7065.0 2.495563e-16
7066.0 1.617237e-16
7067.0 2.613979e-16
7068.0 3.586791e-16
7069.0 2.765168e-16
7070.0 1.585052e-16
7071.0 1.669032e-16
7072.0 2.391167e-16
7073.0 2.268624e-16
7074.0 1.736516e-16
7075.0 2.140560e-16
7076.0 2.875448e-16
7077.0 3.001129e-16
7078.0 2.951679e-16
7079.0 3.060641e-16
7080.0 2.885138e-16
7081.0 2.309441e-16
7082.0 2.002034e-16
7083.0 2.374010e-16
7084.0 2.998101e-16
7085.0 3.468384e-16
7086.0 3.929689e-16
7087.0 4.397169e-16
7088.0 4.233615e-16
7089.0 3.259171e-16
7090.0 2.468849e-16
7091.0 2.756073e-16
7092.0 3.456082e-16
7093.0 3.534779e-16
7094.0 3.113051e-16
7095.0 2.631483e-16
7096.0 2.415316e-16
7097.0 2.592252e-16
7098.0 3.036263e-16
7099.0 3.595877e-16
7100.0 3.749155e-16
7101.0 3.201386e-16
7102.0 2.484093e-16
7103.0 2.029724e-16
7104.0 1.509844e-16
7105.0 7.234617e-17
7106.0 6.405047e-17
7107.0 1.909373e-16
7108.0 3.119333e-16
7109.0 2.950009e-16
7110.0 2.172560e-16
7111.0 1.763613e-16
7112.0 2.006109e-16
7113.0 2.816947e-16
7114.0 3.426732e-16
7115.0 3.340973e-16
7116.0 3.011438e-16
7117.0 3.049642e-16
7118.0 3.511667e-16
7119.0 4.012964e-16
7120.0 4.029428e-16
7121.0 3.323067e-16
7122.0 2.554375e-16
7123.0 2.365728e-16
7124.0 2.418130e-16
7125.0 2.289176e-16
7126.0 1.924647e-16
7127.0 1.482658e-16
7128.0 1.416327e-16
7129.0 1.982782e-16
7130.0 2.977325e-16
7131.0 4.007695e-16
7132.0 4.370446e-16
7133.0 3.744240e-16
7134.0 2.857221e-16
7135.0 2.330670e-16
7136.0 2.270852e-16
7137.0 2.535931e-16
7138.0 2.416097e-16
7139.0 1.450062e-16
7140.0 6.668160e-17
7141.0 1.024643e-16
7142.0 2.149501e-16
7143.0 3.412232e-16
7144.0 3.800366e-16
7145.0 2.850755e-16
7146.0 1.850100e-16
7147.0 1.839019e-16
7148.0 2.365825e-16
7149.0 2.852162e-16
7150.0 3.426104e-16
7151.0 4.112186e-16
7152.0 4.390187e-16
7153.0 3.945298e-16
7154.0 3.242646e-16
7155.0 2.836971e-16
7156.0 2.535177e-16
7157.0 1.957314e-16
7158.0 1.565368e-16
7159.0 1.816605e-16
7160.0 2.468808e-16
7161.0 3.359929e-16
7162.0 3.990855e-16
7163.0 3.919870e-16
7164.0 3.651150e-16
7165.0 3.702961e-16
7166.0 3.886288e-16
7167.0 3.885457e-16
7168.0 3.608511e-16
7169.0 3.175030e-16
7170.0 3.054500e-16
7171.0 3.325497e-16
7172.0 3.558457e-16
7173.0 3.679675e-16
7174.0 3.403306e-16
7175.0 2.435527e-16
7176.0 1.625162e-16
7177.0 1.781498e-16
7178.0 2.346012e-16
7179.0 2.814193e-16
7180.0 3.340952e-16
7181.0 3.699092e-16
7182.0 3.913774e-16
7183.0 4.264443e-16
7184.0 4.334206e-16
7185.0 3.742332e-16
7186.0 2.720012e-16
7187.0 1.700515e-16
7188.0 1.390355e-16
7189.0 2.004193e-16
7190.0 2.219394e-16
7191.0 9.179368e-17
7192.0 -4.570796e-17
7193.0 -9.308605e-18
7194.0 1.373121e-16
7195.0 2.735986e-16
7196.0 3.648421e-16
7197.0 3.906664e-16
7198.0 3.135003e-16
7199.0 1.492601e-16
7200.0 3.461102e-17
7201.0 6.024969e-17
7202.0 1.564516e-16
7203.0 2.394566e-16
7204.0 2.616242e-16
7205.0 2.020684e-16
7206.0 1.088017e-16
7207.0 5.837346e-17
7208.0 1.215405e-16
7209.0 2.801682e-16
7210.0 4.127687e-16
7211.0 4.766525e-16
7212.0 5.130419e-16
7213.0 5.104447e-16
7214.0 4.092110e-16
7215.0 2.004991e-16
7216.0 3.063611e-17
7217.0 4.787625e-17
7218.0 1.979952e-16
7219.0 3.258360e-16
7220.0 3.668889e-16
7221.0 3.769117e-16
7222.0 3.962051e-16
7223.0 4.146656e-16
7224.0 4.430825e-16
7225.0 4.901201e-16
7226.0 4.996994e-16
7227.0 4.227349e-16
7228.0 3.179347e-16
7229.0 2.626366e-16
7230.0 2.734783e-16
7231.0 3.333692e-16
7232.0 3.460811e-16
7233.0 2.396003e-16
7234.0 1.107298e-16
7235.0 7.018006e-17
7236.0 1.410535e-16
7237.0 2.852273e-16
7238.0 3.593539e-16
7239.0 2.885195e-16
7240.0 2.428045e-16
7241.0 3.544902e-16
7242.0 4.493280e-16
7243.0 3.378744e-16
7244.0 1.505634e-16
7245.0 6.858207e-17
7246.0 7.791727e-17
7247.0 1.209759e-16
7248.0 1.708526e-16
7249.0 2.255354e-16
7250.0 2.873994e-16
7251.0 3.328987e-16
7252.0 3.556141e-16
7253.0 3.819404e-16
7254.0 4.193004e-16
7255.0 4.516961e-16
7256.0 4.218084e-16
7257.0 3.078472e-16
7258.0 2.072694e-16
7259.0 1.887641e-16
7260.0 2.180004e-16
7261.0 2.359271e-16
7262.0 2.090449e-16
7263.0 1.606307e-16
7264.0 1.251006e-16
7265.0 1.139452e-16
7266.0 1.680013e-16
7267.0 2.999478e-16
7268.0 4.170284e-16
7269.0 4.403245e-16
7270.0 3.623813e-16
7271.0 2.178538e-16
7272.0 1.452182e-16
7273.0 2.402385e-16
7274.0 2.943745e-16
7275.0 1.112461e-16
7276.0 -3.460789e-17
7277.0 9.106994e-17
7278.0 2.127036e-16
7279.0 1.640188e-16
7280.0 1.260769e-16
7281.0 1.997753e-16
7282.0 3.190778e-16
7283.0 3.922359e-16
7284.0 4.299380e-16
7285.0 4.752256e-16
7286.0 3.945543e-16
7287.0 1.013273e-16
7288.0 -1.100442e-16
7289.0 7.889319e-19
7290.0 2.165526e-16
7291.0 3.081856e-16
7292.0 2.863635e-16
7293.0 1.965265e-16
7294.0 1.405086e-16
7295.0 2.083134e-16
7296.0 3.065439e-16
7297.0 3.266273e-16
7298.0 2.949053e-16
7299.0 2.654742e-16
7300.0 2.276610e-16
7301.0 1.595565e-16
7302.0 8.601132e-17
7303.0 3.937154e-17
7304.0 6.215893e-17
7305.0 1.678009e-16
7306.0 2.286318e-16
7307.0 1.335499e-16
7308.0 -2.484486e-17
7309.0 -1.055667e-16
7310.0 -4.541088e-17
7311.0 1.262454e-16
7312.0 2.712694e-16
7313.0 3.240992e-16
7314.0 3.596482e-16
7315.0 3.913131e-16
7316.0 3.643597e-16
7317.0 2.729507e-16
7318.0 1.523484e-16
7319.0 5.142397e-17
7320.0 -4.055119e-18
7321.0 -4.478425e-17
7322.0 -6.129639e-17
7323.0 3.147743e-17
7324.0 1.870054e-16
7325.0 2.590109e-16
7326.0 2.607474e-16
7327.0 2.752766e-16
7328.0 3.351848e-16
7329.0 4.241709e-16
7330.0 4.056760e-16
7331.0 2.495689e-16
7332.0 1.754737e-16
7333.0 2.779488e-16
7334.0 3.753910e-16
7335.0 3.390828e-16
7336.0 2.524596e-16
7337.0 2.128040e-16
7338.0 2.097443e-16
7339.0 2.008607e-16
7340.0 1.495287e-16
7341.0 2.967013e-17
7342.0 -8.919305e-17
7343.0 -9.586974e-17
7344.0 3.784083e-17
7345.0 2.592763e-16
7346.0 3.698566e-16
7347.0 2.183428e-16
7348.0 3.010656e-17
7349.0 5.673853e-17
7350.0 2.342038e-16
7351.0 4.221413e-16
7352.0 5.071017e-16
7353.0 4.423963e-16
7354.0 2.881560e-16
7355.0 7.130125e-17
7356.0 -1.563181e-16
7357.0 -2.648101e-16
7358.0 -1.956257e-16
7359.0 -7.879216e-18
7360.0 1.213908e-16
7361.0 7.215022e-17
7362.0 -2.177329e-17
7363.0 -1.230326e-17
7364.0 8.110998e-17
7365.0 2.220203e-16
7366.0 3.646430e-16
7367.0 4.309465e-16
7368.0 3.795272e-16
7369.0 2.525786e-16
7370.0 1.731496e-16
7371.0 2.084056e-16
7372.0 2.993741e-16
7373.0 3.742711e-16
7374.0 3.940062e-16
7375.0 3.191471e-16
7376.0 1.771816e-16
7377.0 5.405612e-17
7378.0 1.674646e-17
7379.0 7.165501e-17
7380.0 1.607945e-16
7381.0 2.341904e-16
7382.0 2.679993e-16
7383.0 2.536758e-16
7384.0 2.152221e-16
7385.0 1.723379e-16
7386.0 8.753058e-17
7387.0 -5.790289e-17
7388.0 -1.346914e-16
7389.0 -2.331412e-17
7390.0 1.696013e-16
7391.0 2.837227e-16
7392.0 3.001534e-16
7393.0 2.672520e-16
7394.0 2.492161e-16
7395.0 2.862787e-16
7396.0 3.379404e-16
7397.0 3.508709e-16
7398.0 2.994568e-16
7399.0 1.787156e-16
7400.0 6.928123e-17
7401.0 4.281681e-17
7402.0 2.951567e-17
7403.0 -2.762589e-17
7404.0 -9.288741e-17
7405.0 -1.323901e-16
7406.0 -1.250271e-16
7407.0 -6.035555e-17
7408.0 3.167885e-17
7409.0 1.124485e-16
7410.0 1.972211e-16
7411.0 2.985581e-16
7412.0 3.360974e-16
7413.0 2.404678e-16
7414.0 1.086280e-16
7415.0 6.379454e-17
7416.0 7.317859e-17
7417.0 6.848719e-17
7418.0 7.229063e-17
7419.0 1.043699e-16
7420.0 8.510412e-17
7421.0 -2.339535e-17
7422.0 -1.238678e-16
7423.0 -1.270598e-16
7424.0 -4.128537e-17
7425.0 6.195436e-17
7426.0 1.167628e-16
7427.0 1.213478e-16
7428.0 1.165079e-16
7429.0 1.250286e-16
7430.0 1.471403e-16
7431.0 1.808886e-16
7432.0 2.333912e-16
7433.0 3.089478e-16
7434.0 3.661242e-16
7435.0 3.631160e-16
7436.0 3.437430e-16
7437.0 3.623147e-16
7438.0 3.217499e-16
7439.0 1.196161e-16
7440.0 -8.985987e-17
7441.0 -1.359503e-16
7442.0 -7.199005e-17
7443.0 9.689880e-18
7444.0 9.095299e-17
7445.0 1.718913e-16
7446.0 2.130637e-16
7447.0 1.715739e-16
7448.0 7.590941e-17
7449.0 -2.748537e-17
7450.0 -8.518826e-17
7451.0 -6.548088e-17
7452.0 -3.368626e-17
7453.0 -5.144261e-17
7454.0 -7.941970e-17
7455.0 -6.938328e-17
7456.0 -2.659605e-17
7457.0 4.294664e-17
7458.0 1.258515e-16
7459.0 1.906228e-16
7460.0 2.327390e-16
7461.0 2.643670e-16
7462.0 2.452690e-16
7463.0 1.434440e-16
7464.0 6.328359e-17
7465.0 1.027828e-16
7466.0 1.736424e-16
7467.0 1.714024e-16
7468.0 1.154076e-16
7469.0 4.879169e-17
7470.0 1.465229e-19
7471.0 -2.560078e-17
7472.0 -7.927108e-17
7473.0 -1.518538e-16
7474.0 -1.376697e-16
7475.0 -2.091056e-17
7476.0 5.767742e-17
7477.0 4.174958e-19
7478.0 -1.084812e-16
7479.0 -1.634360e-16
7480.0 -1.424187e-16
7481.0 -6.502918e-17
7482.0 2.073838e-17
7483.0 9.190166e-17
7484.0 1.718683e-16
7485.0 2.840612e-16
7486.0 3.463308e-16
7487.0 2.435011e-16
7488.0 6.041472e-17
7489.0 -5.347139e-17
7490.0 -9.267359e-17
7491.0 -9.676072e-17
7492.0 -8.222248e-17
7493.0 -6.931754e-17
7494.0 -4.526878e-17
7495.0 2.024617e-17
7496.0 1.040351e-16
7497.0 1.654680e-16
7498.0 1.594617e-16
7499.0 7.289602e-17
7500.0 -3.161939e-17
7501.0 -1.090467e-16
7502.0 -1.079818e-16
7503.0 1.461608e-17
7504.0 1.631546e-16
7505.0 2.369071e-16
7506.0 2.370827e-16
7507.0 1.963485e-16
7508.0 1.875797e-16
7509.0 2.380852e-16
7510.0 2.315301e-16
7511.0 1.196846e-16
7512.0 4.286524e-17
7513.0 7.368750e-17
7514.0 1.469794e-16
7515.0 2.203238e-16
7516.0 2.319613e-16
7517.0 1.316657e-16
7518.0 -1.615646e-17
7519.0 -1.137631e-16
7520.0 -9.765643e-17
7521.0 1.813226e-17
7522.0 1.094218e-16
7523.0 9.620444e-17
7524.0 6.857985e-17
7525.0 1.229248e-16
7526.0 1.789737e-16
7527.0 1.303444e-16
7528.0 5.615364e-17
7529.0 6.359941e-17
7530.0 1.429987e-16
7531.0 2.337547e-16
7532.0 2.464423e-16
7533.0 1.610632e-16
7534.0 9.691250e-17
7535.0 1.184984e-16
7536.0 1.320030e-16
7537.0 6.649438e-17
7538.0 -8.618817e-17
7539.0 -2.964251e-16
7540.0 -2.997529e-16
7541.0 8.038838e-17
7542.0 3.668968e-16
7543.0 1.309696e-16
7544.0 -2.025158e-16
7545.0 -1.588557e-16
7546.0 6.995203e-17
7547.0 1.723891e-16
7548.0 1.308082e-16
7549.0 3.775657e-17
7550.0 -5.059379e-18
7551.0 5.387878e-17
7552.0 9.856651e-17
7553.0 1.976120e-17
7554.0 -6.697596e-17
7555.0 -3.478744e-17
7556.0 4.144624e-17
7557.0 6.946832e-17
7558.0 9.463603e-17
7559.0 1.822676e-16
7560.0 3.174959e-16
