3645.38183594	1.4723e-16
3650.90028095	1.6581e-16
3656.41872597	1.59459e-16
3661.93717098	1.4459e-16
3667.455616	1.32892e-16
3672.97406101	1.5143e-16
3678.49250603	1.58281e-16
3684.01095104	1.71223e-16
3689.52939606	1.55485e-16
3695.04784107	1.71179e-16
3700.56628609	1.74283e-16
3706.0847311	1.70173e-16
3711.60317612	1.65039e-16
3717.12162113	1.46748e-16
3722.64006615	1.43107e-16
3728.15851116	1.69771e-16
3733.67695618	1.60286e-16
3739.19540119	1.4026e-16
3744.71384621	1.47266e-16
3750.23229122	1.57943e-16
3755.75073624	1.43713e-16
3761.26918125	1.5003e-16
3766.78762627	1.47155e-16
3772.30607128	1.61475e-16
3777.8245163	1.46183e-16
3783.34296131	1.51276e-16
3788.86140633	1.50534e-16
3794.37985134	1.49534e-16
3799.89829636	1.46206e-16
3805.41674137	1.62757e-16
3810.93518639	1.6258e-16
3816.4536314	1.54728e-16
3821.97207642	1.68962e-16
3827.49052143	1.68541e-16
3833.00896645	1.77251e-16
3838.52741146	1.81446e-16
3844.04585648	1.71545e-16
3849.56430149	1.73404e-16
3855.08274651	1.65519e-16
3860.60119152	1.76421e-16
3866.11963654	1.68316e-16
3871.63808155	1.60511e-16
3877.15652657	1.57941e-16
3882.67497158	1.74081e-16
3888.1934166	1.67479e-16
3893.71186161	1.60114e-16
3899.23030663	1.5425e-16
3904.74875164	1.62274e-16
3910.26719666	1.58235e-16
3915.78564167	1.56825e-16
3921.30408669	1.51811e-16
3926.8225317	1.51944e-16
3932.34097672	 1.486e-16
3937.85942173	1.58919e-16
3943.37786674	1.65746e-16
3948.89631176	1.66164e-16
3954.41475677	1.71901e-16
3959.93320179	1.8053e-16
3965.4516468	1.74232e-16
3970.97009182	1.82136e-16
3976.48853683	1.78145e-16
3982.00698185	1.77472e-16
3987.52542686	1.62282e-16
3993.04387188	1.68123e-16
3998.56231689	1.81063e-16
4004.08076191	1.76174e-16
4009.59920692	1.59739e-16
4015.11765194	1.5247e-16
4020.63609695	1.56552e-16
4026.15454197	1.59246e-16
4031.67298698	1.51428e-16
4037.191432	1.66821e-16
4042.70987701	1.6551e-16
4048.22832203	1.80493e-16
4053.74676704	1.75324e-16
4059.26521206	1.72884e-16
4064.78365707	1.73922e-16
4070.30210209	1.67104e-16
4075.8205471	1.6793e-16
4081.33899212	1.60277e-16
4086.85743713	1.72191e-16
4092.37588215	1.83771e-16
4097.89432716	1.77196e-16
4103.41277218	1.72332e-16
4108.93121719	1.72477e-16
4114.44966221	1.62821e-16
4119.96810722	1.52807e-16
4125.48655224	1.48254e-16
4131.00499725	1.31812e-16
4136.52344227	1.56108e-16
4142.04188728	1.61477e-16
4147.5603323	1.61614e-16
4153.07877731	1.52223e-16
4158.59722233	1.57599e-16
4164.11566734	1.54366e-16
4169.63411236	1.5354e-16
4175.15255737	1.65271e-16
4180.67100239	1.9967e-16
4186.1894474	2.05555e-16
4191.70789242	2.14135e-16
4197.22633743	2.21203e-16
4202.74478245	2.27696e-16
4208.26322746	2.27183e-16
4213.78167248	2.23885e-16
4219.30011749	2.37427e-16
4224.81856251	2.3949e-16
4230.33700752	2.19006e-16
4235.85545254	2.31111e-16
4241.37389755	2.25113e-16
4246.89234257	2.26186e-16
4252.41078758	2.22904e-16
4257.9292326	2.1781e-16
4263.44767761	2.12187e-16
4268.96612263	2.13635e-16
4274.48456764	2.06306e-16
4280.00301266	2.13121e-16
4285.52145767	2.20332e-16
4291.03990269	2.18164e-16
4296.5583477	2.13497e-16
4302.07679272	2.06861e-16
4307.59523773	2.01752e-16
4313.11368275	2.09006e-16
4318.63212776	2.13585e-16
4324.15057278	2.16224e-16
4329.66901779	2.14484e-16
4335.18746281	2.19802e-16
4340.70590782	2.11501e-16
4346.22435284	2.13505e-16
4351.74279785	2.21445e-16
4357.26124287	2.18755e-16
4362.77968788	2.18686e-16
4368.2981329	2.15963e-16
4373.81657791	2.27732e-16
4379.33502293	2.15176e-16
4384.85346794	2.16313e-16
4390.37191296	2.16104e-16
4395.89035797	2.20638e-16
4401.40880299	2.19218e-16
4406.927248	2.22487e-16
4412.44569302	2.15974e-16
4417.96413803	2.11721e-16
4423.48258305	2.1818e-16
4429.00102806	2.16683e-16
4434.51947308	2.18988e-16
4440.03791809	2.13729e-16
4445.55636311	2.15865e-16
4451.07480812	2.2307e-16
4456.59325314	2.24836e-16
4462.11169815	2.25764e-16
4467.63014317	2.17894e-16
4473.14858818	2.23415e-16
4478.6670332	2.24845e-16
4484.18547821	2.17009e-16
4489.70392323	2.17286e-16
4495.22236824	2.12118e-16
4500.74081326	2.16281e-16
4506.25925827	2.04582e-16
4511.77770329	1.91445e-16
4517.2961483	2.16383e-16
4522.81459332	2.02324e-16
4528.33303833	2.05719e-16
4533.85148335	2.14129e-16
4539.36992836	2.21874e-16
4544.88837337	2.25696e-16
4550.40681839	2.18588e-16
4555.9252634	2.27383e-16
4561.44370842	2.20237e-16
4566.96215343	2.30248e-16
4572.48059845	2.35422e-16
4577.99904346	2.41723e-16
4583.51748848	2.49566e-16
4589.03593349	2.32186e-16
4594.55437851	2.32659e-16
4600.07282352	2.3339e-16
4605.59126854	2.26134e-16
4611.10971355	2.26353e-16
4616.62815857	2.26576e-16
4622.14660358	2.37582e-16
4627.6650486	2.33562e-16
4633.18349361	2.38236e-16
4638.70193863	2.47837e-16
4644.22038364	2.49637e-16
4649.73882866	2.47527e-16
4655.25727367	2.43929e-16
4660.77571869	2.45711e-16
4666.2941637	2.46868e-16
4671.81260872	2.43938e-16
4677.33105373	2.45795e-16
4682.84949875	2.4683e-16
4688.36794376	 2.508e-16
4693.88638878	2.56083e-16
4699.40483379	2.58535e-16
4704.92327881	2.61153e-16
4710.44172382	2.57539e-16
4715.96016884	2.70424e-16
4721.47861385	 2.671e-16
4726.99705887	2.65423e-16
4732.51550388	2.7224e-16
4738.0339489	2.70603e-16
4743.55239391	2.65607e-16
4749.07083893	2.59185e-16
4754.58928394	2.55963e-16
4760.10772896	2.57133e-16
4765.62617397	2.58252e-16
4771.14461899	2.68548e-16
4776.663064	2.67399e-16
4782.18150902	2.64399e-16
4787.69995403	2.71191e-16
4793.21839905	2.69908e-16
4798.73684406	2.70199e-16
4804.25528908	2.65353e-16
4809.77373409	2.72538e-16
4815.29217911	2.63349e-16
4820.81062412	2.82553e-16
4826.32906914	2.7918e-16
4831.84751415	2.75482e-16
4837.36595917	2.81809e-16
4842.88440418	2.88832e-16
4848.4028492	2.86531e-16
4853.92129421	2.76525e-16
4859.43973923	2.7247e-16
4864.95818424	2.7057e-16
4870.47662926	2.72699e-16
4875.99507427	2.78051e-16
4881.51351929	2.71232e-16
4887.0319643	2.73277e-16
4892.55040932	2.67314e-16
4898.06885433	2.58122e-16
4903.58729935	2.70979e-16
4909.10574436	2.66297e-16
4914.62418938	2.69233e-16
4920.14263439	2.64686e-16
4925.66107941	2.60697e-16
4931.17952442	2.71812e-16
4936.69796944	2.74894e-16
4942.21641445	2.68409e-16
4947.73485947	2.72731e-16
4953.25330448	2.64456e-16
4958.7717495	2.7243e-16
4964.29019451	2.74226e-16
4969.80863953	2.77902e-16
4975.32708454	2.65284e-16
4980.84552956	2.73216e-16
4986.36397457	2.70029e-16
4991.88241959	2.74525e-16
4997.4008646	2.73924e-16
5002.91930962	2.56001e-16
5008.43775463	2.68926e-16
5013.95619965	2.65963e-16
5019.47464466	2.7237e-16
5024.99308968	2.75327e-16
5030.51153469	2.75122e-16
5036.02997971	2.70803e-16
5041.54842472	2.71827e-16
5047.06686974	2.71597e-16
5052.58531475	2.6562e-16
5058.10375977	2.6151e-16
5063.62220478	2.6562e-16
5069.1406498	2.58469e-16
5074.65909481	2.65273e-16
5080.17753983	2.55744e-16
5085.69598484	2.5734e-16
5091.21442986	2.47693e-16
5096.73287487	2.38358e-16
5102.25131989	2.3132e-16
5107.7697649	2.28998e-16
5113.28820992	2.38289e-16
5118.80665493	2.40834e-16
5124.32509995	2.53771e-16
5129.84354496	2.54529e-16
5135.36198997	2.54745e-16
5140.88043499	2.53113e-16
5146.39888	2.54896e-16
5151.91732502	2.62281e-16
5157.43577003	2.54004e-16
5162.95421505	2.56912e-16
5168.47266006	2.54146e-16
5173.99110508	2.61392e-16
5179.50955009	2.61691e-16
5185.02799511	2.6025e-16
5190.54644012	2.66538e-16
5196.06488514	2.66181e-16
5201.58333015	2.62291e-16
5207.10177517	2.63335e-16
5212.62022018	2.61586e-16
5218.1386652	2.56941e-16
5223.65711021	2.57419e-16
5229.17555523	2.51409e-16
5234.69400024	2.51611e-16
5240.21244526	2.53556e-16
5245.73089027	2.53561e-16
5251.24933529	2.48122e-16
5256.7677803	2.45778e-16
5262.28622532	2.50749e-16
5267.80467033	2.3674e-16
5273.32311535	2.36307e-16
5278.84156036	2.47932e-16
5284.36000538	2.49656e-16
5289.87845039	2.48133e-16
5295.39689541	2.45164e-16
5300.91534042	2.50827e-16
5306.43378544	2.53419e-16
5311.95223045	2.50454e-16
5317.47067547	2.50741e-16
5322.98912048	2.46513e-16
5328.5075655	2.45419e-16
5334.02601051	2.4801e-16
5339.54445553	2.41527e-16
5345.06290054	2.46281e-16
5350.58134556	2.35997e-16
5356.09979057	2.40365e-16
5361.61823559	2.46229e-16
5367.1366806	2.38583e-16
5372.65512562	2.40407e-16
5378.17357063	2.35727e-16
5383.69201565	2.34974e-16
5389.21046066	2.38425e-16
5394.72890568	2.32762e-16
5400.24735069	2.31133e-16
5405.76579571	2.30098e-16
5411.28424072	2.21594e-16
5416.80268574	2.17972e-16
5422.32113075	2.15384e-16
5427.83957577	2.12213e-16
5433.35802078	2.16025e-16
5438.8764658	2.2316e-16
5444.39491081	2.27988e-16
5449.91335583	2.23603e-16
5455.43180084	2.35209e-16
5460.95024586	2.3493e-16
5466.46869087	2.3076e-16
5471.98713589	2.28952e-16
5477.5055809	2.30913e-16
5483.02402592	2.37296e-16
5488.54247093	2.32061e-16
5494.06091595	2.34738e-16
5499.57936096	2.37525e-16
5505.09780598	2.47082e-16
5510.61625099	2.32672e-16
5516.13469601	2.29051e-16
5521.65314102	2.38313e-16
5527.17158604	2.3245e-16
5532.69003105	2.26155e-16
5538.20847607	2.36233e-16
5543.72692108	2.3271e-16
5549.2453661	2.56962e-16
5554.76381111	2.50928e-16
5560.28225613	2.5507e-16
5565.80070114	2.4829e-16
5571.31914616	2.5566e-16
5576.83759117	2.52964e-16
5582.35603619	2.4798e-16
5587.8744812	2.2702e-16
5593.39292622	2.45255e-16
5598.91137123	2.48388e-16
5604.42981625	2.45163e-16
5609.94826126	2.53236e-16
5615.46670628	2.45258e-16
5620.98515129	2.41535e-16
5626.50359631	2.43797e-16
5632.02204132	2.40303e-16
5637.54048634	2.4293e-16
5643.05893135	2.43642e-16
5648.57737637	2.42502e-16
5654.09582138	2.38797e-16
5659.6142664	2.34801e-16
5665.13271141	2.31978e-16
5670.65115643	2.39533e-16
5676.16960144	2.37616e-16
5681.68804646	2.39412e-16
5687.20649147	2.48816e-16
5692.72493649	2.42916e-16
5698.2433815	2.49159e-16
5703.76182652	2.45315e-16
5709.28027153	2.45913e-16
5714.79871655	2.39144e-16
5720.31716156	2.3584e-16
5725.83560658	2.37751e-16
5731.35405159	2.35019e-16
5736.8724966	2.29874e-16
5742.39094162	2.38569e-16
5747.90938663	2.43713e-16
5753.42783165	2.36149e-16
5758.94627666	2.38604e-16
5764.46472168	2.45218e-16
5769.98316669	2.36668e-16
5775.50161171	2.35374e-16
5781.02005672	2.37412e-16
5786.53850174	2.42684e-16
5792.05694675	2.4198e-16
5797.57539177	2.41848e-16
5803.09383678	2.39999e-16
5808.6122818	2.37935e-16
5814.13072681	2.49168e-16
5819.64917183	2.44167e-16
5825.16761684	2.48991e-16
5830.68606186	2.47364e-16
5836.20450687	2.47136e-16
5841.72295189	2.3906e-16
5847.2413969	2.35336e-16
5852.75984192	2.37437e-16
5858.27828693	2.29607e-16
5863.79673195	2.31513e-16
5869.31517696	2.29974e-16
5874.83362198	2.41966e-16
5880.35206699	2.33666e-16
5885.87051201	2.29699e-16
5891.38895702	2.32842e-16
5896.90740204	2.38992e-16
5902.42584705	2.38708e-16
5907.94429207	2.34766e-16
5913.46273708	2.42192e-16
5918.9811821	2.45053e-16
5924.49962711	2.34036e-16
5930.01807213	2.33279e-16
5935.53651714	2.37686e-16
5941.05496216	2.3778e-16
5946.57340717	2.26896e-16
5952.09185219	2.30676e-16
5957.6102972	2.37598e-16
5963.12874222	2.38577e-16
5968.64718723	2.41555e-16
5974.16563225	2.35405e-16
5979.68407726	2.34623e-16
5985.20252228	2.42458e-16
5990.72096729	2.39635e-16
5996.23941231	2.36406e-16
6001.75785732	2.51722e-16
6007.27630234	2.4565e-16
6012.79474735	2.4396e-16
6018.31319237	2.46234e-16
6023.83163738	2.41752e-16
6029.3500824	2.50616e-16
6034.86852741	2.50592e-16
6040.38697243	2.36725e-16
6045.90541744	2.41637e-16
6051.42386246	2.47113e-16
6056.94230747	2.45778e-16
6062.46075249	2.39744e-16
6067.9791975	2.4962e-16
6073.49764252	2.51034e-16
6079.01608753	2.43016e-16
6084.53453255	2.38179e-16
6090.05297756	2.46442e-16
6095.57142258	2.49324e-16
6101.08986759	2.5281e-16
6106.60831261	2.46236e-16
6112.12675762	2.5082e-16
6117.64520264	2.44489e-16
6123.16364765	2.45142e-16
6128.68209267	2.42442e-16
6134.20053768	2.4814e-16
6139.7189827	2.30453e-16
6145.23742771	2.36419e-16
6150.75587273	2.40818e-16
6156.27431774	2.35061e-16
6161.79276276	2.39146e-16
6167.31120777	2.31833e-16
6172.82965279	2.25151e-16
6178.3480978	2.2684e-16
6183.86654282	2.22023e-16
6189.38498783	2.24461e-16
6194.90343285	2.29846e-16
6200.42187786	2.37003e-16
6205.94032288	2.39635e-16
6211.45876789	2.39664e-16
6216.97721291	2.37461e-16
6222.49565792	2.36562e-16
6228.01410294	2.36255e-16
6233.53254795	2.33567e-16
6239.05099297	2.34068e-16
6244.56943798	2.41576e-16
6250.087883	2.35452e-16
6255.60632801	2.29227e-16
6261.12477303	2.3016e-16
6266.64321804	2.28116e-16
6272.16166306	2.28638e-16
6277.68010807	2.33604e-16
6283.19855309	2.27397e-16
6288.7169981	2.30524e-16
6294.23544312	2.34192e-16
6299.75388813	2.3635e-16
6305.27233315	2.45051e-16
6310.79077816	2.32045e-16
6316.30922318	2.34979e-16
6321.82766819	2.34245e-16
6327.3461132	2.40954e-16
6332.86455822	2.44975e-16
6338.38300323	2.37516e-16
6343.90144825	2.40089e-16
6349.41989326	2.40485e-16
6354.93833828	2.4816e-16
6360.45678329	2.4156e-16
6365.97522831	2.44771e-16
6371.49367332	2.38229e-16
6377.01211834	2.32775e-16
6382.53056335	2.39972e-16
6388.04900837	2.40267e-16
6393.56745338	2.26101e-16
6399.0858984	2.30578e-16
6404.60434341	2.33419e-16
6410.12278843	2.34102e-16
6415.64123344	2.29445e-16
6421.15967846	2.30386e-16
6426.67812347	2.31195e-16
6432.19656849	2.37435e-16
6437.7150135	2.34788e-16
6443.23345852	2.17335e-16
6448.75190353	2.23966e-16
6454.27034855	2.22229e-16
6459.78879356	2.14353e-16
6465.30723858	2.17666e-16
6470.82568359	2.21628e-16
6476.34412861	2.25354e-16
6481.86257362	2.30689e-16
6487.38101864	2.27556e-16
6492.89946365	2.27559e-16
6498.41790867	2.21192e-16
6503.93635368	2.16438e-16
6509.4547987	2.22782e-16
6514.97324371	2.22272e-16
6520.49168873	2.12265e-16
6526.01013374	2.19572e-16
6531.52857876	2.14953e-16
6537.04702377	2.23163e-16
6542.56546879	2.13192e-16
6548.0839138	2.12999e-16
6553.60235882	2.21902e-16
6559.12080383	2.15387e-16
6564.63924885	2.09911e-16
6570.15769386	2.15684e-16
6575.67613888	2.18589e-16
6581.19458389	2.13606e-16
6586.71302891	2.24837e-16
6592.23147392	2.27107e-16
6597.74991894	2.23479e-16
6603.26836395	2.15673e-16
6608.78680897	2.20042e-16
6614.30525398	2.21434e-16
6619.823699	2.23326e-16
6625.34214401	2.19407e-16
6630.86058903	2.14981e-16
6636.37903404	2.22871e-16
6641.89747906	2.24387e-16
6647.41592407	2.26394e-16
6652.93436909	2.19571e-16
6658.4528141	2.22619e-16
6663.97125912	2.27583e-16
6669.48970413	2.20779e-16
6675.00814915	2.26231e-16
6680.52659416	2.36624e-16
6686.04503918	2.29522e-16
6691.56348419	2.24638e-16
6697.08192921	2.30122e-16
6702.60037422	2.31016e-16
6708.11881924	2.26381e-16
6713.63726425	2.2514e-16
6719.15570927	2.27273e-16
6724.67415428	2.23709e-16
6730.1925993	2.23302e-16
6735.71104431	2.28141e-16
6741.22948933	2.2651e-16
6746.74793434	2.30549e-16
6752.26637936	2.23794e-16
6757.78482437	2.32804e-16
6763.30326939	2.23201e-16
6768.8217144	2.27731e-16
6774.34015942	2.35189e-16
6779.85860443	2.32641e-16
6785.37704945	2.30906e-16
6790.89549446	2.29304e-16
6796.41393948	2.28714e-16
6801.93238449	2.30344e-16
6807.45082951	2.23666e-16
6812.96927452	2.25537e-16
6818.48771954	2.28414e-16
6824.00616455	2.25476e-16
6829.52460957	2.28602e-16
6835.04305458	2.29403e-16
6840.5614996	2.32452e-16
6846.07994461	2.28367e-16
6851.59838963	2.18655e-16
6857.11683464	2.12731e-16
6862.63527966	2.02208e-16
6868.15372467	1.96586e-16
6873.67216969	1.8734e-16
6879.1906147	1.77085e-16
6884.70905972	1.72284e-16
6890.22750473	1.88755e-16
6895.74594975	1.99345e-16
6901.26439476	2.0689e-16
6906.78283978	2.15089e-16
6912.30128479	2.20419e-16
6917.8197298	2.15566e-16
6923.33817482	2.17501e-16
6928.85661983	2.1996e-16
6934.37506485	2.21481e-16
6939.89350986	2.18386e-16
6945.41195488	2.20946e-16
6950.93039989	2.2454e-16
6956.44884491	2.25701e-16
6961.96728992	2.21824e-16
6967.48573494	2.29282e-16
6973.00417995	2.31347e-16
6978.52262497	2.1451e-16
6984.04106998	2.23203e-16
6989.559515	2.31177e-16
6995.07796001	2.26966e-16
7000.59640503	2.27088e-16
7006.11485004	2.21802e-16
7011.63329506	2.19845e-16
7017.15174007	2.20029e-16
7022.67018509	2.21025e-16
7028.1886301	2.18701e-16
7033.70707512	2.16389e-16
7039.22552013	2.18923e-16
7044.74396515	2.20372e-16
7050.26241016	2.21423e-16
7055.78085518	2.12655e-16
7061.29930019	2.15414e-16
7066.81774521	2.30117e-16
7072.33619022	2.16755e-16
7077.85463524	2.18012e-16
7083.37308025	2.26541e-16
7088.89152527	2.26025e-16
7094.40997028	2.2451e-16
7099.9284153	2.22871e-16
7105.44686031	2.24028e-16
7110.96530533	2.20527e-16
7116.48375034	2.2476e-16
7122.00219536	 2.215e-16
7127.52064037	2.19705e-16
7133.03908539	2.22012e-16
7138.5575304	2.21547e-16
7144.07597542	2.15162e-16
7149.59442043	2.13113e-16
7155.11286545	2.19808e-16
7160.63131046	2.18921e-16
7166.14975548	2.13688e-16
7171.66820049	2.14363e-16
7177.18664551	2.09553e-16
7182.70509052	2.03645e-16
7188.22353554	2.00194e-16
7193.74198055	1.95069e-16
7199.26042557	2.04869e-16
7204.77887058	2.04432e-16
7210.2973156	2.11915e-16
7215.81576061	2.15215e-16
7221.33420563	2.12332e-16
7226.85265064	2.16685e-16
7232.37109566	2.10217e-16
7237.88954067	2.21841e-16
7243.40798569	2.13747e-16
7248.9264307	2.09687e-16
7254.44487572	2.11261e-16
7259.96332073	2.11893e-16
7265.48176575	2.1576e-16
7271.00021076	2.08468e-16
7276.51865578	2.15887e-16
7282.03710079	2.1401e-16
7287.55554581	2.06958e-16
7293.07399082	2.09969e-16
7298.59243584	2.10797e-16
7304.11088085	2.03722e-16
7309.62932587	2.12611e-16
7315.14777088	2.18753e-16
7320.6662159	2.09007e-16
7326.18466091	1.99293e-16
7331.70310593	2.18299e-16
7337.22155094	2.23397e-16
7342.73999596	2.0876e-16
7348.25844097	2.12967e-16
7353.77688599	2.1309e-16
7359.295331	2.10598e-16
7364.81377602	 2.178e-16
7370.33222103	2.10302e-16
7375.85066605	2.22071e-16
7381.36911106	2.22752e-16
7386.88755608	2.07017e-16
7392.40600109	2.18837e-16
7397.92444611	2.14038e-16
7403.44289112	2.1091e-16
7408.96133614	2.13411e-16
7414.47978115	2.02338e-16
7419.99822617	  2.13e-16
7425.51667118	2.03477e-16
7431.0351162	2.04137e-16
7436.55356121	2.07489e-16
7442.07200623	1.95939e-16
7447.59045124	1.97781e-16
7453.10889626	2.06569e-16
7458.62734127	1.96793e-16
7464.14578629	1.83886e-16
7469.6642313	1.97754e-16
7475.18267632	1.97895e-16
7480.70112133	1.97367e-16
7486.21956635	2.06794e-16
7491.73801136	1.87235e-16
7497.25645638	1.96521e-16
7502.77490139	2.01481e-16
7508.29334641	1.99197e-16
7513.81179142	2.03125e-16
7519.33023643	1.96482e-16
7524.84868145	2.00468e-16
7530.36712646	2.10553e-16
7535.88557148	2.17494e-16
7541.40401649	2.00216e-16
7546.92246151	1.98908e-16
7552.44090652	2.03812e-16
7557.95935154	2.01587e-16
7563.47779655	1.95984e-16
7568.99624157	2.04717e-16
7574.51468658	2.00437e-16
7580.0331316	1.88973e-16
7585.55157661	1.81095e-16
7591.07002163	1.66091e-16
7596.58846664	1.52657e-16
7602.10691166	1.34118e-16
7607.62535667	9.95354e-17
7613.14380169	8.83255e-17
7618.6622467	9.6891e-17
7624.18069172	1.07325e-16
7629.69913673	1.25949e-16
7635.21758175	1.22309e-16
7640.73602676	1.19724e-16
7646.25447178	1.27945e-16
7651.77291679	1.44253e-16
7657.29136181	1.61923e-16
7662.80980682	1.69543e-16
7668.32825184	1.71568e-16
7673.84669685	1.87063e-16
7679.36514187	1.75226e-16
7684.88358688	1.94556e-16
7690.4020319	2.00356e-16
7695.92047691	2.01979e-16
7701.43892193	2.14751e-16
7706.95736694	2.15789e-16
7712.47581196	2.10595e-16
7717.99425697	2.04851e-16
7723.51270199	1.97488e-16
7729.031147	2.10231e-16
7734.54959202	2.20333e-16
7740.06803703	2.14178e-16
7745.58648205	2.14923e-16
7751.10492706	2.07997e-16
7756.62337208	2.16801e-16
7762.14181709	2.15982e-16
7767.66026211	2.16001e-16
7773.17870712	2.11407e-16
7778.69715214	2.00021e-16
7784.21559715	2.07793e-16
7789.73404217	2.13827e-16
7795.25248718	2.21495e-16
7800.7709322	2.18785e-16
7806.28937721	2.06635e-16
7811.80782223	2.0856e-16
7817.32626724	2.06065e-16
7822.84471226	1.99487e-16
7828.36315727	1.98591e-16
7833.88160229	2.15214e-16
7839.4000473	2.11097e-16
7844.91849232	2.22256e-16
7850.43693733	2.09128e-16
7855.95538235	1.98687e-16
7861.47382736	2.03456e-16
7866.99227238	2.09746e-16
7872.51071739	2.1028e-16
7878.02916241	 2.085e-16
7883.54760742	2.09155e-16
7889.06605244	2.16133e-16
7894.58449745	2.12369e-16
7900.10294247	2.02149e-16
7905.62138748	2.10078e-16
7911.1398325	1.84122e-16
7916.65827751	2.1578e-16
7922.17672253	2.00289e-16
7927.69516754	 2.014e-16
7933.21361256	2.10036e-16
7938.73205757	2.01566e-16
7944.25050259	2.23171e-16
7949.7689476	2.18041e-16
7955.28739262	2.0672e-16
7960.80583763	2.21026e-16
7966.32428265	2.08063e-16
7971.84272766	1.97839e-16
7977.36117268	1.99232e-16
7982.87961769	1.88972e-16
7988.39806271	1.98682e-16
7993.91650772	1.9781e-16
7999.43495274	2.05621e-16
8004.95339775	1.97247e-16
8010.47184277	2.0023e-16
8015.99028778	2.02045e-16
8021.5087328	1.96017e-16
8027.02717781	1.84314e-16
8032.54562283	1.73114e-16
8038.06406784	1.78777e-16
8043.58251286	1.89382e-16
8049.10095787	1.93085e-16
8054.61940289	1.9752e-16
8060.1378479	1.8636e-16
8065.65629292	1.93284e-16
8071.17473793	1.94831e-16
8076.69318295	2.00154e-16
8082.21162796	1.92076e-16
8087.73007298	1.86633e-16
8093.24851799	1.87191e-16
8098.76696301	1.92202e-16
8104.28540802	1.91774e-16
8109.80385303	1.81254e-16
8115.32229805	2.00567e-16
8120.84074306	1.97948e-16
8126.35918808	1.93602e-16
8131.87763309	1.85962e-16
8137.39607811	1.85753e-16
8142.91452312	1.84399e-16
8148.43296814	1.83109e-16
8153.95141315	1.89147e-16
8159.46985817	1.88731e-16
8164.98830318	1.81301e-16
8170.5067482	1.75926e-16
8176.02519321	1.79564e-16
8181.54363823	1.78806e-16
8187.06208324	1.82326e-16
8192.58052826	1.93919e-16
8198.09897327	1.87822e-16
8203.61741829	1.95715e-16
8209.1358633	1.91501e-16
8214.65430832	1.69705e-16
8220.17275333	1.93367e-16
8225.69119835	1.79716e-16
8231.20964336	1.83648e-16
8236.72808838	1.84321e-16
8242.24653339	1.68712e-16
8247.76497841	1.76718e-16
8253.28342342	1.85187e-16
8258.80186844	1.8632e-16
8264.32031345	1.89773e-16
8269.83875847	1.85998e-16
8275.35720348	1.80001e-16
8280.8756485	1.63897e-16
8286.39409351	1.8567e-16
8291.91253853	1.80741e-16
8297.43098354	1.80296e-16
8302.94942856	1.96739e-16
8308.46787357	1.8324e-16
8313.98631859	1.79172e-16
8319.5047636	1.74186e-16
8325.02320862	1.74469e-16
8330.54165363	1.8027e-16
8336.06009865	1.83147e-16
8341.57854366	1.89195e-16
8347.09698868	1.68854e-16
8352.61543369	1.67825e-16
8358.13387871	1.69129e-16
8363.65232372	1.7821e-16
8369.17076874	1.69943e-16
8374.68921375	1.82578e-16
8380.20765877	1.79312e-16
8385.72610378	1.75961e-16
8391.2445488	1.78962e-16
8396.76299381	1.81747e-16
8402.28143883	1.75092e-16
8407.79988384	1.90174e-16
8413.31832886	2.07441e-16
8418.83677387	2.00198e-16
8424.35521889	1.75003e-16
8429.8736639	1.77474e-16
8435.39210892	1.9378e-16
8440.91055393	1.88368e-16
8446.42899895	1.86059e-16
8451.94744396	1.83407e-16
8457.46588898	1.73355e-16
8462.98433399	1.79001e-16
8468.50277901	1.78433e-16
8474.02122402	1.78356e-16
8479.53966904	1.82621e-16
8485.05811405	1.81827e-16
8490.57655907	1.96337e-16
8496.09500408	1.86293e-16
8501.6134491	1.94072e-16
8507.13189411	1.83376e-16
8512.65033913	1.64154e-16
8518.16878414	1.98203e-16
8523.68722916	2.02691e-16
8529.20567417	2.03991e-16
8534.72411919	1.92188e-16
8540.2425642	1.94414e-16
8545.76100922	1.86164e-16
8551.27945423	1.88111e-16
8556.79789925	1.9921e-16
8562.31634426	2.07457e-16
8567.83478928	1.84246e-16
8573.35323429	1.76067e-16
8578.87167931	1.82676e-16
8584.39012432	1.86877e-16
8589.90856934	1.89326e-16
8595.42701435	1.96033e-16
8600.94545937	1.98074e-16
8606.46390438	1.86502e-16
8611.9823494	1.78886e-16
8617.50079441	1.98443e-16
8623.01923943	1.9771e-16
8628.53768444	1.88781e-16
8634.05612946	1.9129e-16
8639.57457447	1.83814e-16
8645.09301949	1.89933e-16
8650.6114645	1.64003e-16
8656.12990952	1.73496e-16
8661.64835453	1.76855e-16
8667.16679955	1.79106e-16
8672.68524456	1.84094e-16
8678.20368958	1.93202e-16
8683.72213459	1.96547e-16
8689.24057961	1.79383e-16
8694.75902462	1.74376e-16
8700.27746964	1.83183e-16
8705.79591465	1.79705e-16
8711.31435966	1.94921e-16
8716.83280468	1.88583e-16
8722.35124969	1.80247e-16
8727.86969471	1.88978e-16
8733.38813972	1.85279e-16
8738.90658474	1.82728e-16
8744.42502975	1.74841e-16
8749.94347477	1.87478e-16
8755.46191978	1.95374e-16
8760.9803648	1.86323e-16
8766.49880981	1.66142e-16
8772.01725483	1.44262e-16
8777.53569984	1.54299e-16
8783.05414486	1.7618e-16
8788.57258987	1.82356e-16
8794.09103489	1.74789e-16
8799.6094799	1.80532e-16
8805.12792492	1.75409e-16
8810.64636993	1.73596e-16
8816.16481495	2.09126e-16
8821.68325996	2.2162e-16
8827.20170498	2.18433e-16
8832.72014999	2.24109e-16
8838.23859501	2.04021e-16
8843.75704002	1.72063e-16
8849.27548504	1.76819e-16
8854.79393005	1.84947e-16
8860.31237507	1.90441e-16
8865.83082008	1.67555e-16
8871.3492651	1.56834e-16
8876.86771011	1.45182e-16
8882.38615513	1.19911e-16
8887.90460014	1.60561e-16
8893.42304516	1.52661e-16
8898.94149017	1.61273e-16
8904.45993519	1.44353e-16
8909.9783802	1.61597e-16
8915.49682522	1.67921e-16
8921.01527023	1.55246e-16
8926.53371525	1.55156e-16
8932.05216026	1.77584e-16
8937.57060528	1.8579e-16
8943.08905029	1.51036e-16
8948.60749531	1.52527e-16
8954.12594032	1.55377e-16
8959.64438534	1.48876e-16
8965.16283035	1.57565e-16
8970.68127537	1.7313e-16
8976.19972038	1.80009e-16
8981.7181654	1.42654e-16
8987.23661041	1.5523e-16
8992.75505543	1.55903e-16
8998.27350044	1.74651e-16
9003.79194546	1.62495e-16
9009.31039047	1.76615e-16
9014.82883549	1.55392e-16
9020.3472805	1.35394e-16
9025.86572552	1.4544e-16
9031.38417053	1.64507e-16
9036.90261555	1.7374e-16
9042.42106056	1.68614e-16
9047.93950558	1.70275e-16
9053.45795059	1.66461e-16
9058.97639561	1.72187e-16
9064.49484062	1.58276e-16
9070.01328564	1.61304e-16
9075.53173065	1.59552e-16
9081.05017567	1.46942e-16
9086.56862068	1.38985e-16
9092.0870657	1.52654e-16
9097.60551071	1.64776e-16
9103.12395573	1.6633e-16
9108.64240074	1.54504e-16
9114.16084576	1.51329e-16
9119.67929077	1.56575e-16
9125.19773579	1.79436e-16
9130.7161808	1.68457e-16
9136.23462582	1.60379e-16
9141.75307083	1.45708e-16
9147.27151585	1.41408e-16
9152.78996086	1.78467e-16
9158.30840588	1.80132e-16
9163.82685089	1.45839e-16
9169.34529591	1.42596e-16
9174.86374092	1.52335e-16
9180.38218594	1.53196e-16
9185.90063095	1.57746e-16
9191.41907597	1.68806e-16
9196.93752098	1.73915e-16
9202.455966	1.6409e-16
9207.97441101	1.60043e-16
9213.49285603	1.72936e-16
9219.01130104	1.76507e-16
9224.52974606	1.70433e-16
9230.04819107	1.74655e-16
9235.56663609	1.66818e-16
9241.0850811	1.76303e-16
