3340.270 2.90588e-16 
3344.350 1.43127e-16 
3348.430 -2.53472e-17 
3352.510 5.26166e-16 
3356.590 4.22667e-16 
3360.660 1.75149e-16 
3364.740 8.56254e-17 
3368.820 5.86089e-16 
3372.900 9.58539e-16 
3376.980 5.26978e-16 
3381.060 3.84036e-17 
3385.140 -6.71830e-17 
3389.220 1.90218e-16 
3393.300 1.28607e-16 
3397.380 -5.00161e-17 
3401.460 1.35348e-16 
3405.530 1.03695e-16 
3409.610 8.00355e-17 
3413.690 2.23637e-17 
3417.770 7.36800e-17 
3421.850 7.09844e-17 
3425.930 9.02766e-17 
3430.010 -4.74428e-17 
3434.090 -1.25174e-16 
3438.170 1.10826e-17 
3442.250 -1.93672e-16 
3446.330 6.56112e-18 
3450.400 -1.52223e-16 
3454.480 -2.41012e-16 
3458.560 -1.23814e-16 
3462.640 -6.66271e-17 
3466.720 -1.51452e-16 
3470.800 -5.62875e-17 
3474.880 7.48649e-17 
3478.960 6.30062e-17 
3483.040 -1.04864e-16 
3487.120 -1.02745e-16 
3491.200 -7.26381e-17 
3495.270 -4.15470e-17 
3499.350 -7.54621e-17 
3503.430 -1.46388e-16 
3507.510 2.36745e-17 
3511.590 -5.52738e-17 
3515.670 -1.24233e-16 
3519.750 -1.20203e-16 
3523.830 -5.11846e-17 
3527.910 -5.31768e-17 
3531.990 -2.71797e-17 
3536.070 -7.51934e-17 
3540.140 -4.32227e-17 
3544.220 -8.42580e-17 
3548.300 -6.33037e-17 
3552.380 -7.03603e-17 
3556.460 -7.74274e-17 
3560.540 -1.16505e-16 
3564.620 -1.02593e-16 
3568.700 -7.06919e-17 
3572.780 -9.38010e-17 
3576.860 -8.39204e-17 
3580.940 -1.01050e-16 
3585.010 -6.51951e-17 
3589.090 -1.53455e-17 
3593.170 -5.55062e-17 
3597.250 -1.26771e-17 
3601.330 -8.78581e-17 
3605.410 -9.60493e-17 
3609.490 -5.42505e-17 
3613.570 -7.74617e-17 
3617.650 -7.46831e-17 
3621.730 -6.09143e-17 
3625.800 -3.61598e-17 
3629.880 -4.10864e-19 
3633.960 -2.86717e-17 
3638.040 -7.39424e-17 
3642.120 1.27772e-17 
3646.200 -5.75131e-17 
3650.280 -5.28129e-17 
3654.360 -5.11224e-17 
3658.440 -4.54417e-17 
3662.520 1.02296e-17 
3666.600 -4.41085e-17 
3670.670 -1.14605e-17 
3674.750 -4.28176e-17 
3678.830 -1.51842e-17 
3682.910 -4.75603e-17 
3686.990 -8.94570e-18 
3691.070 -8.03403e-17 
3695.150 -2.57443e-17 
3699.230 -1.12157e-16 
3703.310 -6.65799e-17 
3707.390 2.69885e-17 
3711.470 -5.54520e-17 
3715.540 -1.02906e-16 
3719.620 -4.43643e-17 
3723.700 -5.88322e-17 
3727.780 -1.63089e-17 
3731.860 -6.67946e-17 
3735.940 -4.52892e-17 
3740.020 -5.57926e-17 
3744.100 -7.73049e-17 
3748.180 -6.58260e-17 
3752.260 -1.73558e-17 
3756.340 -2.68943e-17 
3760.410 -9.34451e-17 
3764.490 1.99913e-18 
3768.570 -7.56530e-18 
3772.650 -2.31383e-17 
3776.730 -2.77198e-17 
3780.810 -3.93099e-17 
3784.890 -5.99084e-17 
3788.970 -7.65153e-17 
3793.050 1.08695e-17 
3797.130 -3.75424e-18 
3801.210 -7.93861e-17 
3805.280 -5.00297e-17 
3809.360 -2.56781e-17 
3813.440 -4.83349e-17 
3817.520 -4.59997e-17 
3821.600 1.13274e-17 
3825.680 -8.13538e-17 
3829.760 -3.10429e-17 
3833.840 -1.07401e-17 
3837.920 1.15547e-17 
3842.000 1.28416e-17 
3846.080 -8.87945e-18 
3850.150 -1.86116e-17 
3854.230 2.06517e-17 
3858.310 -1.80929e-17 
3862.390 -6.58453e-17 
3866.470 2.39452e-18 
3870.550 -8.37330e-18 
3874.630 -2.11489e-17 
3878.710 -4.19321e-17 
3882.790 -4.72288e-18 
3886.870 5.47876e-18 
3890.950 1.86728e-17 
3895.020 1.88565e-17 
3899.100 1.40356e-17 
3903.180 -2.97928e-17 
3907.260 6.37147e-18 
3911.340 -1.74717e-17 
3915.420 -4.23221e-17 
3919.500 -2.61799e-17 
3923.580 -5.04493e-18 
3927.660 2.20827e-17 
3931.740 -2.57968e-17 
3935.810 -1.76861e-17 
3939.890 2.24201e-17 
3943.970 -4.74808e-17 
3948.050 2.46113e-17 
3952.130 6.96195e-19 
3956.210 1.77418e-18 
3960.290 1.28452e-17 
3964.370 2.19093e-17 
3968.450 3.79664e-17 
3972.530 1.50167e-17 
3976.610 -1.99398e-17 
3980.680 -4.69058e-17 
3984.760 3.81241e-17 
3988.840 -8.52724e-19 
3992.920 -3.83636e-18 
3997.000 2.17342e-18 
4001.080 -4.28235e-17 
4005.160 4.41729e-17 
4009.240 1.41628e-17 
4013.320 9.01462e-17 
4017.400 6.21230e-17 
4021.480 3.90933e-17 
4025.550 -7.94516e-18 
4029.630 4.01226e-18 
4033.710 1.99633e-17 
4037.790 -1.40919e-17 
4041.870 5.58465e-17 
4045.950 6.07785e-17 
4050.030 3.27043e-17 
4054.110 3.76239e-17 
4058.190 4.53728e-18 
4062.270 3.94445e-17 
4066.350 2.13455e-17 
4070.420 3.52383e-17 
4074.500 5.91272e-17 
4078.580 4.60100e-17 
4082.660 2.08868e-17 
4086.740 6.77576e-17 
4090.820 1.46225e-17 
4094.900 4.44814e-17 
4098.980 9.33445e-18 
4103.060 6.18165e-18 
4107.140 4.50230e-17 
4111.220 4.28585e-17 
4115.290 7.96862e-17 
4119.370 4.25103e-17 
4123.450 6.53286e-17 
4127.530 4.81411e-17 
4131.610 6.49481e-17 
4135.690 -8.21505e-17 
4139.770 -2.44455e-16 
4143.850 3.35438e-19 
4147.930 3.31201e-17 
4152.010 3.98992e-17 
4156.090 6.46728e-17 
4160.160 5.04392e-17 
4164.240 3.22020e-17 
4168.320 6.69594e-17 
4172.400 3.57115e-17 
4176.480 4.54582e-17 
4180.560 5.01996e-17 
4184.640 3.09358e-17 
4188.720 6.46667e-17 
4192.800 4.83923e-17 
4196.880 5.41128e-17 
4200.960 9.38281e-17 
4205.030 3.85366e-17 
4209.110 5.02417e-17 
4213.190 5.49418e-17 
4217.270 7.86368e-17 
4221.350 1.15327e-16 
4225.430 3.50118e-17 
4229.510 3.76917e-17 
4233.590 7.83668e-17 
4237.670 7.60371e-17 
4241.750 6.87024e-17 
4245.830 5.43628e-17 
4249.900 3.70168e-17 
4253.980 7.76677e-17 
4258.060 4.73138e-17 
4262.140 4.09552e-17 
4266.220 3.15918e-17 
4270.300 1.62238e-17 
4274.380 2.08511e-17 
4278.460 4.04737e-17 
4282.540 6.10918e-17 
4286.620 2.67053e-17 
4290.690 2.03128e-17 
4294.770 1.19172e-17 
4298.850 3.85171e-17 
4302.930 4.31126e-17 
4307.010 5.97036e-17 
4311.090 3.52902e-17 
4315.170 2.28725e-17 
4319.250 5.64503e-17 
4323.330 4.10239e-17 
4327.410 4.25931e-17 
4331.490 6.41581e-17 
4335.560 6.07173e-17 
4339.640 5.12738e-17 
4343.720 8.28261e-17 
4347.800 2.13741e-17 
4351.880 3.79181e-17 
4355.960 1.44578e-17 
4360.040 2.69936e-17 
4364.120 2.45252e-17 
4368.200 1.20528e-17 
4372.280 4.75763e-17 
4376.360 6.00958e-17 
4380.430 2.96102e-17 
4384.510 5.51218e-17 
4388.590 1.01630e-16 
4392.670 7.81333e-17 
4396.750 5.46332e-17 
4400.830 6.41293e-17 
4404.910 8.86216e-17 
4408.990 2.21101e-17 
4413.070 2.19473e-18 
4417.150 3.50757e-17 
4421.230 3.65529e-17 
4425.300 5.30253e-17 
4429.380 4.44951e-17 
4433.460 6.69613e-17 
4437.540 1.94239e-17 
4441.620 2.48829e-17 
4445.700 3.03383e-17 
4449.780 6.47901e-17 
4453.860 2.02384e-17 
4457.940 8.58320e-18 
4462.020 -5.75466e-19 
4466.100 6.15624e-17 
4470.170 -2.90425e-18 
4474.250 3.34268e-17 
4478.330 6.28544e-17 
4482.410 4.92787e-17 
4486.490 3.06996e-17 
4490.570 2.51172e-17 
4494.650 6.05315e-17 
4498.730 8.29426e-17 
4502.810 4.83504e-17 
4506.890 4.07550e-17 
4510.970 4.71563e-17 
4515.040 6.75535e-17 
4519.120 7.39486e-17 
4523.200 3.63405e-17 
4527.280 5.17293e-17 
4531.360 8.01150e-17 
4535.440 5.44976e-17 
4539.520 3.08772e-17 
4543.600 4.82538e-17 
4547.680 2.76274e-17 
4551.760 6.79980e-17 
4555.840 4.83656e-17 
4559.910 4.87294e-17 
4563.990 9.10913e-17 
4568.070 2.34502e-17 
4572.150 9.50623e-18 
4576.230 3.41594e-17 
4580.310 2.75098e-17 
4584.390 4.08574e-17 
4588.470 1.11022e-17 
4592.550 3.75443e-17 
4596.630 8.58836e-17 
4600.710 1.12220e-16 
4604.780 3.45532e-17 
4608.860 4.88845e-17 
4612.940 4.42131e-17 
4617.020 7.25391e-17 
4621.100 8.48624e-17 
4625.180 5.81831e-17 
4629.260 4.55013e-17 
4633.340 4.18169e-17 
4637.420 4.61301e-17 
4641.500 9.54406e-17 
4645.570 3.87480e-17 
4649.650 5.40537e-17 
4653.730 4.13569e-17 
4657.810 2.23577e-17 
4661.890 3.09561e-17 
4665.970 5.52521e-17 
4670.050 7.15457e-17 
4674.130 2.76370e-17 
4678.210 4.91259e-17 
4682.290 5.84126e-17 
4686.370 4.66970e-17 
4690.440 1.68784e-17 
4694.520 7.52583e-17 
4698.600 5.85359e-17 
4702.680 3.58113e-17 
4706.760 5.30846e-17 
4710.840 6.33557e-17 
4714.920 3.66246e-17 
4719.000 8.99141e-18 
4723.080 2.16561e-17 
4727.160 5.24187e-17 
4731.240 3.96792e-17 
4735.310 3.18371e-17 
4739.390 4.11935e-17 
4743.470 5.14480e-17 
4747.550 5.77004e-17 
4751.630 4.19508e-17 
4755.710 2.81993e-17 
4759.790 6.44459e-17 
4763.870 7.96905e-17 
4767.950 7.99333e-17 
4772.030 6.51741e-17 
4776.110 5.24131e-17 
4780.180 6.66496e-17 
4784.260 7.38849e-17 
4788.340 9.01184e-17 
4792.420 6.73501e-17 
4796.500 8.45800e-17 
4800.580 1.04808e-16 
4804.660 9.00345e-17 
4808.740 5.52592e-17 
4812.820 5.64821e-17 
4816.900 9.17034e-17 
4820.980 8.59230e-17 
4825.050 7.31404e-17 
4829.130 7.63567e-17 
4833.210 9.35714e-17 
4837.290 8.57845e-17 
4841.370 7.29960e-17 
4845.450 7.62059e-17 
4849.530 7.84143e-17 
4853.610 7.86211e-17 
4857.690 6.58264e-17 
4861.770 3.54302e-17 
4865.850 5.62325e-17 
4869.920 7.64328e-17 
4874.000 1.06632e-16 
4878.080 8.68302e-17 
4882.160 7.30267e-17 
4886.240 8.42219e-17 
4890.320 7.44155e-17 
4894.400 3.62079e-17 
4898.480 1.91989e-17 
4902.560 4.69886e-17 
4906.640 5.91769e-17 
4910.720 2.89639e-17 
4914.790 6.05492e-17 
4918.870 1.05734e-16 
4922.950 7.89168e-17 
4927.030 7.90987e-17 
4931.110 7.22794e-17 
4935.190 3.96589e-17 
4939.270 5.46371e-17 
4943.350 6.78142e-17 
4947.430 5.79901e-17 
4951.510 5.11649e-17 
4955.590 7.93385e-17 
4959.660 5.65105e-17 
4963.740 5.86819e-17 
4967.820 1.73521e-17 
4971.900 4.60213e-17 
4975.980 4.51895e-17 
4980.060 6.23565e-17 
4984.140 8.65225e-17 
4988.220 6.56875e-17 
4992.300 3.46515e-17 
4996.380 9.10144e-17 
5000.450 1.93760e-17 
5004.530 4.73370e-17 
5008.610 5.24971e-17 
5012.690 8.46562e-17 
5016.770 6.08144e-17 
5020.850 5.29717e-17 
5024.930 5.41281e-17 
5029.010 3.95835e-17 
5033.090 4.60381e-17 
5037.170 7.95919e-17 
5041.250 4.63448e-17 
5045.320 8.79646e-18 
5049.400 3.45477e-17 
5053.480 3.16981e-17 
5057.560 2.53478e-17 
5061.640 5.49664e-18 
5065.720 3.25447e-17 
5069.800 4.66920e-17 
5073.880 4.46386e-17 
5077.960 2.94845e-17 
5082.040 4.56296e-17 
5086.120 5.63740e-17 
5090.190 7.95174e-17 
5094.270 5.86605e-17 
5098.350 4.62028e-17 
5102.430 5.39445e-17 
5106.510 2.24856e-17 
5110.590 2.82261e-17 
5114.670 1.38659e-17 
5118.750 1.16051e-17 
5122.830 2.80437e-17 
5126.910 6.57817e-17 
5130.990 6.39192e-17 
5135.060 1.75557e-17 
5139.140 3.08921e-17 
5143.220 4.33279e-17 
5147.300 5.66314e-18 
5151.380 3.42979e-17 
5155.460 4.58321e-17 
5159.540 -1.03410e-18 
5163.620 -7.00827e-19 
5167.700 3.12320e-17 
5171.780 4.48643e-17 
5175.860 6.73962e-17 
5179.930 3.80273e-17 
5184.010 1.19583e-17 
5188.090 2.37889e-17 
5192.170 -2.78087e-18 
5196.250 -1.18511e-17 
5200.330 -6.08217e-17 
5204.410 -2.66926e-17 
5208.490 4.22360e-17 
5212.570 3.08643e-17 
5216.650 1.66923e-17 
5220.730 1.06199e-17 
5224.800 2.69469e-17 
5228.880 -3.22610e-18 
5232.960 1.00579e-19 
5237.040 1.28270e-17 
5241.120 1.68531e-17 
5245.200 3.95789e-17 
5249.280 4.12044e-17 
5253.360 2.22972e-18 
5257.440 2.24548e-17 
5261.520 1.30796e-17 
5265.600 2.83042e-17 
5269.670 3.43282e-17 
5273.750 5.95234e-18 
5277.830 3.96763e-17 
5281.910 6.60003e-18 
5285.990 -3.32764e-17 
5290.070 1.46967e-19 
5294.150 1.57018e-18 
5298.230 9.19325e-18 
5302.310 1.95162e-17 
5306.390 1.21389e-17 
5310.460 1.75612e-17 
5314.540 3.00838e-17 
5318.620 2.58061e-17 
5322.700 1.83284e-17 
5326.780 3.37506e-17 
5330.860 1.21727e-17 
5334.940 3.98947e-17 
5339.020 7.51662e-18 
5343.100 -2.78615e-17 
5347.180 -1.21397e-17 
5351.260 2.22820e-17 
5355.330 3.70034e-17 
5359.410 2.52508e-18 
5363.490 -2.63533e-17 
5367.570 -3.27917e-17 
5371.650 -1.17101e-17 
5375.730 9.41147e-18 
5379.810 7.33047e-19 
5383.890 -8.74536e-18 
5387.970 -4.72377e-18 
5392.050 -1.13022e-17 
5396.130 -2.58805e-17 
5400.200 2.24086e-18 
5404.280 -4.73744e-18 
5408.360 4.84324e-19 
5412.440 -6.69386e-18 
5416.520 1.86280e-17 
5420.600 -2.13501e-17 
5424.680 -2.72804e-18 
5428.760 2.09404e-18 
5432.840 6.71621e-18 
5436.920 -2.70615e-17 
5441.000 -1.24392e-17 
5445.070 -8.01700e-18 
5449.150 -2.24944e-17 
5453.230 -3.87175e-18 
5457.310 -3.09089e-17 
5461.390 -4.27660e-17 
5465.470 -3.32729e-17 
5469.550 -4.67975e-18 
5473.630 -3.11264e-17 
5477.710 -4.45329e-17 
5481.790 -1.03093e-17 
5485.870 -3.48547e-18 
5489.940 1.64382e-17 
5494.020 5.06232e-18 
5498.100 -2.28134e-17 
5502.180 -2.36889e-17 
5506.260 6.33578e-18 
5510.340 -1.42394e-17 
5514.420 -1.38143e-17 
5518.500 -2.28906e-18 
5522.580 -1.59636e-17 
5526.660 -3.74090e-17 
5530.740 -5.61209e-18 
5534.810 -4.30163e-17 
5538.890 -3.86002e-18 
5542.970 -2.53335e-17 
5547.050 -1.36068e-17 
5551.130 -3.50998e-17 
5555.210 -6.16525e-17 
5559.290 -8.92508e-18 
5563.370 -4.99738e-18 
5567.450 -4.62694e-17 
5571.530 3.45876e-18 
5575.610 4.08722e-18 
5579.680 -6.42844e-17 
5583.760 -3.15541e-18 
5587.840 -2.42617e-18 
5591.920 -4.25066e-17 
5596.000 -3.30069e-17 
5600.080 2.13632e-17 
5604.160 2.61935e-17 
5608.240 1.42413e-18 
5612.320 1.50550e-17 
5616.400 5.98621e-18 
5620.480 6.91769e-18 
5624.550 -2.88709e-17 
5628.630 -5.63188e-17 
5632.710 1.31353e-18 
5636.790 -1.85381e-18 
5640.870 -2.82809e-17 
5644.950 -1.91876e-17 
5649.030 -4.05404e-18 
5653.110 -1.82202e-17 
5657.190 -2.58260e-17 
5661.270 -8.45146e-18 
5665.340 2.88830e-17 
5669.420 -3.01618e-17 
5673.500 -2.38164e-17 
5677.580 -1.30106e-17 
5681.660 1.00255e-17 
5685.740 -3.38112e-19 
5689.820 -3.14074e-17 
5693.900 -3.02743e-17 
5697.980 -3.31869e-17 
5702.060 -5.58918e-18 
5706.140 -2.14211e-17 
5710.210 -6.10131e-17 
5714.290 -6.92744e-17 
5718.370 -6.79353e-17 
5722.450 -4.67959e-17 
5726.530 1.84379e-18 
5730.610 -9.51615e-18 
5734.690 -2.60157e-17 
5738.770 -4.37350e-17 
5742.850 -2.18539e-17 
5746.930 3.94748e-18 
5751.010 -2.47108e-17 
5755.080 -2.21590e-17 
5759.160 -1.71266e-17 
5763.240 -3.84038e-17 
5767.320 -1.32407e-17 
5771.400 -3.82673e-17 
5775.480 -4.03535e-17 
5779.560 7.29062e-18 
5783.640 1.01351e-17 
5787.720 6.37990e-18 
5791.800 -1.75750e-17 
5795.880 -3.17295e-17 
5799.950 -6.58400e-18 
5804.030 4.56214e-18 
5808.110 1.33086e-17 
5812.190 6.75548e-18 
5816.270 -5.10974e-17 
5820.350 -2.93698e-17 
5824.430 -2.60800e-17 
5828.510 -2.32439e-17 
5832.590 -3.68054e-17 
5836.670 -1.61565e-17 
5840.750 1.14926e-17 
5844.820 5.94175e-18 
5848.900 -3.90084e-17 
5852.980 -3.30583e-17 
5857.060 -9.00783e-18 
5861.140 -2.00870e-17 
5865.220 -6.10594e-18 
5869.300 -1.28545e-17 
5873.380 -5.54028e-17 
5877.460 -1.89107e-17 
5881.540 -1.19837e-18 
5885.620 -3.57457e-17 
5889.690 -4.06931e-17 
5893.770 -1.00398e-17 
5897.850 -1.33862e-17 
5901.930 -3.72323e-17 
5906.010 -4.74781e-17 
5910.090 1.40764e-17 
5914.170 -1.15688e-17 
5918.250 -3.70137e-17 
5922.330 -9.55837e-18 
5926.410 1.29729e-18 
5930.490 -1.34668e-17 
5934.560 -1.50709e-17 
5938.640 -1.82244e-17 
5942.720 -2.28127e-17 
5946.800 -2.99106e-17 
5950.880 -4.12633e-17 
5954.960 -6.70575e-18 
5959.040 -7.54791e-18 
5963.120 -4.28982e-18 
5967.200 9.36854e-18 
5971.280 6.02712e-18 
5975.360 -2.92440e-17 
5979.430 -1.55330e-19 
5983.510 -1.47760e-17 
5987.590 3.66355e-18 
5991.670 8.52335e-18 
5995.750 2.14834e-17 
5999.830 1.41436e-17 
6003.910 1.47041e-17 
6007.990 9.76477e-18 
6012.070 -1.59544e-17 
6016.150 -1.32433e-17 
6020.220 1.84766e-18 
6024.300 3.21091e-17 
6028.380 -4.12917e-18 
6032.460 2.61327e-17 
6036.540 3.31948e-17 
6040.620 4.05570e-17 
6044.700 -1.28058e-18 
6048.780 3.58198e-18 
6052.860 4.41447e-17 
6056.940 2.10076e-17 
6061.020 2.97068e-18 
6065.090 5.33347e-18 
6069.170 -5.20319e-18 
6073.250 -1.86397e-17 
6077.330 -1.33761e-17 
6081.410 -8.93236e-18 
6085.490 -6.04850e-18 
6089.570 -1.82146e-17 
6093.650 -3.17205e-17 
6097.730 -8.53630e-18 
6101.810 4.10798e-18 
6105.890 1.93723e-17 
6109.960 5.73638e-18 
6114.040 -2.33891e-17 
6118.120 -6.75449e-18 
6122.200 -3.69828e-19 
6126.280 -7.28512e-18 
6130.360 -2.26903e-17 
6134.440 -3.54755e-17 
6138.520 -8.97066e-18 
6142.600 2.23542e-17 
6146.680 3.25192e-17 
6150.760 1.51841e-17 
6154.830 -7.46138e-18 
6158.910 7.01358e-18 
6162.990 -6.82146e-18 
6167.070 -2.02265e-17 
6171.150 -5.71162e-18 
6175.230 9.47328e-18 
6179.310 2.33382e-17 
6183.390 -6.83702e-18 
6187.470 -1.56122e-17 
6191.550 3.08325e-17 
6195.630 1.83971e-17 
6199.700 1.01614e-17 
6203.780 -1.11341e-17 
6207.860 -2.82971e-18 
6211.940 9.45464e-18 
6216.020 3.23189e-17 
6220.100 -9.86698e-18 
6224.180 7.64704e-18 
6228.260 1.69109e-17 
6232.340 -1.25339e-19 
6236.420 -1.24717e-17 
6240.500 -3.85983e-17 
6244.570 -3.11354e-17 
6248.650 1.82777e-18 
6252.730 -3.87928e-18 
6256.810 1.11535e-17 
6260.890 2.91161e-17 
6264.970 -6.94156e-18 
6269.050 -1.55794e-17 
6273.130 -4.45748e-18 
6277.210 2.20642e-17 
6281.290 -4.38430e-18 
6285.370 2.24869e-17 
6289.440 3.57475e-17 
6293.520 1.21082e-17 
6297.600 1.05686e-17 
6301.680 3.92870e-18 
6305.760 5.72885e-17 
6309.840 3.24480e-17 
6313.920 6.70723e-18 
6318.000 1.16661e-17 
6322.080 -2.23753e-17 
6326.160 -2.57147e-19 
6330.240 6.64068e-18 
6334.310 -1.07522e-17 
6338.390 2.99486e-18 
6342.470 9.31156e-18 
6346.550 2.60785e-18 
6350.630 -4.41625e-18 
6354.710 8.57923e-18 
6358.790 2.43343e-17 
6362.870 1.52889e-17 
6366.950 2.73305e-18 
6371.030 1.30672e-18 
6375.100 -1.63504e-17 
6379.180 1.11023e-17 
6383.260 2.52546e-17 
6387.340 1.21063e-17 
6391.420 -1.25125e-17 
6395.500 3.88082e-17 
6399.580 7.65834e-18 
6403.660 1.60079e-17 
6407.740 5.52570e-17 
6411.820 9.90541e-18 
6415.900 -5.41672e-18 
6419.970 2.24020e-18 
6424.050 2.98469e-17 
6428.130 2.85929e-17 
6432.210 1.19383e-17 
6436.290 3.98831e-17 
6440.370 1.88272e-17 
6444.450 1.94706e-17 
6448.530 3.16133e-17 
6452.610 4.53554e-17 
6456.690 2.98967e-17 
6460.770 1.51374e-17 
6464.840 2.87689e-18 
6468.920 -2.75840e-17 
6473.000 -1.79456e-17 
6477.080 1.12046e-19 
6481.160 -4.06112e-18 
6485.240 -2.36351e-17 
6489.320 -6.78987e-18 
6493.400 3.47345e-17 
6497.480 -6.76189e-18 
6501.560 4.61082e-18 
6505.640 2.42327e-17 
6509.710 2.16633e-17 
6513.790 5.23342e-18 
6517.870 -6.39736e-21 
6521.950 1.06509e-17 
6526.030 -1.06218e-17 
6530.110 -2.28954e-17 
6534.190 -1.15700e-17 
6538.270 3.08545e-17 
6542.350 1.99780e-17 
6546.430 1.36147e-18 
6550.510 4.50192e-18 
6554.580 -1.58579e-17 
6558.660 2.50615e-17 
6562.740 2.94798e-17 
6566.820 1.32971e-17 
6570.900 1.15132e-17 
6574.980 2.46283e-17 
6579.060 2.55423e-17 
6583.140 6.33512e-18 
6587.220 4.55668e-17 
6591.300 3.81773e-17 
6595.380 1.99867e-17 
6599.450 -8.60541e-18 
6603.530 1.48015e-17 
6607.610 4.37281e-19 
6611.690 -5.66820e-18 
6615.770 1.64151e-17 
6619.850 2.15170e-17 
6623.930 1.70177e-17 
6628.010 2.15172e-17 
6632.090 1.88152e-17 
6636.170 2.83163e-18 
6640.250 2.03075e-17 
6644.320 2.81013e-17 
6648.400 1.18240e-17 
6652.480 1.39853e-17 
6656.560 2.45752e-17 
6660.640 -5.73635e-18 
6664.720 -6.94932e-18 
6668.800 -2.52376e-18 
6672.880 1.45203e-17 
6676.960 4.42030e-17 
6681.040 4.32841e-17 
6685.110 3.23634e-17 
6689.190 5.74415e-17 
6693.270 1.71180e-17 
6697.350 2.39929e-17 
6701.430 3.22662e-17 
6705.510 2.06379e-17 
6709.590 2.80080e-17 
6713.670 1.82648e-18 
6717.750 3.09433e-17 
6721.830 5.63084e-17 
6725.910 4.86718e-17 
6729.980 2.57334e-17 
6734.060 2.69934e-17 
6738.140 5.34517e-17 
6742.220 4.92082e-17 
6746.300 3.63628e-17 
6750.380 3.28158e-17 
6754.460 4.91668e-17 
6758.540 5.56161e-17 
6762.620 4.03635e-17 
6766.700 4.71091e-17 
6770.780 5.95527e-17 
6774.850 7.91944e-17 
6778.930 -2.83658e-17 
6783.010 -2.02279e-17 
6787.090 5.15080e-17 
6791.170 5.83419e-17 
6795.250 5.97739e-17 
6799.330 2.98038e-17 
6803.410 5.86317e-17 
6807.490 6.65575e-17 
6811.570 9.24812e-17 
6815.650 8.09029e-17 
6819.720 8.01224e-17 
6823.800 6.07399e-17 
6827.880 -1.54449e-17 
6831.960 -6.43175e-18 
6836.040 2.28792e-17 
6840.120 2.04879e-17 
6844.200 1.42044e-17 
6848.280 3.56986e-17 
6852.360 3.00006e-17 
6856.440 2.27003e-17 
6860.520 3.52976e-17 
6864.590 2.38927e-17 
6868.670 3.55854e-17 
6872.750 4.20758e-17 
6876.830 4.35637e-17 
6880.910 4.45493e-17 
6884.990 6.57324e-17 
6889.070 -2.23690e-18 
6893.150 -1.03509e-16 
6897.230 -5.55329e-17 
6901.310 4.93403e-17 
6905.390 2.19109e-17 
6909.460 3.69792e-17 
6913.540 1.73447e-17 
6917.620 6.33077e-17 
6921.700 2.32681e-17 
6925.780 3.28258e-17 
6929.860 5.90809e-17 
6933.940 6.67334e-17 
6938.020 4.96831e-17 
6942.100 4.95301e-17 
6946.180 3.39743e-17 
6950.260 4.30158e-17 
6954.330 5.98547e-17 
6958.410 4.21906e-17 
6962.490 6.82237e-17 
6966.570 3.34540e-17 
6970.650 2.18813e-17 
6974.730 6.09058e-17 
6978.810 6.56274e-17 
6982.890 4.79461e-17 
6986.970 3.36618e-17 
6991.050 2.15745e-17 
6995.130 2.14842e-17 
6999.200 5.09911e-17 
7003.280 5.69947e-17 
7007.360 5.71953e-17 
7011.440 3.58928e-17 
7015.520 2.00872e-17 
7019.600 8.28784e-17 
7023.680 2.97665e-17 
7027.760 6.14515e-17 
7031.840 4.81331e-17 
7035.920 4.15116e-17 
7039.990 -9.46129e-17 
7044.070 -8.28409e-17 
7048.150 3.61278e-17 
7052.230 7.60931e-17 
7056.310 5.38551e-17 
7060.390 1.57137e-17 
7064.470 1.84690e-17 
7068.550 5.09208e-17 
7072.630 4.62692e-17 
7076.710 5.02141e-17 
7080.790 4.39556e-17 
7084.860 5.16939e-17 
7088.940 6.42283e-17 
7093.020 4.89592e-17 
7097.100 3.68865e-17 
7101.180 3.46101e-17 
7105.260 3.19302e-17 
7109.340 4.33466e-17 
7113.420 8.03930e-18 
7117.500 -1.49132e-16 
7121.580 -1.76326e-16 
7125.660 7.50751e-17 
7129.730 6.45339e-18 
7133.810 1.76673e-17 
7137.890 4.22575e-17 
7141.970 3.45438e-17 
7146.050 3.37262e-17 
7150.130 4.18047e-17 
7154.210 5.86793e-17 
7158.290 3.46499e-17 
7162.370 7.65166e-17 
7166.450 5.40793e-17 
7170.530 5.34379e-17 
7174.600 6.52931e-17 
7178.680 6.49436e-17 
7182.760 4.39900e-17 
7186.840 1.93323e-17 
7190.920 2.72705e-17 
7195.000 2.71044e-17 
7199.080 1.28341e-17 
7203.160 1.44963e-18 
7207.240 4.05809e-17 
7211.320 3.83979e-17 
7215.400 2.46105e-17 
7219.470 3.33195e-17 
7223.550 2.95235e-17 
7227.630 6.30231e-17 
7231.710 1.91182e-17 
7235.790 -1.11411e-17 
7239.870 -1.77048e-17 
7243.950 9.67692e-18 
7248.030 -3.05839e-19 
7252.110 3.32685e-18 
7256.190 -7.53509e-18 
7260.270 2.25840e-18 
7264.340 -6.17189e-18 
7268.420 -7.87677e-19 
7272.500 3.87218e-17 
7276.580 -6.53337e-18 
7280.660 -2.02133e-17 
7284.740 -2.43580e-17 
7288.820 -2.74864e-20 
7292.900 -1.29268e-17 
7296.980 -1.37810e-17 
7301.060 -3.41507e-18 
7305.140 -6.91403e-18 
7309.210 1.25309e-18 
7313.290 -1.82658e-17 
7317.370 -3.39496e-17 
7321.450 -2.28185e-17 
7325.530 8.82763e-18 
7329.610 8.90865e-18 
7333.690 -3.71544e-18 
7337.770 -2.46247e-17 
7341.850 -4.79047e-19 
7345.930 1.91813e-17 
7350.010 1.96366e-17 
7354.080 -2.23523e-17 
7358.160 -5.01676e-17 
7362.240 -3.42826e-18 
7366.320 -1.11241e-17 
7370.400 -2.30255e-17 
7374.480 1.34578e-17 
7378.560 1.31757e-17 
7382.640 2.28815e-18 
7386.720 6.19506e-18 
7390.800 -1.96034e-17 
7394.870 -1.80863e-17 
7398.950 9.58402e-18 
7403.030 3.68800e-19 
7407.110 -7.45207e-18 
7411.190 8.52139e-18 
7415.270 -1.21087e-18 
7419.350 -6.14881e-18 
7423.430 -1.54925e-17 
7427.510 -1.97119e-17 
7431.590 9.02792e-19 
7435.670 1.51417e-17 
7439.740 1.13761e-17 
7443.820 4.90325e-18 
7447.900 8.24434e-19 
7451.980 -1.75603e-17 
7456.060 4.03489e-17 
