3645.38000  8.86000e-17
3650.90000  1.22000e-16
3656.42000  1.16000e-16
3661.94000  7.56000e-17
3667.46000  3.98000e-17
3672.97000  7.84000e-17
3678.48999  1.17000e-16
3684.01000  1.55000e-16
3689.53000  8.75000e-17
3695.05000  1.27000e-16
3700.57000  1.15000e-16
3706.08000  1.08000e-16
3711.60000  9.86000e-17
3717.12000  6.32000e-17
3722.64000  7.04000e-17
3728.16000  1.11000e-16
3733.68000  1.08000e-16
3739.20000  6.87000e-17
3744.71000  8.93000e-17
3750.23000  1.20000e-16
3755.75000  1.11000e-16
3761.27000  9.41000e-17
3766.79000  8.67000e-17
3772.31000  9.75000e-17
3777.82000  6.86000e-17
3783.34000  9.79000e-17
3788.86000  9.08000e-17
3794.38001  8.71000e-17
3799.90000  6.39000e-17
3805.42000  1.23000e-16
3810.94000  1.36000e-16
3816.45000  7.91000e-17
3821.97000  1.13000e-16
3827.49000  1.06000e-16
3833.01000  1.12000e-16
3838.53000  1.10000e-16
3844.05000  1.00000e-16
3849.56000  9.27000e-17
3855.08000  1.18000e-16
3860.60000  1.26000e-16
3866.12000  1.04000e-16
3871.64000  9.19000e-17
3877.16000  6.31000e-17
3882.67000  9.62000e-17
3888.19000  1.09000e-16
3893.71000  9.23000e-17
3899.23000  6.53000e-17
3904.75000  8.94000e-17
3910.27000  9.01000e-17
3915.79000  8.56000e-17
3921.30000  9.44000e-17
3926.81999  9.99000e-17
3932.34000  8.19000e-17
3937.86000  9.40000e-17
3943.38000  8.43000e-17
3948.90000  8.71000e-17
3954.41000  9.45000e-17
3959.93000  8.98000e-17
3965.45000  6.50000e-17
3970.97000  7.54000e-17
3976.49000  1.06000e-16
3982.01000  1.22000e-16
3987.53000  7.04000e-17
3993.04000  5.88000e-17
3998.56000  8.41000e-17
4004.08000  7.90000e-17
4009.60000  8.88000e-17
4015.12000  9.85000e-17
4020.64000  1.27000e-16
4026.15000  1.14000e-16
4031.67000  4.74000e-17
4037.19000  6.48000e-17
4042.71001  6.23000e-17
4048.23000  1.05000e-16
4053.75000  9.57000e-17
4059.27000  7.78000e-17
4064.78000  7.45000e-17
4070.30000  7.53000e-17
4075.82000  9.84000e-17
4081.34000  9.27000e-17
4086.86000  8.75000e-17
4092.38000  8.02000e-17
4097.89000  7.32000e-17
4103.41000  4.63000e-17
4108.93000  5.46000e-17
4114.45000  7.57000e-17
4119.97000  1.04000e-16
4125.49000  1.26000e-16
4131.00000  9.15000e-17
4136.52000  1.15000e-16
4142.04000  7.31000e-17
4147.56000  3.96000e-17
4153.08000  5.01000e-17
4158.60000  9.96000e-17
4164.12000  1.25000e-16
4169.63000  8.44000e-17
4175.15001  5.58000e-17
4180.67000  6.76000e-17
4186.19000  6.44000e-17
4191.71000  8.01000e-17
4197.23000  7.85000e-17
4202.74000  9.21000e-17
4208.26000  7.58000e-17
4213.78000  5.97000e-17
4219.30000  8.11000e-17
4224.82000  9.02000e-17
4230.34000  5.59000e-17
4235.86000  1.02000e-16
4241.37000  8.26000e-17
4246.89000  9.15000e-17
4252.41000  7.87000e-17
4257.93000  7.12000e-17
4263.45000  6.42000e-17
4268.97000  7.19000e-17
4274.48000  5.34000e-17
4280.00000  6.76000e-17
4285.52000  7.40000e-17
4291.04000  6.36000e-17
4296.56000  7.55000e-17
4302.08000  9.48000e-17
4307.60000  7.76000e-17
4313.11000  4.36000e-17
4318.63000  5.50000e-17
4324.15000  5.59000e-17
4329.67000  4.61000e-17
4335.19000  7.74000e-17
4340.71000  7.38000e-17
4346.22000  5.56000e-17
4351.74000  6.25000e-17
4357.26000  6.40000e-17
4362.78000  6.17000e-17
4368.30000  4.55000e-17
4373.82000  8.52000e-17
4379.34000  8.49000e-17
4384.85000  9.40000e-17
4390.37000  7.11000e-17
4395.89000  7.96000e-17
4401.41000  7.34000e-17
4406.93000  7.02000e-17
4412.45000  4.79000e-17
4417.96000  3.86000e-17
4423.48001  7.15000e-17
4429.00000  6.22000e-17
4434.52000  8.45000e-17
4440.04000  5.37000e-17
4445.56000  3.85000e-17
4451.07000  7.30000e-17
4456.59000  5.02000e-17
4462.11000  7.48000e-17
4467.63000  5.39000e-17
4473.15000  5.46000e-17
4478.67000  7.85000e-17
4484.19000  7.30000e-17
4489.70000  6.71000e-17
4495.22000  6.04000e-17
4500.74000  6.70000e-17
4506.26000  7.70000e-17
4511.78000  6.44000e-17
4517.30000  1.21000e-16
4522.81000  6.03000e-17
4528.33000  3.58000e-17
4533.85000  3.64000e-17
4539.37000  6.03000e-17
4544.89000  6.19000e-17
4550.41000  7.79000e-17
4555.93000  9.84000e-17
4561.44000  7.42000e-17
4566.96000  6.11000e-17
4572.48000  4.63000e-17
4578.00000  3.06000e-17
4583.51999  7.58000e-17
4589.04000  5.68000e-17
4594.55000  7.67000e-17
4600.07000  9.96000e-17
4605.59000  6.72000e-17
4611.11000  3.58000e-17
4616.63000  5.34000e-17
4622.15000  6.03000e-17
4627.67000  4.24000e-17
4633.18000  5.31000e-17
4638.70000  6.39000e-17
4644.22000  7.65000e-17
4649.74000  7.61000e-17
4655.26000  4.99000e-17
4660.78000  3.69000e-17
4666.29000  5.87000e-17
4671.81000  5.62000e-17
4677.33000  8.24000e-17
4682.85000  6.16000e-17
4688.37000  4.32000e-17
4693.89000  4.86000e-17
4699.40000  5.12000e-17
4704.92000  7.16000e-17
4710.44000  5.54000e-17
4715.96000  7.20000e-17
4721.48000  5.35000e-17
4727.00000  4.65000e-17
4732.52000  4.53000e-17
4738.03000  5.49000e-17
4743.55000  7.72000e-17
4749.07000  7.31000e-17
4754.59000  6.46000e-17
4760.11000  6.61000e-17
4765.63000  6.99000e-17
4771.14000  7.50000e-17
4776.66000  7.35000e-17
4782.18000  6.59000e-17
4787.70000  5.47000e-17
4793.22000  5.79000e-17
4798.74000  5.29000e-17
4804.26000  6.17000e-17
4809.77000  4.72000e-17
4815.29000  5.31000e-17
4820.81000  9.02000e-17
4826.33000  6.65000e-17
4831.84999  5.14000e-17
4837.37000  7.46000e-17
4842.88000  8.33000e-17
4848.40000  8.14000e-17
4853.92000  5.86000e-17
4859.44000  4.90000e-17
4864.96000  6.41000e-17
4870.48000  7.90000e-17
4876.00000  8.80000e-17
4881.51000  8.40000e-17
4887.03000  7.46000e-17
4892.55000  5.97000e-17
4898.07000  3.97000e-17
4903.59000  6.15000e-17
4909.11000  4.63000e-17
4914.62000  4.95000e-17
4920.14000  3.66000e-17
4925.66000  4.66000e-17
4931.18000  7.85000e-17
4936.70000  6.58000e-17
4942.22000  6.11000e-17
4947.73000  5.58000e-17
4953.25000  3.52000e-17
4958.77000  5.41000e-17
4964.28999  6.70000e-17
4969.81000  6.60000e-17
4975.33000  3.67000e-17
4980.85000  6.08000e-17
4986.36000  6.36000e-17
4991.88000  6.62000e-17
4997.40000  5.20000e-17
5002.92000 -5.18000e-18
5008.44000  4.39000e-17
5013.96000  4.62000e-17
5019.47000  8.60000e-17
5024.99000  5.79000e-17
5030.51000  6.33000e-17
5036.03000  5.02000e-17
5041.55000  4.35000e-17
5047.07000  4.62000e-17
5052.59000  4.23000e-17
5058.10000  3.38000e-17
5063.62000  3.71000e-17
5069.14000  3.99000e-17
5074.66000  4.71000e-17
5080.18001  3.94000e-17
5085.70000  7.05000e-17
5091.21000  9.58000e-17
5096.73000  7.77000e-17
5102.25000  6.22000e-17
5107.77000  1.40000e-17
5113.29000  2.02000e-17
5118.81000  2.10000e-17
5124.33000  4.57000e-17
5129.84000  6.75000e-17
5135.36000  6.13000e-17
5140.88000  4.14000e-17
5146.40000  5.28000e-17
5151.92000  7.27000e-17
5157.44000  3.92000e-17
5162.95000  3.95000e-17
5168.47000  4.15000e-17
5173.99000  3.41000e-17
5179.51000  4.09000e-17
5185.03000  1.58000e-17
5190.55000  2.21000e-17
5196.06000  4.03000e-17
5201.58000  3.16000e-17
5207.10000  3.36000e-17
5212.61999  3.49000e-17
5218.14000  1.44000e-17
5223.66000  3.78000e-17
5229.18000  2.14000e-17
5234.69000  2.68000e-17
5240.21000  3.69000e-17
5245.73000  4.45000e-17
5251.25000  3.31000e-17
5256.77000  4.17000e-17
5262.29000  4.73000e-17
5267.80000  1.49000e-17
5273.32000  1.06000e-17
5278.84000  2.56000e-17
5284.36000  3.75000e-17
5289.88000  2.94000e-17
5295.40000  7.02000e-18
5300.92000  1.53000e-17
5306.43000  2.30000e-17
5311.95000  4.04000e-17
5317.47000  5.02000e-17
5322.99000  4.41000e-17
5328.51001  3.15000e-17
5334.03000  3.51000e-17
5339.54000  9.82000e-18
5345.06000 -5.59000e-19
5350.58000  8.32000e-18
5356.10000  8.85000e-18
5361.62000  2.02000e-17
5367.14000  1.43000e-17
5372.66000  2.99000e-17
5378.17000  3.38000e-17
5383.69000  2.03000e-17
5389.21000  3.83000e-17
5394.73000  7.00000e-18
5400.25000  4.00000e-18
5405.77000  8.84000e-18
5411.28000  4.35000e-18
5416.80000  2.46000e-17
5422.32000  4.41000e-17
5427.84000  1.41000e-17
5433.36000  1.99000e-17
5438.88000  2.23000e-17
5444.39000  1.89000e-17
5449.91000  3.74000e-18
5455.43000  3.36000e-17
5460.95001  1.29000e-17
5466.47000 -6.21000e-18
5471.99000 -5.38000e-18
5477.51000  8.41000e-18
5483.02000  2.34000e-17
5488.54000 -1.17000e-17
5494.06000 -9.00000e-18
5499.58000 -5.41000e-18
5505.10000  9.65000e-18
5510.62000  1.06000e-17
5516.13000  2.45000e-17
5521.65000  4.99000e-17
5527.17000  2.92000e-17
5532.69000 -2.41000e-18
5538.21000 -1.01000e-17
5543.73000 -3.81000e-17
5549.25000  3.28000e-17
5554.76000  1.67000e-17
5560.28000  2.80000e-17
5565.80000 -1.22000e-17
5571.32000  9.88000e-18
5576.84000  7.79000e-18
5582.36000  8.21000e-18
5587.87000  8.53000e-18
5593.38999 -1.96000e-20
5598.91000  2.40000e-17
5604.43000  5.20000e-18
5609.95000  2.54000e-17
5615.47000 -1.46000e-17
5620.99000 -1.64000e-17
5626.50000 -5.06000e-18
5632.02000  5.21000e-18
5637.54000  8.59000e-18
5643.06000  2.00000e-18
5648.58000  0.00000e+00
5654.10000  1.45000e-17
5659.61000  1.75000e-17
5665.13000  2.58000e-18
5670.65000  6.58000e-18
5676.17000  4.55000e-18
5681.69000 -1.00000e-18
5687.21000  1.59000e-17
5692.72000  2.10000e-17
5698.24000  2.30000e-17
5703.76000  8.96000e-18
5709.28001 -1.85000e-17
5714.80000 -3.35000e-17
5720.32000 -2.75000e-17
5725.84000  5.46000e-18
5731.35000 -6.13000e-18
5736.87000 -3.94000e-17
5742.39000 -5.10000e-19
5747.91000  2.79000e-17
5753.43000 -2.34000e-17
5758.95000 -9.77000e-18
5764.46000  7.36000e-18
5769.98000  1.12000e-17
5775.50000  2.46000e-18
5781.02000  1.95000e-17
5786.54000  1.12000e-17
5792.06000 -8.88000e-18
5797.58000  7.91000e-18
5803.09000  1.97000e-17
5808.61000 -3.10000e-18
5814.13000  4.55000e-18
5819.65000 -1.40000e-17
5825.17000  1.54000e-17
5830.69000  4.15000e-18
5836.20000  1.31000e-17
5841.71999  1.33000e-17
5847.24000 -1.07000e-17
5852.76000 -9.64000e-18
5858.28000 -6.37000e-19
5863.80000  1.85000e-18
5869.31999  8.52000e-18
5874.83000  7.87000e-19
5880.35000 -2.66000e-17
5885.87000 -9.11000e-18
5891.39000  8.70000e-18
5896.91000  1.94000e-17
5902.43000 -1.87000e-18
5907.94000 -4.04000e-18
5913.46000  1.45000e-17
5918.98000  1.07000e-17
5924.50000  6.02000e-18
5930.02000  1.62000e-18
5935.54000  1.71000e-17
5941.05000  1.88000e-17
5946.57000 -2.54000e-17
5952.09000 -1.59000e-17
5957.61000  5.54000e-18
5963.13000 -7.63000e-18
5968.65000  1.17000e-17
5974.17000  1.41000e-18
5979.68000 -4.90000e-18
5985.20000  3.52000e-17
5990.72000  2.23000e-17
5996.24000 -1.44000e-18
6001.76000  2.20000e-17
6007.28000  1.28000e-17
6012.79000 -4.67000e-18
6018.31000  5.24000e-18
6023.83000  8.37000e-18
6029.35000  1.63000e-17
6034.87000  4.00000e-17
6040.39000  1.32000e-17
6045.91000  7.82000e-18
6051.42000  1.41000e-17
6056.94000  1.91000e-17
6062.46000  1.31000e-17
6067.98000  2.82000e-17
6073.50000  2.19000e-17
6079.02000  3.04000e-18
6084.53000 -2.05000e-17
6090.05001 -6.25000e-18
6095.57000  7.53000e-18
6101.09000  2.42000e-17
6106.61000  1.47000e-17
6112.13000  4.20000e-18
6117.64999  6.50000e-18
6123.16000  7.75000e-18
6128.68000 -1.61000e-18
6134.20000  1.34000e-17
6139.72000 -4.45000e-18
6145.24000  1.45000e-17
6150.76000  2.55000e-17
6156.27000 -1.02000e-18
6161.79000  5.00000e-18
6167.31000 -4.16000e-18
6172.83000  6.84000e-18
6178.35000  3.07000e-17
6183.87000  9.27000e-18
6189.38000 -1.41000e-17
6194.90000  1.99000e-18
6200.42000  2.27000e-17
6205.94000  2.06000e-17
6211.46000  1.03000e-17
6216.98000  1.99000e-17
6222.50000  4.31000e-18
6228.01000  2.85000e-18
6233.53000 -4.31000e-18
6239.05000  7.38000e-18
6244.57000  1.44000e-17
6250.09000 -8.86000e-18
6255.61000 -9.14000e-18
6261.12000 -2.11000e-17
6266.64000 -6.21000e-18
6272.16000  5.15000e-19
6277.68000  2.43000e-17
6283.20000  1.79000e-18
6288.72000  1.89000e-17
6294.24000  1.43000e-17
6299.75000  1.26000e-17
6305.27000  6.68000e-17
6310.79000  2.60000e-17
6316.31000  2.39000e-17
6321.83000 -5.57000e-18
6327.35000 -1.69000e-18
6332.86000  1.85000e-17
6338.38001 -9.20000e-18
6343.90000  4.68000e-18
6349.42000 -7.23000e-18
6354.94000  1.77000e-17
6360.46000  2.57000e-17
6365.98001  1.23000e-17
6371.49000  8.04000e-18
6377.01000 -4.67000e-18
6382.53000  2.00000e-17
6388.05000  2.07000e-17
6393.57000  7.91000e-18
6399.09000  5.08000e-18
6404.60000  6.49000e-18
6410.12000  1.47000e-17
6415.64000  1.72000e-18
6421.16000 -2.13000e-18
6426.68000 -2.81000e-18
6432.20000  1.23000e-17
6437.72000  1.03000e-17
6443.23000 -1.29000e-17
6448.75000  1.30000e-17
6454.27000  1.50000e-17
6459.79000  1.07000e-17
6465.31000  8.95000e-18
6470.83000  9.13000e-18
6476.34000  1.45000e-17
6481.86000  2.17000e-17
6487.38000  2.38000e-17
6492.90000  1.37000e-17
6498.41999  1.34000e-17
6503.94000 -2.88000e-18
6509.45000  8.38000e-19
6514.97000  1.75000e-17
6520.49000  6.74000e-18
6526.01000  1.27000e-17
6531.53000 -1.78000e-17
6537.05000  9.35000e-18
6542.57000  1.49000e-18
6548.08000 -5.42000e-18
6553.60000  1.22000e-17
6559.12000  1.31000e-17
6564.64000  5.40000e-18
6570.16000 -8.22000e-18
6575.68000  8.96000e-18
6581.19000 -1.29000e-17
6586.71000  1.97000e-17
6592.23000  2.14000e-17
6597.75000 -8.63000e-18
6603.27000 -1.02000e-17
6608.79000  1.93000e-17
6614.31001  1.32000e-17
6619.82000  5.21000e-18
6625.34000 -3.82000e-18
6630.86000 -1.13000e-18
6636.38000  5.92000e-18
6641.90000  2.32000e-17
6647.42000  1.62000e-17
6652.93000  1.21000e-18
6658.45000 -1.36000e-17
6663.97000  1.72000e-20
6669.49000 -1.70000e-17
6675.01000  7.94000e-18
6680.53000  2.21000e-17
6686.05000  1.27000e-17
6691.56000  8.15000e-18
6697.08000  1.29000e-17
6702.60000  1.11000e-17
6708.12000  1.28000e-17
6713.64000 -1.59000e-18
6719.16000  7.51000e-18
6724.67000  1.81000e-17
6730.19000  1.42000e-18
6735.71000  2.00000e-17
6741.23000  5.72000e-18
6746.74999  1.92000e-17
6752.27000  1.55000e-17
6757.78000  1.27000e-17
6763.30000  4.42000e-18
6768.82000  1.71000e-17
6774.34000  3.70000e-17
6779.86000  3.27000e-18
6785.38000 -5.80000e-18
6790.90000  1.92000e-17
6796.41000  2.71000e-17
6801.93000 -2.54000e-18
6807.45000  1.41000e-17
6812.97000  1.73000e-17
6818.49000  2.92000e-17
6824.01000  3.33000e-18
6829.52000  1.00000e-18
6835.04000  5.17000e-18
6840.56000  2.90000e-17
6846.08000  1.55000e-17
6851.60000 -4.66000e-18
6857.12000 -1.36000e-17
6862.64000 -5.72000e-18
6868.15000  2.80000e-17
6873.67000  5.06000e-17
6879.18999  2.99000e-17
6884.71000  8.88000e-18
6890.23000  3.86000e-18
6895.75000 -2.00000e-18
6901.26000  1.49000e-17
6906.78000  2.78000e-17
6912.30000  2.50000e-17
6917.82000  1.59000e-17
6923.34000  2.16000e-17
6928.86000  1.99000e-17
6934.38000  2.78000e-17
6939.89000  1.34000e-17
6945.41000  2.20000e-17
6950.93000  2.14000e-17
6956.45000  1.61000e-17
6961.97000  2.04000e-17
6967.49000  1.47000e-17
6973.00000  3.26000e-17
6978.52000  5.29000e-18
6984.04000  2.51000e-18
6989.56000  2.81000e-17
6995.08001  3.42000e-17
7000.60000  3.87000e-17
7006.11000  2.24000e-17
7011.63000  1.82000e-17
7017.15000  8.89000e-18
7022.67000  2.07000e-17
7028.19000  1.31000e-17
7033.71000  2.90000e-18
7039.23000  1.03000e-17
7044.74000  1.86000e-17
7050.26000  2.39000e-17
7055.78000 -9.19000e-19
7061.30000  8.57000e-18
7066.82000  1.37000e-18
7072.34000  2.39000e-17
7077.85000  1.76000e-17
7083.37000  3.39000e-17
7088.89000  4.12000e-17
7094.41000  2.97000e-17
7099.93000  1.80000e-17
7105.45000  2.05000e-17
7110.97000  6.10000e-18
7116.48000  1.45000e-17
7122.00000  2.60000e-17
7127.51999  2.94000e-17
7133.04000  1.23000e-17
7138.56000  1.22000e-17
7144.08000  1.72000e-17
7149.59000  3.06000e-17
7155.11000  1.67000e-17
7160.63000  2.00000e-17
7166.15000  1.85000e-17
7171.67000  3.64000e-17
7177.19000  3.51000e-17
7182.71000  2.39000e-17
7188.22000  2.37000e-17
7193.74000  1.30000e-17
7199.26000  1.30000e-17
7204.78000  5.89000e-18
7210.30000  2.45000e-17
7215.82000  2.96000e-17
7221.33000  2.22000e-17
7226.85000  3.86000e-17
7232.37000  2.64000e-17
7237.89000  1.30000e-17
7243.41001  1.13000e-17
7248.93000  1.82000e-17
7254.44000  2.02000e-17
7259.95999  1.69000e-17
7265.48000  1.32000e-17
7271.00000  2.55000e-17
7276.52000  1.85000e-17
7282.04000  1.49000e-17
7287.56000 -3.37000e-18
7293.07000  3.02000e-17
7298.59000  1.46000e-17
7304.11000 -4.33000e-18
7309.63000  1.48000e-17
7315.15000  3.64000e-17
7320.67000  8.14000e-19
7326.18000 -7.16000e-18
7331.70000  1.90000e-17
7337.22000  2.83000e-17
7342.74000 -4.37000e-18
7348.26000  2.76000e-17
7353.78000  1.85000e-17
7359.30000 -6.70000e-18
7364.81000  1.71000e-17
7370.33000  2.16000e-17
7375.85001  1.68000e-17
7381.37000  2.84000e-17
7386.89000  9.91000e-18
7392.41000  2.54000e-17
7397.92000  9.94000e-18
7403.44000  1.87000e-17
7408.96000  3.50000e-17
7414.48000 -1.27000e-17
7420.00000  1.78000e-17
7425.52000  1.89000e-17
7431.04000 -1.57000e-19
7436.55000  3.65000e-17
7442.07000  2.31000e-17
7447.59000  8.69000e-18
7453.11000  3.20000e-17
7458.63000          nan
7464.15000          nan
7469.66000          nan
7475.18000          nan
7480.70000          nan
7486.22000          nan
7491.74000          nan
7497.26000          nan
7502.77000          nan
7508.28999          nan
7513.81000          nan
7519.33000          nan
7524.85000          nan
7530.37000          nan
7535.89000          nan
7541.40000          nan
7546.92000          nan
7552.44000          nan
7557.96000          nan
7563.48000          nan
7569.00000          nan
7574.51000          nan
7580.03000          nan
7585.55000          nan
7591.07000          nan
7596.59000          nan
7602.11000          nan
7607.63000          nan
7613.14000          nan
7618.66000          nan
7624.18001          nan
7629.70000          nan
7635.22000          nan
7640.74000          nan
7646.25000          nan
7651.77000          nan
7657.29000          nan
7662.81000          nan
7668.33000          nan
7673.85000          nan
7679.37000          nan
7684.88000          nan
7690.40000          nan
7695.92000          nan
7701.44000          nan
7706.96000          nan
7712.48000          nan
7717.99000          nan
7723.51000          nan
7729.03000          nan
7734.55000          nan
7740.07000          nan
7745.59000          nan
7751.10000          nan
7756.62001          nan
7762.14000          nan
7767.66000          nan
7773.18000          nan
7778.70000          nan
7784.21999          nan
7789.73000          nan
7795.25000          nan
7800.77000          nan
7806.29000          nan
7811.81000          nan
7817.33000          nan
7822.84000          nan
7828.36000          nan
7833.88000          nan
7839.40000          nan
7844.92000          nan
7850.44000          nan
7855.96000          nan
7861.47000          nan
7866.99000          nan
7872.51000          nan
7878.03000          nan
7883.55000          nan
7889.07000          nan
7894.58000          nan
7900.10000          nan
7905.62000          nan
7911.14000          nan
7916.66000          nan
7922.18000          nan
7927.70000          nan
7933.21000          nan
7938.73000          nan
7944.25000          nan
7949.77000          nan
7955.29000          nan
7960.81000          nan
7966.32000          nan
7971.84000          nan
7977.36000          nan
7982.88000          nan
7988.40000          nan
7993.92000          nan
7999.43000          nan
8004.95001          nan
8010.47000          nan
8015.99000          nan
8021.51000          nan
8027.03000          nan
8032.54999          nan
8038.06000          nan
8043.58000          nan
8049.10000          nan
8054.62000          nan
8060.14000          nan
8065.66000          nan
8071.17000          nan
8076.69000          nan
8082.21000          nan
8087.73000          nan
8093.25000          nan
8098.77000          nan
8104.29000          nan
8109.80000          nan
8115.32000          nan
8120.84000          nan
8126.36000          nan
8131.88000          nan
8137.40000          nan
8142.91000          nan
8148.43000          nan
8153.95000          nan
8159.47000          nan
8164.98999          nan
8170.51000          nan
8176.03000          nan
8181.54000          nan
8187.06000          nan
8192.58000          nan
8198.10000          nan
8203.62000          nan
8209.14000          nan
8214.65000          nan
8220.17000          nan
8225.69000          nan
8231.21000          nan
8236.73000          nan
8242.25000          nan
8247.76000          nan
8253.28001          nan
8258.80000          nan
8264.32000          nan
8269.84000          nan
8275.36000          nan
8280.88001          nan
8286.39000          nan
8291.91000          nan
8297.43000          nan
8302.95000          nan
8308.47000          nan
8313.99000          nan
8319.50000          nan
8325.02000          nan
8330.54000          nan
8336.06000          nan
8341.58000          nan
8347.10000          nan
8352.62000          nan
8358.13000          nan
8363.65000          nan
8369.17000          nan
8374.69000          nan
8380.21000          nan
8385.73000          nan
8391.24000          nan
8396.76000          nan
8402.28000          nan
8407.80000          nan
8413.31999          nan
8418.84000          nan
8424.36000          nan
8429.87000          nan
8435.39000          nan
8440.91000          nan
8446.43000          nan
8451.95000          nan
8457.47000          nan
8462.98000          nan
8468.50000          nan
8474.02000          nan
8479.54000          nan
8485.06000          nan
8490.58000          nan
8496.10000          nan
8501.61000          nan
8507.13000          nan
8512.65000          nan
8518.17000          nan
8523.69000          nan
8529.21001          nan
8534.72000          nan
8540.24000          nan
8545.76000          nan
8551.28000          nan
8556.80000          nan
8562.32000          nan
8567.83000          nan
8573.35000          nan
8578.87000          nan
8584.39000          nan
8589.91000          nan
8595.43000          nan
8600.95000          nan
8606.46000          nan
8611.98000          nan
8617.50000          nan
8623.02000          nan
8628.54000          nan
8634.06000          nan
8639.57000          nan
8645.09000          nan
8650.61000          nan
8656.13000          nan
8661.65001          nan
8667.17000          nan
8672.69000          nan
8678.20000          nan
8683.72000          nan
8689.24000          nan
8694.76000          nan
8700.28000          nan
8705.80000          nan
8711.31000          nan
8716.83000          nan
8722.35000          nan
8727.87000          nan
8733.39000          nan
8738.91000          nan
8744.43000          nan
8749.94000          nan
8755.46000          nan
8760.98000          nan
8766.50000          nan
8772.02000          nan
8777.54000          nan
8783.05000          nan
8788.57000          nan
8794.08999          nan
8799.61000          nan
8805.13000          nan
8810.65000          nan
8816.16000          nan
8821.68000          nan
8827.20000          nan
8832.72000          nan
8838.24000          nan
8843.76000          nan
8849.28000          nan
8854.79000          nan
8860.31000          nan
8865.83000          nan
8871.35000          nan
8876.87000          nan
8882.39000          nan
8887.90000          nan
8893.42000          nan
8898.94000          nan
8904.46000          nan
8909.98001          nan
8915.50000          nan
8921.02000          nan
8926.53000          nan
8932.05000          nan
8937.57000          nan
8943.09000          nan
8948.61000          nan
8954.13000          nan
8959.64000          nan
8965.16000          nan
8970.68000          nan
8976.20000          nan
8981.72000          nan
8987.24000          nan
8992.76000          nan
8998.27000          nan
9003.79000          nan
9009.31000          nan
9014.83000          nan
9020.35000          nan
9025.87000          nan
9031.38000          nan
9036.90000          nan
9042.41999          nan
9047.94000          nan
9053.46000          nan
9058.98000          nan
9064.49000          nan
9070.01000          nan
9075.53000          nan
9081.05000          nan
9086.57000          nan
9092.09000          nan
9097.61000          nan
9103.12000          nan
9108.64000          nan
9114.16000          nan
9119.68000          nan
9125.20000          nan
9130.72000          nan
9136.23000          nan
9141.75000          nan
9147.27000          nan
9152.79000          nan
9158.31000          nan
9163.83000          nan
9169.35000          nan
9174.85999          nan
9180.38000          nan
9185.90000          nan
9191.42000          nan
9196.94000          nan
9202.46000          nan
9207.97000          nan
9213.49000          nan
9219.01000          nan
9224.53000          nan
9230.05000          nan
9235.57000          nan
9241.09000          nan
