3472.005 5.25731e-17 
3477.270 8.24859e-17 
3482.526 1.04404e-16 
3487.791 -2.96746e-17 
3493.056 3.22518e-17 
3498.321 1.91826e-17 
3503.586 5.41179e-17 
3508.842 2.90577e-17 
3514.107 6.10017e-17 
3519.372 5.39501e-17 
3524.638 4.59028e-17 
3529.903 -1.91403e-17 
3535.158 3.88209e-17 
3540.424 -5.21376e-18 
3545.689 -4.98443e-17 
3550.954 3.77294e-17 
3556.219 -4.62929e-17 
3561.475 -2.31112e-18 
3566.740 -4.32531e-18 
3572.005 5.66447e-18 
3577.270 -7.34176e-18 
3582.526 4.56560e-17 
3587.791 -1.33425e-17 
3593.056 1.06630e-17 
3598.321 3.86723e-17 
3603.586 -9.31464e-18 
3608.842 2.37022e-17 
3614.107 -2.62772e-17 
3619.372 -2.02529e-17 
3624.638 7.75081e-19 
3629.903 2.28067e-17 
3635.158 3.58419e-17 
3640.424 -1.61193e-17 
3645.689 5.09231e-17 
3650.954 8.96895e-18 
3656.219 5.00183e-17 
3661.475 2.07105e-18 
3666.740 -2.28727e-17 
3672.005 -1.88131e-17 
3677.270 4.32500e-17 
3682.535 2.63163e-17 
3687.791 -1.46142e-17 
3693.056 2.14588e-17 
3698.321 2.15349e-17 
3703.586 -3.98857e-17 
3708.852 1.36969e-17 
3714.107 3.77824e-17 
3719.372 -2.61287e-17 
3724.638 1.09632e-17 
3729.903 3.05822e-18 
3735.158 -6.84395e-18 
3740.424 2.25710e-18 
3745.689 5.63611e-17 
3750.954 -3.65319e-17 
3756.219 -2.42206e-18 
3761.475 -3.09485e-19 
3766.740 -2.21939e-17 
3772.005 2.39246e-17 
3777.270 -2.29542e-17 
3782.535 -4.83017e-18 
3787.791 -3.07036e-17 
3793.056 4.42587e-18 
3798.321 4.35580e-17 
3803.586 -1.03071e-17 
3808.852 3.83037e-18 
3814.107 -3.40298e-17 
3819.372 -4.10872e-17 
3824.638 -2.57420e-17 
3829.903 3.94057e-17 
3835.168 1.25559e-17 
3840.424 1.87083e-17 
3845.689 -5.81366e-17 
3850.954 -6.90790e-17 
3856.219 -3.28191e-17 
3861.484 6.34310e-18 
3866.740 3.50742e-18 
3872.005 -1.63257e-17 
3877.270 -2.81565e-17 
3882.535 1.01487e-18 
3887.791 -3.18118e-17 
3893.056 -1.46360e-17 
3898.321 -3.98580e-17 
3903.586 -5.26779e-17 
3908.852 -4.18956e-17 
3914.107 -1.49116e-17 
3919.372 9.27483e-18 
3924.638 -7.53671e-18 
3929.903 -3.46238e-19 
3935.168 2.84620e-18 
3940.424 1.50403e-17 
3945.689 -1.67634e-17 
3950.954 2.44349e-17 
3956.219 -1.03650e-17 
3961.484 -2.51630e-17 
3966.740 1.00405e-17 
3972.005 -2.47539e-17 
3977.270 -3.65465e-17 
3982.535 -2.03373e-17 
3987.800 4.87362e-18 
3993.056 -4.91412e-18 
3998.321 1.53002e-17 
4003.586 3.65162e-17 
4008.852 -2.42662e-17 
4014.107 -2.60474e-17 
4019.372 2.41734e-17 
4024.638 1.53958e-17 
4029.903 3.36198e-17 
4035.168 1.48452e-17 
4040.424 2.70717e-17 
4045.689 6.23001e-17 
4050.954 4.65300e-17 
4056.219 -7.23876e-18 
4061.484 1.79939e-17 
4066.740 -1.07725e-17 
4072.005 -5.53707e-18 
4077.270 -2.60003e-17 
4082.535 1.89377e-17 
4087.800 3.17699e-18 
4093.056 5.41713e-18 
4098.321 1.46589e-17 
4103.586 1.19020e-17 
4108.852 -3.85374e-18 
4114.117 -3.25083e-17 
4119.372 -1.63623e-17 
4124.638 -8.11456e-18 
4129.903 3.13419e-18 
4135.168 1.43841e-17 
4140.433 3.16350e-17 
4145.689 1.38865e-17 
4150.954 1.01395e-17 
4156.219 3.39345e-18 
4161.484 8.64838e-18 
4166.740 1.29038e-17 
4172.005 1.81607e-17 
4177.270 1.41840e-18 
4182.535 3.56770e-17 
4187.800 1.89365e-17 
4193.056 -2.05035e-17 
4198.321 1.45761e-18 
4203.586 1.37196e-17 
4208.852 -7.01759e-18 
4214.117 3.22460e-17 
4219.372 3.95097e-17 
4224.638 -1.88252e-17 
4229.903 6.04048e-18 
4235.168 1.73069e-17 
4240.433 -3.29261e-17 
4245.689 -4.84588e-17 
4250.954 -1.48905e-17 
4256.219 -1.56215e-17 
4261.484 -4.35205e-18 
4266.749 7.91805e-18 
4272.005 6.18820e-18 
4277.270 2.94594e-17 
4282.535 6.73105e-18 
4287.800 1.30032e-17 
4293.066 2.27589e-18 
4298.321 8.54845e-18 
4303.586 -1.78029e-19 
4308.852 3.40960e-17 
4314.117 -1.62970e-18 
4319.372 -3.55522e-19 
4324.638 -1.85804e-17 
4329.903 1.91950e-17 
4335.168 3.47072e-18 
4340.433 4.74676e-18 
4345.689 1.50226e-17 
4350.954 3.42992e-17 
4356.219 -8.42394e-18 
4361.484 1.38531e-17 
4366.749 6.81304e-17 
4372.005 4.54074e-17 
4377.270 4.16851e-17 
4382.535 -7.03707e-18 
4387.800 4.82409e-17 
4393.066 3.95191e-17 
4398.321 -1.50032e-17 
4403.586 1.80751e-17 
4408.852 4.35354e-18 
4414.117 1.56320e-17 
4419.382 2.19105e-17 
4424.638 1.18858e-18 
4429.903 3.14671e-17 
4435.168 2.07457e-17 
4440.433 -1.61758e-17 
4445.698 -1.33973e-17 
4450.954 2.05806e-17 
4456.219 -1.14097e-18 
4461.484 6.11373e-17 
4466.749 -2.58449e-18 
4472.005 -2.73069e-17 
4477.270 -2.89447e-20 
4482.535 2.52489e-17 
4487.800 2.35265e-17 
4493.066 3.18040e-17 
4498.321 -1.10192e-17 
4503.586 1.73578e-17 
4508.852 3.56348e-17 
4514.117 2.69114e-17 
4519.382 4.51877e-17 
4524.638 4.24634e-17 
4529.903 2.07392e-17 
4535.168 6.90147e-17 
4540.433 -1.71006e-18 
4545.698 -1.53515e-18 
4550.954 1.08389e-17 
4556.219 2.11316e-18 
4561.484 4.93870e-17 
4566.749 4.96605e-17 
4572.014 2.59336e-17 
4577.270 2.02058e-17 
4582.535 2.84780e-17 
4587.800 1.97498e-17 
4593.066 -8.67871e-18 
4598.321 5.12917e-17 
4603.586 1.65621e-17 
4608.852 2.88322e-17 
4614.117 6.91017e-17 
4619.382 8.83706e-17 
4624.638 6.56386e-17 
4629.903 3.19065e-17 
4635.168 6.31739e-17 
4640.433 5.74407e-17 
4645.698 3.27069e-17 
4650.954 2.99721e-17 
4656.219 6.92371e-17 
4661.484 4.95016e-17 
4666.749 5.77654e-17 
4672.014 2.82860e-18 
4677.270 1.02907e-17 
4682.535 2.95526e-17 
4687.800 3.98138e-17 
4693.066 1.30744e-17 
4698.331 2.03343e-17 
4703.586 3.25929e-17 
4708.852 3.18514e-17 
4714.117 3.41091e-17 
4719.382 4.83661e-17 
4724.647 4.66223e-17 
4729.903 1.88774e-17 
4735.168 4.31321e-17 
4740.433 3.03861e-17 
4745.698 3.26392e-17 
4750.954 5.48911e-17 
4756.219 4.61427e-17 
4761.484 2.33934e-17 
4766.749 2.66434e-17 
4772.014 3.08924e-17 
4777.270 3.31402e-17 
4782.535 3.33876e-17 
4787.800 5.36341e-17 
4793.066 3.88798e-17 
4798.331 7.01245e-17 
4803.586 3.33679e-17 
4808.852 6.91092e-18 
4814.117 3.98530e-17 
4819.382 -2.60595e-18 
4824.647 2.93342e-17 
4829.903 2.45731e-17 
4835.168 1.38114e-17 
4840.433 -1.61513e-17 
4845.698 5.78511e-18 
4850.963 3.25205e-17 
4856.219 6.37545e-17 
4861.484 7.29879e-17 
4866.749 3.22204e-17 
4872.014 1.54518e-17 
4877.280 -3.11775e-18 
4882.535 3.79112e-17 
4887.800 2.01396e-17 
4893.066 4.73670e-17 
4898.331 3.65932e-17 
4903.586 4.28180e-17 
4908.852 6.60423e-17 
4914.117 4.62654e-17 
4919.382 8.58738e-18 
4924.647 -3.49166e-18 
4929.903 2.99278e-17 
4935.168 -1.26534e-17 
4940.433 2.23643e-17 
4945.698 2.25808e-17 
4950.963 1.41963e-17 
4956.219 3.30102e-17 
4961.484 3.82343e-18 
4966.749 2.44355e-17 
4972.014 3.06464e-17 
4977.280 5.35624e-18 
4982.535 1.89645e-17 
4987.800 1.55720e-17 
4993.066 -6.62168e-18 
4998.331 1.35835e-17 
5003.596 4.48874e-17 
5008.852 4.80899e-17 
5014.117 2.42915e-17 
5019.382 4.74919e-17 
5024.647 1.54911e-17 
5029.912 1.44892e-17 
5035.168 2.80856e-17 
5040.433 5.52813e-17 
5045.698 3.74757e-17 
5050.963 1.46688e-17 
5056.219 -1.39395e-17 
5061.484 1.03512e-17 
5066.749 1.47407e-17 
5072.014 3.44290e-17 
5077.280 2.26160e-17 
5082.535 3.18014e-17 
5087.800 1.59860e-17 
5093.066 -1.60307e-17 
5098.331 -4.93487e-17 
5103.596 1.78321e-17 
5108.852 1.55113e-17 
5114.117 -1.09105e-17 
5119.382 1.23665e-17 
5124.647 1.71422e-17 
5129.912 -4.88342e-18 
5135.168 3.25894e-17 
5140.433 1.51613e-17 
5145.698 -5.06815e-18 
5150.963 -1.28989e-17 
5156.229 -1.28308e-17 
5161.484 2.93554e-18 
5166.749 1.32010e-17 
5172.014 -9.03494e-18 
5177.280 -5.09721e-17 
5182.535 1.59891e-17 
5187.800 9.44930e-18 
5193.066 -3.69176e-18 
5198.331 -2.28342e-17 
5203.596 2.22124e-19 
5208.852 2.67683e-18 
5214.117 -9.16951e-18 
5219.382 -1.92172e-17 
5224.647 3.63339e-17 
5229.912 -2.11164e-17 
5235.168 -3.00683e-17 
5240.433 -2.62212e-17 
5245.698 4.52459e-18 
5250.963 -9.23098e-18 
5256.229 1.88122e-17 
5261.484 4.43537e-17 
5266.749 2.22942e-17 
5272.014 -3.12666e-17 
5277.280 -2.57288e-17 
5282.545 -1.91923e-17 
5287.800 1.59426e-17 
5293.066 -3.02347e-18 
5298.331 9.07583e-21 
5303.596 1.44030e-18 
5308.861 -3.86298e-17 
5314.117 -4.40145e-18 
5319.382 -2.53742e-17 
5324.647 -3.18483e-17 
5329.912 1.55763e-17 
5335.168 3.31994e-17 
5340.433 8.32140e-18 
5345.698 1.36421e-17 
5350.963 -1.40386e-17 
5356.229 -1.39206e-17 
5361.484 3.95920e-19 
5366.749 4.81132e-18 
5372.014 1.72254e-17 
5377.280 -1.22618e-17 
5382.545 -1.47503e-17 
5387.800 -6.64039e-18 
5393.066 7.96849e-18 
5398.331 1.80760e-17 
5403.596 -1.97177e-17 
5408.861 -2.36128e-17 
5414.117 -1.55093e-17 
5419.382 5.99309e-18 
5424.647 2.38942e-17 
5429.912 1.01939e-17 
5435.177 -7.70757e-18 
5440.433 -1.76105e-17 
5445.698 -4.40146e-17 
5450.963 -3.29199e-17 
5456.229 -6.48265e-17 
5461.494 -2.08344e-17 
5466.749 -2.02437e-17 
5472.014 -4.54542e-17 
5477.280 -1.94659e-17 
5482.545 2.09212e-17 
5487.800 -2.02931e-17 
5493.066 -9.40859e-18 
5498.331 7.67472e-18 
5503.596 2.66568e-17 
5508.861 1.29376e-17 
5514.117 3.36171e-17 
5519.382 1.79954e-17 
5524.647 -1.70274e-17 
5529.912 -2.93515e-17 
5535.177 6.72316e-18 
5540.433 2.08965e-17 
5545.698 1.86688e-17 
5550.963 -5.96012e-18 
5556.229 1.25098e-17 
5561.494 -1.96215e-17 
5566.749 -2.75542e-17 
5572.014 2.16121e-17 
5577.280 -1.22719e-19 
5582.545 3.84125e-18 
5587.810 2.79040e-17 
5593.066 3.46559e-18 
5598.331 1.32608e-18 
5603.596 -2.93146e-17 
5608.861 -4.19564e-17 
5614.126 2.78007e-17 
5619.382 -1.44350e-18 
5624.647 -1.62887e-17 
5629.912 -2.18350e-17 
5635.177 -9.88244e-18 
5640.433 1.96689e-17 
5645.698 -6.08068e-18 
5650.963 -3.73140e-18 
5656.229 2.50168e-17 
5661.494 3.23639e-17 
5666.749 9.40988e-18 
5672.014 -6.94513e-18 
5677.280 -1.84012e-17 
5682.545 -1.79583e-17 
5687.810 -1.67165e-17 
5693.066 1.09242e-17 
5698.331 -7.83597e-18 
5703.596 -8.19721e-18 
5708.861 1.17405e-17 
5714.126 4.27728e-18 
5719.382 -1.55870e-17 
5724.647 2.18477e-17 
5729.912 2.99815e-17 
5735.177 1.21434e-18 
5740.443 -3.85381e-18 
5745.698 3.77039e-19 
5750.963 4.40699e-18 
5756.229 1.81360e-17 
5761.494 1.64116e-19 
5766.759 4.19129e-18 
5772.014 8.01751e-18 
5777.280 1.63429e-17 
5782.545 -7.83264e-18 
5787.810 2.02910e-17 
5793.066 2.25136e-17 
5798.331 1.01355e-17 
5803.596 1.17565e-17 
5808.861 -1.29233e-17 
5814.126 1.76960e-17 
5819.382 4.41449e-18 
5824.647 1.90322e-17 
5829.912 -3.35509e-17 
5835.177 1.17652e-17 
5840.443 3.18050e-18 
5845.698 -1.93050e-17 
5850.963 -1.11912e-17 
5856.229 1.98218e-17 
5861.494 1.89341e-17 
5866.759 9.94570e-18 
5872.014 6.65652e-18 
5877.280 -5.33335e-19 
5882.545 -1.27239e-17 
5887.810 4.04849e-17 
5893.075 2.32930e-17 
5898.331 3.61478e-22 
5903.596 -2.29287e-18 
5908.861 -1.66867e-17 
5914.126 -1.07812e-17 
5919.382 -9.57635e-18 
5924.647 -6.37206e-18 
5929.912 1.33316e-17 
5935.177 8.83475e-18 
5940.443 3.53729e-18 
5945.698 -2.88607e-17 
5950.963 -1.08593e-17 
5956.229 2.84165e-18 
5961.494 -1.80580e-17 
5966.759 1.76419e-17 
5972.014 6.44136e-18 
5977.280 9.04028e-18 
5982.545 5.93875e-18 
5987.810 -1.94633e-17 
5993.075 -1.63657e-17 
5998.331 1.54315e-17 
6003.596 -1.17718e-17 
6008.861 -4.93755e-17 
6014.126 3.21205e-17 
6019.391 2.50160e-17 
6024.647 -1.08873e-18 
6029.912 -3.69939e-17 
6035.177 -2.20993e-17 
6040.443 6.39490e-18 
6045.708 -3.09112e-17 
6050.963 1.10825e-17 
6056.229 -2.88242e-17 
6061.494 1.96893e-18 
6066.759 2.59618e-17 
6072.014 2.65443e-18 
6077.280 -1.56532e-17 
6082.545 -1.70609e-17 
6087.810 -3.76892e-18 
6093.075 4.34229e-17 
6098.331 2.04147e-17 
6103.596 2.28062e-17 
6108.861 9.69766e-18 
6114.126 -8.81100e-18 
6119.391 2.11802e-17 
6124.647 2.23714e-17 
6129.912 -1.33748e-18 
6135.177 -1.77464e-17 
6140.443 -1.12554e-17 
6145.708 1.62356e-17 
6150.963 2.21267e-17 
6156.229 1.63177e-17 
6161.494 1.51088e-17 
6166.759 -6.60010e-18 
6172.024 -2.55089e-17 
6177.280 -5.41761e-18 
6182.545 -8.26224e-19 
6187.810 -8.34720e-19 
6193.075 -1.40431e-17 
6198.340 3.48713e-19 
6203.596 -1.03593e-17 
6208.861 -2.30672e-17 
6214.126 2.54252e-17 
6219.391 1.30178e-17 
6224.647 -1.18894e-17 
6229.912 -1.20963e-17 
6235.177 -3.41030e-17 
6240.443 -1.58093e-17 
6245.708 1.68465e-18 
6250.963 -1.95210e-17 
6256.229 1.67359e-18 
6261.494 9.76859e-18 
6266.759 1.17640e-17 
6272.024 -4.04022e-18 
6277.280 1.13560e-17 
6282.545 -7.14735e-18 
6287.810 1.46498e-17 
6293.075 -4.55526e-17 
6298.340 -1.03546e-17 
6303.596 3.19441e-17 
6308.861 1.05432e-17 
6314.126 -4.13571e-17 
6319.391 -2.75683e-18 
6324.657 1.11440e-17 
6329.912 -2.28545e-17 
6335.177 -5.23787e-20 
6340.443 3.95038e-18 
6345.708 1.28538e-17 
6350.973 -6.74205e-18 
6356.229 -2.35372e-17 
6361.494 -1.70316e-17 
6366.759 -4.02531e-18 
6372.024 -4.81821e-18 
6377.280 1.58897e-17 
6382.545 2.55984e-17 
6387.810 9.80793e-18 
6393.075 -8.28167e-18 
6398.340 1.94296e-17 
6403.596 5.41769e-19 
6408.861 -9.34514e-18 
6414.126 3.06689e-17 
6419.391 8.08390e-18 
6424.657 1.87999e-17 
6429.912 -6.28316e-18 
6435.177 1.76349e-17 
6440.443 2.36539e-17 
6445.708 2.32740e-17 
6450.973 -1.18047e-17 
6456.229 8.51755e-18 
6461.494 6.44102e-18 
6466.759 -9.13436e-18 
6472.024 -2.51085e-17 
6477.289 2.47185e-17 
6482.545 1.62466e-17 
6487.810 -2.99239e-17 
6493.075 -1.09312e-18 
6498.340 1.58389e-17 
6503.596 1.82722e-17 
6508.861 -1.24931e-17 
6514.126 7.42977e-19 
6519.391 4.80418e-19 
6524.657 1.35193e-17 
6529.912 1.77595e-17 
6535.177 4.90122e-18 
6540.443 1.16444e-17 
6545.708 7.48917e-18 
6550.973 3.53541e-18 
6556.229 -5.16879e-19 
6561.494 -8.96751e-18 
6566.759 8.78346e-18 
6572.024 -1.51640e-17 
6577.289 -3.37097e-17 
6582.545 -6.95391e-18 
6587.810 -3.59631e-18 
6593.075 1.24630e-17 
6598.340 -1.47592e-18 
6603.605 -6.91309e-18 
6608.861 -1.17486e-17 
6614.126 4.71787e-18 
6619.391 -2.76138e-17 
6624.657 5.85634e-18 
6629.922 2.36284e-17 
6635.177 -1.08978e-17 
6640.443 2.83782e-17 
6645.708 3.65605e-18 
6650.973 3.75359e-17 
6656.229 8.11771e-18 
6661.494 -4.36983e-17 
6666.759 2.28769e-18 
6672.024 3.75832e-19 
6677.289 -1.15339e-17 
6682.545 -1.92417e-17 
6687.810 7.75294e-18 
6693.075 9.84973e-18 
6698.340 1.33488e-17 
6703.605 1.18500e-17 
6708.861 1.20534e-17 
6714.126 6.59322e-19 
6719.391 -5.13245e-18 
6724.657 -2.04218e-17 
6729.922 -3.23089e-17 
6735.177 2.20632e-18 
6740.443 -8.47580e-18 
6745.708 1.01445e-17 
6750.973 -3.26397e-20 
6756.238 4.69272e-18 
6761.494 3.30204e-17 
6766.759 2.03509e-17 
6772.024 -3.15957e-19 
6777.289 -1.06802e-17 
6782.554 6.35825e-18 
6787.810 -1.93009e-17 
6793.075 1.61430e-17 
6798.340 1.99896e-17 
6803.605 -8.86099e-18 
6808.861 1.49095e-18 
6814.126 4.68460e-17 
6819.391 5.50039e-17 
6824.657 1.55648e-17 
6829.922 5.32854e-18 
6835.177 1.02949e-17 
6840.443 -1.23534e-18 
6845.708 -6.36263e-18 
6850.973 -1.43869e-17 
6856.238 -1.27080e-17 
6861.494 8.77359e-18 
6866.759 -6.94135e-18 
6872.024 -9.35311e-18 
6877.289 -7.46167e-18 
6882.554 7.32992e-19 
6887.810 1.76306e-17 
6893.075 7.33176e-18 
6898.340 -3.00637e-17 
6903.605 -7.22559e-17 
6908.871 -2.45446e-17 
6914.126 -1.53304e-17 
6919.391 1.06877e-17 
6924.657 -3.95907e-17 
6929.922 -4.26657e-17 
6935.187 1.32629e-17 
6940.443 2.77946e-17 
6945.708 4.23036e-18 
6950.973 -1.02303e-17 
6956.238 -1.73873e-17 
6961.494 -6.74100e-18 
6966.759 -1.58906e-17 
6972.024 -6.13644e-18 
6977.289 -2.18785e-17 
6982.554 -4.61167e-17 
6987.810 6.44843e-18 
6993.075 -3.38208e-18 
6998.340 -6.30871e-18 
7003.605 -9.43137e-18 
7008.871 2.65001e-18 
7014.126 4.93478e-18 
7019.391 3.72414e-18 
7024.657 1.44176e-17 
7029.922 2.36152e-17 
7035.187 -4.28315e-18 
7040.443 -3.07783e-18 
7045.708 1.73322e-17 
7050.973 -9.85346e-18 
7056.238 -3.24349e-17 
7061.503 -1.41120e-17 
7066.759 2.25146e-17 
7072.024 -2.87538e-17 
7077.289 1.24822e-17 
7082.554 3.99226e-17 
7087.810 -8.93306e-18 
7093.075 2.49164e-17 
7098.340 2.79703e-17 
7103.605 5.62882e-18 
7108.871 1.92920e-17 
