3640.05000  1.90000e-16
3645.57000  2.20000e-16
3651.08000  2.42000e-16
3656.60000  1.08000e-16
3662.12000  1.70000e-16
3667.64000  1.57000e-16
3673.16000  1.92000e-16
3678.67001  1.67000e-16
3684.19000  1.99000e-16
3689.71000  1.92000e-16
3695.23000  1.84000e-16
3700.75000  1.19000e-16
3706.26000  1.77000e-16
3711.78000  1.33000e-16
3717.30000  8.84000e-17
3722.82000  1.76000e-16
3728.34000  9.20000e-17
3733.85000  1.36000e-16
3739.37000  1.34000e-16
3744.89000  1.44000e-16
3750.41000  1.31000e-16
3755.92000  1.84000e-16
3761.44000  1.25000e-16
3766.96000  1.49000e-16
3772.48000  1.77000e-16
3778.00000  1.29000e-16
3783.51001  1.62000e-16
3789.03000  1.12000e-16
3794.55000  1.18000e-16
3800.07000  1.39000e-16
3805.59000  1.61000e-16
3811.10000  1.74000e-16
3816.62000  1.22000e-16
3822.14000  1.89000e-16
3827.66000  1.47000e-16
3833.18000  1.88000e-16
3838.69000  1.40000e-16
3844.21000  1.15000e-16
3849.73000  1.19000e-16
3855.25000  1.81000e-16
3860.77000  1.64000e-16
3866.28000  1.23000e-16
3871.80000  1.59000e-16
3877.32000  1.59000e-16
3882.84000  9.75000e-17
3888.36000  1.51000e-16
3893.87000  1.75000e-16
3899.39000  1.11000e-16
3904.91000  1.48000e-16
3910.43000  1.40000e-16
3915.94000  1.30000e-16
3921.46000  1.39000e-16
3926.98000  1.93000e-16
3932.50000  1.00000e-16
3938.02000  1.34000e-16
3943.53000  1.36000e-16
3949.05000  1.14000e-16
3954.57000  1.60000e-16
3960.09000  1.13000e-16
3965.61000  1.31000e-16
3971.12000  1.05000e-16
3976.64000  1.40000e-16
3982.16000  1.79000e-16
3987.68000  1.25000e-16
3993.20000  1.39000e-16
3998.71000  1.01000e-16
4004.23000  9.38000e-17
4009.75000  1.09000e-16
4015.27000  1.74000e-16
4020.78999  1.47000e-16
4026.30000  1.53000e-16
4031.82000  7.60000e-17
4037.34000  6.49000e-17
4042.86000  1.01000e-16
4048.38000  1.40000e-16
4053.89000  1.37000e-16
4059.41000  1.17000e-16
4064.93000  1.05000e-16
4070.45000  1.34000e-16
4075.96000  1.01000e-16
4081.48000  1.18000e-16
4087.00000  9.26000e-17
4092.52000  7.96000e-17
4098.04000  9.02000e-17
4103.55000  1.17000e-16
4109.07000  1.41000e-16
4114.59000  1.24000e-16
4120.11000  1.31000e-16
4125.62999  1.34000e-16
4131.14000  1.46000e-16
4136.66000  1.14000e-16
4142.18000  1.55000e-16
4147.70000  1.20000e-16
4153.22000  1.05000e-16
4158.73000  1.40000e-16
4164.25000  1.05000e-16
4169.77000  9.30000e-17
4175.29000  1.09000e-16
4180.81000  1.34000e-16
4186.32000  1.24000e-16
4191.84000  1.44000e-16
4197.36000  1.65000e-16
4202.88000  1.04000e-16
4208.39000  1.02000e-16
4213.91000  1.52000e-16
4219.43000  1.43000e-16
4224.95000  1.61000e-16
4230.46999  1.42000e-16
4235.98000  1.54000e-16
4241.50000  1.89000e-16
4247.02000  1.73000e-16
4252.54000  1.19000e-16
4258.06000  1.44000e-16
4263.57000  1.15000e-16
4269.09000  1.20000e-16
4274.61000  9.93000e-17
4280.13000  1.44000e-16
4285.65000  1.28000e-16
4291.16000  1.30000e-16
4296.68000  1.39000e-16
4302.20000  1.36000e-16
4307.72000  1.20000e-16
4313.24000  9.11000e-17
4318.75000  1.07000e-16
4324.27000  1.15000e-16
4329.79000  1.26000e-16
4335.30999  1.37000e-16
4340.83000  1.54000e-16
4346.34000  1.36000e-16
4351.86000  1.32000e-16
4357.38000  1.25000e-16
4362.90000  1.30000e-16
4368.41000  1.34000e-16
4373.93000  1.39000e-16
4379.45000  1.22000e-16
4384.97000  1.56000e-16
4390.49000  1.39000e-16
4396.00000  9.93000e-17
4401.52000  1.21000e-16
4407.04000  1.33000e-16
4412.56000  1.12000e-16
4418.08000  1.51000e-16
4423.59000  1.58000e-16
4429.11000  9.94000e-17
4434.63000  1.24000e-16
4440.14999  1.35000e-16
4445.67000  8.45000e-17
4451.18000  6.87000e-17
4456.70000  1.02000e-16
4462.22000  1.01000e-16
4467.74000  1.12000e-16
4473.26000  1.24000e-16
4478.77000  1.22000e-16
4484.29000  1.45000e-16
4489.81000  1.22000e-16
4495.33000  1.28000e-16
4500.85000  1.17000e-16
4506.36000  1.23000e-16
4511.88000  1.14000e-16
4517.40000  1.48000e-16
4522.92000  1.12000e-16
4528.43000  1.13000e-16
4533.95000  9.45000e-17
4539.47000  1.32000e-16
4544.98999  1.16000e-16
4550.51000  1.17000e-16
4556.02000  1.27000e-16
4561.54000  1.46000e-16
4567.06000  1.03000e-16
4572.58000  1.25000e-16
4578.10000  1.79000e-16
4583.61000  1.56000e-16
4589.13000  1.52000e-16
4594.65000  1.03000e-16
4600.17000  1.58000e-16
4605.69000  1.49000e-16
4611.20000  9.42000e-17
4616.72000  1.27000e-16
4622.24000  1.13000e-16
4627.76000  1.24000e-16
4633.28000  1.30000e-16
4638.79000  1.09000e-16
4644.31000  1.39000e-16
4649.82999  1.28000e-16
4655.35000  9.08000e-17
4660.87000  9.33000e-17
4666.38000  1.27000e-16
4671.90000  1.05000e-16
4677.42000  1.67000e-16
4682.94000  1.03000e-16
4688.45000  7.80000e-17
4693.97000  1.05000e-16
4699.49000  1.30000e-16
4705.01000  1.28000e-16
4710.53000  1.36000e-16
4716.04000  9.29000e-17
4721.56000  1.21000e-16
4727.08000  1.39000e-16
4732.60000  1.30000e-16
4738.12000  1.48000e-16
4743.63000  1.45000e-16
4749.15000  1.23000e-16
4754.66999  1.71000e-16
4760.19000  1.00000e-16
4765.71000  9.99000e-17
4771.22000  1.12000e-16
4776.74000  1.03000e-16
4782.26000  1.50000e-16
4787.78000  1.50000e-16
4793.30000  1.26000e-16
4798.81000  1.20000e-16
4804.33000  1.28000e-16
4809.85000  1.19000e-16
4815.37000  9.03000e-17
4820.88000  1.50000e-16
4826.40000  1.15000e-16
4831.92000  1.27000e-16
4837.44000  1.67000e-16
4842.96000  1.86000e-16
4848.47000  1.63000e-16
4853.99000  1.29000e-16
4859.50999  1.60000e-16
4865.03000  1.54000e-16
4870.55000  1.29000e-16
4876.06000  1.26000e-16
4881.58000  1.65000e-16
4887.10000  1.45000e-16
4892.62000  1.53000e-16
4898.14000  9.78000e-17
4903.65000  1.05000e-16
4909.17000  1.24000e-16
4914.69000  1.34000e-16
4920.21000  1.07000e-16
4925.73000  1.14000e-16
4931.24000  1.26000e-16
4936.76000  1.25000e-16
4942.28000  1.27000e-16
4947.80000  1.41000e-16
4953.32000  1.39000e-16
4958.83000  1.11000e-16
4964.34999  1.35000e-16
4969.87000  1.22000e-16
4975.39000  1.24000e-16
4980.90000  1.46000e-16
4986.42000  1.37000e-16
4991.94000  1.14000e-16
4997.46000  1.17000e-16
5002.98000  1.21000e-16
5008.49000  1.23000e-16
5014.01000  1.23000e-16
5019.53000  1.43000e-16
5025.05000  1.28000e-16
5030.57000  1.59000e-16
5036.08000  1.22000e-16
5041.60000  9.53000e-17
5047.12000  1.28000e-16
5052.64000  8.53000e-17
5058.16000  1.17000e-16
5063.67000  1.12000e-16
5069.18999  1.01000e-16
5074.71000  7.08000e-17
5080.23000  9.25000e-17
5085.75000  1.19000e-16
5091.26000  1.50000e-16
5096.78000  1.59000e-16
5102.30000  1.18000e-16
5107.82000  1.01000e-16
5113.34000  8.22000e-17
5118.85000  1.23000e-16
5124.37000  1.05000e-16
5129.89000  1.32000e-16
5135.41000  1.21000e-16
5140.92000  1.27000e-16
5146.44000  1.50000e-16
5151.96000  1.30000e-16
5157.48000  9.21000e-17
5163.00000  7.98000e-17
5168.51000  1.13000e-16
5174.02999  7.02000e-17
5179.55000  1.05000e-16
5185.07000  1.05000e-16
5190.59000  9.64000e-17
5196.10000  1.15000e-16
5201.62000  8.56000e-17
5207.14000  1.06000e-16
5212.66000  1.12000e-16
5218.18000  8.65000e-17
5223.69000  9.99000e-17
5229.21000  9.63000e-17
5234.73000  7.39000e-17
5240.25000  9.39000e-17
5245.77000  1.25000e-16
5251.28000  1.28000e-16
5256.80000  1.04000e-16
5262.32000  1.27000e-16
5267.84000  9.48000e-17
5273.36000  9.36000e-17
5278.86999  1.07000e-16
5284.39000  1.34000e-16
5289.91000  1.16000e-16
5295.43000  9.30000e-17
5300.94000  6.42000e-17
5306.46000  8.83000e-17
5311.98000  9.25000e-17
5317.50000  1.12000e-16
5323.02000  1.00000e-16
5328.53000  1.09000e-16
5334.05000  9.30000e-17
5339.57000  6.08000e-17
5345.09000  2.73000e-17
5350.61000  9.43000e-17
5356.12000  9.18000e-17
5361.64000  6.52000e-17
5367.16000  8.83000e-17
5372.68000  9.29000e-17
5378.20000  7.07000e-17
5383.70999  1.08000e-16
5389.23000  9.04000e-17
5394.75000  7.00000e-17
5400.27000  6.20000e-17
5405.79000  6.19000e-17
5411.30000  7.75000e-17
5416.82000  8.76000e-17
5422.34000  6.52000e-17
5427.86000  2.31000e-17
5433.37000  8.99000e-17
5438.89000  8.32000e-17
5444.41000  6.99000e-17
5449.93000  5.06000e-17
5455.45000  7.35000e-17
5460.96000  7.58000e-17
5466.48000  6.38000e-17
5472.00000  5.36000e-17
5477.52000  1.09000e-16
5483.04000  5.14000e-17
5488.54999  4.23000e-17
5494.07000  4.60000e-17
5499.59000  7.66000e-17
5505.11000  6.27000e-17
5510.63000  9.06000e-17
5516.14000  1.16000e-16
5521.66000  9.38000e-17
5527.18000  4.01000e-17
5532.70000  4.55000e-17
5538.22000  5.19000e-17
5543.73000  8.69000e-17
5549.25000  6.78000e-17
5554.77000  7.07000e-17
5560.29000  7.20000e-17
5565.81000  3.18000e-17
5571.32000  6.59000e-17
5576.84000  4.48000e-17
5582.36000  3.82000e-17
5587.88000  8.55000e-17
5593.38999  1.03000e-16
5598.91000  7.80000e-17
5604.43000  8.32000e-17
5609.95000  5.54000e-17
5615.47000  5.54000e-17
5620.98000  6.96000e-17
5626.50000  7.39000e-17
5632.02000  8.62000e-17
5637.54000  5.66000e-17
5643.06000  5.40000e-17
5648.57000  6.20000e-17
5654.09000  7.65000e-17
5659.61000  8.65000e-17
5665.13000  4.86000e-17
5670.65000  4.46000e-17
5676.16000  5.26000e-17
5681.68000  7.40000e-17
5687.20000  9.18000e-17
5692.72000  7.80000e-17
5698.24000  6.00000e-17
5703.75000  5.00000e-17
5709.27000  2.35000e-17
5714.79000  3.45000e-17
5720.31000  2.45000e-18
5725.83000  4.64000e-17
5731.34000  4.69000e-17
5736.86000  2.16000e-17
5742.38000  4.75000e-17
5747.90000  8.78000e-17
5753.41000  4.65000e-17
5758.93000  5.73000e-17
5764.45000  7.43000e-17
5769.97000  9.32000e-17
5775.49000  7.94000e-17
5781.00000  1.00000e-16
5786.52000  8.43000e-17
5792.04000  4.92000e-17
5797.56000  3.68000e-17
5803.08000  7.28000e-17
5808.59000  8.69000e-17
5814.11000  8.46000e-17
5819.63000  5.99000e-17
5825.15000  7.83000e-17
5830.67000  4.61000e-17
5836.18000  3.81000e-17
5841.70000  8.72000e-17
5847.22000  6.54000e-17
5852.74000  6.93000e-17
5858.26000  9.33000e-17
5863.77000  6.88000e-17
5869.29000  6.66000e-17
5874.81000  3.59000e-17
5880.33000  2.32000e-17
5885.85000  9.29000e-17
5891.36000  6.36000e-17
5896.88000  4.87000e-17
5902.40000  4.31000e-17
5907.92000  5.50000e-17
5913.43000  8.45000e-17
5918.95000  5.87000e-17
5924.47000  6.10000e-17
5929.99000  8.97000e-17
5935.51000  9.70000e-17
5941.02000  7.40000e-17
5946.54000  5.76000e-17
5952.06000  4.61000e-17
5957.58000  4.65000e-17
5963.10000  4.77000e-17
5968.61000  7.53000e-17
5974.13000  5.65000e-17
5979.65000  5.61000e-17
5985.17000  7.60000e-17
5990.69000  6.85000e-17
5996.20000  4.86000e-17
6001.72000  8.60000e-17
6007.24000  9.41000e-17
6012.76000  6.53000e-17
6018.28000  6.02000e-17
6023.79000  6.44000e-17
6029.31000  6.84000e-17
6034.83000  8.21000e-17
6040.35000  6.41000e-17
6045.87000  6.81000e-17
6051.38000  7.19000e-17
6056.90000  8.02000e-17
6062.42000  5.60000e-17
6067.94000  8.41000e-17
6073.45000  8.63000e-17
6078.97000  7.39000e-17
6084.49000  7.55000e-17
6090.01000  5.08000e-17
6095.53000  8.14000e-17
6101.04000  6.81000e-17
6106.56000  8.27000e-17
6112.08000  3.01000e-17
6117.60000  7.54000e-17
6123.12000  6.68000e-17
6128.63000  4.43000e-17
6134.15000  5.24000e-17
6139.67000  8.34000e-17
6145.19000  8.25000e-17
6150.71000  7.35000e-17
6156.22000  7.02000e-17
6161.74000  6.30000e-17
6167.26000  5.08000e-17
6172.78000  1.04000e-16
6178.30000  8.68000e-17
6183.81000  6.35000e-17
6189.33000  6.12000e-17
6194.85000  4.68000e-17
6200.37000  5.27000e-17
6205.88000  5.39000e-17
6211.40000  5.71000e-17
6216.92000  7.68000e-17
6222.44000  7.23000e-17
6227.96000  6.70000e-17
6233.47000  3.46000e-17
6238.99000  5.26000e-17
6244.51000  6.63000e-17
6250.03000  4.54000e-17
6255.55000  8.11000e-17
6261.06000  6.99000e-17
6266.58000  7.25000e-17
6272.10000  6.94000e-17
6277.62000  4.40000e-17
6283.14000  4.71000e-17
6288.65000  7.89000e-17
6294.17000  5.17000e-17
6299.69000  1.41000e-17
6305.21000  9.56000e-17
6310.73000  8.85000e-17
6316.24000  6.24000e-17
6321.76000  2.65000e-17
6327.28000  4.14000e-17
6332.80000  6.99000e-17
6338.32001  3.26000e-17
6343.83000  7.46000e-17
6349.35000  3.47000e-17
6354.87000  6.55000e-17
6360.39000  8.95000e-17
6365.90000  6.62000e-17
6371.42000  4.79000e-17
6376.94000  4.65000e-17
6382.46000  5.98000e-17
6387.98000  1.07000e-16
6393.49000  8.40000e-17
6399.01000  8.64000e-17
6404.53000  7.33000e-17
6410.05000  5.48000e-17
6415.57000  8.48000e-17
6421.08000  8.60000e-17
6426.60000  6.23000e-17
6432.12000  4.59000e-17
6437.64000  5.24000e-17
6443.16001  7.99000e-17
6448.67000  8.58000e-17
6454.19000  8.00000e-17
6459.71000  7.88000e-17
6465.23000  5.71000e-17
6470.75000  3.82000e-17
6476.26000  5.83000e-17
6481.78000  6.29000e-17
6487.30000  6.29000e-17
6492.82000  4.97000e-17
6498.34000  6.41000e-17
6503.85000  5.34000e-17
6509.37000  4.07000e-17
6514.89000  8.92000e-17
6520.41000  7.68000e-17
6525.92000  5.19000e-17
6531.44000  5.17000e-17
6536.96000  2.97000e-17
6542.48000  4.80000e-17
6548.00001  6.55000e-17
6553.51000  4.43000e-17
6559.03000  6.55000e-17
6564.55000  7.36000e-17
6570.07000  7.56000e-17
6575.59000  5.98000e-17
6581.10000  7.52000e-17
6586.62000  5.67000e-17
6592.14000  7.85000e-17
6597.66000  1.83000e-17
6603.18000  5.35000e-17
6608.69000  9.58000e-17
6614.21000  7.44000e-17
6619.73000  2.25000e-17
6625.25000  6.11000e-17
6630.77000  7.50000e-17
6636.28000  4.10000e-17
6641.80000  6.38000e-17
6647.32000  6.78000e-17
6652.84001  7.67000e-17
6658.36000  5.71000e-17
6663.87000  4.03000e-17
6669.39000  4.68000e-17
6674.91000  5.98000e-17
6680.43000  5.90000e-17
6685.94000  7.97000e-17
6691.46000  8.94000e-17
6696.98000  7.36000e-17
6702.50000  5.55000e-17
6708.02000  8.32000e-17
6713.53000  6.43000e-17
6719.05000  5.44000e-17
6724.57000  9.44000e-17
6730.09000  7.18000e-17
6735.61000  8.25000e-17
6741.12000  5.74000e-17
6746.64000  8.13000e-17
6752.16000  8.73000e-17
6757.68001  8.69000e-17
6763.20000  5.18000e-17
6768.71000  7.21000e-17
6774.23000  7.00000e-17
6779.75000  5.44000e-17
6785.27000  3.84000e-17
6790.79000  8.82000e-17
6796.30000  7.97000e-17
6801.82000  3.35000e-17
6807.34000  6.23000e-17
6812.86000  7.92000e-17
6818.37000  8.16000e-17
6823.89000  5.08000e-17
6829.41000  6.40000e-17
6834.93000  6.37000e-17
6840.45000  7.67000e-17
6845.96000  8.09000e-17
6851.48000  6.80000e-17
6857.00000  7.47000e-17
6862.52001  7.05000e-17
6868.04000  6.65000e-17
6873.55000  6.24000e-17
6879.07000  5.39000e-17
6884.59000  7.16000e-17
6890.11000  4.76000e-17
6895.63000  2.90000e-17
6901.14000  5.57000e-17
6906.66000  5.90000e-17
6912.18000  7.50000e-17
6917.70000  6.10000e-17
6923.22000  5.55000e-17
6928.73000  5.06000e-17
6934.25000  6.70000e-17
6939.77000  3.46000e-17
6945.29000  6.80000e-17
6950.81000  8.57000e-17
6956.32000  5.11000e-17
6961.84000  9.03000e-17
6967.36001  6.55000e-17
6972.88000  9.93000e-17
6978.39000  6.98000e-17
6983.91000  1.79000e-17
6989.43000  6.38000e-17
6994.95000  6.18000e-17
7000.47000  4.98000e-17
7005.98000  4.20000e-17
7011.50000  6.89000e-17
7017.02000  7.09000e-17
7022.54000  7.43000e-17
7028.06000  7.27000e-17
7033.57000  7.28000e-17
7039.09000  6.13000e-17
7044.61000  5.54000e-17
7050.13000  4.00000e-17
7055.65000  2.80000e-17
7061.16000  6.24000e-17
7066.68000  5.16000e-17
7072.20001  7.01000e-17
7077.72000  5.98000e-17
7083.24000  6.44000e-17
7088.75000  9.26000e-17
7094.27000  7.98000e-17
7099.79000  5.90000e-17
7105.31000  4.85000e-17
7110.83000  6.54000e-17
7116.34000  3.96000e-17
7121.86000  7.49000e-17
7127.38000  7.86000e-17
7132.90000  4.96000e-17
7138.41000  5.98000e-17
7143.93000  1.05000e-16
7149.45000  1.13000e-16
7154.97000  7.34000e-17
7160.49000  6.30000e-17
7166.00000  6.78000e-17
7171.52000  5.61000e-17
7177.04001  5.08000e-17
7182.56000  4.26000e-17
7188.08000  4.41000e-17
7193.59000  6.54000e-17
7199.11000  4.95000e-17
7204.63000  4.69000e-17
7210.15000  4.86000e-17
7215.67000  5.66000e-17
7221.18000  7.33000e-17
7226.70000  6.28000e-17
7232.22000  2.52000e-17
7237.74000 -1.72000e-17
7243.26000  3.03000e-17
7248.77000  3.93000e-17
7254.29000  6.51000e-17
7259.81000  1.46000e-17
7265.33000  1.13000e-17
7270.85000  6.70000e-17
7276.36000  8.13000e-17
7281.88001  5.75000e-17
7287.40000  4.28000e-17
7292.92000  3.54000e-17
7298.43000  4.58000e-17
7303.95000  3.64000e-17
7309.47000  4.59000e-17
7314.99000  2.99000e-17
7320.51000  5.36000e-18
7326.02000  5.77000e-17
7331.54000  4.76000e-17
7337.06000  4.44000e-17
7342.58000  4.10000e-17
7348.10000  5.28000e-17
7353.61000  5.48000e-17
7359.13000  5.33000e-17
7364.65000  6.37000e-17
7370.17000  7.26000e-17
7375.69000  4.44000e-17
7381.20000  4.53000e-17
7386.72001  6.54000e-17
7392.24000  3.79000e-17
7397.76000  1.50000e-17
7403.28000  3.30000e-17
7408.79000  6.93000e-17
7414.31000  1.77000e-17
7419.83000  5.86000e-17
7425.35000  8.57000e-17
7430.86000  3.65000e-17
7436.38000  7.00000e-17
7441.90000  7.27000e-17
7447.42000  5.00000e-17
7452.94000  6.33000e-17
7458.45000          nan
7463.97000          nan
7469.49000          nan
7475.01000          nan
7480.53000          nan
7486.04000          nan
7491.56001          nan
7497.08000          nan
7502.60000          nan
7508.12000          nan
7513.63000          nan
7519.15000          nan
7524.67000          nan
7530.19000          nan
7535.71000          nan
7541.22000          nan
7546.74000          nan
7552.26000          nan
7557.78000          nan
7563.30000          nan
7568.81000          nan
7574.33000          nan
7579.85000          nan
7585.37000          nan
7590.88000          nan
7596.40001          nan
7601.92000          nan
7607.44000          nan
7612.96000          nan
7618.47000          nan
7623.99000          nan
7629.51000          nan
7635.03000          nan
7640.55000          nan
7646.06000          nan
7651.58000          nan
7657.10000          nan
7662.62000          nan
7668.14000          nan
7673.65000          nan
7679.17000          nan
7684.69000          nan
7690.21000          nan
7695.73000          nan
7701.24001          nan
7706.76000          nan
7712.28000          nan
7717.80000          nan
7723.32000          nan
7728.83000          nan
7734.35000          nan
7739.87000          nan
7745.39000          nan
7750.90000          nan
7756.42000          nan
7761.94000          nan
7767.46000          nan
7772.98000          nan
7778.49000          nan
7784.01000          nan
7789.53000          nan
7795.05000          nan
7800.57000          nan
7806.08001          nan
7811.60000          nan
7817.12000          nan
7822.64000          nan
7828.16000          nan
7833.67000          nan
7839.19000          nan
7844.71000          nan
7850.23000          nan
7855.75000          nan
7861.26000          nan
7866.78000          nan
7872.30000          nan
7877.82000          nan
7883.34000          nan
7888.85000          nan
7894.37000          nan
7899.89000          nan
7905.41000          nan
7910.92001          nan
7916.44000          nan
7921.96000          nan
7927.48000          nan
7933.00000          nan
7938.51000          nan
7944.03000          nan
7949.55000          nan
7955.07000          nan
7960.59000          nan
7966.10000          nan
7971.62000          nan
7977.14000          nan
7982.66000          nan
7988.18000          nan
7993.69000          nan
7999.21000          nan
8004.73000          nan
8010.25000          nan
8015.77000          nan
8021.28000          nan
8026.80000          nan
8032.32000          nan
8037.84000          nan
8043.35000          nan
8048.87000          nan
8054.39000          nan
8059.91000          nan
8065.43000          nan
8070.94000          nan
8076.46000          nan
8081.98000          nan
8087.50000          nan
8093.02000          nan
8098.53000          nan
8104.05000          nan
8109.57000          nan
8115.09000          nan
8120.61000          nan
8126.12000          nan
8131.64000          nan
8137.16000          nan
8142.68000          nan
8148.19999          nan
8153.71000          nan
8159.23000          nan
8164.75000          nan
8170.27000          nan
8175.79000          nan
8181.30000          nan
8186.82000          nan
8192.34000          nan
8197.86000          nan
8203.37000          nan
8208.89000          nan
8214.41000          nan
8219.93000          nan
8225.45000          nan
8230.96000          nan
8236.48000          nan
8242.00000          nan
8247.52000          nan
8253.03999          nan
8258.55000          nan
8264.07000          nan
8269.59000          nan
8275.11000          nan
8280.63000          nan
8286.14000          nan
8291.66000          nan
8297.18000          nan
8302.70000          nan
8308.22000          nan
8313.73000          nan
8319.25000          nan
8324.77000          nan
8330.29000          nan
8335.81000          nan
8341.32000          nan
8346.84000          nan
8352.36000          nan
8357.87999          nan
8363.39000          nan
8368.91000          nan
8374.43000          nan
8379.95000          nan
8385.47000          nan
8390.98000          nan
8396.50000          nan
8402.02000          nan
8407.54000          nan
8413.06000          nan
8418.57000          nan
8424.09000          nan
8429.61000          nan
8435.13000          nan
8440.65000          nan
8446.16000          nan
8451.68000          nan
8457.20000          nan
8462.71999          nan
8468.24000          nan
8473.75000          nan
8479.27000          nan
8484.79000          nan
8490.31000          nan
8495.83000          nan
8501.34000          nan
8506.86000          nan
8512.38000          nan
8517.90000          nan
8523.41000          nan
8528.93000          nan
8534.45000          nan
8539.97000          nan
8545.49000          nan
8551.00000          nan
8556.52000          nan
8562.04000          nan
8567.55999          nan
8573.08000          nan
8578.59000          nan
8584.11000          nan
8589.63000          nan
8595.15000          nan
8600.67000          nan
8606.18000          nan
8611.70000          nan
8617.22000          nan
8622.74000          nan
8628.26000          nan
8633.77000          nan
8639.29000          nan
8644.81000          nan
8650.33000          nan
8655.85000          nan
8661.36000          nan
8666.88000          nan
8672.39999          nan
8677.92000          nan
8683.43000          nan
8688.95000          nan
8694.47000          nan
8699.99000          nan
8705.51000          nan
8711.02000          nan
8716.54000          nan
8722.06000          nan
8727.58000          nan
8733.10000          nan
8738.61000          nan
8744.13000          nan
8749.65000          nan
8755.17000          nan
8760.69000          nan
8766.20000          nan
8771.72000          nan
8777.23999          nan
8782.76000          nan
8788.28000          nan
8793.79000          nan
8799.31000          nan
8804.83000          nan
8810.35000          nan
8815.86000          nan
8821.38000          nan
8826.90000          nan
8832.42000          nan
8837.94000          nan
8843.45000          nan
8848.97000          nan
8854.49000          nan
8860.01000          nan
8865.53000          nan
8871.04000          nan
8876.56000          nan
8882.07999          nan
8887.60000          nan
8893.12000          nan
8898.63000          nan
8904.15000          nan
8909.67000          nan
8915.19000          nan
8920.71000          nan
8926.22000          nan
8931.74000          nan
8937.26000          nan
8942.78000          nan
8948.30000          nan
8953.81000          nan
8959.33000          nan
8964.85000          nan
8970.37000          nan
8975.88000          nan
8981.40000          nan
8986.91999          nan
8992.44000          nan
8997.96000          nan
9003.47000          nan
9008.99000          nan
9014.51000          nan
9020.03000          nan
9025.55000          nan
9031.06000          nan
9036.58000          nan
9042.10000          nan
9047.62000          nan
9053.14000          nan
9058.65000          nan
9064.17000          nan
9069.69000          nan
9075.21000          nan
9080.73000          nan
9086.24000          nan
9091.75999          nan
9097.28000          nan
9102.80000          nan
9108.32000          nan
9113.83000          nan
9119.35000          nan
9124.87000          nan
9130.39000          nan
9135.90000          nan
9141.42000          nan
9146.94000          nan
9152.46000          nan
9157.98000          nan
9163.49000          nan
9169.01000          nan
9174.53000          nan
9180.05000          nan
9185.57000          nan
9191.08000          nan
9196.59999          nan
9202.12000          nan
9207.64000          nan
9213.16000          nan
9218.67000          nan
9224.19000          nan
9229.71000          nan
9235.23000          nan
