3340.27000  7.32000e-16
3344.35000  5.82000e-16
3348.43000  4.11000e-16
3352.51000  9.60000e-16
3356.59000  8.54000e-16
3360.66000  6.04000e-16
3364.74000  5.12000e-16
3368.82000  1.01000e-15
3372.90000  1.38000e-15
3376.98000  9.46000e-16
3381.05999  4.55000e-16
3385.14000  3.47000e-16
3389.22000  6.02000e-16
3393.30000  5.38000e-16
3397.38000  3.57000e-16
3401.46000  5.40000e-16
3405.53000  5.06000e-16
3409.61000  4.80000e-16
3413.69000  4.20000e-16
3417.77000  4.69000e-16
3421.85000  4.64000e-16
3425.93001  4.81000e-16
3430.01000  3.41000e-16
3434.09000  2.61000e-16
3438.17000  3.95000e-16
3442.25000  1.88000e-16
3446.33000  3.86000e-16
3450.40000  2.25000e-16
3454.48000  1.34000e-16
3458.56000  2.49000e-16
3462.64000  3.04000e-16
3466.72000  2.17000e-16
3470.80000  3.10000e-16
3474.88000  4.39000e-16
3478.96000  4.25000e-16
3483.04000  2.55000e-16
3487.12000  2.55000e-16
3491.20000  2.83000e-16
3495.27000  3.12000e-16
3499.35000  2.76000e-16
3503.43000  2.03000e-16
3507.51000  3.71000e-16
3511.59000  2.90000e-16
3515.67000  2.19000e-16
3519.75000  2.21000e-16
3523.83000  2.88000e-16
3527.91000  2.84000e-16
3531.99000  3.08000e-16
3536.07000  2.58000e-16
3540.14000  2.88000e-16
3544.22000  2.45000e-16
3548.30000  2.64000e-16
3552.38000  2.55000e-16
3556.46000  2.46000e-16
3560.54000  2.05000e-16
3564.62000  2.17000e-16
3568.70000  2.47000e-16
3572.78000  2.22000e-16
3576.86000  2.30000e-16
3580.94000  2.11000e-16
3585.01000  2.45000e-16
3589.09000  2.93000e-16
3593.17000  2.51000e-16
3597.25000  2.92000e-16
3601.33000  2.15000e-16
3605.41000  2.05000e-16
3609.49000  2.45000e-16
3613.57000  2.20000e-16
3617.65000  2.21000e-16
3621.73000  2.33000e-16
3625.80000  2.56000e-16
3629.88000  2.90000e-16
3633.96000  2.60000e-16
3638.04000  2.13000e-16
3642.12000  2.98000e-16
3646.20000  2.26000e-16
3650.28000  2.29000e-16
3654.36000  2.29000e-16
3658.43999  2.33000e-16
3662.52000  2.87000e-16
3666.60000  2.31000e-16
3670.67000  2.62000e-16
3674.75000  2.29000e-16
3678.83000  2.55000e-16
3682.91000  2.21000e-16
3686.99000  2.58000e-16
3691.07000  1.85000e-16
3695.15000  2.38000e-16
3699.23000  1.50000e-16
3703.30999  1.94000e-16
3707.39000  2.86000e-16
3711.47000  2.02000e-16
3715.54000  1.53000e-16
3719.62000  2.10000e-16
3723.70000  1.94000e-16
3727.78000  2.35000e-16
3731.86000  1.83000e-16
3735.94000  2.03000e-16
3740.02000  1.91000e-16
3744.10000  1.68000e-16
3748.18001  1.78000e-16
3752.26000  2.25000e-16
3756.34000  2.14000e-16
3760.41000  1.46000e-16
3764.49000  2.40000e-16
3768.57000  2.29000e-16
3772.65000  2.12000e-16
3776.73000  2.06000e-16
3780.81000  1.93000e-16
3784.89000  1.71000e-16
3788.97000  1.53000e-16
3793.05000  2.39000e-16
3797.13000  2.23000e-16
3801.21000  1.46000e-16
3805.28000  1.74000e-16
3809.36000  1.97000e-16
3813.44000  1.73000e-16
3817.52000  1.74000e-16
3821.60000  2.30000e-16
3825.68000  1.36000e-16
3829.76000  1.85000e-16
3833.84000  2.04000e-16
3837.92000  2.25000e-16
3842.00000  2.25000e-16
3846.08000  2.02000e-16
3850.15000  1.91000e-16
3854.22999  2.29000e-16
3858.31000  1.89000e-16
3862.39000  1.40000e-16
3866.47000  2.07000e-16
3870.55000  1.95000e-16
3874.63000  1.81000e-16
3878.71000  1.59000e-16
3882.79000  1.95000e-16
3886.87000  2.04000e-16
3890.95000  2.16000e-16
3895.02000  2.15000e-16
3899.09999  2.09000e-16
3903.18000  1.64000e-16
3907.26000  1.99000e-16
3911.34000  1.74000e-16
3915.42000  1.48000e-16
3919.50000  1.63000e-16
3923.58000  1.83000e-16
3927.66000  2.09000e-16
3931.74000  1.60000e-16
3935.81000  1.67000e-16
3939.89000  2.06000e-16
3943.97001  1.35000e-16
3948.05000  2.06000e-16
3952.13000  1.81000e-16
3956.21000  1.81000e-16
3960.29000  1.91000e-16
3964.37000  1.99000e-16
3968.45000  2.14000e-16
3972.53000  1.90000e-16
3976.61000  1.54000e-16
3980.68000  1.26000e-16
3984.76000  2.10000e-16
3988.84000  1.70000e-16
3992.92000  1.66000e-16
3997.00000  1.71000e-16
4001.08000  1.25000e-16
4005.16000  2.11000e-16
4009.24000  1.80000e-16
4013.32000  2.55000e-16
4017.40000  2.26000e-16
4021.48000  2.02000e-16
4025.55000  1.54000e-16
4029.63000  1.65000e-16
4033.71000  1.80000e-16
4037.79000  1.45000e-16
4041.87000  2.14000e-16
4045.95000  2.18000e-16
4050.03000  1.89000e-16
4054.11000  1.93000e-16
4058.19000  1.59000e-16
4062.27000  1.93000e-16
4066.35000  1.74000e-16
4070.42000  1.87000e-16
4074.50000  2.10000e-16
4078.58000  1.96000e-16
4082.66000  1.70000e-16
4086.74000  2.16000e-16
4090.82000  1.62000e-16
4094.90000  1.91000e-16
4098.98000  1.55000e-16
4103.06000  1.51000e-16
4107.14000  1.89000e-16
4111.22000  1.86000e-16
4115.29000  2.22000e-16
4119.37000  1.84000e-16
4123.45000  2.06000e-16
4127.53000  1.88000e-16
4131.61000  2.04000e-16
4135.69000  5.61000e-17
4139.77000 -1.07000e-16
4143.85000  1.37000e-16
4147.93000  1.69000e-16
4152.01000  1.75000e-16
4156.09000  1.99000e-16
4160.16000  1.84000e-16
4164.24000  1.65000e-16
4168.32000  1.99000e-16
4172.40000  1.67000e-16
4176.47999  1.76000e-16
4180.56000  1.80000e-16
4184.64000  1.60000e-16
4188.72000  1.93000e-16
4192.80000  1.76000e-16
4196.88000  1.81000e-16
4200.96000  2.20000e-16
4205.03000  1.64000e-16
4209.11000  1.75000e-16
4213.19000  1.79000e-16
4217.27000  2.02000e-16
4221.34999  2.38000e-16
4225.43000  1.57000e-16
4229.51000  1.59000e-16
4233.59000  1.99000e-16
4237.67000  1.96000e-16
4241.75000  1.88000e-16
4245.83000  1.73000e-16
4249.90000  1.55000e-16
4253.98000  1.95000e-16
4258.06000  1.64000e-16
4262.14000  1.57000e-16
4266.22001  1.47000e-16
4270.30000  1.31000e-16
4274.38000  1.35000e-16
4278.46000  1.54000e-16
4282.54000  1.74000e-16
4286.62000  1.39000e-16
4290.69000  1.32000e-16
4294.77000  1.23000e-16
4298.85000  1.49000e-16
4302.93000  1.53000e-16
4307.01000  1.69000e-16
4311.09000  1.44000e-16
4315.17000  1.31000e-16
4319.25000  1.64000e-16
4323.33000  1.48000e-16
4327.41000  1.49000e-16
4331.49000  1.70000e-16
4335.56000  1.66000e-16
4339.64000  1.56000e-16
4343.72000  1.87000e-16
4347.80000  1.25000e-16
4351.88000  1.41000e-16
4355.96000  1.17000e-16
4360.04000  1.29000e-16
4364.12000  1.26000e-16
4368.20000  1.13000e-16
4372.28000  1.48000e-16
4376.36000  1.60000e-16
4380.43000  1.29000e-16
4384.51000  1.54000e-16
4388.59000  2.00000e-16
4392.67000  1.76000e-16
4396.75000  1.52000e-16
4400.83000  1.61000e-16
4404.91000  1.85000e-16
4408.99000  1.18000e-16
4413.07000  9.76000e-17
4417.15000  1.30000e-16
4421.23000  1.31000e-16
4425.30000  1.47000e-16
4429.38000  1.38000e-16
4433.46000  1.60000e-16
4437.54000  1.12000e-16
4441.62000  1.17000e-16
4445.70000  1.22000e-16
4449.78000  1.56000e-16
4453.86000  1.11000e-16
4457.94000  9.89000e-17
4462.02000  8.93000e-17
4466.10000  1.51000e-16
4470.17000  8.61000e-17
4474.25000  1.22000e-16
4478.33000  1.51000e-16
4482.41000  1.37000e-16
4486.49000  1.18000e-16
4490.57000  1.12000e-16
4494.65000  1.47000e-16
4498.72999  1.69000e-16
4502.81000  1.34000e-16
4506.89000  1.26000e-16
4510.97000  1.32000e-16
4515.04000  1.52000e-16
4519.12000  1.58000e-16
4523.20000  1.20000e-16
4527.28000  1.35000e-16
4531.36000  1.63000e-16
4535.44000  1.37000e-16
4539.52000  1.13000e-16
4543.60001  1.30000e-16
4547.68000  1.09000e-16
4551.76000  1.49000e-16
4555.84000  1.29000e-16
4559.91000  1.29000e-16
4563.99000  1.71000e-16
4568.07000  1.03000e-16
4572.15000  8.87000e-17
4576.23000  1.13000e-16
4580.31000  1.06000e-16
4584.39000  1.19000e-16
4588.47001  8.89000e-17
4592.55000  1.15000e-16
4596.63000  1.63000e-16
4600.71000  1.89000e-16
4604.78000  1.11000e-16
4608.86000  1.25000e-16
4612.94000  1.20000e-16
4617.02000  1.48000e-16
4621.10000  1.60000e-16
4625.18000  1.33000e-16
4629.26000  1.20000e-16
4633.34000  1.16000e-16
4637.42000  1.20000e-16
4641.50000  1.69000e-16
4645.57000  1.12000e-16
4649.65000  1.27000e-16
4653.73000  1.14000e-16
4657.81000  9.47000e-17
4661.89000  1.03000e-16
4665.97000  1.27000e-16
4670.05000  1.43000e-16
4674.13000  9.88000e-17
4678.21000  1.20000e-16
4682.29000  1.29000e-16
4686.37000  1.17000e-16
4690.44000  8.69000e-17
4694.51999  1.45000e-16
4698.60000  1.28000e-16
4702.68000  1.05000e-16
4706.76000  1.22000e-16
4710.84000  1.32000e-16
4714.92000  1.05000e-16
4719.00000  7.71000e-17
4723.08000  8.95000e-17
4727.16000  1.20000e-16
4731.24000  1.07000e-16
4735.31000  9.89000e-17
4739.39001  1.08000e-16
4743.47000  1.18000e-16
4747.55000  1.24000e-16
4751.63000  1.08000e-16
4755.71000  9.40000e-17
4759.79000  1.30000e-16
4763.87000  1.45000e-16
4767.95000  1.45000e-16
4772.03000  1.30000e-16
4776.11000  1.17000e-16
4780.18000  1.31000e-16
4784.26001  1.38000e-16
4788.34000  1.54000e-16
4792.42000  1.31000e-16
4796.50000  1.48000e-16
4800.58000  1.68000e-16
4804.66000  1.53000e-16
4808.74000  1.18000e-16
4812.82000  1.19000e-16
4816.90000  1.54000e-16
4820.97999  1.48000e-16
4825.05000  1.35000e-16
4829.13000  1.38000e-16
4833.21000  1.55000e-16
4837.29000  1.47000e-16
4841.37000  1.34000e-16
4845.45000  1.37000e-16
4849.53000  1.39000e-16
4853.61000  1.39000e-16
4857.69000  1.26000e-16
4861.77000  9.54000e-17
4865.85001  1.16000e-16
4869.92000  1.36000e-16
4874.00000  1.66000e-16
4878.08000  1.46000e-16
4882.16000  1.32000e-16
4886.24000  1.43000e-16
4890.32000  1.33000e-16
4894.40000  9.46000e-17
4898.48000  7.74000e-17
4902.56000  1.05000e-16
4906.64000  1.17000e-16
4910.72001  8.66000e-17
4914.79000  1.18000e-16
4918.87000  1.63000e-16
4922.95000  1.36000e-16
4927.03000  1.36000e-16
4931.11000  1.29000e-16
4935.19000  9.62000e-17
4939.27000  1.11000e-16
4943.35000  1.24000e-16
4947.43000  1.14000e-16
4951.51000  1.07000e-16
4955.59000  1.35000e-16
4959.66000  1.12000e-16
4963.74000  1.14000e-16
4967.82000  7.25000e-17
4971.90000  1.01000e-16
4975.98000  1.00000e-16
4980.06000  1.17000e-16
4984.14000  1.41000e-16
4988.22000  1.20000e-16
4992.30000  8.88000e-17
4996.38000  1.45000e-16
5000.45000  7.32000e-17
5004.53000  1.01000e-16
5008.61000  1.06000e-16
5012.69000  1.38000e-16
5016.76999  1.14000e-16
5020.85000  1.06000e-16
5024.93000  1.07000e-16
5029.01000  9.23000e-17
5033.09000  9.86000e-17
5037.17000  1.32000e-16
5041.25000  9.86000e-17
5045.32000  6.09000e-17
5049.40000  8.65000e-17
5053.48000  8.35000e-17
5057.56000  7.70000e-17
5061.64001  5.70000e-17
5065.72000  8.39000e-17
5069.80000  9.79000e-17
5073.88000  9.57000e-17
5077.96000  8.04000e-17
5082.04000  9.64000e-17
5086.12000  1.07000e-16
5090.19000  1.30000e-16
5094.27000  1.09000e-16
5098.35000  9.64000e-17
5102.43000  1.04000e-16
5106.51001  7.24000e-17
5110.59000  7.80000e-17
5114.67000  6.35000e-17
5118.75000  6.11000e-17
5122.83000  7.74000e-17
5126.91000  1.15000e-16
5130.99000  1.13000e-16
5135.06000  6.65000e-17
5139.14000  7.97000e-17
5143.22000  9.20000e-17
5147.30000  5.42000e-17
5151.38000  8.27000e-17
5155.46000  9.41000e-17
5159.54000  4.71000e-17
5163.62000  4.73000e-17
5167.70000  7.91000e-17
5171.78000  9.26000e-17
5175.86000  1.15000e-16
5179.93000  8.55000e-17
5184.01000  5.93000e-17
5188.09000  7.10000e-17
5192.17000  4.43000e-17
5196.25000  3.51000e-17
5200.33000 -1.40000e-17
5204.41000  2.00000e-17
5208.49000  8.88000e-17
5212.57000  7.73000e-17
5216.65000  6.30000e-17
5220.73000  5.68000e-17
5224.80000  7.30000e-17
5228.88000  4.27000e-17
5232.96000  4.59000e-17
5237.04000  5.85000e-17
5241.12000  6.24000e-17
5245.20000  8.50000e-17
5249.28000  8.65000e-17
5253.36000  4.74000e-17
5257.44000  6.75000e-17
5261.52000  5.80000e-17
5265.60000  7.31000e-17
5269.67000  7.90000e-17
5273.75000  5.05000e-17
5277.83000  8.41000e-17
5281.91000  5.09000e-17
5285.99000  1.09000e-17
5290.07000  4.42000e-17
5294.15000  4.55000e-17
5298.23000  5.30000e-17
5302.31000  6.32000e-17
5306.39000  5.57000e-17
5310.46000  6.10000e-17
5314.54000  7.34000e-17
5318.62000  6.90000e-17
5322.70000  6.14000e-17
5326.78000  7.67000e-17
5330.86000  5.50000e-17
5334.94000  8.26000e-17
5339.01999  5.01000e-17
5343.10000  1.46000e-17
5347.18000  3.02000e-17
5351.26000  6.45000e-17
5355.33000  7.91000e-17
5359.41000  4.45000e-17
5363.49000  1.55000e-17
5367.57000  8.94000e-18
5371.65000  2.99000e-17
5375.73000  5.09000e-17
5379.81000  4.21000e-17
5383.89001  3.25000e-17
5387.97000  3.64000e-17
5392.05000  2.97000e-17
5396.13000  1.50000e-17
5400.20000  4.30000e-17
5404.28000  3.59000e-17
5408.36000  4.10000e-17
5412.44000  3.37000e-17
5416.52000  5.89000e-17
5420.60000  1.88000e-17
5424.68000  3.73000e-17
5428.76001  4.20000e-17
5432.84000  4.65000e-17
5436.92000  1.26000e-17
5441.00000  2.71000e-17
5445.07000  3.14000e-17
5449.15000  1.68000e-17
5453.23000  3.53000e-17
5457.31000  8.14000e-18
5461.39000 -3.84000e-18
5465.47000  5.53000e-18
5469.55000  3.40000e-17
5473.63000  7.43000e-18
5477.71000 -6.10000e-18
5481.79000  2.80000e-17
5485.87000  3.47000e-17
5489.94000  5.45000e-17
5494.02000  4.30000e-17
5498.10000  1.50000e-17
5502.18000  1.40000e-17
5506.26000  4.39000e-17
5510.34000  2.32000e-17
5514.42000  2.35000e-17
5518.50000  3.49000e-17
5522.58000  2.11000e-17
5526.66000 -4.71000e-19
5530.74000  3.12000e-17
5534.80999 -6.33000e-18
5538.89000  3.27000e-17
5542.97000  1.11000e-17
5547.05000  2.27000e-17
5551.13000  1.08000e-18
5555.21000 -2.56000e-17
5559.29000  2.70000e-17
5563.37000  3.08000e-17
5567.45000 -1.06000e-17
5571.53000  3.90000e-17
5575.61000  3.95000e-17
5579.68001 -2.90000e-17
5583.76000  3.20000e-17
5587.84000  3.26000e-17
5591.92000 -7.61000e-18
5596.00000  1.76000e-18
5600.08000  5.60000e-17
5604.16000  6.07000e-17
5608.24000  3.58000e-17
5612.32000  4.93000e-17
5616.40000  4.01000e-17
5620.48000  4.09000e-17
5624.55001  4.98000e-18
5628.63000 -2.26000e-17
5632.71000  3.49000e-17
5636.79000  3.16000e-17
5640.87000  5.04000e-18
5644.95000  1.40000e-17
5649.03000  2.90000e-17
5653.11000  1.47000e-17
5657.19000  6.96000e-18
5661.26999  2.42000e-17
5665.34000  6.14000e-17
5669.42000  2.22000e-18
5673.50000  8.43000e-18
5677.58000  1.91000e-17
5681.66000  4.20000e-17
5685.74000  3.15000e-17
5689.82000  2.94000e-19
5693.90000  1.29000e-18
5697.98000 -1.76000e-18
5702.06000  2.57000e-17
5706.14001  9.73000e-18
5710.21000 -3.00000e-17
5714.29000 -3.84000e-17
5718.37000 -3.72000e-17
5722.45000 -1.62000e-17
5726.53000  3.23000e-17
5730.61000  2.08000e-17
5734.69000  4.16000e-18
5738.77000 -1.37000e-17
5742.85000  8.04000e-18
5746.93000  3.37000e-17
5751.01000  4.90000e-18
5755.08000  7.31000e-18
5759.16000  1.22000e-17
5763.24000 -9.22000e-18
5767.32000  1.58000e-17
5771.40000 -9.37000e-18
5775.48000 -1.16000e-17
5779.56000  3.59000e-17
5783.64000  3.86000e-17
5787.72000  3.47000e-17
5791.80000  1.06000e-17
5795.88000 -3.70000e-18
5799.95000  2.13000e-17
5804.03000  3.23000e-17
5808.11000  4.09000e-17
5812.19000  3.42000e-17
5816.27000 -2.38000e-17
5820.35000 -2.22000e-18
5824.43000  9.22000e-19
5828.51000  3.61000e-18
5832.59000 -1.01000e-17
5836.67000  1.04000e-17
5840.75000  3.79000e-17
5844.82000  3.22000e-17
5848.90000 -1.29000e-17
5852.98000 -7.10000e-18
5857.05999  1.68000e-17
5861.14000  5.57000e-18
5865.22000  1.94000e-17
5869.30000  1.25000e-17
5873.38000 -3.02000e-17
5877.46000  6.14000e-18
5881.54000  2.37000e-17
5885.62000 -1.10000e-17
5889.69000 -1.61000e-17
5893.77000  1.44000e-17
5897.85000  1.09000e-17
5901.93001 -1.31000e-17
5906.01000 -2.35000e-17
5910.09000  3.79000e-17
5914.17000  1.21000e-17
5918.25000 -1.35000e-17
5922.33000  1.38000e-17
5926.41000  2.45000e-17
5930.49000  9.58000e-18
5934.56000  7.82000e-18
5938.64000  4.51000e-18
5942.72000 -2.35000e-19
5946.80001 -7.49000e-18
5950.88000 -1.90000e-17
5954.96000  1.54000e-17
5959.04000  1.44000e-17
5963.12000  1.75000e-17
5967.20000  3.10000e-17
5971.28000  2.75000e-17
5975.36000 -7.93000e-18
5979.43000  2.10000e-17
5983.51000  6.22000e-18
5987.59000  2.45000e-17
5991.67000  2.92000e-17
5995.75000  4.20000e-17
5999.83000  3.45000e-17
6003.91000  3.49000e-17
6007.99000  2.98000e-17
6012.07000  3.92000e-18
6016.15000  6.47000e-18
6020.22000  2.14000e-17
6024.30000  5.15000e-17
6028.38000  1.51000e-17
6032.46000  4.52000e-17
6036.54000  5.21000e-17
6040.62000  5.93000e-17
6044.70000  1.73000e-17
6048.78000  2.20000e-17
6052.86000  6.24000e-17
6056.94000  3.91000e-17
6061.02000  2.09000e-17
6065.09000  2.31000e-17
6069.17000  1.24000e-17
6073.25000 -1.20000e-18
6077.33000  3.90000e-18
6081.41000  8.18000e-18
6085.49000  1.09000e-17
6089.57000 -1.43000e-18
6093.65000 -1.51000e-17
6097.73000  7.92000e-18
6101.81000  2.04000e-17
6105.89000  3.55000e-17
6109.96000  2.17000e-17
6114.04000 -7.59000e-18
6118.12000  8.88000e-18
6122.20000  1.51000e-17
6126.28000  8.02000e-18
6130.36000 -7.55000e-18
6134.44000 -2.05000e-17
6138.52000  5.84000e-18
6142.60000  3.70000e-17
6146.68000  4.70000e-17
6150.76000  2.95000e-17
6154.83000  6.69000e-18
6158.91000  2.10000e-17
6162.99000  7.00000e-18
6167.07000 -6.57000e-18
6171.15000  7.78000e-18
6175.23000  2.28000e-17
6179.30999  3.65000e-17
6183.39000  6.16000e-18
6187.47000 -2.78000e-18
6191.55000  4.35000e-17
6195.63000  3.09000e-17
6199.70000  2.25000e-17
6203.78000  1.04000e-18
6207.86000  9.18000e-18
6211.94000  2.13000e-17
6216.02000  4.40000e-17
6220.10000  1.65000e-18
6224.18001  1.90000e-17
6228.26000  2.81000e-17
6232.34000  1.09000e-17
6236.42000 -1.61000e-18
6240.50000 -2.79000e-17
6244.57000 -2.06000e-17
6248.65000  1.22000e-17
6252.73000  6.33000e-18
6256.81000  2.12000e-17
6260.89000  3.90000e-17
6264.97000  2.78000e-18
6269.05000 -6.02000e-18
6273.13000  4.94000e-18
6277.21000  3.13000e-17
6281.29000  4.69000e-18
6285.37000  3.14000e-17
6289.44000  4.45000e-17
6293.52000  2.07000e-17
6297.60000  1.90000e-17
6301.68000  1.22000e-17
6305.76000  6.54000e-17
6309.84000  4.04000e-17
6313.92000  1.45000e-17
6318.00000  1.93000e-17
6322.08000 -1.49000e-17
6326.16000  7.06000e-18
6330.24000  1.38000e-17
6334.31000 -3.75000e-18
6338.39000  9.84000e-18
6342.47000  1.60000e-17
6346.55000  9.14000e-18
6350.63000  1.96000e-18
6354.71000  1.48000e-17
6358.79000  3.04000e-17
6362.87000  2.12000e-17
6366.95000  8.49000e-18
6371.03000  6.91000e-18
6375.09999 -1.09000e-17
6379.18000  1.64000e-17
6383.26000  3.04000e-17
6387.34000  1.71000e-17
6391.42000 -7.67000e-18
6395.50000  4.35000e-17
6399.58000  1.22000e-17
6403.66000  2.04000e-17
6407.74000  5.95000e-17
6411.82000  1.40000e-17
6415.90000 -1.47000e-18
6419.97001  6.04000e-18
6424.05000  3.35000e-17
6428.13000  3.21000e-17
6432.21000  1.53000e-17
6436.29000  4.31000e-17
6440.37000  2.19000e-17
6444.45000  2.24000e-17
6448.53000  3.44000e-17
6452.61000  4.80000e-17
6456.69000  3.24000e-17
6460.77000  1.75000e-17
6464.84000  5.10000e-18
6468.92000 -2.55000e-17
6473.00000 -1.60000e-17
6477.08000  1.92000e-18
6481.16000 -2.39000e-18
6485.24000 -2.21000e-17
6489.32000 -5.39000e-18
6493.40000  3.60000e-17
6497.48000 -5.63000e-18
6501.55999  5.61000e-18
6505.64000  2.51000e-17
6509.71000  2.24000e-17
6513.79000  5.84000e-18
6517.87000  4.71000e-19
6521.95000  1.10000e-17
6526.03000 -1.04000e-17
6530.11000 -2.28000e-17
6534.19000 -1.16000e-17
6538.27000  3.07000e-17
6542.35000  1.97000e-17
6546.43001  9.61000e-19
6550.51000  3.98000e-18
6554.58000 -1.65000e-17
6558.66000  2.43000e-17
6562.74000  2.86000e-17
6566.82000  1.23000e-17
6570.90000  1.04000e-17
6574.98000  2.34000e-17
6579.06000  2.42000e-17
6583.14000  4.88000e-18
6587.22000  4.40000e-17
6591.30000  3.65000e-17
6595.38000  1.82000e-17
6599.45000 -1.05000e-17
6603.53000  1.28000e-17
6607.61000 -1.67000e-18
6611.69000 -7.88000e-18
6615.77000  1.41000e-17
6619.85000  1.91000e-17
6623.93000  1.45000e-17
6628.01000  1.89000e-17
6632.09000  1.61000e-17
6636.17000  1.96000e-20
6640.25000  1.74000e-17
6644.32000  2.51000e-17
6648.40000  8.73000e-18
6652.48000  1.08000e-17
6656.56000  2.13000e-17
6660.64000 -9.10000e-18
6664.72000 -1.04000e-17
6668.80000 -6.06000e-18
6672.88000  1.09000e-17
6676.96000  4.05000e-17
6681.04000  3.95000e-17
6685.11000  2.85000e-17
6689.19000  5.35000e-17
6693.27000  1.31000e-17
6697.34999  1.99000e-17
6701.43000  2.81000e-17
6705.51000  1.64000e-17
6709.59000  2.37000e-17
6713.67000 -2.55000e-18
6717.75000  2.65000e-17
6721.83000  5.18000e-17
6725.91000  4.41000e-17
6729.98000  2.11000e-17
6734.06000  2.23000e-17
6738.14000  4.87000e-17
6742.22001  4.44000e-17
6746.30000  3.15000e-17
6750.38000  2.79000e-17
6754.46000  4.42000e-17
6758.54000  5.06000e-17
6762.62000  3.53000e-17
6766.70000  4.20000e-17
6770.78000  5.44000e-17
6774.85000  7.40000e-17
6778.93000 -3.36000e-17
6783.01000 -2.55000e-17
6787.09000  4.62000e-17
6791.17000  5.30000e-17
6795.25000  5.44000e-17
6799.33000  2.44000e-17
6803.41000  5.32000e-17
6807.49000  6.11000e-17
6811.57000  8.70000e-17
6815.65000  7.54000e-17
6819.72000  7.46000e-17
6823.80000  5.52000e-17
6827.88000 -2.10000e-17
6831.96000 -1.20000e-17
6836.04000  1.73000e-17
6840.12000  1.49000e-17
6844.20000  8.61000e-18
6848.28000  3.01000e-17
6852.36000  2.44000e-17
6856.44000  1.71000e-17
6860.52000  2.97000e-17
6864.59000  1.83000e-17
6868.67000  3.00000e-17
6872.75000  3.65000e-17
6876.83000  3.80000e-17
6880.91000  3.90000e-17
6884.99000  6.02000e-17
6889.07000 -7.75000e-18
6893.15000 -1.09000e-16
6897.23000 -6.10000e-17
6901.31000  4.39000e-17
6905.39000  1.65000e-17
6909.46000  3.16000e-17
6913.54000  1.20000e-17
6917.62000  5.80000e-17
6921.70000  1.80000e-17
6925.78000  2.76000e-17
6929.86000  5.39000e-17
6933.94000  6.16000e-17
6938.02000  4.46000e-17
6942.10000  4.45000e-17
6946.18000  2.90000e-17
6950.26000  3.81000e-17
6954.33000  5.50000e-17
6958.41000  3.74000e-17
6962.49000  6.35000e-17
6966.57000  2.88000e-17
6970.65000  1.73000e-17
6974.73000  5.64000e-17
6978.81000  6.12000e-17
6982.89000  4.36000e-17
6986.97000  2.94000e-17
6991.05000  1.74000e-17
6995.13000  1.74000e-17
6999.20000  4.70000e-17
7003.28000  5.31000e-17
7007.36000  5.34000e-17
7011.44000  3.22000e-17
7015.52000  1.65000e-17
7019.59999  7.94000e-17
7023.68000  2.64000e-17
7027.76000  5.82000e-17
7031.84000  4.50000e-17
7035.92000  3.85000e-17
7039.99000 -9.75000e-17
7044.07000 -8.56000e-17
7048.15000  3.35000e-17
7052.23000  7.36000e-17
7056.31000  5.15000e-17
7060.39000  1.35000e-17
7064.47001  1.64000e-17
7068.55000  4.90000e-17
7072.63000  4.45000e-17
7076.71000  4.86000e-17
7080.79000  4.25000e-17
7084.86000  5.04000e-17
7088.94000  6.31000e-17
7093.02000  4.80000e-17
7097.10000  3.61000e-17
7101.18000  3.40000e-17
7105.26000  3.15000e-17
7109.34000  4.31000e-17
7113.42000  7.98000e-18
7117.50000 -1.49000e-16
7121.58000 -1.76000e-16
7125.66000  7.56000e-17
7129.73000  7.18000e-18
7133.81000  1.86000e-17
7137.89000  4.34000e-17
7141.97000  3.59000e-17
7146.05000  3.53000e-17
7150.13000  4.36000e-17
7154.21000  6.07000e-17
7158.29000  3.69000e-17
7162.37000  7.90000e-17
7166.45000  5.68000e-17
7170.53000  5.64000e-17
7174.60000  6.85000e-17
7178.68000  6.84000e-17
7182.76000  4.77000e-17
7186.84000  2.33000e-17
7190.92000  3.15000e-17
7195.00000  3.16000e-17
7199.08000  1.76000e-17
7203.16000  6.49000e-18
7207.24000  4.59000e-17
7211.32000  4.40000e-17
7215.40000  3.05000e-17
7219.47000  3.95000e-17
7223.55000  3.60000e-17
7227.63000  6.98000e-17
7231.71000  2.62000e-17
7235.79000 -3.75000e-18
7239.87000 -1.00000e-17
7243.95000  1.77000e-17
7248.03000  8.04000e-18
7252.11000  1.20000e-17
7256.19000  1.47000e-18
7260.27000  1.16000e-17
7264.34000  3.51000e-18
7268.42000  9.24000e-18
7272.50000  4.91000e-17
7276.58000  4.20000e-18
7280.66000 -9.12000e-18
7284.74000 -1.29000e-17
7288.82000  1.18000e-17
7292.90000 -7.25000e-19
7296.97999 -1.20000e-18
7301.06000  9.55000e-18
7305.14000  6.44000e-18
7309.21000  1.50000e-17
7313.29000 -4.12000e-18
7317.37000 -1.94000e-17
7321.45000 -7.86000e-18
7325.53000  2.42000e-17
7329.61000  2.47000e-17
7333.69000  1.25000e-17
7337.77000 -7.98000e-18
7341.84999  1.66000e-17
7345.93000  3.67000e-17
7350.01000  3.76000e-17
7354.08000 -3.94000e-18
7358.16000 -3.13000e-17
7362.24000  1.59000e-17
7366.32000  8.67000e-18
7370.40000 -2.76000e-18
7374.48000  3.42000e-17
7378.56000  3.44000e-17
7382.64000  2.40000e-17
7386.72001  2.84000e-17
7390.80000  3.10000e-18
7394.87000  5.12000e-18
7398.95000  3.33000e-17
7403.03000  2.46000e-17
7407.11000  1.73000e-17
7411.19000  3.38000e-17
7415.27000  2.46000e-17
7419.35000  2.02000e-17
7423.43000  1.14000e-17
7427.51000  7.73000e-18
7431.59000  2.89000e-17
7435.67000  4.37000e-17
7439.74000  4.05000e-17
7443.82000  3.46000e-17
7447.90000  3.11000e-17
7451.98000  1.33000e-17
7456.06000  7.18000e-17
7460.14000          nan
