3343.560 -2.95770e-16 
3347.630 2.44927e-16 
3351.700 -3.37257e-18 
3355.770 1.18332e-16 
3359.840 1.90040e-16 
3363.900 1.71747e-16 
3367.970 1.73462e-16 
3372.040 2.25181e-16 
3376.110 9.69028e-17 
3380.180 3.18628e-16 
3384.240 1.03536e-17 
3388.310 8.20866e-17 
3392.380 1.83823e-16 
3396.450 6.55627e-17 
3400.520 2.27306e-16 
3404.580 1.59048e-16 
3408.650 1.20798e-16 
3412.720 1.62551e-16 
3416.790 1.24308e-16 
3420.860 -3.93256e-18 
3424.920 2.47826e-16 
3428.990 2.49592e-16 
3433.060 1.36182e-18 
3437.130 1.33135e-16 
3441.200 1.54910e-16 
3445.260 1.36685e-16 
3449.330 2.48467e-16 
3453.400 -9.74808e-18 
3457.470 8.20398e-17 
3461.540 2.38309e-17 
3465.600 1.75621e-16 
3469.670 4.74174e-17 
3473.740 1.09217e-16 
3477.810 1.51020e-16 
3481.880 1.02826e-16 
3485.950 6.46345e-17 
3490.010 -3.55838e-18 
3494.080 3.82559e-17 
3498.150 1.10073e-16 
3502.220 5.18924e-17 
3506.290 2.37149e-17 
3510.350 8.55354e-17 
3514.420 2.73632e-17 
3518.490 3.91936e-17 
3522.560 -3.89734e-17 
3526.630 -2.71379e-17 
3530.690 -3.53040e-17 
3534.760 -1.45463e-16 
3538.830 -4.16201e-17 
3542.900 -5.77745e-17 
3546.970 -9.39262e-17 
3551.030 -6.80802e-17 
3555.100 -1.15227e-16 
3559.170 -1.03372e-16 
3563.240 -1.61514e-16 
3567.310 -9.66538e-17 
3571.370 -1.53796e-16 
3575.440 -1.04931e-16 
3579.510 -1.34064e-16 
3583.580 -1.02195e-16 
3587.650 1.06761e-17 
3591.710 -1.37455e-16 
3595.780 -1.29579e-16 
3599.850 -1.16701e-16 
3603.920 -8.98211e-17 
3607.990 -8.99389e-17 
3612.050 -1.37059e-16 
3616.120 -8.11734e-17 
3620.190 -6.32852e-17 
3624.260 -1.32395e-16 
3628.330 -8.35028e-17 
3632.390 -1.34613e-16 
3636.460 -7.17175e-17 
3640.530 -1.73820e-16 
3644.600 -9.19199e-17 
3648.670 -8.30183e-17 
3652.730 -1.07119e-16 
3656.800 -9.92145e-17 
3660.870 -9.93073e-17 
3664.940 -1.34399e-16 
3669.010 -1.06488e-16 
3673.070 -6.25810e-17 
3677.140 -4.26673e-17 
3681.210 -7.37518e-17 
3685.280 -6.88347e-17 
3689.350 -1.04916e-16 
3693.410 -1.04001e-16 
3697.480 -1.18079e-16 
3701.550 -1.16155e-16 
3705.620 -1.10231e-16 
3709.690 -8.33043e-17 
3713.750 -8.73815e-17 
3717.820 -8.14522e-17 
3721.890 -1.13522e-16 
3725.960 -9.85896e-17 
3730.030 -1.05656e-16 
3734.090 -6.07263e-17 
3738.160 -1.29790e-16 
3742.230 -1.15853e-16 
3746.300 -1.04914e-16 
3750.370 -8.69744e-17 
3754.430 -9.60383e-17 
3758.500 -9.50960e-17 
3762.570 -1.42152e-16 
3766.640 -8.32080e-17 
3770.710 -1.15262e-16 
3774.770 -8.23201e-17 
3778.840 -1.19372e-16 
3782.910 -1.05423e-16 
3786.980 -1.16473e-16 
3791.050 -6.15221e-17 
3795.110 -8.55748e-17 
3799.180 -1.40622e-16 
3803.250 -7.36676e-17 
3807.320 -7.17127e-17 
3811.390 -7.57570e-17 
3815.450 -1.04805e-16 
3819.520 -9.58474e-17 
3823.590 -9.28890e-17 
3827.660 -9.29297e-17 
3831.730 -8.99697e-17 
3835.790 -8.20135e-17 
3839.860 -2.70519e-17 
3843.930 -8.60896e-17 
3848.000 -9.51265e-17 
3852.070 -5.11628e-17 
3856.130 -4.82033e-17 
3860.200 -5.92382e-17 
3864.270 -7.22724e-17 
3868.340 -5.83061e-17 
3872.410 -4.33393e-17 
3876.470 -4.23766e-17 
3880.540 -8.04087e-17 
3884.610 -8.14401e-17 
3888.680 -5.47136e-18 
3892.750 -5.55018e-17 
3896.810 -3.95366e-17 
3900.880 -5.85664e-17 
3904.950 -6.05955e-17 
3909.020 -1.26243e-17 
3913.090 -2.56528e-17 
3917.150 -3.36858e-17 
3921.220 -1.07136e-17 
3925.290 -3.37410e-17 
3929.360 -8.76822e-18 
3933.430 -4.67952e-17 
3937.490 -1.48267e-17 
3941.560 -2.88532e-17 
3945.630 -1.08794e-17 
3949.700 -1.19055e-17 
3953.770 -8.93133e-18 
3957.830 3.03815e-18 
3961.900 -2.59877e-17 
3965.970 2.98685e-18 
3970.040 -2.20386e-17 
3974.110 4.93608e-18 
3978.170 1.49059e-17 
3982.240 3.38805e-17 
3986.310 3.58552e-17 
3990.380 3.68298e-17 
3994.450 1.88044e-17 
3998.510 1.57741e-17 
4002.580 -2.32514e-17 
4006.650 7.72293e-18 
4010.720 5.36972e-17 
4014.790 2.76714e-17 
4018.850 2.46406e-17 
4022.920 6.26143e-17 
4026.990 5.25879e-17 
4031.060 5.35613e-17 
4035.130 7.53441e-18 
4039.190 1.95025e-17 
4043.260 2.54751e-17 
4047.330 5.84473e-17 
4051.400 5.24194e-17 
4055.470 3.33910e-17 
4059.530 4.43575e-17 
4063.600 2.13285e-17 
4067.670 6.29896e-18 
4071.740 2.42692e-17 
4075.810 2.02389e-17 
4079.870 3.12034e-17 
4083.940 6.31721e-17 
4088.010 1.11405e-17 
4092.080 4.10827e-18 
4096.150 1.30755e-17 
4100.210 6.03749e-18 
4104.280 6.00361e-18 
4108.350 1.39693e-17 
4112.420 -3.06573e-18 
4116.490 4.68988e-17 
4120.550 4.78576e-17 
4124.620 2.78209e-17 
4128.690 3.07832e-17 
4132.760 5.37449e-17 
4136.830 8.67060e-17 
4140.890 5.06616e-17 
4144.960 1.06211e-17 
4149.030 1.57982e-18 
4153.100 -1.94621e-17 
4157.170 3.04951e-17 
4161.230 4.84468e-17 
4165.300 4.44023e-17 
4169.370 5.63571e-17 
4173.440 4.63110e-17 
4177.510 1.62639e-17 
4181.570 1.21120e-18 
4185.640 5.16256e-18 
4189.710 -1.98874e-17 
4193.780 -2.19382e-17 
4197.850 -1.98984e-18 
4201.910 2.09527e-17 
4205.980 -1.41010e-17 
4210.050 1.98441e-17 
4214.120 1.78856e-18 
4218.190 -7.26855e-18 
4222.250 1.66887e-18 
4226.320 -1.63902e-17 
4230.390 3.54981e-18 
4234.460 5.48846e-18 
4238.530 1.54260e-17 
4242.590 -2.64243e-18 
4246.660 -5.70694e-18 
4250.730 -7.77301e-18 
4254.800 -2.78403e-17 
4258.870 -1.39085e-17 
4262.930 -2.89830e-17 
4267.000 -1.00540e-17 
4271.070 -2.91262e-17 
4275.140 -1.81995e-17 
4279.210 1.72562e-18 
4283.270 -8.35529e-18 
4287.340 1.25671e-17 
4291.410 -2.35115e-17 
4295.480 -2.25919e-17 
4299.550 -4.67356e-18 
4303.610 1.62387e-17 
4307.680 -7.84575e-18 
4311.750 -9.31630e-19 
4315.820 -1.80190e-17 
4319.890 -1.10771e-18 
4323.950 2.27972e-17 
4328.020 -2.94715e-19 
4332.090 -4.38811e-18 
4336.160 2.25171e-17 
4340.230 2.14206e-17 
4344.290 1.83179e-17 
4348.360 -1.57819e-17 
4352.430 -1.38830e-17 
4356.500 -1.19859e-17 
4360.570 -3.40904e-17 
4364.630 -4.62013e-17 
4368.700 -1.83089e-17 
4372.770 -5.74185e-17 
4376.840 -4.75297e-17 
4380.910 -1.06424e-17 
4384.970 -3.77616e-17 
4389.040 -4.18781e-17 
4393.110 -4.89964e-17 
4397.180 -2.31161e-17 
4401.250 -8.23782e-18 
4405.320 -3.43614e-17 
4409.380 -5.74912e-17 
4413.450 -2.26181e-17 
4417.520 -3.77472e-17 
4421.590 -3.98781e-17 
4425.660 -4.10106e-17 
4429.720 -3.01499e-17 
4433.790 5.71361e-18 
4437.860 -1.74249e-17 
4441.930 -5.65077e-19 
4446.000 -2.77074e-17 
4450.060 -8.56244e-19 
4454.130 -2.90025e-17 
4458.200 -1.91506e-17 
4462.270 -1.30088e-18 
4466.340 1.05468e-17 
4470.400 1.38802e-18 
4474.470 7.23181e-18 
4478.540 3.20733e-17 
4482.610 1.09128e-17 
4486.680 6.37504e-17 
4490.740 4.55813e-17 
4494.810 7.74144e-17 
4498.880 5.02454e-17 
4502.950 8.50745e-17 
4507.020 9.89013e-17 
4511.080 9.47215e-17 
4515.150 1.18544e-16 
4519.220 9.73641e-17 
4523.290 1.30182e-16 
4527.360 1.18998e-16 
4531.420 1.15807e-16 
4535.490 9.56185e-17 
4539.560 6.84273e-17 
4543.630 5.12341e-17 
4547.700 7.00387e-17 
4551.760 9.08363e-17 
4555.830 8.96363e-17 
4559.900 8.14336e-17 
4563.970 8.12289e-17 
4568.040 7.50218e-17 
4572.100 8.48078e-17 
4576.170 5.75958e-17 
4580.240 5.23816e-17 
4584.310 7.41648e-17 
4588.380 7.29455e-17 
4592.440 7.07196e-17 
4596.510 1.15495e-16 
4600.580 1.05269e-16 
4604.650 1.15040e-16 
4608.720 1.49809e-16 
4612.780 1.04570e-16 
4616.850 1.00334e-16 
4620.920 9.30948e-17 
4624.990 8.98534e-17 
4629.060 9.46093e-17 
4633.120 9.53583e-17 
4637.190 6.41091e-17 
4641.260 7.38572e-17 
4645.330 1.09603e-16 
4649.400 9.33460e-17 
4653.460 6.60821e-17 
4657.530 6.18199e-17 
4661.600 5.95551e-17 
4665.670 5.82875e-17 
4669.740 8.60174e-17 
4673.800 1.10740e-16 
4677.870 1.03465e-16 
4681.940 8.81864e-17 
4686.010 6.59054e-17 
4690.080 9.56218e-17 
4694.140 5.73312e-17 
4698.210 3.60419e-17 
4702.280 6.67500e-17 
4706.350 9.74554e-17 
4710.420 3.71579e-17 
4714.480 4.18535e-17 
4718.550 8.15503e-17 
4722.620 4.42445e-17 
4726.690 5.99358e-17 
4730.760 5.46242e-17 
4734.820 1.63057e-17 
4738.890 6.19886e-17 
4742.960 5.26684e-17 
4747.030 7.73454e-17 
4751.100 7.50196e-17 
4755.160 7.56868e-17 
4759.230 7.93551e-17 
4763.300 7.80204e-17 
4767.370 7.56831e-17 
4771.440 6.23425e-17 
4775.500 6.39950e-17 
4779.570 4.96485e-17 
4783.640 9.52994e-17 
4787.710 6.89470e-17 
4791.780 1.02592e-16 
4795.840 8.92292e-17 
4799.910 1.14868e-16 
4803.980 1.54504e-16 
4808.050 1.15136e-16 
4812.120 1.31766e-16 
4816.180 1.55388e-16 
4820.250 1.61012e-16 
4824.320 1.59632e-16 
4828.390 1.20249e-16 
4832.460 1.58864e-16 
4836.520 1.69471e-16 
4840.590 1.44079e-16 
4844.660 1.70684e-16 
4848.730 1.54285e-16 
4852.800 1.61884e-16 
4856.860 1.39475e-16 
4860.930 1.65068e-16 
4865.000 2.11657e-16 
4869.070 1.84243e-16 
4873.140 1.95826e-16 
4877.200 2.01401e-16 
4881.270 1.77978e-16 
4885.340 1.77551e-16 
4889.410 1.84121e-16 
4893.480 1.61687e-16 
4897.540 1.80247e-16 
4901.610 1.94807e-16 
4905.680 1.71364e-16 
4909.750 1.66918e-16 
4913.820 1.86468e-16 
4917.880 1.82012e-16 
4921.950 1.97556e-16 
4926.020 2.16096e-16 
4930.090 1.76633e-16 
4934.160 1.94167e-16 
4938.220 1.70694e-16 
4942.290 1.64221e-16 
4946.360 1.69745e-16 
4950.430 1.44266e-16 
4954.500 1.19783e-16 
4958.560 8.92930e-17 
4962.630 1.12803e-16 
4966.700 1.17311e-16 
4970.770 9.78143e-17 
4974.840 8.23145e-17 
4978.900 8.28077e-17 
4982.970 9.43013e-17 
4987.040 1.00791e-16 
4991.110 5.92779e-17 
4995.180 6.77611e-17 
4999.240 5.02372e-17 
5003.310 2.47134e-17 
5007.380 5.41862e-17 
5011.450 7.86556e-17 
5015.520 6.61214e-17 
5019.580 6.95802e-17 
5023.650 4.20390e-17 
5027.720 2.44946e-17 
5031.790 3.19464e-17 
5035.860 -1.36054e-17 
5039.920 7.83603e-18 
5043.990 6.27747e-18 
5048.060 -2.84788e-19 
5052.130 4.14938e-18 
5056.200 -1.34198e-17 
5060.260 2.10037e-17 
5064.330 -1.57260e-18 
5068.400 2.88474e-17 
5072.470 1.32639e-17 
5076.540 1.66768e-17 
5080.600 -1.49174e-17 
5084.670 -5.51178e-18 
5088.740 2.18904e-17 
5092.810 5.02888e-17 
5096.880 4.36837e-17 
5100.940 1.30715e-17 
5105.010 4.44591e-17 
5109.080 1.78432e-17 
5113.150 6.22342e-18 
5117.220 9.60022e-18 
5121.280 -1.20302e-17 
5125.350 5.33932e-18 
5129.420 4.27049e-17 
5133.490 4.80671e-17 
5137.560 2.94254e-17 
5141.620 3.77768e-17 
5145.690 3.21278e-17 
5149.760 1.44751e-17 
5153.830 -2.18122e-18 
5157.900 2.21586e-17 
5161.960 1.74916e-17 
5166.030 2.28240e-17 
5170.100 2.01528e-17 
5174.170 1.24779e-17 
5178.240 1.67993e-17 
5182.300 3.81135e-17 
5186.370 -1.55726e-17 
5190.440 -3.26259e-18 
5194.510 2.90437e-17 
5198.580 3.33464e-17 
5202.640 1.66420e-17 
5206.710 1.89370e-17 
5210.780 4.72282e-17 
5214.850 1.45158e-17 
5218.920 5.27995e-17 
5222.980 2.80763e-17 
5227.050 2.03523e-17 
5231.120 1.66248e-17 
5235.190 2.98932e-17 
5239.260 2.01578e-17 
5243.320 2.74157e-17 
5247.390 4.66728e-17 
5251.460 2.89261e-17 
5255.530 3.41754e-17 
5259.600 3.24212e-17 
5263.660 4.26599e-17 
5267.730 1.58977e-17 
5271.800 1.31793e-19 
5275.870 2.33621e-17 
5279.940 1.85884e-17 
5284.000 1.88080e-17 
5288.070 2.00266e-17 
5292.140 1.02415e-17 
5296.210 8.45238e-18 
5300.280 1.16594e-17 
5304.340 -1.40316e-19 
5308.410 3.40591e-17 
5312.480 3.12545e-17 
5316.550 3.34460e-17 
5320.620 1.56337e-17 
5324.690 1.98174e-17 
5328.750 1.59944e-17 
5332.820 1.21703e-17 
5336.890 1.83424e-17 
5340.960 1.05105e-17 
5345.030 -1.93254e-17 
5349.090 -9.16781e-18 
5353.160 -2.30113e-17 
5357.230 -3.78589e-17 
5361.300 -4.07104e-17 
5365.370 -3.35657e-17 
5369.430 -7.42782e-18 
5373.500 -1.72911e-17 
5377.570 -8.15833e-18 
5381.640 -1.40294e-17 
5385.710 -5.90451e-18 
5389.770 3.52137e-17 
5393.840 -1.46693e-17 
5397.910 -3.55561e-17 
5401.980 -2.24470e-17 
5406.050 -3.33419e-17 
5410.110 -2.52434e-17 
5414.180 -3.71459e-17 
5418.250 -4.05273e-18 
5422.320 2.80366e-17 
5426.390 -2.28780e-17 
5430.450 2.00747e-19 
5434.520 1.02781e-17 
5438.590 -2.64851e-18 
5442.660 -4.05790e-17 
5446.730 -1.05135e-17 
5450.790 -3.34547e-17 
5454.860 -1.73972e-17 
5458.930 -1.43436e-17 
5463.000 -3.82941e-17 
5467.070 -4.72485e-17 
5471.130 -3.92096e-17 
5475.200 -3.51719e-17 
5479.270 -2.61384e-17 
5483.340 -5.11089e-17 
5487.410 -7.80832e-17 
5491.470 -6.90641e-17 
5495.540 -4.00466e-17 
5499.610 -7.30331e-17 
5503.680 -6.60235e-17 
5507.750 -4.50180e-17 
5511.810 -4.40189e-17 
5515.880 -6.02140e-18 
5519.950 -3.40277e-17 
5524.020 -4.70383e-17 
5528.090 -4.70528e-17 
5532.150 -2.70737e-17 
5536.220 -3.80962e-17 
5540.290 -6.81227e-17 
5544.360 -8.51533e-17 
5548.430 -6.81878e-17 
5552.490 -5.42288e-17 
5556.560 -2.72714e-17 
5560.630 -3.23181e-17 
5564.700 -5.83687e-17 
5568.770 -4.84234e-17 
5572.830 -1.38884e-16 
5576.900 -2.97747e-16 
5580.970 -6.96138e-17 
5585.040 -3.26846e-17 
5589.110 -2.07594e-17 
5593.170 -5.58405e-17 
5597.240 -4.49232e-17 
5601.310 -5.30101e-17 
5605.380 -5.61010e-17 
5609.450 -3.91959e-17 
5613.510 -6.22971e-17 
5617.580 -6.44000e-17 
5621.650 -5.35070e-17 
5625.720 -7.26179e-17 
5629.790 -3.87330e-17 
5633.850 -4.28542e-17 
5637.920 -2.89773e-17 
5641.990 -5.11043e-17 
5646.060 -2.82355e-17 
5650.130 -6.03707e-17 
5654.190 -3.45119e-17 
5658.260 -4.16552e-17 
5662.330 -6.08023e-17 
5666.400 -4.09536e-17 
5670.470 -5.51088e-17 
5674.530 -4.62702e-17 
5678.600 -5.24334e-17 
5682.670 -4.46007e-17 
5686.740 -4.67720e-17 
5690.810 -4.29474e-17 
5694.870 -5.21287e-17 
5698.940 -4.93122e-17 
5703.010 -6.34996e-17 
5707.080 -9.31909e-17 
5711.150 -9.34863e-17 
5715.210 -8.80877e-17 
5719.280 -8.62912e-17 
5723.350 -6.64985e-17 
5727.420 -3.17100e-17 
5731.490 -4.39254e-17 
5735.550 -1.04347e-16 
5739.620 -7.33702e-17 
5743.690 -6.75977e-17 
5747.760 -5.88292e-17 
5751.830 -7.20646e-17 
5755.890 -7.63059e-17 
5759.960 -8.42494e-17 
5764.030 -6.47969e-17 
5768.100 -4.60482e-17 
5772.170 -6.03036e-17 
5776.230 -6.05648e-17 
5780.300 -3.48282e-17 
5784.370 -2.50956e-17 
5788.440 -5.23670e-17 
5792.510 -4.36423e-17 
5796.570 -3.89233e-17 
5800.640 -8.20657e-18 
5804.710 -4.04938e-17 
5808.780 -3.57851e-17 
5812.850 -5.08023e-18 
5816.910 -4.33811e-17 
5820.980 -2.66842e-17 
5825.050 -2.19913e-17 
5829.120 -3.13023e-17 
5833.190 -1.66173e-17 
5837.250 -2.93788e-18 
5841.320 1.07392e-17 
5845.390 -1.35875e-17 
5849.460 -1.91834e-18 
5853.530 -2.02531e-17 
5857.590 -7.59336e-18 
5861.660 -2.09359e-17 
5865.730 -1.52824e-17 
5869.800 1.53671e-17 
5873.870 -3.98720e-18 
5877.930 -1.83470e-17 
5882.000 -8.70931e-18 
5886.070 -2.20754e-17 
5890.140 -3.04455e-17 
5894.210 -1.88194e-17 
5898.270 -4.19879e-18 
5902.340 2.41943e-18 
5906.410 -1.09662e-17 
5910.480 6.64427e-18 
5914.550 -1.74920e-18 
5918.610 -1.81480e-17 
5922.680 -6.54918e-18 
5926.750 -5.95430e-18 
5930.820 6.36730e-19 
5934.890 -6.77608e-18 
5938.950 -8.19422e-18 
5943.020 -1.16148e-17 
5947.090 -3.03926e-18 
5951.160 -8.46748e-18 
5955.230 -9.89967e-18 
5959.290 1.16629e-17 
5963.360 -7.76888e-19 
5967.430 3.77945e-18 
5971.500 2.63320e-17 
5975.570 2.98806e-17 
5979.630 -1.15759e-17 
5983.700 1.49651e-17 
5987.770 4.45023e-17 
5991.840 3.80357e-17 
5995.910 6.95653e-17 
5999.970 -2.14410e-16 
6004.040 -1.25188e-16 
6008.110 2.11298e-17 
6012.180 3.16443e-17 
6016.250 4.71548e-17 
6020.310 5.16604e-17 
6024.380 6.71634e-17 
6028.450 4.96628e-17 
6032.520 4.31582e-17 
6036.590 7.36500e-17 
6040.650 7.71368e-17 
6044.720 7.36211e-17 
6048.790 5.21016e-17 
6052.860 7.65783e-17 
6056.930 6.40514e-17 
6060.990 5.15195e-17 
6065.060 6.79851e-17 
6069.130 7.34470e-17 
6073.200 6.69051e-17 
6077.270 6.93596e-17 
6081.330 5.68092e-17 
6085.400 5.22563e-17 
6089.470 5.86997e-17 
6093.540 3.81394e-17 
6097.610 6.95753e-17 
6101.670 7.50066e-17 
6105.740 7.24354e-17 
6109.810 6.78603e-17 
6113.880 6.42817e-17 
6117.950 5.26994e-17 
6122.010 7.91124e-17 
6126.080 6.25229e-17 
6130.150 5.59297e-17 
6134.220 6.93329e-17 
6138.290 5.77325e-17 
6142.350 6.41275e-17 
6146.420 8.85199e-17 
6150.490 6.29087e-17 
6154.560 4.92938e-17 
6158.630 5.26754e-17 
6162.690 3.80525e-17 
6166.760 2.24270e-17 
6170.830 3.87979e-17 
6174.900 4.61652e-17 
6178.970 3.35290e-17 
6183.030 4.78884e-17 
6187.100 2.52451e-17 
6191.170 2.45983e-17 
6195.240 4.39479e-17 
6199.310 4.02941e-17 
6203.370 3.86359e-17 
6207.440 -8.02496e-18 
6211.510 5.43107e-17 
6215.580 6.36429e-17 
6219.650 4.09716e-17 
6223.710 4.72960e-17 
6227.780 4.06177e-17 
6231.850 3.49361e-17 
6235.920 3.32509e-17 
6239.990 3.15624e-17 
6244.060 3.78704e-17 
6248.120 4.41742e-17 
6252.190 2.64753e-17 
6256.260 2.77731e-17 
6260.330 7.06743e-18 
6264.400 -9.64165e-18 
6268.460 1.36452e-17 
6272.530 2.29294e-17 
6276.600 2.62102e-17 
6280.670 3.24877e-17 
6284.740 7.76181e-18 
6288.800 3.30319e-17 
6292.870 4.82993e-17 
6296.940 1.95635e-17 
6301.010 6.48242e-17 
6305.080 9.90817e-17 
6309.140 5.93352e-17 
6313.210 2.95861e-17 
6317.280 3.98337e-17 
6321.350 2.40780e-17 
6325.420 3.13191e-17 
6329.480 1.35563e-17 
6333.550 1.97908e-17 
6337.620 1.20221e-17 
6341.690 3.32502e-17 
6345.760 6.94750e-17 
6349.820 1.02696e-16 
6353.890 5.49146e-17 
6357.960 2.61298e-17 
6362.030 7.03418e-17 
6366.100 2.65507e-17 
6370.160 3.97559e-17 
6374.230 2.59584e-17 
6378.300 7.15778e-18 
6382.370 2.93540e-17 
6386.440 1.45471e-17 
6390.500 1.87366e-17 
6394.570 3.79235e-17 
6398.640 1.31073e-17 
6402.710 -5.71201e-18 
6406.780 2.04656e-17 
6410.840 2.06397e-17 
6414.910 4.81117e-18 
6418.980 -4.02045e-18 
6423.050 1.44902e-19 
6427.120 -9.19273e-18 
6431.180 -1.90338e-17 
6435.250 -1.72775e-17 
6439.320 -3.08243e-17 
6443.390 -1.05740e-17 
6447.460 -5.92666e-18 
6451.520 -3.78267e-18 
6455.590 2.35870e-18 
6459.660 8.49712e-18 
6463.730 1.26326e-17 
6467.800 7.65135e-19 
6471.860 -1.49056e-17 
6475.930 -5.97885e-18 
6480.000 1.51450e-17 
6484.070 9.26588e-18 
6488.140 1.23839e-17 
6492.200 1.44988e-17 
6496.270 5.61113e-18 
6500.340 2.47206e-17 
6504.410 -1.72775e-19 
6508.480 3.93105e-18 
6512.540 1.40318e-17 
6516.610 1.12997e-18 
6520.680 -3.77462e-18 
6524.750 9.31799e-18 
6528.820 4.07846e-19 
6532.880 -1.56053e-17 
6536.950 9.57906e-18 
6541.020 3.86607e-17 
6545.090 -1.16605e-17 
6549.160 8.15713e-19 
6553.220 2.78890e-17 
6557.290 4.95978e-18 
6561.360 -8.37213e-18 
6565.430 -3.90669e-18 
6569.500 -1.65439e-17 
6573.560 8.21608e-18 
6577.630 2.62736e-17 
6581.700 1.32847e-18 
6585.770 2.63807e-17 
6589.840 2.64304e-17 
6593.900 1.47740e-18 
6597.970 -2.47811e-18 
6602.040 -3.43612e-18 
6606.110 6.03286e-19 
6610.180 2.86402e-17 
6614.240 2.46744e-17 
6618.310 2.87063e-17 
6622.380 -2.64367e-19 
6626.450 1.47625e-17 
6630.520 2.87869e-17 
6634.580 1.88087e-17 
6638.650 1.88282e-17 
6642.720 4.38453e-17 
6646.790 1.58599e-17 
6650.860 1.18721e-17 
6654.920 3.88187e-18 
6658.990 1.28893e-17 
6663.060 1.48943e-17 
6667.130 -4.10295e-18 
6671.200 1.28974e-17 
6675.260 2.68954e-17 
6679.330 2.08911e-17 
6683.400 3.18844e-17 
6687.470 4.88755e-17 
6691.540 3.18643e-17 
6695.600 4.38509e-17 
6699.670 6.28352e-17 
6703.740 4.28173e-17 
6707.810 4.57971e-17 
6711.880 1.97746e-17 
6715.940 3.87501e-17 
6720.010 6.47233e-17 
6724.080 7.26944e-17 
6728.150 6.26632e-17 
6732.220 5.06299e-17 
6736.280 7.05946e-17 
6740.350 5.45571e-17 
6744.420 5.85175e-17 
6748.490 7.34758e-17 
6752.560 8.94320e-17 
6756.620 7.13862e-17 
6760.690 3.53383e-17 
6764.760 9.12884e-17 
6768.830 9.42364e-17 
6772.900 7.91824e-17 
6776.960 8.51266e-17 
6781.030 5.10686e-17 
6785.100 6.00087e-17 
6789.170 8.09469e-17 
6793.240 7.78831e-17 
6797.300 1.11817e-16 
6801.370 7.07499e-17 
6805.440 1.10680e-16 
6809.510 8.86090e-17 
6813.580 8.45357e-17 
6817.640 7.14608e-17 
6821.710 9.03839e-17 
6825.780 9.73051e-17 
6829.850 8.42246e-17 
6833.920 7.21422e-17 
6837.980 9.70583e-17 
6842.050 1.02972e-16 
6846.120 9.28848e-17 
6850.190 8.97954e-17 
6854.260 8.47044e-17 
6858.320 5.36119e-17 
6862.390 3.15174e-17 
6866.460 4.94213e-17 
6870.530 5.73235e-17 
6874.600 5.92241e-17 
6878.660 6.61234e-17 
6882.730 9.60208e-17 
6886.800 9.89166e-17 
6890.870 5.58108e-17 
6894.940 6.67034e-17 
6899.000 7.95948e-17 
6903.070 7.64844e-17 
6907.140 9.13725e-17 
6911.210 9.12591e-17 
6915.280 9.91441e-17 
6919.340 8.80281e-17 
6923.410 9.59102e-17 
6927.480 7.97910e-17 
6931.550 1.07670e-16 
6935.620 9.75483e-17 
6939.680 8.94252e-17 
6943.750 9.43004e-17 
6947.820 1.00174e-16 
6951.890 9.60467e-17 
6955.960 9.39180e-17 
6960.020 1.08788e-16 
6964.090 1.12657e-16 
6968.160 7.95241e-17 
6972.230 1.04390e-16 
6976.300 1.04255e-16 
6980.360 1.05119e-16 
6984.430 7.99815e-17 
6988.500 6.68428e-17 
6992.570 7.97028e-17 
6996.640 1.00562e-16 
7000.700 1.08420e-16 
7004.770 9.32766e-17 
7008.840 8.71322e-17 
7012.910 6.29867e-17 
7016.980 8.18402e-17 
7021.040 1.04693e-16 
7025.110 9.05443e-17 
7029.180 8.03947e-17 
7033.250 7.82441e-17 
7037.320 6.80925e-17 
7041.380 8.19403e-17 
7045.450 1.01787e-16 
7049.520 8.26323e-17 
7053.590 8.54770e-17 
7057.660 7.53207e-17 
7061.720 7.41640e-17 
7065.790 6.00060e-17 
7069.860 1.10847e-16 
7073.930 1.16688e-16 
7078.000 9.45272e-17 
7082.060 8.13664e-17 
7086.130 1.04205e-16 
7090.200 9.90417e-17 
7094.270 1.04878e-16 
7098.340 9.87142e-17 
7102.400 6.25497e-17 
7106.470 6.83842e-17 
7110.540 6.32180e-17 
7114.610 7.50512e-17 
7118.680 7.38838e-17 
7122.740 7.87162e-17 
7126.810 7.45475e-17 
7130.880 5.73784e-17 
7134.950 5.52087e-17 
7139.020 5.70384e-17 
7143.090 5.08677e-17 
7147.150 7.26969e-17 
7151.220 7.55252e-17 
7155.290 7.33530e-17 
7159.360 4.51804e-17 
7163.430 4.70074e-17 
7167.490 3.88345e-17 
7171.560 4.56607e-17 
7175.630 6.34866e-17 
7179.700 4.53121e-17 
7183.770 1.91374e-17 
7187.830 4.79627e-17 
7191.900 4.87874e-17 
7195.970 4.76118e-17 
7200.040 3.04359e-17 
7204.110 1.12598e-17 
7208.170 2.10840e-17 
7212.240 5.90757e-18 
7216.310 3.47310e-17 
7220.380 1.15543e-17 
7224.450 2.03774e-17 
7228.510 1.72008e-17 
7232.580 1.40238e-17 
7236.650 7.84670e-18 
7240.720 -1.33305e-17 
7244.790 -2.54076e-17 
7248.850 -1.06844e-17 
7252.920 2.91385e-17 
7256.990 5.96130e-18 
7261.060 -4.21574e-18 
7265.130 -2.39274e-18 
7269.190 5.43084e-18 
7273.260 1.82541e-17 
7277.330 2.10774e-17 
7281.400 1.79010e-17 
7285.470 -2.32753e-17 
7289.530 -2.51510e-17 
7293.600 3.13731e-17 
7297.670 2.31976e-17 
7301.740 -2.19778e-17 
7305.810 -3.15288e-18 
7309.870 -4.32724e-18 
7313.940 4.98360e-19 
7318.010 1.83243e-17 
7322.080 -9.84950e-18 
7326.150 8.97720e-18 
7330.210 -1.21953e-17 
7334.280 1.63219e-18 
7338.350 7.46011e-18 
7342.420 -1.37114e-17 
7346.490 1.61175e-17 
7350.550 3.59473e-17 
7354.620 1.77773e-17 
7358.690 1.46078e-17 
7362.760 -1.23151e-16 
7366.830 -1.82829e-16 
7370.890 -1.78966e-17 
7374.960 -1.70636e-17 
7379.030 5.77003e-18 
7383.100 -5.39568e-18 
7387.170 3.64394e-17 
7391.230 1.42756e-17 
7395.300 -2.28879e-17 
7399.370 -1.70506e-17 
7403.440 4.78748e-18 
7407.510 2.46264e-17 
7411.570 3.46657e-18 
7415.640 -2.98928e-17 
7419.710 -1.28513e-17 
7423.780 1.09911e-17 
7427.850 6.83442e-18 
7431.910 8.67911e-18 
7435.980 3.15244e-17 
7440.050 -8.62933e-18 
7444.120 2.02180e-17 
7448.190 1.70662e-17 
7452.250 4.49160e-17 
