3645.380 -1.03637e-17 
3650.900 2.31683e-17 
3656.420 1.73030e-17 
3661.940 -2.29595e-17 
3667.460 -5.86195e-17 
3672.970 -1.98770e-17 
3678.490 1.88683e-17 
3684.010 5.70163e-17 
3689.530 -1.03332e-17 
3695.050 2.93199e-17 
3700.570 1.74754e-17 
3706.080 1.06333e-17 
3711.600 1.39389e-18 
3717.120 -3.38430e-17 
3722.640 -2.64775e-17 
3728.160 1.42904e-17 
3733.680 1.14608e-17 
3739.200 -2.76665e-17 
3744.710 -6.89173e-18 
3750.230 2.39857e-17 
3755.750 1.51655e-17 
3761.270 -1.55250e-18 
3766.790 -8.76817e-18 
3772.310 2.21839e-18 
3777.820 -2.64931e-17 
3783.340 2.99787e-18 
3788.860 -3.90893e-18 
3794.380 -7.41356e-18 
3799.900 -3.04160e-17 
3805.420 2.88836e-17 
3810.940 4.20854e-17 
3816.450 -1.46111e-17 
3821.970 1.94948e-17 
3827.490 1.27027e-17 
3833.010 1.89127e-17 
3838.530 1.71247e-17 
3844.050 7.33869e-18 
3849.560 2.54222e-19 
3855.080 2.57721e-17 
3860.600 3.39919e-17 
3866.120 1.22136e-17 
3871.640 3.37198e-19 
3877.160 -2.82374e-17 
3882.670 5.08954e-18 
3888.190 1.81186e-17 
3893.710 1.64958e-18 
3899.230 -2.51177e-17 
3904.750 -7.83247e-19 
3910.270 1.52969e-19 
3915.790 -4.10908e-18 
3921.300 4.93014e-18 
3926.820 1.06715e-17 
3932.340 -7.08553e-18 
3937.860 5.25911e-18 
3943.380 -4.19463e-18 
3948.900 -1.14674e-18 
3954.410 6.50228e-18 
3959.930 2.05332e-18 
3965.450 -2.24941e-17 
3970.970 -1.18399e-17 
3976.490 1.90157e-17 
3982.010 3.52728e-17 
3987.530 -1.60686e-17 
3993.040 -2.74089e-17 
3998.560 -1.84744e-18 
4004.080 -6.68452e-18 
4009.600 3.37981e-18 
4015.120 1.33455e-17 
4020.640 4.21126e-17 
4026.150 2.93805e-17 
4031.670 -3.69497e-17 
4037.190 -1.92787e-17 
4042.710 -2.15063e-17 
4048.230 2.14673e-17 
4053.750 1.24422e-17 
4059.270 -5.18167e-18 
4064.780 -8.20484e-18 
4070.300 -7.12632e-18 
4075.820 1.62534e-17 
4081.340 1.08343e-17 
4086.860 5.91634e-18 
4092.380 -1.10052e-18 
4097.890 -7.81674e-18 
4103.410 -3.44314e-17 
4108.930 -2.58449e-17 
4114.450 -4.45740e-18 
4119.970 2.41311e-17 
4125.490 4.64207e-17 
4131.000 1.22108e-17 
4136.520 3.60024e-17 
4142.040 -5.60508e-18 
4147.560 -3.88116e-17 
4153.080 -2.80171e-17 
4158.600 2.17783e-17 
4164.120 4.74745e-17 
4169.630 7.17115e-18 
4175.150 -2.11308e-17 
4180.670 -9.03190e-18 
4186.190 -1.19322e-17 
4191.710 4.06840e-18 
4197.230 2.76978e-18 
4202.740 1.66714e-17 
4208.260 6.74304e-19 
4213.780 -1.51220e-17 
4219.300 6.58242e-18 
4224.820 1.59876e-17 
4230.340 -1.80065e-17 
4235.860 2.84000e-17 
4241.370 9.30671e-18 
4246.890 1.85146e-17 
4252.410 6.02315e-18 
4257.930 -1.16769e-18 
4263.450 -7.85789e-18 
4268.970 1.52486e-19 
4274.480 -1.80371e-17 
4280.000 -3.52560e-18 
4285.520 3.18649e-18 
4291.040 -6.90090e-18 
4296.560 5.31223e-18 
4302.080 2.49259e-17 
4307.600 8.04000e-18 
4313.110 -2.56460e-17 
4318.630 -1.39309e-17 
4324.150 -1.27154e-17 
4329.670 -2.21995e-17 
4335.190 9.41689e-18 
4340.710 6.13364e-18 
4346.220 -1.17498e-17 
4351.740 -4.53228e-18 
4357.260 -2.71445e-18 
4362.780 -4.69626e-18 
4368.300 -2.05777e-17 
4373.820 1.94411e-17 
4379.340 1.94602e-17 
4384.850 2.88791e-17 
4390.370 6.29875e-18 
4395.890 1.51187e-17 
4401.410 9.23884e-18 
4406.930 6.35924e-18 
4412.450 -1.56201e-17 
4417.960 -2.46000e-17 
4423.480 8.62104e-18 
4429.000 -3.57819e-19 
4434.520 2.22635e-17 
4440.040 -8.21507e-18 
4445.560 -2.30935e-17 
4451.070 1.17276e-17 
4456.590 -1.07506e-17 
4462.110 1.41713e-17 
4467.630 -6.40680e-18 
4473.150 -5.38479e-18 
4478.670 1.88373e-17 
4484.190 1.36593e-17 
4489.700 8.08086e-18 
4495.220 1.70297e-18 
4500.740 8.62507e-18 
4506.260 1.89471e-17 
4511.780 6.66916e-18 
4517.300 6.35912e-17 
4522.810 3.21252e-18 
4528.330 -2.09656e-17 
4533.850 -2.00438e-17 
4539.370 4.17784e-18 
4544.890 6.09942e-18 
4550.410 2.24209e-17 
4555.930 4.32422e-17 
4561.440 1.93627e-17 
4566.960 6.58374e-18 
4572.480 -7.89543e-18 
4578.000 -2.32748e-17 
4583.520 2.22457e-17 
4589.040 3.56589e-18 
4594.550 2.37853e-17 
4600.070 4.70051e-17 
4605.590 1.49246e-17 
4611.110 -1.61561e-17 
4616.630 1.76289e-18 
4622.150 8.98161e-18 
4627.670 -8.59995e-18 
4633.180 2.41760e-18 
4638.700 1.35354e-17 
4644.220 2.64529e-17 
4649.740 2.63700e-17 
4655.260 4.86773e-19 
4660.780 -1.21968e-17 
4666.290 9.91868e-18 
4671.810 7.73435e-18 
4677.330 3.42496e-17 
4682.850 1.37645e-17 
4688.370 -4.32110e-18 
4693.890 1.39290e-18 
4699.400 4.30588e-18 
4704.920 2.50190e-17 
4710.440 9.13165e-18 
4715.960 2.60438e-17 
4721.480 7.85551e-18 
4727.000 1.16670e-18 
4732.520 2.77390e-19 
4738.030 1.01870e-17 
4743.550 3.27966e-17 
4749.070 2.90057e-17 
4754.590 2.08143e-17 
4760.110 2.26223e-17 
4765.630 2.67297e-17 
4771.140 3.21360e-17 
4776.660 3.09423e-17 
4782.180 2.36480e-17 
4787.700 1.27530e-17 
4793.220 1.62575e-17 
4798.740 1.15613e-17 
4804.260 2.06644e-17 
4809.770 6.46638e-18 
4815.290 1.26682e-17 
4820.810 5.00694e-17 
4826.330 2.66700e-17 
4831.850 1.18698e-17 
4837.370 3.53689e-17 
4842.880 4.43668e-17 
4848.400 4.27645e-17 
4853.920 2.02615e-17 
4859.440 1.09577e-17 
4864.960 2.63532e-17 
4870.480 4.15480e-17 
4876.000 5.08420e-17 
4881.510 4.71347e-17 
4887.030 3.80271e-17 
4892.550 2.34188e-17 
4898.070 3.70965e-18 
4903.590 2.57997e-17 
4909.110 1.08889e-17 
4914.620 1.43769e-17 
4920.140 1.76445e-18 
4925.660 1.20512e-17 
4931.180 4.42371e-17 
4936.700 3.18221e-17 
4942.220 2.74063e-17 
4947.730 2.23891e-17 
4953.250 2.07150e-18 
4958.770 2.12530e-17 
4964.290 3.44337e-17 
4969.810 3.37134e-17 
4975.330 4.69221e-18 
4980.850 2.90701e-17 
4986.360 3.21465e-17 
4991.880 3.50226e-17 
4997.400 2.10977e-17 
5002.920 -3.58082e-17 
5008.440 1.35449e-17 
5013.960 1.61171e-17 
5019.470 5.61879e-17 
5024.990 2.83581e-17 
5030.510 3.40273e-17 
5036.030 2.11956e-17 
5041.550 1.47628e-17 
5047.070 1.77291e-17 
5052.590 1.40943e-17 
5058.100 5.85801e-18 
5063.620 9.42117e-18 
5069.140 1.24833e-17 
5074.660 1.99444e-17 
5080.180 1.25044e-17 
5085.700 4.38633e-17 
5091.210 6.94207e-17 
5096.730 5.15775e-17 
5102.250 3.63333e-17 
5107.770 -1.16121e-17 
5113.290 -5.15853e-18 
5118.810 -4.10608e-18 
5124.330 2.08453e-17 
5129.840 4.28950e-17 
5135.360 3.69442e-17 
5140.880 1.72921e-17 
5146.400 2.89390e-17 
5151.920 4.90847e-17 
5157.440 1.58293e-17 
5162.950 1.63723e-17 
5168.470 1.86146e-17 
5173.990 1.14557e-17 
5179.510 1.84956e-17 
5185.030 -6.36562e-18 
5190.550 1.71978e-19 
5196.060 1.86080e-17 
5201.580 1.01432e-17 
5207.100 1.23772e-17 
5212.620 1.39101e-17 
5218.140 -6.35830e-18 
5223.660 1.72721e-17 
5229.180 1.10131e-18 
5234.690 6.72888e-18 
5240.210 1.70556e-17 
5245.730 2.48812e-17 
5251.250 1.37054e-17 
5256.770 2.25285e-17 
5262.290 2.83503e-17 
5267.800 -3.82955e-18 
5273.320 -7.91024e-18 
5278.840 7.30780e-18 
5284.360 1.94246e-17 
5289.880 1.15401e-17 
5295.400 -1.06257e-17 
5300.920 -2.13271e-18 
5306.430 5.77859e-18 
5311.950 2.33890e-17 
5317.470 3.33981e-17 
5322.990 2.75059e-17 
5328.510 1.51124e-17 
5334.030 1.89176e-17 
5339.540 -6.15886e-18 
5345.060 -1.63353e-17 
5350.580 -7.25498e-18 
5356.100 -6.52502e-18 
5361.620 5.02362e-18 
5367.140 -6.79069e-19 
5372.660 1.51169e-17 
5378.170 1.92112e-17 
5383.690 5.90452e-18 
5389.210 2.40965e-17 
5394.730 -7.01286e-18 
5400.250 -9.82357e-18 
5405.770 -4.79563e-18 
5411.280 -9.09939e-18 
5416.800 1.13358e-17 
5422.320 3.10197e-17 
5427.840 1.20223e-18 
5433.360 7.18338e-18 
5438.880 9.76316e-18 
5444.390 6.54125e-18 
5449.910 -8.44172e-18 
5455.430 2.15940e-17 
5460.950 1.06823e-18 
5466.470 -1.78689e-17 
5471.990 -1.68673e-17 
5477.510 -2.90723e-18 
5483.020 1.22512e-17 
5488.540 -2.26814e-17 
5494.060 -1.98155e-17 
5499.580 -1.60609e-17 
5505.100 -8.37745e-19 
5510.620 2.74023e-19 
5516.130 1.43341e-17 
5521.650 3.98930e-17 
5527.170 1.93506e-17 
5532.690 -1.21032e-17 
5538.210 -1.96385e-17 
5543.730 -4.74852e-17 
5549.250 2.35667e-17 
5554.760 7.61697e-18 
5560.280 1.90661e-17 
5565.800 -2.09863e-17 
5571.320 1.23998e-18 
5576.840 -7.05189e-19 
5582.360 -1.41780e-19 
5587.870 3.19957e-19 
5593.390 -8.08908e-18 
5598.910 1.60697e-17 
5604.430 -2.59263e-18 
5609.950 1.77437e-17 
5615.470 -2.21215e-17 
5620.990 -2.37881e-17 
5626.500 -1.23163e-17 
5632.020 -1.91574e-18 
5637.540 1.59340e-18 
5643.060 -4.86889e-18 
5648.580 -6.74262e-18 
5654.100 7.88222e-18 
5659.610 1.10054e-17 
5665.130 -3.79263e-18 
5670.650 3.27908e-19 
5676.170 -1.58299e-18 
5681.690 -7.01532e-18 
5687.210 1.00009e-17 
5692.720 1.52155e-17 
5698.240 1.73289e-17 
5703.760 3.40080e-18 
5709.280 -2.39487e-17 
5714.800 -3.88397e-17 
5720.320 -3.27320e-17 
5725.840 3.34163e-19 
5731.350 -1.11513e-17 
5736.870 -4.43179e-17 
5742.390 -5.32605e-18 
5747.910 2.31844e-17 
5753.430 -2.80166e-17 
5758.950 -1.42890e-17 
5764.460 2.93701e-18 
5769.980 6.87174e-18 
5775.500 -1.77496e-18 
5781.020 1.53569e-17 
5786.540 7.14736e-18 
5792.060 -1.28436e-17 
5797.580 4.03398e-18 
5803.090 1.59100e-17 
5808.610 -6.80527e-18 
5814.130 9.28056e-19 
5819.650 -1.75400e-17 
5825.170 1.19404e-17 
5830.690 7.69511e-19 
5836.200 9.79702e-18 
5841.720 1.00733e-17 
5847.240 -1.38519e-17 
5852.760 -1.27185e-17 
5858.280 -3.64352e-18 
5863.800 -1.08593e-18 
5869.320 5.65326e-18 
5874.830 -2.01208e-18 
5880.350 -2.93327e-17 
5885.870 -1.17777e-17 
5891.390 6.09585e-18 
5896.910 1.68580e-17 
5902.430 -4.35118e-18 
5907.940 -6.46190e-18 
5913.460 1.21361e-17 
5918.980 8.39273e-18 
5924.500 3.76796e-18 
5930.020 -5.78188e-19 
5935.540 1.49543e-17 
5941.050 1.67053e-17 
5946.570 -2.74450e-17 
5952.090 -1.78967e-17 
5957.610 3.59033e-18 
5963.130 -9.53406e-18 
5968.650 9.84019e-18 
5974.170 -4.06922e-19 
5979.680 -6.67546e-18 
5985.200 3.34647e-17 
5990.720 2.06035e-17 
5996.240 -3.09898e-18 
6001.760 2.03771e-17 
6007.280 1.12119e-17 
6012.790 -6.22466e-18 
6018.310 3.71746e-18 
6023.830 6.87825e-18 
6029.350 1.48377e-17 
6034.870 3.85659e-17 
6040.390 1.17927e-17 
6045.910 6.43818e-18 
6051.420 1.27423e-17 
6056.940 1.77652e-17 
6062.460 1.17868e-17 
6067.980 2.69071e-17 
6073.500 2.06261e-17 
6079.020 1.78373e-18 
6084.530 -2.17399e-17 
6090.050 -7.47477e-18 
6095.570 6.31906e-18 
6101.090 2.30016e-17 
6106.610 1.35129e-17 
6112.130 3.02295e-18 
6117.650 5.33171e-18 
6123.160 6.58920e-18 
6128.680 -2.76454e-18 
6134.200 1.22505e-17 
6139.720 -5.59577e-18 
6145.240 1.33568e-17 
6150.760 2.43580e-17 
6156.270 -2.16188e-18 
6161.790 3.85696e-18 
6167.310 -5.30541e-18 
6172.830 5.69100e-18 
6178.350 2.95462e-17 
6183.870 8.11020e-18 
6189.380 -1.52670e-17 
6194.900 8.14635e-19 
6200.420 2.15151e-17 
6205.940 1.94043e-17 
6211.460 9.09238e-18 
6216.980 1.86793e-17 
6222.500 3.07502e-18 
6228.010 1.59963e-18 
6233.530 -5.57695e-18 
6239.050 6.09534e-18 
6244.570 1.30965e-17 
6250.090 -1.01835e-17 
6255.610 -1.04846e-17 
6261.120 -2.24668e-17 
6266.640 -7.60020e-18 
6272.160 -8.99667e-19 
6277.680 2.28598e-17 
6283.200 3.23093e-19 
6288.720 1.74053e-17 
6294.240 1.27765e-17 
6299.750 1.10466e-17 
6305.270 6.52156e-17 
6310.790 2.43836e-17 
6316.310 2.22505e-17 
6321.830 -7.25371e-18 
6327.350 -3.40892e-18 
6332.860 1.67449e-17 
6338.380 -1.09924e-17 
6343.900 2.84933e-18 
6349.420 -9.09999e-18 
6354.940 1.57897e-17 
6360.460 2.37484e-17 
6365.980 1.03060e-17 
6371.490 6.00281e-18 
6377.010 -6.75147e-18 
6382.530 1.78733e-17 
6388.050 1.85270e-17 
6393.570 5.68986e-18 
6399.090 2.81173e-18 
6404.600 4.17275e-18 
6410.120 1.23327e-17 
6415.640 -6.98192e-19 
6421.160 -4.60004e-18 
6426.680 -5.33280e-18 
6432.200 9.72353e-18 
6437.720 7.66897e-18 
6443.230 -1.55864e-17 
6448.750 1.02573e-17 
6454.270 1.22001e-17 
6459.790 7.84207e-18 
6465.310 6.03316e-18 
6470.830 6.15341e-18 
6476.340 1.14629e-17 
6481.860 1.86015e-17 
6487.380 2.06393e-17 
6492.900 1.04762e-17 
6498.420 1.01124e-17 
6503.940 -6.23224e-18 
6509.450 -2.57955e-18 
6514.970 1.40163e-17 
6520.490 3.18929e-18 
6526.010 9.08157e-18 
6531.530 -2.14869e-17 
6537.050 5.59389e-18 
6542.570 -2.33605e-18 
6548.080 -9.31658e-18 
6553.600 8.23205e-18 
6559.120 9.05998e-18 
6564.640 1.28722e-18 
6570.160 -1.24062e-17 
6575.680 4.69965e-18 
6581.190 -1.72350e-17 
6586.710 1.52896e-17 
6592.230 1.69135e-17 
6597.750 -1.31932e-17 
6603.270 -1.48406e-17 
6608.790 1.45815e-17 
6614.310 8.40291e-18 
6619.820 3.33904e-19 
6625.340 -8.77584e-18 
6630.860 -6.16615e-18 
6636.380 8.02975e-19 
6641.900 1.80016e-17 
6647.420 1.09196e-17 
6652.930 -4.15279e-18 
6658.450 -1.90458e-17 
6663.970 -5.51216e-18 
6669.490 -2.26134e-17 
6675.010 2.24207e-18 
6680.530 1.63171e-17 
6686.050 6.83157e-18 
6691.560 2.19578e-18 
6697.080 6.85940e-18 
6702.600 4.97257e-18 
6708.120 6.58532e-18 
6713.640 -7.89234e-18 
6719.160 1.11959e-18 
6724.670 1.16213e-17 
6730.190 -5.14755e-18 
6735.710 1.33433e-17 
6741.230 -1.02632e-18 
6746.750 1.23638e-17 
6752.270 8.57351e-18 
6757.780 5.68311e-18 
6763.300 -2.68778e-18 
6768.820 9.90104e-18 
6774.340 2.97096e-17 
6779.860 -4.11218e-18 
6785.380 -1.32742e-17 
6790.900 1.16335e-17 
6796.410 1.94412e-17 
6801.930 -1.02915e-17 
6807.450 6.25549e-18 
6812.970 9.36233e-18 
6818.490 2.11690e-17 
6824.010 -4.79454e-18 
6829.520 -7.21807e-18 
6835.040 -3.14193e-18 
6840.560 2.05941e-17 
6846.080 6.99995e-18 
6851.600 -1.32543e-17 
6857.120 -2.22887e-17 
6862.640 -1.45031e-17 
6868.150 1.91226e-17 
6873.670 4.16280e-17 
6879.190 2.08333e-17 
6884.710 -2.81358e-19 
6890.230 -5.39607e-18 
6895.750 -1.13508e-17 
6901.260 5.45466e-18 
6906.780 1.82599e-17 
6912.300 1.53652e-17 
6917.820 6.17059e-18 
6923.340 1.17760e-17 
6928.860 9.98145e-18 
6934.380 1.77870e-17 
6939.890 3.29280e-18 
6945.410 1.17985e-17 
6950.930 1.11044e-17 
6956.450 5.71038e-18 
6961.970 9.91652e-18 
6967.490 4.12283e-18 
6973.000 2.19295e-17 
6978.520 -5.47387e-18 
6984.040 -8.34700e-18 
6989.560 1.71501e-17 
6995.080 2.31574e-17 
7000.600 2.75650e-17 
7006.110 1.11729e-17 
7011.630 6.88103e-18 
7017.150 -2.52059e-18 
7022.670 9.19809e-18 
7028.190 1.50709e-18 
7033.710 -8.78358e-18 
7039.230 -1.47390e-18 
7044.740 6.73630e-18 
7050.260 1.19467e-17 
7055.780 -1.29615e-17 
7061.300 -3.56126e-18 
7066.820 -1.08496e-17 
7072.340 1.15924e-17 
7077.850 5.20511e-18 
7083.370 2.14181e-17 
7088.890 2.86316e-17 
7094.410 1.70455e-17 
7099.930 5.25999e-18 
7105.450 7.67499e-18 
7110.970 -6.80947e-18 
7116.480 1.50678e-18 
7122.000 1.29235e-17 
7127.520 1.62407e-17 
7133.040 -9.41412e-19 
7138.560 -1.12292e-18 
7144.080 3.79620e-18 
7149.590 1.71161e-17 
7155.110 3.13657e-18 
7160.630 6.35769e-18 
7166.150 4.77952e-18 
7171.670 2.26021e-17 
7177.190 2.12254e-17 
7182.710 9.94937e-18 
7188.220 9.67429e-18 
7193.740 -1.10014e-18 
7199.260 -1.17377e-18 
7204.780 -8.35658e-18 
7210.300 1.01814e-17 
7215.820 1.52103e-17 
7221.330 7.74014e-18 
7226.850 2.40707e-17 
7232.370 1.18022e-17 
7237.890 -1.66534e-18 
7243.410 -3.43199e-18 
7248.930 3.40230e-18 
7254.440 5.33768e-18 
7259.960 1.97392e-18 
7265.480 -1.78884e-18 
7271.000 1.04494e-17 
7276.520 3.38871e-18 
7282.040 -2.70950e-19 
7287.560 -1.85995e-17 
7293.070 1.49131e-17 
7298.590 -7.43341e-19 
7304.110 -1.97286e-17 
7309.630 -6.52765e-19 
7315.150 2.08943e-17 
7320.670 -1.47436e-17 
7326.180 -2.27681e-17 
7331.700 3.34249e-18 
7337.220 1.25943e-17 
7342.740 -2.01226e-17 
7348.260 1.18017e-17 
7353.780 2.65730e-18 
7359.300 -2.25858e-17 
7364.810 1.17250e-18 
7370.330 5.63206e-18 
7375.850 7.92968e-19 
7381.370 1.23553e-17 
7386.890 -6.17107e-18 
7392.410 9.28402e-18 
7397.920 -6.20940e-18 
7403.440 2.51856e-18 
7408.960 1.87880e-17 
7414.480 -2.89411e-17 
7420.000 1.53131e-18 
7425.520 2.60525e-18 
7431.040 -1.64763e-17 
7436.550 2.01578e-17 
7442.070 6.73643e-18 
7447.590 -7.69336e-18 
7453.110 1.55985e-17 
