3344.560 1.00988e-16 
3348.630 -2.63358e-17 
3352.700 1.58342e-16 
3356.770 -1.14979e-16 
3360.840 1.55702e-16 
3364.900 2.53816e-17 
3368.970 2.87065e-16 
3373.040 7.17490e-17 
3377.110 1.15435e-16 
3381.180 1.51214e-17 
3385.240 1.45808e-16 
3389.310 3.69497e-16 
3393.380 2.80188e-16 
3397.450 7.38796e-17 
3401.520 2.83573e-16 
3405.580 1.51265e-16 
3409.650 1.29961e-16 
3413.720 8.26574e-17 
3417.790 4.03553e-17 
3421.860 9.80542e-17 
3425.920 2.37753e-16 
3429.990 1.66454e-16 
3434.060 1.95157e-16 
3438.130 8.08602e-17 
3442.200 1.53565e-16 
3446.260 2.02691e-17 
3450.330 -1.19024e-16 
3454.400 -6.53157e-17 
3458.470 -1.06065e-17 
3462.540 2.10382e-18 
3466.600 7.78134e-17 
3470.670 -3.47416e-18 
3474.740 5.72394e-17 
3478.810 1.96954e-16 
3482.880 7.66695e-17 
3486.950 7.93861e-17 
3491.010 8.10208e-18 
3495.080 6.28208e-17 
3499.150 5.05404e-17 
3503.220 1.75261e-16 
3507.290 3.39828e-17 
3511.350 -2.82963e-17 
3515.420 -7.57269e-18 
3519.490 -1.20848e-16 
3523.560 -7.41226e-17 
3527.630 1.46039e-17 
3531.690 -1.67045e-18 
3535.760 -3.89420e-17 
3539.830 3.27872e-17 
3543.900 5.15174e-17 
3547.970 5.24851e-18 
3552.030 5.19787e-17 
3556.100 -1.16288e-16 
3560.170 -5.45547e-17 
3564.240 -2.48200e-17 
3568.310 7.39155e-17 
3572.370 -3.34991e-18 
3576.440 -2.36128e-17 
3580.510 -4.88747e-17 
3584.580 -3.21358e-17 
3588.650 -5.23962e-17 
3592.710 -5.56575e-17 
3596.780 -1.10916e-16 
3600.850 -6.11741e-17 
3604.920 -4.44313e-17 
3608.990 -6.66876e-17 
3613.050 -1.19450e-17 
3617.120 -3.81998e-17 
3621.190 -6.34539e-17 
3625.260 -4.07072e-17 
3629.330 -2.09598e-17 
3633.390 -6.42135e-17 
3637.460 3.53533e-18 
3641.530 -1.27151e-17 
3645.600 -3.19648e-17 
3649.670 -4.02138e-17 
3653.730 -2.14640e-17 
3657.800 1.12884e-17 
3661.870 -7.69586e-17 
3665.940 -2.92050e-17 
3670.010 -5.94506e-17 
3674.070 -2.46975e-17 
3678.140 1.70581e-17 
3682.210 -4.11856e-17 
3686.280 -7.42880e-18 
3690.350 -1.04671e-16 
3694.410 -3.91512e-18 
3698.480 -6.41564e-17 
3702.550 -4.33971e-17 
3706.620 -8.63722e-18 
3710.690 -8.68769e-17 
3714.750 -1.17711e-19 
3718.820 -6.83561e-17 
3722.890 -2.35941e-17 
3726.960 -4.98314e-17 
3731.030 -8.10682e-17 
3735.090 -3.73064e-17 
3739.160 -3.45422e-17 
3743.230 -5.37775e-17 
3747.300 -5.80122e-17 
3751.370 -4.72464e-17 
3755.430 -4.74821e-17 
3759.500 -1.47155e-17 
3763.570 -4.59483e-17 
3767.640 -1.91807e-17 
3771.710 -3.84126e-17 
3775.770 -3.36459e-17 
3779.840 -7.28769e-17 
3783.910 -4.31075e-17 
3787.980 -5.03377e-17 
3792.050 -6.56739e-18 
3796.110 2.20139e-18 
3800.180 -2.30275e-17 
3804.250 -8.25608e-18 
3808.320 -2.04842e-17 
3812.390 -9.71200e-18 
3816.450 -4.99413e-17 
3820.520 1.48317e-17 
3824.590 -7.39500e-18 
3828.660 -5.26213e-17 
3832.730 -5.28473e-17 
3836.790 -5.07487e-18 
3840.860 4.26998e-17 
3844.930 -3.55252e-17 
3849.000 -1.67499e-17 
3853.070 -8.97429e-18 
3857.130 1.57997e-17 
3861.200 1.65759e-17 
3865.270 6.35240e-18 
3869.340 1.71291e-17 
3873.410 2.09061e-17 
3877.470 -4.63185e-17 
3881.540 -4.35410e-17 
3885.610 -2.07631e-17 
3889.680 3.01480e-18 
3893.750 3.87930e-17 
3897.810 -5.44304e-17 
3901.880 -1.36518e-17 
3905.950 7.12712e-18 
3910.020 -2.20937e-17 
3914.090 -2.03145e-17 
3918.150 -2.35370e-17 
3922.220 -3.07573e-17 
3926.290 -5.97749e-18 
3930.360 9.80253e-18 
3934.430 -1.34173e-17 
3938.490 4.36103e-18 
3942.560 -2.18585e-17 
3946.630 -9.07797e-18 
3950.700 1.97027e-17 
3954.770 -5.16452e-19 
3958.830 2.52626e-17 
3962.900 -3.95641e-18 
3966.970 -3.01753e-17 
3971.040 -3.63940e-17 
3975.110 3.87279e-19 
3979.170 -1.83322e-18 
3983.240 4.69483e-17 
3987.310 2.87298e-17 
3991.380 -4.48867e-18 
3995.450 -2.87070e-17 
3999.510 7.07283e-18 
4003.580 -1.71455e-17 
4007.650 -8.36371e-18 
4011.720 4.04181e-17 
4015.790 4.19991e-18 
4019.850 6.97984e-18 
4023.920 4.77616e-17 
4027.990 5.55434e-17 
4032.060 7.32525e-18 
4036.130 5.01070e-17 
4040.190 2.08868e-17 
4044.260 6.68600e-19 
4048.330 2.64503e-17 
4052.400 -5.76811e-18 
4056.470 2.40135e-17 
4060.530 3.27931e-17 
4064.600 7.57459e-18 
4068.670 1.43560e-17 
4072.740 -1.48627e-17 
4076.810 7.91854e-18 
4080.870 8.69778e-18 
4084.940 -7.52120e-18 
4089.010 -2.37402e-17 
4093.080 8.04057e-18 
4097.150 -2.51787e-17 
4101.210 -2.74000e-17 
4105.280 -1.66196e-17 
4109.350 -9.83924e-18 
4113.420 -2.20591e-17 
4117.490 2.67210e-17 
4121.550 -6.50114e-18 
4125.620 9.27864e-18 
4129.690 3.30581e-17 
4133.760 1.58374e-17 
4137.830 6.26167e-17 
4141.890 2.13938e-17 
4145.960 4.51725e-17 
4150.030 -2.80489e-17 
4154.100 2.72948e-18 
4158.170 -1.64924e-17 
4162.230 4.12836e-17 
4166.300 4.10613e-17 
4170.370 2.58389e-17 
4174.440 6.86161e-17 
4178.510 6.39303e-18 
4182.570 -1.83216e-18 
4186.640 3.09444e-17 
4190.710 6.57205e-17 
4194.780 4.44965e-17 
4198.850 4.27217e-18 
4202.910 1.50456e-17 
4206.980 5.48207e-17 
4211.050 3.35954e-17 
4215.120 -4.63001e-18 
4219.190 -1.58559e-17 
4223.250 2.49161e-17 
4227.320 2.76896e-17 
4231.390 1.94628e-17 
4235.460 3.32357e-17 
4239.530 4.20081e-17 
4243.590 4.17785e-17 
4247.660 3.55504e-17 
4251.730 2.23218e-17 
4255.800 1.10929e-17 
4259.870 1.38636e-17 
4263.930 -7.36786e-18 
4268.000 -1.95979e-17 
4272.070 -5.82838e-18 
4276.140 5.94085e-18 
4280.210 2.27096e-17 
4284.270 1.24762e-17 
4288.340 4.24406e-18 
4292.410 1.10117e-17 
4296.480 3.77877e-18 
4300.550 5.54547e-18 
4304.610 1.53098e-17 
4308.680 2.90757e-17 
4312.750 2.08410e-17 
4316.820 3.76059e-17 
4320.890 2.23705e-17 
4324.950 -1.86736e-18 
4329.020 -1.41039e-17 
4333.090 2.56591e-17 
4337.160 1.14217e-17 
4341.230 4.01838e-17 
4345.300 2.19454e-17 
4349.360 -1.22954e-17 
4353.430 4.46519e-18 
4357.500 4.72253e-17 
4361.570 1.99848e-17 
4365.640 2.57439e-17 
4369.700 4.50050e-18 
4373.770 4.92584e-17 
4377.840 -3.98418e-18 
4381.910 4.57728e-17 
4385.980 8.45291e-17 
4390.040 5.28297e-18 
4394.110 1.80382e-17 
4398.180 7.79286e-18 
4402.250 7.54691e-18 
4406.320 3.33004e-17 
4410.380 3.20514e-17 
4414.450 1.68038e-17 
4418.520 2.55553e-18 
4422.590 6.30664e-18 
4426.660 3.05718e-18 
4430.720 1.08053e-17 
4434.790 3.65545e-17 
4438.860 7.30317e-18 
4442.930 -9.48730e-19 
4447.000 -3.20136e-18 
4451.060 3.25436e-17 
4455.130 -1.97103e-17 
4459.200 3.90353e-17 
4463.270 4.77801e-17 
4467.340 2.05242e-17 
4471.400 1.42658e-17 
4475.470 2.60088e-17 
4479.540 5.75088e-18 
4483.610 1.14923e-17 
4487.680 1.72332e-17 
4491.740 2.19715e-17 
4495.810 3.87109e-17 
4499.880 -3.55047e-18 
4503.950 -1.81241e-18 
4508.020 -3.07513e-18 
4512.080 1.26596e-17 
4516.150 1.63954e-17 
4520.220 3.61306e-17 
4524.290 4.48649e-17 
4528.360 3.15986e-17 
4532.420 4.32974e-18 
4536.490 1.70620e-17 
4540.560 4.17933e-17 
4544.630 2.55240e-17 
4548.700 2.82539e-17 
4552.760 4.99811e-17 
4556.830 1.67096e-17 
4560.900 3.34371e-17 
4564.970 5.51640e-17 
4569.040 4.28899e-17 
4573.100 4.86134e-17 
4577.170 1.13378e-17 
4581.240 2.80614e-17 
4585.310 -2.21576e-18 
4589.380 2.15062e-17 
4593.440 4.62256e-17 
4597.510 5.19460e-17 
4601.580 5.56656e-17 
4605.650 8.73842e-17 
4609.720 7.01022e-17 
4613.780 4.18174e-17 
4617.850 7.85336e-17 
4621.920 2.22489e-17 
4625.990 3.69634e-17 
4630.060 5.96770e-17 
4634.120 5.83880e-17 
4638.190 3.20999e-17 
4642.260 1.78109e-17 
4646.330 6.75210e-17 
4650.400 6.02303e-17 
4654.460 2.39369e-17 
4658.530 2.66443e-17 
4662.600 3.35099e-18 
4666.670 5.10566e-17 
4670.740 1.77614e-17 
4674.800 8.46351e-18 
4678.870 3.31665e-17 
4682.940 2.58685e-17 
4687.010 5.15696e-17 
4691.080 4.62698e-17 
4695.140 1.19673e-17 
4699.210 1.46656e-17 
4703.280 3.73629e-17 
4707.350 3.60594e-17 
4711.420 5.75483e-18 
4715.480 1.94477e-17 
4719.550 2.01412e-17 
4723.620 2.68338e-17 
4727.690 1.55254e-17 
4731.760 2.02160e-17 
4735.820 -9.60324e-20 
4739.890 6.59272e-18 
4743.960 1.92804e-17 
4748.030 7.29671e-17 
4752.100 4.26528e-17 
4756.160 2.53359e-17 
4760.230 4.30196e-17 
4764.300 6.57023e-17 
4768.370 3.03840e-17 
4772.440 1.70646e-17 
4776.500 4.17426e-17 
4780.570 4.84212e-17 
4784.640 5.80989e-17 
4788.710 3.57754e-17 
4792.780 5.14509e-17 
4796.840 4.21238e-17 
4800.910 8.47973e-17 
4804.980 5.24697e-17 
4809.050 6.21410e-17 
4813.120 3.48114e-17 
4817.180 8.74789e-17 
4821.250 3.91471e-17 
4825.320 6.08142e-17 
4829.390 6.24802e-17 
4833.460 5.41451e-17 
4837.520 8.58074e-17 
4841.590 4.34701e-17 
4845.660 6.51319e-17 
4849.730 6.57925e-17 
4853.800 4.94519e-17 
4857.860 -4.89127e-18 
4861.930 6.07661e-17 
4866.000 6.04222e-17 
4870.070 5.70773e-17 
4874.140 5.97313e-17 
4878.200 6.43825e-17 
4882.270 4.80342e-17 
4886.340 4.46848e-17 
4890.410 5.03343e-17 
4894.480 5.29826e-17 
4898.540 5.16282e-17 
4902.610 7.12742e-17 
4906.680 4.69191e-17 
4910.750 6.65628e-17 
4914.820 6.62054e-17 
4918.880 1.48453e-17 
4922.950 5.94856e-17 
4927.020 6.91246e-17 
4931.090 5.97626e-17 
4935.160 6.63994e-17 
4939.220 7.80334e-17 
4943.290 6.46678e-17 
4947.360 5.13010e-17 
4951.430 4.09330e-17 
4955.500 6.25639e-17 
4959.560 7.81920e-17 
4963.630 5.68204e-17 
4967.700 2.44477e-17 
4971.770 2.80737e-17 
4975.840 1.46985e-17 
4979.900 3.03206e-17 
4983.970 6.29431e-17 
4988.040 5.15643e-17 
4992.110 5.91842e-17 
4996.180 3.98030e-17 
5000.240 4.18990e-19 
5004.310 -9.64771e-19 
5008.380 3.76503e-17 
5012.450 2.82641e-17 
5016.520 3.88767e-17 
5020.580 5.84865e-17 
5024.650 5.80965e-17 
5028.720 4.37054e-17 
5032.790 4.31293e-18 
5036.860 2.99192e-17 
5040.920 6.52278e-18 
5044.990 2.61266e-17 
5049.060 1.27291e-17 
5053.130 5.33029e-18 
5057.200 -1.00697e-17 
5061.260 -2.64726e-17 
5065.330 -1.38751e-17 
5069.400 -1.62790e-17 
5073.470 1.63159e-17 
5077.540 -1.09063e-18 
5081.600 1.25002e-17 
5085.670 2.10911e-17 
5089.740 4.46808e-17 
5093.810 1.52691e-17 
5097.880 7.85610e-18 
5101.940 4.54404e-17 
5106.010 1.00248e-17 
5110.080 -2.43921e-17 
5114.150 -2.58103e-17 
5118.220 1.77017e-18 
5122.280 -2.06522e-17 
5126.350 1.49257e-17 
5130.420 2.95021e-17 
5134.490 5.30773e-17 
5138.560 3.76511e-17 
5142.620 3.12221e-17 
5146.690 4.37933e-17 
5150.760 3.03630e-17 
5154.830 2.19315e-17 
5158.900 -2.50147e-18 
5162.960 -9.93711e-18 
5167.030 1.66272e-17 
5171.100 -1.80970e-18 
5175.170 -1.02481e-17 
5179.240 -7.68776e-18 
5183.300 1.88697e-17 
5187.370 -1.35727e-17 
5191.440 -2.08165e-17 
5195.510 1.53822e-18 
5199.580 1.00917e-17 
5203.640 1.66424e-17 
5207.710 3.19301e-18 
5211.780 2.57422e-17 
5215.850 -2.05098e-17 
5219.920 1.68366e-17 
5223.990 3.38177e-18 
5228.050 4.92407e-18 
5232.120 -3.15336e-17 
5236.190 7.00728e-18 
5240.260 1.15467e-17 
5244.330 6.08487e-18 
5248.390 -6.37979e-18 
5252.460 3.15542e-18 
5256.530 2.16893e-17 
5260.600 2.21731e-19 
5264.670 2.67527e-17 
5268.730 5.72810e-17 
5272.800 4.58091e-17 
5276.870 3.35915e-19 
5280.940 -8.63880e-18 
5285.010 9.38503e-18 
5289.070 -4.09380e-18 
5293.140 -1.57277e-18 
5297.210 2.94677e-18 
5301.280 8.46486e-18 
5305.350 -9.01841e-18 
5309.410 1.24955e-17 
5313.480 -1.38907e-17 
5317.550 -1.53784e-17 
5321.620 6.03254e-18 
5325.690 -2.45806e-18 
5329.750 5.04866e-18 
5333.820 -8.84487e-18 
5337.890 -1.60398e-17 
5341.960 -2.06362e-17 
5346.030 -3.13341e-17 
5350.090 -1.62347e-17 
5354.160 7.06450e-18 
5358.230 -2.84378e-17 
5362.300 -2.89416e-17 
5366.370 -9.24684e-18 
5370.430 -1.06548e-17 
5374.500 -1.45630e-17 
5378.570 -2.25727e-17 
5382.640 -3.08839e-17 
5386.710 -1.05966e-17 
5390.770 -2.91191e-18 
5394.840 -3.40276e-17 
5398.910 -3.05447e-17 
5402.980 -3.66334e-18 
5407.050 -1.08835e-17 
5411.110 -1.78063e-17 
5415.180 -3.70294e-17 
5419.250 -2.66541e-17 
5423.320 2.03198e-17 
5427.390 -2.86079e-17 
5431.450 -1.34382e-17 
5435.520 -1.56886e-18 
5439.590 1.08989e-17 
5443.660 -1.21347e-17 
5447.730 -4.66996e-18 
5451.790 -3.68078e-17 
5455.860 -3.84610e-18 
5459.930 -2.55858e-17 
5464.000 -3.04272e-17 
5468.070 -1.50700e-17 
5472.130 -4.52155e-17 
5476.200 -2.74613e-17 
5480.270 -3.74087e-17 
5484.340 -3.46577e-17 
5488.410 -2.29082e-17 
5492.470 -4.14613e-17 
5496.540 1.85156e-19 
5500.610 -4.51699e-17 
5504.680 -3.47265e-17 
5508.750 -1.65847e-17 
5512.810 -4.14553e-18 
5516.880 -2.21068e-17 
5520.950 -1.48696e-17 
5525.020 -1.96339e-17 
5529.090 1.34001e-17 
5533.150 -6.86840e-18 
5537.220 -1.40374e-17 
5541.290 -4.21080e-17 
5545.360 -4.88801e-17 
5549.430 -1.13537e-17 
5553.490 -8.83001e-18 
5557.560 5.09317e-18 
5561.630 -8.28521e-18 
5565.700 -9.46511e-18 
5569.770 -3.05466e-17 
5573.830 -4.31307e-17 
5577.900 -9.17153e-17 
5581.970 -2.29015e-17 
5586.040 -3.44893e-17 
5590.110 -1.64786e-17 
5594.170 -4.31705e-17 
5598.240 -7.62952e-19 
5602.310 -1.71570e-17 
5606.380 -9.35267e-18 
5610.450 6.50157e-19 
5614.510 -1.53497e-17 
5618.580 -3.04500e-17 
5622.650 -1.53519e-17 
5626.720 -2.16555e-17 
5630.790 -3.43606e-17 
5634.850 9.63176e-18 
5638.920 -1.17766e-17 
5642.990 -3.33864e-17 
5647.060 -1.49979e-17 
5651.130 -2.15109e-17 
5655.190 -8.22651e-18 
5659.260 -6.84277e-18 
5663.330 -4.14606e-17 
5667.400 -2.91800e-17 
5671.470 -2.05010e-17 
5675.530 -2.84246e-17 
5679.600 -1.08487e-17 
5683.670 -4.05745e-17 
5687.740 -7.22219e-17 
5691.810 -3.73309e-17 
5695.870 -2.86624e-17 
5699.940 -4.89466e-18 
5704.010 -4.40285e-17 
5708.080 -4.64639e-17 
5712.150 -4.01009e-17 
5716.210 -6.62904e-17 
5720.280 -2.59806e-17 
5724.350 -2.70224e-17 
5728.420 -2.36590e-18 
5732.490 -1.09109e-17 
5736.550 -4.29585e-17 
5740.620 -2.09067e-17 
5744.690 -3.09566e-17 
5748.760 1.03919e-17 
5752.830 -4.65612e-17 
5756.890 -2.74168e-17 
5760.960 -2.13731e-17 
5765.030 -1.10311e-17 
5769.100 -1.02906e-17 
5773.170 -1.57518e-17 
5777.230 1.88457e-18 
5781.300 -4.87986e-18 
5785.370 1.25541e-17 
5789.440 -2.97135e-17 
5793.510 -5.14528e-17 
5797.570 -8.54497e-19 
5801.640 2.05730e-17 
5805.710 7.99888e-18 
5809.780 1.54231e-17 
5813.850 -1.78542e-17 
5817.910 -3.54340e-17 
5821.980 1.07854e-17 
5826.050 -1.39690e-18 
5830.120 -2.58807e-17 
5834.190 -9.56625e-18 
5838.250 6.14588e-18 
5842.320 -4.44287e-18 
5846.390 -1.14332e-17 
5850.460 -2.06252e-17 
5854.530 -2.86189e-17 
5858.590 3.98514e-18 
5862.660 -3.67117e-17 
5866.730 -4.92262e-17 
5870.800 2.58965e-18 
5874.870 1.86879e-17 
5878.930 -3.54162e-17 
5883.000 -5.12123e-18 
5887.070 -6.27890e-19 
5891.140 -1.58361e-17 
5895.210 -1.47460e-17 
5899.270 -2.90583e-17 
5903.340 -2.13715e-17 
5907.410 3.31376e-18 
5911.480 2.13973e-17 
5915.550 -1.85207e-17 
5919.610 -7.74111e-18 
5923.680 -2.52624e-17 
5927.750 1.37146e-17 
5931.820 -1.02100e-17 
5935.890 2.71639e-17 
5939.950 3.49353e-17 
5944.020 7.20587e-18 
5948.090 -2.15252e-17 
5952.160 -2.25796e-18 
5956.230 1.34077e-17 
5960.290 1.68710e-17 
5964.360 -9.36662e-18 
5968.430 1.17941e-17 
5972.500 4.95323e-18 
5976.570 -8.18931e-18 
5980.630 9.96591e-18 
5984.700 4.23201e-17 
5988.770 2.79727e-17 
5992.840 -3.97636e-18 
5996.910 -1.67270e-17 
6000.970 1.28201e-17 
6005.040 3.95661e-17 
6009.110 -5.08947e-18 
6013.180 -1.25467e-17 
6017.250 2.28945e-17 
6021.310 2.61334e-17 
6025.380 2.88713e-17 
6029.450 4.13076e-17 
6033.520 4.33423e-17 
6037.590 -2.22472e-18 
6041.650 2.71061e-17 
6045.720 1.45359e-17 
6049.790 1.69640e-17 
6053.860 3.36905e-17 
6057.930 4.21154e-17 
6061.990 1.93808e-18 
6066.060 -3.04031e-18 
6070.130 4.55797e-17 
6074.200 2.73981e-17 
6078.270 5.82148e-17 
6082.340 1.63299e-17 
6086.400 1.87429e-17 
6090.470 2.06548e-17 
6094.540 -3.63501e-18 
6098.610 2.96736e-17 
6102.680 6.21806e-17 
6106.740 1.39855e-17 
6110.810 7.89226e-19 
6114.880 1.01913e-17 
6118.950 4.03919e-17 
6123.020 5.33907e-17 
6127.080 4.20875e-17 
6131.150 3.80832e-17 
6135.220 2.55772e-17 
6139.290 3.79696e-17 
6143.360 2.49604e-17 
6147.420 2.81491e-17 
6151.490 4.79367e-17 
6155.560 2.41226e-17 
6159.630 4.03070e-17 
6163.700 2.91897e-17 
6167.760 -2.96561e-20 
6171.830 1.10499e-17 
6175.900 3.68277e-17 
6179.970 3.86040e-17 
6184.040 5.26787e-17 
6188.100 7.05128e-18 
6192.170 3.53227e-17 
6196.240 4.18926e-17 
6200.310 2.75608e-17 
6204.380 3.74274e-17 
6208.440 2.56920e-17 
6212.510 2.59554e-17 
6216.580 5.91723e-18 
6220.650 -3.98226e-17 
6224.720 -2.77739e-17 
6228.780 3.64926e-17 
6232.850 -4.25194e-18 
6236.920 1.79019e-17 
6240.990 -5.94592e-18 
6245.060 4.00468e-18 
6249.120 2.45533e-17 
6253.190 2.00073e-18 
6257.260 1.93466e-17 
6261.330 3.98908e-17 
6265.400 7.33342e-18 
6269.460 -4.42587e-18 
6273.530 7.01359e-18 
6277.600 2.76515e-17 
6281.670 2.68774e-18 
6285.740 5.23225e-17 
6289.800 2.97552e-17 
6293.870 4.52868e-17 
6297.940 5.33167e-17 
6302.010 3.64451e-17 
6306.080 3.89719e-17 
6310.140 2.93968e-17 
6314.210 3.76204e-17 
6318.280 2.34243e-18 
6322.350 1.87629e-17 
6326.420 2.08818e-17 
6330.480 2.71989e-17 
6334.550 5.31146e-17 
6338.620 2.72288e-17 
6342.690 8.74141e-18 
6346.760 1.15246e-18 
6350.820 1.49617e-17 
6354.890 2.24696e-17 
6358.960 5.29760e-17 
6363.030 5.95807e-17 
6367.100 2.87840e-17 
6371.160 4.05854e-17 
6375.230 5.02855e-17 
6379.300 2.82841e-17 
6383.370 5.13811e-17 
6387.440 1.45766e-17 
6391.500 6.45702e-17 
6395.570 3.54626e-17 
6399.640 -2.70266e-17 
6403.710 -1.35735e-18 
6407.780 1.67304e-17 
6411.840 1.23163e-17 
6415.910 -1.40791e-17 
6419.980 -3.35160e-17 
6424.050 9.06558e-18 
6428.120 -7.25440e-18 
6432.180 3.92388e-18 
6436.250 1.70008e-17 
6440.320 -1.02238e-17 
6444.390 1.61501e-17 
6448.460 5.32225e-17 
6452.520 5.70931e-17 
6456.590 5.03624e-17 
6460.660 3.67302e-17 
6464.730 -1.23336e-17 
6468.800 9.61144e-19 
6472.860 1.76242e-17 
6476.930 2.08591e-18 
6481.000 3.15461e-17 
6485.070 1.00048e-17 
6489.140 7.76191e-18 
6493.200 1.56174e-17 
6497.270 -7.52843e-18 
6501.340 5.50242e-17 
6505.410 -2.32466e-18 
6509.480 -1.75030e-19 
6513.540 2.38730e-17 
6517.610 2.73196e-17 
6521.680 9.26476e-18 
6525.750 1.85084e-17 
6529.820 1.27506e-17 
6533.880 -3.32089e-17 
6537.950 1.27303e-17 
6542.020 3.18680e-17 
6546.090 5.59042e-17 
6550.160 1.01389e-17 
6554.220 4.17208e-18 
6558.290 4.40385e-18 
6562.360 1.98341e-17 
6566.430 -4.83703e-18 
6570.500 -2.69797e-17 
6574.560 -1.29939e-17 
6578.630 9.34055e-18 
6582.700 2.81635e-17 
6586.770 3.33850e-17 
6590.840 4.47050e-17 
6594.900 1.84236e-17 
6598.970 -3.45933e-18 
6603.040 8.55633e-18 
6607.110 3.59706e-17 
6611.180 5.92833e-17 
6615.240 9.49460e-18 
6619.310 3.40448e-18 
6623.380 -2.48709e-18 
6627.450 3.21991e-18 
6631.520 7.62546e-18 
6635.580 1.10296e-17 
6639.650 2.35323e-17 
6643.720 1.16335e-17 
6647.790 -6.06664e-18 
6651.860 3.11318e-17 
6655.920 9.72875e-18 
6659.990 1.00243e-17 
6664.060 3.94185e-17 
6668.130 7.71120e-18 
6672.200 7.20252e-18 
6676.260 2.40925e-17 
6680.330 4.06809e-17 
6684.400 4.79681e-17 
6688.470 6.52538e-17 
6692.540 5.49380e-17 
6696.600 2.69210e-17 
6700.670 4.33025e-17 
6704.740 -6.91739e-18 
6708.810 7.64613e-17 
6712.880 3.60387e-17 
6716.940 4.84147e-17 
6721.010 5.76893e-17 
6725.080 4.45625e-17 
6729.150 3.64343e-17 
6733.220 2.58047e-17 
6737.280 4.06739e-17 
6741.350 5.33416e-17 
6745.420 4.15079e-17 
6749.490 4.19729e-17 
6753.560 9.62365e-17 
6757.620 2.72989e-17 
6761.690 1.17598e-17 
6765.760 4.81193e-17 
6769.830 6.18775e-17 
6773.900 4.70344e-17 
6777.960 1.88900e-17 
6782.030 2.86442e-17 
6786.100 5.55971e-17 
6790.170 6.33486e-17 
6794.240 6.69988e-17 
6798.300 6.92477e-17 
6802.370 4.48953e-17 
6806.440 4.82415e-17 
6810.510 1.14864e-17 
6814.580 5.96299e-17 
6818.640 6.20723e-17 
6822.710 4.18133e-17 
6826.780 1.93530e-17 
6830.850 5.48913e-17 
6834.920 2.59283e-17 
6838.980 3.62642e-17 
6843.050 3.87987e-17 
6847.120 3.38318e-17 
6851.190 4.41637e-17 
6855.260 6.88943e-17 
6859.320 4.97238e-17 
6863.390 -5.74821e-18 
6867.460 1.27854e-18 
6871.530 3.76040e-17 
6875.600 3.27282e-17 
6879.660 6.50514e-17 
6883.730 4.49730e-17 
6887.800 2.95935e-17 
6891.870 4.70126e-17 
6895.940 1.81306e-17 
6900.000 2.40474e-17 
6904.070 4.61628e-17 
6908.140 2.40770e-17 
6912.210 5.87899e-17 
6916.280 6.14016e-17 
6920.340 2.52123e-17 
6924.410 6.31216e-17 
6928.480 3.82296e-17 
6932.550 7.63364e-17 
6936.620 7.62420e-17 
6940.680 5.78465e-17 
6944.750 3.00497e-17 
6948.820 2.15516e-17 
6952.890 4.23524e-17 
6956.960 8.37519e-17 
6961.030 7.07502e-17 
6965.090 4.81476e-17 
6969.160 2.90436e-17 
6973.230 9.03383e-17 
6977.300 8.92319e-17 
6981.370 6.68243e-17 
6985.430 7.51577e-18 
6989.500 1.29058e-17 
6993.570 1.41947e-17 
6997.640 5.22824e-17 
7001.710 5.47690e-17 
7005.770 5.87546e-17 
7009.840 6.61389e-17 
7013.910 3.33220e-17 
7017.980 2.78039e-17 
7022.050 2.49847e-17 
7026.110 4.91647e-17 
7030.180 5.19432e-17 
7034.250 3.68206e-17 
7038.320 3.65968e-17 
7042.390 6.87198e-18 
7046.450 4.03463e-17 
7050.520 3.23192e-17 
7054.590 4.19101e-18 
7058.660 2.51617e-17 
7062.730 2.13313e-17 
7066.790 -4.39994e-18 
7070.860 5.81674e-17 
7074.930 6.49337e-17 
7079.000 8.81989e-17 
7083.070 9.70630e-17 
7087.130 8.39264e-17 
7091.200 7.27883e-17 
7095.270 6.43492e-17 
7099.340 3.95090e-17 
7103.410 3.53678e-17 
7107.470 2.89258e-17 
7111.540 3.71824e-17 
7115.610 5.88380e-17 
7119.680 4.05925e-17 
7123.750 5.84460e-17 
7127.810 4.70988e-17 
7131.880 4.51502e-17 
7135.950 5.24005e-17 
7140.020 1.51499e-17 
7144.090 4.60982e-17 
7148.150 6.96459e-17 
7152.220 5.64922e-17 
7156.290 2.24374e-17 
7160.360 1.42817e-17 
7164.430 -1.38751e-17 
7168.490 8.76758e-18 
7172.560 3.37089e-17 
7176.630 3.25491e-17 
7180.700 6.38841e-18 
7184.770 -8.37328e-18 
7188.830 2.77644e-17 
7192.900 2.91008e-17 
7196.970 2.81362e-17 
7201.040 1.40706e-17 
7205.110 -1.84959e-17 
7209.170 2.13698e-18 
7213.240 2.12685e-17 
7217.310 3.89991e-17 
7221.380 1.89288e-17 
7225.450 1.55575e-17 
7229.510 2.38577e-18 
7233.580 -4.34474e-17 
7237.650 -2.64614e-17 
7241.720 5.76359e-18 
7245.790 -2.07123e-17 
7249.850 -2.40887e-17 
7253.920 4.33638e-19 
7257.990 -5.94499e-18 
7262.060 -2.72449e-18 
7266.130 -5.10049e-17 
7270.190 -8.38572e-18 
7274.260 -2.25679e-17 
7278.330 -1.30509e-17 
7282.400 -4.48349e-17 
7286.470 -5.70197e-17 
7290.530 1.89952e-17 
7294.600 5.15086e-17 
7298.670 9.42127e-18 
7302.740 -8.26698e-18 
7306.810 -1.76560e-17 
7310.870 -1.99455e-17 
7314.940 1.23638e-17 
7319.010 1.70722e-17 
7323.080 -5.32202e-17 
7327.150 1.27866e-17 
7331.210 -8.10695e-18 
7335.280 1.59820e-18 
7339.350 4.97025e-17 
7343.420 1.64061e-17 
7347.490 -5.49119e-18 
7351.550 -1.01887e-17 
7355.620 6.51244e-18 
7359.690 -1.43872e-17 
7363.760 -8.28756e-18 
7367.830 1.54113e-17 
7371.890 3.24098e-17 
7375.960 3.41071e-17 
7380.030 -3.14363e-17 
7384.100 1.19995e-17 
7388.170 5.20945e-17 
7392.230 3.78934e-18 
7396.300 -4.74071e-17 
7400.370 -1.05243e-17 
7404.440 -1.22321e-17 
7408.510 -8.74075e-18 
7412.570 -3.15496e-17 
7416.640 -1.77596e-17 
7420.710 5.32961e-18 
7424.780 -2.08183e-18 
7428.850 -3.79400e-18 
7432.910 -2.07063e-17 
7436.980 -4.11981e-18 
7441.050 9.96599e-18 
7445.120 -1.09489e-17 
7449.190 3.43555e-18 
7453.250 -1.06801e-17 
