3343.56000  8.41000e-16
3347.63000  1.38000e-15
3351.70000  1.13000e-15
3355.77000  1.25000e-15
3359.84000  1.32000e-15
3363.90000  1.30000e-15
3367.97000  1.30000e-15
3372.04000  1.35000e-15
3376.11000  1.22000e-15
3380.18000  1.44000e-15
3384.24000  1.13000e-15
3388.31000  1.20000e-15
3392.38000  1.30000e-15
3396.45000  1.18000e-15
3400.52000  1.34000e-15
3404.58000  1.27000e-15
3408.65000  1.23000e-15
3412.72000  1.27000e-15
3416.79000  1.23000e-15
3420.86000  1.10000e-15
3424.92000  1.35000e-15
3428.99000  1.35000e-15
3433.06000  1.10000e-15
3437.13000  1.23000e-15
3441.20000  1.25000e-15
3445.26000  1.23000e-15
3449.33000  1.34000e-15
3453.40000  1.08000e-15
3457.47000  1.17000e-15
3461.54000  1.11000e-15
3465.60000  1.26000e-15
3469.67000  1.13000e-15
3473.74000  1.19000e-15
3477.81000  1.23000e-15
3481.88000  1.18000e-15
3485.95000  1.14000e-15
3490.01000  1.07000e-15
3494.08000  1.11000e-15
3498.15000  1.18000e-15
3502.22000  1.12000e-15
3506.29000  1.09000e-15
3510.35000  1.15000e-15
3514.42000  1.09000e-15
3518.49000  1.10000e-15
3522.56000  1.02000e-15
3526.63000  1.03000e-15
3530.69000  1.02000e-15
3534.76000  9.08000e-16
3538.83000  1.01000e-15
3542.90000  9.92000e-16
3546.97000  9.54000e-16
3551.03000  9.78000e-16
3555.10000  9.29000e-16
3559.17000  9.39000e-16
3563.24000  8.79000e-16
3567.31000  9.42000e-16
3571.37000  8.83000e-16
3575.44000  9.30000e-16
3579.51000  8.99000e-16
3583.58000  9.29000e-16
3587.65000  1.04000e-15
3591.71000  8.90000e-16
3595.78000  8.96000e-16
3599.85000  9.07000e-16
3603.92000  9.32000e-16
3607.99000  9.30000e-16
3612.05000  8.81000e-16
3616.12000  9.35000e-16
3620.19000  9.51000e-16
3624.26000  8.80000e-16
3628.33000  9.27000e-16
3632.39000  8.74000e-16
3636.46000  9.35000e-16
3640.53000  8.31000e-16
3644.60000  9.11000e-16
3648.67000  9.18000e-16
3652.73000  8.92000e-16
3656.80000  8.98000e-16
3660.87000  8.96000e-16
3664.94000  8.59000e-16
3669.01000  8.85000e-16
3673.07000  9.27000e-16
3677.14000  9.45000e-16
3681.21000  9.12000e-16
3685.28000  9.15000e-16
3689.35000  8.77000e-16
3693.41000  8.76000e-16
3697.48000  8.60000e-16
3701.55000  8.60000e-16
3705.62000  8.64000e-16
3709.69000  8.89000e-16
3713.75000  8.83000e-16
3717.82000  8.87000e-16
3721.89000  8.53000e-16
3725.96000  8.66000e-16
3730.03000  8.57000e-16
3734.09000  9.00000e-16
3738.16000  8.29000e-16
3742.23000  8.41000e-16
3746.30000  8.50000e-16
3750.37000  8.66000e-16
3754.43000  8.55000e-16
3758.50000  8.54000e-16
3762.57000  8.05000e-16
3766.64000  8.62000e-16
3770.71000  8.28000e-16
3774.77000  8.59000e-16
3778.84000  8.20000e-16
3782.91000  8.32000e-16
3786.98000  8.19000e-16
3791.05000  8.72000e-16
3795.11000  8.46000e-16
3799.18000  7.89000e-16
3803.25000  8.54000e-16
3807.32000  8.54000e-16
3811.39000  8.48000e-16
3815.45000  8.17000e-16
3819.52000  8.24000e-16
3823.59000  8.25000e-16
3827.66000  8.23000e-16
3831.73000  8.24000e-16
3835.79000  8.30000e-16
3839.86000  8.83000e-16
3843.93000  8.22000e-16
3848.00000  8.11000e-16
3852.07000  8.53000e-16
3856.13000  8.54000e-16
3860.20000  8.41000e-16
3864.27000  8.26000e-16
3868.34000  8.38000e-16
3872.41000  8.51000e-16
3876.47000  8.50000e-16
3880.54000  8.10000e-16
3884.61000  8.07000e-16
3888.68000  8.81000e-16
3892.75000  8.29000e-16
3896.81000  8.43000e-16
3900.88000  8.22000e-16
3904.95000  8.18000e-16
3909.02000  8.64000e-16
3913.09000  8.49000e-16
3917.15000  8.39000e-16
3921.22000  8.60000e-16
3925.29000  8.35000e-16
3929.36000  8.58000e-16
3933.43000  8.18000e-16
3937.49000  8.48000e-16
3941.56000  8.32000e-16
3945.63000  8.48000e-16
3949.70000  8.45000e-16
3953.77000  8.46000e-16
3957.83000  8.56000e-16
3961.90000  8.25000e-16
3965.97000  8.52000e-16
3970.04000  8.25000e-16
3974.11000  8.50000e-16
3978.17000  8.58000e-16
3982.24000  8.75000e-16
3986.31000  8.75000e-16
3990.38000  8.74000e-16
3994.45000  8.54000e-16
3998.51000  8.49000e-16
4002.58000  8.08000e-16
4006.65000  8.37000e-16
4010.72000  8.81000e-16
4014.79000  8.53000e-16
4018.85000  8.48000e-16
4022.92000  8.84000e-16
4026.99000  8.72000e-16
4031.06000  8.71000e-16
4035.13000  8.23000e-16
4039.19000  8.33000e-16
4043.26000  8.37000e-16
4047.33000  8.68000e-16
4051.40000  8.60000e-16
4055.47000  8.39000e-16
4059.53000  8.48000e-16
4063.60000  8.23000e-16
4067.67000  8.06000e-16
4071.74000  8.22000e-16
4075.81000  8.16000e-16
4079.87000  8.25000e-16
4083.94000  8.55000e-16
4088.01000  8.01000e-16
4092.08000  7.92000e-16
4096.15000  7.99000e-16
4100.21000  7.90000e-16
4104.28000  7.88000e-16
4108.35000  7.94000e-16
4112.42000  7.75000e-16
4116.49000  8.23000e-16
4120.55000  8.22000e-16
4124.62000  8.00000e-16
4128.69000  8.01000e-16
4132.76000  8.22000e-16
4136.83000  8.53000e-16
4140.89000  8.15000e-16
4144.96000  7.73000e-16
4149.03000  7.62000e-16
4153.10000  7.39000e-16
4157.17000  7.87000e-16
4161.23000  8.03000e-16
4165.30000  7.97000e-16
4169.37000  8.07000e-16
4173.44000  7.95000e-16
4177.51000  7.63000e-16
4181.57000  7.46000e-16
4185.64000  7.48000e-16
4189.71000  7.21000e-16
4193.78000  7.17000e-16
4197.85000  7.35000e-16
4201.91000  7.56000e-16
4205.98000  7.19000e-16
4210.05000  7.51000e-16
4214.12000  7.31000e-16
4218.19000  7.20000e-16
4222.25000  7.27000e-16
4226.32000  7.07000e-16
4230.39000  7.25000e-16
4234.46000  7.25000e-16
4238.53000  7.33000e-16
4242.59000  7.13000e-16
4246.66000  7.08000e-16
4250.73000  7.04000e-16
4254.80000  6.82000e-16
4258.87000  6.94000e-16
4262.93000  6.77000e-16
4267.00000  6.94000e-16
4271.07000  6.73000e-16
4275.14000  6.82000e-16
4279.21000  7.00000e-16
4283.27000  6.88000e-16
4287.34000  7.07000e-16
4291.41000  6.69000e-16
4295.48000  6.68000e-16
4299.55000  6.84000e-16
4303.61000  7.03000e-16
4307.68000  6.77000e-16
4311.75000  6.82000e-16
4315.82000  6.63000e-16
4319.89000  6.78000e-16
4323.95000  7.00000e-16
4328.02000  6.75000e-16
4332.09000  6.69000e-16
4336.16000  6.94000e-16
4340.23000  6.91000e-16
4344.29000  6.86000e-16
4348.36000  6.50000e-16
4352.43000  6.50000e-16
4356.50000  6.50000e-16
4360.57000  6.26000e-16
4364.63000  6.12000e-16
4368.70000  6.38000e-16
4372.77000  5.97000e-16
4376.84000  6.05000e-16
4380.91000  6.40000e-16
4384.97000  6.11000e-16
4389.04000  6.05000e-16
4393.11000  5.96000e-16
4397.18000  6.20000e-16
4401.25000  6.33000e-16
4405.32000  6.05000e-16
4409.38000  5.80000e-16
4413.45000  6.13000e-16
4417.52000  5.96000e-16
4421.59000  5.92000e-16
4425.66000  5.89000e-16
4429.72000  5.98000e-16
4433.79000  6.32000e-16
4437.86000  6.07000e-16
4441.93000  6.22000e-16
4446.00000  5.93000e-16
4450.06000  6.18000e-16
4454.13000  5.88000e-16
4458.20000  5.96000e-16
4462.27000  6.12000e-16
4466.34000  6.22000e-16
4470.40000  6.11000e-16
4474.47000  6.15000e-16
4478.54000  6.38000e-16
4482.61000  6.15000e-16
4486.68000  6.66000e-16
4490.74000  6.46000e-16
4494.81000  6.76000e-16
4498.88000  6.47000e-16
4502.95000  6.80000e-16
4507.02000  6.92000e-16
4511.08000  6.86000e-16
4515.15000  7.08000e-16
4519.22000  6.85000e-16
4523.29000  7.16000e-16
4527.36000  7.03000e-16
4531.42000  6.98000e-16
4535.49000  6.76000e-16
4539.56000  6.47000e-16
4543.63000  6.28000e-16
4547.70000  6.45000e-16
4551.76000  6.64000e-16
4555.83000  6.61000e-16
4559.90000  6.51000e-16
4563.97000  6.49000e-16
4568.04000  6.41000e-16
4572.10000  6.49000e-16
4576.17000  6.20000e-16
4580.24000  6.13000e-16
4584.31000  6.33000e-16
4588.38000  6.30000e-16
4592.44000  6.26000e-16
4596.51000  6.69000e-16
4600.58000  6.57000e-16
4604.65000  6.65000e-16
4608.72000  6.98000e-16
4612.78000  6.51000e-16
4616.85000  6.45000e-16
4620.92000  6.36000e-16
4624.99000  6.31000e-16
4629.06000  6.34000e-16
4633.12000  6.33000e-16
4637.19000  6.00000e-16
4641.26000  6.08000e-16
4645.33000  6.42000e-16
4649.40000  6.24000e-16
4653.46000  5.95000e-16
4657.53000  5.89000e-16
4661.60000  5.85000e-16
4665.67000  5.82000e-16
4669.74000  6.08000e-16
4673.80000  6.31000e-16
4677.87000  6.22000e-16
4681.94000  6.05000e-16
4686.01000  5.81000e-16
4690.08000  6.09000e-16
4694.14000  5.69000e-16
4698.21000  5.46000e-16
4702.28000  5.75000e-16
4706.35000  6.04000e-16
4710.42000  5.42000e-16
4714.48000  5.45000e-16
4718.55000  5.83000e-16
4722.62000  5.44000e-16
4726.69000  5.58000e-16
4730.76000  5.51000e-16
4734.82000  5.11000e-16
4738.89000  5.55000e-16
4742.96000  5.44000e-16
4747.03000  5.67000e-16
4751.10000  5.63000e-16
4755.16000  5.62000e-16
4759.23000  5.64000e-16
4763.30000  5.61000e-16
4767.37000  5.57000e-16
4771.44000  5.42000e-16
4775.50000  5.42000e-16
4779.57000  5.26000e-16
4783.64000  5.70000e-16
4787.71000  5.42000e-16
4791.78000  5.74000e-16
4795.84000  5.59000e-16
4799.91000  5.83000e-16
4803.98000  6.21000e-16
4808.05000  5.80000e-16
4812.12000  5.95000e-16
4816.18000  6.17000e-16
4820.25000  6.21000e-16
4824.32000  6.18000e-16
4828.39000  5.77000e-16
4832.46000  6.14000e-16
4836.52000  6.23000e-16
4840.59000  5.96000e-16
4844.66000  6.21000e-16
4848.73000  6.03000e-16
4852.80000  6.09000e-16
4856.86000  5.85000e-16
4860.93000  6.09000e-16
4865.00000  6.54000e-16
4869.07000  6.25000e-16
4873.14000  6.35000e-16
4877.20000  6.39000e-16
4881.27000  6.14000e-16
4885.34000  6.12000e-16
4889.41000  6.17000e-16
4893.48000  5.93000e-16
4897.54000  6.10000e-16
4901.61000  6.23000e-16
4905.68000  5.98000e-16
4909.75000  5.92000e-16
4913.82000  6.10000e-16
4917.88000  6.04000e-16
4921.95000  6.18000e-16
4926.02000  6.35000e-16
4930.09000  5.94000e-16
4934.16000  6.10000e-16
4938.22000  5.85000e-16
4942.29000  5.77000e-16
4946.36000  5.81000e-16
4950.43000  5.54000e-16
4954.50000  5.28000e-16
4958.56000  4.96000e-16
4962.63000  5.18000e-16
4966.70000  5.21000e-16
4970.77000  5.00000e-16
4974.84000  4.83000e-16
4978.90000  4.82000e-16
4982.97000  4.92000e-16
4987.04000  4.97000e-16
4991.11000  4.54000e-16
4995.18000  4.61000e-16
4999.24000  4.42000e-16
5003.31000  4.15000e-16
5007.38000  4.43000e-16
5011.45000  4.66000e-16
5015.52000  4.52000e-16
5019.58000  4.54000e-16
5023.65000  4.25000e-16
5027.72000  4.06000e-16
5031.79000  4.12000e-16
5035.86000  3.65000e-16
5039.92000  3.85000e-16
5043.99000  3.82000e-16
5048.06000  3.74000e-16
5052.13000  3.77000e-16
5056.20000  3.58000e-16
5060.26000  3.91000e-16
5064.33000  3.67000e-16
5068.40000  3.96000e-16
5072.47000  3.79000e-16
5076.54000  3.81000e-16
5080.60000  3.48000e-16
5084.67000  3.56000e-16
5088.74000  3.82000e-16
5092.81000  4.09000e-16
5096.88000  4.01000e-16
5100.94000  3.69000e-16
5105.01000  3.99000e-16
5109.08000  3.71000e-16
5113.15000  3.58000e-16
5117.22000  3.60000e-16
5121.28000  3.37000e-16
5125.35000  3.53000e-16
5129.42000  3.89000e-16
5133.49000  3.93000e-16
5137.56000  3.73000e-16
5141.62000  3.80000e-16
5145.69000  3.73000e-16
5149.76000  3.54000e-16
5153.83000  3.36000e-16
5157.90000  3.59000e-16
5161.96000  3.53000e-16
5166.03000  3.57000e-16
5170.10000  3.53000e-16
5174.17000  3.44000e-16
5178.24000  3.47000e-16
5182.30000  3.67000e-16
5186.37000  3.12000e-16
5190.44000  3.23000e-16
5194.51000  3.54000e-16
5198.58000  3.57000e-16
5202.64000  3.39000e-16
5206.71000  3.40000e-16
5210.78000  3.67000e-16
5214.85000  3.33000e-16
5218.92000  3.70000e-16
5222.98000  3.44000e-16
5227.05000  3.35000e-16
5231.12000  3.30000e-16
5235.19000  3.42000e-16
5239.26000  3.31000e-16
5243.32000  3.37000e-16
5247.39000  3.55000e-16
5251.46000  3.36000e-16
5255.53000  3.40000e-16
5259.60000  3.37000e-16
5263.66000  3.46000e-16
5267.73000  3.18000e-16
5271.80000  3.01000e-16
5275.87000  3.23000e-16
5279.94000  3.17000e-16
5284.00000  3.16000e-16
5288.07000  3.16000e-16
5292.14000  3.05000e-16
5296.21000  3.02000e-16
5300.28000  3.04000e-16
5304.34000  2.91000e-16
5308.41000  3.24000e-16
5312.48000  3.20000e-16
5316.55000  3.21000e-16
5320.62000  3.02000e-16
5324.69000  3.05000e-16
5328.75000  3.00000e-16
5332.82000  2.95000e-16
5336.89000  3.00000e-16
5340.96000  2.91000e-16
5345.03000  2.60000e-16
5349.09000  2.69000e-16
5353.16000  2.54000e-16
5357.23000  2.38000e-16
5361.30000  2.34000e-16
5365.37000  2.40000e-16
5369.43000  2.65000e-16
5373.50000  2.54000e-16
5377.57000  2.62000e-16
5381.64000  2.55000e-16
5385.71000  2.62000e-16
5389.77000  3.02000e-16
5393.84000  2.51000e-16
5397.91000  2.29000e-16
5401.98000  2.41000e-16
5406.05000  2.29000e-16
5410.11000  2.36000e-16
5414.18000  2.23000e-16
5418.25000  2.55000e-16
5422.32000  2.86000e-16
5426.39000  2.34000e-16
5430.45000  2.56000e-16
5434.52000  2.65000e-16
5438.59000  2.51000e-16
5442.66000  2.12000e-16
5446.73000  2.41000e-16
5450.79000  2.17000e-16
5454.86000  2.32000e-16
5458.93000  2.34000e-16
5463.00000  2.09000e-16
5467.07000  1.99000e-16
5471.13000  2.06000e-16
5475.20000  2.09000e-16
5479.27000  2.17000e-16
5483.34000  1.91000e-16
5487.41000  1.63000e-16
5491.47000  1.71000e-16
5495.54000  1.99000e-16
5499.61000  1.65000e-16
5503.68000  1.71000e-16
5507.75000  1.91000e-16
5511.81000  1.91000e-16
5515.88000  2.28000e-16
5519.95000  1.99000e-16
5524.02000  1.85000e-16
5528.09000  1.84000e-16
5532.15000  2.03000e-16
5536.22000  1.91000e-16
5540.29000  1.60000e-16
5544.36000  1.42000e-16
5548.43000  1.58000e-16
5552.49000  1.71000e-16
5556.56000  1.97000e-16
5560.63000  1.91000e-16
5564.70000  1.64000e-16
5568.77000  1.73000e-16
5572.83000  8.16000e-17
5576.90000 -7.82000e-17
5580.97000  1.49000e-16
5585.04000  1.85000e-16
5589.11000  1.96000e-16
5593.17000  1.60000e-16
5597.24000  1.70000e-16
5601.31000  1.61000e-16
5605.38000  1.57000e-16
5609.45000  1.73000e-16
5613.51000  1.49000e-16
5617.58000  1.46000e-16
5621.65000  1.56000e-16
5625.72000  1.36000e-16
5629.79000  1.69000e-16
5633.85000  1.64000e-16
5637.92000  1.77000e-16
5641.99000  1.54000e-16
5646.06000  1.76000e-16
5650.13000  1.43000e-16
5654.19000  1.68000e-16
5658.26000  1.60000e-16
5662.33000  1.40000e-16
5666.40000  1.59000e-16
5670.47000  1.44000e-16
5674.53000  1.52000e-16
5678.60000  1.45000e-16
5682.67000  1.52000e-16
5686.74000  1.49000e-16
5690.81000  1.52000e-16
5694.87000  1.42000e-16
5698.94000  1.44000e-16
5703.01000  1.29000e-16
5707.08000  9.85000e-17
5711.15000  9.74000e-17
5715.21000  1.02000e-16
5719.28000  1.03000e-16
5723.35000  1.22000e-16
5727.42000  1.56000e-16
5731.49000  1.43000e-16
5735.55001  8.18000e-17
5739.62000  1.12000e-16
5743.69000  1.17000e-16
5747.76000  1.25000e-16
5751.83000  1.11000e-16
5755.89000  1.06000e-16
5759.96000  9.73000e-17
5764.03000  1.16000e-16
5768.10000  1.34000e-16
5772.17000  1.19000e-16
5776.23000  1.18000e-16
5780.30000  1.43000e-16
5784.37000  1.52000e-16
5788.44000  1.24000e-16
5792.51000  1.32000e-16
5796.57000  1.36000e-16
5800.64000  1.66000e-16
5804.71000  1.33000e-16
5808.78000  1.37000e-16
5812.85000  1.67000e-16
5816.91000  1.28000e-16
5820.98000  1.44000e-16
5825.05000  1.48000e-16
5829.12000  1.38000e-16
5833.19000  1.52000e-16
5837.25001  1.65000e-16
5841.32000  1.78000e-16
5845.39000  1.53000e-16
5849.46000  1.64000e-16
5853.53000  1.45000e-16
5857.59000  1.57000e-16
5861.66000  1.43000e-16
5865.73000  1.48000e-16
5869.80000  1.78000e-16
5873.87000  1.58000e-16
5877.93000  1.43000e-16
5882.00001  1.52000e-16
5886.07000  1.38000e-16
5890.14000  1.29000e-16
5894.21000  1.40000e-16
5898.27000  1.54000e-16
5902.34000  1.60000e-16
5906.41000  1.46000e-16
5910.48000  1.63000e-16
5914.55000  1.54000e-16
5918.61000  1.37000e-16
5922.68000  1.48000e-16
5926.75001  1.48000e-16
5930.82000  1.54000e-16
5934.89000  1.46000e-16
5938.95001  1.44000e-16
5943.02000  1.40000e-16
5947.09000  1.48000e-16
5951.16000  1.42000e-16
5955.23000  1.40000e-16
5959.29000  1.61000e-16
5963.36000  1.48000e-16
5967.43000  1.52000e-16
5971.50000  1.74000e-16
5975.57000  1.77000e-16
5979.63000  1.35000e-16
5983.70001  1.61000e-16
5987.77000  1.90000e-16
5991.84000  1.83000e-16
5995.91000  2.14000e-16
5999.97000 -7.05000e-17
6004.04000  1.82000e-17
6008.11000  1.64000e-16
6012.18000  1.74000e-16
6016.25000  1.89000e-16
6020.31000  1.93000e-16
6024.38000  2.08000e-16
6028.45001  1.90000e-16
6032.52000  1.83000e-16
6036.59000  2.13000e-16
6040.65001  2.16000e-16
6044.72000  2.12000e-16
6048.79000  1.90000e-16
6052.86000  2.14000e-16
6056.93000  2.01000e-16
6060.99000  1.88000e-16
6065.06000  2.04000e-16
6069.13000  2.09000e-16
6073.20001  2.02000e-16
6077.27000  2.04000e-16
6081.33000  1.91000e-16
6085.40001  1.86000e-16
6089.47000  1.92000e-16
6093.54000  1.71000e-16
6097.61000  2.02000e-16
6101.67000  2.07000e-16
6105.74000  2.04000e-16
6109.81000  1.99000e-16
6113.88000  1.95000e-16
6117.95000  1.83000e-16
6122.01000  2.09000e-16
6126.08000  1.92000e-16
6130.15001  1.85000e-16
6134.22000  1.98000e-16
6138.29000  1.86000e-16
6142.34999  1.92000e-16
6146.42000  2.16000e-16
6150.49000  1.90000e-16
6154.56000  1.76000e-16
6158.63000  1.79000e-16
6162.69000  1.64000e-16
6166.76000  1.48000e-16
6170.83000  1.64000e-16
6174.90001  1.71000e-16
6178.97000  1.58000e-16
6183.03000  1.72000e-16
6187.09999  1.49000e-16
6191.17000  1.48000e-16
6195.24000  1.67000e-16
6199.31000  1.63000e-16
6203.37000  1.61000e-16
6207.44000  1.14000e-16
6211.51000  1.76000e-16
6215.58000  1.85000e-16
6219.65001  1.62000e-16
6223.71000  1.68000e-16
6227.78000  1.61000e-16
6231.85001  1.55000e-16
6235.92000  1.53000e-16
6239.99000  1.51000e-16
6244.06000  1.57000e-16
6248.12000  1.63000e-16
6252.19000  1.45000e-16
6256.26000  1.46000e-16
6260.33000  1.25000e-16
6264.40001  1.08000e-16
6268.46000  1.31000e-16
6272.53000  1.40000e-16
6276.60001  1.43000e-16
6280.67000  1.49000e-16
6284.74000  1.24000e-16
6288.79999  1.49000e-16
6292.87000  1.64000e-16
6296.94000  1.35000e-16
6301.01000  1.80000e-16
6305.08000  2.14000e-16
6309.14000  1.74000e-16
6313.21000  1.44000e-16
6317.28000  1.54000e-16
6321.35001  1.38000e-16
6325.42000  1.45000e-16
6329.48000  1.27000e-16
6333.54999  1.33000e-16
6337.62000  1.25000e-16
6341.69000  1.46000e-16
6345.76000  1.82000e-16
6349.82000  2.15000e-16
6353.89000  1.67000e-16
6357.96000  1.38000e-16
6362.03000  1.82000e-16
6366.10001  1.38000e-16
6370.16000  1.51000e-16
6374.23000  1.37000e-16
6378.30001  1.18000e-16
6382.37000  1.40000e-16
6386.44000  1.25000e-16
6390.49999  1.29000e-16
6394.57000  1.48000e-16
6398.64000  1.23000e-16
6402.71000  1.04000e-16
6406.78000  1.30000e-16
6410.84000  1.30000e-16
6414.91000  1.14000e-16
6418.98000  1.05000e-16
6423.05001  1.09000e-16
6427.12000  9.95000e-17
6431.18000  8.95000e-17
6435.24999  9.11000e-17
6439.32000  7.74000e-17
6443.39000  9.75000e-17
6447.46000  1.02000e-16
6451.52000  1.04000e-16
6455.59000  1.10000e-16
6459.66000  1.16000e-16
6463.73000  1.20000e-16
6467.80001  1.08000e-16
6471.86000  9.22000e-17
6475.93000  1.01000e-16
6479.99999  1.22000e-16
6484.07000  1.16000e-16
6488.14000  1.19000e-16
6492.19999  1.21000e-16
6496.27000  1.12000e-16
6500.34000  1.31000e-16
6504.41000  1.06000e-16
6508.48000  1.10000e-16
6512.54000  1.20000e-16
6516.61000  1.07000e-16
6520.68000  1.02000e-16
6524.75001  1.15000e-16
6528.82000  1.06000e-16
6532.88000  8.99000e-17
6536.94999  1.15000e-16
6541.02000  1.44000e-16
6545.09000  9.36000e-17
6549.16000  1.06000e-16
6553.22000  1.33000e-16
6557.29000  1.10000e-16
6561.36000  9.66000e-17
6565.43000  1.01000e-16
6569.50001  8.83000e-17
6573.56000  1.13000e-16
6577.63000  1.31000e-16
6581.69999  1.06000e-16
6585.77000  1.31000e-16
6589.84000  1.31000e-16
6593.90000  1.06000e-16
6597.97000  1.02000e-16
6602.04000  1.01000e-16
6606.11000  1.05000e-16
6610.18000  1.33000e-16
6614.24000  1.29000e-16
6618.31000  1.33000e-16
6622.38000  1.04000e-16
6626.44999  1.19000e-16
6630.52000  1.33000e-16
6634.58000  1.23000e-16
6638.64999  1.23000e-16
6642.72000  1.48000e-16
6646.79000  1.20000e-16
6650.86000  1.16000e-16
6654.92000  1.08000e-16
6658.99000  1.17000e-16
6663.06000  1.19000e-16
6667.13000  1.00000e-16
6671.19999  1.17000e-16
6675.26000  1.31000e-16
6679.33000  1.25000e-16
6683.39999  1.36000e-16
6687.47000  1.53000e-16
6691.54000  1.36000e-16
6695.60000  1.48000e-16
6699.67000  1.67000e-16
6703.74000  1.47000e-16
6707.81000  1.50000e-16
6711.88000  1.24000e-16
6715.94000  1.43000e-16
6720.01000  1.69000e-16
6724.08000  1.77000e-16
6728.14999  1.67000e-16
6732.22000  1.55000e-16
6736.28000  1.75000e-16
6740.35000  1.59000e-16
6744.42000  1.63000e-16
6748.49000  1.78000e-16
6752.56000  1.94000e-16
6756.62000  1.76000e-16
6760.69000  1.40000e-16
6764.76000  1.96000e-16
6768.83000  1.99000e-16
6772.89999  1.84000e-16
6776.96000  1.90000e-16
6781.03000  1.56000e-16
6785.09999  1.65000e-16
6789.17000  1.86000e-16
6793.24000  1.83000e-16
6797.30000  2.17000e-16
6801.37000  1.76000e-16
6805.44000  2.16000e-16
6809.51000  1.94000e-16
6813.58000  1.90000e-16
6817.64000  1.77000e-16
6821.71000  1.96000e-16
6825.78000  2.03000e-16
6829.84999  1.90000e-16
6833.92000  1.78000e-16
6837.98000  2.03000e-16
6842.05000  2.09000e-16
6846.12000  1.99000e-16
6850.19000  1.96000e-16
6854.26000  1.91000e-16
6858.32000  1.60000e-16
6862.39000  1.38000e-16
6866.46000  1.56000e-16
6870.53000  1.64000e-16
6874.59999  1.66000e-16
6878.66000  1.73000e-16
6882.73000  2.03000e-16
6886.80000  2.06000e-16
6890.87000  1.63000e-16
6894.94000  1.74000e-16
6899.00000  1.87000e-16
6903.07000  1.84000e-16
6907.14000  1.99000e-16
6911.21000  1.99000e-16
6915.28000  2.07000e-16
6919.34000  1.96000e-16
6923.41000  2.04000e-16
6927.48000  1.88000e-16
6931.55000  2.16000e-16
6935.62000  2.06000e-16
6939.68000  1.98000e-16
6943.75000  2.03000e-16
6947.82000  2.09000e-16
6951.89000  2.05000e-16
6955.96000  2.03000e-16
6960.02000  2.18000e-16
6964.09000  2.22000e-16
6968.16000  1.89000e-16
6972.23000  2.14000e-16
6976.29999  2.14000e-16
6980.36000  2.15000e-16
6984.43000  1.90000e-16
6988.50000  1.77000e-16
6992.57000  1.90000e-16
6996.64000  2.11000e-16
7000.70000  2.19000e-16
7004.77000  2.04000e-16
7008.84000  1.98000e-16
7012.91000  1.74000e-16
7016.98000  1.93000e-16
7021.04000  2.16000e-16
7025.11000  2.02000e-16
7029.18000  1.92000e-16
7033.25000  1.90000e-16
7037.32000  1.80000e-16
7041.38000  1.94000e-16
7045.45000  2.14000e-16
7049.52000  1.95000e-16
7053.59000  1.98000e-16
7057.66000  1.88000e-16
7061.72000  1.87000e-16
7065.79000  1.73000e-16
7069.86000  2.24000e-16
7073.93000  2.30000e-16
7078.00000  2.08000e-16
7082.06000  1.95000e-16
7086.13000  2.18000e-16
7090.20000  2.13000e-16
7094.27000  2.19000e-16
7098.34000  2.13000e-16
7102.40000  1.77000e-16
7106.47000  1.83000e-16
7110.54000  1.78000e-16
7114.61000  1.90000e-16
7118.68000  1.89000e-16
7122.74000  1.94000e-16
7126.81000  1.90000e-16
7130.88000  1.73000e-16
7134.95000  1.71000e-16
7139.02000  1.73000e-16
7143.09000  1.67000e-16
7147.15000  1.89000e-16
7151.22000  1.92000e-16
7155.29000  1.90000e-16
7159.36000  1.62000e-16
7163.43000  1.64000e-16
7167.49000  1.56000e-16
7171.56000  1.63000e-16
7175.63000  1.81000e-16
7179.70000  1.63000e-16
7183.77000  1.37000e-16
7187.83000  1.66000e-16
7191.90000  1.67000e-16
7195.97000  1.66000e-16
7200.04000  1.49000e-16
7204.11000  1.30000e-16
7208.17000  1.40000e-16
7212.24000  1.25000e-16
7216.31000  1.54000e-16
7220.38000  1.31000e-16
7224.45000  1.40000e-16
7228.51000  1.37000e-16
7232.58000  1.34000e-16
7236.65000  1.28000e-16
7240.72000  1.07000e-16
7244.79000  9.51000e-17
7248.85000  1.10000e-16
7252.92000  1.50000e-16
7256.99000  1.27000e-16
7261.06000  1.17000e-16
7265.13000  1.19000e-16
7269.19000  1.27000e-16
7273.26000  1.40000e-16
7277.33000  1.43000e-16
7281.40000  1.40000e-16
7285.47000  9.90000e-17
7289.53000  9.73000e-17
7293.60000  1.54000e-16
7297.67000  1.46000e-16
7301.74000  1.01000e-16
7305.81000  1.20000e-16
7309.87000  1.19000e-16
7313.94000  1.24000e-16
7318.01000  1.42000e-16
7322.08000  1.14000e-16
7326.15000  1.33000e-16
7330.21000  1.12000e-16
7334.28000  1.26000e-16
7338.35000  1.32000e-16
7342.42000  1.11000e-16
7346.49000  1.41000e-16
7350.55000  1.61000e-16
7354.62000  1.43000e-16
7358.69000  1.40000e-16
7362.76000  2.41000e-18
7366.83000 -5.71000e-17
7370.89000  1.08000e-16
7374.96000  1.09000e-16
7379.03000  1.32000e-16
7383.10000  1.21000e-16
7387.17000  1.63000e-16
7391.23000  1.41000e-16
7395.30000  1.04000e-16
7399.37000  1.10000e-16
7403.44000  1.32000e-16
7407.51000  1.52000e-16
7411.57000  1.31000e-16
7415.64000  9.78000e-17
7419.71000  1.15000e-16
7423.78000  1.39000e-16
7427.85000  1.35000e-16
7431.91000  1.37000e-16
7435.98000  1.60000e-16
7440.05000  1.20000e-16
7444.12000  1.49000e-16
7448.19000  1.46000e-16
7452.25000  1.74000e-16
