3817.39011  2.85810e-16  2.79775e-17
3820.43812  3.09269e-16  2.81962e-17
3823.48614  2.79737e-16  2.72222e-17
3826.53415  3.32007e-16  2.80903e-17
3829.58217  3.10149e-16  2.69927e-17
3832.63019  3.00065e-16  2.68548e-17
3835.67820  3.03042e-16  2.68302e-17
3838.72622  3.37898e-16  2.71597e-17
3841.77423  2.95346e-16  2.60241e-17
3844.82225  3.02235e-16  2.61898e-17
3847.87027  2.83149e-16  2.56014e-17
3850.91828  3.30746e-16  2.60344e-17
3853.96630  2.95139e-16  2.52754e-17
3857.01431  2.63681e-16  2.45705e-17
3860.06233  2.80956e-16  2.44764e-17
3863.11035  2.99594e-16  2.46662e-17
3866.15836  3.11706e-16  2.46113e-17
3869.20638  2.88754e-16  2.37832e-17
3872.25439  3.03426e-16  2.38929e-17
3875.30241  2.98987e-16  2.38987e-17
3878.35043  2.90539e-16  2.33583e-17
3881.39844  2.53317e-16  2.25852e-17
3884.44646  2.49162e-16  2.24616e-17
3887.49447  2.49820e-16  2.28738e-17
3890.54249  2.74044e-16  2.35769e-17
3893.59051  2.97613e-16  2.35786e-17
3896.63852  2.81532e-16  2.33242e-17
3899.68654  2.77676e-16  2.26458e-17
3902.73456  2.54734e-16  2.21136e-17
3905.78257  2.89724e-16  2.25681e-17
3908.83059  2.96043e-16  2.27298e-17
3911.87860  2.77265e-16  2.25322e-17
3914.92662  2.78201e-16  2.24290e-17
3917.97464  2.96544e-16  2.24765e-17
3921.02265  3.20169e-16  2.22948e-17
3924.07067  3.15669e-16  2.18268e-17
3927.11868  3.07997e-16  2.12611e-17
3930.16670  2.84282e-16  2.07943e-17
3933.21472  2.75718e-16  2.04801e-17
3936.26273  2.78129e-16  2.04400e-17
3939.31075  2.85468e-16  2.03839e-17
3942.35876  3.01030e-16  2.05046e-17
3945.40678  3.17555e-16  2.03726e-17
3948.45480  2.67538e-16  1.94477e-17
3951.50281  2.90083e-16  1.96429e-17
3954.55083  2.92736e-16  1.95963e-17
3957.59884  3.10085e-16  1.95713e-17
3960.64686  3.09169e-16  1.94156e-17
3963.69488  2.95396e-16  1.91501e-17
3966.74289  3.01574e-16  1.90886e-17
3969.79091  2.77751e-16  1.84700e-17
3972.83892  2.92994e-16  1.85140e-17
3975.88694  2.64538e-16  1.83806e-17
3978.93496  2.63432e-16  1.81913e-17
3981.98297  2.71839e-16  1.80388e-17
3985.03099  2.89775e-16  1.82468e-17
3988.07901  2.73613e-16  1.79935e-17
3991.12702  2.48821e-16  1.73029e-17
3994.17504  2.87278e-16  1.77963e-17
3997.22305  2.66634e-16  1.74004e-17
4000.27107  2.61291e-16  1.74189e-17
4003.31909  2.72633e-16  1.73202e-17
4006.36710  2.91281e-16  1.75887e-17
4009.41512  2.83452e-16  1.73723e-17
4012.46313  2.75520e-16  1.70545e-17
4015.51115  2.90311e-16  1.71584e-17
4018.55917  2.70095e-16  1.66844e-17
4021.60718  2.80626e-16  1.67255e-17
4024.65520  2.84488e-16  1.68157e-17
4027.70321  2.70181e-16  1.64998e-17
4030.75123  2.74839e-16  1.62324e-17
4033.79925  2.66931e-16  1.61853e-17
4036.84726  2.58651e-16  1.59212e-17
4039.89528  2.78249e-16  1.61234e-17
4042.94329  2.78194e-16  1.61036e-17
4045.99131  2.76839e-16  1.61437e-17
4049.03933  2.63011e-16  1.57436e-17
4052.08734  2.69375e-16  1.57820e-17
4055.13536  2.60546e-16  1.53711e-17
4058.18337  2.55230e-16  1.52212e-17
4061.23139  2.71958e-16  1.54224e-17
4064.27941  2.55461e-16  1.51626e-17
4067.32742  2.61850e-16  1.50765e-17
4070.37544  2.41041e-16  1.48006e-17
4073.42346  2.76064e-16  1.51671e-17
4076.47147  2.73063e-16  1.51723e-17
4079.51949  2.68049e-16  1.52107e-17
4082.56750  2.79745e-16  1.51481e-17
4085.61552  2.58438e-16  1.48473e-17
4088.66354  2.51935e-16  1.45468e-17
4091.71155  2.80541e-16  1.49612e-17
4094.75957  2.50653e-16  1.43731e-17
4097.80758  2.58922e-16  1.45712e-17
4100.85560  2.52595e-16  1.43070e-17
4103.90362  2.69937e-16  1.46282e-17
4106.95163  2.99070e-16  1.47916e-17
4109.99965  2.42191e-16  1.40583e-17
4113.04766  2.54401e-16  1.42952e-17
4116.09568  2.27948e-16  1.36318e-17
4119.14370  2.59014e-16  1.40893e-17
4122.19171  2.55084e-16  1.40441e-17
4125.23973  2.42226e-16  1.38358e-17
4128.28774  2.49184e-16  1.37089e-17
4131.33576  2.55133e-16  1.41558e-17
4134.38378  2.53072e-16  1.39483e-17
4137.43179  2.55871e-16  1.37448e-17
4140.47981  2.68204e-16  1.40697e-17
4143.52782  2.50764e-16  1.36441e-17
4146.57584  2.44641e-16  1.37050e-17
4149.62386  2.30782e-16  1.32461e-17
4152.67187  2.34111e-16  1.32585e-17
4155.71989  2.56160e-16  1.35321e-17
4158.76791  2.08754e-16  1.28388e-17
4161.81592  2.59700e-16  1.36682e-17
4164.86394  2.52551e-16  1.33750e-17
4167.91195  2.20149e-16  1.30848e-17
4170.95997  2.25150e-16  1.31795e-17
4174.00799  2.13985e-16  1.30772e-17
4177.05600  2.31232e-16  1.32971e-17
4180.10402  2.47367e-16  1.34861e-17
4183.15203  2.20727e-16  1.28160e-17
4186.20005  2.39513e-16  1.31620e-17
4189.24807  2.12800e-16  1.26552e-17
4192.29608  2.37201e-16  1.29955e-17
4195.34410  2.38131e-16  1.29238e-17
4198.39211  2.30288e-16  1.28494e-17
4201.44013  2.00653e-16  1.24346e-17
4204.48815  2.10936e-16  1.25973e-17
4207.53616  2.21742e-16  1.26336e-17
4210.58418  2.11399e-16  1.23446e-17
4213.63219  2.24888e-16  1.23611e-17
4216.68021  2.34707e-16  1.24108e-17
4219.72823  2.42860e-16  1.25334e-17
4222.77624  2.55457e-16  1.27209e-17
4225.82426  2.90742e-16  1.29674e-17
4228.87227  2.88004e-16  1.29162e-17
4231.92029  2.60768e-16  1.25821e-17
4234.96831  2.58039e-16  1.26083e-17
4238.01632  2.51797e-16  1.24151e-17
4241.06434  2.32306e-16  1.20104e-17
4244.11236  2.24328e-16  1.17914e-17
4247.16037  2.22110e-16  1.17150e-17
4250.20839  2.21568e-16  1.17984e-17
4253.25640  2.04325e-16  1.14849e-17
4256.30442  1.92867e-16  1.13236e-17
4259.35244  2.04359e-16  1.16504e-17
4262.40045  2.03992e-16  1.17300e-17
4265.44847  1.67696e-16  1.11704e-17
4268.49648  1.83169e-16  1.14392e-17
4271.54450  2.03660e-16  1.13826e-17
4274.59252  2.19797e-16  1.16678e-17
4277.64053  2.09132e-16  1.12688e-17
4280.68855  2.18023e-16  1.13382e-17
4283.73656  2.36255e-16  1.15693e-17
4286.78458  2.19926e-16  1.12611e-17
4289.83260  2.22227e-16  1.13546e-17
4292.88061  2.27895e-16  1.13124e-17
4295.92863  2.27798e-16  1.11728e-17
4298.97664  2.10188e-16  1.09267e-17
4302.02466  2.20902e-16  1.10134e-17
4305.07268  2.42414e-16  1.12915e-17
4308.12069  2.25403e-16  1.10737e-17
4311.16871  2.23156e-16  1.10555e-17
4314.21672  2.39763e-16  1.12978e-17
4317.26474  2.37297e-16  1.11937e-17
4320.31276  2.25328e-16  1.10136e-17
4323.36077  2.35725e-16  1.11080e-17
4326.40879  2.31117e-16  1.10662e-17
4329.45681  2.29003e-16  1.09165e-17
4332.50482  2.40552e-16  1.10530e-17
4335.55284  2.23979e-16  1.07704e-17
4338.60085  2.35744e-16  1.09068e-17
4341.64887  2.48218e-16  1.09744e-17
4344.69689  2.38827e-16  1.08253e-17
4347.74490  2.24503e-16  1.06143e-17
4350.79292  2.57015e-16  1.11161e-17
4353.84093  2.39104e-16  1.08594e-17
4356.88895  2.42819e-16  1.07933e-17
4359.93697  2.37594e-16  1.09549e-17
4362.98498  2.40911e-16  1.07997e-17
4366.03300  2.28144e-16  1.06139e-17
4369.08101  2.10789e-16  1.03273e-17
4372.12903  2.19871e-16  1.04218e-17
4375.17705  2.32431e-16  1.06660e-17
4378.22506  2.22317e-16  1.04968e-17
4381.27308  2.07631e-16  1.02411e-17
4384.32109  1.99094e-16  1.01060e-17
4387.36911  2.00994e-16  1.00488e-17
4390.41713  2.15271e-16  1.03377e-17
4393.46514  2.24311e-16  1.05235e-17
4396.51316  2.20324e-16  1.04264e-17
4399.56117  2.34888e-16  1.05762e-17
4402.60919  2.46731e-16  1.06153e-17
4405.65721  2.27919e-16  1.02824e-17
4408.70522  2.27043e-16  1.02634e-17
4411.75324  2.40785e-16  1.05399e-17
4414.80126  2.25921e-16  1.03303e-17
4417.84927  2.36543e-16  1.06262e-17
4420.89729  2.35061e-16  1.06021e-17
4423.94530  2.17945e-16  1.02331e-17
4426.99332  2.33532e-16  1.03773e-17
4430.04134  2.35537e-16  1.05231e-17
4433.08935  2.28143e-16  1.03669e-17
4436.13737  2.18831e-16  1.02216e-17
4439.18538  2.27137e-16  1.03625e-17
4442.23340  2.29310e-16  1.03225e-17
4445.28142  2.09894e-16  1.00897e-17
4448.32943  2.24674e-16  1.03174e-17
4451.37745  2.32929e-16  1.04918e-17
4454.42546  2.25986e-16  1.03870e-17
4457.47348  2.28251e-16  1.04045e-17
4460.52150  2.07337e-16  1.00691e-17
4463.56951  2.03234e-16  1.00103e-17
4466.61753  2.33968e-16  1.04459e-17
4469.66554  2.24216e-16  1.01192e-17
4472.71356  2.21838e-16  1.00573e-17
4475.76158  2.24560e-16  1.00393e-17
4478.80959  2.21677e-16  1.00187e-17
4481.85761  2.06662e-16  9.84919e-18
4484.90562  2.17617e-16  1.00440e-17
4487.95364  2.00892e-16  9.72911e-18
4491.00166  2.15626e-16  9.93348e-18
4494.04967  2.23167e-16  1.00019e-17
4497.09769  2.14234e-16  9.90588e-18
4500.14571  2.05019e-16  9.79482e-18
4503.19372  1.92362e-16  9.55693e-18
4506.24174  1.92044e-16  9.61783e-18
4509.28975  1.97000e-16  9.70502e-18
4512.33777  1.88284e-16  9.54913e-18
4515.38579  1.90596e-16  9.71698e-18
4518.43380  2.09191e-16  9.81040e-18
4521.48182  1.94298e-16  9.62759e-18
4524.52983  1.94571e-16  9.46663e-18
4527.57785  1.98785e-16  9.50133e-18
4530.62587  1.90479e-16  9.37049e-18
4533.67388  2.03234e-16  9.46171e-18
4536.72190  2.02426e-16  9.45892e-18
4539.76991  2.12650e-16  9.59284e-18
4542.81793  1.89247e-16  9.18698e-18
4545.86595  1.89065e-16  9.25713e-18
4548.91396  2.03040e-16  9.30246e-18
4551.96198  1.99729e-16  9.25902e-18
4555.00999  1.96696e-16  9.27151e-18
4558.05801  1.98543e-16  9.19750e-18
4561.10603  2.00601e-16  9.17078e-18
4564.15404  1.95623e-16  9.06252e-18
4567.20206  1.90783e-16  9.01472e-18
4570.25007  2.02918e-16  9.07768e-18
4573.29809  1.88423e-16  8.83062e-18
4576.34611  2.00668e-16  8.96030e-18
4579.39412  1.97511e-16  8.94501e-18
4582.44214  2.00792e-16  8.82782e-18
4585.49016  2.06525e-16  8.99204e-18
4588.53817  2.19986e-16  9.15826e-18
4591.58619  2.14535e-16  8.99150e-18
4594.63420  2.10314e-16  8.96899e-18
4597.68222  2.05314e-16  8.90408e-18
4600.73024  2.02256e-16  8.75740e-18
4603.77825  2.01755e-16  8.74152e-18
4606.82627  1.96266e-16  8.63483e-18
4609.87428  1.98907e-16  8.58009e-18
4612.92230  2.00230e-16  8.65843e-18
4615.97032  1.99861e-16  8.66181e-18
4619.01833  1.88836e-16  8.54705e-18
4622.06635  1.79131e-16  8.42262e-18
4625.11436  1.93318e-16  8.60689e-18
4628.16238  1.86568e-16  8.50193e-18
4631.21040  1.87422e-16  8.44083e-18
4634.25841  1.86442e-16  8.50645e-18
4637.30643  1.79409e-16  8.35949e-18
4640.35444  1.85063e-16  8.40293e-18
4643.40246  1.85098e-16  8.35535e-18
4646.45048  1.75478e-16  8.24610e-18
4649.49849  1.78657e-16  8.35265e-18
4652.54651  1.82826e-16  8.34516e-18
4655.59452  1.82995e-16  8.30734e-18
4658.64254  1.72942e-16  8.07992e-18
4661.69056  1.60739e-16  7.85140e-18
4664.73857  1.82579e-16  8.21643e-18
4667.78659  1.88727e-16  8.30993e-18
4670.83461  1.90591e-16  8.25037e-18
4673.88262  1.88008e-16  8.30477e-18
4676.93064  1.88019e-16  8.17277e-18
4679.97865  1.80719e-16  8.14544e-18
4683.02667  1.85879e-16  8.23840e-18
4686.07469  1.90580e-16  8.27777e-18
4689.12270  1.87869e-16  8.22410e-18
4692.17072  1.86102e-16  8.07525e-18
4695.21873  1.86881e-16  8.05376e-18
4698.26675  1.85975e-16  8.10412e-18
4701.31477  1.87491e-16  8.08058e-18
4704.36278  1.95433e-16  8.20322e-18
4707.41080  1.80899e-16  7.98278e-18
4710.45881  1.88760e-16  8.07788e-18
4713.50683  1.93369e-16  8.12293e-18
4716.55485  1.76140e-16  7.87225e-18
4719.60286  1.85854e-16  7.97793e-18
4722.65088  1.89164e-16  8.03597e-18
4725.69889  1.84668e-16  7.99147e-18
4728.74691  1.90792e-16  8.02465e-18
4731.79493  1.91484e-16  8.02626e-18
4734.84294  1.90347e-16  8.00842e-18
4737.89096  1.78868e-16  7.82641e-18
4740.93897  1.91446e-16  8.00948e-18
4743.98699  1.90319e-16  8.05863e-18
4747.03501  1.92801e-16  7.98490e-18
4750.08302  1.87821e-16  7.83951e-18
4753.13104  1.73523e-16  7.77528e-18
4756.17906  1.81350e-16  7.83514e-18
4759.22707  1.85495e-16  7.82069e-18
4762.27509  1.80084e-16  7.72214e-18
4765.32310  1.86165e-16  7.79153e-18
4768.37112  1.88273e-16  7.84066e-18
4771.41914  1.80494e-16  7.88934e-18
4774.46715  1.83962e-16  7.92364e-18
4777.51517  1.72862e-16  7.74675e-18
4780.56318  1.93301e-16  8.01147e-18
4783.61120  1.97840e-16  8.01825e-18
4786.65922  1.91045e-16  7.90710e-18
4789.70723  1.89013e-16  7.96267e-18
4792.75525  1.89274e-16  7.91386e-18
4795.80326  1.88159e-16  7.91107e-18
4798.85128  1.89914e-16  7.94456e-18
4801.89930  1.82258e-16  7.84691e-18
4804.94731  1.90962e-16  7.92263e-18
4807.99533  1.94533e-16  7.96939e-18
4811.04334  1.79458e-16  7.69694e-18
4814.09136  1.93237e-16  7.92782e-18
4817.13938  1.94010e-16  7.93918e-18
4820.18739  1.91641e-16  7.79563e-18
4823.23541  1.89943e-16  7.85541e-18
4826.28342  1.90661e-16  7.86279e-18
4829.33144  1.80384e-16  7.71924e-18
4832.37946  1.82016e-16  7.75398e-18
4835.42747  1.81940e-16  7.71257e-18
4838.47549  1.95682e-16  7.88773e-18
4841.52351  2.05826e-16  8.01763e-18
4844.57152  1.84847e-16  7.73423e-18
4847.61954  1.89326e-16  7.79724e-18
4850.66755  1.85369e-16  7.62220e-18
4853.71557  1.87857e-16  7.74966e-18
4856.76359  1.90786e-16  7.75995e-18
4859.81160  1.90903e-16  7.72724e-18
4862.85962  1.88942e-16  7.71011e-18
4865.90763  1.81539e-16  7.57829e-18
4868.95565  1.82593e-16  7.59414e-18
4872.00367  1.81873e-16  7.59776e-18
4875.05168  1.78864e-16  7.50924e-18
4878.09970  1.87423e-16  7.60966e-18
4881.14771  1.85623e-16  7.64112e-18
4884.19573  1.80852e-16  7.50123e-18
4887.24375  1.84086e-16  7.57729e-18
4890.29176  1.71421e-16  7.39174e-18
4893.33978  1.79468e-16  7.50398e-18
4896.38779  1.77045e-16  7.39721e-18
4899.43581  1.93968e-16  7.65285e-18
4902.48383  1.83657e-16  7.57494e-18
4905.53184  1.83496e-16  7.53611e-18
4908.57986  1.83404e-16  7.47324e-18
4911.62787  1.68109e-16  7.28872e-18
4914.67589  1.90037e-16  7.62792e-18
4917.72391  1.76513e-16  7.41371e-18
4920.77192  1.80800e-16  7.38934e-18
4923.81994  1.77586e-16  7.36835e-18
4926.86796  1.87977e-16  7.57669e-18
4929.91597  1.82335e-16  7.48978e-18
4932.96399  1.76419e-16  7.36963e-18
4936.01200  1.76140e-16  7.29438e-18
4939.06002  1.74594e-16  7.30016e-18
4942.10804  1.83962e-16  7.36689e-18
4945.15605  1.92353e-16  7.45037e-18
4948.20407  1.82232e-16  7.40350e-18
4951.25208  1.95468e-16  7.44860e-18
4954.30010  1.92906e-16  7.43815e-18
4957.34812  1.88499e-16  7.43281e-18
4960.39613  1.84405e-16  7.41844e-18
4963.44415  1.82791e-16  7.37830e-18
4966.49216  1.90847e-16  7.44139e-18
4969.54018  1.92403e-16  7.41626e-18
4972.58820  1.92159e-16  7.39237e-18
4975.63621  1.86316e-16  7.39792e-18
4978.68423  1.76249e-16  7.23370e-18
4981.73224  1.75265e-16  7.20128e-18
4984.78026  1.92547e-16  7.50262e-18
4987.82828  1.90967e-16  7.37112e-18
4990.87629  1.88922e-16  7.31512e-18
4993.92431  1.81942e-16  7.25759e-18
4996.97232  1.85275e-16  7.27315e-18
5000.02034  1.82475e-16  7.20162e-18
5003.06836  1.82752e-16  7.26248e-18
5006.11637  1.91637e-16  7.40307e-18
5009.16439  1.82299e-16  7.28809e-18
5012.21241  1.76866e-16  7.13660e-18
5015.26042  1.84205e-16  7.25939e-18
5018.30844  1.88119e-16  7.28376e-18
5021.35645  1.83568e-16  7.20997e-18
5024.40447  1.73365e-16  7.11754e-18
5027.45249  1.86183e-16  7.25067e-18
5030.50050  1.94410e-16  7.35495e-18
5033.54852  1.85077e-16  7.27613e-18
5036.59653  1.83248e-16  7.21705e-18
5039.64455  1.89457e-16  7.26232e-18
5042.69257  1.86667e-16  7.20333e-18
5045.74058  1.93385e-16  7.33020e-18
5048.78860  2.00023e-16  7.35553e-18
5051.83661  1.93318e-16  7.23434e-18
5054.88463  1.87838e-16  7.19901e-18
5057.93265  1.86561e-16  7.20721e-18
5060.98066  1.87391e-16  7.19567e-18
5064.02868  2.00484e-16  7.35287e-18
5067.07669  2.01150e-16  7.40596e-18
5070.12471  1.89156e-16  7.19296e-18
5073.17273  1.91255e-16  7.20000e-18
5076.22074  1.83392e-16  7.17686e-18
5079.26876  1.91391e-16  7.27069e-18
5082.31677  2.02343e-16  7.36812e-18
5085.36479  1.84301e-16  7.14765e-18
5088.41281  1.74392e-16  7.00642e-18
5091.46082  1.89222e-16  7.19433e-18
5094.50884  1.89355e-16  7.17137e-18
5097.55686  1.76778e-16  6.96707e-18
5100.60487  1.80455e-16  7.02247e-18
5103.65289  1.88624e-16  7.15164e-18
5106.70090  1.85493e-16  7.04591e-18
5109.74892  1.84688e-16  7.10848e-18
5112.79694  1.85402e-16  7.05608e-18
5115.84495  2.00268e-16  7.26924e-18
5118.89297  1.83590e-16  7.07296e-18
5121.94098  1.71445e-16  6.88065e-18
5124.98900  1.76071e-16  6.88318e-18
5128.03702  1.73652e-16  6.83098e-18
5131.08503  1.71989e-16  6.91279e-18
5134.13305  1.78794e-16  6.96479e-18
5137.18106  1.72698e-16  6.84620e-18
5140.22908  1.78396e-16  6.94369e-18
5143.27710  1.88319e-16  7.07246e-18
5146.32511  1.76166e-16  6.90040e-18
5149.37313  1.65799e-16  6.79461e-18
5152.42114  1.65077e-16  6.77553e-18
5155.46916  1.63574e-16  6.71571e-18
5158.51718  1.70231e-16  6.79811e-18
5161.56519  1.79218e-16  6.89823e-18
5164.61321  1.65474e-16  6.77663e-18
5167.66122  1.65900e-16  6.71988e-18
5170.70924  1.64153e-16  6.67939e-18
5173.75726  1.64261e-16  6.64715e-18
5176.80527  1.60100e-16  6.61827e-18
5179.85329  1.64583e-16  6.66450e-18
5182.90131  1.68959e-16  6.66688e-18
5185.94932  1.59882e-16  6.61437e-18
5188.99734  1.60705e-16  6.67134e-18
5192.04535  1.75815e-16  6.84580e-18
5195.09337  1.70823e-16  6.79677e-18
5198.14139  1.70352e-16  6.70418e-18
5201.18940  1.59904e-16  6.60094e-18
5204.23742  1.60872e-16  6.67920e-18
5207.28543  1.69240e-16  6.71153e-18
5210.33345  1.73128e-16  6.69437e-18
5213.38147  1.72888e-16  6.72266e-18
5216.42948  1.59618e-16  6.61250e-18
5219.47750  1.57601e-16  6.52169e-18
5222.52551  1.67171e-16  6.62792e-18
5225.57353  1.62783e-16  6.57102e-18
5228.62155  1.61216e-16  6.66142e-18
5231.66956  1.60023e-16  6.62296e-18
5234.71758  1.60271e-16  6.63733e-18
5237.76559  1.62869e-16  6.61864e-18
5240.81361  1.65234e-16  6.68083e-18
5243.86163  1.72391e-16  6.79844e-18
5246.90964  1.61002e-16  6.66497e-18
5249.95766  1.64320e-16  6.72175e-18
5253.00567  1.51452e-16  6.46244e-18
5256.05369  1.55247e-16  6.55575e-18
5259.10171  1.59647e-16  6.57617e-18
5262.14972  1.59349e-16  6.52790e-18
5265.19774  1.57915e-16  6.51105e-18
5268.24576  1.53659e-16  6.48765e-18
5271.29377  1.54563e-16  6.48512e-18
5274.34179  1.46399e-16  6.35985e-18
5277.38980  1.55394e-16  6.44779e-18
5280.43782  1.52534e-16  6.43647e-18
5283.48584  1.48831e-16  6.38086e-18
5286.53385  1.48433e-16  6.33410e-18
5289.58187  1.53991e-16  6.49321e-18
5292.62988  1.62217e-16  6.58604e-18
5295.67790  1.51313e-16  6.42703e-18
5298.72592  1.48598e-16  6.38218e-18
5301.77393  1.57884e-16  6.50317e-18
5304.82195  1.48694e-16  6.37647e-18
5307.86996  1.61869e-16  6.52978e-18
5310.91798  1.62337e-16  6.54871e-18
5313.96600  1.55489e-16  6.46431e-18
5317.01401  1.55340e-16  6.39788e-18
5320.06203  1.47179e-16  6.32806e-18
5323.11004  1.42648e-16  6.24816e-18
5326.15806  1.47119e-16  6.25779e-18
5329.20608  1.43701e-16  6.25442e-18
5332.25409  1.39022e-16  6.15698e-18
5335.30211  1.40312e-16  6.18418e-18
5338.35012  1.40571e-16  6.21217e-18
5341.39814  1.45087e-16  6.29235e-18
5344.44616  1.44714e-16  6.24783e-18
5347.49417  1.44820e-16  6.20981e-18
5350.54219  1.52473e-16  6.34011e-18
5353.59021  1.49416e-16  6.30191e-18
5356.63822  1.40747e-16  6.13192e-18
5359.68624  1.54464e-16  6.31740e-18
5362.73425  1.51549e-16  6.27324e-18
5365.78227  1.48416e-16  6.23796e-18
5368.83029  1.46035e-16  6.20871e-18
5371.87830  1.38798e-16  6.10563e-18
5374.92632  1.39680e-16  6.12969e-18
5377.97433  1.45538e-16  6.19389e-18
5381.02235  1.34594e-16  6.00369e-18
5384.07037  1.44957e-16  6.10522e-18
5387.11838  1.36081e-16  6.04166e-18
5390.16640  1.35464e-16  6.01478e-18
5393.21441  1.44743e-16  6.18069e-18
5396.26243  1.45572e-16  6.16193e-18
5399.31045  1.35454e-16  5.97321e-18
5402.35846  1.33128e-16  5.94235e-18
5405.40648  1.42544e-16  6.06162e-18
5408.45449  1.41951e-16  6.08571e-18
5411.50251  1.28953e-16  5.84296e-18
5414.55053  1.36604e-16  5.95997e-18
5417.59854  1.36313e-16  6.01106e-18
5420.64656  1.31221e-16  5.88025e-18
5423.69457  1.29279e-16  5.83144e-18
5426.74259  1.29223e-16  5.86178e-18
5429.79061  1.32985e-16  5.91461e-18
5432.83862  1.41494e-16  6.01523e-18
5435.88664  1.41485e-16  6.03208e-18
5438.93466  1.35624e-16  5.92624e-18
5441.98267  1.30543e-16  5.84050e-18
5445.03069  1.38629e-16  5.97466e-18
5448.07870  1.43927e-16  6.08751e-18
5451.12672  1.39187e-16  6.00464e-18
5454.17474  1.33031e-16  5.86829e-18
5457.22275  1.29939e-16  5.75727e-18
5460.27077  1.35752e-16  5.86296e-18
5463.31878  1.31244e-16  5.75506e-18
5466.36680  1.25956e-16  5.70890e-18
5469.41482  1.36033e-16  5.85037e-18
5472.46283  1.31851e-16  5.78658e-18
5475.51085  1.25607e-16  5.70217e-18
5478.55886  1.35361e-16  5.83014e-18
5481.60688  1.35836e-16  5.81649e-18
5484.65490  1.26286e-16  5.66594e-18
5487.70291  1.30815e-16  5.70078e-18
5490.75093  1.34393e-16  5.79179e-18
5493.79894  1.20776e-16  5.62625e-18
5496.84696  1.18881e-16  5.59903e-18
5499.89498  1.24430e-16  5.66147e-18
5502.94299  1.31280e-16  5.70382e-18
5505.99101  1.37376e-16  5.81328e-18
5509.03902  1.25574e-16  5.68377e-18
5512.08704  1.22691e-16  5.60970e-18
5515.13506  1.29050e-16  5.71583e-18
5518.18307  1.24162e-16  5.64198e-18
5521.23109  1.31157e-16  5.68092e-18
5524.27911  1.32419e-16  5.67004e-18
5527.32712  1.24274e-16  5.58224e-18
5530.37514  1.30664e-16  5.67515e-18
5533.42315  1.24001e-16  5.57290e-18
5536.47117  1.18600e-16  5.50163e-18
5539.51919  1.21485e-16  5.58066e-18
5542.56720  1.27980e-16  5.69336e-18
5545.61522  1.32045e-16  5.75569e-18
5548.66323  1.31441e-16  5.76006e-18
5551.71125  1.26200e-16  5.67408e-18
5554.75927  1.24866e-16  5.60510e-18
5557.80728  1.31095e-16  5.70814e-18
5560.85530  1.23774e-16  5.57931e-18
5563.90331  1.27842e-16  5.61327e-18
5566.95133  1.28847e-16  5.99277e-18
5569.99935  1.29641e-16  7.00769e-18
5573.04736  1.28105e-16  7.46997e-18
5576.09538  1.20051e-16  7.29595e-18
5579.14339  1.21387e-16  7.43963e-18
5582.19141  1.27035e-16  7.33345e-18
5585.23943  1.23352e-16  6.33286e-18
5588.28744  1.23920e-16  5.61280e-18
5591.33546  1.21225e-16  5.48887e-18
5594.38347  1.16675e-16  5.47408e-18
5597.43149  1.14609e-16  5.44217e-18
5600.47951  1.16468e-16  5.45864e-18
5603.52752  1.21531e-16  5.50928e-18
5606.57554  1.21123e-16  5.49166e-18
5609.62356  1.04598e-16  5.25570e-18
5612.67157  1.13556e-16  5.39658e-18
5615.71959  1.20905e-16  5.50094e-18
5618.76760  1.19902e-16  5.49363e-18
5621.81562  1.12772e-16  5.38637e-18
5624.86364  1.08986e-16  5.33407e-18
5627.91165  1.17001e-16  5.40785e-18
5630.95967  1.13341e-16  5.36276e-18
5634.00768  1.18851e-16  5.45310e-18
5637.05570  1.12663e-16  5.38702e-18
5640.10372  1.16810e-16  5.41500e-18
5643.15173  1.13212e-16  5.35056e-18
5646.19975  1.08569e-16  5.30148e-18
5649.24776  1.17000e-16  5.40274e-18
5652.29578  1.17587e-16  5.38117e-18
5655.34380  1.16508e-16  5.37978e-18
5658.39181  1.25000e-16  5.49893e-18
5661.43983  1.12424e-16  5.29904e-18
5664.48784  1.16232e-16  5.39483e-18
5667.53586  1.18987e-16  5.43932e-18
5670.58388  1.20578e-16  5.43337e-18
5673.63189  1.25848e-16  5.50941e-18
5676.67991  1.06409e-16  5.30992e-18
5679.72792  1.09082e-16  5.31187e-18
5682.77594  1.24021e-16  5.48554e-18
5685.82396  1.16205e-16  5.43834e-18
5688.87197  1.14996e-16  5.40369e-18
5691.91999  1.16204e-16  5.37083e-18
5694.96801  1.07424e-16  5.28775e-18
5698.01602  1.02298e-16  5.21928e-18
5701.06404  1.09251e-16  5.25427e-18
5704.11205  1.17046e-16  5.38362e-18
5707.16007  1.07854e-16  5.25377e-18
5710.20809  1.17113e-16  5.40794e-18
5713.25610  1.19082e-16  5.39040e-18
5716.30412  1.10434e-16  5.24861e-18
5719.35213  1.11423e-16  5.32949e-18
5722.40015  1.14085e-16  5.36166e-18
5725.44817  1.10277e-16  5.28713e-18
5728.49618  1.16430e-16  5.40460e-18
5731.54420  1.05744e-16  5.23772e-18
5734.59221  1.11025e-16  5.25506e-18
5737.64023  1.14115e-16  5.32143e-18
5740.68825  1.10732e-16  5.31330e-18
5743.73626  1.13072e-16  5.35626e-18
5746.78428  1.13421e-16  5.36496e-18
5749.83229  1.16379e-16  5.32632e-18
5752.88031  1.06306e-16  5.24594e-18
5755.92833  1.06645e-16  5.20873e-18
5758.97634  1.13297e-16  5.30170e-18
5762.02436  1.11915e-16  5.27181e-18
5765.07237  1.04671e-16  5.16939e-18
5768.12039  1.08885e-16  5.24000e-18
5771.16841  1.10472e-16  5.24518e-18
5774.21642  1.07622e-16  5.25222e-18
5777.26444  1.04360e-16  5.20078e-18
5780.31246  1.10877e-16  5.25645e-18
5783.36047  1.16725e-16  5.37481e-18
5786.40849  1.12890e-16  5.29048e-18
5789.45650  1.11160e-16  5.24531e-18
5792.50452  1.17504e-16  5.35158e-18
5795.55254  1.08783e-16  5.18828e-18
5798.60055  1.11108e-16  5.23749e-18
5801.64857  1.11875e-16  5.28699e-18
5804.69658  1.15673e-16  5.33684e-18
5807.74460  1.14087e-16  5.29561e-18
5810.79262  1.09036e-16  5.24054e-18
5813.84063  1.11427e-16  5.26585e-18
5816.88865  1.12936e-16  5.25339e-18
5819.93666  1.09970e-16  5.23934e-18
5822.98468  1.09859e-16  5.26130e-18
5826.03270  1.08464e-16  5.21012e-18
5829.08071  1.10384e-16  5.25324e-18
5832.12873  1.13484e-16  5.29772e-18
5835.17674  1.14056e-16  5.29370e-18
5838.22476  1.17625e-16  5.30513e-18
5841.27278  1.14792e-16  5.30902e-18
5844.32079  1.12608e-16  5.23828e-18
5847.36881  1.04316e-16  5.15281e-18
5850.41682  1.04936e-16  5.14567e-18
5853.46484  1.05205e-16  5.11654e-18
5856.51286  1.12164e-16  5.27330e-18
5859.56087  1.22691e-16  5.52251e-18
5862.60889  1.12161e-16  5.38694e-18
5865.65691  1.07770e-16  5.33211e-18
5868.70492  1.12527e-16  5.38621e-18
5871.75294  1.08931e-16  5.29080e-18
5874.80095  1.10414e-16  5.28862e-18
5877.84897  1.14539e-16  5.36481e-18
5880.89699  1.09637e-16  5.48805e-18
5883.94500  1.03395e-16  5.73165e-18
5886.99302  1.00453e-16  5.92913e-18
5890.04103  1.03299e-16  6.12340e-18
5893.08905  1.08338e-16  6.29660e-18
5896.13707  1.08774e-16  6.11983e-18
5899.18508  9.85282e-17  5.66728e-18
5902.23310  9.38562e-17  5.35585e-18
5905.28111  9.97414e-17  5.25169e-18
5908.32913  9.68410e-17  5.20055e-18
5911.37715  1.10646e-16  5.44024e-18
5914.42516  1.06017e-16  5.32328e-18
5917.47318  1.01996e-16  5.24367e-18
5920.52119  1.02250e-16  5.24399e-18
5923.56921  1.01667e-16  5.26335e-18
5926.61723  1.08593e-16  5.36689e-18
5929.66524  1.03336e-16  5.31326e-18
5932.71326  1.05538e-16  5.30896e-18
5935.76127  1.14853e-16  5.44870e-18
5938.80929  1.07683e-16  5.30031e-18
5941.85731  9.83632e-17  5.11647e-18
5944.90532  9.97711e-17  5.17084e-18
5947.95334  1.02088e-16  5.24349e-18
5951.00136  1.02480e-16  5.24340e-18
5954.04937  1.02007e-16  5.20503e-18
5957.09739  9.53364e-17  5.08402e-18
5960.14540  1.04155e-16  5.21910e-18
5963.19342  1.06085e-16  5.25349e-18
5966.24144  1.07473e-16  5.26377e-18
5969.28945  1.10169e-16  5.28844e-18
5972.33747  9.61367e-17  5.12654e-18
5975.38548  9.43419e-17  5.11027e-18
5978.43350  1.12126e-16  5.36822e-18
5981.48152  1.08054e-16  5.28359e-18
5984.52953  1.05792e-16  5.22502e-18
5987.57755  9.84684e-17  5.10572e-18
5990.62556  9.66693e-17  5.05999e-18
5993.67358  1.05025e-16  5.22341e-18
5996.72160  9.84114e-17  5.09756e-18
5999.76961  1.07106e-16  5.25392e-18
6002.81763  1.09154e-16  5.30035e-18
6005.86564  1.01351e-16  5.16331e-18
6008.91366  1.00896e-16  5.11348e-18
6011.96168  1.01247e-16  5.10011e-18
6015.00969  9.63905e-17  5.05654e-18
6018.05771  1.02987e-16  5.11394e-18
6021.10572  9.87376e-17  5.11009e-18
6024.15374  1.05014e-16  5.21952e-18
6027.20176  1.06747e-16  5.20486e-18
6030.24977  1.10077e-16  5.22444e-18
6033.29779  1.09137e-16  5.21386e-18
6036.34581  9.88758e-17  5.06713e-18
6039.39382  9.94610e-17  5.07538e-18
6042.44184  9.65801e-17  5.05545e-18
6045.48985  9.85639e-17  5.05977e-18
6048.53787  1.05277e-16  5.15422e-18
6051.58589  1.03781e-16  5.15761e-18
6054.63390  9.83431e-17  5.09518e-18
6057.68192  9.58697e-17  5.03123e-18
6060.72993  9.29121e-17  4.96497e-18
6063.77795  1.00587e-16  5.11659e-18
6066.82597  1.04676e-16  5.19184e-18
6069.87398  1.03817e-16  5.18439e-18
6072.92200  1.05000e-16  5.17193e-18
6075.97001  1.07851e-16  5.21452e-18
6079.01803  1.08062e-16  5.24263e-18
6082.06605  1.07196e-16  5.21227e-18
6085.11406  1.07535e-16  5.19704e-18
6088.16208  1.00478e-16  5.10275e-18
6091.21009  9.59730e-17  5.03652e-18
6094.25811  1.04624e-16  5.12546e-18
6097.30613  1.04791e-16  5.17864e-18
6100.35414  1.00153e-16  5.10931e-18
6103.40216  1.05022e-16  5.16164e-18
6106.45017  1.03424e-16  5.12504e-18
6109.49819  9.99003e-17  5.07073e-18
6112.54621  1.01137e-16  5.10571e-18
6115.59422  1.06176e-16  5.17597e-18
6118.64224  1.02869e-16  5.11958e-18
6121.69026  1.01348e-16  5.07211e-18
6124.73827  1.03523e-16  5.13868e-18
6127.78629  9.37769e-17  4.95130e-18
6130.83430  1.01623e-16  5.11165e-18
6133.88232  1.06170e-16  5.17552e-18
6136.93034  1.04051e-16  5.15383e-18
6139.97835  1.03029e-16  5.17670e-18
6143.02637  1.02787e-16  5.16277e-18
6146.07438  1.04011e-16  5.18395e-18
6149.12240  1.07557e-16  5.17473e-18
6152.17042  9.97706e-17  5.05014e-18
6155.21843  1.00636e-16  5.07907e-18
6158.26645  9.96252e-17  5.10284e-18
6161.31446  1.01003e-16  5.10582e-18
6164.36248  1.04063e-16  5.16022e-18
6167.41050  1.00759e-16  5.12546e-18
6170.45851  1.03249e-16  5.14161e-18
6173.50653  1.03222e-16  5.18694e-18
6176.55454  1.03910e-16  5.18334e-18
6179.60256  1.08137e-16  5.23855e-18
6182.65058  1.07749e-16  5.22956e-18
6185.69859  1.02897e-16  5.10514e-18
6188.74661  1.02318e-16  5.08314e-18
6191.79462  1.01969e-16  5.14633e-18
6194.84264  1.04027e-16  5.17519e-18
6197.89066  9.60515e-17  5.05176e-18
6200.93867  9.99179e-17  5.12772e-18
6203.98669  1.07926e-16  5.23405e-18
6207.03471  1.02122e-16  5.15736e-18
6210.08272  1.00035e-16  5.10896e-18
6213.13074  9.82684e-17  5.04099e-18
6216.17875  1.03845e-16  5.15625e-18
6219.22677  1.00236e-16  5.13419e-18
6222.27479  9.74988e-17  5.05255e-18
6225.32280  9.89265e-17  5.12141e-18
6228.37082  9.69190e-17  5.20975e-18
6231.41883  1.00436e-16  5.18388e-18
6234.46685  9.87727e-17  5.19432e-18
6237.51487  9.94408e-17  5.26818e-18
6240.56288  1.00981e-16  5.29720e-18
6243.61090  1.01925e-16  5.22211e-18
6246.65891  9.82767e-17  5.14813e-18
6249.70693  9.93032e-17  5.08855e-18
6252.75495  1.01147e-16  5.14865e-18
6255.80296  1.07706e-16  5.20169e-18
6258.85098  1.03898e-16  5.21325e-18
6261.89899  9.56086e-17  5.12005e-18
6264.94701  9.46030e-17  5.02016e-18
6267.99503  9.60558e-17  4.98928e-18
6271.04304  9.38755e-17  4.96043e-18
6274.09106  9.09659e-17  4.83916e-18
6277.13907  8.87769e-17  4.83812e-18
6280.18709  9.83193e-17  5.01960e-18
6283.23511  9.55740e-17  5.02527e-18
6286.28312  9.36292e-17  4.90781e-18
6289.33114  1.01396e-16  5.36195e-18
6292.37916  1.01968e-16  6.19187e-18
6295.42717  1.01873e-16  6.50551e-18
6298.47519  9.45106e-17  6.46422e-18
6301.52320  1.05378e-16  6.68152e-18
6304.57122  1.11031e-16  6.81445e-18
6307.61924  9.75003e-17  5.97599e-18
6310.66725  8.77515e-17  4.84212e-18
6313.71527  9.81798e-17  5.09684e-18
6316.76328  1.05004e-16  5.07678e-18
6319.81130  9.50518e-17  4.96177e-18
6322.85932  9.74607e-17  5.07824e-18
6325.90733  9.60790e-17  5.04108e-18
6328.95535  9.65882e-17  5.00681e-18
6332.00336  9.94515e-17  5.08355e-18
6335.05138  9.17452e-17  4.95843e-18
6338.09940  9.56051e-17  4.91750e-18
6341.14741  9.21726e-17  4.88900e-18
6344.19543  8.94985e-17  4.84105e-18
6347.24344  8.73293e-17  4.82713e-18
6350.29146  9.11403e-17  4.92944e-18
6353.33948  9.42590e-17  5.11311e-18
6356.38749  8.70602e-17  5.30653e-18
6359.43551  1.01382e-16  5.53725e-18
6362.48352  1.10406e-16  5.69876e-18
6365.53154  1.01234e-16  5.56237e-18
6368.57956  9.46720e-17  5.43594e-18
6371.62757  9.31597e-17  5.20204e-18
6374.67559  8.76205e-17  4.75432e-18
6377.72361  8.78528e-17  4.75005e-18
6380.77162  7.88061e-17  4.62070e-18
6383.81964  8.97842e-17  4.80104e-18
6386.86765  9.45088e-17  4.91041e-18
6389.91567  8.82202e-17  4.83697e-18
6392.96369  8.81995e-17  4.81474e-18
6396.01170  9.15217e-17  4.76629e-18
6399.05972  8.41730e-17  4.70260e-18
6402.10773  9.75308e-17  4.92828e-18
6405.15575  1.02345e-16  5.00075e-18
6408.20377  9.65087e-17  4.90056e-18
6411.25178  8.96510e-17  4.78139e-18
6414.29980  8.62525e-17  4.77199e-18
6417.34781  9.02372e-17  4.85911e-18
6420.39583  8.59631e-17  4.76713e-18
6423.44385  8.55693e-17  4.78819e-18
6426.49186  8.59428e-17  4.78195e-18
6429.53988  8.56621e-17  4.75451e-18
6432.58789  9.26443e-17  4.84202e-18
6435.63591  9.16947e-17  4.88812e-18
6438.68393  8.41556e-17  4.75932e-18
6441.73194  8.37105e-17  4.74539e-18
6444.77996  8.27215e-17  4.78094e-18
6447.82797  8.67511e-17  4.81211e-18
6450.87599  8.63669e-17  4.78353e-18
6453.92401  7.98490e-17  4.72150e-18
6456.97202  8.87265e-17  4.85571e-18
6460.02004  9.76443e-17  5.09565e-18
6463.06806  8.62596e-17  4.96655e-18
6466.11607  8.83258e-17  4.97887e-18
6469.16409  8.63771e-17  4.95889e-18
6472.21210  8.02697e-17  4.85901e-18
6475.26012  8.10684e-17  4.79533e-18
6478.30814  7.61380e-17  4.65811e-18
6481.35615  8.06052e-17  4.67791e-18
6484.40417  8.19292e-17  4.69050e-18
6487.45218  8.09629e-17  4.73225e-18
6490.50020  8.61879e-17  4.86179e-18
6493.54822  8.87392e-17  4.96771e-18
6496.59623  9.17722e-17  5.00259e-18
6499.64425  9.62590e-17  5.09045e-18
6502.69226  8.72269e-17  4.99872e-18
6505.74028  8.69226e-17  4.93422e-18
6508.78830  8.76425e-17  4.84142e-18
6511.83631  8.96666e-17  4.79921e-18
6514.88433  8.95563e-17  4.81359e-18
6517.93234  8.34721e-17  4.74235e-18
6520.98036  8.24506e-17  4.73876e-18
6524.02838  8.79272e-17  4.86763e-18
6527.07639  8.83506e-17  4.89289e-18
6530.12441  9.00757e-17  4.91749e-18
6533.17242  9.16809e-17  4.97446e-18
6536.22044  8.56257e-17  4.94088e-18
6539.26846  8.38431e-17  4.88046e-18
6542.31647  8.65672e-17  4.83833e-18
6545.36449  8.45139e-17  4.89262e-18
6548.41251  8.30271e-17  4.91765e-18
6551.46052  8.55289e-17  4.89984e-18
6554.50854  8.29455e-17  4.90157e-18
6557.55655  8.25953e-17  4.97878e-18
6560.60457  9.11716e-17  5.04143e-18
6563.65259  8.66095e-17  4.88624e-18
6566.70060  8.94648e-17  5.01016e-18
6569.74862  8.85335e-17  4.99094e-18
6572.79663  8.56509e-17  4.88163e-18
6575.84465  8.97019e-17  4.98069e-18
6578.89267  9.26784e-17  4.94703e-18
6581.94068  8.94524e-17  4.90981e-18
6584.98870  8.65675e-17  4.82893e-18
6588.03671  8.87660e-17  4.82118e-18
6591.08473  9.48044e-17  4.88605e-18
6594.13275  9.09220e-17  4.81442e-18
6597.18076  7.99068e-17  4.73927e-18
6600.22878  8.79756e-17  4.89409e-18
6603.27679  8.27368e-17  4.80507e-18
6606.32481  8.37888e-17  4.80344e-18
6609.37283  8.69563e-17  4.80229e-18
6612.42084  8.68740e-17  4.77300e-18
6615.46886  9.08707e-17  4.84086e-18
6618.51687  9.16072e-17  4.84748e-18
6621.56489  8.49124e-17  4.73322e-18
6624.61291  9.17276e-17  4.91727e-18
6627.66092  8.53771e-17  4.82463e-18
6630.70894  7.75867e-17  4.65930e-18
6633.75696  8.40076e-17  4.77623e-18
6636.80497  8.73140e-17  4.83765e-18
6639.85299  8.21133e-17  4.76857e-18
6642.90100  8.09225e-17  4.73677e-18
6645.94902  8.79824e-17  4.82170e-18
6648.99704  8.73101e-17  4.84847e-18
6652.04505  8.38083e-17  4.75784e-18
6655.09307  8.05542e-17  4.70831e-18
6658.14108  7.57831e-17  4.69823e-18
6661.18910  7.72438e-17  4.70578e-18
6664.23712  8.07465e-17  4.72208e-18
6667.28513  8.39243e-17  4.76730e-18
6670.33315  8.10011e-17  4.69078e-18
6673.38116  7.98818e-17  4.65782e-18
6676.42918  8.71505e-17  4.80090e-18
6679.47720  8.42878e-17  4.71460e-18
6682.52521  8.73110e-17  4.75591e-18
6685.57323  8.52777e-17  4.75734e-18
6688.62124  7.80769e-17  4.69699e-18
6691.66926  7.85649e-17  4.71419e-18
6694.71728  8.24551e-17  4.78341e-18
6697.76529  9.16595e-17  4.88451e-18
6700.81331  8.21935e-17  4.77495e-18
6703.86132  7.94939e-17  4.72879e-18
6706.90934  7.68777e-17  4.66988e-18
6709.95736  7.88131e-17  4.71699e-18
6713.00537  8.90533e-17  4.85544e-18
6716.05339  8.75189e-17  4.82747e-18
6719.10141  8.42076e-17  4.80213e-18
6722.14942  7.97949e-17  4.77982e-18
6725.19744  7.80813e-17  4.74142e-18
6728.24545  7.75215e-17  4.68726e-18
6731.29347  7.97544e-17  4.69515e-18
6734.34149  8.39400e-17  4.76592e-18
6737.38950  8.23149e-17  4.76789e-18
6740.43752  8.86251e-17  4.85684e-18
6743.48553  8.43138e-17  4.79022e-18
6746.53355  7.94905e-17  4.69804e-18
6749.58157  8.09702e-17  4.76915e-18
6752.62958  8.50589e-17  4.87233e-18
6755.67760  7.91403e-17  4.77338e-18
6758.72561  7.82344e-17  4.70486e-18
6761.77363  7.54963e-17  4.63160e-18
6764.82165  7.98271e-17  4.71061e-18
6767.86966  8.18442e-17  4.76500e-18
6770.91768  7.98937e-17  4.76108e-18
6773.96569  8.28225e-17  4.81282e-18
6777.01371  7.39153e-17  4.72475e-18
6780.06173  7.48617e-17  4.70945e-18
6783.10974  7.93910e-17  4.74355e-18
6786.15776  8.13773e-17  4.82082e-18
6789.20577  8.23992e-17  4.80590e-18
6792.25379  7.79940e-17  4.68500e-18
6795.30181  7.69630e-17  4.70635e-18
6798.34982  7.46840e-17  4.64876e-18
6801.39784  7.52104e-17  4.70237e-18
6804.44586  7.77808e-17  4.73582e-18
6807.49387  8.24477e-17  4.82327e-18
6810.54189  8.69387e-17  4.89072e-18
6813.58990  7.71049e-17  4.75583e-18
6816.63792  7.84235e-17  4.79025e-18
6819.68594  8.08635e-17  4.94164e-18
6822.73395  7.78353e-17  5.04783e-18
6825.78197  8.08210e-17  5.23577e-18
6828.82998  8.20735e-17  5.29568e-18
6831.87800  7.52185e-17  5.16525e-18
6834.92602  8.61282e-17  5.36523e-18
6837.97403  8.52951e-17  5.17317e-18
6841.02205  8.28073e-17  5.03853e-18
6844.07006  8.32124e-17  4.95718e-18
6847.11808  8.59302e-17  4.93849e-18
6850.16610  8.71725e-17  4.91187e-18
6853.21411  7.88758e-17  4.82793e-18
6856.26213  8.54192e-17  5.23860e-18
6859.31014  8.74094e-17  5.24391e-18
6862.35816  8.85072e-17  5.13337e-18
6865.40618  9.05256e-17  5.08064e-18
6868.45419  8.60054e-17  4.86989e-18
6871.50221  8.70799e-17  4.54213e-18
6874.55022  7.80603e-17  4.48149e-18
6877.59824  7.98456e-17  4.58072e-18
6880.64626  8.22814e-17  4.70824e-18
6883.69427  7.91111e-17  4.75922e-18
6886.74229  8.52681e-17  4.80032e-18
6889.79031  8.90983e-17  4.80032e-18
6892.83832  8.22943e-17  4.68468e-18
6895.88634  7.60528e-17  4.64492e-18
6898.93435  8.31446e-17  4.72565e-18
6901.98237  9.45800e-17  4.91688e-18
6905.03039  9.16916e-17  5.01507e-18
6908.07840  8.67732e-17  4.95661e-18
6911.12642  8.94571e-17  5.02088e-18
6914.17443  8.60995e-17  5.07866e-18
6917.22245  8.22225e-17  5.13994e-18
6920.27047  8.24017e-17  5.05765e-18
6923.31848  8.36328e-17  5.04900e-18
6926.36650  8.39939e-17  5.10116e-18
6929.41451  7.92996e-17  4.99021e-18
6932.46253  8.38574e-17  4.90404e-18
6935.51055  8.34747e-17  4.94054e-18
6938.55856  8.54202e-17  5.04821e-18
6941.60658  8.02467e-17  5.09835e-18
6944.65459  7.91908e-17  5.11304e-18
6947.70261  8.60702e-17  5.18468e-18
6950.75063  7.98834e-17  5.11898e-18
6953.79864  7.48333e-17  5.02225e-18
6956.84666  8.21329e-17  4.95622e-18
6959.89467  8.40016e-17  4.90686e-18
6962.94269  7.92236e-17  4.96980e-18
6965.99071  8.65497e-17  5.08583e-18
6969.03872  7.51120e-17  5.00020e-18
6972.08674  8.57162e-17  5.29545e-18
6975.13476  8.63811e-17  5.25970e-18
6978.18277  8.84771e-17  5.16332e-18
6981.23079  8.69356e-17  5.17209e-18
6984.27880  7.49031e-17  5.01161e-18
6987.32682  8.06339e-17  4.96885e-18
6990.37484  8.60222e-17  4.96832e-18
6993.42285  8.48503e-17  4.97316e-18
6996.47087  7.88489e-17  5.01242e-18
6999.51888  7.48028e-17  4.95622e-18
7002.56690  7.72002e-17  5.04314e-18
7005.61492  8.37464e-17  5.20366e-18
7008.66293  7.79907e-17  5.12913e-18
7011.71095  7.93462e-17  5.12460e-18
7014.75896  8.32218e-17  5.11732e-18
7017.80698  8.30630e-17  5.06785e-18
7020.85500  8.09668e-17  5.03114e-18
7023.90301  8.36703e-17  5.06157e-18
7026.95103  9.00007e-17  5.18723e-18
7029.99904  8.28447e-17  5.09305e-18
7033.04706  8.76433e-17  5.16612e-18
7036.09508  8.65210e-17  5.13758e-18
7039.14309  7.66024e-17  5.04347e-18
7042.19111  8.54624e-17  5.25330e-18
7045.23912  9.05084e-17  5.30856e-18
7048.28714  8.32800e-17  5.24467e-18
7051.33516  8.26732e-17  5.23230e-18
7054.38317  8.99238e-17  5.32442e-18
7057.43119  9.06583e-17  5.35228e-18
7060.47921  8.70190e-17  5.28032e-18
7063.52722  8.90631e-17  5.34452e-18
7066.57524  9.20206e-17  5.35822e-18
7069.62325  8.52322e-17  5.22974e-18
7072.67127  8.52554e-17  5.22590e-18
7075.71929  9.18189e-17  5.33517e-18
7078.76730  9.10041e-17  5.31668e-18
7081.81532  8.34587e-17  5.22864e-18
7084.86333  8.44944e-17  5.19066e-18
7087.91135  9.03035e-17  5.25991e-18
7090.95937  8.62529e-17  5.22307e-18
7094.00738  8.21842e-17  5.19597e-18
7097.05540  8.74374e-17  5.23577e-18
7100.10341  8.31690e-17  5.15541e-18
7103.15143  9.18725e-17  5.35425e-18
7106.19945  8.66888e-17  5.24631e-18
7109.24746  7.67266e-17  5.08527e-18
7112.29548  7.77017e-17  5.09510e-18
7115.34349  8.53251e-17  5.16858e-18
7118.39151  9.10673e-17  5.26770e-18
7121.43953  8.02055e-17  5.15761e-18
7124.48754  8.12408e-17  5.21834e-18
7127.53556  8.92900e-17  5.36611e-18
7130.58357  9.09901e-17  5.37621e-18
7133.63159  8.38056e-17  5.23710e-18
7136.67961  7.63238e-17  5.14902e-18
7139.72762  8.59263e-17  5.26474e-18
7142.77564  8.73811e-17  5.23873e-18
7145.82366  8.10944e-17  5.12828e-18
7148.87167  8.59175e-17  5.22815e-18
7151.91969  8.94994e-17  5.31235e-18
7154.96770  7.64835e-17  5.06262e-18
7158.01572  7.48350e-17  5.05252e-18
7161.06374  7.45641e-17  5.07075e-18
7164.11175  7.96977e-17  5.08665e-18
7167.15977  9.23432e-17  5.14868e-18
7170.20778  9.19154e-17  5.07836e-18
7173.25580  8.09573e-17  4.92431e-18
7176.30382  8.10481e-17  4.94183e-18
7179.35183  8.83350e-17  4.98606e-18
7182.39985  8.13994e-17  4.86185e-18
7185.44786  7.66271e-17  4.77190e-18
7188.49588  8.05353e-17  4.82675e-18
7191.54390  7.92169e-17  4.81178e-18
7194.59191  8.48633e-17  4.90688e-18
7197.63993  8.70318e-17  4.92108e-18
7200.68794  8.68142e-17  4.92617e-18
7203.73596  8.52106e-17  4.99514e-18
7206.78398  7.85342e-17  5.04765e-18
7209.83199  7.57579e-17  5.04056e-18
7212.88001  7.93220e-17  5.14233e-18
7215.92802  7.40120e-17  5.00921e-18
7218.97604  7.52913e-17  5.05363e-18
7222.02406  7.67015e-17  5.08430e-18
7225.07207  7.44409e-17  4.97033e-18
7228.12009  8.06134e-17  5.14649e-18
7231.16811  8.63416e-17  5.54580e-18
7234.21612  7.39829e-17  5.65195e-18
7237.26414  7.79824e-17  5.96879e-18
7240.31215  8.61732e-17  6.22153e-18
7243.36017  7.88052e-17  6.10948e-18
7246.40819  7.35500e-17  5.89156e-18
7249.45620  7.31392e-17  5.63330e-18
7252.50422  7.43626e-17  5.23718e-18
7255.55223  8.22618e-17  5.17357e-18
7258.60025  8.36872e-17  5.21529e-18
7261.64827  7.37017e-17  5.08968e-18
7264.69628  7.53058e-17  5.19175e-18
7267.74430  7.16447e-17  5.62023e-18
7270.79231  6.68911e-17  5.62559e-18
7273.84033  7.00471e-17  5.75441e-18
7276.88835  7.01994e-17  5.97171e-18
7279.93636  6.58331e-17  5.92953e-18
7282.98438  6.88720e-17  5.60138e-18
7286.03239  7.42490e-17  5.45420e-18
7289.08041  7.43509e-17  5.36662e-18
7292.12843  7.38313e-17  5.23496e-18
7295.17644  7.49224e-17  5.28053e-18
7298.22446  7.62333e-17  5.39577e-18
7301.27247  7.43163e-17  5.30053e-18
7304.32049  7.73918e-17  5.31750e-18
7307.36851  8.78324e-17  5.78754e-18
7310.41652  7.68081e-17  5.80694e-18
7313.46454  7.58463e-17  5.81645e-18
7316.51256  8.23373e-17  5.98483e-18
7319.56057  7.04419e-17  5.87655e-18
7322.60859  6.46960e-17  5.80734e-18
7325.65660  7.19599e-17  5.59147e-18
7328.70462  6.95875e-17  5.57742e-18
7331.75264  7.01401e-17  5.94807e-18
7334.80065  7.10634e-17  6.11038e-18
7337.84867  6.25389e-17  5.81896e-18
7340.89668  6.71105e-17  5.87430e-18
7343.94470  7.48236e-17  6.08729e-18
7346.99272  8.23740e-17  5.87629e-18
7350.04073  7.79909e-17  5.53750e-18
7353.08875  7.31257e-17  5.45125e-18
7356.13676  7.45172e-17  5.49705e-18
7359.18478  7.75001e-17  5.75740e-18
7362.23280  7.54409e-17  6.02224e-18
7365.28081  7.35714e-17  5.89127e-18
7368.32883  7.50231e-17  5.78249e-18
7371.37684  7.40154e-17  5.85559e-18
7374.42486  6.71686e-17  5.60625e-18
7377.47288  6.40864e-17  5.15799e-18
7380.52089  6.53314e-17  5.15284e-18
7383.56891  7.09093e-17  5.38594e-18
7386.61692  6.70201e-17  5.37755e-18
7389.66494  6.47065e-17  5.35976e-18
7392.71296  7.07561e-17  5.66100e-18
7395.76097  7.67364e-17  5.88950e-18
7398.80899  7.06102e-17  5.72128e-18
7401.85701  6.54671e-17  5.49288e-18
7404.90502  6.77901e-17  5.52346e-18
7407.95304  6.98934e-17  5.46292e-18
7411.00105  6.57815e-17  5.10361e-18
7414.04907  6.39620e-17  5.10308e-18
7417.09709  6.13176e-17  5.06495e-18
7420.14510  6.74498e-17  5.22369e-18
7423.19312  7.19490e-17  5.39509e-18
7426.24113  6.68723e-17  5.37291e-18
7429.28915  6.80285e-17  5.46698e-18
7432.33717  7.07361e-17  5.59463e-18
7435.38518  6.89590e-17  5.53286e-18
7438.43320  6.25156e-17  5.36013e-18
7441.48121  6.19607e-17  5.34092e-18
7444.52923  7.03617e-17  5.42817e-18
7447.57725  7.61260e-17  5.30182e-18
7450.62526  6.56561e-17  5.10181e-18
7453.67328  5.82401e-17  5.13330e-18
7456.72129  6.85189e-17  5.39759e-18
7459.76931  7.40321e-17  5.50804e-18
7462.81733  7.12865e-17  5.52562e-18
7465.86534  7.51194e-17  5.70287e-18
7468.91336  7.12755e-17  5.70497e-18
7471.96137  6.86784e-17  5.70300e-18
7475.00939  6.80050e-17  5.73543e-18
7478.05741  6.35361e-17  5.60357e-18
7481.10542  6.39610e-17  5.46458e-18
7484.15344  7.30494e-17  5.64410e-18
7487.20146  6.79709e-17  5.53348e-18
7490.24947  6.60560e-17  5.37507e-18
7493.29749  6.48084e-17  5.20691e-18
7496.34550  6.33576e-17  5.19889e-18
7499.39352  6.95165e-17  5.31684e-18
7502.44154  7.38015e-17  5.27767e-18
7505.48955  6.92357e-17  5.27090e-18
7508.53757  6.87661e-17  5.23084e-18
7511.58558  6.93762e-17  5.37200e-18
7514.63360  6.46244e-17  5.58733e-18
7517.68162  5.76855e-17  5.67527e-18
7520.72963  5.94130e-17  5.78846e-18
7523.77765  6.79150e-17  6.04550e-18
7526.82566  6.47157e-17  5.95894e-18
7529.87368  6.22170e-17  5.69213e-18
7532.92170  6.65904e-17  5.50793e-18
7535.96971  6.47607e-17  5.38591e-18
7539.01773  6.09622e-17  5.18419e-18
7542.06574  6.40104e-17  5.19378e-18
7545.11376  6.75147e-17  5.22761e-18
7548.16178  6.77320e-17  5.31832e-18
7551.20979  6.41574e-17  5.33600e-18
7554.25781  5.98741e-17  5.18583e-18
7557.30582  6.24404e-17  5.27740e-18
7560.35384  7.01621e-17  5.49753e-18
7563.40186  7.20721e-17  5.69029e-18
7566.44987  6.19140e-17  5.62153e-18
7569.49789  6.01002e-17  5.53432e-18
7572.54591  7.46216e-17  5.73540e-18
7575.59392  6.50118e-17  5.63175e-18
7578.64194  6.09635e-17  5.38747e-18
7581.68995  6.59936e-17  5.36687e-18
7584.73797  6.76767e-17  5.30137e-18
7587.78599  6.44357e-17  5.02632e-18
7590.83400  6.09172e-17  4.79170e-18
7593.88202  6.63711e-17  4.43154e-18
7596.93003  7.86763e-17  4.17930e-18
7599.97805  8.37311e-17  3.98289e-18
7603.02607  6.49501e-17  3.71090e-18
7606.07408  6.34834e-17  3.70309e-18
7609.12210  7.65435e-17  4.06637e-18
7612.17011  5.39526e-17  4.15531e-18
7615.21813  5.69922e-17  4.37133e-18
7618.26615  5.52636e-17  4.56336e-18
7621.31416  5.96463e-17  4.64173e-18
7624.36218  6.63156e-17  4.51800e-18
7627.41019  5.18099e-17  4.24185e-18
7630.45821  6.57291e-17  4.28953e-18
7633.50623  6.58816e-17  4.25735e-18
7636.55424  6.88884e-17  4.27119e-18
7639.60226  7.01462e-17  4.37447e-18
7642.65027  6.36891e-17  4.44035e-18
7645.69829  6.64805e-17  4.62714e-18
7648.74631  6.17822e-17  4.58444e-18
7651.79432  6.52686e-17  4.85697e-18
7654.84234  5.74470e-17  4.93545e-18
7657.89036  5.20812e-17  4.86188e-18
7660.93837  6.02086e-17  5.00399e-18
7663.98639  5.09184e-17  4.92357e-18
7667.03440  6.32865e-17  5.11688e-18
7670.08242  6.32858e-17  4.93207e-18
7673.13044  5.36431e-17  4.78283e-18
7676.17845  5.40459e-17  4.94135e-18
7679.22647  5.82537e-17  4.98036e-18
7682.27448  5.92424e-17  5.09548e-18
7685.32250  6.34352e-17  5.19647e-18
7688.37052  7.19109e-17  5.33484e-18
7691.41853  6.61505e-17  5.31709e-18
7694.46655  5.69554e-17  5.12895e-18
7697.51456  6.57301e-17  5.27553e-18
7700.56258  6.01792e-17  5.26281e-18
7703.61060  6.36191e-17  5.73804e-18
7706.65861  6.31260e-17  6.28850e-18
7709.70663  5.45596e-17  6.48787e-18
7712.75464  5.23933e-17  6.54823e-18
7715.80266  5.95651e-17  6.73783e-18
7718.85068  6.98300e-17  6.62830e-18
7721.89869  6.51839e-17  6.07947e-18
7724.94671  6.42220e-17  5.66647e-18
7727.99472  6.52061e-17  5.47921e-18
7731.04274  5.49699e-17  5.19978e-18
7734.09076  5.68637e-17  5.12062e-18
7737.13877  6.26340e-17  5.16903e-18
7740.18679  6.10362e-17  5.84354e-18
7743.23481  5.87260e-17  6.26935e-18
7746.28282  6.23426e-17  6.28832e-18
7749.33084  6.60936e-17  6.41948e-18
7752.37885  6.79685e-17  6.68849e-18
7755.42687  5.94558e-17  6.27853e-18
7758.47489  5.97226e-17  5.76953e-18
7761.52290  6.90863e-17  5.76524e-18
7764.57092  6.77859e-17  5.73253e-18
7767.61893  5.16371e-17  5.29442e-18
7770.66695  5.11020e-17  5.41603e-18
7773.71497  4.97089e-17  5.47164e-18
7776.76298  5.78927e-17  5.60947e-18
7779.81100  5.97180e-17  5.58729e-18
7782.85901  5.58640e-17  5.61673e-18
7785.90703  6.25048e-17  6.17372e-18
7788.95505  5.55008e-17  5.92920e-18
7792.00306  4.94926e-17  5.74336e-18
7795.05108  5.03549e-17  5.82759e-18
7798.09909  5.32436e-17  5.85096e-18
7801.14711  5.66592e-17  5.76338e-18
7804.19513  5.59028e-17  5.50887e-18
7807.24314  5.80216e-17  5.48758e-18
7810.29116  5.81070e-17  5.97596e-18
7813.33917  5.58423e-17  6.20783e-18
7816.38719  5.30411e-17  6.05348e-18
7819.43521  5.64040e-17  6.07968e-18
7822.48322  6.01796e-17  6.14342e-18
7825.53124  6.29650e-17  6.05159e-18
7828.57926  5.76192e-17  5.50708e-18
7831.62727  5.35509e-17  5.21372e-18
7834.67529  5.61873e-17  5.45124e-18
7837.72330  5.31668e-17  5.45945e-18
7840.77132  5.14935e-17  5.57252e-18
7843.81934  6.08559e-17  6.40418e-18
7846.86735  5.84349e-17  6.60224e-18
7849.91537  6.12970e-17  6.62421e-18
7852.96338  7.09575e-17  7.07390e-18
7856.01140  6.42996e-17  6.90318e-18
7859.05942  6.98590e-17  6.70326e-18
7862.10743  5.41079e-17  6.40918e-18
7865.15545  5.91020e-17  6.31735e-18
7868.20346  7.29255e-17  6.30604e-18
7871.25148  5.79353e-17  6.20276e-18
7874.29950  6.46649e-17  6.29102e-18
7877.34751  6.89241e-17  6.05929e-18
7880.39553  6.08098e-17  6.03008e-18
7883.44354  5.93214e-17  6.17521e-18
7886.49156  6.49758e-17  6.10447e-18
7889.53958  5.92318e-17  5.82985e-18
7892.58759  4.92902e-17  5.56241e-18
7895.63561  5.11945e-17  5.41664e-18
7898.68362  5.16941e-17  5.08742e-18
7901.73164  5.11733e-17  5.40204e-18
7904.77966  5.66190e-17  6.38197e-18
7907.82767  6.29926e-17  6.76267e-18
7910.87569  5.77819e-17  6.95807e-18
7913.92371  6.08781e-17  7.21972e-18
7916.97172  6.13585e-17  7.10279e-18
7920.01974  6.06369e-17  6.62144e-18
7923.06775  6.24553e-17  6.27128e-18
7926.11577  6.13886e-17  6.01159e-18
7929.16379  6.74236e-17  5.89965e-18
7932.21180  6.57317e-17  5.77714e-18
7935.25982  6.15321e-17  5.67394e-18
7938.30783  6.56320e-17  5.54699e-18
7941.35585  6.01353e-17  5.51428e-18
7944.40387  6.34213e-17  5.65175e-18
7947.45188  5.96464e-17  5.56167e-18
7950.49990  5.76924e-17  5.51584e-18
7953.54791  5.89875e-17  5.87000e-18
7956.59593  5.83877e-17  6.31319e-18
7959.64395  5.21620e-17  6.25652e-18
7962.69196  6.06722e-17  6.29161e-18
7965.73998  7.38346e-17  6.57743e-18
7968.78799  7.27443e-17  6.56427e-18
7971.83601  6.34645e-17  6.15832e-18
7974.88403  5.89731e-17  5.82545e-18
7977.93204  5.04689e-17  5.64814e-18
7980.98006  6.14963e-17  6.04520e-18
7984.02807  6.94304e-17  6.62399e-18
7987.07609  6.72544e-17  6.73498e-18
7990.12411  6.59912e-17  6.55607e-18
7993.17212  6.46142e-17  6.64495e-18
7996.22014  5.21713e-17  6.37327e-18
7999.26816  5.51835e-17  5.75301e-18
8002.31617  5.72221e-17  5.36312e-18
8005.36419  4.93516e-17  5.34650e-18
8008.41220  5.10793e-17  5.41477e-18
8011.46022  6.13847e-17  5.67826e-18
8014.50824  5.29350e-17  5.90328e-18
8017.55625  5.86030e-17  6.42459e-18
8020.60427  6.21609e-17  6.51364e-18
8023.65228  5.84804e-17  6.23427e-18
8026.70030  6.57779e-17  6.35624e-18
8029.74832  6.00125e-17  6.05665e-18
8032.79633  5.88195e-17  5.56924e-18
8035.84435  6.23790e-17  5.29007e-18
8038.89236  5.65511e-17  5.21771e-18
8041.94038  5.02874e-17  5.27281e-18
8044.98840  5.56368e-17  5.45324e-18
8048.03641  5.92542e-17  5.43817e-18
8051.08443  6.04233e-17  5.73445e-18
8054.13244  6.38432e-17  6.05003e-18
8057.18046  6.25892e-17  5.98196e-18
8060.22848  5.79601e-17  5.71779e-18
8063.27649  6.23418e-17  5.87675e-18
8066.32451  5.81504e-17  5.66268e-18
8069.37252  6.16227e-17  5.43010e-18
8072.42054  6.80281e-17  5.40702e-18
8075.46856  6.20758e-17  5.37189e-18
8078.51657  6.02820e-17  5.26860e-18
8081.56459  5.31971e-17  5.29535e-18
8084.61261  5.16311e-17  5.30838e-18
8087.66062  5.45703e-17  5.35032e-18
8090.70864  5.50486e-17  5.49113e-18
8093.75665  5.74211e-17  5.62338e-18
8096.80467  6.33130e-17  5.74461e-18
8099.85269  5.79819e-17  5.69422e-18
8102.90070  5.74900e-17  5.55385e-18
8105.94872  5.60411e-17  5.44106e-18
8108.99673  5.04797e-17  5.29987e-18
8112.04475  5.20296e-17  5.18188e-18
8115.09277  5.73637e-17  5.28223e-18
8118.14078  5.28454e-17  5.16789e-18
8121.18880  4.88311e-17  5.07523e-18
8124.23681  5.04867e-17  5.10822e-18
8127.28483  5.15979e-17  5.15649e-18
8130.33285  4.95254e-17  5.15469e-18
8133.38086  5.27645e-17  5.29010e-18
8136.42888  4.83864e-17  5.16377e-18
8139.47689  4.68783e-17  5.14164e-18
8142.52491  5.42520e-17  5.32595e-18
8145.57293  5.57896e-17  5.32410e-18
8148.62094  5.29811e-17  5.20990e-18
8151.66896  4.92638e-17  5.04380e-18
8154.71697  5.10153e-17  5.02286e-18
8157.76499  5.19837e-17  5.02930e-18
8160.81301  4.88733e-17  4.98910e-18
8163.86102  4.40759e-17  4.92646e-18
8166.90904  4.40408e-17  4.89855e-18
8169.95706  5.16717e-17  5.07369e-18
8173.00507  5.18264e-17  5.09013e-18
8176.05309  4.64651e-17  5.00481e-18
8179.10110  4.82185e-17  5.11454e-18
8182.14912  4.79161e-17  5.12871e-18
8185.19714  5.07325e-17  5.26221e-18
8188.24515  5.14597e-17  5.28348e-18
8191.29317  5.01022e-17  5.21936e-18
8194.34118  4.78051e-17  5.24495e-18
8197.38920  5.22743e-17  5.30829e-18
8200.43722  5.36402e-17  5.26017e-18
8203.48523  5.59363e-17  5.34644e-18
8206.53325  5.59229e-17  5.33041e-18
8209.58126  5.34216e-17  5.24680e-18
8212.62928  4.48904e-17  5.09491e-18
8215.67730  3.92310e-17  4.90538e-18
8218.72531  4.83803e-17  5.09204e-18
8221.77333  4.95938e-17  5.15732e-18
8224.82134  4.59768e-17  5.10498e-18
8227.86936  4.33863e-17  5.05569e-18
8230.91738  3.39058e-17  4.72916e-18
8233.96539  4.05486e-17  4.88414e-18
8237.01341  5.57662e-17  5.31766e-18
8240.06142  5.91135e-17  5.46068e-18
8243.10944  5.19833e-17  5.27474e-18
8246.15746  4.67535e-17  5.15560e-18
8249.20547  4.50731e-17  5.10445e-18
8252.25349  4.28024e-17  5.10623e-18
8255.30151  4.46895e-17  5.09103e-18
8258.34952  4.90324e-17  5.18823e-18
8261.39754  5.15045e-17  5.24149e-18
8264.44555  5.10503e-17  5.24429e-18
8267.49357  5.41041e-17  5.41254e-18
8270.54159  5.04426e-17  5.91447e-18
8273.58960  5.14205e-17  6.29082e-18
8276.63762  5.54508e-17  6.71759e-18
8279.68563  5.12341e-17  7.20484e-18
8282.73365  3.81981e-17  7.08170e-18
8285.78167  4.01131e-17  7.22125e-18
8288.82968  4.93054e-17  7.51268e-18
8291.87770  5.05364e-17  7.48150e-18
8294.92571  4.42575e-17  7.09498e-18
8297.97373  4.48440e-17  6.67594e-18
8301.02175  4.13124e-17  6.67193e-18
8304.06976  4.35963e-17  6.44285e-18
8307.11778  4.71036e-17  5.92957e-18
8310.16579  4.48472e-17  5.67401e-18
8313.21381  5.29272e-17  5.76203e-18
8316.26183  5.85746e-17  5.73465e-18
8319.30984  5.15448e-17  5.42328e-18
8322.35786  4.86984e-17  5.29350e-18
8325.40587  5.13801e-17  5.39996e-18
8328.45389  5.62777e-17  5.39201e-18
8331.50191  5.29801e-17  5.63618e-18
8334.54992  5.03138e-17  7.01835e-18
8337.59794  6.12071e-17  8.03238e-18
8340.64596  6.57374e-17  8.24113e-18
8343.69397  4.61514e-17  8.36186e-18
8346.74199  5.24010e-17  8.64139e-18
8349.79000  4.60394e-17  7.95148e-18
8352.83802  5.12120e-17  6.99675e-18
8355.88604  5.02152e-17  6.57577e-18
8358.93405  4.89935e-17  6.34639e-18
8361.98207  5.21133e-17  5.91390e-18
8365.03008  4.95453e-17  5.83023e-18
8368.07810  5.24206e-17  5.79799e-18
8371.12612  5.09017e-17  5.88135e-18
8374.17413  4.64602e-17  6.06256e-18
8377.22215  4.44420e-17  6.10034e-18
8380.27016  4.43090e-17  5.97957e-18
8383.31818  5.53168e-17  6.26063e-18
8386.36620  5.67597e-17  6.40439e-18
8389.41421  5.74434e-17  7.01663e-18
8392.46223  6.50185e-17  7.64169e-18
8395.51024  4.81030e-17  7.40321e-18
8398.55826  3.83628e-17  7.26184e-18
8401.60628  4.05210e-17  7.16881e-18
8404.65429  4.99624e-17  7.01160e-18
8407.70231  5.29110e-17  6.62936e-18
8410.75032  5.27237e-17  6.27660e-18
8413.79834  6.17226e-17  6.52967e-18
8416.84636  6.06330e-17  6.52037e-18
8419.89437  5.51568e-17  7.28662e-18
8422.94239  6.17580e-17  7.96767e-18
8425.99041  5.79550e-17  7.94868e-18
8429.03842  5.26037e-17  7.78314e-18
8432.08644  5.32642e-17  7.71771e-18
8435.13445  5.39103e-17  7.41179e-18
8438.18247  5.21710e-17  6.57442e-18
8441.23049  5.85342e-17  6.18087e-18
8444.27850  6.52746e-17  6.83934e-18
8447.32652  5.66203e-17  6.76188e-18
8450.37453  4.41770e-17  6.54468e-18
8453.42255  4.30763e-17  6.79765e-18
8456.47057  5.07006e-17  7.42511e-18
8459.51858  5.67535e-17  7.70738e-18
8462.56660  5.05550e-17  7.38192e-18
8465.61461  5.72937e-17  7.49780e-18
8468.66263  5.42449e-17  7.38425e-18
8471.71065  4.72487e-17  6.57208e-18
8474.75866  4.64418e-17  5.65516e-18
8477.80668  5.04400e-17  5.52149e-18
8480.85469  5.38263e-17  5.71324e-18
8483.90271  6.19481e-17  6.06192e-18
8486.95073  6.22132e-17  6.29743e-18
8489.99874  5.60964e-17  6.27048e-18
8493.04676  4.95985e-17  6.35294e-18
8496.09477  5.48190e-17  6.97962e-18
8499.14279  4.85845e-17  6.95015e-18
8502.19081  4.85811e-17  6.76344e-18
8505.23882  5.31455e-17  6.75528e-18
8508.28684  5.25046e-17  6.69200e-18
8511.33486  6.39802e-17  6.45055e-18
8514.38287  5.55037e-17  5.81890e-18
8517.43089  5.17662e-17  5.59808e-18
8520.47890  5.38996e-17  5.66696e-18
8523.52692  5.03013e-17  5.59571e-18
8526.57494  5.42664e-17  5.65996e-18
8529.62295  5.88073e-17  5.93031e-18
8532.67097  4.62071e-17  5.69671e-18
8535.71898  4.72076e-17  5.77651e-18
8538.76700  5.99982e-17  6.32870e-18
8541.81502  5.68108e-17  6.49406e-18
8544.86303  4.26988e-17  6.14022e-18
8547.91105  5.09388e-17  6.16363e-18
8550.95906  6.10382e-17  6.32208e-18
8554.00708  5.72732e-17  6.07577e-18
8557.05510  4.33119e-17  5.55148e-18
8560.10311  4.41712e-17  5.46511e-18
8563.15113  5.31420e-17  5.68610e-18
8566.19914  4.66456e-17  5.64934e-18
8569.24716  4.75770e-17  5.59997e-18
8572.29518  5.15156e-17  5.70174e-18
8575.34319  4.56897e-17  5.59710e-18
8578.39121  4.87740e-17  5.75407e-18
8581.43922  5.81739e-17  5.99616e-18
8584.48724  5.65772e-17  5.95285e-18
8587.53526  5.34181e-17  5.97561e-18
8590.58327  6.03582e-17  6.20101e-18
8593.63129  5.96376e-17  6.17782e-18
8596.67931  5.38149e-17  6.04273e-18
8599.72732  5.04986e-17  5.87486e-18
8602.77534  4.77990e-17  5.68298e-18
8605.82335  4.79617e-17  5.70090e-18
8608.87137  5.77285e-17  6.00120e-18
8611.91939  6.33108e-17  6.25160e-18
8614.96740  5.73268e-17  6.48483e-18
8618.01542  4.94132e-17  6.58609e-18
8621.06343  4.64438e-17  6.69259e-18
8624.11145  5.37682e-17  7.04141e-18
8627.15947  6.39435e-17  7.27872e-18
8630.20748  4.72184e-17  6.91713e-18
8633.25550  4.36735e-17  6.69970e-18
8636.30351  5.26484e-17  6.70990e-18
8639.35153  4.49056e-17  6.41516e-18
8642.39955  4.36494e-17  6.40467e-18
8645.44756  4.63970e-17  6.51059e-18
8648.49558  5.81181e-17  6.90326e-18
8651.54359  6.42092e-17  7.19094e-18
8654.59161  5.13494e-17  7.05897e-18
8657.63963  5.28660e-17  7.05142e-18
8660.68764  5.47635e-17  7.03526e-18
8663.73566  4.75290e-17  6.93424e-18
8666.78367  3.93644e-17  6.67730e-18
8669.83169  4.38696e-17  6.60624e-18
8672.87971  6.37202e-17  6.88738e-18
8675.92772  6.01324e-17  6.58553e-18
8678.97574  5.29699e-17  6.31755e-18
8682.02376  5.49414e-17  6.29838e-18
8685.07177  5.56076e-17  6.11788e-18
8688.11979  5.26561e-17  5.82242e-18
8691.16780  5.11317e-17  5.87042e-18
8694.21582  5.45200e-17  6.05199e-18
8697.26384  5.31089e-17  6.05416e-18
8700.31185  5.43320e-17  5.95857e-18
8703.35987  5.41491e-17  5.94345e-18
8706.40788  4.71628e-17  5.75888e-18
8709.45590  4.97391e-17  5.86572e-18
8712.50392  5.59352e-17  6.01101e-18
8715.55193  5.25410e-17  5.81829e-18
8718.59995  4.47869e-17  5.58477e-18
8721.64796  5.25762e-17  5.84698e-18
8724.69598  5.24595e-17  5.93247e-18
8727.74400  5.71386e-17  5.98771e-18
8730.79201  5.86510e-17  5.97658e-18
8733.84003  4.96849e-17  5.83269e-18
8736.88804  5.09045e-17  5.76591e-18
8739.93606  5.51574e-17  5.92804e-18
8742.98408  4.89163e-17  5.94857e-18
8746.03209  4.51697e-17  5.84623e-18
8749.08011  5.44914e-17  6.25391e-18
8752.12812  5.70764e-17  7.22064e-18
8755.17614  4.31530e-17  7.79127e-18
8758.22416  5.35761e-17  8.83389e-18
8761.27217  6.07250e-17  9.50902e-18
8764.32019  5.07590e-17  9.41458e-18
8767.36821  4.22425e-17  9.44280e-18
8770.41622  5.69254e-17  9.80747e-18
8773.46424  4.88365e-17  9.44624e-18
8776.51225  4.44157e-17  8.75472e-18
8779.56027  5.84856e-17  8.42370e-18
8782.60829  5.64663e-17  8.28953e-18
8785.65630  4.60087e-17  7.60321e-18
8788.70432  5.39695e-17  6.98969e-18
8791.75233  5.81282e-17  6.73088e-18
8794.80035  5.51100e-17  6.66139e-18
8797.84837  4.66518e-17  6.38466e-18
8800.89638  3.62040e-17  5.83676e-18
8803.94440  4.74056e-17  6.00348e-18
8806.99241  5.60355e-17  6.13457e-18
8810.04043  4.89458e-17  6.07763e-18
8813.08845  5.35410e-17  6.25649e-18
8816.13646  5.79037e-17  7.14410e-18
8819.18448  6.34874e-17  9.20991e-18
8822.23249  5.82216e-17  9.93669e-18
8825.28051  5.49402e-17  1.02202e-17
8828.32853  5.92510e-17  1.08208e-17
8831.37654  5.69816e-17  1.07163e-17
8834.42456  3.41318e-17  9.52303e-18
8837.47257  4.06069e-17  8.27042e-18
8840.52059  4.96401e-17  7.81209e-18
8843.56861  4.41410e-17  7.55363e-18
8846.61662  4.85308e-17  6.81463e-18
8849.66464  4.74495e-17  6.54725e-18
8852.71266  4.35092e-17  6.56209e-18
8855.76067  4.72113e-17  6.66349e-18
8858.80869  5.37288e-17  6.92192e-18
8861.85670  4.82641e-17  7.22763e-18
8864.90472  5.30649e-17  7.24908e-18
8867.95274  4.00988e-17  7.11113e-18
8871.00075  4.85901e-17  7.16561e-18
8874.04877  5.73190e-17  7.34638e-18
8877.09678  5.02133e-17  7.85625e-18
8880.14480  4.28399e-17  8.81817e-18
8883.19282  3.82585e-17  8.69783e-18
8886.24083  3.94065e-17  8.77644e-18
8889.28885  4.56957e-17  8.97875e-18
8892.33686  5.25525e-17  8.44890e-18
8895.38488  4.97117e-17  7.83153e-18
8898.43290  6.00830e-17  7.69199e-18
8901.48091  5.17805e-17  7.59666e-18
8904.52893  3.68690e-17  7.39132e-18
8907.57694  4.52960e-17  7.58244e-18
8910.62496  5.67564e-17  8.45230e-18
8913.67298  3.82790e-17  9.07851e-18
8916.72099  4.50532e-17  9.44925e-18
8919.76901  5.64655e-17  9.52471e-18
8922.81702  5.23822e-17  9.24303e-18
8925.86504  4.40434e-17  8.53346e-18
8928.91306  4.41291e-17  7.23464e-18
8931.96107  4.57358e-17  6.43699e-18
8935.00909  3.94922e-17  6.69610e-18
8938.05711  4.38995e-17  7.28518e-18
8941.10512  5.17744e-17  7.47048e-18
8944.15314  3.75707e-17  7.31109e-18
8947.20115  4.01407e-17  7.44910e-18
8950.24917  4.92770e-17  8.25491e-18
8953.29719  5.23115e-17  8.82745e-18
8956.34520  4.90025e-17  8.57975e-18
8959.39322  4.60943e-17  8.57130e-18
8962.44123  4.67769e-17  8.36135e-18
8965.48925  4.66930e-17  7.58715e-18
8968.53727  3.55702e-17  6.38769e-18
8971.58528  3.11559e-17  5.73109e-18
8974.63330  4.72857e-17  6.06579e-18
8977.68131  4.28953e-17  6.08963e-18
8980.72933  4.08655e-17  6.39865e-18
8983.77735  4.25843e-17  6.74997e-18
8986.82536  2.88257e-17  6.41444e-18
8989.87338  3.70699e-17  6.56814e-18
8992.92139  3.64993e-17  7.20964e-18
8995.96941  3.43086e-17  7.55077e-18
8999.01743  3.40481e-17  7.50174e-18
9002.06544  4.02611e-17  7.38696e-18
9005.11346  3.56342e-17  7.22985e-18
9008.16147  4.01864e-17  6.93209e-18
9011.20949  3.99203e-17  6.27810e-18
9014.25751  3.28468e-17  5.67437e-18
9017.30552  3.45018e-17  5.72404e-18
9020.35354  3.95249e-17  5.83217e-18
9023.40156  3.39114e-17  5.58359e-18
9026.44957  3.73417e-17  5.80686e-18
9029.49759  3.89529e-17  6.03209e-18
9032.54560  3.44633e-17  6.12853e-18
9035.59362  4.28740e-17  6.50083e-18
9038.64164  3.98859e-17  6.55163e-18
9041.68965  3.86557e-17  6.85032e-18
9044.73767  4.35593e-17  7.11664e-18
9047.78568  4.56001e-17  7.02404e-18
9050.83370  4.74222e-17  7.04328e-18
9053.88172  3.96782e-17  6.76129e-18
9056.92973  3.78841e-17  6.47316e-18
9059.97775  3.79901e-17  6.21611e-18
9063.02576  3.47076e-17  5.96780e-18
9066.07378  3.94580e-17  5.94180e-18
9069.12180  4.37044e-17  6.06988e-18
9072.16981  3.62133e-17  6.04114e-18
9075.21783  3.04154e-17  5.74799e-18
9078.26584  3.19193e-17  5.54856e-18
9081.31386  3.13626e-17  5.58346e-18
9084.36188  2.83589e-17  5.72455e-18
9087.40989  3.39907e-17  5.96262e-18
9090.45791  3.34120e-17  6.00478e-18
9093.50592  3.31473e-17  5.92773e-18
9096.55394  3.88757e-17  6.28231e-18
9099.60196  3.29925e-17  6.25229e-18
9102.64997  3.18521e-17  6.16211e-18
9105.69799  3.68546e-17  6.23258e-18
9108.74601  3.53288e-17  6.06005e-18
9111.79402  2.01969e-17  5.63378e-18
9114.84204  4.51426e-17  6.18390e-18
9117.89005  4.56624e-17  6.11198e-18
9120.93807  3.09221e-17  5.71280e-18
9123.98609  3.07476e-17  5.67777e-18
9127.03410  3.10300e-17  5.76602e-18
9130.08212  2.89196e-17  5.68973e-18
9133.13013  2.73279e-17  5.56988e-18
9136.17815  2.91104e-17  5.56176e-18
9139.22617  2.94870e-17  5.64708e-18
9142.27418  3.27871e-17  5.85946e-18
9145.32220  3.30252e-17  5.82089e-18
9148.37021  2.80714e-17  5.76205e-18
9151.41823  2.68625e-17  5.82148e-18
9154.46625  3.20685e-17  6.07050e-18
9157.51426  3.92468e-17  6.17924e-18
9160.56228  1.89400e-17  5.71422e-18
9163.61029  2.48981e-17  5.82615e-18
9166.65831  4.09722e-17  6.21685e-18
9169.70633  4.14768e-17  6.10050e-18
9172.75434  3.27688e-17  5.82763e-18
9175.80236  4.40795e-17  6.11391e-18
9178.85037  2.71567e-17  5.73663e-18
9181.89839  1.77514e-17  5.40692e-18
9184.94641  3.24555e-17  5.74090e-18
9187.99442  3.90412e-17  5.95496e-18
9191.04244  3.13968e-17  5.83933e-18
9194.09046  3.24328e-17  5.91675e-18
9197.13847  3.84536e-17  6.10122e-18
9200.18649  3.91418e-17  6.03871e-18
9203.23450  2.92386e-17  5.89661e-18
9206.28252  3.77348e-17  6.09367e-18
9209.33054  3.61043e-17  5.99676e-18
9212.37855  2.96934e-17  5.84849e-18
9215.42657  3.42821e-17  6.09232e-18
9218.47458  3.08091e-17  6.08733e-18
9221.52260  1.92642e-17  5.81512e-18
9224.57062  2.71389e-17  5.99163e-18
9227.61863  3.97881e-17  6.28375e-18
9230.66665  3.88730e-17  6.21538e-18
9233.71466  3.23499e-17  5.97895e-18
9236.76268  3.65530e-17  5.89885e-18
9239.81070  3.99727e-17  6.07071e-18
9242.85871  3.53478e-17  5.96174e-18
9245.90673  2.96855e-17  5.78780e-18
9248.95474  3.30125e-17  5.90458e-18
9252.00276  2.55651e-17  5.79023e-18
9255.05078  2.80309e-17  5.87854e-18
9258.09879  3.12678e-17  6.00050e-18
9261.14681  2.89562e-17  5.86225e-18
9264.19482  2.99267e-17  5.96864e-18
9267.24284  3.82412e-17  6.09659e-18
9270.29086  3.06549e-17  5.81839e-18
9273.33887  2.63422e-17  5.75139e-18