3500.0000 2.812020e-15 
3501.8132 2.861633e-15 
3503.6263 2.935736e-15 
3505.4395 2.952048e-15 
3507.2527 2.955026e-15 
3509.0659 2.989968e-15 
3510.8790 2.979222e-15 
3512.6922 2.936957e-15 
3514.5054 2.962343e-15 
3516.3186 3.002733e-15 
3518.1317 3.058802e-15 
3519.9449 3.004024e-15 
3521.7581 2.904964e-15 
3523.5713 2.977597e-15 
3525.3844 3.028106e-15 
3527.1976 2.898077e-15 
3529.0108 2.912015e-15 
3530.8240 2.922553e-15 
3532.6371 2.820268e-15 
3534.4503 2.852894e-15 
3536.2635 2.972651e-15 
3538.0767 2.951023e-15 
3539.8898 2.886654e-15 
3541.7030 2.856095e-15 
3543.5162 2.882049e-15 
3545.3294 2.831044e-15 
3547.1425 2.865131e-15 
3548.9557 3.033432e-15 
3550.7689 2.975964e-15 
3552.5821 2.830612e-15 
3554.3952 2.887161e-15 
3556.2084 2.894881e-15 
3558.0216 2.812148e-15 
3559.8348 2.828839e-15 
3561.6479 2.865838e-15 
3563.4611 2.932854e-15 
3565.2743 2.941901e-15 
3567.0874 2.894227e-15 
3568.9006 2.816565e-15 
3570.7138 2.748210e-15 
3572.5270 2.731518e-15 
3574.3401 2.753276e-15 
3576.1533 2.698425e-15 
3577.9665 2.719630e-15 
3579.7797 2.780227e-15 
3581.5928 2.753657e-15 
3583.4060 2.716166e-15 
3585.2192 2.681584e-15 
3587.0324 2.723291e-15 
3588.8455 2.708336e-15 
3590.6587 2.686439e-15 
3592.4719 2.762412e-15 
3594.2851 2.797720e-15 
3596.0982 2.777136e-15 
3597.9114 2.706244e-15 
3599.7246 2.670577e-15 
3601.5378 2.649085e-15 
3603.3509 2.724564e-15 
3605.1641 2.751462e-15 
3606.9773 2.688334e-15 
3608.7905 2.692792e-15 
3610.6036 2.656682e-15 
3612.4168 2.720184e-15 
3614.2300 2.780742e-15 
3616.0432 2.730339e-15 
3617.8563 2.785860e-15 
3619.6695 2.789530e-15 
3621.4827 2.784245e-15 
3623.2959 2.846511e-15 
3625.1090 2.806453e-15 
3626.9222 2.765440e-15 
3628.7354 2.753701e-15 
3630.5485 2.825762e-15 
3632.3617 2.833542e-15 
3634.1749 2.691899e-15 
3635.9881 2.708356e-15 
3637.8012 2.832769e-15 
3639.6144 2.789664e-15 
3641.4276 2.742483e-15 
3643.2408 2.755975e-15 
3645.0539 2.750592e-15 
3646.8671 2.802700e-15 
3648.6803 2.825781e-15 
3650.4935 2.818680e-15 
3652.3066 2.769181e-15 
3654.1198 2.730212e-15 
3655.9330 2.737704e-15 
3657.7462 2.691175e-15 
3659.5593 2.737080e-15 
3661.3725 2.786447e-15 
3663.1857 2.795273e-15 
3664.9989 2.781177e-15 
3666.8120 2.770880e-15 
3668.6252 2.835070e-15 
3670.4384 2.854735e-15 
3672.2516 2.750229e-15 
3674.0647 2.668313e-15 
3675.8779 2.650209e-15 
3677.6911 2.675724e-15 
3679.5043 2.665282e-15 
3681.3174 2.643710e-15 
3683.1306 2.685113e-15 
3684.9438 2.670065e-15 
3686.7570 2.695004e-15 
3688.5701 2.768166e-15 
3690.3833 2.723654e-15 
3692.1965 2.595747e-15 
3694.0096 2.638746e-15 
3695.8228 2.723036e-15 
3697.6360 2.619666e-15 
3699.4492 2.539023e-15 
3701.2623 2.624115e-15 
3703.0755 2.629495e-15 
3704.8887 2.670401e-15 
3706.7019 2.641353e-15 
3708.5150 2.569002e-15 
3710.3282 2.594823e-15 
3712.1414 2.553474e-15 
3713.9546 2.510361e-15 
3715.7677 2.558153e-15 
3717.5809 2.567516e-15 
3719.3941 2.554414e-15 
3721.2073 2.534409e-15 
3723.0204 2.538312e-15 
3724.8336 2.477664e-15 
3726.6468 2.504632e-15 
3728.4600 2.605328e-15 
3730.2731 2.601927e-15 
3732.0863 2.549721e-15 
3733.8995 2.569715e-15 
3735.7127 2.578616e-15 
3737.5258 2.580785e-15 
3739.3390 2.539648e-15 
3741.1522 2.513078e-15 
3742.9654 2.475638e-15 
3744.7785 2.478618e-15 
3746.5917 2.503458e-15 
3748.4049 2.446128e-15 
3750.2180 2.397359e-15 
3752.0312 2.444354e-15 
3753.8444 2.490108e-15 
3755.6576 2.480110e-15 
3757.4707 2.467195e-15 
3759.2839 2.471825e-15 
3761.0971 2.431643e-15 
3762.9103 2.411074e-15 
3764.7234 2.492811e-15 
3766.5366 2.535606e-15 
3768.3498 2.471359e-15 
3770.1630 2.434489e-15 
3771.9761 2.408787e-15 
3773.7893 2.398056e-15 
3775.6025 2.385973e-15 
3777.4157 2.359356e-15 
3779.2288 2.397277e-15 
3781.0420 2.423456e-15 
3782.8552 2.404423e-15 
3784.6684 2.373741e-15 
3786.4815 2.403434e-15 
3788.2947 2.410924e-15 
3790.1079 2.337883e-15 
3791.9211 2.315675e-15 
3793.7342 2.326557e-15 
3795.5474 2.319576e-15 
3797.3606 2.302678e-15 
3799.1738 2.314639e-15 
3800.9869 2.397097e-15 
3802.8001 2.442192e-15 
3804.6133 2.398721e-15 
3806.4265 2.338187e-15 
3808.2396 2.264004e-15 
3810.0528 2.223964e-15 
3811.8660 2.287345e-15 
3813.6791 2.329415e-15 
3815.4923 2.365508e-15 
3817.3055 2.321461e-15 
3819.1187 2.295428e-15 
3820.9318 2.349603e-15 
3822.7450 2.344709e-15 
3824.5582 2.260443e-15 
3826.3714 2.238672e-15 
3828.1845 2.331716e-15 
3829.9977 2.378287e-15 
3831.8109 2.337270e-15 
3833.6241 2.303766e-15 
3835.4372 2.308668e-15 
3837.2504 2.346905e-15 
3839.0636 2.314785e-15 
3840.8768 2.239782e-15 
3842.6899 2.246554e-15 
3844.5031 2.262875e-15 
3846.3163 2.254679e-15 
3848.1295 2.210770e-15 
3849.9426 2.238037e-15 
3851.7558 2.264029e-15 
3853.5690 2.259459e-15 
3855.3822 2.235856e-15 
3857.1953 2.211661e-15 
3859.0085 2.255337e-15 
3860.8217 2.259942e-15 
3862.6349 2.214995e-15 
3864.4480 2.188461e-15 
3866.2612 2.186295e-15 
3868.0744 2.239219e-15 
3869.8876 2.250709e-15 
3871.7007 2.198290e-15 
3873.5139 2.211973e-15 
3875.3271 2.246700e-15 
3877.1402 2.290410e-15 
3878.9534 2.279686e-15 
3880.7666 2.183307e-15 
3882.5798 2.157426e-15 
3884.3929 2.214588e-15 
3886.2061 2.246078e-15 
3888.0193 2.267096e-15 
3889.8325 2.323038e-15 
3891.6456 2.296256e-15 
3893.4588 2.203868e-15 
3895.2720 2.194326e-15 
3897.0852 2.219506e-15 
3898.8983 2.168627e-15 
3900.7115 2.139749e-15 
3902.5247 2.203515e-15 
3904.3379 2.254811e-15 
3906.1510 2.249363e-15 
3907.9642 2.223794e-15 
3909.7774 2.203707e-15 
3911.5906 2.192044e-15 
3913.4037 2.176578e-15 
3915.2169 2.177004e-15 
3917.0301 2.179266e-15 
3918.8433 2.178979e-15 
3920.6564 2.154366e-15 
3922.4696 2.137161e-15 
3924.2828 2.172144e-15 
3926.0960 2.183226e-15 
3927.9091 2.142146e-15 
3929.7223 2.108427e-15 
3931.5355 2.101555e-15 
3933.3487 2.087643e-15 
3935.1618 2.118249e-15 
3936.9750 2.189039e-15 
3938.7882 2.196987e-15 
3940.6013 2.189913e-15 
3942.4145 2.234108e-15 
3944.2277 2.238001e-15 
3946.0409 2.201813e-15 
3947.8540 2.220252e-15 
3949.6672 2.231578e-15 
3951.4804 2.176650e-15 
3953.2936 2.156784e-15 
3955.1067 2.190311e-15 
3956.9199 2.174784e-15 
3958.7331 2.125864e-15 
3960.5463 2.110007e-15 
3962.3594 2.119102e-15 
3964.1726 2.099063e-15 
3965.9858 2.066386e-15 
3967.7990 2.050855e-15 
3969.6121 2.099757e-15 
3971.4253 2.159349e-15 
3973.2385 2.167939e-15 
3975.0517 2.159107e-15 
3976.8648 2.119175e-15 
3978.6780 2.068603e-15 
3980.4912 2.054726e-15 
3982.3044 2.068303e-15 
3984.1175 2.061824e-15 
3985.9307 2.064523e-15 
3987.7439 2.063271e-15 
3989.5571 2.078531e-15 
3991.3702 2.093538e-15 
3993.1834 2.050572e-15 
3994.9966 2.005803e-15 
3996.8098 2.004561e-15 
3998.6229 1.976287e-15 
4000.4361 1.974040e-15 
4002.2493 1.966818e-15 
4004.0624 1.953144e-15 
4005.8756 1.996463e-15 
4007.6888 2.023871e-15 
4009.5020 2.010707e-15 
4011.3151 1.997810e-15 
4013.1283 2.019800e-15 
4014.9415 2.047554e-15 
4016.7547 2.031286e-15 
4018.5678 2.012373e-15 
4020.3810 2.040251e-15 
4022.1942 2.085826e-15 
4024.0074 2.060308e-15 
4025.8205 1.995566e-15 
4027.6337 1.987571e-15 
4029.4469 2.013212e-15 
4031.2601 2.045553e-15 
4033.0732 2.063081e-15 
4034.8864 2.042362e-15 
4036.6996 2.041933e-15 
4038.5128 2.049358e-15 
4040.3259 2.055338e-15 
4042.1391 2.064298e-15 
4043.9523 2.024917e-15 
4045.7655 2.005411e-15 
4047.5786 1.993940e-15 
4049.3918 1.979280e-15 
4051.2050 1.985212e-15 
4053.0182 2.003781e-15 
4054.8313 2.010258e-15 
4056.6445 1.985024e-15 
4058.4577 1.973622e-15 
4060.2709 1.981229e-15 
4062.0840 1.975411e-15 
4063.8972 1.981022e-15 
4065.7104 1.987399e-15 
4067.5235 1.960406e-15 
4069.3367 1.932032e-15 
4071.1499 1.958261e-15 
4072.9631 1.997588e-15 
4074.7762 1.998069e-15 
4076.5894 2.001821e-15 
4078.4026 2.029563e-15 
4080.2158 2.011181e-15 
4082.0289 2.021619e-15 
4083.8421 2.000776e-15 
4085.6553 1.973285e-15 
4087.4685 1.983020e-15 
4089.2816 1.967597e-15 
4091.0948 1.973124e-15 
4092.9080 1.959436e-15 
4094.7212 1.927087e-15 
4096.5343 1.918111e-15 
4098.3475 1.908827e-15 
4100.1607 1.848198e-15 
4101.9739 1.819653e-15 
4103.7870 1.821121e-15 
4105.6002 1.827997e-15 
4107.4134 1.808428e-15 
4109.2266 1.809428e-15 
4111.0397 1.865171e-15 
4112.8529 1.903475e-15 
4114.6661 1.935456e-15 
4116.4793 1.912906e-15 
4118.2924 1.907014e-15 
4120.1056 1.937835e-15 
4121.9188 1.929731e-15 
4123.7319 1.889992e-15 
4125.5451 1.867241e-15 
4127.3583 1.883667e-15 
4129.1715 1.888976e-15 
4130.9846 1.885464e-15 
4132.7978 1.856332e-15 
4134.6110 1.837039e-15 
4136.4242 1.820264e-15 
4138.2373 1.758663e-15 
4140.0505 1.726085e-15 
4141.8637 1.720543e-15 
4143.6769 1.742456e-15 
4145.4900 1.752923e-15 
4147.3032 1.781276e-15 
4149.1164 1.828489e-15 
4150.9296 1.875117e-15 
4152.7427 1.858959e-15 
4154.5559 1.844442e-15 
4156.3691 1.861595e-15 
4158.1823 1.856269e-15 
4159.9954 1.856844e-15 
4161.8086 1.874377e-15 
4163.6218 1.886828e-15 
4165.4350 1.878637e-15 
4167.2481 1.892439e-15 
4169.0613 1.896385e-15 
4170.8745 1.915746e-15 
4172.6877 1.905396e-15 
4174.5008 1.882055e-15 
4176.3140 1.871662e-15 
4178.1272 1.898188e-15 
4179.9404 1.883720e-15 
4181.7535 1.866974e-15 
4183.5667 1.871554e-15 
4185.3799 1.895371e-15 
4187.1930 1.920226e-15 
4189.0062 1.913653e-15 
4190.8194 1.876699e-15 
4192.6326 1.900261e-15 
4194.4457 1.916086e-15 
4196.2589 1.903005e-15 
4198.0721 1.877564e-15 
4199.8853 1.883026e-15 
4201.6984 1.896594e-15 
4203.5116 1.870940e-15 
4205.3248 1.850811e-15 
4207.1380 1.862441e-15 
4208.9511 1.862953e-15 
4210.7643 1.836200e-15 
4212.5775 1.861257e-15 
4214.3907 1.861141e-15 
4216.2038 1.821559e-15 
4218.0170 1.785763e-15 
4219.8302 1.766473e-15 
4221.6434 1.805108e-15 
4223.4565 1.828527e-15 
4225.2697 1.828546e-15 
4227.0829 1.810579e-15 
4228.8961 1.785593e-15 
4230.7092 1.764470e-15 
4232.5224 1.760173e-15 
4234.3356 1.751595e-15 
4236.1488 1.779985e-15 
4237.9619 1.772027e-15 
4239.7751 1.722202e-15 
4241.5883 1.729310e-15 
4243.4015 1.761564e-15 
4245.2146 1.761653e-15 
4247.0278 1.748394e-15 
4248.8410 1.773349e-15 
4250.6541 1.750930e-15 
4252.4673 1.731011e-15 
4254.2805 1.707313e-15 
4256.0937 1.718794e-15 
4257.9068 1.725417e-15 
4259.7200 1.718060e-15 
4261.5332 1.733440e-15 
4263.3464 1.735095e-15 
4265.1595 1.737450e-15 
4266.9727 1.727009e-15 
4268.7859 1.744592e-15 
4270.5991 1.713431e-15 
4272.4122 1.686243e-15 
4274.2254 1.683838e-15 
4276.0386 1.657602e-15 
4277.8518 1.634060e-15 
4279.6649 1.616804e-15 
4281.4781 1.618977e-15 
4283.2913 1.663331e-15 
4285.1045 1.685035e-15 
4286.9176 1.685390e-15 
4288.7308 1.692058e-15 
4290.5440 1.681398e-15 
4292.3572 1.659642e-15 
4294.1703 1.681804e-15 
4295.9835 1.692209e-15 
4297.7967 1.681497e-15 
4299.6099 1.678179e-15 
4301.4230 1.667216e-15 
4303.2362 1.650529e-15 
4305.0494 1.638031e-15 
4306.8626 1.622697e-15 
4308.6757 1.611252e-15 
4310.4889 1.617422e-15 
4312.3021 1.607262e-15 
4314.1152 1.623686e-15 
4315.9284 1.664389e-15 
4317.7416 1.673454e-15 
4319.5548 1.661113e-15 
4321.3679 1.648954e-15 
4323.1811 1.648465e-15 
4324.9943 1.634247e-15 
4326.8075 1.642794e-15 
4328.6206 1.650847e-15 
4330.4338 1.630877e-15 
4332.2470 1.632944e-15 
4334.0602 1.639586e-15 
4335.8733 1.621487e-15 
4337.6865 1.613524e-15 
4339.4997 1.645089e-15 
4341.3129 1.669898e-15 
4343.1260 1.646436e-15 
4344.9392 1.616361e-15 
4346.7524 1.632410e-15 
4348.5656 1.648063e-15 
4350.3787 1.625282e-15 
4352.1919 1.592313e-15 
4354.0051 1.577204e-15 
4355.8183 1.584697e-15 
4357.6314 1.587279e-15 
4359.4446 1.578834e-15 
4361.2578 1.572489e-15 
4363.0710 1.564496e-15 
4364.8841 1.548382e-15 
4366.6973 1.543834e-15 
4368.5105 1.567091e-15 
4370.3237 1.581437e-15 
4372.1368 1.577614e-15 
4373.9500 1.585674e-15 
4375.7632 1.578345e-15 
4377.5763 1.572710e-15 
4379.3895 1.571233e-15 
4381.2027 1.548615e-15 
4383.0159 1.539253e-15 
4384.8290 1.535880e-15 
4386.6422 1.540885e-15 
4388.4554 1.581581e-15 
4390.2686 1.619660e-15 
4392.0817 1.592155e-15 
4393.8949 1.574304e-15 
4395.7081 1.585345e-15 
4397.5213 1.574167e-15 
4399.3344 1.568282e-15 
4401.1476 1.602248e-15 
4402.9608 1.616097e-15 
4404.7740 1.581201e-15 
4406.5871 1.566245e-15 
4408.4003 1.578131e-15 
4410.2135 1.565071e-15 
4412.0267 1.570538e-15 
4413.8398 1.583606e-15 
4415.6530 1.571639e-15 
4417.4662 1.578351e-15 
4419.2794 1.583858e-15 
4421.0925 1.573307e-15 
4422.9057 1.562455e-15 
4424.7189 1.588413e-15 
4426.5321 1.630529e-15 
4428.3452 1.608155e-15 
4430.1584 1.566047e-15 
4431.9716 1.564460e-15 
4433.7848 1.557970e-15 
4435.5979 1.553747e-15 
4437.4111 1.581012e-15 
4439.2243 1.576096e-15 
4441.0374 1.558369e-15 
4442.8506 1.563540e-15 
4444.6638 1.579697e-15 
4446.4770 1.585808e-15 
4448.2901 1.571013e-15 
4450.1033 1.573655e-15 
4451.9165 1.583549e-15 
4453.7297 1.563145e-15 
4455.5428 1.538006e-15 
4457.3560 1.526742e-15 
4459.1692 1.533209e-15 
4460.9824 1.539513e-15 
4462.7955 1.561032e-15 
4464.6087 1.565289e-15 
4466.4219 1.583645e-15 
4468.2351 1.589736e-15 
4470.0482 1.576386e-15 
4471.8614 1.564073e-15 
4473.6746 1.538803e-15 
4475.4878 1.523794e-15 
4477.3009 1.522811e-15 
4479.1141 1.519458e-15 
4480.9273 1.527131e-15 
4482.7405 1.517999e-15 
4484.5536 1.503964e-15 
4486.3668 1.494365e-15 
4488.1800 1.507541e-15 
4489.9932 1.506441e-15 
4491.8063 1.478249e-15 
4493.6195 1.465961e-15 
4495.4327 1.448828e-15 
4497.2458 1.481599e-15 
4499.0590 1.492806e-15 
4500.8722 1.481841e-15 
4502.6854 1.508990e-15 
4504.4985 1.541202e-15 
4506.3117 1.520294e-15 
4508.1249 1.488934e-15 
4509.9381 1.476097e-15 
4511.7512 1.496356e-15 
4513.5644 1.491917e-15 
4515.3776 1.481294e-15 
4517.1908 1.493604e-15 
4519.0039 1.535877e-15 
4520.8171 1.515231e-15 
4522.6303 1.469179e-15 
4524.4435 1.454607e-15 
4526.2566 1.429064e-15 
4528.0698 1.433978e-15 
4529.8830 1.454484e-15 
4531.6962 1.473494e-15 
4533.5093 1.483849e-15 
4535.3225 1.482784e-15 
4537.1357 1.488339e-15 
4538.9489 1.509543e-15 
4540.7620 1.485820e-15 
4542.5752 1.473008e-15 
4544.3884 1.493758e-15 
4546.2016 1.512876e-15 
4548.0147 1.508074e-15 
4549.8279 1.516191e-15 
4551.6411 1.544801e-15 
4553.4543 1.542911e-15 
4555.2674 1.508376e-15 
4557.0806 1.506969e-15 
4558.8938 1.509353e-15 
4560.7069 1.492655e-15 
4562.5201 1.489826e-15 
4564.3333 1.486582e-15 
4566.1465 1.498097e-15 
4567.9596 1.509530e-15 
4569.7728 1.503178e-15 
4571.5860 1.485622e-15 
4573.3992 1.471201e-15 
4575.2123 1.468873e-15 
4577.0255 1.458517e-15 
4578.8387 1.459963e-15 
4580.6519 1.462398e-15 
4582.4650 1.472144e-15 
4584.2782 1.463702e-15 
4586.0914 1.472214e-15 
4587.9046 1.486399e-15 
4589.7177 1.481070e-15 
4591.5309 1.476518e-15 
4593.3441 1.481375e-15 
4595.1573 1.476868e-15 
4596.9704 1.462210e-15 
4598.7836 1.462125e-15 
4600.5968 1.446514e-15 
4602.4100 1.444905e-15 
4604.2231 1.476972e-15 
4606.0363 1.481673e-15 
4607.8495 1.463412e-15 
4609.6627 1.469306e-15 
4611.4758 1.471453e-15 
4613.2890 1.473041e-15 
4615.1022 1.468722e-15 
4616.9154 1.464736e-15 
4618.7285 1.477058e-15 
4620.5417 1.476053e-15 
4622.3549 1.473549e-15 
4624.1680 1.454712e-15 
4625.9812 1.418209e-15 
4627.7944 1.434251e-15 
4629.6076 1.457763e-15 
4631.4207 1.457553e-15 
4633.2339 1.454776e-15 
4635.0471 1.447128e-15 
4636.8603 1.452420e-15 
4638.6734 1.455684e-15 
4640.4866 1.456573e-15 
4642.2998 1.450887e-15 
4644.1130 1.420806e-15 
4645.9261 1.424893e-15 
4647.7393 1.445763e-15 
4649.5525 1.411384e-15 
4651.3657 1.384277e-15 
4653.1788 1.406253e-15 
4654.9920 1.425362e-15 
4656.8052 1.425655e-15 
4658.6184 1.414691e-15 
4660.4315 1.412874e-15 
4662.2447 1.440023e-15 
4664.0579 1.455873e-15 
4665.8711 1.438945e-15 
4667.6842 1.431651e-15 
4669.4974 1.438955e-15 
4671.3106 1.441023e-15 
4673.1238 1.442110e-15 
4674.9369 1.429254e-15 
4676.7501 1.434751e-15 
4678.5633 1.442308e-15 
4680.3765 1.423529e-15 
4682.1896 1.423883e-15 
4684.0028 1.420895e-15 
4685.8160 1.406578e-15 
4687.6291 1.398997e-15 
4689.4423 1.400727e-15 
4691.2555 1.394603e-15 
4693.0687 1.388475e-15 
4694.8818 1.420739e-15 
4696.6950 1.451372e-15 
4698.5082 1.442909e-15 
4700.3214 1.417680e-15 
4702.1345 1.397008e-15 
4703.9477 1.396907e-15 
4705.7609 1.417439e-15 
4707.5741 1.415483e-15 
4709.3872 1.407342e-15 
4711.2004 1.398784e-15 
4713.0136 1.390244e-15 
4714.8268 1.393605e-15 
4716.6399 1.395519e-15 
4718.4531 1.382582e-15 
4720.2663 1.370439e-15 
4722.0795 1.375818e-15 
4723.8926 1.369408e-15 
4725.7058 1.349947e-15 
4727.5190 1.340490e-15 
4729.3322 1.344242e-15 
4731.1453 1.336586e-15 
4732.9585 1.371421e-15 
4734.7717 1.388080e-15 
4736.5849 1.370690e-15 
4738.3980 1.362790e-15 
4740.2112 1.352921e-15 
4742.0244 1.354445e-15 
4743.8376 1.339700e-15 
4745.6507 1.344611e-15 
4747.4639 1.347318e-15 
4749.2771 1.330761e-15 
4751.0902 1.326863e-15 
4752.9034 1.346727e-15 
4754.7166 1.370892e-15 
4756.5298 1.380208e-15 
4758.3429 1.391338e-15 
4760.1561 1.359814e-15 
4761.9693 1.368279e-15 
4763.7825 1.377583e-15 
4765.5956 1.377747e-15 
4767.4088 1.397384e-15 
4769.2220 1.393011e-15 
4771.0352 1.376075e-15 
4772.8483 1.364054e-15 
4774.6615 1.376483e-15 
4776.4747 1.384324e-15 
4778.2879 1.390361e-15 
4780.1010 1.379549e-15 
4781.9142 1.363781e-15 
4783.7274 1.362646e-15 
4785.5406 1.371995e-15 
4787.3537 1.369493e-15 
4789.1669 1.367106e-15 
4790.9801 1.356125e-15 
4792.7933 1.321825e-15 
4794.6064 1.332405e-15 
4796.4196 1.352109e-15 
4798.2328 1.330678e-15 
4800.0460 1.343835e-15 
4801.8591 1.355685e-15 
4803.6723 1.346358e-15 
4805.4855 1.355458e-15 
4807.2987 1.376327e-15 
4809.1118 1.379609e-15 
4810.9250 1.362073e-15 
4812.7382 1.373694e-15 
4814.5513 1.384224e-15 
4816.3645 1.360055e-15 
4818.1777 1.358468e-15 
4819.9909 1.368947e-15 
4821.8040 1.353030e-15 
4823.6172 1.343161e-15 
4825.4304 1.353926e-15 
4827.2436 1.344745e-15 
4829.0567 1.345717e-15 
4830.8699 1.356741e-15 
4832.6831 1.349481e-15 
4834.4963 1.347546e-15 
4836.3094 1.337916e-15 
4838.1226 1.352966e-15 
4839.9358 1.357031e-15 
4841.7490 1.331704e-15 
4843.5621 1.332593e-15 
4845.3753 1.331600e-15 
4847.1885 1.331995e-15 
4849.0017 1.312139e-15 
4850.8148 1.297617e-15 
4852.6280 1.322374e-15 
4854.4412 1.330463e-15 
4856.2544 1.324060e-15 
4858.0675 1.334833e-15 
4859.8807 1.340239e-15 
4861.6939 1.339306e-15 
4863.5071 1.337811e-15 
4865.3202 1.327831e-15 
4867.1334 1.309906e-15 
4868.9466 1.296961e-15 
4870.7597 1.280393e-15 
4872.5729 1.307001e-15 
4874.3861 1.301239e-15 
4876.1993 1.280950e-15 
4878.0124 1.299470e-15 
4879.8256 1.324214e-15 
4881.6388 1.319288e-15 
4883.4520 1.312246e-15 
4885.2651 1.307498e-15 
4887.0783 1.299700e-15 
4888.8915 1.308827e-15 
4890.7047 1.311848e-15 
4892.5178 1.311800e-15 
4894.3310 1.313366e-15 
4896.1442 1.310008e-15 
4897.9574 1.305585e-15 
4899.7705 1.302366e-15 
4901.5837 1.299391e-15 
4903.3969 1.297537e-15 
4905.2101 1.285994e-15 
4907.0232 1.275953e-15 
4908.8364 1.266248e-15 
4910.6496 1.261688e-15 
4912.4628 1.268543e-15 
4914.2759 1.275359e-15 
4916.0891 1.292620e-15 
4917.9023 1.313563e-15 
4919.7155 1.318346e-15 
4921.5286 1.300551e-15 
4923.3418 1.302445e-15 
4925.1550 1.324610e-15 
4926.9682 1.326604e-15 
4928.7813 1.306041e-15 
4930.5945 1.292498e-15 
4932.4077 1.307150e-15 
4934.2208 1.317889e-15 
4936.0340 1.310314e-15 
4937.8472 1.302307e-15 
4939.6604 1.306937e-15 
4941.4735 1.323502e-15 
4943.2867 1.325806e-15 
4945.0999 1.319641e-15 
4946.9131 1.324333e-15 
4948.7262 1.320575e-15 
4950.5394 1.319934e-15 
4952.3526 1.316957e-15 
4954.1658 1.320882e-15 
4955.9789 1.319266e-15 
4957.7921 1.319701e-15 
4959.6053 1.332461e-15 
4961.4185 1.308040e-15 
4963.2316 1.292249e-15 
4965.0448 1.325869e-15 
4966.8580 1.345501e-15 
4968.6712 1.331271e-15 
4970.4843 1.309608e-15 
4972.2975 1.291218e-15 
4974.1107 1.299326e-15 
4975.9239 1.314023e-15 
4977.7370 1.301077e-15 
4979.5502 1.289463e-15 
4981.3634 1.311746e-15 
4983.1766 1.328534e-15 
4984.9897 1.315971e-15 
4986.8029 1.309262e-15 
4988.6161 1.315077e-15 
4990.4293 1.313313e-15 
4992.2424 1.303971e-15 
4994.0556 1.294580e-15 
4995.8688 1.286333e-15 
4997.6819 1.298989e-15 
4999.4951 1.311449e-15 
5001.3083 1.307137e-15 
5003.1215 1.300057e-15 
5004.9346 1.280899e-15 
5006.7478 1.285515e-15 
5008.5610 1.303343e-15 
5010.3742 1.304655e-15 
5012.1873 1.303202e-15 
5014.0005 1.299718e-15 
5015.8137 1.297458e-15 
5017.6269 1.294487e-15 
5019.4400 1.285408e-15 
5021.2532 1.288508e-15 
5023.0664 1.304227e-15 
5024.8796 1.299449e-15 
5026.6927 1.283329e-15 
5028.5059 1.279495e-15 
5030.3191 1.290294e-15 
5032.1323 1.283816e-15 
5033.9454 1.268954e-15 
5035.7586 1.270774e-15 
5037.5718 1.259746e-15 
5039.3850 1.257623e-15 
5041.1981 1.269815e-15 
5043.0113 1.272372e-15 
5044.8245 1.277935e-15 
5046.6377 1.276470e-15 
5048.4508 1.253783e-15 
5050.2640 1.240591e-15 
5052.0772 1.249756e-15 
5053.8904 1.244134e-15 
5055.7035 1.249254e-15 
5057.5167 1.263122e-15 
5059.3299 1.244824e-15 
5061.1430 1.228588e-15 
5062.9562 1.241723e-15 
5064.7694 1.236597e-15 
5066.5826 1.216950e-15 
5068.3957 1.222039e-15 
5070.2089 1.205590e-15 
5072.0221 1.166860e-15 
5073.8353 1.162010e-15 
5075.6484 1.174745e-15 
5077.4616 1.202235e-15 
5079.2748 1.226475e-15 
5081.0880 1.231024e-15 
5082.9011 1.231678e-15 
5084.7143 1.223945e-15 
5086.5275 1.223094e-15 
5088.3407 1.239286e-15 
5090.1538 1.249422e-15 
5091.9670 1.241865e-15 
5093.7802 1.247202e-15 
5095.5934 1.250189e-15 
5097.4065 1.243204e-15 
5099.2197 1.242699e-15 
5101.0329 1.238985e-15 
5102.8461 1.238317e-15 
5104.6592 1.241382e-15 
5106.4724 1.241428e-15 
5108.2856 1.253213e-15 
5110.0988 1.268413e-15 
5111.9119 1.263164e-15 
5113.7251 1.242806e-15 
5115.5383 1.234227e-15 
5117.3515 1.266635e-15 
5119.1646 1.267872e-15 
5120.9778 1.239964e-15 
5122.7910 1.227201e-15 
5124.6041 1.244467e-15 
5126.4173 1.247588e-15 
5128.2305 1.231844e-15 
5130.0437 1.228625e-15 
5131.8568 1.214427e-15 
5133.6700 1.202913e-15 
5135.4832 1.203506e-15 
5137.2964 1.205051e-15 
5139.1095 1.212133e-15 
5140.9227 1.207585e-15 
5142.7359 1.210165e-15 
5144.5491 1.230158e-15 
5146.3622 1.217936e-15 
5148.1754 1.201912e-15 
5149.9886 1.206198e-15 
5151.8018 1.201300e-15 
5153.6149 1.207017e-15 
5155.4281 1.229241e-15 
5157.2413 1.237760e-15 
5159.0545 1.236232e-15 
5160.8676 1.229862e-15 
5162.6808 1.224014e-15 
5164.4940 1.234350e-15 
5166.3072 1.231479e-15 
5168.1203 1.212969e-15 
5169.9335 1.191045e-15 
5171.7467 1.194532e-15 
5173.5599 1.221622e-15 
5175.3730 1.227322e-15 
5177.1862 1.225138e-15 
5178.9994 1.223209e-15 
5180.8126 1.198397e-15 
5182.6257 1.188139e-15 
5184.4389 1.183526e-15 
5186.2521 1.190711e-15 
5188.0652 1.201423e-15 
5189.8784 1.201935e-15 
5191.6916 1.216106e-15 
5193.5048 1.217414e-15 
5195.3179 1.194472e-15 
5197.1311 1.164707e-15 
5198.9443 1.154907e-15 
5200.7575 1.173044e-15 
5202.5706 1.175100e-15 
5204.3838 1.169602e-15 
5206.1970 1.171369e-15 
5208.0102 1.166235e-15 
5209.8233 1.172571e-15 
5211.6365 1.172437e-15 
5213.4497 1.165646e-15 
5215.2629 1.154349e-15 
5217.0760 1.134658e-15 
5218.8892 1.124168e-15 
5220.7024 1.154228e-15 
5222.5156 1.196800e-15 
5224.3287 1.200319e-15 
5226.1419 1.182197e-15 
5227.9551 1.164008e-15 
5229.7683 1.145586e-15 
5231.5814 1.127304e-15 
5233.3946 1.117314e-15 
5235.2078 1.107063e-15 
5237.0210 1.090373e-15 
5238.8341 1.101929e-15 
5240.6473 1.120934e-15 
5242.4605 1.129587e-15 
5244.2737 1.133910e-15 
5246.0868 1.119463e-15 
5247.9000 1.126508e-15 
5249.7132 1.159422e-15 
5251.5263 1.156282e-15 
5253.3395 1.133616e-15 
5255.1527 1.123341e-15 
5256.9659 1.114272e-15 
5258.7790 1.117541e-15 
5260.5922 1.101426e-15 
5262.4054 1.080923e-15 
5264.2186 1.101144e-15 
5266.0317 1.137170e-15 
5267.8449 1.134001e-15 
5269.6581 1.119588e-15 
5271.4713 1.121985e-15 
5273.2844 1.122083e-15 
5275.0976 1.120332e-15 
5276.9108 1.126587e-15 
5278.7240 1.110924e-15 
5280.5371 1.095178e-15 
5282.3503 1.095536e-15 
5284.1635 1.110092e-15 
5285.9767 1.117573e-15 
5287.7898 1.108094e-15 
5289.6030 1.097763e-15 
5291.4162 1.087817e-15 
5293.2294 1.086248e-15 
5295.0425 1.087129e-15 
5296.8557 1.084974e-15 
5298.6689 1.088302e-15 
5300.4821 1.074058e-15 
5302.2952 1.068619e-15 
5304.1084 1.079928e-15 
5305.9216 1.095057e-15 
5307.7347 1.094646e-15 
5309.5479 1.082859e-15 
5311.3611 1.092539e-15 
5313.1743 1.099444e-15 
5314.9874 1.083326e-15 
5316.8006 1.068690e-15 
5318.6138 1.073962e-15 
5320.4270 1.068725e-15 
5322.2401 1.068031e-15 
5324.0533 1.075201e-15 
5325.8665 1.087365e-15 
5327.6797 1.089130e-15 
5329.4928 1.084758e-15 
5331.3060 1.060829e-15 
5333.1192 1.062222e-15 
5334.9324 1.077458e-15 
5336.7455 1.079030e-15 
5338.5587 1.089905e-15 
5340.3719 1.104356e-15 
5342.1851 1.101318e-15 
5343.9982 1.073109e-15 
5345.8114 1.047678e-15 
5347.6246 1.044677e-15 
5349.4378 1.045832e-15 
5351.2509 1.041358e-15 
5353.0641 1.039321e-15 
5354.8773 1.053404e-15 
5356.6905 1.061025e-15 
5358.5036 1.045695e-15 
5360.3168 1.064690e-15 
5362.1300 1.071632e-15 
5363.9432 1.052442e-15 
5365.7563 1.063507e-15 
5367.5695 1.057914e-15 
5369.3827 1.033270e-15 
5371.1958 1.050508e-15 
5373.0090 1.060005e-15 
5374.8222 1.042802e-15 
5376.6354 1.048085e-15 
5378.4485 1.053289e-15 
5380.2617 1.044096e-15 
5382.0749 1.057389e-15 
5383.8881 1.069324e-15 
5385.7012 1.057217e-15 
5387.5144 1.040029e-15 
5389.3276 1.017407e-15 
5391.1408 1.009625e-15 
5392.9539 1.014040e-15 
5394.7671 1.017860e-15 
5396.5803 1.012965e-15 
5398.3935 1.029438e-15 
5400.2066 1.041990e-15 
5402.0198 1.052622e-15 
5403.8330 1.048491e-15 
5405.6462 1.044425e-15 
5407.4593 1.042876e-15 
5409.2725 1.035567e-15 
5411.0857 1.037788e-15 
5412.8989 1.040013e-15 
5414.7120 1.041971e-15 
5416.5252 1.058001e-15 
5418.3384 1.065201e-15 
5420.1516 1.043193e-15 
5421.9647 1.033339e-15 
5423.7779 1.040623e-15 
5425.5911 1.037447e-15 
5427.4043 1.033172e-15 
5429.2174 1.041563e-15 
5431.0306 1.040035e-15 
5432.8438 1.024817e-15 
5434.6569 1.012606e-15 
5436.4701 1.023709e-15 
5438.2833 1.042207e-15 
5440.0965 1.047910e-15 
5441.9096 1.052042e-15 
5443.7228 1.049815e-15 
5445.5360 1.042930e-15 
5447.3492 1.035987e-15 
5449.1623 1.043590e-15 
5450.9755 1.067859e-15 
5452.7887 1.075664e-15 
5454.6019 1.051974e-15 
5456.4150 1.046854e-15 
5458.2282 1.048924e-15 
5460.0414 1.041970e-15 
5461.8546 1.050180e-15 
5463.6677 1.049269e-15 
5465.4809 1.042813e-15 
5467.2941 1.042638e-15 
5469.1073 1.043910e-15 
5470.9204 1.058470e-15 
5472.7336 1.063573e-15 
5474.5468 1.061794e-15 
5476.3600 1.047377e-15 
5478.1731 1.028680e-15 
5479.9863 1.027279e-15 
5481.7995 1.028701e-15 
5483.6127 1.021053e-15 
5485.4258 1.020531e-15 
5487.2390 1.029102e-15 
5489.0522 1.037812e-15 
5490.8654 1.027021e-15 
5492.6785 9.960342e-16 
5494.4917 9.827375e-16 
5496.3049 9.842561e-16 
5498.1180 9.809954e-16 
5499.9312 9.762215e-16 
5501.7444 9.847098e-16 
5503.5576 9.965015e-16 
5505.3707 1.016793e-15 
5507.1839 1.017211e-15 
5508.9971 1.003067e-15 
5510.8103 9.959471e-16 
5512.6234 9.979055e-16 
5514.4366 9.916857e-16 
5516.2498 9.927831e-16 
5518.0630 9.948425e-16 
5519.8761 9.930498e-16 
5521.6893 9.909852e-16 
5523.5025 9.862572e-16 
5525.3157 9.746517e-16 
5527.1288 9.707795e-16 
5528.9420 9.726342e-16 
5530.7552 9.689848e-16 
5532.5684 9.760373e-16 
5534.3815 9.757781e-16 
5536.1947 9.800025e-16 
5538.0079 9.835033e-16 
5539.8211 9.599963e-16 
5541.6342 9.459152e-16 
5543.4474 9.648069e-16 
5545.2606 9.882670e-16 
5547.0738 9.859991e-16 
5548.8869 9.721441e-16 
5550.7001 9.653776e-16 
5552.5133 9.668009e-16 
5554.3265 9.650121e-16 
5556.1396 9.541782e-16 
5557.9528 9.404789e-16 
5559.7660 9.203463e-16 
5561.5791 9.232448e-16 
5563.3923 9.463398e-16 
5565.2055 9.565001e-16 
5567.0187 9.555385e-16 
5568.8318 9.449611e-16 
5570.6450 9.512927e-16 
5572.4582 9.789291e-16 
5574.2714 9.857367e-16 
5576.0845 9.366715e-16 
5577.8977 8.894842e-16 
5579.7109 9.105115e-16 
5581.5241 9.663191e-16 
5583.3372 9.631822e-16 
5585.1504 9.468695e-16 
5586.9636 9.460417e-16 
5588.7768 9.570923e-16 
5590.5899 9.674612e-16 
5592.4031 9.724954e-16 
5594.2163 9.678803e-16 
5596.0295 9.554290e-16 
5597.8426 9.423460e-16 
5599.6558 9.392620e-16 
5601.4690 9.529655e-16 
5603.2822 9.664771e-16 
5605.0953 9.633452e-16 
5606.9085 9.546612e-16 
5608.7217 9.621416e-16 
5610.5349 9.737396e-16 
5612.3480 9.788749e-16 
5614.1612 9.790976e-16 
5615.9744 9.714307e-16 
5617.7876 9.512051e-16 
5619.6007 9.458146e-16 
5621.4139 9.605898e-16 
5623.2271 9.717792e-16 
5625.0402 9.618498e-16 
5626.8534 9.463740e-16 
5628.6666 9.436957e-16 
5630.4798 9.486080e-16 
5632.2929 9.560711e-16 
5634.1061 9.653731e-16 
5635.9193 9.688822e-16 
5637.7325 9.743487e-16 
5639.5456 9.725281e-16 
5641.3588 9.633927e-16 
5643.1720 9.601260e-16 
5644.9852 9.574055e-16 
5646.7983 9.507193e-16 
5648.6115 9.530261e-16 
5650.4247 9.643037e-16 
5652.2379 9.673892e-16 
5654.0510 9.747268e-16 
5655.8642 9.817762e-16 
5657.6774 9.776181e-16 
5659.4906 9.691886e-16 
5661.3037 9.727885e-16 
5663.1169 9.615424e-16 
5664.9301 9.471034e-16 
5666.7433 9.434931e-16 
5668.5564 9.437765e-16 
5670.3696 9.363737e-16 
5672.1828 9.232625e-16 
5673.9960 9.194402e-16 
5675.8091 9.303987e-16 
5677.6223 9.462433e-16 
5679.4355 9.558312e-16 
5681.2486 9.424706e-16 
5683.0618 9.329945e-16 
5684.8750 9.373363e-16 
5686.6882 9.274732e-16 
5688.5013 9.154071e-16 
5690.3145 9.106170e-16 
5692.1277 9.185290e-16 
5693.9409 9.289282e-16 
5695.7540 9.234397e-16 
5697.5672 9.178766e-16 
5699.3804 9.147945e-16 
5701.1936 9.167816e-16 
5703.0067 9.204855e-16 
5704.8199 9.112936e-16 
5706.6331 9.097932e-16 
5708.4463 9.144167e-16 
5710.2594 9.082242e-16 
5712.0726 8.878591e-16 
5713.8858 8.736450e-16 
5715.6990 8.729817e-16 
5717.5121 8.892973e-16 
5719.3253 9.024167e-16 
5721.1385 8.870583e-16 
5722.9517 8.685960e-16 
5724.7648 8.620896e-16 
5726.5780 8.677655e-16 
5728.3912 8.785663e-16 
5730.2044 8.873872e-16 
5732.0175 8.895997e-16 
5733.8307 8.859281e-16 
5735.6439 8.792035e-16 
5737.4571 8.726567e-16 
5739.2702 8.705062e-16 
5741.0834 8.774051e-16 
5742.8966 8.807648e-16 
5744.7097 8.750548e-16 
5746.5229 8.653347e-16 
5748.3361 8.537609e-16 
5750.1493 8.668357e-16 
5751.9624 8.885199e-16 
5753.7756 8.986936e-16 
5755.5888 9.027567e-16 
5757.4020 9.014603e-16 
5759.2151 9.010380e-16 
5761.0283 8.981954e-16 
5762.8415 8.959695e-16 
5764.6547 9.051728e-16 
5766.4678 9.088849e-16 
5768.2810 9.030041e-16 
5770.0942 8.929584e-16 
5771.9074 8.875268e-16 
5773.7205 8.911222e-16 
5775.5337 8.894941e-16 
5777.3469 8.787024e-16 
5779.1601 8.780989e-16 
5780.9732 8.963871e-16 
5782.7864 9.014655e-16 
5784.5996 8.894645e-16 
5786.4128 8.892781e-16 
5788.2259 9.026883e-16 
5790.0391 9.059224e-16 
5791.8523 9.137020e-16 
5793.6655 9.166589e-16 
5795.4786 9.099345e-16 
5797.2918 9.028052e-16 
5799.1050 9.033556e-16 
5800.9182 9.003699e-16 
5802.7313 8.969109e-16 
5804.5445 9.048343e-16 
5806.3577 9.161044e-16 
5808.1708 9.041986e-16 
5809.9840 8.862290e-16 
5811.7972 8.778760e-16 
5813.6104 8.787802e-16 
5815.4235 8.885963e-16 
5817.2367 9.148566e-16 
5819.0499 9.243004e-16 
5820.8631 9.149200e-16 
5822.6762 9.107045e-16 
5824.4894 9.176634e-16 
5826.3026 9.052837e-16 
5828.1158 8.856279e-16 
5829.9289 8.819840e-16 
5831.7421 8.934629e-16 
5833.5553 8.968548e-16 
5835.3685 8.868003e-16 
5837.1816 8.847200e-16 
5838.9948 8.969242e-16 
5840.8080 9.028298e-16 
5842.6212 8.860455e-16 
5844.4343 8.774908e-16 
5846.2475 8.774942e-16 
5848.0607 8.791421e-16 
5849.8739 8.867853e-16 
5851.6870 9.037751e-16 
5853.5002 9.145774e-16 
5855.3134 9.053533e-16 
5857.1266 8.850205e-16 
5858.9397 8.759458e-16 
5860.7529 8.833074e-16 
5862.5661 8.940173e-16 
5864.3793 8.954949e-16 
5866.1924 8.902977e-16 
5868.0056 8.894794e-16 
5869.8188 8.906743e-16 
5871.6319 8.907591e-16 
5873.4451 8.841777e-16 
5875.2583 8.804424e-16 
5877.0715 8.966537e-16 
5878.8846 9.046051e-16 
5880.6978 8.838466e-16 
5882.5110 8.712299e-16 
5884.3242 8.925374e-16 
5886.1373 8.946629e-16 
5887.9505 8.633067e-16 
5889.7637 8.480303e-16 
5891.5769 8.655933e-16 
5893.3900 8.803909e-16 
5895.2032 8.800463e-16 
5897.0164 8.842507e-16 
5898.8296 8.855537e-16 
5900.6427 8.769605e-16 
5902.4559 8.706231e-16 
5904.2691 8.636932e-16 
5906.0823 8.521725e-16 
5907.8954 8.479234e-16 
5909.7086 8.576149e-16 
5911.5218 8.675171e-16 
5913.3350 8.698936e-16 
5915.1481 8.655984e-16 
5916.9613 8.600630e-16 
5918.7745 8.592362e-16 
5920.5877 8.643801e-16 
5922.4008 8.647780e-16 
5924.2140 8.647979e-16 
5926.0272 8.621835e-16 
5927.8404 8.554928e-16 
5929.6535 8.620881e-16 
5931.4667 8.567178e-16 
5933.2799 8.467256e-16 
5935.0930 8.487075e-16 
5936.9062 8.582406e-16 
5938.7194 8.658455e-16 
5940.5326 8.662088e-16 
5942.3457 8.602384e-16 
5944.1589 8.557125e-16 
5945.9721 8.615584e-16 
5947.7853 8.743038e-16 
5949.5984 8.672232e-16 
5951.4116 8.506899e-16 
5953.2248 8.489457e-16 
5955.0380 8.522897e-16 
5956.8511 8.530404e-16 
5958.6643 8.446566e-16 
5960.4775 8.452681e-16 
5962.2907 8.639042e-16 
5964.1038 8.637193e-16 
5965.9170 8.529601e-16 
5967.7302 8.459570e-16 
5969.5434 8.491304e-16 
5971.3565 8.610665e-16 
5973.1697 8.746066e-16 
5974.9829 8.815256e-16 
5976.7961 8.823026e-16 
5978.6092 8.792317e-16 
5980.4224 8.722699e-16 
5982.2356 8.679138e-16 
5984.0488 8.692066e-16 
5985.8619 8.697218e-16 
5987.6751 8.675361e-16 
5989.4883 8.721441e-16 
5991.3015 8.794885e-16 
5993.1146 8.790688e-16 
5994.9278 8.738118e-16 
5996.7410 8.721854e-16 
5998.5541 8.703064e-16 
6000.3673 8.715209e-16 
6002.1805 8.743931e-16 
6003.9937 8.752301e-16 
6005.8068 8.738948e-16 
6007.6200 8.748559e-16 
6009.4332 8.834265e-16 
6011.2464 8.858577e-16 
6013.0595 8.766606e-16 
6014.8727 8.708313e-16 
6016.6859 8.711604e-16 
6018.4991 8.784141e-16 
6020.3122 8.793756e-16 
6022.1254 8.692650e-16 
6023.9386 8.667966e-16 
6025.7518 8.787863e-16 
6027.5649 8.889357e-16 
6029.3781 8.872316e-16 
6031.1913 8.769230e-16 
6033.0045 8.631924e-16 
6034.8176 8.597779e-16 
6036.6308 8.649808e-16 
6038.4440 8.713378e-16 
6040.2572 8.731186e-16 
6042.0703 8.649218e-16 
6043.8835 8.579211e-16 
6045.6967 8.689647e-16 
6047.5099 8.892560e-16 
6049.3230 8.931145e-16 
6051.1362 8.889662e-16 
6052.9494 8.862022e-16 
6054.7625 8.836455e-16 
6056.5757 8.741582e-16 
6058.3889 8.594424e-16 
6060.2021 8.593557e-16 
6062.0152 8.660849e-16 
6063.8284 8.687387e-16 
6065.6416 8.655494e-16 
6067.4548 8.587392e-16 
6069.2679 8.593971e-16 
6071.0811 8.670436e-16 
6072.8943 8.720305e-16 
6074.7075 8.709313e-16 
6076.5206 8.729721e-16 
6078.3338 8.708460e-16 
6080.1470 8.655762e-16 
6081.9602 8.659817e-16 
6083.7733 8.732426e-16 
6085.5865 8.738413e-16 
6087.3997 8.705499e-16 
6089.2129 8.691430e-16 
6091.0260 8.696053e-16 
6092.8392 8.689378e-16 
6094.6524 8.693644e-16 
6096.4656 8.714316e-16 
6098.2787 8.726494e-16 
6100.0919 8.707860e-16 
6101.9051 8.640841e-16 
6103.7183 8.441597e-16 
6105.5314 8.374455e-16 
6107.3446 8.492884e-16 
6109.1578 8.560118e-16 
6110.9710 8.523107e-16 
6112.7841 8.488593e-16 
6114.5973 8.443371e-16 
6116.4105 8.365851e-16 
6118.2236 8.346301e-16 
6120.0368 8.470129e-16 
6121.8500 8.579981e-16 
6123.6632 8.588755e-16 
6125.4763 8.533175e-16 
6127.2895 8.493224e-16 
6129.1027 8.552007e-16 
6130.9159 8.520821e-16 
6132.7290 8.462473e-16 
6134.5422 8.518963e-16 
6136.3554 8.562386e-16 
6138.1686 8.590718e-16 
6139.9817 8.543864e-16 
6141.7949 8.427171e-16 
6143.6081 8.307916e-16 
6145.4213 8.195197e-16 
6147.2344 8.103162e-16 
6149.0476 8.161681e-16 
6150.8608 8.266333e-16 
6152.6740 8.232806e-16 
6154.4871 8.313112e-16 
6156.3003 8.363436e-16 
6158.1135 8.322899e-16 
6159.9267 8.302899e-16 
6161.7398 8.397078e-16 
6163.5530 8.536575e-16 
6165.3662 8.508027e-16 
6167.1794 8.400678e-16 
6168.9925 8.376690e-16 
6170.8057 8.345516e-16 
6172.6189 8.320289e-16 
6174.4321 8.348587e-16 
6176.2452 8.427147e-16 
6178.0584 8.463812e-16 
6179.8716 8.364911e-16 
6181.6847 8.267787e-16 
6183.4979 8.316575e-16 
6185.3111 8.436638e-16 
6187.1243 8.418159e-16 
6188.9374 8.248296e-16 
6190.7506 8.218307e-16 
6192.5638 8.281673e-16 
6194.3770 8.274776e-16 
6196.1901 8.226877e-16 
6198.0033 8.189750e-16 
6199.8165 8.251537e-16 
6201.6297 8.322309e-16 
6203.4428 8.300544e-16 
6205.2560 8.251773e-16 
6207.0692 8.194975e-16 
6208.8824 8.148563e-16 
6210.6955 8.191646e-16 
6212.5087 8.306586e-16 
6214.3219 8.314474e-16 
6216.1351 8.335237e-16 
6217.9482 8.371793e-16 
6219.7614 8.306956e-16 
6221.5746 8.193353e-16 
6223.3878 8.326919e-16 
6225.2009 8.356929e-16 
6227.0141 8.258193e-16 
6228.8273 8.252915e-16 
6230.6405 8.373752e-16 
6232.4536 8.416288e-16 
6234.2668 8.316137e-16 
6236.0800 8.141861e-16 
6237.8932 8.064195e-16 
6239.7063 8.181496e-16 
6241.5195 8.223172e-16 
6243.3327 8.121458e-16 
6245.1458 8.096287e-16 
6246.9590 8.230368e-16 
6248.7722 8.243395e-16 
6250.5854 8.196511e-16 
6252.3985 8.176913e-16 
6254.2117 8.200745e-16 
6256.0249 8.210921e-16 
6257.8381 8.147423e-16 
6259.6512 8.153214e-16 
6261.4644 8.222067e-16 
6263.2776 8.241163e-16 
6265.0908 8.155918e-16 
6266.9039 8.021339e-16 
6268.7171 7.984699e-16 
6270.5303 8.048094e-16 
6272.3435 8.065686e-16 
6274.1566 7.937770e-16 
6275.9698 7.786811e-16 
6277.7830 7.685288e-16 
6279.5962 7.625960e-16 
6281.4093 7.633669e-16 
6283.2225 7.760013e-16 
6285.0357 7.803869e-16 
6286.8489 7.844275e-16 
6288.6620 7.904959e-16 
6290.4752 7.903476e-16 
6292.2884 7.922423e-16 
6294.1016 7.989393e-16 
6295.9147 7.958460e-16 
6297.7279 7.793663e-16 
6299.5411 7.700796e-16 
6301.3543 7.840823e-16 
6303.1674 7.888233e-16 
6304.9806 7.816198e-16 
6306.7938 7.821390e-16 
6308.6069 7.914673e-16 
6310.4201 7.922630e-16 
6312.2333 7.873475e-16 
6314.0465 7.877976e-16 
6315.8596 7.955118e-16 
6317.6728 7.998016e-16 
6319.4860 7.930382e-16 
6321.2992 7.845641e-16 
6323.1123 7.890203e-16 
6324.9255 8.024454e-16 
6326.7387 7.992454e-16 
6328.5519 7.837732e-16 
6330.3650 7.817549e-16 
6332.1782 7.951804e-16 
6333.9914 8.009998e-16 
6335.8046 7.963329e-16 
6337.6177 7.892033e-16 
6339.4309 7.838520e-16 
6341.2441 7.801449e-16 
6343.0573 7.773689e-16 
6344.8704 7.735111e-16 
6346.6836 7.681655e-16 
6348.4968 7.617671e-16 
6350.3100 7.602143e-16 
6352.1231 7.705112e-16 
6353.9363 7.796053e-16 
6355.7495 7.738382e-16 
6357.5627 7.636088e-16 
6359.3758 7.642057e-16 
6361.1890 7.638732e-16 
6363.0022 7.484512e-16 
6364.8154 7.392275e-16 
6366.6285 7.497353e-16 
6368.4417 7.634434e-16 
6370.2549 7.631726e-16 
6372.0680 7.493174e-16 
6373.8812 7.397506e-16 
6375.6944 7.450293e-16 
6377.5076 7.567673e-16 
6379.3207 7.653739e-16 
6381.1339 7.655159e-16 
6382.9471 7.600847e-16 
6384.7603 7.530760e-16 
6386.5734 7.448735e-16 
6388.3866 7.400724e-16 
6390.1998 7.383697e-16 
6392.0130 7.354183e-16 
6393.8261 7.323417e-16 
6395.6393 7.373421e-16 
6397.4525 7.433748e-16 
6399.2657 7.462987e-16 
6401.0788 7.496619e-16 
6402.8920 7.540519e-16 
6404.7052 7.489530e-16 
6406.5184 7.393585e-16 
6408.3315 7.327621e-16 
6410.1447 7.326946e-16 
6411.9579 7.393618e-16 
6413.7711 7.509697e-16 
6415.5842 7.541381e-16 
6417.3974 7.514526e-16 
6419.2106 7.507797e-16 
6421.0238 7.497032e-16 
6422.8369 7.503672e-16 
6424.6501 7.513054e-16 
6426.4633 7.455569e-16 
6428.2764 7.308926e-16 
6430.0896 7.199891e-16 
6431.9028 7.314146e-16 
6433.7160 7.481334e-16 
6435.5291 7.462510e-16 
6437.3423 7.294084e-16 
6439.1555 7.253682e-16 
6440.9687 7.322683e-16 
6442.7818 7.370178e-16 
6444.5950 7.379240e-16 
6446.4082 7.430361e-16 
6448.2214 7.490104e-16 
6450.0345 7.537244e-16 
6451.8477 7.527021e-16 
6453.6609 7.482170e-16 
6455.4741 7.486047e-16 
6457.2872 7.479855e-16 
6459.1004 7.489726e-16 
6460.9136 7.517087e-16 
6462.7268 7.529154e-16 
6464.5399 7.516526e-16 
6466.3531 7.455892e-16 
6468.1663 7.447082e-16 
6469.9795 7.464997e-16 
6471.7926 7.417285e-16 
6473.6058 7.390420e-16 
6475.4190 7.409559e-16 
6477.2322 7.516572e-16 
6479.0453 7.583230e-16 
6480.8585 7.451822e-16 
6482.6717 7.331276e-16 
6484.4849 7.343582e-16 
6486.2980 7.383057e-16 
6488.1112 7.348224e-16 
6489.9244 7.292890e-16 
6491.7375 7.241887e-16 
6493.5507 7.262885e-16 
6495.3639 7.337668e-16 
6497.1771 7.334247e-16 
6498.9902 7.176259e-16 
6500.8034 7.101749e-16 
6502.6166 7.137525e-16 
6504.4298 7.162265e-16 
6506.2429 7.141153e-16 
6508.0561 7.179983e-16 
6509.8693 7.196518e-16 
6511.6825 7.190872e-16 
6513.4956 7.223196e-16 
6515.3088 7.258122e-16 
6517.1220 7.158311e-16 
6518.9352 7.161156e-16 
6520.7483 7.277646e-16 
6522.5615 7.376408e-16 
6524.3747 7.423340e-16 
6526.1879 7.396987e-16 
6528.0010 7.357241e-16 
6529.8142 7.323193e-16 
6531.6274 7.305320e-16 
6533.4406 7.359281e-16 
6535.2537 7.476121e-16 
6537.0669 7.528864e-16 
6538.8801 7.525649e-16 
6540.6933 7.552606e-16 
6542.5064 7.570738e-16 
6544.3196 7.593973e-16 
6546.1328 7.581262e-16 
6547.9460 7.500031e-16 
6549.7591 7.411382e-16 
6551.5723 7.442534e-16 
6553.3855 7.575340e-16 
6555.1986 7.643786e-16 
6557.0118 7.603801e-16 
6558.8250 7.599483e-16 
6560.6382 7.668368e-16 
6562.4513 7.723619e-16 
6564.2645 7.683857e-16 
6566.0777 7.608623e-16 
6567.8909 7.621492e-16 
6569.7040 7.612911e-16 
6571.5172 7.642051e-16 
6573.3304 7.689852e-16 
6575.1436 7.691524e-16 
6576.9567 7.714022e-16 
6578.7699 7.735664e-16 
6580.5831 7.784525e-16 
6582.3963 7.798743e-16 
6584.2094 7.714463e-16 
6586.0226 7.675415e-16 
6587.8358 7.694000e-16 
6589.6490 7.749240e-16 
6591.4621 7.774692e-16 
6593.2753 7.728456e-16 
6595.0885 7.731222e-16 
6596.9017 7.751246e-16 
6598.7148 7.807799e-16 
6600.5280 7.870618e-16 
6602.3412 7.827806e-16 
6604.1544 7.800982e-16 
6605.9675 7.775000e-16 
6607.7807 7.795402e-16 
6609.5939 7.852855e-16 
6611.4071 7.781329e-16 
6613.2202 7.749568e-16 
6615.0334 7.754144e-16 
6616.8466 7.772673e-16 
6618.6597 7.827821e-16 
6620.4729 7.863500e-16 
6622.2861 7.890856e-16 
6624.0993 7.858277e-16 
6625.9124 7.808108e-16 
6627.7256 7.852636e-16 
6629.5388 7.915361e-16 
6631.3520 7.971430e-16 
6633.1651 7.945748e-16 
6634.9783 7.853106e-16 
6636.7915 7.841597e-16 
6638.6047 7.915502e-16 
6640.4178 7.978293e-16 
6642.2310 8.009741e-16 
6644.0442 8.072232e-16 
6645.8574 8.186622e-16 
6647.6705 8.262202e-16 
6649.4837 8.227852e-16 
6651.2969 8.152517e-16 
6653.1101 8.147986e-16 
6654.9232 8.194695e-16 
6656.7364 8.245991e-16 
6658.5496 8.214945e-16 
6660.3628 8.151885e-16 
6662.1759 8.164787e-16 
6663.9891 8.151749e-16 
6665.8023 8.179144e-16 
6667.6155 8.219631e-16 
6669.4286 8.168800e-16 
6671.2418 8.056457e-16 
6673.0550 8.130574e-16 
6674.8682 8.259718e-16 
6676.6813 8.313603e-16 
6678.4945 8.304457e-16 
6680.3077 8.276658e-16 
6682.1208 8.272640e-16 
6683.9340 8.316257e-16 
6685.7472 8.351995e-16 
6687.5604 8.307650e-16 
6689.3735 8.225188e-16 
6691.1867 8.261792e-16 
6692.9999 8.353674e-16 
6694.8131 8.380977e-16 
6696.6262 8.337390e-16 
6698.4394 8.275031e-16 
6700.2526 8.220527e-16 
6702.0658 8.230631e-16 
6703.8789 8.297751e-16 
6705.6921 8.336761e-16 
6707.5053 8.345272e-16 
6709.3185 8.338465e-16 
6711.1316 8.297575e-16 
6712.9448 8.247619e-16 
6714.7580 8.265725e-16 
6716.5712 8.281946e-16 
6718.3843 8.253314e-16 
6720.1975 8.235629e-16 
6722.0107 8.275924e-16 
6723.8239 8.313087e-16 
6725.6370 8.349584e-16 
6727.4502 8.287548e-16 
6729.2634 8.153652e-16 
6731.0766 8.100567e-16 
6732.8897 8.137490e-16 
6734.7029 8.181510e-16 
6736.5161 8.208765e-16 
6738.3293 8.239814e-16 
6740.1424 8.266865e-16 
6741.9556 8.252296e-16 
6743.7688 8.269779e-16 
6745.5819 8.324331e-16 
6747.3951 8.343582e-16 
6749.2083 8.306072e-16 
6751.0215 8.311192e-16 
6752.8346 8.257706e-16 
6754.6478 8.170593e-16 
6756.4610 8.146524e-16 
6758.2742 8.133583e-16 
6760.0873 8.199301e-16 
6761.9005 8.295406e-16 
6763.7137 8.292764e-16 
6765.5269 8.197919e-16 
6767.3400 8.222519e-16 
6769.1532 8.254857e-16 
6770.9664 8.213397e-16 
6772.7796 8.122007e-16 
6774.5927 8.049835e-16 
6776.4059 8.060048e-16 
6778.2191 8.081870e-16 
6780.0323 8.061057e-16 
6781.8454 8.071508e-16 
6783.6586 8.189039e-16 
6785.4718 8.206793e-16 
6787.2850 8.137298e-16 
6789.0981 8.060663e-16 
6790.9113 8.033076e-16 
6792.7245 8.092526e-16 
6794.5377 8.174054e-16 
6796.3508 8.192745e-16 
6798.1640 8.190157e-16 
6799.9772 8.221737e-16 
6801.7904 8.195329e-16 
6803.6035 8.223753e-16 
6805.4167 8.208983e-16 
6807.2299 8.117452e-16 
6809.0430 8.103208e-16 
6810.8562 8.167718e-16 
6812.6694 8.129143e-16 
6814.4826 8.120545e-16 
6816.2957 8.221450e-16 
6818.1089 8.224410e-16 
6819.9221 8.210948e-16 
6821.7353 8.281473e-16 
6823.5484 8.313036e-16 
6825.3616 8.204849e-16 
6827.1748 8.121701e-16 
6828.9880 8.125487e-16 
6830.8011 8.115975e-16 
6832.6143 8.062868e-16 
6834.4275 8.038232e-16 
6836.2407 8.038973e-16 
6838.0538 7.941917e-16 
6839.8670 7.874883e-16 
6841.6802 7.926575e-16 
6843.4934 7.966180e-16 
6845.3065 7.880747e-16 
6847.1197 7.738325e-16 
6848.9329 7.659922e-16 
6850.7461 7.679747e-16 
6852.5592 7.739709e-16 
6854.3724 7.810663e-16 
6856.1856 7.776113e-16 
6857.9988 7.770417e-16 
6859.8119 7.946067e-16 
6861.6251 7.940317e-16 
6863.4383 7.695751e-16 
6865.2514 7.633432e-16 
6867.0646 7.922902e-16 
6868.8778 8.024649e-16 
6870.6910 7.991566e-16 
6872.5041 7.813774e-16 
6874.3173 7.754955e-16 
6876.1305 7.882875e-16 
6877.9437 7.910475e-16 
6879.7568 7.761773e-16 
6881.5700 7.666738e-16 
6883.3832 7.734203e-16 
6885.1964 7.899246e-16 
6887.0095 7.978989e-16 
6888.8227 7.895070e-16 
6890.6359 7.782242e-16 
6892.4491 7.750375e-16 
6894.2622 7.751923e-16 
6896.0754 7.706757e-16 
6897.8886 7.745721e-16 
6899.7018 7.825776e-16 
6901.5149 7.859745e-16 
6903.3281 7.835200e-16 
6905.1413 7.756696e-16 
6906.9545 7.747640e-16 
6908.7676 7.766621e-16 
6910.5808 7.711377e-16 
6912.3940 7.641287e-16 
6914.2072 7.712961e-16 
6916.0203 7.835405e-16 
6917.8335 7.828520e-16 
6919.6467 7.731452e-16 
6921.4599 7.701746e-16 
6923.2730 7.677942e-16 
6925.0862 7.627906e-16 
6926.8994 7.626044e-16 
6928.7125 7.696491e-16 
6930.5257 7.724370e-16 
6932.3389 7.740950e-16 
6934.1521 7.751166e-16 
6935.9652 7.732996e-16 
6937.7784 7.705589e-16 
6939.5916 7.767095e-16 
6941.4048 7.769485e-16 
6943.2179 7.692584e-16 
6945.0311 7.621734e-16 
6946.8443 7.603306e-16 
6948.6575 7.545938e-16 
6950.4706 7.440620e-16 
6952.2838 7.399747e-16 
6954.0970 7.453341e-16 
6955.9102 7.471792e-16 
6957.7233 7.428616e-16 
6959.5365 7.454475e-16 
6961.3497 7.538412e-16 
6963.1629 7.600100e-16 
6964.9760 7.630493e-16 
6966.7892 7.555251e-16 
6968.6024 7.437938e-16 
6970.4156 7.396056e-16 
6972.2287 7.412156e-16 
6974.0419 7.416652e-16 
6975.8551 7.389081e-16 
6977.6683 7.341636e-16 
6979.4814 7.301831e-16 
6981.2946 7.277461e-16 
6983.1078 7.245967e-16 
6984.9210 7.235332e-16 
6986.7341 7.249044e-16 
6988.5473 7.270540e-16 
6990.3605 7.290550e-16 
6992.1736 7.305700e-16 
6993.9868 7.277142e-16 
6995.8000 7.229922e-16 
6997.6132 7.223310e-16 
6999.4263 7.268547e-16 
7001.2395 7.308129e-16 
7003.0527 7.285472e-16 
7004.8659 7.246779e-16 
7006.6790 7.250156e-16 
7008.4922 7.246834e-16 
7010.3054 7.173344e-16 
7012.1186 7.122147e-16 
7013.9317 7.140790e-16 
7015.7449 7.173772e-16 
7017.5581 7.189890e-16 
7019.3713 7.211610e-16 
7021.1844 7.210582e-16 
7022.9976 7.188396e-16 
7024.8108 7.184509e-16 
7026.6240 7.169546e-16 
7028.4371 7.104649e-16 
7030.2503 7.073574e-16 
7032.0635 7.116577e-16 
7033.8767 7.126524e-16 
7035.6898 7.036629e-16 
7037.5030 6.927126e-16 
7039.3162 6.840189e-16 
7041.1294 6.811835e-16 
7042.9425 6.917518e-16 
7044.7557 7.067763e-16 
7046.5689 7.120149e-16 
7048.3821 7.089716e-16 
7050.1952 7.065557e-16 
7052.0084 7.021928e-16 
7053.8216 6.983174e-16 
7055.6347 6.940383e-16 
7057.4479 6.923046e-16 
7059.2611 6.972972e-16 
7061.0743 7.029254e-16 
7062.8874 7.046473e-16 
7064.7006 7.023402e-16 
7066.5138 7.005241e-16 
7068.3270 7.014615e-16 
7070.1401 6.970900e-16 
7071.9533 6.908563e-16 
7073.7665 6.866454e-16 
7075.5797 6.860252e-16 
7077.3928 6.902177e-16 
7079.2060 6.964180e-16 
7081.0192 7.000209e-16 
7082.8324 7.027569e-16 
7084.6455 7.055078e-16 
7086.4587 7.013336e-16 
7088.2719 6.948949e-16 
7090.0851 6.887842e-16 
7091.8982 6.819783e-16 
7093.7114 6.767337e-16 
7095.5246 6.807766e-16 
7097.3378 6.866687e-16 
7099.1509 6.858449e-16 
7100.9641 6.813069e-16 
7102.7773 6.827996e-16 
7104.5905 6.878595e-16 
7106.4036 6.829005e-16 
7108.2168 6.749062e-16 
7110.0300 6.785719e-16 
7111.8432 6.893959e-16 
7113.6563 6.876679e-16 
7115.4695 6.762834e-16 
7117.2827 6.747873e-16 
7119.0958 6.848041e-16 
7120.9090 6.820403e-16 
7122.7222 6.793182e-16 
7124.5354 6.828777e-16 
7126.3485 6.829118e-16 
7128.1617 6.774757e-16 
7129.9749 6.858808e-16 
7131.7881 6.848733e-16 
7133.6012 6.773692e-16 
7135.4144 6.741681e-16 
7137.2276 6.717333e-16 
7139.0408 6.702404e-16 
7140.8539 6.664904e-16 
7142.6671 6.668716e-16 
7144.4803 6.701880e-16 
7146.2935 6.657131e-16 
7148.1066 6.596035e-16 
7149.9198 6.565245e-16 
7151.7330 6.611749e-16 
7153.5462 6.657564e-16 
7155.3593 6.671926e-16 
7157.1725 6.667317e-16 
7158.9857 6.711584e-16 
7160.7989 6.734574e-16 
7162.6120 6.713501e-16 
7164.4252 6.638718e-16 
7166.2384 6.558355e-16 
7168.0516 6.541983e-16 
7169.8647 6.577352e-16 
7171.6779 6.639418e-16 
7173.4911 6.623253e-16 
7175.3043 6.538161e-16 
7177.1174 6.431790e-16 
7178.9306 6.309277e-16 
7180.7438 6.285761e-16 
7182.5569 6.362694e-16 
7184.3701 6.380885e-16 
7186.1833 6.353088e-16 
7187.9965 6.453398e-16 
7189.8096 6.587503e-16 
7191.6228 6.587086e-16 
7193.4360 6.512833e-16 
7195.2492 6.481709e-16 
7197.0623 6.479811e-16 
7198.8755 6.534594e-16 
7200.6887 6.577020e-16 
7202.5019 6.635692e-16 
7204.3150 6.674707e-16 
7206.1282 6.578015e-16 
7207.9414 6.553964e-16 
7209.7546 6.579558e-16 
7211.5677 6.534771e-16 
7213.3809 6.479785e-16 
7215.1941 6.474468e-16 
7217.0073 6.506323e-16 
7218.8204 6.556777e-16 
7220.6336 6.591412e-16 
7222.4468 6.595483e-16 
7224.2600 6.624026e-16 
7226.0731 6.649020e-16 
7227.8863 6.554987e-16 
7229.6995 6.419691e-16 
7231.5127 6.435484e-16 
7233.3258 6.532530e-16 
7235.1390 6.604021e-16 
7236.9522 6.580256e-16 
7238.7653 6.546422e-16 
7240.5785 6.567757e-16 
7242.3917 6.564444e-16 
7244.2049 6.552573e-16 
7246.0180 6.465579e-16 
7247.8312 6.321826e-16 
7249.6444 6.284573e-16 
7251.4576 6.348916e-16 
7253.2707 6.359338e-16 
7255.0839 6.345080e-16 
7256.8971 6.389263e-16 
7258.7103 6.438406e-16 
7260.5234 6.421836e-16 
7262.3366 6.415356e-16 
7264.1498 6.497255e-16 
7265.9630 6.553200e-16 
7267.7761 6.508414e-16 
7269.5893 6.438751e-16 
7271.4025 6.444635e-16 
7273.2157 6.459980e-16 
7275.0288 6.466379e-16 
7276.8420 6.462876e-16 
7278.6552 6.450983e-16 
7280.4684 6.470187e-16 
7282.2815 6.514603e-16 
7284.0947 6.404735e-16 
7285.9079 6.262481e-16 
7287.7211 6.241555e-16 
7289.5342 6.278249e-16 
7291.3474 6.268176e-16 
7293.1606 6.335641e-16 
7294.9738 6.394800e-16 
7296.7869 6.328427e-16 
7298.6001 6.225754e-16 
7300.4133 6.285633e-16 
7302.2264 6.444622e-16 
7304.0396 6.452295e-16 
7305.8528 6.332354e-16 
7307.6660 6.272934e-16 
7309.4791 6.312947e-16 
7311.2923 6.349041e-16 
7313.1055 6.405616e-16 
7314.9187 6.378842e-16 
7316.7318 6.252088e-16 
7318.5450 6.206822e-16 
7320.3582 6.284219e-16 
7322.1714 6.306268e-16 
7323.9845 6.276174e-16 
7325.7977 6.269967e-16 
7327.6109 6.255366e-16 
7329.4241 6.297854e-16 
7331.2372 6.397893e-16 
7333.0504 6.426671e-16 
7334.8636 6.346064e-16 
7336.6768 6.359116e-16 
7338.4899 6.357472e-16 
7340.3031 6.286178e-16 
7342.1163 6.236215e-16 
7343.9295 6.266486e-16 
7345.7426 6.336378e-16 
7347.5558 6.290888e-16 
7349.3690 6.316401e-16 
7351.1822 6.443673e-16 
7352.9953 6.421455e-16 
7354.8085 6.283985e-16 
7356.6217 6.273670e-16 
7358.4349 6.335751e-16 
7360.2480 6.356872e-16 
7362.0612 6.372556e-16 
7363.8744 6.262868e-16 
7365.6875 6.206265e-16 
7367.5007 6.266459e-16 
7369.3139 6.319330e-16 
7371.1271 6.272744e-16 
7372.9402 6.168154e-16 
7374.7534 6.111957e-16 
7376.5666 6.136501e-16 
7378.3798 6.175998e-16 
7380.1929 6.162321e-16 
7382.0061 6.120858e-16 
7383.8193 6.172403e-16 
7385.6325 6.280648e-16 
7387.4456 6.294177e-16 
7389.2588 6.252480e-16 
7391.0720 6.200202e-16 
7392.8852 6.156312e-16 
7394.6983 6.139461e-16 
7396.5115 6.145448e-16 
7398.3247 6.096358e-16 
7400.1379 6.123626e-16 
7401.9510 6.113501e-16 
7403.7642 5.978307e-16 
7405.5774 5.947719e-16 
7407.3906 6.033537e-16 
7409.2037 6.113241e-16 
7411.0169 6.126731e-16 
7412.8301 6.097973e-16 
7414.6433 6.037933e-16 
7416.4564 5.964012e-16 
7418.2696 5.921039e-16 
7420.0828 5.992617e-16 
7421.8960 6.148978e-16 
7423.7091 6.152250e-16 
7425.5223 6.082651e-16 
7427.3355 6.049380e-16 
7429.1486 6.005493e-16 
7430.9618 5.895935e-16 
7432.7750 5.921752e-16 
7434.5882 5.956028e-16 
7436.4013 5.942951e-16 
7438.2145 5.933216e-16 
7440.0277 5.929703e-16 
7441.8409 5.939856e-16 
7443.6540 6.000183e-16 
7445.4672 6.049452e-16 
7447.2804 6.042373e-16 
7449.0936 6.070303e-16 
7450.9067 6.083920e-16 
7452.7199 6.026574e-16 
7454.5331 5.936479e-16 
7456.3463 5.889831e-16 
7458.1594 5.878680e-16 
7459.9726 5.898986e-16 
7461.7858 5.887391e-16 
7463.5990 5.854709e-16 
7465.4121 5.909573e-16 
7467.2253 6.053528e-16 
7469.0385 6.049185e-16 
7470.8517 5.923306e-16 
7472.6648 5.884045e-16 
7474.4780 5.960107e-16 
7476.2912 5.932600e-16 
7478.1044 5.849287e-16 
7479.9175 5.885388e-16 
7481.7307 6.025808e-16 
7483.5439 6.031468e-16 
7485.3571 5.935646e-16 
7487.1702 5.906082e-16 
7488.9834 5.913494e-16 
7490.7966 5.863856e-16 
7492.6097 5.892900e-16 
7494.4229 5.857651e-16 
7496.2361 5.760913e-16 
7498.0493 5.745188e-16 
7499.8624 5.848594e-16 
7501.6756 5.884687e-16 
7503.4888 5.865944e-16 
7505.3020 5.833262e-16 
7507.1151 5.828989e-16 
7508.9283 5.892574e-16 
7510.7415 5.950740e-16 
7512.5547 5.910691e-16 
7514.3678 5.805751e-16 
7516.1810 5.743580e-16 
7517.9942 5.767906e-16 
7519.8074 5.843868e-16 
7521.6205 5.888781e-16 
7523.4337 5.884266e-16 
7525.2469 5.850814e-16 
7527.0601 5.774162e-16 
7528.8732 5.745272e-16 
7530.6864 5.825272e-16 
7532.4996 5.931287e-16 
7534.3128 5.930269e-16 
7536.1259 5.856009e-16 
7537.9391 5.820912e-16 
7539.7523 5.840559e-16 
7541.5655 5.856497e-16 
7543.3786 5.852573e-16 
7545.1918 5.892403e-16 
7547.0050 5.901362e-16 
7548.8182 5.885321e-16 
7550.6313 5.876198e-16 
7552.4445 5.835818e-16 
7554.2577 5.853380e-16 
7556.0708 5.873659e-16 
7557.8840 5.815082e-16 
7559.6972 5.729979e-16 
7561.5104 5.758290e-16 
7563.3235 5.785349e-16 
7565.1367 5.806605e-16 
7566.9499 5.862595e-16 
7568.7631 5.909999e-16 
7570.5762 5.865925e-16 
7572.3894 5.865423e-16 
7574.2026 5.864920e-16 
7576.0158 5.864418e-16 
7577.8289 5.863915e-16 
7579.6421 5.863413e-16 
7581.4553 5.862911e-16 
7583.2685 5.862408e-16 
7585.0816 5.861905e-16 
7586.8948 5.861403e-16 
7588.7080 5.860901e-16 
7590.5212 5.860398e-16 
7592.3343 5.859895e-16 
7594.1475 5.859394e-16 
7595.9607 5.858891e-16 
7597.7739 5.858388e-16 
7599.5870 5.857887e-16 
7601.4002 5.857384e-16 
7603.2134 5.856881e-16 
7605.0266 5.856378e-16 
7606.8397 5.855875e-16 
7608.6529 5.855374e-16 
7610.4661 5.854871e-16 
7612.2792 5.854368e-16 
7614.0924 5.853867e-16 
7615.9056 5.853364e-16 
7617.7188 5.852861e-16 
7619.5319 5.852358e-16 
7621.3451 5.851855e-16 
7623.1583 5.851354e-16 
7624.9715 5.850851e-16 
7626.7846 5.850348e-16 
7628.5978 5.849847e-16 
7630.4110 5.849344e-16 
7632.2242 5.848841e-16 
7634.0373 5.848339e-16 
7635.8505 5.847837e-16 
7637.6637 5.847334e-16 
7639.4769 5.846831e-16 
7641.2900 5.846329e-16 
7643.1032 5.845827e-16 
7644.9164 5.845324e-16 
7646.7296 5.844822e-16 
7648.5427 5.844319e-16 
7650.3559 5.843817e-16 
7652.1691 5.843315e-16 
7653.9823 5.842812e-16 
7655.7954 5.842310e-16 
7657.6086 5.841808e-16 
7659.4218 5.841305e-16 
7661.2350 5.840802e-16 
7663.0481 5.840299e-16 
7664.8613 5.839798e-16 
7666.6745 5.839295e-16 
7668.4877 5.838792e-16 
7670.3008 5.838291e-16 
7672.1140 5.837788e-16 
7673.9272 5.787596e-16 
7675.7403 5.768596e-16 
7677.5535 5.769239e-16 
7679.3667 5.790288e-16 
7681.1799 5.790288e-16 
7682.9930 5.789578e-16 
7684.8062 5.791724e-16 
7686.6194 5.793854e-16 
7688.4326 5.793144e-16 
7690.2457 5.793854e-16 
7692.0589 5.808570e-16 
7693.8721 5.772046e-16 
7695.6853 5.791724e-16 
7697.4984 5.791724e-16 
7699.3116 5.791724e-16 
7701.1248 5.791724e-16 
7702.9380 5.790288e-16 
7704.7511 5.735866e-16 
7706.5643 5.637612e-16 
7708.3775 5.691372e-16 
7710.1907 5.770578e-16 
7712.0038 5.769703e-16 
7713.8170 5.735027e-16 
7715.6302 5.728565e-16 
7717.4434 5.716655e-16 
7719.2565 5.729029e-16 
7721.0697 5.756395e-16 
7722.8829 5.746039e-16 
7724.6961 5.702053e-16 
7726.5092 5.736730e-16 
7728.3224 5.724841e-16 
7730.1356 5.677844e-16 
7731.9488 5.672432e-16 
7733.7619 5.639670e-16 
7735.5751 5.564586e-16 
7737.3883 5.538073e-16 
7739.2014 5.595433e-16 
7741.0146 5.694458e-16 
7742.8278 5.782933e-16 
7744.6410 5.714165e-16 
7746.4541 5.643035e-16 
7748.2673 5.691534e-16 
7750.0805 5.752756e-16 
7751.8937 5.731299e-16 
7753.7068 5.743077e-16 
7755.5200 5.792452e-16 
7757.3332 5.804596e-16 
7759.1464 5.759788e-16 
7760.9595 5.689783e-16 
7762.7727 5.677507e-16 
7764.5859 5.706157e-16 
7766.3991 5.713064e-16 
7768.2122 5.692009e-16 
7770.0254 5.644563e-16 
7771.8386 5.622815e-16 
7773.6518 5.632958e-16 
7775.4649 5.655500e-16 
7777.2781 5.704156e-16 
7779.0913 5.725910e-16 
7780.9045 5.703970e-16 
7782.7176 5.692772e-16 
7784.5308 5.730397e-16 
7786.3440 5.752908e-16 
7788.1572 5.778772e-16 
7789.9703 5.792999e-16 
7791.7835 5.735111e-16 
7793.5967 5.601879e-16 
7795.4099 5.533022e-16 
7797.2230 5.567642e-16 
7799.0362 5.576165e-16 
7800.8494 5.532100e-16 
7802.6625 5.591248e-16 
7804.4757 5.673244e-16 
7806.2889 5.674120e-16 
7808.1021 5.662816e-16 
7809.9152 5.699737e-16 
7811.7284 5.660291e-16 
7813.5416 5.600071e-16 
7815.3548 5.602778e-16 
7817.1679 5.647529e-16 
7818.9811 5.667634e-16 
7820.7943 5.680917e-16 
7822.6075 5.653859e-16 
7824.4206 5.592791e-16 
7826.2338 5.542954e-16 
7828.0470 5.540430e-16 
7829.8602 5.575860e-16 
7831.6733 5.602054e-16 
7833.4865 5.549355e-16 
7835.2997 5.480336e-16 
7837.1129 5.536916e-16 
7838.9260 5.585460e-16 
7840.7392 5.562531e-16 
7842.5524 5.562912e-16 
7844.3656 5.625256e-16 
7846.1787 5.614702e-16 
7847.9919 5.580551e-16 
7849.8051 5.585141e-16 
7851.6183 5.631574e-16 
7853.4314 5.667352e-16 
7855.2446 5.640322e-16 
7857.0578 5.575998e-16 
7858.8710 5.527063e-16 
7860.6841 5.513363e-16 
7862.4973 5.516859e-16 
7864.3105 5.526677e-16 
7866.1236 5.539125e-16 
7867.9368 5.543213e-16 
7869.7500 5.504537e-16 
7871.5632 5.432468e-16 
7873.3763 5.476753e-16 
7875.1895 5.571265e-16 
7877.0027 5.593503e-16 
7878.8159 5.539383e-16 
7880.6290 5.511239e-16 
7882.4422 5.509345e-16 
7884.2554 5.467586e-16 
7886.0686 5.443229e-16 
7887.8817 5.515412e-16 
7889.6949 5.576589e-16 
7891.5081 5.550659e-16 
7893.3213 5.522191e-16 
7895.1344 5.556485e-16 
7896.9476 5.589913e-16 
7898.7608 5.544813e-16 
7900.5740 5.478508e-16 
7902.3871 5.467061e-16 
7904.2003 5.536270e-16 
7906.0135 5.626806e-16 
7907.8267 5.609484e-16 
7909.6398 5.592664e-16 
7911.4530 5.535652e-16 
7913.2662 5.411757e-16 
7915.0794 5.398150e-16 
7916.8925 5.434613e-16 
7918.7057 5.465968e-16 
7920.5189 5.439400e-16 
7922.3321 5.398854e-16 
7924.1452 5.488326e-16 
7925.9584 5.521703e-16 
7927.7716 5.451756e-16 
7929.5847 5.369725e-16 
7931.3979 5.345182e-16 
7933.2111 5.357526e-16 
7935.0243 5.405819e-16 
7936.8374 5.449638e-16 
7938.6506 5.440304e-16 
7940.4638 5.378556e-16 
7942.2770 5.322267e-16 
7944.0901 5.331264e-16 
7945.9033 5.327263e-16 
7947.7165 5.269317e-16 
7949.5297 5.266984e-16 
7951.3428 5.308312e-16 
7953.1560 5.361100e-16 
7954.9692 5.385860e-16 
7956.7824 5.391822e-16 
7958.5955 5.440280e-16 
7960.4087 5.463630e-16 
7962.2219 5.420826e-16 
7964.0351 5.367442e-16 
7965.8482 5.363266e-16 
7967.6614 5.353811e-16 
7969.4746 5.327537e-16 
7971.2878 5.358103e-16 
7973.1009 5.433837e-16 
7974.9141 5.443864e-16 
7976.7273 5.399362e-16 
7978.5405 5.347441e-16 
7980.3536 5.309261e-16 
7982.1668 5.272167e-16 
7983.9800 5.232327e-16 
7985.7931 5.240129e-16 
7987.6063 5.304837e-16 
7989.4195 5.345101e-16 
7991.2327 5.295370e-16 
7993.0458 5.206085e-16 
7994.8590 5.123132e-16 
7996.6722 5.080971e-16 
7998.4854 5.039121e-16 
8000.2985 5.008213e-16 
8002.1117 5.139334e-16 
8003.9249 5.243930e-16 
8005.7381 5.241749e-16 
8007.5512 5.230416e-16 
8009.3644 5.315439e-16 
8011.1776 5.449934e-16 
8012.9908 5.500787e-16 
8014.8039 5.384769e-16 
8016.6171 5.235533e-16 
8018.4303 5.246440e-16 
8020.2435 5.217128e-16 
8022.0566 5.203928e-16 
8023.8698 5.203967e-16 
8025.6830 5.151905e-16 
8027.4962 5.116679e-16 
8029.3093 5.174844e-16 
8031.1225 5.202003e-16 
8032.9357 5.123398e-16 
8034.7489 5.042636e-16 
8036.5620 5.090551e-16 
8038.3752 5.197190e-16 
8040.1884 5.233803e-16 
8042.0016 5.165955e-16 
8043.8147 5.079895e-16 
8045.6279 5.066833e-16 
8047.4411 5.097035e-16 
8049.2542 5.106745e-16 
8051.0674 5.095573e-16 
8052.8806 5.132103e-16 
8054.6938 5.238543e-16 
8056.5069 5.224432e-16 
8058.3201 5.130871e-16 
8060.1333 5.111632e-16 
8061.9465 5.130529e-16 
8063.7596 5.150851e-16 
8065.5728 5.196184e-16 
8067.3860 5.217471e-16 
8069.1992 5.154215e-16 
8071.0123 5.078289e-16 
8072.8255 5.036764e-16 
8074.6387 5.031066e-16 
8076.4519 5.082493e-16 
8078.2650 5.169147e-16 
8080.0782 5.133394e-16 
8081.8914 5.029655e-16 
8083.7046 4.972892e-16 
8085.5177 5.003618e-16 
8087.3309 5.079965e-16 
8089.1441 5.165590e-16 
8090.9573 5.172525e-16 
8092.7704 5.151473e-16 
8094.5836 5.155347e-16 
8096.3968 5.110672e-16 
8098.2100 5.061130e-16 
8100.0231 5.051009e-16 
8101.8363 5.068503e-16 
8103.6495 5.087271e-16 
8105.4627 5.121012e-16 
8107.2758 5.160302e-16 
8109.0890 5.152980e-16 
8110.9022 5.073961e-16 
8112.7153 4.973244e-16 
8114.5285 4.937264e-16 
8116.3417 4.966972e-16 
8118.1549 5.050542e-16 
8119.9680 5.137117e-16 
8121.7812 5.149547e-16 
8123.5944 5.090496e-16 
8125.4076 5.026038e-16 
8127.2207 4.995231e-16 
8129.0339 4.983790e-16 
8130.8471 4.965940e-16 
8132.6603 4.958805e-16 
8134.4734 4.944775e-16 
8136.2866 4.926269e-16 
8138.0998 4.941551e-16 
8139.9130 5.006763e-16 
8141.7261 5.041282e-16 
8143.5393 5.053538e-16 
8145.3525 5.026171e-16 
8147.1657 4.931730e-16 
8148.9788 4.862977e-16 
8150.7920 4.848324e-16 
8152.6052 4.844472e-16 
8154.4184 4.850284e-16 
8156.2315 4.899843e-16 
8158.0447 4.917949e-16 
8159.8579 4.850376e-16 
8161.6711 4.741572e-16 
8163.4842 4.697027e-16 
8165.2974 4.749924e-16 
8167.1106 4.753313e-16 
8168.9238 4.681360e-16 
8170.7369 4.652822e-16 
8172.5501 4.731206e-16 
8174.3633 4.794818e-16 
8176.1764 4.764701e-16 
8177.9896 4.729832e-16 
8179.8028 4.768142e-16 
8181.6160 4.838451e-16 
8183.4291 4.853478e-16 
8185.2423 4.799109e-16 
8187.0555 4.764335e-16 
8188.8687 4.806907e-16 
8190.6818 4.845463e-16 
8192.4950 4.747039e-16 
8194.3082 4.715128e-16 
8196.1214 4.760372e-16 
8197.9345 4.783092e-16 
8199.7477 4.801598e-16 
8201.5609 4.820955e-16 
8203.3741 4.879629e-16 
8205.1872 4.958499e-16 
8207.0004 5.017670e-16 
8208.8136 5.062136e-16 
8210.6268 5.069773e-16 
8212.4399 5.016316e-16 
8214.2531 4.954319e-16 
8216.0663 4.925639e-16 
8217.8795 4.861279e-16 
8219.6926 4.822707e-16 
8221.5058 4.841251e-16 
8223.3190 4.868199e-16 
8225.1322 4.821553e-16 
8226.9453 4.666142e-16 
8228.7585 4.438604e-16 
8230.5717 4.331307e-16 
8232.3849 4.474917e-16 
8234.1980 4.739125e-16 
8236.0112 4.855219e-16 
8237.8244 4.866384e-16 
8239.6375 4.885073e-16 
8241.4507 4.894305e-16 
8243.2639 4.827363e-16 
8245.0771 4.840674e-16 
8246.8902 4.915227e-16 
8248.7034 4.993102e-16 
8250.5166 5.030617e-16 
8252.3298 4.958597e-16 
8254.1429 4.861387e-16 
8255.9561 4.800890e-16 
8257.7693 4.757890e-16 
8259.5825 4.709087e-16 
8261.3956 4.723608e-16 
8263.2088 4.849724e-16 
8265.0220 4.946129e-16 
8266.8352 4.936757e-16 
8268.6483 4.924796e-16 
8270.4615 4.911191e-16 
8272.2747 4.883361e-16 
8274.0879 4.867071e-16 
8275.9010 4.865387e-16 
8277.7142 4.826371e-16 
8279.5274 4.760189e-16 
8281.3406 4.723100e-16 
8283.1537 4.776645e-16 
8284.9669 4.862058e-16 
8286.7801 4.805969e-16 
8288.5933 4.695015e-16 
8290.4064 4.627757e-16 
8292.2196 4.676187e-16 
8294.0328 4.822817e-16 
8295.8460 4.903540e-16 
8297.6591 4.870573e-16 
8299.4723 4.784754e-16 
8301.2855 4.726236e-16 
8303.0986 4.713875e-16 
8304.9118 4.711936e-16 
8306.7250 4.809199e-16 
8308.5382 4.947133e-16 
8310.3513 4.970378e-16 
8312.1645 4.865794e-16 
8313.9777 4.836258e-16 
8315.7909 4.868001e-16 
8317.6040 4.854889e-16 
8319.4172 4.783041e-16 
8321.2304 4.736401e-16 
8323.0436 4.691035e-16 
8324.8567 4.781295e-16 
8326.6699 4.922393e-16 
8328.4831 4.910306e-16 
8330.2963 4.881878e-16 
8332.1094 4.935172e-16 
8333.9226 4.965269e-16 
8335.7358 4.922078e-16 
8337.5490 4.907773e-16 
8339.3621 4.929675e-16 
8341.1753 4.954653e-16 
8342.9885 4.921718e-16 
8344.8017 4.808708e-16 
8346.6148 4.706612e-16 
8348.4280 4.795319e-16 
8350.2412 4.966461e-16 
8352.0544 5.001269e-16 
8353.8675 4.906152e-16 
8355.6807 4.931257e-16 
8357.4939 5.015339e-16 
8359.3071 5.037154e-16 
8361.1202 4.981478e-16 
8362.9334 4.958990e-16 
8364.7466 5.057938e-16 
8366.5597 5.075318e-16 
8368.3729 4.981642e-16 
8370.1861 4.931134e-16 
8371.9993 4.997880e-16 
8373.8124 5.006557e-16 
8375.6256 4.910919e-16 
8377.4388 4.846254e-16 
8379.2520 4.878991e-16 
8381.0651 4.907713e-16 
8382.8783 4.931116e-16 
8384.6915 4.987538e-16 
8386.5047 4.995120e-16 
8388.3178 4.950303e-16 
8390.1310 5.029882e-16 
8391.9442 5.118473e-16 
8393.7574 5.156698e-16 
8395.5705 5.130358e-16 
8397.3837 5.039795e-16 
8399.1969 4.923489e-16 
8401.0101 4.828615e-16 
8402.8232 4.805866e-16 
8404.6364 4.865432e-16 
8406.4496 4.965440e-16 
8408.2628 5.055653e-16 
8410.0759 5.126030e-16 
8411.8891 5.145310e-16 
8413.7023 5.108803e-16 
8415.5155 5.051252e-16 
8417.3286 4.958253e-16 
8419.1418 4.845170e-16 
8420.9550 4.784533e-16 
8422.7681 4.834218e-16 
8424.5813 4.949551e-16 
8426.3945 4.996829e-16 
8428.2077 4.931868e-16 
8430.0208 4.827539e-16 
8431.8340 4.788473e-16 
8433.6472 4.842327e-16 
8435.4604 4.919624e-16 
8437.2735 4.960480e-16 
8439.0867 4.974380e-16 
8440.8999 4.986381e-16 
8442.7131 4.958799e-16 
8444.5262 4.929226e-16 
8446.3394 4.899359e-16 
8448.1526 4.864039e-16 
8449.9658 4.850965e-16 
8451.7789 4.870922e-16 
8453.5921 4.879546e-16 
8455.4053 4.890396e-16 
8457.2185 4.906128e-16 
8459.0316 4.885232e-16 
8460.8448 4.925070e-16 
8462.6580 5.023954e-16 
8464.4712 5.065624e-16 
8466.2843 4.973586e-16 
8468.0975 4.834610e-16 
8469.9107 4.763651e-16 
8471.7239 4.787250e-16 
8473.5370 4.847560e-16 
8475.3502 4.875561e-16 
8477.1634 4.863720e-16 
8478.9766 4.863889e-16 
8480.7897 4.955137e-16 
8482.6029 5.061476e-16 
8484.4161 5.019423e-16 
8486.2292 4.921254e-16 
8488.0424 4.978912e-16 
8489.8556 5.081399e-16 
8491.6688 5.018419e-16 
8493.4819 4.866435e-16 
8495.2951 4.875587e-16 
8497.1083 4.929642e-16 
8498.9215 4.896435e-16 
8500.7346 4.812887e-16 
8502.5478 4.771801e-16 
8504.3610 4.803581e-16 
8506.1742 4.863841e-16 
8507.9873 4.922059e-16 
8509.8005 4.961998e-16 
8511.6137 4.945099e-16 
8513.4269 4.971246e-16 
8515.2400 4.932647e-16 
8517.0532 4.830521e-16 
8518.8664 4.839146e-16 
8520.6796 4.876054e-16 
8522.4927 4.848697e-16 
8524.3059 4.804417e-16 
8526.1191 4.808554e-16 
8527.9323 4.830188e-16 
8529.7454 4.851521e-16 
8531.5586 4.874002e-16 
8533.3718 4.863928e-16 
8535.1850 4.801961e-16 
8536.9981 4.754592e-16 
8538.8113 4.811142e-16 
8540.6245 4.891307e-16 
8542.4377 4.911598e-16 
8544.2508 4.894402e-16 
8546.0640 4.894913e-16 
8547.8772 4.876749e-16 
8549.6903 4.809156e-16 
8551.5035 4.737405e-16 
8553.3167 4.750162e-16 
8555.1299 4.855743e-16 
8556.9430 4.878820e-16 
8558.7562 4.814603e-16 
8560.5694 4.752762e-16 
8562.3826 4.721515e-16 
8564.1957 4.760519e-16 
8566.0089 4.769862e-16 
8567.8221 4.745179e-16 
8569.6353 4.771948e-16 
8571.4484 4.870431e-16 
8573.2616 4.974968e-16 
8575.0748 4.917622e-16 
8576.8880 4.713962e-16 
8578.7011 4.586208e-16 
8580.5143 4.668628e-16 
8582.3275 4.729948e-16 
8584.1407 4.756135e-16 
8585.9538 4.817189e-16 
8587.7670 4.853580e-16 
8589.5802 4.774228e-16 
8591.3934 4.755287e-16 
8593.2065 4.868880e-16 
8595.0197 4.970575e-16 
8596.8329 4.908246e-16 
8598.6461 4.805643e-16 
8600.4592 4.764598e-16 
8602.2724 4.821680e-16 
8604.0856 4.893589e-16 
8605.8988 4.852066e-16 
8607.7119 4.804713e-16 
8609.5251 4.813134e-16 
8611.3383 4.831802e-16 
8613.1514 4.820682e-16 
8614.9646 4.827242e-16 
8616.7778 4.812709e-16 
8618.5910 4.834376e-16 
8620.4041 4.904139e-16 
8622.2173 4.942303e-16 
8624.0305 4.920079e-16 
8625.8437 4.878400e-16 
8627.6568 4.765194e-16 
8629.4700 4.634717e-16 
8631.2832 4.634559e-16 
8633.0964 4.650147e-16 
8634.9095 4.718398e-16 
8636.7227 4.809307e-16 
8638.5359 4.870575e-16 
8640.3491 4.932542e-16 
8642.1622 4.963394e-16 
8643.9754 4.852168e-16 
8645.7886 4.696266e-16 
8647.6018 4.654160e-16 
8649.4149 4.657201e-16 
8651.2281 4.660847e-16 
8653.0413 4.768574e-16 
8654.8545 4.915889e-16 
8656.6676 4.897176e-16 
8658.4808 4.746455e-16 
8660.2940 4.715134e-16 
8662.1072 4.787715e-16 
8663.9203 4.829151e-16 
8665.7335 4.814597e-16 
8667.5467 4.770638e-16 
8669.3599 4.730494e-16 
8671.1730 4.706494e-16 
8672.9862 4.723972e-16 
8674.7994 4.798417e-16 
8676.6125 4.822793e-16 
8678.4257 4.754646e-16 
8680.2389 4.703949e-16 
8682.0521 4.738637e-16 
8683.8652 4.739966e-16 
8685.6784 4.708539e-16 
8687.4916 4.687163e-16 
8689.3048 4.695635e-16 
8691.1179 4.700219e-16 
8692.9311 4.649717e-16 
8694.7443 4.600313e-16 
8696.5575 4.595064e-16 
8698.3706 4.658961e-16 
8700.1838 4.751203e-16 
8701.9970 4.713207e-16 
8703.8102 4.629616e-16 
8705.6233 4.666740e-16 
8707.4365 4.776626e-16 
8709.2497 4.745385e-16 
8711.0629 4.664355e-16 
8712.8760 4.629490e-16 
8714.6892 4.672852e-16 
8716.5024 4.737443e-16 
8718.3156 4.739187e-16 
8720.1287 4.747292e-16 
8721.9419 4.716415e-16 
8723.7551 4.677588e-16 
8725.5683 4.687667e-16 
8727.3814 4.643888e-16 
8729.1946 4.594689e-16 
8731.0078 4.641303e-16 
8732.8210 4.773073e-16 
8734.6341 4.827582e-16 
8736.4473 4.670991e-16 
8738.2605 4.564271e-16 
8740.0736 4.625691e-16 
8741.8868 4.712436e-16 
8743.7000 4.683035e-16 
8745.5132 4.659257e-16 
8747.3263 4.628521e-16 
8749.1395 4.580392e-16 
8750.9527 4.548028e-16 
8752.7659 4.560005e-16 
8754.5790 4.656150e-16 
8756.3922 4.773238e-16 
8758.2054 4.750206e-16 
8760.0186 4.601020e-16 
8761.8317 4.629273e-16 
8763.6449 4.773202e-16 
8765.4581 4.795319e-16 
8767.2713 4.685153e-16 
8769.0844 4.647894e-16 
8770.8976 4.709333e-16 
8772.7108 4.755117e-16 
8774.5240 4.772588e-16 
8776.3371 4.748346e-16 
8778.1503 4.642302e-16 
8779.9635 4.602424e-16 
8781.7767 4.631778e-16 
8783.5898 4.646863e-16 
8785.4030 4.638435e-16 
8787.2162 4.664117e-16 
8789.0294 4.597428e-16 
8790.8425 4.480332e-16 
8792.6557 4.412937e-16 
8794.4689 4.435871e-16 
8796.2820 4.519981e-16 
8798.0952 4.588346e-16 
8799.9084 4.568757e-16 
8801.7216 4.495324e-16 
8803.5347 4.473990e-16 
8805.3479 4.528900e-16 
8807.1611 4.565627e-16 
8808.9743 4.544304e-16 
8810.7874 4.486222e-16 
8812.6006 4.416466e-16 
8814.4138 4.353528e-16 
8816.2270 4.344436e-16 
8818.0401 4.423432e-16 
8819.8533 4.592819e-16 
8821.6665 4.820127e-16 
8823.4797 5.025313e-16 
8825.2928 5.024094e-16 
8827.1060 4.779246e-16 
8828.9192 4.548634e-16 
8830.7324 4.637509e-16 
8832.5455 4.741407e-16 
8834.3587 4.558472e-16 
8836.1719 4.265111e-16 
8837.9851 4.200289e-16 
8839.7982 4.246851e-16 
8841.6114 4.327083e-16 
8843.4246 4.412845e-16 
8845.2378 4.483341e-16 
8847.0509 4.521840e-16 
8848.8641 4.551245e-16 
8850.6773 4.576909e-16 
8852.4905 4.562896e-16 
8854.3036 4.520480e-16 
8856.1168 4.527140e-16 
8857.9300 4.570901e-16 
8859.7431 4.556479e-16 
8861.5563 4.511760e-16 
8863.3695 4.469251e-16 
8865.1827 4.319040e-16 
8866.9958 4.113588e-16 
8868.8090 4.074063e-16 
8870.6222 4.211158e-16 
8872.4354 4.314965e-16 
8874.2485 4.306203e-16 
8876.0617 4.312578e-16 
8877.8749 4.388051e-16 
8879.6881 4.494098e-16 
8881.5012 4.509552e-16 
8883.3144 4.258278e-16 
8885.1276 4.009192e-16 
8886.9408 3.954624e-16 
8888.7539 4.007910e-16 
8890.5671 4.021289e-16 
8892.3803 4.108784e-16 
8894.1935 4.231592e-16 
8896.0066 4.320390e-16 
8897.8198 4.370384e-16 
8899.6330 4.401841e-16 
8901.4462 4.374652e-16 
8903.2593 4.334657e-16 
8905.0725 4.341791e-16 
8906.8857 4.348139e-16 
8908.6989 4.215208e-16 
8910.5120 4.007087e-16 
8912.3252 3.889731e-16 
8914.1384 3.996361e-16 
8915.9516 4.251668e-16 
8917.7647 4.334846e-16 
8919.5779 4.213594e-16 
8921.3911 4.088266e-16 
8923.2042 4.106313e-16 
8925.0174 4.209009e-16 
8926.8306 4.281037e-16 
8928.6438 4.264469e-16 
8930.4569 4.268332e-16 
8932.2701 4.333780e-16 
8934.0833 4.299973e-16 
8935.8965 4.194569e-16 
8937.7096 4.199123e-16 
8939.5228 4.285578e-16 
8941.3360 4.286231e-16 
8943.1492 4.225886e-16 
8944.9623 4.220750e-16 
8946.7755 4.263655e-16 
8948.5887 4.312198e-16 
8950.4019 4.336559e-16 
8952.2150 4.265685e-16 
8954.0282 4.147524e-16 
8955.8414 4.075360e-16 
8957.6546 4.096835e-16 
8959.4677 4.154578e-16 
8961.2809 4.116970e-16 
8963.0941 4.037941e-16 
8964.9073 3.998390e-16 
8966.7204 3.992262e-16 
8968.5336 3.977107e-16 
8970.3468 4.019600e-16 
8972.1600 4.056956e-16 
8973.9731 4.019710e-16 
8975.7863 3.973673e-16 
8977.5995 4.063753e-16 
8979.4127 4.201792e-16 
8981.2258 4.232862e-16 
8983.0390 4.097795e-16 
8984.8522 3.893937e-16 
8986.6653 3.780819e-16 
8988.4785 3.731688e-16 
8990.2917 3.654949e-16 
8992.1049 3.605897e-16 
8993.9180 3.739837e-16 
8995.7312 3.995800e-16 
8997.5444 4.154215e-16 
8999.3576 4.105743e-16 
9001.1707 3.972457e-16 
9002.9839 3.950413e-16 
9004.7971 3.984712e-16 
9006.6103 4.031322e-16 
9008.4234 4.098923e-16 
9010.2366 4.141619e-16 
9012.0498 4.049729e-16 
9013.8630 3.945193e-16 
9015.6761 3.947726e-16 
9017.4893 3.994914e-16 
9019.3025 3.952018e-16 
9021.1157 3.851581e-16 
9022.9288 3.785973e-16 
9024.7420 3.792019e-16 
9026.5552 3.870401e-16 
9028.3684 3.996122e-16 
9030.1815 4.081505e-16 
9031.9947 4.091864e-16 
9033.8079 4.034037e-16 
9035.6211 3.924288e-16 
9037.4342 3.768595e-16 
9039.2474 3.582793e-16 
9041.0606 3.543945e-16 
9042.8738 3.675381e-16 
9044.6869 3.834439e-16 
9046.5001 3.919477e-16 
9048.3133 3.911715e-16 
9050.1264 3.820957e-16 
9051.9396 3.772367e-16 
9053.7528 3.859211e-16 
9055.5660 3.943354e-16 
9057.3791 3.963772e-16 
9059.1923 3.949859e-16 
9061.0055 3.975644e-16 
9062.8187 4.069305e-16 
9064.6318 4.140810e-16 
9066.4450 4.064776e-16 
9068.2582 3.916616e-16 
9070.0714 3.807845e-16 
9071.8845 3.740077e-16 
9073.6977 3.763733e-16 
9075.5109 3.803197e-16 
9077.3241 3.813979e-16 
9079.1372 3.821055e-16 
9080.9504 3.848621e-16 
9082.7636 3.891559e-16 
9084.5768 3.892352e-16 
9086.3899 3.888208e-16 
9088.2031 3.954649e-16 
9090.0163 4.032528e-16 
9091.8295 4.014277e-16 
9093.6426 3.941767e-16 
9095.4558 3.924598e-16 
9097.2690 3.964973e-16 
9099.0822 3.923055e-16 
9100.8953 3.843609e-16 
9102.7085 3.754205e-16 
9104.5217 3.653442e-16 
9106.3349 3.597446e-16 
9108.1480 3.695483e-16 
9109.9612 3.888033e-16 
9111.7744 4.065772e-16 
9113.5875 4.149865e-16 
9115.4007 4.098030e-16 
9117.2139 3.915789e-16 
9119.0271 3.837747e-16 
9120.8402 3.914600e-16 
9122.6534 3.979209e-16 
9124.4666 3.947887e-16 
9126.2798 3.841820e-16 
9128.0929 3.743376e-16 
9129.9061 3.694389e-16 
9131.7193 3.664518e-16 
9133.5325 3.620013e-16 
9135.3456 3.609040e-16 
9137.1588 3.632117e-16 
9138.9720 3.692443e-16 
9140.7852 3.814259e-16 
9142.5983 3.935226e-16 
9144.4115 4.013314e-16 
9146.2247 4.028944e-16 
9148.0379 3.961494e-16 
9149.8510 3.812683e-16 
9151.6642 3.683756e-16 
9153.4774 3.630565e-16 
9155.2906 3.616915e-16 
9157.1037 3.587373e-16 
9158.9169 3.581010e-16 
9160.7301 3.744826e-16 
9162.5433 3.963375e-16 
9164.3564 4.050473e-16 
9166.1696 4.015956e-16 
9167.9828 4.037524e-16 
9169.7959 4.000310e-16 
9171.6091 3.830244e-16 
9173.4223 3.647462e-16 
9175.2355 3.595280e-16 
9177.0486 3.574334e-16 
9178.8618 3.643085e-16 
9180.6750 3.782430e-16 
9182.4882 3.870072e-16 
9184.3013 3.846392e-16 
9186.1145 3.829690e-16 
9187.9277 3.852872e-16 
9189.7409 3.857686e-16 
9191.5540 3.855865e-16 
9193.3672 3.957887e-16 
9195.1804 4.033926e-16 
9196.9936 4.037914e-16 
9198.8067 4.050518e-16 
9200.6199 4.105403e-16 
9202.4331 4.069434e-16 
9204.2463 3.948079e-16 
9206.0594 3.869065e-16 
9207.8726 3.867694e-16 
9209.6858 3.861013e-16 
9211.4990 3.859137e-16 
9213.3121 3.862657e-16 
9215.1253 3.849963e-16 
9216.9385 3.812872e-16 
9218.7517 3.777553e-16 
9220.5648 3.772083e-16 
9222.3780 3.821206e-16 
9224.1912 3.882825e-16 
9226.0044 3.883479e-16 
9227.8175 3.824600e-16 
9229.6307 3.835942e-16 
9231.4439 3.909966e-16 
9233.2570 3.954110e-16 
9235.0702 3.930290e-16 
9236.8834 3.891029e-16 
9238.6966 3.806498e-16 
9240.5097 3.766126e-16 
9242.3229 3.807673e-16 
9244.1361 3.813110e-16 
9245.9493 3.687344e-16 
9247.7624 3.587277e-16 
9249.5756 3.562896e-16 
9251.3888 3.592047e-16 
9253.2020 3.678013e-16 
9255.0151 3.724636e-16 
9256.8283 3.687988e-16 
9258.6415 3.664697e-16 
9260.4547 3.711098e-16 
9262.2678 3.725322e-16 
9264.0810 3.724770e-16 
9265.8942 3.781888e-16 
9267.7074 3.869071e-16 
9269.5205 3.875266e-16 
9271.3337 3.770766e-16 
9273.1469 3.691304e-16 
9274.9601 3.653174e-16 
9276.7732 3.605337e-16 
9278.5864 3.539451e-16 
9280.3996 3.483392e-16 
9282.2128 3.421569e-16 
9284.0259 3.401306e-16 
9285.8391 3.443771e-16 
9287.6523 3.499868e-16 
9289.4655 3.576642e-16 
9291.2786 3.665824e-16 
9293.0918 3.660345e-16 
9294.9050 3.514222e-16 
9296.7181 3.364607e-16 
9298.5313 3.319183e-16 
9300.3445 3.328840e-16 
9302.1577 3.331412e-16 
9303.9708 3.315894e-16 
9305.7840 3.266305e-16 
9307.5972 3.136263e-16 
9309.4104 3.079830e-16 
9311.2235 3.086018e-16 
9313.0367 2.936565e-16 
9314.8499 2.633257e-16 
9316.6631 2.500405e-16 
9318.4762 2.668469e-16 
9320.2894 2.929460e-16 
9322.1026 2.985055e-16 
9323.9158 2.822218e-16 
9325.7289 2.674508e-16 
9327.5421 2.637056e-16 
9329.3553 2.670470e-16 
9331.1685 2.716699e-16 
9332.9816 2.602610e-16 
9334.7948 2.440556e-16 
9336.6080 2.377064e-16 
9338.4212 2.369358e-16 
9340.2343 2.247386e-16 
9342.0475 2.026955e-16 
9343.8607 1.937027e-16 
9345.6739 2.164699e-16 
9347.4870 2.602991e-16 
9349.3002 2.879634e-16 
9351.1134 2.866395e-16 
9352.9266 2.680044e-16 
9354.7397 2.475589e-16 
9356.5529 2.324536e-16 
9358.3661 2.281133e-16 
9360.1792 2.392130e-16 
9361.9924 2.633918e-16 
9363.8056 2.822514e-16 
9365.6188 2.738968e-16 
9367.4319 2.512976e-16 
9369.2451 2.505743e-16 
9371.0583 2.861910e-16 
9372.8715 3.283020e-16 
9374.6846 3.317003e-16 
9376.4978 3.095620e-16 
9378.3110 2.802464e-16 
9380.1242 2.570698e-16 
9381.9373 2.495477e-16 
9383.7505 2.581105e-16 
9385.5637 2.622292e-16 
9387.3769 2.707454e-16 
9389.1900 2.914027e-16 
9391.0032 3.113158e-16 
9392.8164 3.258609e-16 
9394.6296 3.337408e-16 
9396.4427 3.348093e-16 
9398.2559 3.316714e-16 
9400.0691 3.275808e-16 
9401.8823 3.194659e-16 
9403.6954 3.134357e-16 
9405.5086 3.114626e-16 
9407.3218 3.070611e-16 
9409.1350 2.970342e-16 
9410.9481 2.971461e-16 
9412.7613 3.008162e-16 
9414.5745 3.013095e-16 
9416.3877 3.043836e-16 
9418.2008 3.122419e-16 
9420.0140 3.051030e-16 
9421.8272 2.899186e-16 
9423.6403 2.758891e-16 
9425.4535 2.569104e-16 
9427.2667 2.353016e-16 
9429.0799 2.348840e-16 
9430.8930 2.623563e-16 
9432.7062 3.028734e-16 
9434.5194 3.300180e-16 
9436.3326 3.119174e-16 
9438.1457 2.502026e-16 
9439.9589 1.888211e-16 
9441.7721 1.773633e-16 
9443.5853 2.234334e-16 
9445.3984 2.827619e-16 
9447.2116 3.124085e-16 
9449.0248 3.123756e-16 
9450.8380 3.050103e-16 
9452.6511 2.939165e-16 
9454.4643 2.889462e-16 
9456.2775 2.778669e-16 
9458.0907 2.586106e-16 
9459.9038 2.528362e-16 
9461.7170 2.734199e-16 
9463.5302 2.944496e-16 
9465.3434 3.103496e-16 
9467.1565 3.223264e-16 
9468.9697 3.217821e-16 
9470.7829 3.179623e-16 
9472.5961 3.271368e-16 
9474.4092 3.306600e-16 
9476.2224 3.101384e-16 
9478.0356 2.799905e-16 
9479.8488 2.375266e-16 
9481.6619 2.268285e-16 
9483.4751 2.578277e-16 
9485.2883 2.971521e-16 
9487.1014 3.234733e-16 
9488.9146 3.265893e-16 
9490.7278 3.110169e-16 
9492.5410 2.880278e-16 
9494.3541 2.686300e-16 
9496.1673 2.608709e-16 
9497.9805 2.653884e-16 
9499.7937 2.707445e-16 
9501.6068 2.769272e-16 
9503.4200 2.940679e-16 
9505.2332 3.090443e-16 
9507.0464 3.255778e-16 
9508.8595 3.387730e-16 
9510.6727 3.398577e-16 
9512.4859 3.305848e-16 
9514.2991 3.136428e-16 
9516.1122 2.876147e-16 
9517.9254 2.585001e-16 
9519.7386 2.361835e-16 
9521.5518 2.273411e-16 
9523.3649 2.479875e-16 
9525.1781 2.772102e-16 
9526.9913 2.984757e-16 
9528.8045 3.149649e-16 
9530.6176 3.237245e-16 
9532.4308 3.291379e-16 
9534.2440 3.326112e-16 
9536.0572 3.255262e-16 
9537.8703 3.053567e-16 
9539.6835 2.969343e-16 
9541.4967 2.950587e-16 
9543.3098 2.875607e-16 
9545.1230 2.853550e-16 
9546.9362 3.090579e-16 
9548.7494 3.315493e-16 
9550.5625 3.267583e-16 
9552.3757 3.041772e-16 
9554.1889 2.877525e-16 
9556.0021 2.826475e-16 
9557.8152 2.929541e-16 
9559.6284 3.060027e-16 
9561.4416 3.210067e-16 
9563.2548 3.384059e-16 
9565.0679 3.327471e-16 
9566.8811 3.086571e-16 
9568.6943 2.889384e-16 
9570.5075 2.930208e-16 
9572.3206 3.144847e-16 
9574.1338 3.190398e-16 
9575.9470 3.066294e-16 
9577.7602 3.007224e-16 
9579.5733 3.065411e-16 
9581.3865 3.095301e-16 
9583.1997 3.278167e-16 
9585.0129 3.393437e-16 
9586.8260 3.374935e-16 
9588.6392 3.270038e-16 
9590.4524 3.017364e-16 
9592.2656 2.908842e-16 
9594.0787 3.070167e-16 
9595.8919 3.313691e-16 
9597.7051 3.414292e-16 
