3500.0000 9.357843e-16 
3501.8450 9.989861e-16 
3503.6900 1.109482e-15 
3505.5350 1.119742e-15 
3507.3800 1.041792e-15 
3509.2250 9.996618e-16 
3511.0700 9.693484e-16 
3512.9150 9.433807e-16 
3514.7600 1.033087e-15 
3516.6049 1.085996e-15 
3518.4499 9.776433e-16 
3520.2949 8.963309e-16 
3522.1399 9.160730e-16 
3523.9849 1.023003e-15 
3525.8299 1.115354e-15 
3527.6749 1.031677e-15 
3529.5199 9.588094e-16 
3531.3649 1.031632e-15 
3533.2099 1.040478e-15 
3535.0549 1.017683e-15 
3536.8999 1.082957e-15 
3538.7449 1.083797e-15 
3540.5899 1.052775e-15 
3542.4349 1.093742e-15 
3544.2799 1.128124e-15 
3546.1248 1.129605e-15 
3547.9698 1.123399e-15 
3549.8148 1.121791e-15 
3551.6598 1.069264e-15 
3553.5048 1.019546e-15 
3555.3498 9.968068e-16 
3557.1948 9.782484e-16 
3559.0398 9.866245e-16 
3560.8848 9.957983e-16 
3562.7298 9.818921e-16 
3564.5748 9.388747e-16 
3566.4198 9.062426e-16 
3568.2648 8.804418e-16 
3570.1098 8.634420e-16 
3571.9548 9.176395e-16 
3573.7998 9.603221e-16 
3575.6448 9.316948e-16 
3577.4897 9.452290e-16 
3579.3347 9.719669e-16 
3581.1797 9.604607e-16 
3583.0247 9.073010e-16 
3584.8697 8.329538e-16 
3586.7147 7.945325e-16 
3588.5597 8.174181e-16 
3590.4047 8.139509e-16 
3592.2497 8.168072e-16 
3594.0947 8.772001e-16 
3595.9397 9.262587e-16 
3597.7847 9.390607e-16 
3599.6297 8.897917e-16 
3601.4747 8.435334e-16 
3603.3197 8.887456e-16 
3605.1647 9.539558e-16 
3607.0097 9.819531e-16 
3608.8546 1.007675e-15 
3610.6996 9.631820e-16 
3612.5446 9.139189e-16 
3614.3896 9.719800e-16 
3616.2346 1.012518e-15 
3618.0796 9.672080e-16 
3619.9246 9.247806e-16 
3621.7696 8.717075e-16 
3623.6146 8.592190e-16 
3625.4596 8.365523e-16 
3627.3046 8.076770e-16 
3629.1496 8.138238e-16 
3630.9946 8.132034e-16 
3632.8396 8.191887e-16 
3634.6846 8.020871e-16 
3636.5296 8.069978e-16 
3638.3745 8.446129e-16 
3640.2195 8.240999e-16 
3642.0645 8.119552e-16 
3643.9095 8.121315e-16 
3645.7545 8.075879e-16 
3647.5995 8.617442e-16 
3649.4445 9.229542e-16 
3651.2895 9.388291e-16 
3653.1345 9.794017e-16 
3654.9795 9.889872e-16 
3656.8245 9.168634e-16 
3658.6695 8.966849e-16 
3660.5145 9.428769e-16 
3662.3595 9.493699e-16 
3664.2045 9.751759e-16 
3666.0495 9.907381e-16 
3667.8945 9.280481e-16 
3669.7394 9.006617e-16 
3671.5844 8.868588e-16 
3673.4294 8.448467e-16 
3675.2744 8.712757e-16 
3677.1194 9.546268e-16 
3678.9644 9.445630e-16 
3680.8094 9.040846e-16 
3682.6544 8.638614e-16 
3684.4994 7.862518e-16 
3686.3444 7.987916e-16 
3688.1894 8.608274e-16 
3690.0344 9.079697e-16 
3691.8794 9.443352e-16 
3693.7244 9.124550e-16 
3695.5694 8.743968e-16 
3697.4144 8.558205e-16 
3699.2593 8.973977e-16 
3701.1043 9.144445e-16 
3702.9493 9.033882e-16 
3704.7943 9.226244e-16 
3706.6393 9.136279e-16 
3708.4843 8.915134e-16 
3710.3293 9.066266e-16 
3712.1743 8.959838e-16 
3714.0193 8.879656e-16 
3715.8643 8.699080e-16 
3717.7093 8.859161e-16 
3719.5543 8.856768e-16 
3721.3993 8.356014e-16 
3723.2443 8.396106e-16 
3725.0893 8.545139e-16 
3726.9343 8.368549e-16 
3728.7793 8.242994e-16 
3730.6242 8.472143e-16 
3732.4692 8.445505e-16 
3734.3142 8.404201e-16 
3736.1592 8.963531e-16 
3738.0042 8.896679e-16 
3739.8492 8.220429e-16 
3741.6942 8.301730e-16 
3743.5392 8.813453e-16 
3745.3842 8.729945e-16 
3747.2292 8.509188e-16 
3749.0742 8.833739e-16 
3750.9192 9.040774e-16 
3752.7642 9.262303e-16 
3754.6092 9.445403e-16 
3756.4542 9.218155e-16 
3758.2992 9.391724e-16 
3760.1442 8.991973e-16 
3761.9891 8.305723e-16 
3763.8341 8.374545e-16 
3765.6791 8.302507e-16 
3767.5241 8.416182e-16 
3769.3691 8.524322e-16 
3771.2141 8.709311e-16 
3773.0591 9.071318e-16 
3774.9041 9.228585e-16 
3776.7491 8.857051e-16 
3778.5941 8.609141e-16 
3780.4391 9.020792e-16 
3782.2841 9.038596e-16 
3784.1291 8.653790e-16 
3785.9741 8.180372e-16 
3787.8191 8.018651e-16 
3789.6641 7.975403e-16 
3791.5090 7.784283e-16 
3793.3540 8.276691e-16 
3795.1990 8.816677e-16 
3797.0440 7.943807e-16 
3798.8890 7.899440e-16 
3800.7340 8.431528e-16 
3802.5790 8.453379e-16 
3804.4240 8.417201e-16 
3806.2690 8.523963e-16 
3808.1140 8.591871e-16 
3809.9590 8.523502e-16 
3811.8040 8.511069e-16 
3813.6490 8.234210e-16 
3815.4940 8.213264e-16 
3817.3390 8.504748e-16 
3819.1840 8.500768e-16 
3821.0290 8.546169e-16 
3822.8739 8.269527e-16 
3824.7189 8.098517e-16 
3826.5639 8.209035e-16 
3828.4089 8.321454e-16 
3830.2539 8.153535e-16 
3832.0989 8.099489e-16 
3833.9439 8.252411e-16 
3835.7889 8.225615e-16 
3837.6339 8.143760e-16 
3839.4789 8.016777e-16 
3841.3239 7.961059e-16 
3843.1689 8.169198e-16 
3845.0139 8.090378e-16 
3846.8589 7.994303e-16 
3848.7039 8.184332e-16 
3850.5489 8.102918e-16 
3852.3938 8.030491e-16 
3854.2388 7.851363e-16 
3856.0838 7.624350e-16 
3857.9288 7.749694e-16 
3859.7738 8.250472e-16 
3861.6188 8.606010e-16 
3863.4638 8.695371e-16 
3865.3088 8.191740e-16 
3867.1538 7.912066e-16 
3868.9988 7.980385e-16 
3870.8438 7.962063e-16 
3872.6888 8.239039e-16 
3874.5338 8.296687e-16 
3876.3788 8.282686e-16 
3878.2238 8.330177e-16 
3880.0688 8.158266e-16 
3881.9138 8.049919e-16 
3883.7587 7.777376e-16 
3885.6037 7.732241e-16 
3887.4487 7.771691e-16 
3889.2937 8.366030e-16 
3891.1387 8.616297e-16 
3892.9837 8.469724e-16 
3894.8287 8.167020e-16 
3896.6737 7.616248e-16 
3898.5187 7.298084e-16 
3900.3637 7.357967e-16 
3902.2087 7.730277e-16 
3904.0537 7.951694e-16 
3905.8987 7.981564e-16 
3907.7437 7.722307e-16 
3909.5887 7.604460e-16 
3911.4337 7.485028e-16 
3913.2786 7.206410e-16 
3915.1236 7.388248e-16 
3916.9686 7.908910e-16 
3918.8136 8.046880e-16 
3920.6586 7.744033e-16 
3922.5036 7.746473e-16 
3924.3486 7.964887e-16 
3926.1936 7.837004e-16 
3928.0386 7.506787e-16 
3929.8836 7.588691e-16 
3931.7286 7.349081e-16 
3933.5736 7.123835e-16 
3935.4186 7.333059e-16 
3937.2636 7.521514e-16 
3939.1086 7.893833e-16 
3940.9536 7.957222e-16 
3942.7986 7.769266e-16 
3944.6435 8.176309e-16 
3946.4885 8.595312e-16 
3948.3335 8.529663e-16 
3950.1785 8.613441e-16 
3952.0235 8.425151e-16 
3953.8685 8.103581e-16 
3955.7135 7.647787e-16 
3957.5585 7.210442e-16 
3959.4035 7.319218e-16 
3961.2485 7.622696e-16 
3963.0935 7.616510e-16 
3964.9385 7.398348e-16 
3966.7835 7.479614e-16 
3968.6285 7.842150e-16 
3970.4735 8.056450e-16 
3972.3185 8.055987e-16 
3974.1635 8.219120e-16 
3976.0084 8.317942e-16 
3977.8534 8.365434e-16 
3979.6984 8.419291e-16 
3981.5434 8.131700e-16 
3983.3884 7.755972e-16 
3985.2334 7.352793e-16 
3987.0784 7.326369e-16 
3988.9234 7.818816e-16 
3990.7684 7.977374e-16 
3992.6134 7.838532e-16 
3994.4584 7.595675e-16 
3996.3034 7.047863e-16 
3998.1484 6.999934e-16 
3999.9934 7.312474e-16 
4001.8384 7.096365e-16 
4003.6834 7.078926e-16 
4005.5283 7.285760e-16 
4007.3733 7.509877e-16 
4009.2183 7.820302e-16 
4011.0633 7.847002e-16 
4012.9083 7.950260e-16 
4014.7533 8.327617e-16 
4016.5983 8.504781e-16 
4018.4433 7.917690e-16 
4020.2883 7.710116e-16 
4022.1333 7.771230e-16 
4023.9783 7.718128e-16 
4025.8233 7.849682e-16 
4027.6683 7.906048e-16 
4029.5133 7.984357e-16 
4031.3583 7.824502e-16 
4033.2033 7.917070e-16 
4035.0483 8.234955e-16 
4036.8932 7.969570e-16 
4038.7382 7.683244e-16 
4040.5832 8.053087e-16 
4042.4282 7.939441e-16 
4044.2732 7.313429e-16 
4046.1182 7.195363e-16 
4047.9632 7.343039e-16 
4049.8082 7.583188e-16 
4051.6532 7.674502e-16 
4053.4982 7.509929e-16 
4055.3432 7.338238e-16 
4057.1882 7.419629e-16 
4059.0332 7.459556e-16 
4060.8782 7.316045e-16 
4062.7232 7.302255e-16 
4064.5682 7.764211e-16 
4066.4131 8.213844e-16 
4068.2581 8.284780e-16 
4070.1031 7.624670e-16 
4071.9481 7.178553e-16 
4073.7931 7.177088e-16 
4075.6381 7.416926e-16 
4077.4831 7.968375e-16 
4079.3281 8.353826e-16 
4081.1731 8.295862e-16 
4083.0181 8.034971e-16 
4084.8631 7.788938e-16 
4086.7081 7.874243e-16 
4088.5531 7.936405e-16 
4090.3981 7.709843e-16 
4092.2431 7.697319e-16 
4094.0881 7.687665e-16 
4095.9331 7.856183e-16 
4097.7780 7.671058e-16 
4099.6230 7.014224e-16 
4101.4680 6.648668e-16 
4103.3130 6.399150e-16 
4105.1580 6.340575e-16 
4107.0030 6.265082e-16 
4108.8480 6.673309e-16 
4110.6930 7.365885e-16 
4112.5380 7.459179e-16 
4114.3830 7.374902e-16 
4116.2280 7.360693e-16 
4118.0730 7.511932e-16 
4119.9180 7.882879e-16 
4121.7630 7.783914e-16 
4123.6080 7.728060e-16 
4125.4530 8.104781e-16 
4127.2980 8.242454e-16 
4129.1429 8.007642e-16 
4130.9879 7.768456e-16 
4132.8329 7.474652e-16 
4134.6779 7.091259e-16 
4136.5229 6.777581e-16 
4138.3679 6.405166e-16 
4140.2129 6.118601e-16 
4142.0579 6.317431e-16 
4143.9029 6.388099e-16 
4145.7479 6.445864e-16 
4147.5929 6.674497e-16 
4149.4379 7.011443e-16 
4151.2829 7.642946e-16 
4153.1279 7.834116e-16 
4154.9729 7.481121e-16 
4156.8179 7.237487e-16 
4158.6628 7.777424e-16 
4160.5078 8.104113e-16 
4162.3528 7.852715e-16 
4164.1978 7.536646e-16 
4166.0428 7.477989e-16 
4167.8878 7.834008e-16 
4169.7328 8.048228e-16 
4171.5778 7.986657e-16 
4173.4228 8.083108e-16 
4175.2678 8.036666e-16 
4177.1128 7.940837e-16 
4178.9578 7.855554e-16 
4180.8028 7.925368e-16 
4182.6478 8.140243e-16 
4184.4928 8.200405e-16 
4186.3378 7.987438e-16 
4188.1828 7.880331e-16 
4190.0277 8.076255e-16 
4191.8727 8.314183e-16 
4193.7177 8.229337e-16 
4195.5627 7.982888e-16 
4197.4077 8.081998e-16 
4199.2527 8.158952e-16 
4201.0977 8.196075e-16 
4202.9427 8.251273e-16 
4204.7877 8.008623e-16 
4206.6327 7.698616e-16 
4208.4777 7.565143e-16 
4210.3227 7.643812e-16 
4212.1677 7.857119e-16 
4214.0127 7.839316e-16 
4215.8577 7.921633e-16 
4217.7027 7.622313e-16 
4219.5476 7.444280e-16 
4221.3926 7.739970e-16 
4223.2376 7.807658e-16 
4225.0826 7.511951e-16 
4226.9276 7.715378e-16 
4228.7726 7.781358e-16 
4230.6176 7.682782e-16 
4232.4626 7.581057e-16 
4234.3076 7.308530e-16 
4236.1526 7.201494e-16 
4237.9976 7.593895e-16 
4239.8426 7.851352e-16 
4241.6876 7.525732e-16 
4243.5326 7.638684e-16 
4245.3776 7.939299e-16 
4247.2226 7.806020e-16 
4249.0676 7.489673e-16 
4250.9125 7.396277e-16 
4252.7575 7.452820e-16 
4254.6025 7.411348e-16 
4256.4475 7.187918e-16 
4258.2925 7.442123e-16 
4260.1375 7.774839e-16 
4261.9825 8.022708e-16 
4263.8275 7.743742e-16 
4265.6725 7.571523e-16 
4267.5175 7.680481e-16 
4269.3625 7.551943e-16 
4271.2075 7.647416e-16 
4273.0525 7.407246e-16 
4274.8975 6.981158e-16 
4276.7425 6.690816e-16 
4278.5875 7.006073e-16 
4280.4325 6.908870e-16 
4282.2774 6.580752e-16 
4284.1224 6.848100e-16 
4285.9674 7.038761e-16 
4287.8124 7.107790e-16 
4289.6574 7.384210e-16 
4291.5024 7.523591e-16 
4293.3474 7.414563e-16 
4295.1924 7.423485e-16 
4297.0374 7.372115e-16 
4298.8824 7.381038e-16 
4300.7274 7.588812e-16 
4302.5724 7.711476e-16 
4304.4174 7.705541e-16 
4306.2624 7.707618e-16 
4308.1074 7.426446e-16 
4309.9524 6.841017e-16 
4311.7973 6.872900e-16 
4313.6423 7.415765e-16 
4315.4873 7.539060e-16 
4317.3323 7.553679e-16 
4319.1773 7.521386e-16 
4321.0223 7.474628e-16 
4322.8673 7.444139e-16 
4324.7123 7.351327e-16 
4326.5573 7.226961e-16 
4328.4023 7.218425e-16 
4330.2473 7.505385e-16 
4332.0923 7.382335e-16 
4333.9373 7.251179e-16 
4335.7823 7.385198e-16 
4337.6273 7.303739e-16 
4339.4723 7.334119e-16 
4341.3173 7.680919e-16 
4343.1622 7.951715e-16 
4345.0072 8.184007e-16 
4346.8522 7.856210e-16 
4348.6972 7.450150e-16 
4350.5422 7.179715e-16 
4352.3872 6.968142e-16 
4354.2322 7.040803e-16 
4356.0772 7.079031e-16 
4357.9222 7.019120e-16 
4359.7672 6.996654e-16 
4361.6122 7.008191e-16 
4363.4572 7.128521e-16 
4365.3022 7.013804e-16 
4367.1472 7.211409e-16 
4368.9922 7.160562e-16 
4370.8372 7.097969e-16 
4372.6821 7.306755e-16 
4374.5271 7.281158e-16 
4376.3721 7.260954e-16 
4378.2171 7.105683e-16 
4380.0621 6.851069e-16 
4381.9071 6.940641e-16 
4383.7521 6.910689e-16 
4385.5971 6.583736e-16 
4387.4421 6.643316e-16 
4389.2871 6.716084e-16 
4391.1321 6.607407e-16 
4392.9771 6.749855e-16 
4394.8221 6.844102e-16 
4396.6671 6.766878e-16 
4398.5121 6.559715e-16 
4400.3571 6.618182e-16 
4402.2021 6.945973e-16 
4404.0470 7.079386e-16 
4405.8920 7.001578e-16 
4407.7370 6.699348e-16 
4409.5820 6.432672e-16 
4411.4270 6.424969e-16 
4413.2720 6.701366e-16 
4415.1170 6.745154e-16 
4416.9620 6.563754e-16 
4418.8070 6.553880e-16 
4420.6520 6.862269e-16 
4422.4970 7.175578e-16 
4424.3420 6.996972e-16 
4426.1870 6.964145e-16 
4428.0320 6.868597e-16 
4429.8770 6.711234e-16 
4431.7220 6.894122e-16 
4433.5669 6.713875e-16 
4435.4119 6.341635e-16 
4437.2569 6.376003e-16 
4439.1019 6.743590e-16 
4440.9469 6.871818e-16 
4442.7919 6.828140e-16 
4444.6369 6.958494e-16 
4446.4819 6.855088e-16 
4448.3269 6.677362e-16 
4450.1719 6.724920e-16 
4452.0169 7.049589e-16 
4453.8619 7.023909e-16 
4455.7069 6.939609e-16 
4457.5519 6.810825e-16 
4459.3969 6.651467e-16 
4461.2419 6.905659e-16 
4463.0869 7.125732e-16 
4464.9318 7.026290e-16 
4466.7768 6.905015e-16 
4468.6218 7.068432e-16 
4470.4668 6.984146e-16 
4472.3118 6.976401e-16 
4474.1568 6.937789e-16 
4476.0018 6.716527e-16 
4477.8468 6.650168e-16 
4479.6918 6.715643e-16 
4481.5368 6.898352e-16 
4483.3818 6.685095e-16 
4485.2268 6.710892e-16 
4487.0718 6.526826e-16 
4488.9168 6.162215e-16 
4490.7618 6.343988e-16 
4492.6068 6.391478e-16 
4494.4518 6.223408e-16 
4496.2967 6.244605e-16 
4498.1417 6.243856e-16 
4499.9867 6.517751e-16 
4501.8317 7.124505e-16 
4503.6767 7.090292e-16 
4505.5217 6.793989e-16 
4507.3667 6.912954e-16 
4509.2117 7.143724e-16 
4511.0567 7.121201e-16 
4512.9017 6.768313e-16 
4514.7467 6.736300e-16 
4516.5917 7.094819e-16 
4518.4367 7.327046e-16 
4520.2817 7.116875e-16 
4522.1267 6.954279e-16 
4523.9717 6.939171e-16 
4525.8166 6.820064e-16 
4527.6616 6.350563e-16 
4529.5066 6.188294e-16 
4531.3516 6.483150e-16 
4533.1966 6.719517e-16 
4535.0416 7.045741e-16 
4536.8866 7.413859e-16 
4538.7316 7.316199e-16 
4540.5766 7.278922e-16 
4542.4216 7.369180e-16 
4544.2666 7.305927e-16 
4546.1116 7.417838e-16 
4547.9566 7.534725e-16 
4549.8016 7.379386e-16 
4551.6466 7.576813e-16 
4553.4916 7.799512e-16 
4555.3366 7.598544e-16 
4557.1815 7.397561e-16 
4559.0265 7.456425e-16 
4560.8715 7.410840e-16 
4562.7165 7.380488e-16 
4564.5615 7.507756e-16 
4566.4065 7.372181e-16 
4568.2515 7.311791e-16 
4570.0965 7.454876e-16 
4571.9415 7.207310e-16 
4573.7865 6.964929e-16 
4575.6315 6.957535e-16 
4577.4765 6.959666e-16 
4579.3215 7.023265e-16 
4581.1665 7.168224e-16 
4583.0115 7.310918e-16 
4584.8565 7.473501e-16 
4586.7014 7.459637e-16 
4588.5464 7.267056e-16 
4590.3914 7.323732e-16 
4592.2364 7.608368e-16 
4594.0814 7.416853e-16 
4595.9264 6.974550e-16 
4597.7714 6.933177e-16 
4599.6164 7.256500e-16 
4601.4614 7.618615e-16 
4603.3064 7.600110e-16 
4605.1514 7.397695e-16 
4606.9964 7.258641e-16 
4608.8414 7.089540e-16 
4610.6864 6.993481e-16 
4612.5314 7.178259e-16 
4614.3764 7.249020e-16 
4616.2214 6.914487e-16 
4618.0663 6.930288e-16 
4619.9113 7.068052e-16 
4621.7563 7.027751e-16 
4623.6013 7.015042e-16 
4625.4463 6.914527e-16 
4627.2913 7.178926e-16 
4629.1363 7.316775e-16 
4630.9813 7.239468e-16 
4632.8263 7.043069e-16 
4634.6713 6.898375e-16 
4636.5163 6.840186e-16 
4638.3613 7.046758e-16 
4640.2063 7.225100e-16 
4642.0513 7.294973e-16 
4643.8963 7.363382e-16 
4645.7413 7.073179e-16 
4647.5863 6.823412e-16 
4649.4312 6.784277e-16 
4651.2762 6.817340e-16 
4653.1212 6.862506e-16 
4654.9662 7.003111e-16 
4656.8112 6.856068e-16 
4658.6562 6.819380e-16 
4660.5012 6.813293e-16 
4662.3462 6.764318e-16 
4664.1912 7.087254e-16 
4666.0362 7.292787e-16 
4667.8812 7.239912e-16 
4669.7262 7.167801e-16 
4671.5712 7.199177e-16 
4673.4162 7.381952e-16 
4675.2612 7.253125e-16 
4677.1062 7.156733e-16 
4678.9511 7.483087e-16 
4680.7961 7.661042e-16 
4682.6411 7.310986e-16 
4684.4861 7.131520e-16 
4686.3311 7.235752e-16 
4688.1761 6.955054e-16 
4690.0211 6.959050e-16 
4691.8661 7.400828e-16 
4693.7111 7.457336e-16 
4695.5561 7.509992e-16 
4697.4011 7.670448e-16 
4699.2461 7.600896e-16 
4701.0911 7.611563e-16 
4702.9361 7.502658e-16 
4704.7811 7.470769e-16 
4706.6261 7.507001e-16 
4708.4711 7.367906e-16 
4710.3160 7.434828e-16 
4712.1610 7.438003e-16 
4714.0060 7.220413e-16 
4715.8510 7.060848e-16 
4717.6960 7.060988e-16 
4719.5410 7.139614e-16 
4721.3860 7.205039e-16 
4723.2310 7.145144e-16 
4725.0760 6.901518e-16 
4726.9210 6.840310e-16 
4728.7660 6.995611e-16 
4730.6110 7.171502e-16 
4732.4560 7.212625e-16 
4734.3010 7.188052e-16 
4736.1460 7.227146e-16 
4737.9910 7.251926e-16 
4739.8359 7.417343e-16 
4741.6809 7.477765e-16 
4743.5259 7.203452e-16 
4745.3709 7.203166e-16 
4747.2159 7.336825e-16 
4749.0609 7.033455e-16 
4750.9059 6.818363e-16 
4752.7509 6.897413e-16 
4754.5959 7.178836e-16 
4756.4409 7.433422e-16 
4758.2859 7.227181e-16 
4760.1309 6.811440e-16 
4761.9759 6.795118e-16 
4763.8209 7.059312e-16 
4765.6659 7.252975e-16 
4767.5109 7.144938e-16 
4769.3559 7.004893e-16 
4771.2008 7.064688e-16 
4773.0458 7.087424e-16 
4774.8908 7.208064e-16 
4776.7358 7.033424e-16 
4778.5808 6.878808e-16 
4780.4258 7.064487e-16 
4782.2708 6.986530e-16 
4784.1158 6.945247e-16 
4785.9608 7.283430e-16 
4787.8058 7.495107e-16 
4789.6508 7.163330e-16 
4791.4958 7.060450e-16 
4793.3408 6.984598e-16 
4795.1858 7.002474e-16 
4797.0308 7.262859e-16 
4798.8758 7.308113e-16 
4800.7208 7.257780e-16 
4802.5657 7.315497e-16 
4804.4107 7.527616e-16 
4806.2557 7.623201e-16 
4808.1007 7.305912e-16 
4809.9457 7.136537e-16 
4811.7907 7.362683e-16 
4813.6357 7.492163e-16 
4815.4807 7.414421e-16 
4817.3257 7.409010e-16 
4819.1707 7.429041e-16 
4821.0157 7.359445e-16 
4822.8607 7.185045e-16 
4824.7057 7.127496e-16 
4826.5507 7.144837e-16 
4828.3957 7.214065e-16 
4830.2407 7.333186e-16 
4832.0856 7.282918e-16 
4833.9306 7.189491e-16 
4835.7756 7.274415e-16 
4837.6206 7.374584e-16 
4839.4656 7.333621e-16 
4841.3106 7.154340e-16 
4843.1556 7.047494e-16 
4845.0006 7.166441e-16 
4846.8456 7.367681e-16 
4848.6906 7.382563e-16 
4850.5356 7.280229e-16 
4852.3806 7.184184e-16 
4854.2256 7.145991e-16 
4856.0706 7.213116e-16 
4857.9156 7.336544e-16 
4859.7606 7.442946e-16 
4861.6056 7.474379e-16 
4863.4505 7.364121e-16 
4865.2955 7.123567e-16 
4867.1405 6.921657e-16 
4868.9855 6.878206e-16 
4870.8305 6.709350e-16 
4872.6755 6.781327e-16 
4874.5205 7.068382e-16 
4876.3655 7.146838e-16 
4878.2105 7.121992e-16 
4880.0555 7.199234e-16 
4881.9005 7.257572e-16 
4883.7455 7.042305e-16 
4885.5905 7.005533e-16 
4887.4355 7.076103e-16 
4889.2805 7.354861e-16 
4891.1255 7.359518e-16 
4892.9704 7.275328e-16 
4894.8154 7.312724e-16 
4896.6604 7.184697e-16 
4898.5054 7.183961e-16 
4900.3504 7.359870e-16 
4902.1954 7.330634e-16 
4904.0404 7.126396e-16 
4905.8854 7.206932e-16 
4907.7304 7.334832e-16 
4909.5754 7.181994e-16 
4911.4204 7.090858e-16 
4913.2654 7.172254e-16 
4915.1104 7.120707e-16 
4916.9554 7.125759e-16 
4918.8004 7.053680e-16 
4920.6454 7.009220e-16 
4922.4904 7.182796e-16 
4924.3353 7.329709e-16 
4926.1803 7.050060e-16 
4928.0253 7.087202e-16 
4929.8703 7.191761e-16 
4931.7153 7.043727e-16 
4933.5603 6.970406e-16 
4935.4053 7.067826e-16 
4937.2503 7.036761e-16 
4939.0953 7.071357e-16 
4940.9403 7.042527e-16 
4942.7853 6.942130e-16 
4944.6303 6.899128e-16 
4946.4753 7.064296e-16 
4948.3203 6.972050e-16 
4950.1653 6.782847e-16 
4952.0103 6.966409e-16 
4953.8553 7.114115e-16 
4955.7002 7.188260e-16 
4957.5452 7.136025e-16 
4959.3902 6.853339e-16 
4961.2352 6.960404e-16 
4963.0802 6.968735e-16 
4964.9252 6.857114e-16 
4966.7702 6.778013e-16 
4968.6152 6.790898e-16 
4970.4602 6.873279e-16 
4972.3052 6.743073e-16 
4974.1502 7.023700e-16 
4975.9952 7.234239e-16 
4977.8402 6.872062e-16 
4979.6852 7.000298e-16 
4981.5302 7.263873e-16 
4983.3752 7.215487e-16 
4985.2201 7.154580e-16 
4987.0651 6.952861e-16 
4988.9101 6.736693e-16 
4990.7551 6.963917e-16 
4992.6001 7.090407e-16 
4994.4451 6.993376e-16 
4996.2901 6.911335e-16 
4998.1351 6.921544e-16 
4999.9801 7.014261e-16 
5001.8251 7.074308e-16 
5003.6701 7.272633e-16 
5005.5151 7.371835e-16 
5007.3601 7.167332e-16 
5009.2051 6.960919e-16 
5011.0501 7.164763e-16 
5012.8951 7.372417e-16 
5014.7401 7.078808e-16 
5016.5850 6.947482e-16 
5018.4300 7.069255e-16 
5020.2750 7.212719e-16 
5022.1200 7.266595e-16 
5023.9650 7.327877e-16 
5025.8100 7.327362e-16 
5027.6550 7.187449e-16 
5029.5000 7.227959e-16 
5031.3450 7.469561e-16 
5033.1900 7.584930e-16 
5035.0350 7.311033e-16 
5036.8800 7.231964e-16 
5038.7250 7.363840e-16 
5040.5700 7.310263e-16 
5042.4150 7.347593e-16 
5044.2600 7.435254e-16 
5046.1049 7.337962e-16 
5047.9499 7.401667e-16 
5049.7949 7.651842e-16 
5051.6399 7.381148e-16 
5053.4849 7.214764e-16 
5055.3299 7.435562e-16 
5057.1749 7.541312e-16 
5059.0199 7.546605e-16 
5060.8649 7.633966e-16 
5062.7099 7.520036e-16 
5064.5549 7.245699e-16 
5066.3999 7.146399e-16 
5068.2449 7.005752e-16 
5070.0899 6.832022e-16 
5071.9349 6.713230e-16 
5073.7799 6.637712e-16 
5075.6249 6.696766e-16 
5077.4698 6.766342e-16 
5079.3148 6.941066e-16 
5081.1598 7.210615e-16 
5083.0048 7.340769e-16 
5084.8498 7.441056e-16 
5086.6948 7.726016e-16 
5088.5398 7.705654e-16 
5090.3848 7.538746e-16 
5092.2298 7.689888e-16 
5094.0748 7.693912e-16 
5095.9198 7.564092e-16 
5097.7648 7.502910e-16 
5099.6098 7.448299e-16 
5101.4548 7.312585e-16 
5103.2998 7.327462e-16 
5105.1448 7.430629e-16 
5106.9897 7.571345e-16 
5108.8347 7.600943e-16 
5110.6797 7.777744e-16 
5112.5247 7.846742e-16 
5114.3697 7.800348e-16 
5116.2147 7.808958e-16 
5118.0597 7.934114e-16 
5119.9047 7.928384e-16 
5121.7497 7.937792e-16 
5123.5947 7.982052e-16 
5125.4397 7.921910e-16 
5127.2847 7.814184e-16 
5129.1297 7.914896e-16 
5130.9747 7.676267e-16 
5132.8197 7.824003e-16 
5134.6647 7.800018e-16 
5136.5097 7.503649e-16 
5138.3546 7.356316e-16 
5140.1996 7.429403e-16 
5142.0446 7.628069e-16 
5143.8896 7.767542e-16 
5145.7346 7.817991e-16 
5147.5796 7.564981e-16 
5149.4246 7.474345e-16 
5151.2696 7.520788e-16 
5153.1146 7.653813e-16 
5154.9596 7.682294e-16 
5156.8046 7.595882e-16 
5158.6496 7.498692e-16 
5160.4946 7.503469e-16 
5162.3396 7.441106e-16 
5164.1846 7.614649e-16 
5166.0296 7.489631e-16 
5167.8746 7.366402e-16 
5169.7195 7.211947e-16 
5171.5645 6.905377e-16 
5173.4095 6.789235e-16 
5175.2545 7.013836e-16 
5177.0995 7.269407e-16 
5178.9445 7.143786e-16 
5180.7895 7.100755e-16 
5182.6345 6.782545e-16 
5184.4795 6.626653e-16 
5186.3245 6.623181e-16 
5188.1695 6.887359e-16 
5190.0145 7.225634e-16 
5191.8595 7.023100e-16 
5193.7045 6.948735e-16 
5195.5495 7.040144e-16 
5197.3945 6.969971e-16 
5199.2394 6.797095e-16 
5201.0844 6.466463e-16 
5202.9294 6.642204e-16 
5204.7744 6.825851e-16 
5206.6194 6.651260e-16 
5208.4644 6.686302e-16 
5210.3094 6.879999e-16 
5212.1544 6.919012e-16 
5213.9994 6.920243e-16 
5215.8444 6.746851e-16 
5217.6894 6.709322e-16 
5219.5344 6.783196e-16 
5221.3794 6.700852e-16 
5223.2244 6.779377e-16 
5225.0694 6.965405e-16 
5226.9144 7.360764e-16 
5228.7594 7.415758e-16 
5230.6043 7.058067e-16 
5232.4493 6.723037e-16 
5234.2943 6.452700e-16 
5236.1393 6.393069e-16 
5237.9843 6.466974e-16 
5239.8293 6.419045e-16 
5241.6743 6.746995e-16 
5243.5193 6.930751e-16 
5245.3643 6.743257e-16 
5247.2093 6.787082e-16 
5249.0543 6.787321e-16 
5250.8993 6.744668e-16 
5252.7443 6.881816e-16 
5254.5893 7.012806e-16 
5256.4343 6.903473e-16 
5258.2793 6.588320e-16 
5260.1242 6.396851e-16 
5261.9692 6.335593e-16 
5263.8142 6.426822e-16 
5265.6592 6.559581e-16 
5267.5042 6.645248e-16 
5269.3492 6.634388e-16 
5271.1942 6.581117e-16 
5273.0392 6.451284e-16 
5274.8842 6.306129e-16 
5276.7292 6.411142e-16 
5278.5742 6.432434e-16 
5280.4192 6.539058e-16 
5282.2642 6.836839e-16 
5284.1092 6.789492e-16 
5285.9542 6.889417e-16 
5287.7992 6.919911e-16 
5289.6442 6.950174e-16 
5291.4891 6.678964e-16 
5293.3341 6.544605e-16 
5295.1791 6.624782e-16 
5297.0241 6.776317e-16 
5298.8691 6.701584e-16 
5300.7141 6.805703e-16 
5302.5591 6.604610e-16 
5304.4041 6.553433e-16 
5306.2491 6.455395e-16 
5308.0941 6.574223e-16 
5309.9391 6.801111e-16 
5311.7841 6.706359e-16 
5313.6291 6.651848e-16 
5315.4741 6.433325e-16 
5317.3191 6.457206e-16 
5319.1641 6.646372e-16 
5321.0091 6.555876e-16 
5322.8540 6.403651e-16 
5324.6990 6.392167e-16 
5326.5440 6.213590e-16 
5328.3890 6.243028e-16 
5330.2340 6.289322e-16 
5332.0790 6.353454e-16 
5333.9240 6.397659e-16 
5335.7690 6.416696e-16 
5337.6140 6.496150e-16 
5339.4590 6.281315e-16 
5341.3040 6.353980e-16 
5343.1490 6.544583e-16 
5344.9940 6.603646e-16 
5346.8390 6.444752e-16 
5348.6840 6.375636e-16 
5350.5290 6.206073e-16 
5352.3739 6.041411e-16 
5354.2189 5.976045e-16 
5356.0639 6.143517e-16 
5357.9089 6.072410e-16 
5359.7539 6.249455e-16 
5361.5989 6.347467e-16 
5363.4439 6.127476e-16 
5365.2889 5.900239e-16 
5367.1339 5.631442e-16 
5368.9789 5.748073e-16 
5370.8239 6.078828e-16 
5372.6689 6.086599e-16 
5374.5139 5.951694e-16 
5376.3589 6.018547e-16 
5378.2039 6.084856e-16 
5380.0489 6.182653e-16 
5381.8939 6.111993e-16 
5383.7388 5.949708e-16 
5385.5838 5.710016e-16 
5387.4288 5.902137e-16 
5389.2738 6.107460e-16 
5391.1188 6.039023e-16 
5392.9638 5.720975e-16 
5394.8088 5.515541e-16 
5396.6538 5.369287e-16 
5398.4988 5.378598e-16 
5400.3438 5.373747e-16 
5402.1888 5.320990e-16 
5404.0338 5.450855e-16 
5405.8788 5.570608e-16 
5407.7238 5.608369e-16 
5409.5688 5.541150e-16 
5411.4138 5.493312e-16 
5413.2587 5.465789e-16 
5415.1037 5.334998e-16 
5416.9487 5.260178e-16 
5418.7937 5.469557e-16 
5420.6387 5.744256e-16 
5422.4837 5.790099e-16 
5424.3287 5.669270e-16 
5426.1737 5.689815e-16 
5428.0187 5.763999e-16 
5429.8637 5.736308e-16 
5431.7087 5.748688e-16 
5433.5537 5.601654e-16 
5435.3987 5.538463e-16 
5437.2437 5.684947e-16 
5439.0887 5.585373e-16 
5440.9337 5.457248e-16 
5442.7787 5.463873e-16 
5444.6236 5.587379e-16 
5446.4686 5.758900e-16 
5448.3136 5.887668e-16 
5450.1586 6.125585e-16 
5452.0036 6.091970e-16 
5453.8486 5.858388e-16 
5455.6936 5.613179e-16 
5457.5386 5.473190e-16 
5459.3836 5.578153e-16 
5461.2286 5.680696e-16 
5463.0736 5.819267e-16 
5464.9186 5.866807e-16 
5466.7636 5.957091e-16 
5468.6086 6.031833e-16 
5470.4536 5.829146e-16 
5472.2986 5.764963e-16 
5474.1436 5.808966e-16 
5475.9885 5.802684e-16 
5477.8335 5.763532e-16 
5479.6785 5.552838e-16 
5481.5235 5.478630e-16 
5483.3685 5.605536e-16 
5485.2135 5.808794e-16 
5487.0585 5.688543e-16 
5488.9035 5.640482e-16 
5490.7485 5.704347e-16 
5492.5935 5.546562e-16 
5494.4385 5.344748e-16 
5496.2835 5.431974e-16 
5498.1285 5.615703e-16 
5499.9735 5.567838e-16 
5501.8185 4.927287e-16 
5503.6635 5.181673e-16 
5505.5084 5.562620e-16 
5507.3534 5.687015e-16 
5509.1984 5.548801e-16 
5511.0434 5.363909e-16 
5512.8884 5.210706e-16 
5514.7334 5.248092e-16 
5516.5784 5.868516e-16 
5518.4234 6.084082e-16 
5520.2684 5.854831e-16 
5522.1134 5.660936e-16 
5523.9584 5.687734e-16 
5525.8034 5.875726e-16 
5527.6484 5.975524e-16 
5529.4934 6.005745e-16 
5531.3384 6.009553e-16 
5533.1834 5.874560e-16 
5535.0284 5.612132e-16 
5536.8733 5.776216e-16 
5538.7183 5.880989e-16 
5540.5633 5.812272e-16 
5542.4083 5.881703e-16 
5544.2533 5.823516e-16 
5546.0983 5.578535e-16 
5547.9433 5.452640e-16 
5549.7883 5.517562e-16 
5551.6333 5.571358e-16 
5553.4783 5.519845e-16 
5555.3233 5.402044e-16 
5557.1683 5.291480e-16 
5559.0133 5.222083e-16 
5560.8583 5.281118e-16 
5562.7033 5.509112e-16 
5564.5483 5.542930e-16 
5566.3932 5.586918e-16 
5568.2382 5.740578e-16 
5570.0832 5.822501e-16 
5571.9282 5.764497e-16 
5573.7732 5.809444e-16 
5575.6182 5.809383e-16 
5577.4632 5.707612e-16 
5579.3082 5.642543e-16 
5581.1532 5.713230e-16 
5582.9982 5.849559e-16 
5584.8432 5.943635e-16 
5586.6882 6.049344e-16 
5588.5332 6.134474e-16 
5590.3782 6.061932e-16 
5592.2232 5.973840e-16 
5594.0682 5.938479e-16 
5595.9132 5.869926e-16 
5597.7581 5.746054e-16 
5599.6031 5.681611e-16 
5601.4481 5.721463e-16 
5603.2931 5.799155e-16 
5605.1381 5.789349e-16 
5606.9831 5.758072e-16 
5608.8281 5.847657e-16 
5610.6731 5.949396e-16 
5612.5181 6.094496e-16 
5614.3631 6.267286e-16 
5616.2081 6.256993e-16 
5618.0531 5.995913e-16 
5619.8981 5.884837e-16 
5621.7431 6.039571e-16 
5623.5881 6.153771e-16 
5625.4331 5.997567e-16 
5627.2780 5.676874e-16 
5629.1230 5.449856e-16 
5630.9680 5.503650e-16 
5632.8130 5.704384e-16 
5634.6580 5.758421e-16 
5636.5030 5.615867e-16 
5638.3480 5.539150e-16 
5640.1930 5.463176e-16 
5642.0380 5.491587e-16 
5643.8830 5.555112e-16 
5645.7280 5.518273e-16 
5647.5730 5.518878e-16 
5649.4180 5.700887e-16 
5651.2630 5.737173e-16 
5653.1080 5.581550e-16 
5654.9530 5.539761e-16 
5656.7980 5.730285e-16 
5658.6429 5.878259e-16 
5660.4879 5.889792e-16 
5662.3329 5.803108e-16 
5664.1779 5.695207e-16 
5666.0229 5.643432e-16 
5667.8679 5.658508e-16 
5669.7129 5.553341e-16 
5671.5579 5.486305e-16 
5673.4029 5.551538e-16 
5675.2479 5.532755e-16 
5677.0929 5.538794e-16 
5678.9379 5.556129e-16 
5680.7829 5.552166e-16 
5682.6279 5.533907e-16 
5684.4729 5.470258e-16 
5686.3179 5.281498e-16 
5688.1629 5.328230e-16 
5690.0078 5.394550e-16 
5691.8528 5.271152e-16 
5693.6978 5.213089e-16 
5695.5428 5.338641e-16 
5697.3878 5.605360e-16 
5699.2328 5.609119e-16 
5701.0778 5.464759e-16 
5702.9228 5.592661e-16 
5704.7678 5.591688e-16 
5706.6128 5.350728e-16 
5708.4578 5.290504e-16 
5710.3028 5.390581e-16 
5712.1478 5.325353e-16 
5713.9928 5.356510e-16 
5715.8378 5.277908e-16 
5717.6828 5.215278e-16 
5719.5277 5.278138e-16 
5721.3727 5.366764e-16 
5723.2177 5.431805e-16 
5725.0627 5.450711e-16 
5726.9077 5.433372e-16 
5728.7527 5.522328e-16 
5730.5977 5.696488e-16 
5732.4427 5.623542e-16 
5734.2877 5.418753e-16 
5736.1327 5.435819e-16 
5737.9777 5.559414e-16 
5739.8227 5.542067e-16 
5741.6677 5.524577e-16 
5743.5127 5.376504e-16 
5745.3577 5.339393e-16 
5747.2027 5.410707e-16 
5749.0477 5.421453e-16 
5750.8926 5.398456e-16 
5752.7376 5.279782e-16 
5754.5826 5.310613e-16 
5756.4276 5.598217e-16 
5758.2726 5.768771e-16 
5760.1176 5.489639e-16 
5761.9626 5.434818e-16 
5763.8076 5.526455e-16 
5765.6526 5.527059e-16 
5767.4976 5.443668e-16 
5769.3426 5.428116e-16 
5771.1876 5.531957e-16 
5773.0326 5.488706e-16 
5774.8776 5.479934e-16 
5776.7226 5.593347e-16 
5778.5676 5.563653e-16 
5780.4125 5.566129e-16 
5782.2575 5.646278e-16 
5784.1025 5.691773e-16 
5785.9475 5.663197e-16 
5787.7925 5.621577e-16 
5789.6375 5.527300e-16 
5791.4825 5.440448e-16 
5793.3275 5.585927e-16 
5795.1725 5.818352e-16 
5797.0175 5.733562e-16 
5798.8625 5.437657e-16 
5800.7075 5.294538e-16 
5802.5525 5.205737e-16 
5804.3975 5.105759e-16 
5806.2425 5.173984e-16 
5808.0875 5.369810e-16 
5809.9325 5.403386e-16 
5811.7774 5.359542e-16 
5813.6224 5.433023e-16 
5815.4674 5.544786e-16 
5817.3124 5.449782e-16 
5819.1574 5.337869e-16 
5821.0024 5.427341e-16 
5822.8474 5.560937e-16 
5824.6924 5.534112e-16 
5826.5374 5.491975e-16 
5828.3824 5.343658e-16 
5830.2274 5.192747e-16 
5832.0724 5.096234e-16 
5833.9174 5.076398e-16 
5835.7624 5.216224e-16 
5837.6074 5.327292e-16 
5839.4524 5.183421e-16 
5841.2974 5.083917e-16 
5843.1423 5.274212e-16 
5844.9873 5.392244e-16 
5846.8323 5.329929e-16 
5848.6773 5.316318e-16 
5850.5223 5.329782e-16 
5852.3673 5.249272e-16 
5854.2123 5.196998e-16 
5856.0573 5.262552e-16 
5857.9023 5.322797e-16 
5859.7473 5.382742e-16 
5861.5923 5.480266e-16 
5863.4373 5.527104e-16 
5865.2823 5.491034e-16 
5867.1273 5.390311e-16 
5868.9723 5.303532e-16 
5870.8173 5.307845e-16 
5872.6622 5.333061e-16 
5874.5072 5.157568e-16 
5876.3522 5.071968e-16 
5878.1972 5.155456e-16 
5880.0422 5.271320e-16 
5881.8872 5.310174e-16 
5883.7322 5.211841e-16 
5885.5772 5.119745e-16 
5887.4222 5.146035e-16 
5889.2672 5.188118e-16 
5891.1122 5.123630e-16 
5892.9572 5.105220e-16 
5894.8022 5.130946e-16 
5896.6472 5.189090e-16 
5898.4922 5.248711e-16 
5900.3372 5.261800e-16 
5902.1822 5.234032e-16 
5904.0271 5.210481e-16 
5905.8721 5.193656e-16 
5907.7171 5.118285e-16 
5909.5621 5.016348e-16 
5911.4071 5.077019e-16 
5913.2521 5.198936e-16 
5915.0971 5.435487e-16 
5916.9421 5.572247e-16 
5918.7871 5.421632e-16 
5920.6321 5.300926e-16 
5922.4771 5.210775e-16 
5924.3221 5.286964e-16 
5926.1671 5.489639e-16 
5928.0121 5.553593e-16 
5929.8571 5.367149e-16 
5931.7021 5.255570e-16 
5933.5470 5.310011e-16 
5935.3920 5.340762e-16 
5937.2370 5.240790e-16 
5939.0820 5.228656e-16 
5940.9270 5.532856e-16 
5942.7720 5.734351e-16 
5944.6170 5.594370e-16 
5946.4620 5.314703e-16 
5948.3070 5.163875e-16 
5950.1520 5.187643e-16 
5951.9970 5.463753e-16 
5953.8420 5.551312e-16 
5955.6870 5.213170e-16 
5957.5320 4.938862e-16 
5959.3770 5.034274e-16 
5961.2220 5.283461e-16 
5963.0670 5.426022e-16 
5964.9119 5.458451e-16 
5966.7569 5.484337e-16 
5968.6019 5.436630e-16 
5970.4469 5.583442e-16 
5972.2919 5.708637e-16 
5974.1369 5.593193e-16 
5975.9819 5.467520e-16 
5977.8269 5.519292e-16 
5979.6719 5.537211e-16 
5981.5169 5.569836e-16 
5983.3619 5.670021e-16 
5985.2069 5.671200e-16 
5987.0519 5.517012e-16 
5988.8969 5.452519e-16 
5990.7419 5.368700e-16 
5992.5869 5.291180e-16 
5994.4319 5.421957e-16 
5996.2768 5.571015e-16 
5998.1218 5.568171e-16 
5999.9668 5.535017e-16 
6001.8118 5.619857e-16 
6003.6568 5.692480e-16 
6005.5018 5.517314e-16 
6007.3468 5.481163e-16 
6009.1918 5.501891e-16 
6011.0368 5.403768e-16 
6012.8818 5.273569e-16 
6014.7268 5.280534e-16 
6016.5718 5.426470e-16 
6018.4168 5.467580e-16 
6020.2618 5.452470e-16 
6022.1068 5.598067e-16 
6023.9518 5.773363e-16 
6025.7967 5.631375e-16 
6027.6417 5.482966e-16 
6029.4867 5.488476e-16 
6031.3317 5.430578e-16 
6033.1767 5.216887e-16 
6035.0217 5.154643e-16 
6036.8667 5.378873e-16 
6038.7117 5.617042e-16 
6040.5567 5.587979e-16 
6042.4017 5.419944e-16 
6044.2467 5.421104e-16 
6046.0917 5.428748e-16 
6047.9367 5.403654e-16 
6049.7817 5.459575e-16 
6051.6267 5.549048e-16 
6053.4717 5.502611e-16 
6055.3167 5.498177e-16 
6057.1616 5.580731e-16 
6059.0066 5.602280e-16 
6060.8516 5.488313e-16 
6062.6966 5.380333e-16 
6064.5416 5.380069e-16 
6066.3866 5.447531e-16 
6068.2316 5.504342e-16 
6070.0766 5.509581e-16 
6071.9216 5.432040e-16 
6073.7666 5.362470e-16 
6075.6116 5.367983e-16 
6077.4566 5.385289e-16 
6079.3016 5.367996e-16 
6081.1466 5.459811e-16 
6082.9916 5.569515e-16 
6084.8366 5.538673e-16 
6086.6815 5.406815e-16 
6088.5265 5.357052e-16 
6090.3715 5.432530e-16 
6092.2165 5.570114e-16 
6094.0615 5.672316e-16 
6095.9065 5.701377e-16 
6097.7515 5.710879e-16 
6099.5965 5.757857e-16 
6101.4415 5.733194e-16 
6103.2865 5.637962e-16 
6105.1315 5.621469e-16 
6106.9765 5.727910e-16 
6108.8215 5.753438e-16 
6110.6665 5.651007e-16 
6112.5115 5.577824e-16 
6114.3565 5.578095e-16 
6116.2015 5.540804e-16 
6118.0464 5.471305e-16 
6119.8914 5.634247e-16 
6121.7364 5.747011e-16 
6123.5814 5.650660e-16 
6125.4264 5.558864e-16 
6127.2714 5.661709e-16 
6129.1164 5.807787e-16 
6130.9614 5.879592e-16 
6132.8064 5.803806e-16 
6134.6514 5.633033e-16 
6136.4964 5.514090e-16 
6138.3414 5.410563e-16 
6140.1864 5.368669e-16 
6142.0314 5.383683e-16 
6143.8764 5.347697e-16 
6145.7214 5.213790e-16 
6147.5664 5.180415e-16 
6149.4113 5.276937e-16 
6151.2563 5.355859e-16 
6153.1013 5.280232e-16 
6154.9463 5.148339e-16 
6156.7913 5.290004e-16 
6158.6363 5.631414e-16 
6160.4813 5.769487e-16 
6162.3263 5.625909e-16 
6164.1713 5.533979e-16 
6166.0163 5.558704e-16 
6167.8613 5.605819e-16 
6169.7063 5.573264e-16 
6171.5513 5.515280e-16 
6173.3963 5.545364e-16 
6175.2413 5.598990e-16 
6177.0863 5.632190e-16 
6178.9312 5.531042e-16 
6180.7762 5.412406e-16 
6182.6212 5.481677e-16 
6184.4662 5.584597e-16 
6186.3112 5.624043e-16 
6188.1562 5.614350e-16 
6190.0012 5.596511e-16 
6191.8462 5.558564e-16 
6193.6912 5.472925e-16 
6195.5362 5.450850e-16 
6197.3812 5.477396e-16 
6199.2262 5.570861e-16 
6201.0712 5.737016e-16 
6202.9162 5.806055e-16 
6204.7612 5.689078e-16 
6206.6062 5.626014e-16 
6208.4512 5.594238e-16 
6210.2961 5.515154e-16 
6212.1411 5.651040e-16 
6213.9861 5.867577e-16 
6215.8311 5.915858e-16 
6217.6761 5.816880e-16 
6219.5211 5.735996e-16 
6221.3661 5.683430e-16 
6223.2111 5.612221e-16 
6225.0561 5.529604e-16 
6226.9011 5.504739e-16 
6228.7461 5.559199e-16 
6230.5911 5.609367e-16 
6232.4361 5.587974e-16 
6234.2811 5.546169e-16 
6236.1261 5.559231e-16 
6237.9711 5.564426e-16 
6239.8160 5.457919e-16 
6241.6610 5.405669e-16 
6243.5060 5.348177e-16 
6245.3510 5.349050e-16 
6247.1960 5.434342e-16 
6249.0410 5.475480e-16 
6250.8860 5.496413e-16 
6252.7310 5.428001e-16 
6254.5760 5.336518e-16 
6256.4210 5.303127e-16 
6258.2660 5.307401e-16 
6260.1110 5.331727e-16 
6261.9560 5.281611e-16 
6263.8010 5.183890e-16 
6265.6460 5.112048e-16 
6267.4910 5.124812e-16 
6269.3360 5.285181e-16 
6271.1809 5.412177e-16 
6273.0259 5.302564e-16 
6274.8709 5.097983e-16 
6276.7159 5.052071e-16 
6278.5609 5.025813e-16 
6280.4059 4.996471e-16 
6282.2509 5.051206e-16 
6284.0959 5.196480e-16 
6285.9409 5.288403e-16 
6287.7859 5.226811e-16 
6289.6309 5.264047e-16 
6291.4759 5.277682e-16 
6293.3209 5.241450e-16 
6295.1659 5.336778e-16 
6297.0109 5.510486e-16 
6298.8559 5.458972e-16 
6300.7008 5.288004e-16 
6302.5458 5.227099e-16 
6304.3908 5.316802e-16 
6306.2358 5.419341e-16 
6308.0808 5.408238e-16 
6309.9258 5.404301e-16 
6311.7708 5.386668e-16 
6313.6158 5.296782e-16 
6315.4608 5.298624e-16 
6317.3058 5.449235e-16 
6319.1508 5.469685e-16 
6320.9958 5.369979e-16 
6322.8408 5.352376e-16 
6324.6858 5.405766e-16 
6326.5308 5.433319e-16 
6328.3758 5.309513e-16 
6330.2208 5.166300e-16 
6332.0657 5.200453e-16 
6333.9107 5.349273e-16 
6335.7557 5.366438e-16 
6337.6007 5.311400e-16 
6339.4457 5.375102e-16 
6341.2907 5.505233e-16 
6343.1357 5.473855e-16 
6344.9807 5.377046e-16 
6346.8257 5.274106e-16 
6348.6707 5.207064e-16 
6350.5157 5.177237e-16 
6352.3607 5.150056e-16 
6354.2057 5.121956e-16 
6356.0507 5.065218e-16 
6357.8957 5.121187e-16 
6359.7407 5.266898e-16 
6361.5857 5.312584e-16 
6363.4306 5.343457e-16 
6365.2756 5.438640e-16 
6367.1206 5.402983e-16 
6368.9656 5.254791e-16 
6370.8106 5.228472e-16 
6372.6556 5.238724e-16 
6374.5006 5.202673e-16 
6376.3456 5.242490e-16 
6378.1906 5.327017e-16 
6380.0356 5.306839e-16 
6381.8806 5.283094e-16 
6383.7256 5.352389e-16 
6385.5706 5.380609e-16 
6387.4156 5.329986e-16 
6389.2606 5.298727e-16 
6391.1056 5.267308e-16 
6392.9505 5.168344e-16 
6394.7955 5.151016e-16 
6396.6405 5.253994e-16 
6398.4855 5.317761e-16 
6400.3305 5.245408e-16 
6402.1755 5.172926e-16 
6404.0205 5.092494e-16 
6405.8655 5.047686e-16 
6407.7105 5.082864e-16 
6409.5555 5.102792e-16 
6411.4005 5.098037e-16 
6413.2455 5.214046e-16 
6415.0905 5.313502e-16 
6416.9355 5.258804e-16 
6418.7805 5.216733e-16 
6420.6255 5.177566e-16 
6422.4705 5.178291e-16 
6424.3154 5.158355e-16 
6426.1604 5.079744e-16 
6428.0054 5.021163e-16 
6429.8504 4.975114e-16 
6431.6954 4.928645e-16 
6433.5404 4.972307e-16 
6435.3854 5.129331e-16 
6437.2304 5.240760e-16 
6439.0754 5.165977e-16 
6440.9204 4.990519e-16 
6442.7654 4.997177e-16 
6444.6104 5.153708e-16 
6446.4554 5.171219e-16 
6448.3004 5.197664e-16 
6450.1454 5.249463e-16 
6451.9904 5.229062e-16 
6453.8353 5.131952e-16 
6455.6803 5.051277e-16 
6457.5253 4.986129e-16 
6459.3703 4.964467e-16 
6461.2153 4.965309e-16 
6463.0603 5.015757e-16 
6464.9053 5.137119e-16 
6466.7503 5.202878e-16 
6468.5953 5.205695e-16 
6470.4403 5.137426e-16 
6472.2853 5.058558e-16 
6474.1303 5.068882e-16 
6475.9753 5.127953e-16 
6477.8203 5.008604e-16 
6479.6653 4.950732e-16 
6481.5103 5.017259e-16 
6483.3553 5.004422e-16 
6485.2002 4.962455e-16 
6487.0452 5.002841e-16 
6488.8902 5.003037e-16 
6490.7352 4.917162e-16 
6492.5802 4.855439e-16 
6494.4252 4.888492e-16 
6496.2702 5.009648e-16 
6498.1152 5.033422e-16 
6499.9602 4.964121e-16 
6501.8052 4.953606e-16 
6503.6502 5.016091e-16 
6505.4952 5.064673e-16 
6507.3402 5.014683e-16 
6509.1852 4.921903e-16 
6511.0302 4.907416e-16 
6512.8752 4.971704e-16 
6514.7202 4.959199e-16 
6516.5651 4.921444e-16 
6518.4101 4.964774e-16 
6520.2551 5.056699e-16 
6522.1001 5.056448e-16 
6523.9451 4.953213e-16 
6525.7901 4.848150e-16 
6527.6351 4.764953e-16 
6529.4801 4.745322e-16 
6531.3251 4.862458e-16 
6533.1701 4.993795e-16 
6535.0151 5.095362e-16 
6536.8601 5.133216e-16 
6538.7051 5.109990e-16 
6540.5501 5.057897e-16 
6542.3951 4.970477e-16 
6544.2401 4.997973e-16 
6546.0850 5.129475e-16 
6547.9300 5.208355e-16 
6549.7750 5.159655e-16 
6551.6200 5.112469e-16 
6553.4650 5.165907e-16 
6555.3100 5.176462e-16 
6557.1550 5.142633e-16 
6559.0000 5.229788e-16 
6560.8450 5.336065e-16 
6562.6900 5.249767e-16 
6564.5350 5.116750e-16 
6566.3800 5.089218e-16 
6568.2250 5.119041e-16 
6570.0700 5.170013e-16 
6571.9150 5.256918e-16 
6573.7600 5.228334e-16 
6575.6050 5.102742e-16 
6577.4499 5.038048e-16 
6579.2949 5.017385e-16 
6581.1399 5.032001e-16 
6582.9849 5.071473e-16 
6584.8299 5.115466e-16 
6586.6749 5.123947e-16 
6588.5199 5.075611e-16 
6590.3649 5.062859e-16 
6592.2099 5.072613e-16 
6594.0549 5.051499e-16 
6595.8999 5.017968e-16 
6597.7449 5.062149e-16 
6599.5899 5.204031e-16 
6601.4349 5.286027e-16 
6603.2799 5.233633e-16 
6605.1249 5.145234e-16 
6606.9698 5.130830e-16 
6608.8148 5.133575e-16 
6610.6598 5.229118e-16 
6612.5048 5.265441e-16 
6614.3498 5.140940e-16 
6616.1948 5.060983e-16 
6618.0398 5.089343e-16 
6619.8848 5.140984e-16 
6621.7298 5.161931e-16 
6623.5748 5.207095e-16 
6625.4198 5.334236e-16 
6627.2648 5.446037e-16 
6629.1098 5.457754e-16 
6630.9548 5.422211e-16 
6632.7998 5.355272e-16 
6634.6448 5.205667e-16 
6636.4898 5.085878e-16 
6638.3347 5.073690e-16 
6640.1797 5.099128e-16 
6642.0247 5.108777e-16 
6643.8697 5.164195e-16 
6645.7147 5.291133e-16 
6647.5597 5.311216e-16 
6649.4047 5.420648e-16 
6651.2497 5.605774e-16 
6653.0947 5.571815e-16 
6654.9397 5.435097e-16 
6656.7847 5.345681e-16 
6658.6297 5.380520e-16 
6660.4747 5.436920e-16 
6662.3197 5.392251e-16 
6664.1647 5.334717e-16 
6666.0097 5.329037e-16 
6667.8547 5.342746e-16 
6669.6996 5.352454e-16 
6671.5446 5.373271e-16 
6673.3896 5.390648e-16 
6675.2346 5.365631e-16 
6677.0796 5.262639e-16 
6678.9246 5.188750e-16 
6680.7696 5.260068e-16 
6682.6146 5.375608e-16 
6684.4596 5.353931e-16 
6686.3046 5.321389e-16 
6688.1496 5.306756e-16 
6689.9946 5.253455e-16 
6691.8396 5.260741e-16 
6693.6846 5.356796e-16 
6695.5296 5.483474e-16 
6697.3746 5.525518e-16 
6699.2195 5.480419e-16 
6701.0645 5.458535e-16 
6702.9095 5.373172e-16 
6704.7545 5.279868e-16 
6706.5995 5.240328e-16 
6708.4445 5.263341e-16 
6710.2895 5.342684e-16 
6712.1345 5.454110e-16 
6713.9795 5.516551e-16 
6715.8245 5.562573e-16 
6717.6695 5.625484e-16 
6719.5145 5.628232e-16 
6721.3595 5.540034e-16 
6723.2045 5.502308e-16 
6725.0495 5.540649e-16 
6726.8945 5.558182e-16 
6728.7395 5.506655e-16 
6730.5844 5.466138e-16 
6732.4294 5.483587e-16 
6734.2744 5.470380e-16 
6736.1194 5.394579e-16 
6737.9644 5.412858e-16 
6739.8094 5.653901e-16 
6741.6544 5.740736e-16 
6743.4994 5.700097e-16 
6745.3444 5.724694e-16 
6747.1894 5.822423e-16 
6749.0344 5.926029e-16 
6750.8794 5.854356e-16 
6752.7244 5.736364e-16 
6754.5694 5.762108e-16 
6756.4144 5.921788e-16 
6758.2594 6.053300e-16 
6760.1043 5.970724e-16 
6761.9493 5.847929e-16 
6763.7943 5.839057e-16 
6765.6393 5.879288e-16 
6767.4843 5.891762e-16 
6769.3293 5.912723e-16 
6771.1743 6.035028e-16 
6773.0193 6.102150e-16 
6774.8643 5.980506e-16 
6776.7093 5.887003e-16 
6778.5543 5.821614e-16 
6780.3993 5.837903e-16 
6782.2443 5.967133e-16 
6784.0893 6.110074e-16 
6785.9343 6.112910e-16 
6787.7793 6.028242e-16 
6789.6243 6.133910e-16 
6791.4692 6.348481e-16 
6793.3142 6.430840e-16 
6795.1592 6.410224e-16 
6797.0042 6.333850e-16 
6798.8492 6.341689e-16 
6800.6942 6.351016e-16 
6802.5392 6.299770e-16 
6804.3842 6.320197e-16 
6806.2292 6.320830e-16 
6808.0742 6.322152e-16 
6809.9192 6.319112e-16 
6811.7642 6.323003e-16 
6813.6092 6.388754e-16 
6815.4542 6.459974e-16 
6817.2992 6.474571e-16 
6819.1442 6.457981e-16 
6820.9891 6.455227e-16 
6822.8341 6.470932e-16 
6824.6791 6.505141e-16 
6826.5241 6.491425e-16 
6828.3691 6.416581e-16 
6830.2141 6.339464e-16 
6832.0591 6.341884e-16 
6833.9041 6.452052e-16 
6835.7491 6.520023e-16 
6837.5941 6.525827e-16 
6839.4391 6.482693e-16 
6841.2841 6.378999e-16 
6843.1291 6.284869e-16 
6844.9741 6.182118e-16 
6846.8191 5.977232e-16 
6848.6641 5.797535e-16 
6850.5091 5.875996e-16 
6852.3540 6.145276e-16 
6854.1990 6.419606e-16 
6856.0440 6.590598e-16 
6857.8890 6.688302e-16 
6859.7340 6.737580e-16 
6861.5790 6.663759e-16 
6863.4240 6.569835e-16 
6865.2690 6.596495e-16 
6867.1140 6.689695e-16 
6868.9590 6.707169e-16 
6870.8040 6.681133e-16 
6872.6490 6.735889e-16 
6874.4940 6.684180e-16 
6876.3390 6.581690e-16 
6878.1840 6.632177e-16 
6880.0290 6.748778e-16 
6881.8740 6.813095e-16 
6883.7189 6.742665e-16 
6885.5639 6.642614e-16 
6887.4089 6.675047e-16 
6889.2539 6.804933e-16 
6891.0989 6.799561e-16 
6892.9439 6.741946e-16 
6894.7889 6.673896e-16 
6896.6339 6.590039e-16 
6898.4789 6.609878e-16 
6900.3239 6.827594e-16 
6902.1689 7.029060e-16 
6904.0139 7.007247e-16 
6905.8589 6.856351e-16 
6907.7039 6.826873e-16 
6909.5489 6.848475e-16 
6911.3939 6.726954e-16 
6913.2388 6.552808e-16 
6915.0838 6.542327e-16 
6916.9288 6.678725e-16 
6918.7738 6.706975e-16 
6920.6188 6.704538e-16 
6922.4638 6.714783e-16 
6924.3088 6.679857e-16 
6926.1538 6.600794e-16 
6927.9988 6.612759e-16 
6929.8438 6.778922e-16 
6931.6888 6.939179e-16 
6933.5338 6.953010e-16 
6935.3788 6.880711e-16 
6937.2238 6.857370e-16 
6939.0688 6.876958e-16 
6940.9138 6.875370e-16 
6942.7588 6.848529e-16 
6944.6037 6.862031e-16 
6946.4487 6.922160e-16 
6948.2937 6.831456e-16 
6950.1387 6.673598e-16 
6951.9837 6.678043e-16 
6953.8287 6.848750e-16 
6955.6737 6.909219e-16 
6957.5187 6.846414e-16 
6959.3637 6.709478e-16 
6961.2087 6.587759e-16 
6963.0537 6.505542e-16 
6964.8987 6.352935e-16 
6966.7437 6.135853e-16 
6968.5887 6.069753e-16 
6970.4337 6.048595e-16 
6972.2787 5.948930e-16 
6974.1236 6.015419e-16 
6975.9686 6.085980e-16 
6977.8136 5.985530e-16 
6979.6586 5.877892e-16 
6981.5036 5.898577e-16 
6983.3486 5.860975e-16 
6985.1936 5.809761e-16 
6987.0386 5.768532e-16 
6988.8836 5.782883e-16 
6990.7286 5.815687e-16 
6992.5736 5.759925e-16 
6994.4186 5.733245e-16 
6996.2636 5.811960e-16 
6998.1086 5.823602e-16 
6999.9536 5.664044e-16 
7001.7986 5.520032e-16 
7003.6436 5.538007e-16 
7005.4885 5.638936e-16 
7007.3335 5.638690e-16 
7009.1785 5.549179e-16 
7011.0235 5.549383e-16 
7012.8685 5.588572e-16 
7014.7135 5.547427e-16 
7016.5585 5.511856e-16 
7018.4035 5.582057e-16 
7020.2485 5.659662e-16 
7022.0935 5.596946e-16 
7023.9385 5.580073e-16 
7025.7835 5.653316e-16 
7027.6285 5.691875e-16 
7029.4735 5.619587e-16 
7031.3185 5.512053e-16 
7033.1635 5.427521e-16 
7035.0085 5.440009e-16 
7036.8534 5.475095e-16 
7038.6984 5.411338e-16 
7040.5434 5.341486e-16 
7042.3884 5.335383e-16 
7044.2334 5.390880e-16 
7046.0784 5.462050e-16 
7047.9234 5.522805e-16 
7049.7684 5.579423e-16 
7051.6134 5.573466e-16 
7053.4584 5.534188e-16 
7055.3034 5.561076e-16 
7057.1484 5.645224e-16 
7058.9934 5.626782e-16 
7060.8384 5.543110e-16 
7062.6834 5.479310e-16 
7064.5284 5.452613e-16 
7066.3733 5.456002e-16 
7068.2183 5.508456e-16 
7070.0633 5.534319e-16 
7071.9083 5.408112e-16 
7073.7533 5.328615e-16 
7075.5983 5.428813e-16 
7077.4433 5.449235e-16 
7079.2883 5.416858e-16 
7081.1333 5.403540e-16 
7082.9783 5.376438e-16 
7084.8233 5.331572e-16 
7086.6683 5.365054e-16 
7088.5133 5.441515e-16 
7090.3583 5.511620e-16 
7092.2033 5.496641e-16 
7094.0483 5.384863e-16 
7095.8933 5.272322e-16 
7097.7382 5.226869e-16 
7099.5832 5.259876e-16 
7101.4282 5.359330e-16 
7103.2732 5.416827e-16 
7105.1182 5.333436e-16 
7106.9632 5.280376e-16 
7108.8082 5.364556e-16 
7110.6532 5.372441e-16 
7112.4982 5.272382e-16 
7114.3432 5.288300e-16 
7116.1882 5.319085e-16 
7118.0332 5.408348e-16 
7119.8782 5.393150e-16 
7121.7232 5.253399e-16 
7123.5682 5.216791e-16 
7125.4132 5.308278e-16 
7127.2581 5.310504e-16 
7129.1031 5.330996e-16 
7130.9481 5.460508e-16 
7132.7931 5.531163e-16 
7134.6381 5.421160e-16 
7136.4831 5.338169e-16 
7138.3281 5.351571e-16 
7140.1731 5.366897e-16 
7142.0181 5.310692e-16 
7143.8631 5.251311e-16 
7145.7081 5.320146e-16 
7147.5531 5.461140e-16 
7149.3981 5.509049e-16 
7151.2431 5.411267e-16 
7153.0881 5.314325e-16 
7154.9331 5.332762e-16 
7156.7781 5.371419e-16 
7158.6230 5.387712e-16 
7160.4680 5.405375e-16 
7162.3130 5.376805e-16 
7164.1580 5.321434e-16 
7166.0030 5.367481e-16 
7167.8480 5.507450e-16 
7169.6930 5.557721e-16 
7171.5380 5.431236e-16 
7173.3830 5.415396e-16 
7175.2280 5.459585e-16 
7177.0730 5.460822e-16 
7178.9180 5.439878e-16 
7180.7630 5.439025e-16 
7182.6080 5.414015e-16 
7184.4530 5.421485e-16 
7186.2980 5.361442e-16 
7188.1430 5.246697e-16 
7189.9879 5.305390e-16 
7191.8329 5.465079e-16 
7193.6779 5.581389e-16 
7195.5229 5.572680e-16 
7197.3679 5.445924e-16 
7199.2129 5.304396e-16 
7201.0579 5.316259e-16 
7202.9029 5.384406e-16 
7204.7479 5.353042e-16 
7206.5929 5.273362e-16 
7208.4379 5.247793e-16 
7210.2829 5.078762e-16 
7212.1279 4.863856e-16 
7213.9729 4.812300e-16 
7215.8179 4.886408e-16 
7217.6629 4.910894e-16 
7219.5078 4.978731e-16 
7221.3528 5.090458e-16 
7223.1978 5.192682e-16 
7225.0428 5.189740e-16 
7226.8878 5.026475e-16 
7228.7328 4.831998e-16 
7230.5778 4.919316e-16 
7232.4228 5.123159e-16 
7234.2678 5.223214e-16 
7236.1128 5.235117e-16 
7237.9578 5.224824e-16 
7239.8028 5.268130e-16 
7241.6478 5.182858e-16 
7243.4928 5.005713e-16 
7245.3378 4.987947e-16 
7247.1828 5.119825e-16 
7249.0278 5.112962e-16 
7250.8727 5.092040e-16 
7252.7177 5.146229e-16 
7254.5627 5.154817e-16 
7256.4077 5.061711e-16 
7258.2527 4.977511e-16 
7260.0977 4.981672e-16 
7261.9427 5.030166e-16 
7263.7877 5.039227e-16 
7265.6327 4.985365e-16 
7267.4777 4.875849e-16 
7269.3227 4.894788e-16 
7271.1677 5.019128e-16 
7273.0127 5.064005e-16 
7274.8577 4.990181e-16 
7276.7027 4.942547e-16 
7278.5477 4.882326e-16 
7280.3926 4.860374e-16 
7282.2376 4.905076e-16 
7284.0826 4.895058e-16 
7285.9276 4.827097e-16 
7287.7726 4.841536e-16 
7289.6176 4.941569e-16 
7291.4626 5.009781e-16 
7293.3076 4.987534e-16 
7295.1526 4.937436e-16 
7296.9976 4.879488e-16 
7298.8426 4.854577e-16 
7300.6876 4.880410e-16 
7302.5326 4.894292e-16 
7304.3776 4.821344e-16 
7306.2226 4.783740e-16 
7308.0676 4.829437e-16 
7309.9126 4.857174e-16 
7311.7575 4.799475e-16 
7313.6025 4.778163e-16 
7315.4475 4.767034e-16 
7317.2925 4.718986e-16 
7319.1375 4.683210e-16 
7320.9825 4.715452e-16 
7322.8275 4.731368e-16 
7324.6725 4.695718e-16 
7326.5175 4.714378e-16 
7328.3625 4.769060e-16 
7330.2075 4.753404e-16 
7332.0525 4.726202e-16 
7333.8975 4.712800e-16 
7335.7425 4.749829e-16 
7337.5875 4.808565e-16 
7339.4325 4.806301e-16 
7341.2775 4.727661e-16 
7343.1224 4.688976e-16 
7344.9674 4.656113e-16 
7346.8124 4.605438e-16 
7348.6574 4.589072e-16 
7350.5024 4.627859e-16 
7352.3474 4.666041e-16 
7354.1924 4.641173e-16 
7356.0374 4.646372e-16 
7357.8824 4.705616e-16 
7359.7274 4.660791e-16 
7361.5724 4.644150e-16 
7363.4174 4.726781e-16 
7365.2624 4.756748e-16 
7367.1074 4.648842e-16 
7368.9524 4.576289e-16 
7370.7974 4.611837e-16 
7372.6423 4.618221e-16 
7374.4873 4.575623e-16 
7376.3323 4.534864e-16 
7378.1773 4.485066e-16 
7380.0223 4.478400e-16 
7381.8673 4.540182e-16 
7383.7123 4.612995e-16 
7385.5573 4.641694e-16 
7387.4023 4.623873e-16 
7389.2473 4.556835e-16 
7391.0923 4.563736e-16 
7392.9373 4.574580e-16 
7394.7823 4.495786e-16 
7396.6273 4.413588e-16 
7398.4723 4.444752e-16 
7400.3173 4.509144e-16 
7402.1623 4.484185e-16 
7404.0072 4.402754e-16 
7405.8522 4.426586e-16 
7407.6972 4.588501e-16 
7409.5422 4.635749e-16 
7411.3872 4.586784e-16 
7413.2322 4.558669e-16 
7415.0772 4.535700e-16 
7416.9222 4.469879e-16 
7418.7672 4.420778e-16 
7420.6122 4.421719e-16 
7422.4572 4.429154e-16 
7424.3022 4.405950e-16 
7426.1472 4.401829e-16 
7427.9922 4.429230e-16 
7429.8372 4.404012e-16 
7431.6822 4.370475e-16 
7433.5271 4.413220e-16 
7435.3721 4.424953e-16 
7437.2171 4.335734e-16 
7439.0621 4.290295e-16 
7440.9071 4.305482e-16 
7442.7521 4.325895e-16 
7444.5971 4.411768e-16 
7446.4421 4.405004e-16 
7448.2871 4.381820e-16 
7450.1321 4.358966e-16 
7451.9771 4.315581e-16 
7453.8221 4.364108e-16 
7455.6671 4.508528e-16 
7457.5121 4.520204e-16 
7459.3571 4.393114e-16 
7461.2021 4.299282e-16 
7463.0471 4.291306e-16 
7464.8920 4.331771e-16 
7466.7370 4.417278e-16 
7468.5820 4.500884e-16 
7470.4270 4.503700e-16 
7472.2720 4.426125e-16 
7474.1170 4.399449e-16 
7475.9620 4.393127e-16 
7477.8070 4.425180e-16 
7479.6520 4.487713e-16 
7481.4970 4.478372e-16 
7483.3420 4.392734e-16 
7485.1870 4.343418e-16 
7487.0320 4.315782e-16 
7488.8770 4.341181e-16 
7490.7220 4.481270e-16 
7492.5670 4.520566e-16 
7494.4119 4.459871e-16 
7496.2569 4.357466e-16 
7498.1019 4.266636e-16 
7499.9469 4.233757e-16 
7501.7919 4.261556e-16 
7503.6369 4.264660e-16 
7505.4819 4.285480e-16 
7507.3269 4.345564e-16 
7509.1719 4.369304e-16 
7511.0169 4.335255e-16 
7512.8619 4.325963e-16 
7514.7069 4.301977e-16 
7516.5519 4.248278e-16 
7518.3969 4.205675e-16 
7520.2419 4.158827e-16 
7522.0869 4.181334e-16 
7523.9319 4.232135e-16 
7525.7768 4.227414e-16 
7527.6218 4.196023e-16 
7529.4668 4.268183e-16 
7531.3118 4.395727e-16 
7533.1568 4.435835e-16 
7535.0018 4.381162e-16 
7536.8468 4.323261e-16 
7538.6918 4.288581e-16 
7540.5368 4.302921e-16 
7542.3818 4.337538e-16 
7544.2268 4.332967e-16 
7546.0718 4.324535e-16 
7547.9168 4.403486e-16 
7549.7618 4.411727e-16 
7551.6068 4.432174e-16 
7553.4518 4.489694e-16 
7555.2968 4.482020e-16 
7557.1417 4.380461e-16 
7558.9867 4.314960e-16 
7560.8317 4.314863e-16 
7562.6767 4.305020e-16 
7564.5217 4.287449e-16 
7566.3667 4.345140e-16 
7568.2117 4.380887e-16 
7570.0567 4.388306e-16 
7571.9017 4.363446e-16 
7573.7467 4.317143e-16 
7575.5917 4.293270e-16 
7577.4367 4.291081e-16 
7579.2817 4.293563e-16 
7581.1267 4.343718e-16 
7582.9717 4.400713e-16 
7584.8167 4.378370e-16 
7586.6616 4.381727e-16 
7588.5066 4.344801e-16 
7590.3516 4.281221e-16 
7592.1966 4.250705e-16 
7594.0416 4.252736e-16 
7595.8866 4.241306e-16 
7597.7316 4.147732e-16 
7599.5766 4.042978e-16 
7601.4216 4.039283e-16 
7603.2666 4.066256e-16 
7605.1116 3.915316e-16 
7606.9566 3.897057e-16 
7608.8016 3.926016e-16 
7610.6466 3.894213e-16 
7612.4916 3.944098e-16 
7614.3366 4.124983e-16 
7616.1816 4.206954e-16 
7618.0265 4.174802e-16 
7619.8715 4.182195e-16 
7621.7165 4.294777e-16 
7623.5615 4.374988e-16 
7625.4065 4.282067e-16 
7627.2515 4.236139e-16 
7629.0965 4.283103e-16 
7630.9415 4.263633e-16 
7632.7865 4.205511e-16 
7634.6315 4.226722e-16 
7636.4765 4.231833e-16 
7638.3215 4.212329e-16 
7640.1665 4.206886e-16 
7642.0115 4.152696e-16 
7643.8565 4.153677e-16 
7645.7015 4.203680e-16 
7647.5464 4.215800e-16 
7649.3914 4.179439e-16 
7651.2364 4.186928e-16 
7653.0814 4.240113e-16 
7654.9264 4.321549e-16 
7656.7714 4.358858e-16 
7658.6164 4.370785e-16 
7660.4614 4.443652e-16 
7662.3064 4.423262e-16 
7664.1514 4.329024e-16 
7665.9964 4.279836e-16 
7667.8414 4.308160e-16 
7669.6864 4.335570e-16 
7671.5314 4.339587e-16 
7673.3764 4.326159e-16 
7675.2214 4.359631e-16 
7677.0664 4.404217e-16 
7678.9113 4.340060e-16 
7680.7563 4.219052e-16 
7682.6013 4.131843e-16 
7684.4463 4.170538e-16 
7686.2913 4.321332e-16 
7688.1363 4.472890e-16 
7689.9813 4.551448e-16 
7691.8263 4.498016e-16 
7693.6713 4.334823e-16 
7695.5163 4.211849e-16 
7697.3613 4.263809e-16 
7699.2063 4.397148e-16 
7701.0513 4.412531e-16 
7702.8963 4.345271e-16 
7704.7413 4.325840e-16 
7706.5863 4.374671e-16 
7708.4313 4.410575e-16 
7710.2762 4.426701e-16 
7712.1212 4.483584e-16 
7713.9662 4.510090e-16 
7715.8112 4.466233e-16 
7717.6562 4.509156e-16 
7719.5012 4.452430e-16 
7721.3462 4.402341e-16 
7723.1912 4.410007e-16 
7725.0362 4.400416e-16 
7726.8812 4.396710e-16 
7728.7262 4.359117e-16 
7730.5712 4.311292e-16 
7732.4162 4.359581e-16 
7734.2612 4.475517e-16 
7736.1062 4.450310e-16 
7737.9512 4.331811e-16 
7739.7961 4.182171e-16 
7741.6411 4.177217e-16 
7743.4861 4.342670e-16 
7745.3311 4.451222e-16 
7747.1761 4.537399e-16 
7749.0211 4.512957e-16 
7750.8661 4.433143e-16 
7752.7111 4.436140e-16 
7754.5561 4.478093e-16 
7756.4011 4.348322e-16 
7758.2461 4.256553e-16 
7760.0911 4.311033e-16 
7761.9361 4.368257e-16 
7763.7811 4.307511e-16 
7765.6261 4.258880e-16 
7767.4711 4.242989e-16 
7769.3161 4.249840e-16 
7771.1610 4.265523e-16 
7773.0060 4.286628e-16 
7774.8510 4.348977e-16 
7776.6960 4.382689e-16 
7778.5410 4.388338e-16 
7780.3860 4.397691e-16 
7782.2310 4.378457e-16 
7784.0760 4.287597e-16 
7785.9210 4.288551e-16 
7787.7660 4.381060e-16 
7789.6110 4.390344e-16 
7791.4560 4.297700e-16 
7793.3010 4.384829e-16 
7795.1460 4.518669e-16 
7796.9910 4.449246e-16 
7798.8360 4.288589e-16 
7800.6809 4.313301e-16 
7802.5259 4.410018e-16 
7804.3709 4.380326e-16 
7806.2159 4.321395e-16 
7808.0609 4.382312e-16 
7809.9059 4.497152e-16 
7811.7509 4.482605e-16 
7813.5959 4.431434e-16 
7815.4409 4.417904e-16 
7817.2859 4.374642e-16 
7819.1309 4.280921e-16 
7820.9759 4.265721e-16 
7822.8209 4.232994e-16 
7824.6659 4.227212e-16 
7826.5109 4.318092e-16 
7828.3559 4.444499e-16 
7830.2009 4.464923e-16 
7832.0458 4.384739e-16 
7833.8908 4.261628e-16 
7835.7358 4.214104e-16 
7837.5808 4.250845e-16 
7839.4258 4.241798e-16 
7841.2708 4.251602e-16 
7843.1158 4.262988e-16 
7844.9608 4.256430e-16 
7846.8058 4.242017e-16 
7848.6508 4.220544e-16 
7850.4958 4.183162e-16 
7852.3408 4.206401e-16 
7854.1858 4.278444e-16 
7856.0308 4.322053e-16 
7857.8758 4.331093e-16 
7859.7208 4.394729e-16 
7861.5658 4.484193e-16 
7863.4107 4.500590e-16 
7865.2557 4.398257e-16 
7867.1007 4.251023e-16 
7868.9457 4.192181e-16 
7870.7907 4.263580e-16 
7872.6357 4.346846e-16 
7874.4807 4.366538e-16 
7876.3257 4.366210e-16 
7878.1707 4.341286e-16 
7880.0157 4.259017e-16 
7881.8607 4.231692e-16 
7883.7057 4.284169e-16 
7885.5507 4.297050e-16 
7887.3957 4.263640e-16 
7889.2407 4.291658e-16 
7891.0857 4.349304e-16 
7892.9306 4.366190e-16 
7894.7756 4.313809e-16 
7896.6206 4.189266e-16 
7898.4656 4.157299e-16 
7900.3106 4.260235e-16 
7902.1556 4.352688e-16 
7904.0006 4.303057e-16 
7905.8456 4.199468e-16 
7907.6906 4.202419e-16 
7909.5356 4.272351e-16 
7911.3806 4.325890e-16 
7913.2256 4.369754e-16 
7915.0706 4.420554e-16 
7916.9156 4.346072e-16 
7918.7606 4.207436e-16 
7920.6056 4.089115e-16 
7922.4506 4.043380e-16 
7924.2955 4.098476e-16 
7926.1405 4.091443e-16 
7927.9855 4.083283e-16 
7929.8305 4.123061e-16 
7931.6755 4.128411e-16 
7933.5205 4.052299e-16 
7935.3655 4.063297e-16 
7937.2105 4.079095e-16 
7939.0555 4.101577e-16 
7940.9005 4.157493e-16 
7942.7455 4.159661e-16 
7944.5905 4.146403e-16 
7946.4355 4.156631e-16 
7948.2805 4.144055e-16 
7950.1255 4.107036e-16 
7951.9705 4.136118e-16 
7953.8154 4.213994e-16 
7955.6604 4.197947e-16 
7957.5054 4.167972e-16 
7959.3504 4.193808e-16 
7961.1954 4.143829e-16 
7963.0404 3.994414e-16 
7964.8854 4.070029e-16 
7966.7304 4.223947e-16 
7968.5754 4.242887e-16 
7970.4204 4.231383e-16 
7972.2654 4.244388e-16 
7974.1104 4.231518e-16 
7975.9554 4.171870e-16 
7977.8004 4.119743e-16 
7979.6454 4.112076e-16 
7981.4904 4.092025e-16 
7983.3354 4.108016e-16 
7985.1803 4.066759e-16 
7987.0253 4.025087e-16 
7988.8703 4.130522e-16 
7990.7153 4.226306e-16 
7992.5603 4.107291e-16 
7994.4053 4.047912e-16 
7996.2503 4.093205e-16 
7998.0953 3.995960e-16 
7999.9403 3.841589e-16 
8001.7853 3.870755e-16 
8003.6303 3.992146e-16 
8005.4753 4.063425e-16 
8007.3203 4.091181e-16 
8009.1653 4.128904e-16 
8011.0103 4.174918e-16 
8012.8553 4.148846e-16 
8014.7002 4.074143e-16 
8016.5452 4.029215e-16 
8018.3902 4.011897e-16 
8020.2352 4.038370e-16 
8022.0802 4.076951e-16 
8023.9252 4.057898e-16 
8025.7702 3.991740e-16 
8027.6152 4.000902e-16 
8029.4602 4.114263e-16 
8031.3052 4.142880e-16 
8033.1502 4.013708e-16 
8034.9952 3.862302e-16 
8036.8402 3.833120e-16 
8038.6852 3.870065e-16 
8040.5302 3.908423e-16 
8042.3752 3.919392e-16 
8044.2202 3.926259e-16 
8046.0651 3.946220e-16 
8047.9101 3.919224e-16 
8049.7551 4.003308e-16 
8051.6001 4.122585e-16 
8053.4451 4.135987e-16 
8055.2901 4.084039e-16 
8057.1351 4.031002e-16 
8058.9801 4.030839e-16 
8060.8251 4.029551e-16 
8062.6701 4.039359e-16 
8064.5151 4.109300e-16 
8066.3601 4.087923e-16 
8068.2051 3.998162e-16 
8070.0501 3.950429e-16 
8071.8951 3.942390e-16 
8073.7401 3.920461e-16 
8075.5851 3.978215e-16 
8077.4300 4.070675e-16 
8079.2750 4.053662e-16 
8081.1200 3.984176e-16 
8082.9650 4.030819e-16 
8084.8100 4.115308e-16 
8086.6550 4.113274e-16 
8088.5000 4.018428e-16 
8090.3450 3.941184e-16 
8092.1900 3.945604e-16 
8094.0350 3.961385e-16 
8095.8800 4.025635e-16 
8097.7250 4.118986e-16 
8099.5700 4.174218e-16 
8101.4150 4.144374e-16 
8103.2600 4.052630e-16 
8105.1050 3.991877e-16 
8106.9499 3.955652e-16 
8108.7949 3.916250e-16 
8110.6399 3.892099e-16 
8112.4849 3.901995e-16 
8114.3299 3.883606e-16 
8116.1749 3.927282e-16 
8118.0199 4.035362e-16 
8119.8649 4.055544e-16 
8121.7099 3.929255e-16 
8123.5549 3.927825e-16 
8125.3999 3.923444e-16 
8127.2449 3.876938e-16 
8129.0899 3.903396e-16 
8130.9349 3.986163e-16 
8132.7799 3.970745e-16 
8134.6249 3.996873e-16 
8136.4699 4.116603e-16 
8138.3148 4.208513e-16 
8140.1598 4.156179e-16 
8142.0048 3.984044e-16 
8143.8498 3.913445e-16 
8145.6948 4.062689e-16 
8147.5398 4.200230e-16 
8149.3848 4.075153e-16 
8151.2298 4.023681e-16 
8153.0748 4.197601e-16 
8154.9198 4.343477e-16 
8156.7648 4.301162e-16 
8158.6098 4.243901e-16 
8160.4548 4.280395e-16 
8162.2998 4.312613e-16 
8164.1448 4.200873e-16 
8165.9898 4.056239e-16 
8167.8347 4.063098e-16 
8169.6797 4.071835e-16 
8171.5247 4.089888e-16 
8173.3697 4.104208e-16 
8175.2147 4.138482e-16 
8177.0597 4.207449e-16 
8178.9047 4.187074e-16 
8180.7497 4.037518e-16 
8182.5947 3.940744e-16 
8184.4397 3.978294e-16 
8186.2847 4.037859e-16 
8188.1297 4.050284e-16 
8189.9747 4.086686e-16 
8191.8197 4.100950e-16 
8193.6647 4.107791e-16 
8195.5097 4.169578e-16 
8197.3547 4.205315e-16 
8199.1996 4.076439e-16 
8201.0446 3.894707e-16 
8202.8896 3.819883e-16 
8204.7346 3.873308e-16 
8206.5796 3.962609e-16 
8208.4246 4.025204e-16 
8210.2696 4.043017e-16 
8212.1146 4.157933e-16 
8213.9596 4.333366e-16 
8215.8046 4.270156e-16 
8217.6496 4.132611e-16 
8219.4946 4.050044e-16 
8221.3396 4.017153e-16 
8223.1846 3.979209e-16 
8225.0296 3.955265e-16 
8226.8746 4.056805e-16 
8228.7196 4.193410e-16 
8230.5645 4.235812e-16 
8232.4095 4.158560e-16 
8234.2545 4.052000e-16 
8236.0995 4.023490e-16 
8237.9445 4.003847e-16 
8239.7895 4.093354e-16 
8241.6345 4.189095e-16 
8243.4795 4.035768e-16 
8245.3245 3.968921e-16 
8247.1695 3.998086e-16 
8249.0145 3.981080e-16 
8250.8595 3.876798e-16 
8252.7045 3.771049e-16 
8254.5495 3.735751e-16 
8256.3945 3.887947e-16 
8258.2395 4.010566e-16 
8260.0844 3.941350e-16 
8261.9294 3.864731e-16 
8263.7744 3.979233e-16 
8265.6194 3.997463e-16 
8267.4644 3.921287e-16 
8269.3094 3.936734e-16 
8271.1544 4.063438e-16 
8272.9994 4.128257e-16 
8274.8444 4.061530e-16 
8276.6894 4.010201e-16 
8278.5344 4.026893e-16 
8280.3794 4.041431e-16 
8282.2244 4.084495e-16 
8284.0694 4.152623e-16 
8285.9144 4.205884e-16 
8287.7594 4.238223e-16 
8289.6044 4.190128e-16 
8291.4493 3.970499e-16 
8293.2943 3.885084e-16 
8295.1393 3.893125e-16 
8296.9843 3.835083e-16 
8298.8293 3.768286e-16 
8300.6743 3.880678e-16 
8302.5193 4.034795e-16 
8304.3643 4.088198e-16 
8306.2093 4.002799e-16 
8308.0543 3.862645e-16 
8309.8993 3.822576e-16 
8311.7443 3.963775e-16 
8313.5893 4.063030e-16 
8315.4343 4.078309e-16 
8317.2793 4.073511e-16 
8319.1243 3.997661e-16 
8320.9692 3.930147e-16 
8322.8142 3.936665e-16 
8324.6592 3.988231e-16 
8326.5042 4.025949e-16 
8328.3492 4.023070e-16 
8330.1942 3.957209e-16 
8332.0392 3.922783e-16 
8333.8842 3.979959e-16 
8335.7292 4.060199e-16 
8337.5742 4.056302e-16 
8339.4192 3.994011e-16 
8341.2642 3.888879e-16 
8343.1092 3.899045e-16 
8344.9542 4.062488e-16 
8346.7992 4.173169e-16 
8348.6442 4.106874e-16 
8350.4892 4.079026e-16 
8352.3341 4.012651e-16 
8354.1791 3.891170e-16 
8356.0241 3.877795e-16 
8357.8691 3.868581e-16 
8359.7141 3.827697e-16 
8361.5591 3.785101e-16 
8363.4041 3.858427e-16 
8365.2491 4.061999e-16 
8367.0941 4.162357e-16 
8368.9391 4.204371e-16 
8370.7841 4.183866e-16 
8372.6291 4.058083e-16 
8374.4741 3.891870e-16 
8376.3191 3.832381e-16 
8378.1641 3.793327e-16 
8380.0091 3.762774e-16 
8381.8541 3.784789e-16 
8383.6990 3.878987e-16 
8385.5440 3.998828e-16 
8387.3890 3.999386e-16 
8389.2340 3.989507e-16 
8391.0790 4.041020e-16 
8392.9240 4.133733e-16 
8394.7690 4.240895e-16 
8396.6140 4.125024e-16 
8398.4590 3.914659e-16 
8400.3040 3.814925e-16 
8402.1490 3.821018e-16 
8403.9940 3.811797e-16 
8405.8390 3.870264e-16 
8407.6840 3.921429e-16 
8409.5290 3.968755e-16 
8411.3740 4.023157e-16 
8413.2189 4.011721e-16 
8415.0639 4.035662e-16 
8416.9089 4.128755e-16 
8418.7539 4.124967e-16 
8420.5989 3.961104e-16 
8422.4439 3.837135e-16 
8424.2889 3.858099e-16 
8426.1339 3.965813e-16 
8427.9789 3.972680e-16 
8429.8239 3.878550e-16 
8431.6689 3.894247e-16 
8433.5139 4.008055e-16 
8435.3589 4.055394e-16 
8437.2039 4.013315e-16 
8439.0489 3.975637e-16 
8440.8939 3.968554e-16 
8442.7389 3.893144e-16 
8444.5838 3.751585e-16 
8446.4288 3.654344e-16 
8448.2738 3.616649e-16 
8450.1188 3.584976e-16 
8451.9638 3.661780e-16 
8453.8088 3.875996e-16 
8455.6538 4.054839e-16 
8457.4988 4.096829e-16 
8459.3438 4.083839e-16 
8461.1888 4.094625e-16 
8463.0338 4.145624e-16 
8464.8788 4.190003e-16 
8466.7238 4.121103e-16 
8468.5688 3.922251e-16 
8470.4138 3.767762e-16 
8472.2588 3.714003e-16 
8474.1037 3.688639e-16 
8475.9487 3.678586e-16 
8477.7937 3.754711e-16 
8479.6387 3.927549e-16 
8481.4837 4.093781e-16 
8483.3287 4.172413e-16 
8485.1737 4.165393e-16 
8487.0187 4.124538e-16 
8488.8637 4.087480e-16 
8490.7087 4.057096e-16 
8492.5537 3.963377e-16 
8494.3987 3.845817e-16 
8496.2437 3.803774e-16 
8498.0887 3.835375e-16 
8499.9337 3.877769e-16 
8501.7787 3.937650e-16 
8503.6237 3.999931e-16 
8505.4686 4.039275e-16 
8507.3136 4.057245e-16 
8509.1586 4.026116e-16 
8511.0036 4.024449e-16 
8512.8486 4.099915e-16 
8514.6936 4.178278e-16 
8516.5386 4.157362e-16 
8518.3836 4.091939e-16 
8520.2286 4.019284e-16 
8522.0736 3.946835e-16 
8523.9186 3.858438e-16 
8525.7636 3.769500e-16 
8527.6086 3.780375e-16 
8529.4536 3.863045e-16 
8531.2986 3.961144e-16 
8533.1436 4.017097e-16 
8534.9886 4.025776e-16 
8536.8335 4.088177e-16 
8538.6785 4.124564e-16 
8540.5235 4.045992e-16 
8542.3685 3.919036e-16 
8544.2135 3.866196e-16 
8546.0585 3.830132e-16 
8547.9035 3.718145e-16 
8549.7485 3.605258e-16 
8551.5935 3.608076e-16 
8553.4385 3.694735e-16 
8555.2835 3.724943e-16 
8557.1285 3.806067e-16 
8558.9735 4.019228e-16 
8560.8185 4.177148e-16 
8562.6635 4.089306e-16 
8564.5085 3.940922e-16 
8566.3534 3.890766e-16 
8568.1984 3.913458e-16 
8570.0434 3.894366e-16 
8571.8884 3.786521e-16 
8573.7334 3.676870e-16 
8575.5784 3.690872e-16 
8577.4234 3.720782e-16 
8579.2684 3.747811e-16 
8581.1134 3.817419e-16 
8582.9584 3.871908e-16 
8584.8034 4.043605e-16 
8586.6484 4.173757e-16 
8588.4934 4.164961e-16 
8590.3384 4.081692e-16 
8592.1834 3.975408e-16 
8594.0284 3.874059e-16 
8595.8734 3.804390e-16 
8597.7183 3.709549e-16 
8599.5633 3.603611e-16 
8601.4083 3.641283e-16 
8603.2533 3.819690e-16 
8605.0983 3.986551e-16 
8606.9433 3.980765e-16 
8608.7883 3.898541e-16 
8610.6333 3.973733e-16 
8612.4783 4.037830e-16 
8614.3233 3.996768e-16 
8616.1683 3.882499e-16 
8618.0133 3.758829e-16 
8619.8583 3.684015e-16 
8621.7033 3.741499e-16 
8623.5483 3.839274e-16 
8625.3933 3.809876e-16 
8627.2382 3.724944e-16 
8629.0832 3.745139e-16 
8630.9282 3.671473e-16 
8632.7732 3.742190e-16 
8634.6182 3.974941e-16 
8636.4632 4.101697e-16 
8638.3082 4.007535e-16 
8640.1532 3.978727e-16 
8641.9982 4.007231e-16 
8643.8432 4.001476e-16 
8645.6882 3.920910e-16 
8647.5332 3.780737e-16 
8649.3782 3.632649e-16 
8651.2232 3.617996e-16 
8653.0682 3.646884e-16 
8654.9132 3.667953e-16 
8656.7582 3.721237e-16 
8658.6031 3.758973e-16 
8660.4481 3.918453e-16 
8662.2931 4.116917e-16 
8664.1381 4.205405e-16 
8665.9831 4.115917e-16 
8667.8281 3.877743e-16 
8669.6731 3.716606e-16 
8671.5181 3.696269e-16 
8673.3631 3.654626e-16 
8675.2081 3.544490e-16 
8677.0531 3.574782e-16 
8678.8981 3.625409e-16 
8680.7431 3.683098e-16 
8682.5881 3.800574e-16 
8684.4331 3.935258e-16 
8686.2781 3.959286e-16 
8688.1230 3.896567e-16 
8689.9680 3.878356e-16 
8691.8130 3.904001e-16 
8693.6580 3.882209e-16 
8695.5030 3.813745e-16 
8697.3480 3.784836e-16 
8699.1930 3.709165e-16 
8701.0380 3.623802e-16 
8702.8830 3.600613e-16 
8704.7280 3.583701e-16 
8706.5730 3.558433e-16 
8708.4180 3.551090e-16 
8710.2630 3.653324e-16 
8712.1080 3.850297e-16 
8713.9530 3.974892e-16 
8715.7980 3.961707e-16 
8717.6430 3.969471e-16 
8719.4879 4.029716e-16 
8721.3329 4.008943e-16 
8723.1779 3.855484e-16 
8725.0229 3.745035e-16 
8726.8679 3.602377e-16 
8728.7129 3.433223e-16 
8730.5579 3.406927e-16 
8732.4029 3.586034e-16 
8734.2479 3.721893e-16 
8736.0929 3.820085e-16 
8737.9379 3.925185e-16 
8739.7829 3.971954e-16 
8741.6279 3.896307e-16 
8743.4729 3.810736e-16 
8745.3179 3.805071e-16 
8747.1629 3.714271e-16 
8749.0079 3.536159e-16 
8750.8528 3.457927e-16 
8752.6978 3.461285e-16 
8754.5428 3.455531e-16 
8756.3878 3.566221e-16 
8758.2328 3.788823e-16 
8760.0778 3.988778e-16 
8761.9228 4.194618e-16 
8763.7678 4.399607e-16 
8765.6128 4.264488e-16 
8767.4578 3.972934e-16 
8769.3028 3.921426e-16 
8771.1478 3.914005e-16 
8772.9928 3.805237e-16 
8774.8378 3.610270e-16 
8776.6828 3.480203e-16 
8778.5278 3.581670e-16 
8780.3727 3.894822e-16 
8782.2177 4.073197e-16 
8784.0627 4.084431e-16 
8785.9077 4.066332e-16 
8787.7527 4.075454e-16 
8789.5977 4.035734e-16 
8791.4427 3.890866e-16 
8793.2877 3.670261e-16 
8795.1327 3.467006e-16 
8796.9777 3.422227e-16 
8798.8227 3.565049e-16 
8800.6677 3.609653e-16 
8802.5127 3.609368e-16 
8804.3577 3.688038e-16 
8806.2027 3.842701e-16 
8808.0477 3.969282e-16 
8809.8927 3.982386e-16 
8811.7376 3.870723e-16 
8813.5826 3.688698e-16 
8815.4276 3.520605e-16 
8817.2726 3.444718e-16 
8819.1176 3.511161e-16 
8820.9626 3.732335e-16 
8822.8076 4.050360e-16 
8824.6526 4.317709e-16 
8826.4976 4.412466e-16 
8828.3426 4.394446e-16 
8830.1876 4.345462e-16 
8832.0326 4.243777e-16 
8833.8776 3.989693e-16 
8835.7226 3.617748e-16 
8837.5676 3.413797e-16 
8839.4126 3.469441e-16 
8841.2575 3.571576e-16 
8843.1025 3.591926e-16 
8844.9475 3.613989e-16 
8846.7925 3.700774e-16 
8848.6375 3.871295e-16 
8850.4825 4.032816e-16 
8852.3275 4.122331e-16 
8854.1725 4.096738e-16 
8856.0175 3.879456e-16 
8857.8625 3.607336e-16 
8859.7075 3.491579e-16 
8861.5525 3.485183e-16 
8863.3975 3.396938e-16 
8865.2425 3.242310e-16 
8867.0875 3.203810e-16 
8868.9325 3.400366e-16 
8870.7775 3.658676e-16 
8872.6224 3.765249e-16 
8874.4674 3.790399e-16 
8876.3124 3.866390e-16 
8878.1574 3.823010e-16 
8880.0024 3.627823e-16 
8881.8474 3.422554e-16 
8883.6924 3.250642e-16 
8885.5374 3.045592e-16 
8887.3824 2.926558e-16 
8889.2274 3.063654e-16 
8891.0724 3.385373e-16 
8892.9174 3.613514e-16 
8894.7624 3.728492e-16 
8896.6074 3.885824e-16 
8898.4524 4.031385e-16 
8900.2974 4.097513e-16 
8902.1424 4.153351e-16 
8903.9873 4.098307e-16 
8905.8323 3.869012e-16 
8907.6773 3.551432e-16 
8909.5223 3.234135e-16 
8911.3673 2.926747e-16 
8913.2123 2.704027e-16 
8915.0573 2.743766e-16 
8916.9023 3.027851e-16 
8918.7473 3.352035e-16 
8920.5923 3.583681e-16 
8922.4373 3.813558e-16 
8924.2823 3.964611e-16 
8926.1273 3.981505e-16 
8927.9723 3.883050e-16 
8929.8173 3.743684e-16 
8931.6623 3.673265e-16 
8933.5072 3.739067e-16 
8935.3522 3.773225e-16 
8937.1972 3.663929e-16 
8939.0422 3.525573e-16 
8940.8872 3.507589e-16 
8942.7322 3.544494e-16 
8944.5772 3.564177e-16 
8946.4222 3.606054e-16 
8948.2672 3.711140e-16 
8950.1122 3.810005e-16 
8951.9572 3.931226e-16 
8953.8022 4.076841e-16 
8955.6472 4.111355e-16 
8957.4922 3.934605e-16 
8959.3372 3.690352e-16 
8961.1822 3.569636e-16 
8963.0272 3.460336e-16 
8964.8721 3.294950e-16 
8966.7171 3.193774e-16 
8968.5621 3.236019e-16 
8970.4071 3.248113e-16 
8972.2521 3.323715e-16 
8974.0971 3.498868e-16 
8975.9421 3.666388e-16 
8977.7871 3.759810e-16 
8979.6321 3.810778e-16 
8981.4771 3.836316e-16 
8983.3221 3.773304e-16 
8985.1671 3.579819e-16 
8987.0121 3.302061e-16 
8988.8571 2.983018e-16 
8990.7021 2.782551e-16 
8992.5471 2.895954e-16 
8994.3920 3.262490e-16 
8996.2370 3.579639e-16 
8998.0820 3.750807e-16 
8999.9270 3.786267e-16 
9001.7720 3.780918e-16 
9003.6170 3.838730e-16 
9005.4620 3.942511e-16 
9007.3070 3.913379e-16 
9009.1520 3.751690e-16 
9010.9970 3.595006e-16 
9012.8420 3.473468e-16 
9014.6870 3.298484e-16 
9016.5320 3.126464e-16 
9018.3770 3.138050e-16 
9020.2220 3.243608e-16 
9022.0670 3.383633e-16 
9023.9120 3.620290e-16 
9025.7569 3.822216e-16 
9027.6019 3.852056e-16 
9029.4469 3.800188e-16 
9031.2919 3.797473e-16 
9033.1369 3.807742e-16 
9034.9819 3.688515e-16 
9036.8269 3.482450e-16 
9038.6719 3.214696e-16 
9040.5169 2.956203e-16 
9042.3619 2.825841e-16 
9044.2069 2.860538e-16 
9046.0519 2.964518e-16 
9047.8969 3.036680e-16 
9049.7419 3.087622e-16 
9051.5869 3.168289e-16 
9053.4319 3.281318e-16 
9055.2769 3.511844e-16 
9057.1218 3.771557e-16 
9058.9668 3.890811e-16 
9060.8118 3.859471e-16 
9062.6568 3.839603e-16 
9064.5018 3.792935e-16 
9066.3468 3.686106e-16 
9068.1918 3.537714e-16 
9070.0368 3.364011e-16 
9071.8818 3.165220e-16 
9073.7268 3.014730e-16 
9075.5718 2.965689e-16 
9077.4168 3.014175e-16 
9079.2618 3.099877e-16 
9081.1068 3.176236e-16 
9082.9518 3.303350e-16 
9084.7968 3.478052e-16 
9086.6417 3.669300e-16 
9088.4867 3.850545e-16 
9090.3317 3.993095e-16 
9092.1767 4.055761e-16 
9094.0217 4.031752e-16 
9095.8667 3.907540e-16 
9097.7117 3.628256e-16 
9099.5567 3.242488e-16 
9101.4017 3.063428e-16 
9103.2467 3.165207e-16 
9105.0917 3.287370e-16 
9106.9367 3.270579e-16 
9108.7817 3.274306e-16 
9110.6267 3.449549e-16 
9112.4717 3.645744e-16 
9114.3167 3.773304e-16 
9116.1617 3.831935e-16 
9118.0066 3.845216e-16 
9119.8516 3.868671e-16 
9121.6966 3.915655e-16 
9123.5416 3.871928e-16 
9125.3866 3.630656e-16 
9127.2316 3.297613e-16 
9129.0766 3.151849e-16 
9130.9216 3.129714e-16 
9132.7666 3.059298e-16 
9134.6116 3.029155e-16 
9136.4566 3.207367e-16 
9138.3016 3.478592e-16 
9140.1466 3.810434e-16 
9141.9916 4.053030e-16 
9143.8366 4.125001e-16 
9145.6816 4.093265e-16 
9147.5265 4.013268e-16 
9149.3715 3.765024e-16 
9151.2165 3.371919e-16 
9153.0615 3.036476e-16 
9154.9065 2.908643e-16 
9156.7515 2.915584e-16 
9158.5965 2.958046e-16 
9160.4415 3.093962e-16 
9162.2865 3.381101e-16 
9164.1315 3.663070e-16 
9165.9765 3.727077e-16 
9167.8215 3.816489e-16 
9169.6665 3.933527e-16 
9171.5115 3.906750e-16 
9173.3565 3.733019e-16 
9175.2015 3.601586e-16 
9177.0465 3.479223e-16 
9178.8914 3.391955e-16 
9180.7364 3.355732e-16 
9182.5814 3.350266e-16 
9184.4264 3.353226e-16 
9186.2714 3.356998e-16 
9188.1164 3.346477e-16 
9189.9614 3.361307e-16 
9191.8064 3.463525e-16 
9193.6514 3.665716e-16 
9195.4964 3.898318e-16 
9197.3414 4.020673e-16 
9199.1864 4.029873e-16 
9201.0314 3.949286e-16 
9202.8764 3.781057e-16 
9204.7214 3.640768e-16 
9206.5664 3.575550e-16 
9208.4113 3.416765e-16 
9210.2563 3.194483e-16 
9212.1013 3.165521e-16 
9213.9463 3.310551e-16 
9215.7913 3.360644e-16 
9217.6363 3.423711e-16 
9219.4813 3.654040e-16 
9221.3263 3.915942e-16 
9223.1713 3.988239e-16 
9225.0163 3.986647e-16 
9226.8613 4.044553e-16 
9228.7063 4.129953e-16 
9230.5513 4.142154e-16 
9232.3963 4.083292e-16 
9234.2413 3.975702e-16 
9236.0863 3.914396e-16 
9237.9313 3.868361e-16 
9239.7762 3.734629e-16 
9241.6212 3.542442e-16 
9243.4662 3.368389e-16 
9245.3112 3.183402e-16 
9247.1562 3.080544e-16 
9249.0012 3.157383e-16 
9250.8462 3.269320e-16 
9252.6912 3.240224e-16 
9254.5362 3.227055e-16 
9256.3812 3.386107e-16 
9258.2262 3.641416e-16 
9260.0712 3.800217e-16 
9261.9162 3.836515e-16 
9263.7612 3.821951e-16 
9265.6062 3.856593e-16 
9267.4512 3.951270e-16 
9269.2962 3.983660e-16 
9271.1411 3.845380e-16 
9272.9861 3.712679e-16 
9274.8311 3.640084e-16 
9276.6761 3.534125e-16 
9278.5211 3.327125e-16 
9280.3661 3.031233e-16 
9282.2111 2.969248e-16 
9284.0561 3.143963e-16 
9285.9011 3.363621e-16 
9287.7461 3.573646e-16 
9289.5911 3.772371e-16 
9291.4361 3.845267e-16 
9293.2811 3.881850e-16 
9295.1261 3.966421e-16 
9296.9711 4.019546e-16 
9298.8161 4.034109e-16 
9300.6610 4.183638e-16 
9302.5060 4.085320e-16 
9304.3510 3.436989e-16 
9306.1960 2.766082e-16 
9308.0410 2.967100e-16 
9309.8860 3.463193e-16 
9311.7310 3.547714e-16 
9313.5760 3.387413e-16 
9315.4210 3.557530e-16 
9317.2660 3.985848e-16 
9319.1110 4.450595e-16 
9320.9560 4.727717e-16 
9322.8010 4.830750e-16 
9324.6460 4.855096e-16 
9326.4910 4.654986e-16 
9328.3360 4.086801e-16 
9330.1810 3.675559e-16 
9332.0259 3.816415e-16 
9333.8709 4.211210e-16 
9335.7159 4.255208e-16 
9337.5609 3.921044e-16 
9339.4059 3.580583e-16 
9341.2509 3.585153e-16 
9343.0959 3.957909e-16 
9344.9409 4.268497e-16 
9346.7859 3.819223e-16 
9348.6309 3.370258e-16 
9350.4759 3.560675e-16 
9352.3209 4.092488e-16 
9354.1659 4.394322e-16 
9356.0109 4.491254e-16 
9357.8559 4.464047e-16 
9359.7009 4.231002e-16 
9361.5458 3.888408e-16 
9363.3908 3.764538e-16 
9365.2358 3.750664e-16 
9367.0808 3.690062e-16 
9368.9258 3.851287e-16 
9370.7708 4.470198e-16 
9372.6158 5.249365e-16 
9374.4608 5.720260e-16 
9376.3058 5.909830e-16 
9378.1508 5.931316e-16 
9379.9958 5.524168e-16 
9381.8408 4.491844e-16 
9383.6858 3.620943e-16 
9385.5308 3.510751e-16 
9387.3758 3.702160e-16 
9389.2208 3.684948e-16 
9391.0658 3.561881e-16 
9392.9107 3.404590e-16 
9394.7557 3.418562e-16 
9396.6007 3.668476e-16 
9398.4457 3.939244e-16 
9400.2907 4.017396e-16 
9402.1357 4.006206e-16 
9403.9807 3.740581e-16 
9405.8257 3.515602e-16 
9407.6707 3.560172e-16 
9409.5157 3.642889e-16 
9411.3607 3.492277e-16 
9413.2057 3.323588e-16 
9415.0507 3.273454e-16 
9416.8957 3.207004e-16 
9418.7407 3.104887e-16 
9420.5857 3.256436e-16 
9422.4307 3.333585e-16 
9424.2756 3.265724e-16 
9426.1206 3.454485e-16 
9427.9656 3.968641e-16 
9429.8106 4.096003e-16 
9431.6556 3.788446e-16 
9433.5006 3.517295e-16 
9435.3456 3.521981e-16 
9437.1906 3.828882e-16 
9439.0356 4.480940e-16 
9440.8806 4.933611e-16 
9442.7256 4.528021e-16 
9444.5706 3.705427e-16 
9446.4156 3.301443e-16 
9448.2606 3.340996e-16 
9450.1056 3.614381e-16 
9451.9506 4.133845e-16 
9453.7955 4.528222e-16 
9455.6405 4.462374e-16 
9457.4855 4.269569e-16 
9459.3305 4.422174e-16 
9461.1755 4.377665e-16 
9463.0205 3.972009e-16 
9464.8655 3.560054e-16 
9466.7105 3.399619e-16 
9468.5555 3.540408e-16 
9470.4005 3.723416e-16 
9472.2455 3.963702e-16 
9474.0905 4.223739e-16 
9475.9355 4.203798e-16 
9477.7805 3.921466e-16 
9479.6255 3.757831e-16 
9481.4705 3.891002e-16 
9483.3155 4.097382e-16 
9485.1604 4.069090e-16 
9487.0054 3.858207e-16 
9488.8504 3.649031e-16 
9490.6954 3.414825e-16 
9492.5404 3.191229e-16 
9494.3854 3.240224e-16 
9496.2304 3.718745e-16 
9498.0754 4.308176e-16 
9499.9204 4.540010e-16 
9501.7654 4.197103e-16 
9503.6104 3.692669e-16 
9505.4554 3.781444e-16 
9507.3004 3.898001e-16 
9509.1454 3.730087e-16 
9510.9904 3.540374e-16 
9512.8354 3.599994e-16 
9514.6803 3.697055e-16 
9516.5253 3.516074e-16 
9518.3703 3.479760e-16 
9520.2153 3.543042e-16 
9522.0603 3.304295e-16 
9523.9053 3.170334e-16 
9525.7503 3.848951e-16 
9527.5953 4.358350e-16 
9529.4403 4.121442e-16 
9531.2853 3.822259e-16 
9533.1303 4.086238e-16 
9534.9753 4.293548e-16 
9536.8203 4.135156e-16 
9538.6653 3.725235e-16 
9540.5103 3.389182e-16 
9542.3553 3.442627e-16 
9544.2003 3.840228e-16 
9546.0452 3.753968e-16 
9547.8902 3.302352e-16 
9549.7352 3.161576e-16 
9551.5802 3.358704e-16 
9553.4252 3.619713e-16 
9555.2702 3.790752e-16 
9557.1152 3.756423e-16 
9558.9602 3.733502e-16 
9560.8052 4.062876e-16 
9562.6502 4.298045e-16 
9564.4952 4.222175e-16 
9566.3402 4.094664e-16 
9568.1852 4.029144e-16 
9570.0302 3.761555e-16 
9571.8752 3.320713e-16 
9573.7202 3.013635e-16 
9575.5652 2.910523e-16 
9577.4101 3.101112e-16 
9579.2551 3.544085e-16 
9581.1001 3.587217e-16 
9582.9451 3.682571e-16 
9584.7901 3.862970e-16 
9586.6351 3.920414e-16 
9588.4801 3.966779e-16 
9590.3251 4.125072e-16 
9592.1701 3.836119e-16 
9594.0151 3.373135e-16 
9595.8601 3.068144e-16 
9597.7051 2.850524e-16 
