3500.0000 6.329211e-16 
3501.8265 6.378367e-16 
3503.6530 6.833846e-16 
3505.4794 6.881746e-16 
3507.3059 6.587226e-16 
3509.1324 6.201688e-16 
3510.9589 5.532435e-16 
3512.7854 5.456906e-16 
3514.6118 5.136383e-16 
3516.4383 6.362310e-16 
3518.2648 6.716327e-16 
3520.0913 5.318550e-16 
3521.9178 5.401047e-16 
3523.7442 5.851366e-16 
3525.5707 6.116891e-16 
3527.3972 5.770259e-16 
3529.2237 5.775007e-16 
3531.0502 4.909245e-16 
3532.8767 4.837462e-16 
3534.7031 5.350723e-16 
3536.5296 5.710404e-16 
3538.3561 5.767436e-16 
3540.1826 5.660155e-16 
3542.0091 5.742579e-16 
3543.8355 5.517709e-16 
3545.6620 5.429707e-16 
3547.4885 5.566091e-16 
3549.3150 5.714171e-16 
3551.1415 6.012718e-16 
3552.9679 6.554951e-16 
3554.7944 6.293909e-16 
3556.6209 6.329421e-16 
3558.4474 6.293207e-16 
3560.2739 6.178508e-16 
3562.1003 6.018303e-16 
3563.9268 5.633000e-16 
3565.7533 5.415046e-16 
3567.5798 5.500381e-16 
3569.4063 5.439494e-16 
3571.2327 5.674830e-16 
3573.0592 6.259701e-16 
3574.8857 6.505532e-16 
3576.7122 6.202006e-16 
3578.5387 5.816783e-16 
3580.3651 5.645749e-16 
3582.1916 5.672533e-16 
3584.0181 5.855088e-16 
3585.8446 6.015583e-16 
3587.6711 5.833844e-16 
3589.4975 5.381551e-16 
3591.3240 5.179934e-16 
3593.1505 5.065626e-16 
3594.9770 5.204644e-16 
3596.8035 5.340489e-16 
3598.6300 5.494540e-16 
3600.4564 5.542472e-16 
3602.2829 5.598975e-16 
3604.1094 5.909312e-16 
3605.9359 5.777428e-16 
3607.7624 6.207791e-16 
3609.5888 6.145902e-16 
3611.4153 5.521983e-16 
3613.2418 5.336541e-16 
3615.0683 5.591143e-16 
3616.8948 5.833510e-16 
3618.7212 6.677745e-16 
3620.5477 6.751661e-16 
3622.3742 6.057432e-16 
3624.2007 6.176434e-16 
3626.0272 6.608047e-16 
3627.8536 6.144696e-16 
3629.6801 5.622154e-16 
3631.5066 5.456071e-16 
3633.3331 5.970732e-16 
3635.1596 6.095963e-16 
3636.9860 5.934086e-16 
3638.8125 5.980430e-16 
3640.6390 5.708182e-16 
3642.4655 5.881079e-16 
3644.2920 6.217017e-16 
3646.1184 6.219511e-16 
3647.9449 5.693466e-16 
3649.7714 5.389908e-16 
3651.5979 5.603397e-16 
3653.4244 5.849052e-16 
3655.2509 5.756984e-16 
3657.0773 5.561270e-16 
3658.9038 6.005322e-16 
3660.7303 6.290411e-16 
3662.5568 5.865992e-16 
3664.3833 5.062162e-16 
3666.2097 5.292292e-16 
3668.0362 5.687770e-16 
3669.8627 5.425253e-16 
3671.6892 5.685034e-16 
3673.5157 5.912322e-16 
3675.3421 5.661585e-16 
3677.1686 5.815431e-16 
3678.9951 6.035709e-16 
3680.8216 5.874661e-16 
3682.6481 6.056215e-16 
3684.4745 6.281287e-16 
3686.3010 6.096701e-16 
3688.1275 5.494502e-16 
3689.9540 5.562668e-16 
3691.7805 6.028758e-16 
3693.6069 5.926117e-16 
3695.4334 5.502503e-16 
3697.2599 5.580672e-16 
3699.0864 5.925681e-16 
3700.9129 5.814445e-16 
3702.7393 5.969016e-16 
3704.5658 5.974047e-16 
3706.3923 5.743206e-16 
3708.2188 5.897020e-16 
3710.0453 5.926588e-16 
3711.8717 5.887591e-16 
3713.6982 6.081775e-16 
3715.5247 5.927585e-16 
3717.3512 5.760967e-16 
3719.1777 5.567177e-16 
3721.0042 5.138637e-16 
3722.8306 4.900999e-16 
3724.6571 4.939032e-16 
3726.4836 5.415927e-16 
3728.3101 5.508590e-16 
3730.1366 5.472364e-16 
3731.9630 5.611675e-16 
3733.7895 5.191108e-16 
3735.6160 5.182872e-16 
3737.4425 5.408243e-16 
3739.2690 4.997163e-16 
3741.0954 4.784773e-16 
3742.9219 4.952934e-16 
3744.7484 5.142766e-16 
3746.5749 5.270327e-16 
3748.4014 5.467697e-16 
3750.2278 5.651550e-16 
3752.0543 5.573365e-16 
3753.8808 5.643021e-16 
3755.7073 5.744057e-16 
3757.5338 5.645930e-16 
3759.3602 5.348097e-16 
3761.1867 4.987406e-16 
3763.0132 4.928504e-16 
3764.8397 5.192519e-16 
3766.6662 5.370744e-16 
3768.4926 5.078903e-16 
3770.3191 5.215211e-16 
3772.1456 5.619609e-16 
3773.9721 5.601732e-16 
3775.7986 5.254461e-16 
3777.6250 4.886136e-16 
3779.4515 4.888102e-16 
3781.2780 5.105264e-16 
3783.1045 5.297027e-16 
3784.9310 5.409242e-16 
3786.7575 5.295349e-16 
3788.5839 4.899100e-16 
3790.4104 4.394493e-16 
3792.2369 4.502300e-16 
3794.0634 5.026672e-16 
3795.8899 5.230334e-16 
3797.7163 5.390694e-16 
3799.5428 5.588854e-16 
3801.3693 5.367582e-16 
3803.1958 5.013411e-16 
3805.0223 4.916460e-16 
3806.8487 4.923910e-16 
3808.6752 4.925383e-16 
3810.5017 5.097343e-16 
3812.3282 5.304112e-16 
3814.1547 5.371807e-16 
3815.9811 5.497995e-16 
3817.8076 5.580728e-16 
3819.6341 5.345237e-16 
3821.4606 4.946107e-16 
3823.2871 5.113879e-16 
3825.1135 5.336568e-16 
3826.9400 5.204800e-16 
3828.7665 5.129389e-16 
3830.5930 5.189756e-16 
3832.4195 5.313204e-16 
3834.2459 5.381241e-16 
3836.0724 4.848388e-16 
3837.8989 4.624730e-16 
3839.7254 4.959392e-16 
3841.5519 5.224761e-16 
3843.3784 4.946772e-16 
3845.2048 4.857672e-16 
3847.0313 5.189812e-16 
3848.8578 4.878312e-16 
3850.6843 4.608650e-16 
3852.5108 4.814921e-16 
3854.3372 5.115067e-16 
3856.1637 5.251617e-16 
3857.9902 5.335218e-16 
3859.8167 5.441423e-16 
3861.6432 5.429589e-16 
3863.4696 5.160535e-16 
3865.2961 4.917764e-16 
3867.1226 5.037504e-16 
3868.9491 4.974767e-16 
3870.7756 4.702662e-16 
3872.6020 4.760511e-16 
3874.4285 4.983304e-16 
3876.2550 5.312932e-16 
3878.0815 5.479119e-16 
3879.9080 5.421983e-16 
3881.7344 5.147091e-16 
3883.5609 4.713467e-16 
3885.3874 4.690923e-16 
3887.2139 4.915254e-16 
3889.0404 5.130714e-16 
3890.8668 5.324696e-16 
3892.6933 5.278196e-16 
3894.5198 4.993353e-16 
3896.3463 4.575290e-16 
3898.1728 4.437058e-16 
3899.9992 4.332200e-16 
3901.8257 4.585779e-16 
3903.6522 4.780569e-16 
3905.4787 4.862231e-16 
3907.3052 4.711692e-16 
3909.1317 4.581872e-16 
3910.9581 4.741390e-16 
3912.7846 4.629371e-16 
3914.6111 4.458541e-16 
3916.4376 4.467397e-16 
3918.2641 4.657124e-16 
3920.0905 4.986900e-16 
3921.9170 4.905200e-16 
3923.7435 4.721377e-16 
3925.5700 4.810062e-16 
3927.3965 4.699199e-16 
3929.2229 4.809208e-16 
3931.0494 4.619525e-16 
3932.8759 4.396332e-16 
3934.7024 4.478937e-16 
3936.5289 4.602781e-16 
3938.3553 4.927306e-16 
3940.1818 5.286163e-16 
3942.0083 5.233754e-16 
3943.8348 5.295241e-16 
3945.6613 5.595379e-16 
3947.4877 5.377625e-16 
3949.3142 4.983385e-16 
3951.1407 5.176155e-16 
3952.9672 5.142327e-16 
3954.7937 4.782180e-16 
3956.6201 4.699867e-16 
3958.4466 4.846869e-16 
3960.2731 4.479960e-16 
3962.0996 4.215073e-16 
3963.9261 4.514478e-16 
3965.7526 4.732963e-16 
3967.5790 4.714092e-16 
3969.4055 4.834476e-16 
3971.2320 5.228938e-16 
3973.0585 5.368403e-16 
3974.8850 5.260464e-16 
3976.7114 5.305524e-16 
3978.5379 5.394643e-16 
3980.3644 5.230958e-16 
3982.1909 4.834427e-16 
3984.0174 4.882968e-16 
3985.8438 5.020187e-16 
3987.6703 4.960251e-16 
3989.4968 4.841847e-16 
3991.3233 4.615183e-16 
3993.1498 4.359689e-16 
3994.9762 4.354357e-16 
3996.8027 4.532046e-16 
3998.6292 4.393938e-16 
4000.4557 4.218404e-16 
4002.2822 4.207298e-16 
4004.1086 4.186956e-16 
4005.9351 4.225759e-16 
4007.7616 4.365049e-16 
4009.5881 4.452186e-16 
4011.4146 4.825101e-16 
4013.2410 5.068774e-16 
4015.0675 5.054468e-16 
4016.8940 5.237403e-16 
4018.7205 5.104900e-16 
4020.5470 4.972475e-16 
4022.3734 5.205689e-16 
4024.1999 5.163530e-16 
4026.0264 4.987293e-16 
4027.8529 5.064067e-16 
4029.6794 5.138834e-16 
4031.5059 5.218573e-16 
4033.3323 5.341246e-16 
4035.1588 5.337168e-16 
4036.9853 5.322490e-16 
4038.8118 5.055082e-16 
4040.6383 4.835289e-16 
4042.4647 5.055295e-16 
4044.2912 5.275516e-16 
4046.1177 5.000915e-16 
4047.9442 4.851189e-16 
4049.7707 4.932951e-16 
4051.5971 4.909202e-16 
4053.4236 4.906531e-16 
4055.2501 4.788975e-16 
4057.0766 4.438914e-16 
4058.9031 4.446315e-16 
4060.7295 4.782123e-16 
4062.5560 4.967051e-16 
4064.3825 5.344760e-16 
4066.2090 5.716415e-16 
4068.0355 5.689187e-16 
4069.8619 5.393730e-16 
4071.6884 5.431358e-16 
4073.5149 5.520022e-16 
4075.3414 5.354617e-16 
4077.1679 5.409183e-16 
4078.9943 5.377991e-16 
4080.8208 5.248580e-16 
4082.6473 5.513647e-16 
4084.4738 5.651284e-16 
4086.3003 5.662431e-16 
4088.1268 5.572929e-16 
4089.9532 5.154284e-16 
4091.7797 4.884999e-16 
4093.6062 5.042748e-16 
4095.4327 5.072483e-16 
4097.2592 4.832504e-16 
4099.0856 4.603565e-16 
4100.9121 4.336025e-16 
4102.7386 3.832061e-16 
4104.5651 3.483387e-16 
4106.3916 3.379833e-16 
4108.2180 3.634704e-16 
4110.0445 4.186698e-16 
4111.8710 4.601335e-16 
4113.6975 4.758364e-16 
4115.5240 4.893851e-16 
4117.3504 5.191875e-16 
4119.1769 5.295761e-16 
4121.0034 5.060754e-16 
4122.8299 5.052497e-16 
4124.6564 5.319092e-16 
4126.4828 5.482235e-16 
4128.3093 5.476541e-16 
4130.1358 5.326848e-16 
4131.9623 5.124431e-16 
4133.7888 4.919986e-16 
4135.6152 4.665715e-16 
4137.4417 4.307108e-16 
4139.2682 4.167910e-16 
4141.0947 3.809802e-16 
4142.9212 3.590752e-16 
4144.7476 3.792035e-16 
4146.5741 4.056567e-16 
4148.4006 4.551590e-16 
4150.2271 5.041452e-16 
4152.0536 5.268996e-16 
4153.8801 5.340971e-16 
4155.7065 5.520887e-16 
4157.5330 5.599308e-16 
4159.3595 5.629919e-16 
4161.1860 5.864673e-16 
4163.0125 5.895900e-16 
4164.8389 5.699790e-16 
4166.6654 5.695659e-16 
4168.4919 5.853124e-16 
4170.3184 5.748660e-16 
4172.1449 5.560088e-16 
4173.9713 5.688320e-16 
4175.7978 5.908980e-16 
4177.6243 6.116679e-16 
4179.4508 6.086453e-16 
4181.2773 5.812172e-16 
4183.1037 5.944139e-16 
4184.9302 6.104716e-16 
4186.7567 5.965943e-16 
4188.5832 6.143473e-16 
4190.4097 6.259537e-16 
4192.2361 6.050010e-16 
4194.0626 6.022588e-16 
4195.8891 6.137553e-16 
4197.7156 5.914420e-16 
4199.5421 5.863859e-16 
4201.3685 5.943226e-16 
4203.1950 6.024880e-16 
4205.0215 5.894607e-16 
4206.8480 5.598783e-16 
4208.6745 5.491294e-16 
4210.5009 5.778419e-16 
4212.3274 6.196935e-16 
4214.1539 6.362997e-16 
4215.9804 6.325115e-16 
4217.8069 6.158078e-16 
4219.6334 5.888749e-16 
4221.4598 5.555311e-16 
4223.2863 5.528770e-16 
4225.1128 5.729713e-16 
4226.9393 5.924617e-16 
4228.7658 5.787417e-16 
4230.5922 5.777051e-16 
4232.4187 5.922511e-16 
4234.2452 5.811100e-16 
4236.0717 5.806692e-16 
4237.8982 5.936986e-16 
4239.7246 5.780162e-16 
4241.5511 5.589605e-16 
4243.3776 5.687027e-16 
4245.2041 5.901523e-16 
4247.0306 5.983906e-16 
4248.8570 5.849798e-16 
4250.6835 5.813562e-16 
4252.5100 5.859135e-16 
4254.3365 5.883465e-16 
4256.1630 5.877341e-16 
4257.9894 5.875416e-16 
4259.8159 5.946905e-16 
4261.6424 5.987402e-16 
4263.4689 6.003313e-16 
4265.2954 6.176601e-16 
4267.1218 6.330092e-16 
4268.9483 6.211356e-16 
4270.7748 6.141079e-16 
4272.6013 6.188710e-16 
4274.4278 5.992498e-16 
4276.2543 5.515212e-16 
4278.0807 5.330292e-16 
4279.9072 5.409657e-16 
4281.7337 5.275710e-16 
4283.5602 5.258240e-16 
4285.3867 5.555992e-16 
4287.2131 5.905541e-16 
4289.0396 6.019650e-16 
4290.8661 6.080830e-16 
4292.6926 6.155352e-16 
4294.5191 6.015540e-16 
4296.3455 6.056880e-16 
4298.1720 6.304819e-16 
4299.9985 6.185039e-16 
4301.8250 5.900685e-16 
4303.6515 6.030024e-16 
4305.4779 6.120659e-16 
4307.3044 6.068226e-16 
4309.1309 5.964734e-16 
4310.9574 5.876329e-16 
4312.7839 5.813901e-16 
4314.6103 5.727761e-16 
4316.4368 5.917660e-16 
4318.2633 6.183558e-16 
4320.0898 6.266221e-16 
4321.9163 6.129070e-16 
4323.7427 5.907515e-16 
4325.5692 5.820225e-16 
4327.3957 5.866876e-16 
4329.2222 5.808741e-16 
4331.0487 5.837841e-16 
4332.8751 5.944156e-16 
4334.7016 5.959493e-16 
4336.5281 5.876151e-16 
4338.3546 5.740343e-16 
4340.1811 5.803083e-16 
4342.0076 5.939556e-16 
4343.8340 5.924751e-16 
4345.6605 5.964634e-16 
4347.4870 6.035230e-16 
4349.3135 6.012944e-16 
4351.1400 5.937843e-16 
4352.9664 5.594501e-16 
4354.7929 5.425853e-16 
4356.6194 5.537345e-16 
4358.4459 5.716153e-16 
4360.2724 5.729056e-16 
4362.0988 5.726554e-16 
4363.9253 5.806826e-16 
4365.7518 5.680440e-16 
4367.5783 5.525982e-16 
4369.4048 5.637715e-16 
4371.2312 5.686014e-16 
4373.0577 5.573982e-16 
4374.8842 5.706410e-16 
4376.7107 5.818725e-16 
4378.5372 5.950659e-16 
4380.3636 5.929198e-16 
4382.1901 5.511232e-16 
4384.0166 5.135812e-16 
4385.8431 5.256532e-16 
4387.6696 5.666325e-16 
4389.4960 5.744453e-16 
4391.3225 5.687803e-16 
4393.1490 5.658499e-16 
4394.9755 5.805181e-16 
4396.8020 5.855193e-16 
4398.6285 5.668078e-16 
4400.4549 5.583077e-16 
4402.2814 5.545308e-16 
4404.1079 5.572075e-16 
4405.9344 5.649307e-16 
4407.7609 5.498014e-16 
4409.5873 5.334588e-16 
4411.4138 5.197356e-16 
4413.2403 5.235569e-16 
4415.0668 5.716267e-16 
4416.8933 5.806568e-16 
4418.7197 5.682082e-16 
4420.5462 5.533353e-16 
4422.3727 5.379898e-16 
4424.1992 5.554435e-16 
4426.0257 5.628241e-16 
4427.8521 5.759648e-16 
4429.6786 5.719189e-16 
4431.5051 5.557578e-16 
4433.3316 5.535791e-16 
4435.1581 5.586874e-16 
4436.9845 5.514138e-16 
4438.8110 5.494680e-16 
4440.6375 5.633137e-16 
4442.4640 5.737257e-16 
4444.2905 5.648779e-16 
4446.1169 5.285750e-16 
4447.9434 5.323872e-16 
4449.7699 5.806301e-16 
4451.5964 6.048456e-16 
4453.4229 5.656460e-16 
4455.2493 5.305615e-16 
4457.0758 5.337408e-16 
4458.9023 5.224775e-16 
4460.7288 5.323530e-16 
4462.5553 5.589896e-16 
4464.3818 5.607910e-16 
4466.2082 5.774134e-16 
4468.0347 5.835805e-16 
4469.8612 5.686704e-16 
4471.6877 5.740292e-16 
4473.5142 5.455791e-16 
4475.3406 5.027841e-16 
4477.1671 4.965543e-16 
4478.9936 5.180938e-16 
4480.8201 5.435969e-16 
4482.6466 5.538920e-16 
4484.4730 5.330123e-16 
4486.2995 5.048242e-16 
4488.1260 4.901134e-16 
4489.9525 4.815392e-16 
4491.7790 4.834467e-16 
4493.6054 4.937849e-16 
4495.4319 5.004763e-16 
4497.2584 5.014591e-16 
4499.0849 5.169794e-16 
4500.9114 5.319197e-16 
4502.7378 5.693232e-16 
4504.5643 6.138717e-16 
4506.3908 5.938190e-16 
4508.2173 6.044096e-16 
4510.0438 6.254614e-16 
4511.8702 5.919319e-16 
4513.6967 5.541513e-16 
4515.5232 5.568986e-16 
4517.3497 5.763276e-16 
4519.1762 5.773423e-16 
4521.0027 5.978682e-16 
4522.8291 6.041411e-16 
4524.6556 5.655248e-16 
4526.4821 5.406703e-16 
4528.3086 5.108143e-16 
4530.1351 4.938824e-16 
4531.9615 5.309081e-16 
4533.7880 5.615166e-16 
4535.6145 5.791882e-16 
4537.4410 5.992212e-16 
4539.2675 5.969196e-16 
4541.0939 5.859440e-16 
4542.9204 5.734933e-16 
4544.7469 5.738744e-16 
4546.5734 5.892900e-16 
4548.3999 6.006841e-16 
4550.2263 5.997773e-16 
4552.0528 6.072589e-16 
4553.8793 6.004304e-16 
4555.7058 5.973306e-16 
4557.5323 6.132197e-16 
4559.3587 6.071644e-16 
4561.1852 6.114769e-16 
4563.0117 5.885399e-16 
4564.8382 5.644087e-16 
4566.6647 5.863795e-16 
4568.4911 6.174301e-16 
4570.3176 6.035682e-16 
4572.1441 5.657149e-16 
4573.9706 5.375028e-16 
4575.7971 5.347962e-16 
4577.6235 5.463296e-16 
4579.4500 5.580284e-16 
4581.2765 5.667367e-16 
4583.1030 5.658251e-16 
4584.9295 5.568914e-16 
4586.7560 5.583721e-16 
4588.5824 5.580359e-16 
4590.4089 5.573734e-16 
4592.2354 5.842266e-16 
4594.0619 5.872733e-16 
4595.8884 5.706243e-16 
4597.7148 5.448530e-16 
4599.5413 5.303073e-16 
4601.3678 5.604934e-16 
4603.1943 5.873474e-16 
4605.0208 5.869229e-16 
4606.8472 5.680515e-16 
4608.6737 5.899199e-16 
4610.5002 6.052259e-16 
4612.3267 5.869246e-16 
4614.1532 5.930197e-16 
4615.9796 5.863773e-16 
4617.8061 5.755624e-16 
4619.6326 5.585011e-16 
4621.4591 5.334136e-16 
4623.2856 5.473722e-16 
4625.1120 5.532292e-16 
4626.9385 5.539381e-16 
4628.7650 5.729517e-16 
4630.5915 5.863894e-16 
4632.4180 5.745716e-16 
4634.2444 5.733643e-16 
4636.0709 5.694396e-16 
4637.8974 5.710237e-16 
4639.7239 5.723721e-16 
4641.5504 5.627999e-16 
4643.3769 5.723175e-16 
4645.2033 5.736180e-16 
4647.0298 5.494537e-16 
4648.8563 5.447049e-16 
4650.6828 5.599063e-16 
4652.5093 5.637112e-16 
4654.3357 5.371947e-16 
4656.1622 5.365629e-16 
4657.9887 5.536563e-16 
4659.8152 5.627748e-16 
4661.6417 5.727993e-16 
4663.4681 5.919758e-16 
4665.2946 5.766577e-16 
4667.1211 5.696741e-16 
4668.9476 5.743026e-16 
4670.7741 5.975824e-16 
4672.6005 6.083741e-16 
4674.4270 5.903470e-16 
4676.2535 5.854452e-16 
4678.0800 5.813384e-16 
4679.9065 5.822212e-16 
4681.7329 5.781821e-16 
4683.5594 5.608112e-16 
4685.3859 5.774339e-16 
4687.2124 5.679031e-16 
4689.0389 5.652124e-16 
4690.8653 5.732770e-16 
4692.6918 5.790711e-16 
4694.5183 5.737340e-16 
4696.3448 5.728230e-16 
4698.1713 5.943531e-16 
4699.9977 6.096251e-16 
4701.8242 6.074647e-16 
4703.6507 6.006370e-16 
4705.4772 6.036447e-16 
4707.3037 5.938371e-16 
4709.1302 5.995455e-16 
4710.9566 5.948960e-16 
4712.7831 6.110888e-16 
4714.6096 6.174511e-16 
4716.4361 5.872642e-16 
4718.2626 5.795117e-16 
4720.0890 5.810535e-16 
4721.9155 5.651502e-16 
4723.7420 5.321114e-16 
4725.5685 5.398141e-16 
4727.3950 5.370954e-16 
4729.2214 5.277838e-16 
4731.0479 5.356798e-16 
4732.8744 5.729167e-16 
4734.7009 5.820443e-16 
4736.5274 5.647370e-16 
4738.3538 5.568079e-16 
4740.1803 5.772483e-16 
4742.0068 6.005522e-16 
4743.8333 5.879603e-16 
4745.6598 5.653287e-16 
4747.4862 5.518686e-16 
4749.3127 5.352395e-16 
4751.1392 5.456555e-16 
4752.9657 5.823642e-16 
4754.7922 5.717338e-16 
4756.6186 5.631766e-16 
4758.4451 5.874643e-16 
4760.2716 6.006117e-16 
4762.0981 6.036967e-16 
4763.9246 6.040718e-16 
4765.7510 5.857283e-16 
4767.5775 5.795499e-16 
4769.4040 5.975684e-16 
4771.2305 5.993742e-16 
4773.0570 6.062708e-16 
4774.8835 6.080792e-16 
4776.7099 5.932360e-16 
4778.5364 5.796013e-16 
4780.3629 5.721734e-16 
4782.1894 5.630589e-16 
4784.0159 5.775774e-16 
4785.8423 5.861373e-16 
4787.6688 5.769693e-16 
4789.4953 5.689847e-16 
4791.3218 5.888335e-16 
4793.1483 6.099663e-16 
4794.9747 6.029286e-16 
4796.8012 5.922613e-16 
4798.6277 5.716057e-16 
4800.4542 5.563624e-16 
4802.2807 5.724281e-16 
4804.1071 5.971981e-16 
4805.9336 5.913782e-16 
4807.7601 5.896934e-16 
4809.5866 6.140852e-16 
4811.4131 6.123347e-16 
4813.2395 6.118852e-16 
4815.0660 6.117425e-16 
4816.8925 6.046724e-16 
4818.7190 6.054394e-16 
4820.5455 6.176407e-16 
4822.3719 6.218291e-16 
4824.1984 6.205897e-16 
4826.0249 6.291114e-16 
4827.8514 6.186321e-16 
4829.6779 5.932704e-16 
4831.5044 5.892921e-16 
4833.3308 6.078194e-16 
4835.1573 6.282617e-16 
4836.9838 6.181239e-16 
4838.8103 6.066223e-16 
4840.6368 6.136164e-16 
4842.4632 6.078509e-16 
4844.2897 6.082360e-16 
4846.1162 6.053330e-16 
4847.9427 5.888356e-16 
4849.7692 5.883320e-16 
4851.5956 5.943337e-16 
4853.4221 5.970524e-16 
4855.2486 6.058415e-16 
4857.0751 6.117277e-16 
4858.9016 6.176283e-16 
4860.7280 6.295714e-16 
4862.5545 6.274029e-16 
4864.3810 6.226185e-16 
4866.2075 6.258740e-16 
4868.0340 6.097870e-16 
4869.8604 5.977626e-16 
4871.6869 5.850151e-16 
4873.5134 5.825635e-16 
4875.3399 6.115739e-16 
4877.1664 6.306791e-16 
4878.9928 6.202625e-16 
4880.8193 6.066147e-16 
4882.6458 5.987502e-16 
4884.4723 6.057384e-16 
4886.2988 6.189633e-16 
4888.1252 6.409276e-16 
4889.9517 6.419596e-16 
4891.7782 6.207438e-16 
4893.6047 6.072530e-16 
4895.4312 6.029238e-16 
4897.2577 6.206964e-16 
4899.0841 6.348211e-16 
4900.9106 6.246405e-16 
4902.7371 6.211809e-16 
4904.5636 6.192986e-16 
4906.3901 6.190902e-16 
4908.2165 6.224240e-16 
4910.0430 6.121351e-16 
4911.8695 6.113194e-16 
4913.6960 6.178322e-16 
4915.5225 6.282402e-16 
4917.3489 6.377187e-16 
4919.1754 6.274290e-16 
4921.0019 6.234356e-16 
4922.8284 6.352744e-16 
4924.6549 6.328118e-16 
4926.4813 6.230957e-16 
4928.3078 6.178977e-16 
4930.1343 6.269388e-16 
4931.9608 6.228113e-16 
4933.7873 5.939925e-16 
4935.6137 5.877605e-16 
4937.4402 5.995166e-16 
4939.2667 5.997036e-16 
4941.0932 6.032324e-16 
4942.9197 6.191039e-16 
4944.7461 6.141488e-16 
4946.5726 6.045151e-16 
4948.3991 5.997792e-16 
4950.2256 5.992807e-16 
4952.0521 6.021376e-16 
4953.8786 6.054273e-16 
4955.7050 6.158423e-16 
4957.5315 6.073777e-16 
4959.3580 5.927865e-16 
4961.1845 5.966264e-16 
4963.0110 6.028529e-16 
4964.8374 5.883016e-16 
4966.6639 5.856337e-16 
4968.4904 5.938266e-16 
4970.3169 5.715895e-16 
4972.1434 5.560931e-16 
4973.9698 5.579762e-16 
4975.7963 5.828724e-16 
4977.6228 6.009990e-16 
4979.4493 5.980284e-16 
4981.2758 6.006082e-16 
4983.1022 6.017366e-16 
4984.9287 6.036953e-16 
4986.7552 6.037586e-16 
4988.5817 6.001757e-16 
4990.4082 6.034112e-16 
4992.2346 6.022795e-16 
4994.0611 5.887268e-16 
4995.8876 5.947490e-16 
4997.7141 6.046835e-16 
4999.5406 6.094541e-16 
5001.3670 6.113695e-16 
5003.1935 6.079222e-16 
5005.0200 6.128852e-16 
5006.8465 6.125803e-16 
5008.6730 5.979269e-16 
5010.4994 6.000752e-16 
5012.3259 6.070634e-16 
5014.1524 5.983815e-16 
5015.9789 6.129916e-16 
5017.8054 6.262278e-16 
5019.6319 6.164843e-16 
5021.4583 6.220645e-16 
5023.2848 6.354659e-16 
5025.1113 6.394089e-16 
5026.9378 6.306987e-16 
5028.7643 6.409860e-16 
5030.5907 6.488083e-16 
5032.4172 6.403413e-16 
5034.2437 6.335621e-16 
5036.0702 6.242753e-16 
5037.8967 6.221283e-16 
5039.7231 6.208968e-16 
5041.5496 6.214604e-16 
5043.3761 6.308084e-16 
5045.2026 6.332427e-16 
5047.0291 6.190592e-16 
5048.8555 6.148129e-16 
5050.6820 6.173496e-16 
5052.5085 6.146069e-16 
5054.3350 6.275639e-16 
5056.1615 6.557367e-16 
5057.9879 6.638765e-16 
5059.8144 6.426119e-16 
5061.6409 6.365321e-16 
5063.4674 6.353722e-16 
5065.2939 6.192111e-16 
5067.1203 6.210645e-16 
5068.9468 5.926453e-16 
5070.7733 5.665186e-16 
5072.5998 5.728397e-16 
5074.4263 5.532758e-16 
5076.2528 5.540250e-16 
5078.0792 5.863722e-16 
5079.9057 6.365154e-16 
5081.7322 6.510864e-16 
5083.5587 6.102066e-16 
5085.3852 6.094447e-16 
5087.2116 6.327671e-16 
5089.0381 6.251183e-16 
5090.8646 6.353805e-16 
5092.6911 6.504961e-16 
5094.5176 6.392632e-16 
5096.3440 6.373317e-16 
5098.1705 6.430646e-16 
5099.9970 6.298814e-16 
5101.8235 6.278311e-16 
5103.6500 6.211766e-16 
5105.4764 6.137903e-16 
5107.3029 6.359208e-16 
5109.1294 6.588341e-16 
5110.9559 6.781437e-16 
5112.7824 6.663730e-16 
5114.6088 6.412855e-16 
5116.4353 6.359181e-16 
5118.2618 6.471776e-16 
5120.0883 6.571404e-16 
5121.9148 6.487402e-16 
5123.7412 6.358518e-16 
5125.5677 6.302126e-16 
5127.3942 6.418198e-16 
5129.2207 6.596304e-16 
5131.0472 6.444462e-16 
5132.8736 6.168441e-16 
5134.7001 5.858535e-16 
5136.5266 5.739923e-16 
5138.3531 5.955119e-16 
5140.1796 6.393917e-16 
5142.0061 6.520772e-16 
5143.8325 6.475702e-16 
5145.6590 6.380193e-16 
5147.4855 6.181670e-16 
5149.3120 6.126689e-16 
5151.1385 6.171026e-16 
5152.9649 6.092723e-16 
5154.7914 6.069853e-16 
5156.6179 6.085961e-16 
5158.4444 6.169095e-16 
5160.2709 6.213013e-16 
5162.0973 6.189975e-16 
5163.9238 6.158261e-16 
5165.7503 6.026727e-16 
5167.5768 6.128187e-16 
5169.4033 6.025287e-16 
5171.2297 5.812253e-16 
5173.0562 5.839863e-16 
5174.8827 5.932957e-16 
5176.7092 5.926685e-16 
5178.5357 5.803374e-16 
5180.3621 5.837477e-16 
5182.1886 5.879148e-16 
5184.0151 5.803457e-16 
5185.8416 5.515296e-16 
5187.6681 5.460450e-16 
5189.4945 5.626035e-16 
5191.3210 5.846025e-16 
5193.1475 5.894472e-16 
5194.9740 5.934953e-16 
5196.8005 5.996478e-16 
5198.6269 5.739525e-16 
5200.4534 5.367956e-16 
5202.2799 5.184308e-16 
5204.1064 5.503053e-16 
5205.9329 5.758705e-16 
5207.7594 5.710323e-16 
5209.5858 5.693588e-16 
5211.4123 5.722205e-16 
5213.2388 5.797497e-16 
5215.0653 5.881723e-16 
5216.8918 5.787220e-16 
5218.7182 5.738730e-16 
5220.5447 5.808475e-16 
5222.3712 5.801524e-16 
5224.1977 6.057747e-16 
5226.0242 6.422502e-16 
5227.8506 6.168595e-16 
5229.6771 5.783267e-16 
5231.5036 5.633590e-16 
5233.3301 5.461015e-16 
5235.1566 5.536871e-16 
5236.9830 5.332590e-16 
5238.8095 5.230121e-16 
5240.6360 5.484001e-16 
5242.4625 5.566029e-16 
5244.2890 5.478909e-16 
5246.1154 5.531441e-16 
5247.9419 5.631467e-16 
5249.7684 5.545230e-16 
5251.5949 5.663591e-16 
5253.4214 5.652792e-16 
5255.2478 5.488135e-16 
5257.0743 5.448225e-16 
5258.9008 5.508210e-16 
5260.7273 5.343995e-16 
5262.5538 5.230886e-16 
5264.3803 5.550008e-16 
5266.2067 5.831897e-16 
5268.0332 5.779674e-16 
5269.8597 5.658878e-16 
5271.6862 5.397155e-16 
5273.5127 5.330643e-16 
5275.3391 5.475895e-16 
5277.1656 5.811529e-16 
5278.9921 6.048477e-16 
5280.8186 6.099828e-16 
5282.6451 5.833898e-16 
5284.4715 5.588016e-16 
5286.2980 5.412388e-16 
5288.1245 5.506352e-16 
5289.9510 5.554616e-16 
5291.7775 5.310738e-16 
5293.6039 5.290544e-16 
5295.4304 5.557732e-16 
5297.2569 5.691199e-16 
5299.0834 5.542839e-16 
5300.9099 5.212672e-16 
5302.7363 5.167260e-16 
5304.5628 5.302233e-16 
5306.3893 5.327610e-16 
5308.2158 5.342517e-16 
5310.0423 5.315604e-16 
5311.8687 5.373076e-16 
5313.6952 5.318378e-16 
5315.5217 5.486395e-16 
5317.3482 5.543275e-16 
5319.1747 5.335175e-16 
5321.0011 5.351404e-16 
5322.8276 5.283197e-16 
5324.6541 5.336931e-16 
5326.4806 5.261410e-16 
5328.3071 5.450628e-16 
5330.1336 5.451737e-16 
5331.9600 5.106586e-16 
5333.7865 5.074599e-16 
5335.6130 5.294716e-16 
5337.4395 5.329738e-16 
5339.2660 5.202804e-16 
5341.0924 5.411238e-16 
5342.9189 5.409722e-16 
5344.7454 5.199295e-16 
5346.5719 5.031784e-16 
5348.3984 4.945191e-16 
5350.2248 4.933885e-16 
5352.0513 5.145637e-16 
5353.8778 5.227651e-16 
5355.7043 5.073423e-16 
5357.5308 5.458047e-16 
5359.3572 5.482011e-16 
5361.1837 5.058659e-16 
5363.0102 4.990843e-16 
5364.8367 4.863796e-16 
5366.6632 4.991160e-16 
5368.4896 5.326158e-16 
5370.3161 5.194811e-16 
5372.1426 5.026085e-16 
5373.9691 4.800841e-16 
5375.7956 4.854335e-16 
5377.6220 4.951272e-16 
5379.4485 4.883968e-16 
5381.2750 4.926245e-16 
5383.1015 5.142976e-16 
5384.9280 5.521627e-16 
5386.7545 5.533033e-16 
5388.5809 5.171178e-16 
5390.4074 4.941383e-16 
5392.2339 4.640984e-16 
5394.0604 4.440104e-16 
5395.8869 4.497988e-16 
5397.7133 4.565411e-16 
5399.5398 4.550852e-16 
5401.3663 4.558705e-16 
5403.1928 4.908394e-16 
5405.0193 5.136402e-16 
5406.8457 4.967366e-16 
5408.6722 4.899459e-16 
5410.4987 4.789613e-16 
5412.3252 4.696503e-16 
5414.1517 4.847190e-16 
5415.9781 4.988502e-16 
5417.8046 4.990051e-16 
5419.6311 5.116483e-16 
5421.4576 5.193532e-16 
5423.2841 5.168229e-16 
5425.1105 5.253320e-16 
5426.9370 5.300258e-16 
5428.7635 5.328030e-16 
5430.5900 5.254558e-16 
5432.4165 5.164610e-16 
5434.2429 4.970905e-16 
5436.0694 4.853540e-16 
5437.8959 4.832685e-16 
5439.7224 4.941313e-16 
5441.5489 5.049577e-16 
5443.3753 5.067479e-16 
5445.2018 5.220409e-16 
5447.0283 5.231354e-16 
5448.8548 5.173952e-16 
5450.6813 5.203041e-16 
5452.5078 5.058093e-16 
5454.3342 4.958288e-16 
5456.1607 4.923902e-16 
5457.9872 4.910280e-16 
5459.8137 5.011216e-16 
5461.6402 5.244394e-16 
5463.4666 5.449666e-16 
5465.2931 5.485582e-16 
5467.1196 5.557783e-16 
5468.9461 5.586839e-16 
5470.7726 5.528492e-16 
5472.5990 5.421097e-16 
5474.4255 5.284350e-16 
5476.2520 5.268649e-16 
5478.0785 5.505008e-16 
5479.9050 5.435522e-16 
5481.7314 5.210367e-16 
5483.5579 5.127019e-16 
5485.3844 5.180017e-16 
5487.2109 5.358980e-16 
5489.0374 5.587879e-16 
5490.8638 5.422226e-16 
5492.6903 5.070102e-16 
5494.5168 4.880025e-16 
5496.3433 4.983590e-16 
5498.1698 5.090459e-16 
5499.9962 4.854311e-16 
5501.8227 4.642998e-16 
5503.6492 4.754128e-16 
5505.4757 5.226849e-16 
5507.3022 5.160007e-16 
5509.1287 4.849870e-16 
5510.9551 4.801775e-16 
5512.7816 4.944965e-16 
5514.6081 4.923306e-16 
5516.4346 4.966742e-16 
5518.2611 5.151257e-16 
5520.0875 5.276817e-16 
5521.9140 5.230010e-16 
5523.7405 5.192075e-16 
5525.5670 5.314952e-16 
5527.3935 5.452661e-16 
5529.2199 5.411701e-16 
5531.0464 5.189982e-16 
5532.8729 5.011141e-16 
5534.6994 5.114735e-16 
5536.5259 5.365847e-16 
5538.3523 5.503222e-16 
5540.1788 5.460032e-16 
5542.0053 5.395249e-16 
5543.8318 5.361684e-16 
5545.6583 5.280009e-16 
5547.4847 5.209513e-16 
5549.3112 5.225252e-16 
5551.1377 5.222865e-16 
5552.9642 5.215403e-16 
5554.7907 5.313075e-16 
5556.6171 5.345611e-16 
5558.4436 5.086899e-16 
5560.2701 4.764755e-16 
5562.0966 4.865172e-16 
5563.9231 5.132365e-16 
5565.7495 5.227802e-16 
5567.5760 5.180656e-16 
5569.4025 5.118554e-16 
5571.2290 5.019772e-16 
5573.0555 5.350898e-16 
5574.8820 5.635865e-16 
5576.7084 5.097583e-16 
5578.5349 4.672825e-16 
5580.3614 5.085981e-16 
5582.1879 5.615465e-16 
5584.0144 5.641890e-16 
5585.8408 5.504130e-16 
5587.6673 5.475574e-16 
5589.4938 5.347774e-16 
5591.3203 5.443117e-16 
5593.1468 5.736549e-16 
5594.9732 5.690674e-16 
5596.7997 5.535586e-16 
5598.6262 5.469598e-16 
5600.4527 5.344965e-16 
5602.2792 5.085954e-16 
5604.1056 4.955471e-16 
5605.9321 5.141314e-16 
5607.7586 5.378985e-16 
5609.5851 5.493190e-16 
5611.4116 5.483245e-16 
5613.2380 5.370030e-16 
5615.0645 5.215556e-16 
5616.8910 5.135548e-16 
5618.7175 5.206394e-16 
5620.5440 5.347251e-16 
5622.3704 5.384118e-16 
5624.1969 5.337734e-16 
5626.0234 5.304131e-16 
5627.8499 5.343400e-16 
5629.6764 5.376071e-16 
5631.5028 5.291953e-16 
5633.3293 5.293499e-16 
5635.1558 5.301990e-16 
5636.9823 5.206332e-16 
5638.8088 5.023494e-16 
5640.6353 4.842894e-16 
5642.4617 4.811807e-16 
5644.2882 4.956650e-16 
5646.1147 5.175757e-16 
5647.9412 5.322531e-16 
5649.7677 5.325693e-16 
5651.5941 5.293375e-16 
5653.4206 5.301110e-16 
5655.2471 5.303676e-16 
5657.0736 5.277294e-16 
5658.9001 5.332983e-16 
5660.7265 5.378166e-16 
5662.5530 5.292594e-16 
5664.3795 5.144172e-16 
5666.2060 5.068349e-16 
5668.0325 5.000629e-16 
5669.8589 4.963437e-16 
5671.6854 5.063663e-16 
5673.5119 5.156242e-16 
5675.3384 5.066857e-16 
5677.1649 5.129712e-16 
5678.9913 5.244276e-16 
5680.8178 5.232792e-16 
5682.6443 5.089253e-16 
5684.4708 4.935329e-16 
5686.2973 4.852786e-16 
5688.1237 5.064947e-16 
5689.9502 5.259926e-16 
5691.7767 5.243164e-16 
5693.6032 5.294738e-16 
5695.4297 5.311922e-16 
5697.2562 5.138201e-16 
5699.0826 5.050121e-16 
5700.9091 5.205131e-16 
5702.7356 5.277703e-16 
5704.5621 5.206074e-16 
5706.3886 5.124630e-16 
5708.2150 5.014873e-16 
5710.0415 4.881808e-16 
5711.8680 4.902249e-16 
5713.6945 4.980959e-16 
5715.5210 4.980991e-16 
5717.3474 4.969332e-16 
5719.1739 5.055947e-16 
5721.0004 5.143385e-16 
5722.8269 5.092665e-16 
5724.6534 5.117329e-16 
5726.4798 5.190701e-16 
5728.3063 5.097569e-16 
5730.1328 4.919428e-16 
5731.9593 4.860642e-16 
5733.7858 4.920137e-16 
5735.6122 4.990999e-16 
5737.4387 5.022309e-16 
5739.2652 5.040542e-16 
5741.0917 5.032188e-16 
5742.9182 5.073361e-16 
5744.7446 5.085407e-16 
5746.5711 4.987218e-16 
5748.3976 4.985599e-16 
5750.2241 4.939495e-16 
5752.0506 4.813515e-16 
5753.8770 4.790483e-16 
5755.7035 4.982973e-16 
5757.5300 5.154279e-16 
5759.3565 5.164050e-16 
5761.1830 5.174362e-16 
5763.0095 5.145855e-16 
5764.8359 4.885096e-16 
5766.6624 4.704054e-16 
5768.4889 4.721681e-16 
5770.3154 4.859279e-16 
5772.1419 4.987675e-16 
5773.9683 5.058185e-16 
5775.7948 5.119141e-16 
5777.6213 5.180470e-16 
5779.4478 5.191781e-16 
5781.2743 5.062548e-16 
5783.1007 4.857173e-16 
5784.9272 4.964991e-16 
5786.7537 5.115075e-16 
5788.5802 5.198288e-16 
5790.4067 5.232485e-16 
5792.2331 5.140038e-16 
5794.0596 5.185673e-16 
5795.8861 5.240161e-16 
5797.7126 5.247446e-16 
5799.5391 5.244201e-16 
5801.3655 5.130463e-16 
5803.1920 4.859409e-16 
5805.0185 4.675378e-16 
5806.8450 4.773384e-16 
5808.6715 5.009016e-16 
5810.4979 5.045850e-16 
5812.3244 4.941693e-16 
5814.1509 4.956378e-16 
5815.9774 5.074885e-16 
5817.8039 5.108956e-16 
5819.6304 5.102274e-16 
5821.4568 5.190820e-16 
5823.2833 5.169186e-16 
5825.1098 5.006253e-16 
5826.9363 4.925240e-16 
5828.7628 4.944246e-16 
5830.5892 4.840034e-16 
5832.4157 4.752353e-16 
5834.2422 4.743434e-16 
5836.0687 4.688518e-16 
5837.8952 4.669706e-16 
5839.7216 4.707028e-16 
5841.5481 4.806109e-16 
5843.3746 4.844112e-16 
5845.2011 4.792791e-16 
5847.0276 4.974099e-16 
5848.8540 5.074896e-16 
5850.6805 5.024930e-16 
5852.5070 4.955174e-16 
5854.3335 4.916948e-16 
5856.1600 4.920616e-16 
5857.9864 4.833113e-16 
5859.8129 4.817091e-16 
5861.6394 4.916000e-16 
5863.4659 4.931170e-16 
5865.2924 5.028695e-16 
5867.1188 5.032150e-16 
5868.9453 4.983512e-16 
5870.7718 4.965039e-16 
5872.5983 4.895044e-16 
5874.4248 4.920252e-16 
5876.2512 4.941846e-16 
5878.0777 4.988031e-16 
5879.9042 5.121091e-16 
5881.7307 5.205169e-16 
5883.5572 5.113666e-16 
5885.3837 4.981608e-16 
5887.2101 4.860653e-16 
5889.0366 4.816483e-16 
5890.8631 4.997853e-16 
5892.6896 5.082008e-16 
5894.5161 4.894468e-16 
5896.3425 4.716610e-16 
5898.1690 4.813569e-16 
5899.9955 4.954622e-16 
5901.8220 4.960394e-16 
5903.6485 4.952462e-16 
5905.4749 5.022939e-16 
5907.3014 5.068230e-16 
5909.1279 4.969957e-16 
5910.9544 4.835187e-16 
5912.7809 4.779463e-16 
5914.6073 4.800079e-16 
5916.4338 4.830869e-16 
5918.2603 4.855967e-16 
5920.0868 4.844790e-16 
5921.9133 4.729685e-16 
5923.7397 4.712137e-16 
5925.5662 4.978109e-16 
5927.3927 5.152025e-16 
5929.2192 5.087591e-16 
5931.0457 5.020895e-16 
5932.8721 5.017664e-16 
5934.6986 4.919485e-16 
5936.5251 4.877822e-16 
5938.3516 4.867389e-16 
5940.1781 4.875250e-16 
5942.0046 4.865350e-16 
5943.8310 4.801013e-16 
5945.6575 4.808532e-16 
5947.4840 4.930069e-16 
5949.3105 4.968737e-16 
5951.1370 4.865888e-16 
5952.9634 4.836617e-16 
5954.7899 4.884191e-16 
5956.6164 4.781407e-16 
5958.4429 4.633216e-16 
5960.2694 4.662674e-16 
5962.0958 4.806090e-16 
5963.9223 4.876992e-16 
5965.7488 4.911971e-16 
5967.5753 4.959933e-16 
5969.4018 5.017456e-16 
5971.2282 5.087136e-16 
5973.0547 5.147937e-16 
5974.8812 5.152580e-16 
5976.7077 5.138605e-16 
5978.5342 5.138225e-16 
5980.3606 5.101943e-16 
5982.1871 5.107036e-16 
5984.0136 5.159070e-16 
5985.8401 5.126744e-16 
5987.6666 4.965330e-16 
5989.4930 4.896243e-16 
5991.3195 5.081117e-16 
5993.1460 5.226870e-16 
5994.9725 5.180052e-16 
5996.7990 5.086562e-16 
5998.6254 5.020166e-16 
6000.4519 4.963402e-16 
6002.2784 4.934830e-16 
6004.1049 4.978074e-16 
6005.9314 5.034140e-16 
6007.7579 4.940069e-16 
6009.5843 4.857553e-16 
6011.4108 4.945272e-16 
6013.2373 5.032710e-16 
6015.0638 4.897611e-16 
6016.8903 4.798783e-16 
6018.7167 4.939576e-16 
6020.5432 5.162803e-16 
6022.3697 5.272807e-16 
6024.1962 5.267491e-16 
6026.0227 5.176274e-16 
6027.8491 5.077573e-16 
6029.6756 4.995585e-16 
6031.5021 4.926360e-16 
6033.3286 4.862132e-16 
6035.1551 4.770233e-16 
6036.9815 4.778156e-16 
6038.8080 4.860160e-16 
6040.6345 4.961134e-16 
6042.4610 5.107402e-16 
6044.2875 5.179953e-16 
6046.1139 5.154365e-16 
6047.9404 5.056103e-16 
6049.7669 4.954057e-16 
6051.5934 4.932759e-16 
6053.4199 4.971945e-16 
6055.2463 4.972494e-16 
6057.0728 4.912520e-16 
6058.8993 4.894333e-16 
6060.7258 4.997118e-16 
6062.5523 5.055788e-16 
6064.3787 5.093091e-16 
6066.2052 5.042958e-16 
6068.0317 4.898384e-16 
6069.8582 4.883238e-16 
6071.6847 4.893350e-16 
6073.5112 4.940276e-16 
6075.3376 5.068650e-16 
6077.1641 5.213666e-16 
6078.9906 5.238585e-16 
6080.8171 5.148184e-16 
6082.6436 5.037391e-16 
6084.4700 5.030790e-16 
6086.2965 5.122109e-16 
6088.1230 5.130310e-16 
6089.9495 5.109029e-16 
6091.7760 5.137870e-16 
6093.6024 5.165321e-16 
6095.4289 5.141845e-16 
6097.2554 5.190001e-16 
6099.0819 5.204684e-16 
6100.9084 5.095312e-16 
6102.7348 4.966680e-16 
6104.5613 4.965923e-16 
6106.3878 4.991378e-16 
6108.2143 4.948479e-16 
6110.0408 4.985087e-16 
6111.8672 5.058906e-16 
6113.6937 4.932916e-16 
6115.5202 4.804501e-16 
6117.3467 4.931434e-16 
6119.1732 5.032673e-16 
6120.9996 4.998308e-16 
6122.8261 5.116343e-16 
6124.6526 5.116782e-16 
6126.4791 5.030206e-16 
6128.3056 5.068879e-16 
6130.1321 5.210622e-16 
6131.9585 5.193782e-16 
6133.7850 5.082415e-16 
6135.6115 5.017534e-16 
6137.4380 5.013080e-16 
6139.2645 5.039174e-16 
6141.0909 5.099745e-16 
6142.9174 5.059286e-16 
6144.7439 4.795314e-16 
6146.5704 4.569874e-16 
6148.3969 4.591346e-16 
6150.2233 4.635444e-16 
6152.0498 4.744414e-16 
6153.8763 4.878732e-16 
6155.7028 4.969074e-16 
6157.5293 5.025808e-16 
6159.3557 5.102355e-16 
6161.1822 5.096780e-16 
6163.0087 4.999547e-16 
6164.8352 4.943992e-16 
6166.6617 4.982515e-16 
6168.4881 4.955716e-16 
6170.3146 4.916829e-16 
6172.1411 4.924195e-16 
6173.9676 5.034140e-16 
6175.7941 5.209432e-16 
6177.6205 5.254890e-16 
6179.4470 5.179277e-16 
6181.2735 5.068157e-16 
6183.1000 4.960784e-16 
6184.9265 4.885686e-16 
6186.7529 4.941315e-16 
6188.5794 5.090206e-16 
6190.4059 5.053000e-16 
6192.2324 4.837901e-16 
6194.0589 4.771865e-16 
6195.8854 4.876077e-16 
6197.7118 5.041070e-16 
6199.5383 5.164271e-16 
6201.3648 5.237360e-16 
6203.1913 5.286742e-16 
6205.0178 5.249800e-16 
6206.8442 5.163460e-16 
6208.6707 5.099721e-16 
6210.4972 5.013384e-16 
6212.3237 4.854601e-16 
6214.1502 4.872357e-16 
6215.9766 4.976283e-16 
6217.8031 4.932256e-16 
6219.6296 4.786656e-16 
6221.4561 4.809227e-16 
6223.2826 4.859700e-16 
6225.1090 5.022754e-16 
6226.9355 5.164885e-16 
6228.7620 5.138387e-16 
6230.5885 5.076417e-16 
6232.4150 4.959615e-16 
6234.2414 4.909334e-16 
6236.0679 4.902127e-16 
6237.8944 4.831271e-16 
6239.7209 4.745777e-16 
6241.5474 4.736725e-16 
6243.3738 4.768022e-16 
6245.2003 4.800709e-16 
6247.0268 4.834858e-16 
6248.8533 4.848364e-16 
6250.6798 4.814484e-16 
6252.5063 4.786268e-16 
6254.3327 4.810676e-16 
6256.1592 4.831241e-16 
6257.9857 4.755224e-16 
6259.8122 4.751642e-16 
6261.6387 4.850252e-16 
6263.4651 4.908381e-16 
6265.2916 4.827387e-16 
6267.1181 4.719265e-16 
6268.9446 4.696328e-16 
6270.7711 4.759374e-16 
6272.5975 4.744732e-16 
6274.4240 4.579970e-16 
6276.2505 4.529778e-16 
6278.0770 4.534529e-16 
6279.9035 4.567999e-16 
6281.7299 4.646523e-16 
6283.5564 4.708821e-16 
6285.3829 4.667263e-16 
6287.2094 4.710569e-16 
6289.0359 4.791646e-16 
6290.8623 4.782406e-16 
6292.6888 4.741955e-16 
6294.5153 4.793378e-16 
6296.3418 4.969152e-16 
6298.1683 5.024192e-16 
6299.9947 4.882042e-16 
6301.8212 4.823237e-16 
6303.6477 4.900315e-16 
6305.4742 4.921138e-16 
6307.3007 4.925781e-16 
6309.1271 4.987996e-16 
6310.9536 4.981740e-16 
6312.7801 4.962123e-16 
6314.6066 4.899049e-16 
6316.4331 4.868202e-16 
6318.2596 4.932194e-16 
6320.0860 4.968861e-16 
6321.9125 4.898204e-16 
6323.7390 4.883133e-16 
6325.5655 4.891123e-16 
6327.3920 4.779457e-16 
6329.2184 4.650975e-16 
6331.0449 4.684955e-16 
6332.8714 4.846107e-16 
6334.6979 4.990972e-16 
6336.5244 5.049031e-16 
6338.3508 5.069138e-16 
6340.1773 5.075639e-16 
6342.0038 4.993991e-16 
6343.8303 4.832515e-16 
6345.6568 4.724913e-16 
6347.4832 4.756372e-16 
6349.3097 4.808813e-16 
6351.1362 4.884813e-16 
6352.9627 4.960784e-16 
6354.7892 4.960620e-16 
6356.6156 4.913221e-16 
6358.4421 4.747164e-16 
6360.2686 4.720073e-16 
6362.0951 4.862888e-16 
6363.9216 4.850163e-16 
6365.7480 4.670964e-16 
6367.5745 4.703392e-16 
6369.4010 4.821128e-16 
6371.2275 4.787706e-16 
6373.0540 4.721032e-16 
6374.8805 4.785388e-16 
6376.7069 4.851838e-16 
6378.5334 4.833186e-16 
6380.3599 4.828712e-16 
6382.1864 4.924473e-16 
6384.0129 4.925229e-16 
6385.8393 4.858779e-16 
6387.6658 4.767492e-16 
6389.4923 4.670813e-16 
6391.3188 4.607349e-16 
6393.1453 4.578209e-16 
6394.9717 4.697235e-16 
6396.7982 4.871154e-16 
6398.6247 4.941728e-16 
6400.4512 4.916687e-16 
6402.2777 4.795832e-16 
6404.1041 4.718498e-16 
6405.9306 4.724436e-16 
6407.7571 4.764421e-16 
6409.5836 4.833522e-16 
6411.4101 4.896844e-16 
6413.2365 4.935073e-16 
6415.0630 4.906620e-16 
6416.8895 4.826259e-16 
6418.7160 4.790585e-16 
6420.5425 4.732607e-16 
6422.3689 4.767023e-16 
6424.1954 4.820452e-16 
6426.0219 4.737045e-16 
6427.8484 4.644180e-16 
6429.6749 4.557754e-16 
6431.5013 4.494570e-16 
6433.3278 4.485540e-16 
6435.1543 4.524674e-16 
6436.9808 4.557695e-16 
6438.8073 4.612326e-16 
6440.6338 4.673000e-16 
6442.4602 4.731600e-16 
6444.2867 4.806884e-16 
6446.1132 4.877816e-16 
6447.9397 4.903593e-16 
6449.7662 4.869554e-16 
6451.5926 4.813903e-16 
6453.4191 4.758095e-16 
6455.2456 4.647285e-16 
6457.0721 4.636440e-16 
6458.8986 4.706570e-16 
6460.7250 4.773998e-16 
6462.5515 4.828575e-16 
6464.3780 4.809666e-16 
6466.2045 4.737719e-16 
6468.0310 4.756582e-16 
6469.8574 4.889047e-16 
6471.6839 4.941954e-16 
6473.5104 4.813122e-16 
6475.3369 4.690010e-16 
6477.1634 4.733585e-16 
6478.9898 4.851087e-16 
6480.8163 4.798907e-16 
6482.6428 4.560291e-16 
6484.4693 4.460793e-16 
6486.2958 4.583789e-16 
6488.1222 4.685520e-16 
6489.9487 4.594330e-16 
6491.7752 4.538792e-16 
6493.6017 4.649004e-16 
6495.4282 4.694017e-16 
6497.2547 4.597460e-16 
6499.0811 4.687995e-16 
6500.9076 4.684184e-16 
6502.7341 4.596073e-16 
6504.5606 4.555021e-16 
6506.3871 4.610416e-16 
6508.2135 4.725745e-16 
6510.0400 4.736545e-16 
6511.8665 4.620613e-16 
6513.6930 4.560593e-16 
6515.5195 4.639341e-16 
6517.3459 4.627030e-16 
6519.1724 4.544736e-16 
6520.9989 4.553017e-16 
6522.8254 4.574110e-16 
6524.6519 4.478048e-16 
6526.4783 4.482925e-16 
6528.3048 4.470634e-16 
6530.1313 4.450952e-16 
6531.9578 4.488131e-16 
6533.7843 4.587231e-16 
6535.6107 4.761184e-16 
6537.4372 4.927990e-16 
6539.2637 4.878142e-16 
6541.0902 4.711011e-16 
6542.9167 4.711116e-16 
6544.7431 4.688291e-16 
6546.5696 4.668502e-16 
6548.3961 4.677613e-16 
6550.2226 4.683980e-16 
6552.0491 4.657953e-16 
6553.8755 4.610470e-16 
6555.7020 4.667288e-16 
6557.5285 4.788361e-16 
6559.3550 4.847702e-16 
6561.1815 4.824748e-16 
6563.0080 4.778927e-16 
6564.8344 4.696460e-16 
6566.6609 4.622253e-16 
6568.4874 4.614125e-16 
6570.3139 4.644366e-16 
6572.1404 4.665612e-16 
6573.9668 4.745575e-16 
6575.7933 4.845254e-16 
6577.6198 4.843996e-16 
6579.4463 4.722034e-16 
6581.2728 4.590934e-16 
6583.0992 4.618603e-16 
6584.9257 4.744204e-16 
6586.7522 4.791054e-16 
6588.5787 4.756600e-16 
6590.4052 4.745383e-16 
6592.2316 4.735518e-16 
6594.0581 4.672291e-16 
6595.8846 4.602830e-16 
6597.7111 4.649464e-16 
6599.5376 4.778937e-16 
6601.3640 4.885909e-16 
6603.1905 4.880493e-16 
6605.0170 4.786360e-16 
6606.8435 4.739914e-16 
6608.6700 4.742709e-16 
6610.4964 4.719653e-16 
6612.3229 4.663035e-16 
6614.1494 4.678849e-16 
6615.9759 4.843646e-16 
6617.8024 4.927427e-16 
6619.6288 4.861835e-16 
6621.4553 4.770341e-16 
6623.2818 4.751047e-16 
6625.1083 4.752879e-16 
6626.9348 4.824242e-16 
6628.7613 4.878043e-16 
6630.5877 4.889435e-16 
6632.4142 4.938321e-16 
6634.2407 4.916460e-16 
6636.0672 4.770061e-16 
6637.8937 4.710184e-16 
6639.7201 4.809467e-16 
6641.5466 4.850287e-16 
6643.3731 4.823549e-16 
6645.1996 4.797429e-16 
6647.0261 4.862441e-16 
6648.8525 5.020567e-16 
6650.6790 5.130200e-16 
6652.5055 5.036316e-16 
6654.3320 4.945719e-16 
6656.1585 4.949721e-16 
6657.9849 4.968942e-16 
6659.8114 4.968188e-16 
6661.6379 4.952277e-16 
6663.4644 4.893827e-16 
6665.2909 4.858326e-16 
6667.1173 4.922302e-16 
6668.9438 4.994890e-16 
6670.7703 4.866896e-16 
6672.5968 4.800803e-16 
6674.4233 4.834656e-16 
6676.2497 4.830142e-16 
6678.0762 4.890665e-16 
6679.9027 4.843056e-16 
6681.7292 4.803372e-16 
6683.5557 4.875193e-16 
6685.3822 4.968158e-16 
6687.2086 4.967453e-16 
6689.0351 4.875740e-16 
6690.8616 4.819903e-16 
6692.6881 4.853907e-16 
6694.5146 4.898680e-16 
6696.3410 4.887945e-16 
6698.1675 4.904365e-16 
6699.9940 4.916280e-16 
6701.8205 4.957943e-16 
6703.6470 5.073560e-16 
6705.4734 5.070261e-16 
6707.2999 5.007621e-16 
6709.1264 4.951000e-16 
6710.9529 4.938657e-16 
6712.7794 4.984506e-16 
6714.6058 5.026004e-16 
6716.4323 5.040205e-16 
6718.2588 5.005307e-16 
6720.0853 4.936918e-16 
6721.9118 4.909668e-16 
6723.7382 4.987374e-16 
6725.5647 5.116133e-16 
6727.3912 5.122941e-16 
6729.2177 4.966103e-16 
6731.0442 4.826016e-16 
6732.8706 4.827506e-16 
6734.6971 4.977557e-16 
6736.5236 5.025824e-16 
6738.3501 4.939902e-16 
6740.1766 5.033367e-16 
6742.0030 5.179042e-16 
6743.8295 5.214032e-16 
6745.6560 5.166611e-16 
6747.4825 5.174777e-16 
6749.3090 5.259420e-16 
6751.1355 5.251558e-16 
6752.9619 5.230939e-16 
6754.7884 5.235370e-16 
6756.6149 5.255237e-16 
6758.4414 5.349061e-16 
6760.2679 5.384662e-16 
6762.0943 5.354994e-16 
6763.9208 5.282519e-16 
6765.7473 5.234069e-16 
6767.5738 5.346791e-16 
6769.4003 5.520693e-16 
6771.2267 5.581138e-16 
6773.0532 5.473312e-16 
6774.8797 5.326713e-16 
6776.7062 5.287633e-16 
6778.5327 5.164473e-16 
6780.3591 5.087737e-16 
6782.1856 5.147573e-16 
6784.0121 5.232889e-16 
6785.8386 5.336605e-16 
6787.6651 5.472372e-16 
6789.4915 5.516279e-16 
6791.3180 5.498030e-16 
6793.1445 5.584897e-16 
6794.9710 5.694781e-16 
6796.7975 5.660588e-16 
6798.6239 5.659791e-16 
6800.4504 5.729538e-16 
6802.2769 5.665444e-16 
6804.1034 5.626975e-16 
6805.9299 5.703989e-16 
6807.7564 5.792243e-16 
6809.5828 5.798488e-16 
6811.4093 5.780148e-16 
6813.2358 5.793517e-16 
6815.0623 5.762039e-16 
6816.8888 5.757849e-16 
6818.7152 5.816104e-16 
6820.5417 5.803985e-16 
6822.3682 5.752258e-16 
6824.1947 5.852637e-16 
6826.0212 6.013717e-16 
6827.8476 6.037037e-16 
6829.6741 5.941174e-16 
6831.5006 5.813815e-16 
6833.3271 5.845858e-16 
6835.1536 5.992312e-16 
6836.9800 6.039232e-16 
6838.8065 5.927550e-16 
6840.6330 5.842882e-16 
6842.4595 5.801809e-16 
6844.2860 5.694498e-16 
6846.1124 5.513946e-16 
6847.9389 5.430903e-16 
6849.7654 5.506037e-16 
6851.5919 5.704489e-16 
6853.4184 5.840340e-16 
6855.2448 5.842206e-16 
6857.0713 5.933913e-16 
6858.8978 6.060825e-16 
6860.7243 6.125208e-16 
6862.5508 6.098147e-16 
6864.3772 6.052924e-16 
6866.2037 6.092570e-16 
6868.0302 6.112313e-16 
6869.8567 6.105200e-16 
6871.6832 6.104269e-16 
6873.5097 6.102090e-16 
6875.3361 6.095812e-16 
6877.1626 6.090725e-16 
6878.9891 6.099873e-16 
6880.8156 6.128499e-16 
6882.6421 6.152336e-16 
6884.4685 6.121139e-16 
6886.2950 6.036323e-16 
6888.1215 5.974367e-16 
6889.9480 5.967376e-16 
6891.7745 5.974890e-16 
6893.6009 6.000079e-16 
6895.4274 6.005452e-16 
6897.2539 6.049447e-16 
6899.0804 6.082303e-16 
6900.9069 5.986247e-16 
6902.7333 5.989379e-16 
6904.5598 6.068339e-16 
6906.3863 6.101996e-16 
6908.2128 6.062789e-16 
6910.0393 6.030624e-16 
6911.8657 6.041707e-16 
6913.6922 6.054564e-16 
6915.5187 6.054795e-16 
6917.3452 6.064852e-16 
6919.1717 6.057852e-16 
6920.9981 5.910984e-16 
6922.8246 5.719703e-16 
6924.6511 5.692796e-16 
6926.4776 5.826311e-16 
6928.3041 5.857108e-16 
6930.1306 5.795300e-16 
6931.9570 5.774902e-16 
6933.7835 5.831059e-16 
6935.6100 5.899099e-16 
6937.4365 5.958766e-16 
6939.2630 6.055940e-16 
6941.0894 6.119757e-16 
6942.9159 6.111947e-16 
6944.7424 6.054130e-16 
6946.5689 5.935187e-16 
6948.3954 5.801863e-16 
6950.2218 5.691931e-16 
6952.0483 5.650581e-16 
6953.8748 5.686645e-16 
6955.7013 5.696224e-16 
6957.5278 5.542739e-16 
6959.3542 5.487540e-16 
6961.1807 5.668940e-16 
6963.0072 5.822150e-16 
6964.8337 5.692917e-16 
6966.6602 5.421709e-16 
6968.4866 5.245943e-16 
6970.3131 5.240654e-16 
6972.1396 5.328184e-16 
6973.9661 5.459294e-16 
6975.7926 5.513680e-16 
6977.6190 5.475564e-16 
6979.4455 5.385750e-16 
6981.2720 5.275697e-16 
6983.0985 5.211923e-16 
6984.9250 5.213835e-16 
6986.7514 5.178598e-16 
6988.5779 5.080102e-16 
6990.4044 5.053178e-16 
6992.2309 5.131193e-16 
6994.0574 5.140953e-16 
6995.8839 5.077015e-16 
6997.7103 5.052790e-16 
6999.5368 5.075332e-16 
7001.3633 5.076732e-16 
7003.1898 5.092199e-16 
7005.0163 5.140065e-16 
7006.8427 5.174812e-16 
7008.6692 5.139257e-16 
7010.4957 5.022802e-16 
7012.3222 4.945514e-16 
7014.1487 4.971088e-16 
7015.9751 5.024709e-16 
7017.8016 5.012617e-16 
7019.6281 5.015097e-16 
7021.4546 4.981855e-16 
7023.2811 4.949093e-16 
7025.1075 5.008984e-16 
7026.9340 5.080891e-16 
7028.7605 5.002111e-16 
7030.5870 4.926993e-16 
7032.4135 4.921373e-16 
7034.2399 4.901287e-16 
7036.0664 4.928485e-16 
7037.8929 5.012886e-16 
7039.7194 5.075768e-16 
7041.5459 5.050127e-16 
7043.3723 4.966103e-16 
7045.1988 4.928957e-16 
7047.0253 4.995038e-16 
7048.8518 5.029866e-16 
7050.6783 4.998020e-16 
7052.5047 5.011345e-16 
7054.3312 5.030944e-16 
7056.1577 4.958180e-16 
7057.9842 4.894832e-16 
7059.8107 4.929713e-16 
7061.6372 4.976133e-16 
7063.4636 4.954156e-16 
7065.2901 4.943758e-16 
7067.1166 4.893833e-16 
7068.9431 4.840091e-16 
7070.7696 4.949069e-16 
7072.5960 5.088725e-16 
7074.4225 5.053973e-16 
7076.2490 4.943343e-16 
7078.0755 4.908195e-16 
7079.9020 4.886383e-16 
7081.7284 4.846406e-16 
7083.5549 4.859807e-16 
7085.3814 4.939056e-16 
7087.2079 4.973423e-16 
7089.0344 4.864763e-16 
7090.8608 4.741524e-16 
7092.6873 4.654145e-16 
7094.5138 4.696678e-16 
7096.3403 4.833436e-16 
7098.1668 4.824365e-16 
7099.9932 4.728689e-16 
7101.8197 4.751252e-16 
7103.6462 4.861698e-16 
7105.4727 4.891145e-16 
7107.2992 4.854898e-16 
7109.1256 4.867811e-16 
7110.9521 4.927133e-16 
7112.7786 4.909717e-16 
7114.6051 4.768687e-16 
7116.4316 4.669108e-16 
7118.2581 4.748548e-16 
7120.0845 4.874062e-16 
7121.9110 4.916272e-16 
7123.7375 4.911128e-16 
7125.5640 4.928771e-16 
7127.3905 4.932881e-16 
7129.2169 4.908279e-16 
7131.0434 4.832722e-16 
7132.8699 4.749994e-16 
7134.6964 4.846172e-16 
7136.5229 5.065451e-16 
7138.3493 5.078200e-16 
7140.1758 4.866373e-16 
7142.0023 4.767104e-16 
7143.8288 4.821298e-16 
7145.6553 4.854822e-16 
7147.4817 4.845157e-16 
7149.3082 4.876060e-16 
7151.1347 4.934900e-16 
7152.9612 4.892435e-16 
7154.7877 4.814153e-16 
7156.6141 4.847316e-16 
7158.4406 4.901573e-16 
7160.2671 4.791490e-16 
7162.0936 4.798659e-16 
7163.9201 4.815933e-16 
7165.7465 4.798584e-16 
7167.5730 4.763732e-16 
7169.3995 4.668346e-16 
7171.2260 4.635969e-16 
7173.0525 4.740832e-16 
7174.8789 4.840503e-16 
7176.7054 4.822364e-16 
7178.5319 4.779503e-16 
7180.3584 4.697122e-16 
7182.1849 4.689172e-16 
7184.0114 4.768873e-16 
7185.8378 4.823523e-16 
7187.6643 4.793949e-16 
7189.4908 4.765237e-16 
7191.3173 4.829270e-16 
7193.1438 4.846223e-16 
7194.9702 4.728726e-16 
7196.7967 4.696411e-16 
7198.6232 4.660407e-16 
7200.4497 4.689323e-16 
7202.2762 4.731174e-16 
7204.1026 4.712804e-16 
7205.9291 4.795013e-16 
7207.7556 4.788848e-16 
7209.5821 4.731476e-16 
7211.4086 4.765711e-16 
7213.2350 4.869225e-16 
7215.0615 4.866626e-16 
7216.8880 4.814355e-16 
7218.7145 4.814202e-16 
7220.5410 4.802769e-16 
7222.3674 4.699945e-16 
7224.1939 4.666700e-16 
7226.0204 4.601946e-16 
7227.8469 4.529509e-16 
7229.6734 4.520998e-16 
7231.4998 4.535762e-16 
7233.3263 4.498726e-16 
7235.1528 4.489483e-16 
7236.9793 4.519881e-16 
7238.8058 4.580808e-16 
7240.6323 4.652739e-16 
7242.4587 4.583299e-16 
7244.2852 4.461313e-16 
7246.1117 4.445367e-16 
7247.9382 4.549188e-16 
7249.7647 4.633938e-16 
7251.5911 4.632990e-16 
7253.4176 4.639602e-16 
7255.2441 4.661662e-16 
7257.0706 4.600163e-16 
7258.8971 4.448722e-16 
7260.7235 4.438852e-16 
7262.5500 4.575201e-16 
7264.3765 4.671096e-16 
7266.2030 4.634094e-16 
7268.0295 4.595028e-16 
7269.8559 4.628994e-16 
7271.6824 4.661414e-16 
7273.5089 4.722812e-16 
7275.3354 4.824425e-16 
7277.1619 4.813081e-16 
7278.9883 4.788786e-16 
7280.8148 4.788016e-16 
7282.6413 4.738898e-16 
7284.4678 4.632085e-16 
7286.2943 4.598232e-16 
7288.1207 4.597381e-16 
7289.9472 4.611429e-16 
7291.7737 4.639780e-16 
7293.6002 4.683689e-16 
7295.4267 4.763029e-16 
7297.2531 4.875188e-16 
7299.0796 4.848663e-16 
7300.9061 4.687755e-16 
7302.7326 4.560905e-16 
7304.5591 4.461970e-16 
7306.3856 4.470529e-16 
7308.2120 4.536562e-16 
7310.0385 4.650458e-16 
7311.8650 4.807030e-16 
7313.6915 4.794396e-16 
7315.5180 4.736752e-16 
7317.3444 4.754187e-16 
7319.1709 4.743566e-16 
7320.9974 4.580073e-16 
7322.8239 4.487738e-16 
7324.6504 4.650488e-16 
7326.4768 4.809682e-16 
7328.3033 4.734926e-16 
7330.1298 4.584565e-16 
7331.9563 4.525824e-16 
7333.7828 4.543871e-16 
7335.6092 4.618558e-16 
7337.4357 4.675283e-16 
7339.2622 4.597995e-16 
7341.0887 4.493596e-16 
7342.9152 4.495462e-16 
7344.7416 4.598599e-16 
7346.5681 4.701894e-16 
7348.3946 4.740081e-16 
7350.2211 4.734140e-16 
7352.0476 4.808225e-16 
7353.8740 4.866212e-16 
7355.7005 4.794286e-16 
7357.5270 4.732125e-16 
7359.3535 4.725772e-16 
7361.1800 4.641309e-16 
7363.0065 4.532420e-16 
7364.8329 4.533979e-16 
7366.6594 4.555409e-16 
7368.4859 4.510018e-16 
7370.3124 4.459015e-16 
7372.1389 4.477512e-16 
7373.9653 4.527149e-16 
7375.7918 4.500186e-16 
7377.6183 4.431952e-16 
7379.4448 4.455175e-16 
7381.2713 4.554453e-16 
7383.0977 4.594166e-16 
7384.9242 4.563666e-16 
7386.7507 4.545509e-16 
7388.5772 4.584632e-16 
7390.4037 4.607114e-16 
7392.2301 4.542166e-16 
7394.0566 4.479144e-16 
7395.8831 4.411053e-16 
7397.7096 4.366630e-16 
7399.5361 4.388180e-16 
7401.3625 4.425760e-16 
7403.1890 4.341810e-16 
7405.0155 4.253660e-16 
7406.8420 4.235463e-16 
7408.6685 4.287747e-16 
7410.4949 4.380903e-16 
7412.3214 4.421729e-16 
7414.1479 4.386053e-16 
7415.9744 4.361055e-16 
7417.8009 4.383518e-16 
7419.6273 4.388565e-16 
7421.4538 4.394970e-16 
7423.2803 4.403213e-16 
7425.1068 4.462802e-16 
7426.9333 4.538655e-16 
7428.7598 4.494215e-16 
7430.5862 4.382115e-16 
7432.4127 4.297946e-16 
7434.2392 4.309734e-16 
7436.0657 4.406036e-16 
7437.8922 4.469508e-16 
7439.7186 4.337150e-16 
7441.5451 4.198916e-16 
7443.3716 4.182014e-16 
7445.1981 4.226392e-16 
7447.0246 4.274756e-16 
7448.8510 4.340021e-16 
7450.6775 4.404455e-16 
7452.5040 4.390930e-16 
7454.3305 4.313593e-16 
7456.1570 4.329472e-16 
7457.9834 4.379595e-16 
7459.8099 4.426652e-16 
7461.6364 4.432146e-16 
7463.4629 4.379753e-16 
7465.2894 4.335166e-16 
7467.1158 4.318538e-16 
7468.9423 4.393658e-16 
7470.7688 4.475996e-16 
7472.5953 4.427893e-16 
7474.4218 4.348421e-16 
7476.2482 4.358647e-16 
7478.0747 4.406733e-16 
7479.9012 4.423205e-16 
7481.7277 4.436732e-16 
7483.5542 4.488592e-16 
7485.3806 4.564024e-16 
7487.2071 4.513552e-16 
7489.0336 4.382231e-16 
7490.8601 4.363584e-16 
7492.6866 4.353078e-16 
7494.5131 4.424260e-16 
7496.3395 4.423261e-16 
7498.1660 4.290521e-16 
7499.9925 4.248085e-16 
7501.8190 4.344061e-16 
7503.6455 4.386535e-16 
7505.4719 4.337288e-16 
7507.2984 4.334495e-16 
7509.1249 4.410655e-16 
7510.9514 4.323919e-16 
7512.7779 4.208946e-16 
7514.6043 4.230267e-16 
7516.4308 4.331360e-16 
7518.2573 4.342655e-16 
7520.0838 4.293618e-16 
7521.9103 4.308643e-16 
7523.7367 4.344018e-16 
7525.5632 4.312821e-16 
7527.3897 4.272044e-16 
7529.2162 4.239217e-16 
7531.0427 4.323868e-16 
7532.8691 4.424578e-16 
7534.6956 4.384135e-16 
7536.5221 4.287287e-16 
7538.3486 4.214475e-16 
7540.1751 4.273808e-16 
7542.0015 4.391590e-16 
7543.8280 4.426649e-16 
7545.6545 4.429151e-16 
7547.4810 4.490485e-16 
7549.3075 4.553284e-16 
7551.1340 4.603454e-16 
7552.9604 4.628512e-16 
7554.7869 4.483316e-16 
7556.6134 4.305748e-16 
7558.4399 4.272232e-16 
7560.2664 4.357379e-16 
7562.0928 4.406801e-16 
7563.9193 4.408592e-16 
7565.7458 4.469398e-16 
7567.5723 4.506428e-16 
7569.3988 4.456018e-16 
7571.2252 4.404371e-16 
7573.0517 4.403186e-16 
7574.8782 4.415279e-16 
7576.7047 4.422399e-16 
7578.5312 4.431583e-16 
7580.3576 4.438779e-16 
7582.1841 4.426660e-16 
7584.0106 4.407644e-16 
7585.8371 4.407679e-16 
7587.6636 4.422305e-16 
7589.4900 4.405457e-16 
7591.3165 4.330016e-16 
7593.1430 4.307625e-16 
7594.9695 4.328395e-16 
7596.7960 4.310025e-16 
7598.6224 4.254546e-16 
7600.4489 4.212439e-16 
7602.2754 4.138011e-16 
7604.1019 4.105241e-16 
7605.9284 4.104352e-16 
7607.7548 3.996284e-16 
7609.5813 4.047963e-16 
7611.4078 4.235815e-16 
7613.2343 4.404024e-16 
7615.0608 4.426835e-16 
7616.8873 4.298178e-16 
7618.7137 4.260401e-16 
7620.5402 4.305805e-16 
7622.3667 4.316839e-16 
7624.1932 4.292250e-16 
7626.0197 4.322144e-16 
7627.8461 4.281168e-16 
7629.6726 4.163453e-16 
7631.4991 4.175570e-16 
7633.3256 4.381781e-16 
7635.1521 4.470162e-16 
7636.9785 4.430958e-16 
7638.8050 4.443605e-16 
7640.6315 4.472220e-16 
7642.4580 4.359202e-16 
7644.2845 4.225148e-16 
7646.1109 4.213109e-16 
7647.9374 4.355028e-16 
7649.7639 4.498896e-16 
7651.5904 4.506754e-16 
7653.4169 4.505332e-16 
7655.2433 4.563106e-16 
7657.0698 4.564460e-16 
7658.8963 4.486459e-16 
7660.7228 4.446727e-16 
7662.5493 4.427481e-16 
7664.3757 4.473892e-16 
7666.2022 4.558422e-16 
7668.0287 4.549430e-16 
7669.8552 4.393475e-16 
7671.6817 4.303866e-16 
7673.5082 4.299015e-16 
7675.3346 4.324218e-16 
7677.1611 4.361459e-16 
7678.9876 4.423191e-16 
7680.8141 4.481651e-16 
7682.6406 4.499386e-16 
7684.4670 4.471016e-16 
7686.2935 4.467871e-16 
7688.1200 4.539150e-16 
7689.9465 4.520656e-16 
7691.7730 4.523339e-16 
7693.5994 4.619772e-16 
7695.4259 4.688143e-16 
7697.2524 4.610882e-16 
7699.0789 4.574115e-16 
7700.9054 4.593431e-16 
7702.7318 4.630286e-16 
7704.5583 4.643580e-16 
7706.3848 4.580237e-16 
7708.2113 4.515181e-16 
7710.0378 4.532024e-16 
7711.8642 4.569095e-16 
7713.6907 4.495949e-16 
7715.5172 4.342211e-16 
7717.3437 4.371504e-16 
7719.1702 4.513923e-16 
7720.9966 4.574813e-16 
7722.8231 4.540804e-16 
7724.6496 4.560439e-16 
7726.4761 4.571282e-16 
7728.3026 4.565936e-16 
7730.1290 4.524044e-16 
7731.9555 4.435504e-16 
7733.7820 4.407719e-16 
7735.6085 4.416892e-16 
7737.4350 4.417953e-16 
7739.2615 4.391531e-16 
7741.0879 4.371526e-16 
7742.9144 4.434454e-16 
7744.7409 4.527580e-16 
7746.5674 4.641231e-16 
7748.3939 4.650108e-16 
7750.2203 4.469196e-16 
7752.0468 4.439094e-16 
7753.8733 4.527031e-16 
7755.6998 4.581398e-16 
7757.5263 4.579978e-16 
7759.3527 4.578403e-16 
7761.1792 4.495333e-16 
7763.0057 4.449603e-16 
7764.8322 4.456546e-16 
7766.6587 4.486227e-16 
7768.4851 4.538261e-16 
7770.3116 4.472487e-16 
7772.1381 4.395581e-16 
7773.9646 4.385581e-16 
7775.7911 4.423081e-16 
7777.6175 4.466521e-16 
7779.4440 4.448892e-16 
7781.2705 4.450034e-16 
7783.0970 4.516326e-16 
7784.9235 4.586940e-16 
7786.7499 4.604820e-16 
7788.5764 4.663043e-16 
7790.4029 4.774518e-16 
7792.2294 4.773171e-16 
7794.0559 4.592569e-16 
7795.8824 4.450209e-16 
7797.7088 4.396723e-16 
7799.5353 4.403068e-16 
7801.3618 4.462078e-16 
7803.1883 4.574169e-16 
7805.0148 4.653808e-16 
7806.8412 4.524976e-16 
7808.6677 4.505760e-16 
7810.4942 4.657568e-16 
7812.3207 4.669833e-16 
7814.1472 4.515353e-16 
7815.9736 4.429684e-16 
7817.8001 4.435728e-16 
7819.6266 4.397808e-16 
7821.4531 4.323981e-16 
7823.2796 4.450548e-16 
7825.1060 4.703053e-16 
7826.9325 4.765639e-16 
7828.7590 4.648788e-16 
7830.5855 4.633392e-16 
7832.4120 4.636456e-16 
7834.2384 4.660980e-16 
7836.0649 4.601155e-16 
7837.8914 4.518416e-16 
7839.7179 4.573582e-16 
7841.5444 4.541956e-16 
7843.3708 4.503302e-16 
7845.1973 4.598957e-16 
7847.0238 4.732553e-16 
7848.8503 4.679706e-16 
7850.6768 4.540922e-16 
7852.5032 4.516081e-16 
7854.3297 4.513894e-16 
7856.1562 4.506418e-16 
7857.9827 4.646787e-16 
7859.8092 4.626166e-16 
7861.6357 4.498244e-16 
7863.4621 4.418879e-16 
7865.2886 4.460505e-16 
7867.1151 4.584489e-16 
7868.9416 4.617647e-16 
7870.7681 4.584853e-16 
7872.5945 4.564326e-16 
7874.4210 4.561977e-16 
7876.2475 4.538924e-16 
7878.0740 4.516953e-16 
7879.9005 4.540680e-16 
7881.7269 4.540028e-16 
7883.5534 4.447947e-16 
7885.3799 4.375199e-16 
7887.2064 4.438631e-16 
7889.0329 4.509738e-16 
7890.8593 4.511206e-16 
7892.6858 4.480580e-16 
7894.5123 4.412238e-16 
7896.3388 4.390324e-16 
7898.1653 4.414667e-16 
7899.9917 4.473004e-16 
7901.8182 4.554485e-16 
7903.6447 4.599329e-16 
7905.4712 4.643213e-16 
7907.2977 4.710238e-16 
7909.1241 4.733073e-16 
7910.9506 4.629562e-16 
7912.7771 4.453600e-16 
7914.6036 4.332475e-16 
7916.4301 4.365862e-16 
7918.2565 4.487522e-16 
7920.0830 4.519030e-16 
7921.9095 4.419456e-16 
7923.7360 4.379869e-16 
7925.5625 4.445862e-16 
7927.3890 4.457804e-16 
7929.2154 4.312481e-16 
7931.0419 4.211372e-16 
7932.8684 4.249572e-16 
7934.6949 4.323803e-16 
7936.5214 4.333464e-16 
7938.3478 4.322920e-16 
7940.1743 4.352060e-16 
7942.0008 4.408075e-16 
7943.8273 4.486995e-16 
7945.6538 4.516213e-16 
7947.4802 4.387566e-16 
7949.3067 4.241616e-16 
7951.1332 4.208197e-16 
7952.9597 4.264271e-16 
7954.7862 4.321005e-16 
7956.6126 4.365746e-16 
7958.4391 4.437548e-16 
7960.2656 4.467849e-16 
7962.0921 4.454324e-16 
7963.9186 4.439073e-16 
7965.7450 4.399527e-16 
7967.5715 4.356355e-16 
7969.3980 4.314415e-16 
7971.2245 4.361241e-16 
7973.0510 4.485594e-16 
7974.8774 4.467825e-16 
7976.7039 4.401624e-16 
7978.5304 4.337479e-16 
7980.3569 4.329122e-16 
7982.1834 4.406265e-16 
7984.0099 4.472177e-16 
7985.8363 4.476249e-16 
7987.6628 4.427546e-16 
7989.4893 4.367742e-16 
7991.3158 4.303879e-16 
7993.1423 4.201421e-16 
7994.9687 4.183444e-16 
7996.7952 4.206247e-16 
7998.6217 4.175322e-16 
8000.4482 4.109420e-16 
8002.2747 4.089066e-16 
8004.1011 4.085605e-16 
8005.9276 4.137871e-16 
8007.7541 4.221859e-16 
8009.5806 4.247299e-16 
8011.4071 4.280759e-16 
8013.2335 4.346380e-16 
8015.0600 4.413838e-16 
8016.8865 4.445334e-16 
8018.7130 4.421346e-16 
8020.5395 4.334207e-16 
8022.3659 4.275122e-16 
8024.1924 4.289983e-16 
8026.0189 4.305433e-16 
8027.8454 4.232260e-16 
8029.6719 4.156028e-16 
8031.4983 4.165136e-16 
8033.3248 4.176079e-16 
8035.1513 4.151827e-16 
8036.9778 4.220995e-16 
8038.8043 4.315535e-16 
8040.6307 4.283463e-16 
8042.4572 4.116315e-16 
8044.2837 4.015637e-16 
8046.1102 4.158519e-16 
8047.9367 4.303362e-16 
8049.7632 4.288472e-16 
8051.5896 4.200546e-16 
8053.4161 4.174961e-16 
8055.2426 4.198030e-16 
8057.0691 4.297911e-16 
8058.8956 4.367691e-16 
8060.7220 4.347118e-16 
8062.5485 4.283990e-16 
8064.3750 4.244953e-16 
8066.2015 4.312101e-16 
8068.0280 4.282512e-16 
8069.8544 4.133885e-16 
8071.6809 4.100590e-16 
8073.5074 4.246146e-16 
8075.3339 4.360465e-16 
8077.1604 4.296567e-16 
8078.9868 4.187296e-16 
8080.8133 4.218092e-16 
8082.6398 4.260000e-16 
8084.4663 4.197478e-16 
8086.2928 4.159462e-16 
8088.1192 4.171837e-16 
8089.9457 4.140809e-16 
8091.7722 4.209110e-16 
8093.5987 4.204120e-16 
8095.4252 4.203821e-16 
8097.2516 4.297311e-16 
8099.0781 4.374496e-16 
8100.9046 4.415761e-16 
8102.7311 4.391644e-16 
8104.5576 4.315498e-16 
8106.3841 4.234719e-16 
8108.2105 4.215132e-16 
8110.0370 4.320515e-16 
8111.8635 4.356266e-16 
8113.6900 4.277451e-16 
8115.5165 4.214612e-16 
8117.3429 4.236704e-16 
8119.1694 4.244711e-16 
8120.9959 4.226925e-16 
8122.8224 4.240623e-16 
8124.6489 4.274150e-16 
8126.4753 4.235883e-16 
8128.3018 4.167757e-16 
8130.1283 4.121771e-16 
8131.9548 4.120885e-16 
8133.7813 4.170768e-16 
8135.6077 4.221814e-16 
8137.4342 4.078697e-16 
8139.2607 3.964631e-16 
8141.0872 4.015885e-16 
8142.9137 4.072481e-16 
8144.7401 3.999359e-16 
8146.5666 4.008322e-16 
8148.3931 4.072150e-16 
8150.2196 4.089330e-16 
8152.0461 4.076246e-16 
8153.8725 4.105313e-16 
8155.6990 4.141200e-16 
8157.5255 4.143715e-16 
8159.3520 4.106041e-16 
8161.1785 4.100105e-16 
8163.0049 4.235993e-16 
8164.8314 4.352087e-16 
8166.6579 4.268577e-16 
8168.4844 4.056858e-16 
8170.3109 3.928188e-16 
8172.1374 3.890893e-16 
8173.9638 3.884771e-16 
8175.7903 3.895749e-16 
8177.6168 3.907493e-16 
8179.4433 3.877920e-16 
8181.2698 3.826987e-16 
8183.0962 3.892552e-16 
8184.9227 4.013617e-16 
8186.7492 4.064741e-16 
8188.5757 4.029779e-16 
8190.4022 3.922586e-16 
8192.2286 3.805972e-16 
8194.0551 3.810863e-16 
8195.8816 3.924005e-16 
8197.7081 3.976236e-16 
8199.5346 3.998061e-16 
8201.3610 4.115057e-16 
8203.1875 4.288396e-16 
8205.0140 4.399537e-16 
8206.8405 4.429911e-16 
8208.6670 4.406671e-16 
8210.4934 4.263827e-16 
8212.3199 4.107562e-16 
8214.1464 4.045746e-16 
8215.9729 3.997313e-16 
8217.7994 4.011638e-16 
8219.6258 4.082529e-16 
8221.4523 4.065522e-16 
8223.2788 3.925882e-16 
8225.1053 3.847043e-16 
8226.9318 3.743195e-16 
8228.7583 3.712380e-16 
8230.5847 3.759745e-16 
8232.4112 3.802897e-16 
8234.2377 3.880460e-16 
8236.0642 3.941389e-16 
8237.8907 4.012542e-16 
8239.7171 4.070292e-16 
8241.5436 4.055345e-16 
8243.3701 4.025868e-16 
8245.1966 4.093808e-16 
8247.0231 4.139794e-16 
8248.8495 4.100509e-16 
8250.6760 4.094269e-16 
8252.5025 4.177307e-16 
8254.3290 4.181214e-16 
8256.1555 4.107638e-16 
8257.9819 4.049746e-16 
8259.8084 4.023894e-16 
8261.6349 3.997081e-16 
8263.4614 4.045057e-16 
8265.2879 4.220203e-16 
8267.1143 4.338949e-16 
8268.9408 4.204683e-16 
8270.7673 4.072056e-16 
8272.5938 4.023924e-16 
8274.4203 4.058646e-16 
8276.2467 4.100975e-16 
8278.0732 4.046420e-16 
8279.8997 3.921167e-16 
8281.7262 3.863681e-16 
8283.5527 3.953829e-16 
8285.3791 4.017358e-16 
8287.2056 3.841630e-16 
8289.0321 3.732412e-16 
8290.8586 3.858290e-16 
8292.6851 4.025725e-16 
8294.5116 4.037384e-16 
8296.3380 3.973473e-16 
8298.1645 3.887077e-16 
8299.9910 3.910036e-16 
8301.8175 3.989384e-16 
8303.6440 4.024678e-16 
8305.4704 4.076933e-16 
8307.2969 4.132797e-16 
8309.1234 4.157450e-16 
8310.9499 4.144127e-16 
8312.7764 4.125140e-16 
8314.6028 4.154183e-16 
8316.4293 4.271430e-16 
8318.2558 4.187891e-16 
8320.0823 3.927875e-16 
8321.9088 3.805202e-16 
8323.7352 3.856676e-16 
8325.5617 3.928672e-16 
8327.3882 3.862345e-16 
8329.2147 3.815304e-16 
8331.0412 3.983650e-16 
8332.8676 4.138272e-16 
8334.6941 4.169453e-16 
8336.5206 4.118981e-16 
8338.3471 4.227081e-16 
8340.1736 4.578174e-16 
8342.0000 4.708315e-16 
8343.8265 4.287758e-16 
8345.6530 3.892027e-16 
8347.4795 3.877780e-16 
8349.3060 3.901741e-16 
8351.1324 3.876536e-16 
8352.9589 4.031187e-16 
8354.7854 4.223879e-16 
8356.6119 4.269035e-16 
8358.4384 4.277958e-16 
8360.2649 4.344188e-16 
8362.0913 4.332467e-16 
8363.9178 4.275962e-16 
8365.7443 4.266916e-16 
8367.5708 4.238789e-16 
8369.3973 4.089917e-16 
8371.2237 3.952138e-16 
8373.0502 3.993359e-16 
8374.8767 4.134370e-16 
8376.7032 4.164918e-16 
8378.5297 4.243555e-16 
8380.3561 4.236362e-16 
8382.1826 4.181091e-16 
8384.0091 4.160911e-16 
8385.8356 4.085306e-16 
8387.6621 4.100641e-16 
8389.4885 4.161441e-16 
8391.3150 4.169984e-16 
8393.1415 4.165688e-16 
8394.9680 4.239101e-16 
8396.7945 4.181222e-16 
8398.6209 4.090649e-16 
8400.4474 4.184939e-16 
8402.2739 4.374507e-16 
8404.1004 4.287160e-16 
8405.9269 4.089154e-16 
8407.7533 4.006714e-16 
8409.5798 4.097834e-16 
8411.4063 4.221671e-16 
8413.2328 4.196775e-16 
8415.0593 4.126627e-16 
8416.8858 4.112609e-16 
8418.7122 4.152021e-16 
8420.5387 4.181855e-16 
8422.3652 4.175661e-16 
8424.1917 4.199264e-16 
8426.0182 4.193463e-16 
8427.8446 4.036506e-16 
8429.6711 3.783964e-16 
8431.4976 3.727973e-16 
8433.3241 3.804771e-16 
8435.1506 3.877559e-16 
8436.9770 3.905635e-16 
8438.8035 3.933006e-16 
8440.6300 3.988878e-16 
8442.4565 4.050123e-16 
8444.2830 4.085045e-16 
8446.1094 4.172227e-16 
8447.9359 4.344508e-16 
8449.7624 4.289975e-16 
8451.5889 4.025521e-16 
8453.4154 3.792464e-16 
8455.2418 3.745000e-16 
8457.0683 3.822657e-16 
8458.8948 3.945354e-16 
8460.7213 4.148054e-16 
8462.5478 4.306088e-16 
8464.3742 4.311776e-16 
8466.2007 4.292463e-16 
8468.0272 4.355593e-16 
8469.8537 4.220015e-16 
8471.6802 4.043336e-16 
8473.5066 4.105577e-16 
8475.3331 4.204680e-16 
8477.1596 4.191720e-16 
8478.9861 4.112822e-16 
8480.8126 4.018591e-16 
8482.6391 3.960430e-16 
8484.4655 4.034570e-16 
8486.2920 4.160022e-16 
8488.1185 4.261252e-16 
8489.9450 4.314038e-16 
8491.7715 4.296233e-16 
8493.5979 4.185276e-16 
8495.4244 4.109684e-16 
8497.2509 4.071910e-16 
8499.0774 4.053597e-16 
8500.9039 4.083984e-16 
8502.7303 4.142306e-16 
8504.5568 4.073841e-16 
8506.3833 3.985072e-16 
8508.2098 4.060629e-16 
8510.0363 4.279218e-16 
8511.8627 4.400609e-16 
8513.6892 4.300586e-16 
8515.5157 4.147706e-16 
8517.3422 4.079553e-16 
8519.1687 4.058032e-16 
8520.9951 4.083297e-16 
8522.8216 4.172782e-16 
8524.6481 4.198079e-16 
8526.4746 4.123767e-16 
8528.3011 4.096865e-16 
8530.1275 4.171621e-16 
8531.9540 4.273194e-16 
8533.7805 4.360452e-16 
8535.6070 4.369387e-16 
8537.4335 4.263902e-16 
8539.2600 4.237426e-16 
8541.0864 4.206333e-16 
8542.9129 4.103525e-16 
8544.7394 3.991533e-16 
8546.5659 3.933060e-16 
8548.3924 3.855400e-16 
8550.2188 3.806446e-16 
8552.0453 3.833084e-16 
8553.8718 3.902856e-16 
8555.6983 3.961163e-16 
8557.5248 4.042840e-16 
8559.3512 4.148627e-16 
8561.1777 4.175324e-16 
8563.0042 4.114933e-16 
8564.8307 4.121394e-16 
8566.6572 4.111812e-16 
8568.4836 4.123963e-16 
8570.3101 4.105222e-16 
8572.1366 4.037785e-16 
8573.9631 4.080771e-16 
8575.7896 4.076338e-16 
8577.6160 3.948023e-16 
8579.4425 3.821590e-16 
8581.2690 3.866733e-16 
8583.0955 4.047125e-16 
8584.9220 4.079236e-16 
8586.7484 4.077630e-16 
8588.5749 4.167525e-16 
8590.4014 4.268642e-16 
8592.2279 4.323755e-16 
8594.0544 4.318452e-16 
8595.8808 4.190204e-16 
8597.7073 3.996884e-16 
8599.5338 3.906500e-16 
8601.3603 3.951513e-16 
8603.1868 3.983917e-16 
8605.0133 3.942109e-16 
8606.8397 3.917547e-16 
8608.6662 3.992702e-16 
8610.4927 4.081910e-16 
8612.3192 4.229993e-16 
8614.1457 4.331635e-16 
8615.9721 4.365596e-16 
8617.7986 4.420999e-16 
8619.6251 4.333095e-16 
8621.4516 4.195806e-16 
8623.2781 4.137548e-16 
8625.1045 4.034478e-16 
8626.9310 3.744485e-16 
8628.7575 3.673378e-16 
8630.5840 3.789264e-16 
8632.4105 3.878960e-16 
8634.2369 3.857732e-16 
8636.0634 3.870506e-16 
8637.8899 4.134381e-16 
8639.7164 4.285227e-16 
8641.5429 4.236157e-16 
8643.3693 4.203368e-16 
8645.1958 4.232384e-16 
8647.0223 4.228611e-16 
8648.8488 4.194572e-16 
8650.6753 4.060305e-16 
8652.5017 3.823564e-16 
8654.3282 3.708033e-16 
8656.1547 3.816947e-16 
8657.9812 4.034080e-16 
8659.8077 4.185138e-16 
8661.6342 4.228727e-16 
8663.4606 4.269948e-16 
8665.2871 4.317973e-16 
8667.1136 4.323932e-16 
8668.9401 4.371011e-16 
8670.7666 4.438410e-16 
8672.5930 4.214970e-16 
8674.4195 3.906812e-16 
8676.2460 3.903292e-16 
8678.0725 4.045262e-16 
8679.8990 3.980666e-16 
8681.7254 3.988754e-16 
8683.5519 3.987488e-16 
8685.3784 3.936512e-16 
8687.2049 3.916836e-16 
8689.0314 3.995454e-16 
8690.8578 4.104425e-16 
8692.6843 4.107907e-16 
8694.5108 3.987108e-16 
8696.3373 3.928936e-16 
8698.1638 4.000262e-16 
8699.9902 3.834113e-16 
8701.8167 3.777875e-16 
8703.6432 3.779445e-16 
8705.4697 3.698836e-16 
8707.2962 3.711055e-16 
8709.1226 3.805771e-16 
8710.9491 3.818312e-16 
8712.7756 3.843084e-16 
8714.6021 3.957672e-16 
8716.4286 4.027374e-16 
8718.2550 4.099138e-16 
8720.0815 4.083677e-16 
8721.9080 3.995683e-16 
8723.7345 3.997286e-16 
8725.5610 4.119714e-16 
8727.3875 3.990857e-16 
8729.2139 3.747534e-16 
8731.0404 3.738716e-16 
8732.8669 3.953732e-16 
8734.6934 4.017366e-16 
8736.5199 3.998191e-16 
8738.3463 4.027961e-16 
8740.1728 4.110121e-16 
8741.9993 4.135105e-16 
8743.8258 4.038855e-16 
8745.6523 3.952644e-16 
8747.4787 3.997703e-16 
8749.3052 4.024888e-16 
8751.1317 3.875434e-16 
8752.9582 3.738609e-16 
8754.7847 3.767027e-16 
8756.6111 3.873282e-16 
8758.4376 3.858502e-16 
8760.2641 3.680593e-16 
8762.0906 3.566277e-16 
8763.9171 3.702057e-16 
8765.7435 3.995947e-16 
8767.5700 4.252413e-16 
8769.3965 4.364645e-16 
8771.2230 4.341702e-16 
8773.0495 4.279434e-16 
8774.8759 4.233739e-16 
8776.7024 4.111696e-16 
8778.5289 3.834245e-16 
8780.3554 3.597501e-16 
8782.1819 3.550048e-16 
8784.0084 3.638580e-16 
8785.8348 3.765562e-16 
8787.6613 3.852893e-16 
8789.4878 3.760170e-16 
8791.3143 3.721300e-16 
8793.1408 3.867646e-16 
8794.9672 4.118286e-16 
8796.7937 4.288585e-16 
8798.6202 4.187586e-16 
8800.4467 3.916588e-16 
8802.2732 3.717696e-16 
8804.0996 3.679893e-16 
8805.9261 3.667534e-16 
8807.7526 3.603868e-16 
8809.5791 3.597512e-16 
8811.4056 3.668458e-16 
8813.2320 3.735048e-16 
8815.0585 3.779316e-16 
8816.8850 3.892816e-16 
8818.7115 4.101793e-16 
8820.5380 4.288957e-16 
8822.3644 4.398657e-16 
8824.1909 4.446210e-16 
8826.0174 4.047669e-16 
8827.8439 3.537404e-16 
8829.6704 3.393813e-16 
8831.4968 3.581477e-16 
8833.3233 3.630285e-16 
8835.1498 3.472202e-16 
8836.9763 3.426109e-16 
8838.8028 3.623404e-16 
8840.6292 3.894308e-16 
8842.4557 4.097756e-16 
8844.2822 4.194061e-16 
8846.1087 4.152479e-16 
8847.9352 4.002187e-16 
8849.7617 3.838107e-16 
8851.5881 3.725857e-16 
8853.4146 3.614724e-16 
8855.2411 3.598581e-16 
8857.0676 3.720185e-16 
8858.8941 3.842780e-16 
8860.7205 3.855295e-16 
8862.5470 3.999898e-16 
8864.3735 4.113393e-16 
8866.2000 3.940932e-16 
8868.0265 3.567499e-16 
8869.8529 3.297177e-16 
8871.6794 3.321246e-16 
8873.5059 3.508037e-16 
8875.3324 3.615890e-16 
8877.1589 3.613967e-16 
8878.9853 3.736438e-16 
8880.8118 4.024155e-16 
8882.6383 4.269447e-16 
8884.4648 4.304474e-16 
8886.2913 4.207957e-16 
8888.1177 4.143971e-16 
8889.9442 4.066252e-16 
8891.7707 3.966538e-16 
8893.5972 3.891604e-16 
8895.4237 3.817833e-16 
8897.2501 3.675910e-16 
8899.0766 3.686927e-16 
8900.9031 3.815986e-16 
8902.7296 3.880990e-16 
8904.5561 3.884023e-16 
8906.3825 3.787804e-16 
8908.2090 3.526375e-16 
8910.0355 3.273556e-16 
8911.8620 3.181937e-16 
8913.6885 3.112381e-16 
8915.5150 3.092875e-16 
8917.3414 3.052445e-16 
8919.1679 2.997947e-16 
8920.9944 2.995625e-16 
8922.8209 3.040132e-16 
8924.6474 3.212453e-16 
8926.4738 3.595212e-16 
8928.3003 3.956837e-16 
8930.1268 4.003792e-16 
8931.9533 3.884825e-16 
8933.7798 3.915923e-16 
8935.6062 4.034414e-16 
8937.4327 4.133171e-16 
8939.2592 4.214173e-16 
8941.0857 4.156596e-16 
8942.9122 3.836588e-16 
8944.7386 3.514811e-16 
8946.5651 3.453170e-16 
8948.3916 3.565528e-16 
8950.2181 3.602492e-16 
8952.0446 3.682974e-16 
8953.8710 3.890190e-16 
8955.6975 4.082602e-16 
8957.5240 4.160930e-16 
8959.3505 4.356331e-16 
8961.1770 4.358036e-16 
8963.0034 4.081988e-16 
8964.8299 3.782310e-16 
8966.6564 3.645962e-16 
8968.4829 3.516691e-16 
8970.3094 3.466789e-16 
8972.1359 3.454643e-16 
8973.9623 3.467250e-16 
8975.7888 3.635512e-16 
8977.6153 3.880276e-16 
8979.4418 3.981706e-16 
8981.2683 3.935982e-16 
8983.0947 3.860107e-16 
8984.9212 3.729344e-16 
8986.7477 3.438549e-16 
8988.5742 3.283369e-16 
8990.4007 3.371099e-16 
8992.2271 3.500346e-16 
8994.0536 3.545435e-16 
8995.8801 3.709380e-16 
8997.7066 3.826933e-16 
8999.5331 3.743109e-16 
9001.3595 3.553789e-16 
9003.1860 3.476072e-16 
9005.0125 3.639086e-16 
9006.8390 3.848015e-16 
9008.6655 3.904779e-16 
9010.4919 3.810882e-16 
9012.3184 3.692599e-16 
9014.1449 3.658078e-16 
9015.9714 3.665457e-16 
9017.7979 3.661954e-16 
9019.6243 3.640705e-16 
9021.4508 3.575741e-16 
9023.2773 3.460958e-16 
9025.1038 3.380835e-16 
9026.9303 3.431283e-16 
9028.7567 3.574397e-16 
9030.5832 3.617937e-16 
9032.4097 3.531656e-16 
9034.2362 3.462162e-16 
9036.0627 3.422616e-16 
9037.8892 3.272196e-16 
9039.7156 3.069415e-16 
9041.5421 3.094197e-16 
9043.3686 3.386797e-16 
9045.1951 3.623412e-16 
9047.0216 3.541801e-16 
9048.8480 3.438094e-16 
9050.6745 3.357644e-16 
9052.5010 3.317702e-16 
9054.3275 3.392132e-16 
9056.1540 3.578668e-16 
9057.9804 3.699981e-16 
9059.8069 3.846801e-16 
9061.6334 3.959425e-16 
9063.4599 3.962097e-16 
9065.2864 3.933022e-16 
9067.1128 3.804561e-16 
9068.9393 3.567637e-16 
9070.7658 3.390223e-16 
9072.5923 3.404184e-16 
9074.4188 3.522659e-16 
9076.2452 3.636032e-16 
9078.0717 3.692389e-16 
9079.8982 3.702550e-16 
9081.7247 3.734041e-16 
9083.5512 3.818927e-16 
9085.3776 3.776755e-16 
9087.2041 3.650241e-16 
9089.0306 3.681980e-16 
9090.8571 3.906640e-16 
9092.6836 3.992457e-16 
9094.5101 3.913195e-16 
9096.3365 3.964184e-16 
9098.1630 4.036024e-16 
9099.9895 3.875908e-16 
9101.8160 3.746912e-16 
9103.6425 3.649393e-16 
9105.4689 3.528077e-16 
9107.2954 3.436952e-16 
9109.1219 3.471801e-16 
9110.9484 3.597086e-16 
9112.7749 3.712057e-16 
9114.6013 3.709814e-16 
9116.4278 3.623428e-16 
9118.2543 3.608796e-16 
9120.0808 3.745711e-16 
9121.9073 3.931963e-16 
9123.7337 4.098168e-16 
9125.5602 4.157822e-16 
9127.3867 4.013569e-16 
9129.2132 3.732573e-16 
9131.0397 3.537460e-16 
9132.8661 3.463065e-16 
9134.6926 3.461583e-16 
9136.5191 3.548295e-16 
9138.3456 3.693789e-16 
9140.1721 3.774813e-16 
9141.9985 3.739339e-16 
9143.8250 3.711219e-16 
9145.6515 3.833658e-16 
9147.4780 3.952935e-16 
9149.3045 3.870829e-16 
9151.1309 3.683289e-16 
9152.9574 3.642943e-16 
9154.7839 3.788567e-16 
9156.6104 3.840488e-16 
9158.4369 3.903357e-16 
9160.2634 3.919758e-16 
9162.0898 3.764301e-16 
9163.9163 3.593014e-16 
9165.7428 3.567295e-16 
9167.5693 3.596149e-16 
9169.3958 3.559872e-16 
9171.2222 3.533741e-16 
9173.0487 3.667270e-16 
9174.8752 3.735991e-16 
9176.7017 3.907817e-16 
9178.5282 4.113180e-16 
9180.3546 4.118232e-16 
9182.1811 4.059331e-16 
9184.0076 4.032146e-16 
9185.8341 3.864516e-16 
9187.6606 3.585530e-16 
9189.4870 3.417020e-16 
9191.3135 3.386921e-16 
9193.1400 3.546749e-16 
9194.9665 3.710533e-16 
9196.7930 3.771056e-16 
9198.6194 3.824843e-16 
9200.4459 3.929068e-16 
9202.2724 4.002726e-16 
9204.0989 4.063941e-16 
9205.9254 4.151474e-16 
9207.7518 4.183668e-16 
9209.5783 4.042372e-16 
9211.4048 4.019044e-16 
9213.2313 4.064342e-16 
9215.0578 4.043662e-16 
9216.8843 3.980954e-16 
9218.7107 3.810968e-16 
9220.5372 3.711176e-16 
9222.3637 3.696706e-16 
9224.1902 3.737618e-16 
9226.0167 3.856224e-16 
9227.8431 3.921247e-16 
9229.6696 4.056279e-16 
9231.4961 4.187201e-16 
9233.3226 4.223276e-16 
9235.1491 4.270966e-16 
9236.9755 4.307669e-16 
9238.8020 4.137771e-16 
9240.6285 3.920652e-16 
9242.4550 3.823591e-16 
9244.2815 3.702771e-16 
9246.1079 3.679055e-16 
9247.9344 3.744324e-16 
9249.7609 3.817149e-16 
9251.5874 3.874252e-16 
9253.4139 3.924320e-16 
9255.2403 3.825837e-16 
9257.0668 3.822180e-16 
9258.8933 3.915169e-16 
9260.7198 3.998341e-16 
9262.5463 4.209366e-16 
9264.3727 4.241975e-16 
9266.1992 4.059743e-16 
9268.0257 3.856983e-16 
9269.8522 3.782017e-16 
9271.6787 3.770544e-16 
9273.5051 3.642722e-16 
9275.3316 3.558604e-16 
9277.1581 3.584442e-16 
9278.9846 3.562760e-16 
9280.8111 3.482288e-16 
9282.6376 3.595516e-16 
9284.4640 3.747227e-16 
9286.2905 3.711952e-16 
9288.1170 3.583998e-16 
9289.9435 3.637018e-16 
9291.7700 3.813379e-16 
9293.5964 3.817017e-16 
9295.4229 3.706159e-16 
9297.2494 3.751886e-16 
9299.0759 3.716390e-16 
9300.9024 3.605920e-16 
9302.7288 3.560333e-16 
9304.5553 3.462003e-16 
9306.3818 3.184814e-16 
9308.2083 3.171612e-16 
9310.0348 2.908335e-16 
9311.8612 2.005791e-16 
9313.6877 1.114677e-16 
9315.5142 1.170923e-16 
9317.3407 1.607823e-16 
9319.1672 2.197388e-16 
9320.9936 2.640539e-16 
9322.8201 2.689872e-16 
9324.6466 2.510504e-16 
9326.4731 2.506525e-16 
9328.2996 2.786922e-16 
9330.1260 3.112936e-16 
9331.9525 3.176683e-16 
9333.7790 2.936096e-16 
9335.6055 2.689852e-16 
9337.4320 2.583731e-16 
9339.2584 2.359527e-16 
9341.0849 1.999138e-16 
9342.9114 2.055664e-16 
9344.7379 2.485401e-16 
9346.5644 2.862630e-16 
9348.3909 2.935786e-16 
9350.2173 2.816698e-16 
9352.0438 2.716882e-16 
9353.8703 2.593315e-16 
9355.6968 2.395792e-16 
9357.5233 2.405380e-16 
9359.3497 2.780499e-16 
9361.1762 3.062300e-16 
9363.0027 3.130183e-16 
9364.8292 3.006048e-16 
9366.6557 2.722737e-16 
9368.4821 2.632492e-16 
9370.3086 3.359551e-16 
9372.1351 4.056255e-16 
9373.9616 3.436303e-16 
9375.7881 1.828256e-16 
9377.6145 8.422772e-17 
9379.4410 9.812860e-17 
9381.2675 1.786114e-16 
9383.0940 2.626038e-16 
9384.9205 3.210094e-16 
9386.7469 3.568324e-16 
9388.5734 3.747477e-16 
9390.3999 3.933964e-16 
9392.2264 3.825923e-16 
9394.0529 3.418738e-16 
9395.8793 3.305098e-16 
9397.7058 3.571466e-16 
9399.5323 3.502498e-16 
9401.3588 3.053609e-16 
9403.1853 2.719217e-16 
9405.0118 2.727086e-16 
9406.8382 2.911017e-16 
9408.6647 3.070080e-16 
9410.4912 3.218890e-16 
9412.3177 3.481696e-16 
9414.1442 3.817470e-16 
9415.9706 3.927692e-16 
9417.7971 3.772346e-16 
9419.6236 3.583828e-16 
9421.4501 3.462636e-16 
9423.2766 3.231850e-16 
9425.1030 2.972577e-16 
9426.9295 2.706211e-16 
9428.7560 2.611804e-16 
9430.5825 2.897204e-16 
9432.4090 3.446073e-16 
9434.2354 3.805878e-16 
9436.0619 3.754124e-16 
9437.8884 3.263034e-16 
9439.7149 2.680723e-16 
9441.5414 2.668084e-16 
9443.3678 3.081203e-16 
9445.1943 3.488811e-16 
9447.0208 3.587830e-16 
9448.8473 3.458597e-16 
9450.6738 3.461462e-16 
9452.5002 3.579530e-16 
9454.3267 3.399234e-16 
9456.1532 2.887169e-16 
9457.9797 2.429134e-16 
9459.8062 2.190665e-16 
9461.6326 2.396243e-16 
9463.4591 2.984567e-16 
9465.2856 3.493858e-16 
9467.1121 3.535047e-16 
9468.9386 3.398682e-16 
9470.7651 3.489032e-16 
9472.5915 3.766127e-16 
9474.4180 3.864527e-16 
9476.2445 3.630964e-16 
9478.0710 3.398200e-16 
9479.8975 2.989614e-16 
9481.7239 2.593585e-16 
9483.5504 2.640126e-16 
9485.3769 3.096433e-16 
9487.2034 3.275034e-16 
9489.0299 3.270561e-16 
9490.8563 3.215448e-16 
9492.6828 3.075827e-16 
9494.5093 2.887886e-16 
9496.3358 2.799979e-16 
9498.1623 2.789976e-16 
9499.9887 2.718018e-16 
9501.8152 2.551322e-16 
9503.6417 2.510652e-16 
9505.4682 2.900492e-16 
9507.2947 3.509101e-16 
9509.1211 3.749072e-16 
9510.9476 3.494599e-16 
9512.7741 3.360113e-16 
9514.6006 3.487901e-16 
9516.4271 3.389173e-16 
9518.2535 3.085657e-16 
9520.0800 2.966087e-16 
9521.9065 2.990904e-16 
9523.7330 3.102721e-16 
9525.5595 3.189252e-16 
9527.3860 3.374468e-16 
9529.2124 3.675328e-16 
9531.0389 3.681953e-16 
9532.8654 3.538645e-16 
9534.6919 3.383827e-16 
9536.5184 3.248687e-16 
9538.3448 3.113987e-16 
9540.1713 2.954730e-16 
9541.9978 2.804738e-16 
9543.8243 2.766883e-16 
9545.6508 3.064516e-16 
9547.4772 3.669301e-16 
9549.3037 3.926685e-16 
9551.1302 3.418972e-16 
9552.9567 3.077836e-16 
9554.7832 3.366160e-16 
9556.6096 3.552684e-16 
9558.4361 3.362844e-16 
9560.2626 3.358037e-16 
9562.0891 3.689200e-16 
9563.9156 3.738910e-16 
9565.7420 3.041164e-16 
9567.5685 2.384030e-16 
9569.3950 2.274755e-16 
9571.2215 2.740945e-16 
9573.0480 3.292521e-16 
9574.8744 3.397414e-16 
9576.7009 3.316977e-16 
9578.5274 3.466178e-16 
9580.3539 3.553727e-16 
9582.1804 3.377080e-16 
9584.0068 3.342153e-16 
9585.8333 3.323425e-16 
9587.6598 3.184596e-16 
9589.4863 3.055602e-16 
9591.3128 3.085964e-16 
9593.1393 3.161787e-16 
9594.9657 3.126774e-16 
9596.7922 3.128920e-16 
9598.6187 3.379426e-16 
9600.4452 3.711696e-16 
9602.2717 3.673639e-16 
9604.0981 3.468281e-16 
9605.9246 3.385626e-16 
9607.7511 3.403743e-16 
9609.5776 3.392237e-16 
9611.4041 3.442079e-16 
9613.2305 3.566131e-16 
9615.0570 3.649498e-16 
9616.8835 3.471257e-16 
9618.7100 3.053404e-16 
9620.5365 2.783790e-16 
9622.3629 2.534761e-16 
9624.1894 2.562891e-16 
9626.0159 2.919145e-16 
9627.8424 3.267843e-16 
9629.6689 3.455912e-16 
9631.4953 3.511555e-16 
9633.3218 3.502743e-16 
9635.1483 3.419947e-16 
9636.9748 3.241410e-16 
9638.8013 3.095940e-16 
9640.6277 3.191824e-16 
9642.4542 3.324098e-16 
9644.2807 3.238480e-16 
9646.1072 3.060075e-16 
9647.9337 3.145895e-16 
9649.7602 3.447687e-16 
9651.5866 3.574386e-16 
9653.4131 3.530692e-16 
9655.2396 3.660758e-16 
9657.0661 3.677466e-16 
9658.8926 3.656834e-16 
9660.7190 3.685801e-16 
9662.5455 3.689906e-16 
9664.3720 3.556019e-16 
9666.1985 3.333179e-16 
9668.0250 3.277469e-16 
9669.8514 3.274075e-16 
9671.6779 3.321857e-16 
9673.5044 3.735390e-16 
9675.3309 4.076106e-16 
9677.1574 3.811935e-16 
9678.9838 3.575030e-16 
9680.8103 3.868551e-16 
9682.6368 3.920014e-16 
9684.4633 3.681132e-16 
9686.2898 3.700431e-16 
9688.1162 3.915734e-16 
9689.9427 4.014323e-16 
9691.7692 4.168037e-16 
9693.5957 4.009588e-16 
9695.4222 3.625060e-16 
9697.2486 3.248660e-16 
9699.0751 2.963275e-16 
9700.9016 2.798465e-16 
9702.7281 2.913460e-16 
9704.5546 3.231790e-16 
9706.3810 3.550158e-16 
9708.2075 3.762061e-16 
9710.0340 3.848276e-16 
9711.8605 3.512088e-16 
9713.6870 3.364447e-16 
9715.5135 3.525371e-16 
9717.3399 3.544150e-16 
9719.1664 3.678514e-16 
9720.9929 3.551187e-16 
9722.8194 3.314384e-16 
9724.6459 3.209957e-16 
9726.4723 3.219114e-16 
9728.2988 3.412350e-16 
9730.1253 3.543625e-16 
9731.9518 3.520275e-16 
9733.7783 3.585409e-16 
9735.6047 3.997019e-16 
9737.4312 4.509388e-16 
9739.2577 4.541264e-16 
9741.0842 3.995384e-16 
9742.9107 3.338307e-16 
9744.7371 3.011324e-16 
9746.5636 2.887301e-16 
9748.3901 3.152348e-16 
9750.2166 3.411598e-16 
9752.0431 3.429085e-16 
9753.8695 3.546442e-16 
9755.6960 3.433793e-16 
9757.5225 3.167394e-16 
9759.3490 2.913307e-16 
9761.1755 2.840842e-16 
9763.0019 3.077088e-16 
9764.8284 3.353978e-16 
9766.6549 3.462836e-16 
9768.4814 3.503131e-16 
9770.3079 3.657830e-16 
9772.1343 3.805385e-16 
9773.9608 3.523633e-16 
9775.7873 3.077904e-16 
9777.6138 3.004658e-16 
9779.4403 3.252363e-16 
9781.2668 3.218575e-16 
9783.0932 3.334911e-16 
9784.9197 3.942758e-16 
9786.7462 4.710214e-16 
9788.5727 4.824786e-16 
9790.3992 3.949827e-16 
9792.2256 3.409231e-16 
9794.0521 3.572369e-16 
9795.8786 3.751302e-16 
9797.7051 3.527940e-16 
