3300 2.1397e-16
3302.5 2.0451e-16
3305 1.8058e-16
3307.5 1.7285e-16
3310 1.9569e-16
3312.5 1.9777e-16
3315 1.8546e-16
3317.5 1.8176e-16
3320 1.8369e-16
3322.5 1.7512e-16
3325 1.4925e-16
3327.5 1.4379e-16
3330 1.5132e-16
3332.5 1.4073e-16
3335 1.2406e-16
3337.5 1.4117e-16
3340 1.6978e-16
3342.5 1.6885e-16
3345 1.7293e-16
3347.5 1.7893e-16
3350 1.7444e-16
3352.5 1.6446e-16
3355 1.6592e-16
3357.5 1.6806e-16
3360 1.6203e-16
3362.5 1.6136e-16
3365 1.5637e-16
3367.5 1.581e-16
3370 1.4912e-16
3372.5 1.4911e-16
3375 1.3434e-16
3377.5 1.4657e-16
3380 1.6046e-16
3382.5 1.7954e-16
3385 1.7404e-16
3387.5 1.9263e-16
3390 1.7768e-16
3392.5 1.7025e-16
3395 1.6852e-16
3397.5 1.8365e-16
3400 1.7981e-16
3402.5 1.9491e-16
3405 1.9527e-16
3407.5 1.9086e-16
3410 1.7899e-16
3412.5 1.7979e-16
3415 1.6385e-16
3417.5 1.5209e-16
3420 1.4774e-16
3422.5 1.4515e-16
3425 1.3919e-16
3427.5 1.4689e-16
3430 1.6683e-16
3432.5 1.6313e-16
3435 1.685e-16
3437.5 1.7909e-16
3440 1.8033e-16
3442.5 1.7996e-16
3445 1.7448e-16
3447.5 1.7484e-16
3450 1.8129e-16
3452.5 1.8375e-16
3455 1.7815e-16
3457.5 1.915e-16
3460 1.8858e-16
3462.5 1.7089e-16
3465 1.6277e-16
3467.5 1.5488e-16
3470 1.4575e-16
3472.5 1.427e-16
3475 1.3692e-16
3477.5 1.4349e-16
3480 1.4442e-16
3482.5 1.5041e-16
3485 1.5349e-16
3487.5 1.6686e-16
3490 1.5938e-16
3492.5 1.6071e-16
3495 1.6575e-16
3497.5 1.7983e-16
3500 1.7655e-16
3502.5 1.7544e-16
3505 1.6429e-16
3507.5 1.5289e-16
3510 1.3666e-16
3512.5 1.3944e-16
3515 1.43e-16
3517.5 1.6318e-16
3520 1.7743e-16
3522.5 1.8576e-16
3525 1.7786e-16
3527.5 1.7917e-16
3530 1.735e-16
3532.5 1.686e-16
3535 1.6081e-16
3537.5 1.6858e-16
3540 1.6806e-16
3542.5 1.5549e-16
3545 1.5797e-16
3547.5 1.6059e-16
3550 1.4923e-16
3552.5 1.4138e-16
3555 1.409e-16
3557.5 1.3289e-16
3560 1.2843e-16
3562.5 1.5022e-16
3565 1.5241e-16
3567.5 1.5504e-16
3570 1.55e-16
3572.5 1.6469e-16
3575 1.4988e-16
3577.5 1.5803e-16
3580 1.6454e-16
3582.5 1.6663e-16
3585 1.5969e-16
3587.5 1.6114e-16
3590 1.5114e-16
3592.5 1.4896e-16
3595 1.5395e-16
3597.5 1.5489e-16
3600 1.5105e-16
3602.5 1.6118e-16
3605 1.6173e-16
3607.5 1.5981e-16
3610 1.6086e-16
3612.5 1.6527e-16
3615 1.6419e-16
3617.5 1.6245e-16
3620 1.5789e-16
3622.5 1.5468e-16
3625 1.5182e-16
3627.5 1.5026e-16
3630 1.4986e-16
3632.5 1.4443e-16
3635 1.5492e-16
3637.5 1.5308e-16
3640 1.4795e-16
3642.5 1.4163e-16
3645 1.5476e-16
3647.5 1.5766e-16
3650 1.6471e-16
3652.5 1.6565e-16
3655 1.6852e-16
3657.5 1.626e-16
3660 1.4982e-16
3662.5 1.4866e-16
3665 1.5449e-16
3667.5 1.5754e-16
3670 1.5987e-16
3672.5 1.6283e-16
3675 1.5822e-16
3677.5 1.604e-16
3680 1.6676e-16
3682.5 1.568e-16
3685 1.5941e-16
3687.5 1.6153e-16
3690 1.5721e-16
3692.5 1.5086e-16
3695 1.6282e-16
3697.5 1.672e-16
3700 1.6768e-16
3702.5 1.6897e-16
3705 1.7656e-16
3707.5 1.7618e-16
3710 1.6467e-16
3712.5 1.5716e-16
3715 1.5707e-16
3717.5 1.4784e-16
3720 1.414e-16
3722.5 1.3713e-16
3725 1.4193e-16
3727.5 1.3522e-16
3730 1.34e-16
3732.5 1.309e-16
3735 1.3555e-16
3737.5 1.3097e-16
3740 1.2858e-16
3742.5 1.3101e-16
3745 1.371e-16
3747.5 1.4847e-16
3750 1.5827e-16
3752.5 1.6924e-16
3755 1.7783e-16
3757.5 1.7554e-16
3760 1.635e-16
3762.5 1.5585e-16
3765 1.5304e-16
3767.5 1.4667e-16
3770 1.3951e-16
3772.5 1.4312e-16
3775 1.5033e-16
3777.5 1.5241e-16
3780 1.5946e-16
3782.5 1.6852e-16
3785 1.7177e-16
3787.5 1.6943e-16
3790 1.6249e-16
3792.5 1.5616e-16
3795 1.5847e-16
3797.5 1.6223e-16
3800 1.6047e-16
3802.5 1.6172e-16
3805 1.611e-16
3807.5 1.5702e-16
3810 1.5242e-16
3812.5 1.5621e-16
3815 1.6026e-16
3817.5 1.6569e-16
3820 1.6774e-16
3822.5 1.682e-16
3825 1.6562e-16
3827.5 1.6374e-16
3830 1.6284e-16
3832.5 1.6016e-16
3835 1.6437e-16
3837.5 1.6562e-16
3840 1.6354e-16
3842.5 1.5951e-16
3845 1.6144e-16
3847.5 1.5716e-16
3850 1.5578e-16
3852.5 1.6229e-16
3855 1.6806e-16
3857.5 1.6952e-16
3860 1.7035e-16
3862.5 1.7077e-16
3865 1.6464e-16
3867.5 1.5869e-16
3870 1.5806e-16
3872.5 1.6123e-16
3875 1.6147e-16
3877.5 1.6194e-16
3880 1.6471e-16
3882.5 1.6306e-16
3885 1.6477e-16
3887.5 1.6456e-16
3890 1.6653e-16
3892.5 1.6337e-16
3895 1.6084e-16
3897.5 1.5199e-16
3900 1.5795e-16
3902.5 1.5761e-16
3905 1.5523e-16
3907.5 1.4986e-16
3910 1.4956e-16
3912.5 1.4638e-16
3915 1.5747e-16
3917.5 1.592e-16
3920 1.6963e-16
3922.5 1.6905e-16
3925 1.6549e-16
3927.5 1.5224e-16
3930 1.5393e-16
3932.5 1.4638e-16
3935 1.4921e-16
3937.5 1.4948e-16
3940 1.5553e-16
3942.5 1.608e-16
3945 1.6651e-16
3947.5 1.6395e-16
3950 1.594e-16
3952.5 1.5313e-16
3955 1.4247e-16
3957.5 1.3379e-16
3960 1.3402e-16
3962.5 1.3765e-16
3965 1.4199e-16
3967.5 1.4979e-16
3970 1.5772e-16
3972.5 1.6483e-16
3975 1.6115e-16
3977.5 1.5712e-16
3980 1.5071e-16
3982.5 1.4585e-16
3985 1.3988e-16
3987.5 1.3965e-16
3990 1.4112e-16
3992.5 1.4247e-16
3995 1.4136e-16
3997.5 1.3495e-16
4000 1.3463e-16
4002.5 1.3038e-16
4005 1.2952e-16
4007.5 1.3573e-16
4010 1.4462e-16
4012.5 1.5176e-16
4015 1.5729e-16
4017.5 1.6452e-16
4020 1.6778e-16
4022.5 1.6426e-16
4025 1.6377e-16
4027.5 1.6167e-16
4030 1.6078e-16
4032.5 1.572e-16
4035 1.5437e-16
4037.5 1.5827e-16
4040 1.6587e-16
4042.5 1.6205e-16
4045 1.5692e-16
4047.5 1.6482e-16
4050 1.643e-16
4052.5 1.5886e-16
4055 1.5876e-16
4057.5 1.6432e-16
4060 1.5347e-16
4062.5 1.4968e-16
4065 1.5259e-16
4067.5 1.5995e-16
4070 1.5581e-16
4072.5 1.6453e-16
4075 1.6842e-16
4077.5 1.6731e-16
4080 1.6207e-16
4082.5 1.717e-16
4085 1.7145e-16
4087.5 1.6722e-16
4090 1.6136e-16
4092.5 1.5738e-16
4095 1.4699e-16
4097.5 1.3629e-16
4100 1.2382e-16
4102.5 1.1618e-16
4105 1.131e-16
4107.5 1.1283e-16
4110 1.2045e-16
4112.5 1.3119e-16
4115 1.4241e-16
4117.5 1.5133e-16
4120 1.5935e-16
4122.5 1.6511e-16
4125 1.6673e-16
4127.5 1.6725e-16
4130 1.6508e-16
4132.5 1.5585e-16
4135 1.3948e-16
4137.5 1.2686e-16
4140 1.1834e-16
4142.5 1.1421e-16
4145 1.164e-16
4147.5 1.2879e-16
4150 1.4576e-16
4152.5 1.5728e-16
4155 1.6379e-16
4157.5 1.7768e-16
4160 1.8227e-16
4162.5 1.7605e-16
4165 1.7701e-16
4167.5 1.7468e-16
4170 1.6547e-16
4172.5 1.6481e-16
4175 1.6894e-16
4177.5 1.6637e-16
4180 1.7166e-16
4182.5 1.7371e-16
4185 1.7739e-16
4187.5 1.7617e-16
4190 1.78e-16
4192.5 1.7383e-16
4195 1.7573e-16
4197.5 1.7828e-16
4200 1.8117e-16
4202.5 1.7429e-16
4205 1.6835e-16
4207.5 1.6904e-16
4210 1.6265e-16
4212.5 1.5896e-16
4215 1.6239e-16
4217.5 1.6696e-16
4220 1.6022e-16
4222.5 1.6256e-16
4225 1.6268e-16
4227.5 1.6591e-16
4230 1.7034e-16
4232.5 1.7481e-16
4235 1.7228e-16
4237.5 1.7788e-16
4240 1.7852e-16
4242.5 1.761e-16
4245 1.8103e-16
4247.5 1.7664e-16
4250 1.6625e-16
4252.5 1.6576e-16
4255 1.6872e-16
4257.5 1.6615e-16
4260 1.6942e-16
4262.5 1.791e-16
4265 1.8466e-16
4267.5 1.8692e-16
4270 1.8342e-16
4272.5 1.7857e-16
4275 1.7007e-16
4277.5 1.5767e-16
4280 1.5313e-16
4282.5 1.5384e-16
4285 1.5932e-16
4287.5 1.6819e-16
4290 1.7443e-16
4292.5 1.7486e-16
4295 1.7588e-16
4297.5 1.8024e-16
4300 1.7594e-16
4302.5 1.7775e-16
4305 1.7397e-16
4307.5 1.7566e-16
4310 1.7712e-16
4312.5 1.817e-16
4315 1.8302e-16
4317.5 1.8562e-16
4320 1.8534e-16
4322.5 1.8316e-16
4325 1.8454e-16
4327.5 1.8558e-16
4330 1.871e-16
4332.5 1.8339e-16
4335 1.8498e-16
4337.5 1.8686e-16
4340 1.9014e-16
4342.5 1.9152e-16
4345 1.9761e-16
4347.5 1.912e-16
4350 1.8012e-16
4352.5 1.735e-16
4355 1.8313e-16
4357.5 1.7658e-16
4360 1.7856e-16
4362.5 1.8497e-16
4365 1.8367e-16
4367.5 1.697e-16
4370 1.7052e-16
4372.5 1.6866e-16
4375 1.6699e-16
4377.5 1.6741e-16
4380 1.6873e-16
4382.5 1.6669e-16
4385 1.649e-16
4387.5 1.6346e-16
4390 1.6897e-16
4392.5 1.7263e-16
4395 1.7526e-16
4397.5 1.7959e-16
4400 1.7806e-16
4402.5 1.7394e-16
4405 1.6727e-16
4407.5 1.6676e-16
4410 1.6776e-16
4412.5 1.7112e-16
4415 1.6752e-16
4417.5 1.6713e-16
4420 1.6496e-16
4422.5 1.6509e-16
4425 1.672e-16
4427.5 1.6768e-16
4430 1.718e-16
4432.5 1.7394e-16
4435 1.7026e-16
4437.5 1.6652e-16
4440 1.6691e-16
4442.5 1.6246e-16
4445 1.6742e-16
4447.5 1.6602e-16
4450 1.6436e-16
4452.5 1.639e-16
4455 1.6491e-16
4457.5 1.6046e-16
4460 1.6395e-16
4462.5 1.6709e-16
4465 1.7044e-16
4467.5 1.7064e-16
4470 1.679e-16
4472.5 1.6608e-16
4475 1.6604e-16
4477.5 1.5888e-16
4480 1.5462e-16
4482.5 1.5486e-16
4485 1.4989e-16
4487.5 1.4017e-16
4490 1.4314e-16
4492.5 1.4734e-16
4495 1.4692e-16
4497.5 1.517e-16
4500 1.6209e-16
4502.5 1.6478e-16
4505 1.6702e-16
4507.5 1.6514e-16
4510 1.6488e-16
4512.5 1.6774e-16
4515 1.7029e-16
4517.5 1.7195e-16
4520 1.7404e-16
4522.5 1.7225e-16
4525 1.6397e-16
4527.5 1.603e-16
4530 1.5474e-16
4532.5 1.5526e-16
4535 1.5808e-16
4537.5 1.6032e-16
4540 1.6251e-16
4542.5 1.7146e-16
4545 1.7534e-16
4547.5 1.8225e-16
4550 1.9175e-16
4552.5 1.9415e-16
4555 1.9213e-16
4557.5 1.9607e-16
4560 1.9106e-16
4562.5 1.8328e-16
4565 1.8003e-16
4567.5 1.7641e-16
4570 1.659e-16
4572.5 1.6221e-16
4575 1.6048e-16
4577.5 1.5946e-16
4580 1.6196e-16
4582.5 1.66e-16
4585 1.7609e-16
4587.5 1.7822e-16
4590 1.8123e-16
4592.5 1.7913e-16
4595 1.8053e-16
4597.5 1.7526e-16
4600 1.7671e-16
4602.5 1.7329e-16
4605 1.7489e-16
4607.5 1.7387e-16
4610 1.7444e-16
4612.5 1.7758e-16
4615 1.858e-16
4617.5 1.871e-16
4620 1.931e-16
4622.5 1.9185e-16
4625 1.872e-16
4627.5 1.7829e-16
4630 1.7308e-16
4632.5 1.6328e-16
4635 1.5994e-16
4637.5 1.6556e-16
4640 1.672e-16
4642.5 1.731e-16
4645 1.7553e-16
4647.5 1.7768e-16
4650 1.6977e-16
4652.5 1.6945e-16
4655 1.6549e-16
4657.5 1.6907e-16
4660 1.6609e-16
4662.5 1.7054e-16
4665 1.7295e-16
4667.5 1.7866e-16
4670 1.7524e-16
4672.5 1.8176e-16
4675 1.8067e-16
4677.5 1.8433e-16
4680 1.8143e-16
4682.5 1.8485e-16
4685 1.8212e-16
4687.5 1.8489e-16
4690 1.8456e-16
4692.5 1.8967e-16
4695 1.9348e-16
4697.5 1.9858e-16
4700 1.9872e-16
4702.5 1.9774e-16
4705 1.9561e-16
4707.5 1.935e-16
4710 1.8796e-16
4712.5 1.8918e-16
4715 1.8405e-16
4717.5 1.8288e-16
4720 1.8083e-16
4722.5 1.793e-16
4725 1.7678e-16
4727.5 1.7922e-16
4730 1.7566e-16
4732.5 1.7601e-16
4735 1.7901e-16
4737.5 1.8147e-16
4740 1.8375e-16
4742.5 1.8795e-16
4745 1.899e-16
4747.5 1.8792e-16
4750 1.8826e-16
4752.5 1.8522e-16
4755 1.8492e-16
4757.5 1.8304e-16
4760 1.8566e-16
4762.5 1.8334e-16
4765 1.8049e-16
4767.5 1.7893e-16
4770 1.7926e-16
4772.5 1.7786e-16
4775 1.7765e-16
4777.5 1.7809e-16
4780 1.7814e-16
4782.5 1.7796e-16
4785 1.8155e-16
4787.5 1.8081e-16
4790 1.8364e-16
4792.5 1.8238e-16
4795 1.8565e-16
4797.5 1.8462e-16
4800 1.8598e-16
4802.5 1.888e-16
4805 1.9718e-16
4807.5 1.9832e-16
4810 2.0028e-16
4812.5 1.998e-16
4815 1.9974e-16
4817.5 1.9324e-16
4820 1.8957e-16
4822.5 1.8526e-16
4825 1.8441e-16
4827.5 1.9191e-16
4830 1.9932e-16
4832.5 2.057e-16
4835 2.1002e-16
4837.5 2.1604e-16
4840 2.1332e-16
4842.5 2.0859e-16
4845 2.0315e-16
4847.5 2.0219e-16
4850 1.9874e-16
4852.5 1.963e-16
4855 1.9375e-16
4857.5 1.9975e-16
4860 2.0242e-16
4862.5 2.0701e-16
4865 2.0608e-16
4867.5 2.0866e-16
4870 2.0871e-16
4872.5 2.0435e-16
4875 2.0113e-16
4877.5 2.0579e-16
4880 2.0878e-16
4882.5 2.0913e-16
4885 2.0884e-16
4887.5 2.103e-16
4890 2.0874e-16
4892.5 2.0777e-16
4895 2.0248e-16
4897.5 2.0546e-16
4900 2.0448e-16
4902.5 2.0139e-16
4905 1.9959e-16
4907.5 2.0043e-16
4910 2.0083e-16
4912.5 1.9975e-16
4915 1.9654e-16
4917.5 1.9641e-16
4920 1.9656e-16
4922.5 1.9936e-16
4925 2.0462e-16
4927.5 2.0452e-16
4930 2.0313e-16
4932.5 1.9867e-16
4935 1.9423e-16
4937.5 1.8518e-16
4940 1.8874e-16
4942.5 1.8848e-16
4945 1.9079e-16
4947.5 1.8961e-16
4950 1.9075e-16
4952.5 1.9414e-16
4955 1.9901e-16
4957.5 2.0001e-16
4960 2.0059e-16
4962.5 2.0186e-16
4965 1.97e-16
4967.5 1.9253e-16
4970 1.9092e-16
4972.5 1.9158e-16
4975 1.8979e-16
4977.5 1.9122e-16
4980 1.9701e-16
4982.5 2.0122e-16
4985 1.9932e-16
4987.5 2.0003e-16
4990 1.9645e-16
4992.5 1.9174e-16
4995 1.9156e-16
4997.5 1.9237e-16
5000 1.9424e-16
5002.5 1.9538e-16
5005 1.9298e-16
5007.5 1.8966e-16
5010 1.8829e-16
5012.5 1.8927e-16
5015 1.8966e-16
5017.5 1.9254e-16
5020 1.9512e-16
5022.5 1.9693e-16
5025 1.974e-16
5027.5 1.9909e-16
5030 2.0161e-16
5032.5 2.0008e-16
5035 2.0315e-16
5037.5 1.9902e-16
5040 1.9954e-16
5042.5 1.9669e-16
5045 1.9476e-16
5047.5 1.8992e-16
5050 1.9462e-16
5052.5 1.9305e-16
5055 1.9072e-16
5057.5 1.9226e-16
5060 1.9266e-16
5062.5 1.9008e-16
5065 1.874e-16
5067.5 1.8385e-16
5070 1.7618e-16
5072.5 1.7658e-16
5075 1.7802e-16
5077.5 1.7769e-16
5080 1.8385e-16
5082.5 1.9485e-16
5085 1.956e-16
5087.5 1.931e-16
5090 1.9748e-16
5092.5 1.9467e-16
5095 1.8994e-16
5097.5 1.8512e-16
5100 1.8766e-16
5102.5 1.897e-16
5105 1.9442e-16
5107.5 1.9551e-16
5110 2.0288e-16
5112.5 2.0275e-16
5115 2.0047e-16
5117.5 2.0304e-16
5120 2.0501e-16
5122.5 2.052e-16
5125 2.0354e-16
5127.5 2.0009e-16
5130 1.9002e-16
5132.5 1.8839e-16
5135 1.8426e-16
5137.5 1.897e-16
5140 1.9901e-16
5142.5 2.0606e-16
5145 2.0995e-16
5147.5 2.0962e-16
5150 2.0068e-16
5152.5 1.9904e-16
5155 1.9981e-16
5157.5 1.9395e-16
5160 1.942e-16
5162.5 1.9586e-16
5165 1.8892e-16
5167.5 1.8441e-16
5170 1.8521e-16
5172.5 1.8336e-16
5175 1.8208e-16
5177.5 1.8398e-16
5180 1.8488e-16
5182.5 1.8304e-16
5185 1.8693e-16
5187.5 1.889e-16
5190 1.8698e-16
5192.5 1.8632e-16
5195 1.844e-16
5197.5 1.7765e-16
5200 1.7665e-16
5202.5 1.7421e-16
5205 1.7043e-16
5207.5 1.6996e-16
5210 1.7429e-16
5212.5 1.7267e-16
5215 1.7272e-16
5217.5 1.7522e-16
5220 1.8068e-16
5222.5 1.8291e-16
5225 1.8476e-16
5227.5 1.8403e-16
5230 1.7994e-16
5232.5 1.7739e-16
5235 1.7212e-16
5237.5 1.7162e-16
5240 1.7545e-16
5242.5 1.7759e-16
5245 1.8239e-16
5247.5 1.9007e-16
5250 1.9166e-16
5252.5 1.8999e-16
5255 1.9185e-16
5257.5 1.8873e-16
5260 1.8813e-16
5262.5 1.8514e-16
5265 1.8343e-16
5267.5 1.8375e-16
5270 1.8295e-16
5272.5 1.8044e-16
5275 1.8267e-16
5277.5 1.8383e-16
5280 1.812e-16
5282.5 1.8266e-16
5285 1.7683e-16
5287.5 1.7647e-16
5290 1.7472e-16
5292.5 1.7627e-16
5295 1.7302e-16
5297.5 1.707e-16
5300 1.6865e-16
5302.5 1.6907e-16
5305 1.6668e-16
5307.5 1.6504e-16
5310 1.6687e-16
5312.5 1.6232e-16
5315 1.6312e-16
5317.5 1.6509e-16
5320 1.6181e-16
5322.5 1.6184e-16
5325 1.6616e-16
5327.5 1.6569e-16
5330 1.6296e-16
5332.5 1.6949e-16
5335 1.7234e-16
5337.5 1.7201e-16
5340 1.7226e-16
5342.5 1.7067e-16
5345 1.6584e-16
5347.5 1.6118e-16
5350 1.6006e-16
5352.5 1.5701e-16
5355 1.5756e-16
5357.5 1.5211e-16
5360 1.549e-16
5362.5 1.5862e-16
5365 1.5259e-16
5367.5 1.5202e-16
5370 1.5861e-16
5372.5 1.5719e-16
5375 1.5392e-16
5377.5 1.5631e-16
5380 1.5916e-16
5382.5 1.5691e-16
5385 1.5509e-16
5387.5 1.528e-16
5390 1.5215e-16
5392.5 1.4412e-16
5395 1.382e-16
5397.5 1.3566e-16
5400 1.3874e-16
5402.5 1.3233e-16
5405 1.3168e-16
5407.5 1.3329e-16
5410 1.3651e-16
5412.5 1.2985e-16
5415 1.3277e-16
5417.5 1.3639e-16
5420 1.4058e-16
5422.5 1.3791e-16
5425 1.3957e-16
5427.5 1.4353e-16
5430 1.4326e-16
5432.5 1.4753e-16
5435 1.5075e-16
5437.5 1.5433e-16
5440 1.5515e-16
5442.5 1.6047e-16
5445 1.5959e-16
5447.5 1.5425e-16
5450 1.5098e-16
5452.5 1.5157e-16
5455 1.4682e-16
5457.5 1.4438e-16
5460 1.5139e-16
5462.5 1.4806e-16
5465 1.5049e-16
5467.5 1.5151e-16
5470 1.4944e-16
5472.5 1.4609e-16
5475 1.5113e-16
5477.5 1.4849e-16
5480 1.5092e-16
5482.5 1.509e-16
5485 1.479e-16
5487.5 1.4621e-16
5490 1.4526e-16
5492.5 1.3898e-16
5495 1.3222e-16
5497.5 1.3286e-16
5500 1.3399e-16
5502.5 1.3805e-16
5505 1.421e-16
5507.5 1.4921e-16
5510 1.5253e-16
5512.5 1.5276e-16
5515 1.5303e-16
5517.5 1.5589e-16
5520 1.5595e-16
5522.5 1.5733e-16
5525 1.5693e-16
5527.5 1.5225e-16
5530 1.5444e-16
5532.5 1.5346e-16
5535 1.522e-16
5537.5 1.5564e-16
5540 1.6044e-16
5542.5 1.5688e-16
5545 1.5981e-16
5547.5 1.6307e-16
5550 1.5905e-16
5552.5 1.5652e-16
5555 1.5679e-16
5557.5 1.5503e-16
5560 1.4987e-16
5562.5 1.5074e-16
5565 1.4654e-16
5567.5 1.5675e-16
5570 1.6496e-16
5572.5 1.6052e-16
5575 1.4773e-16
5577.5 1.4775e-16
5580 1.3401e-16
5582.5 1.2068e-16
5585 1.2484e-16
5587.5 1.3815e-16
5590 1.4134e-16
5592.5 1.4651e-16
5595 1.5532e-16
5597.5 1.5612e-16
5600 1.5554e-16
5602.5 1.5741e-16
5605 1.5433e-16
5607.5 1.5068e-16
5610 1.5344e-16
5612.5 1.5149e-16
5615 1.5012e-16
5617.5 1.4883e-16
5620 1.5198e-16
5622.5 1.5181e-16
5625 1.5582e-16
5627.5 1.5967e-16
5630 1.6148e-16
5632.5 1.5633e-16
5635 1.5493e-16
5637.5 1.5294e-16
5640 1.4683e-16
5642.5 1.4368e-16
5645 1.4294e-16
5647.5 1.431e-16
5650 1.4251e-16
5652.5 1.4915e-16
5655 1.5075e-16
5657.5 1.5468e-16
5660 1.5568e-16
5662.5 1.566e-16
5665 1.5192e-16
5667.5 1.4918e-16
5670 1.4792e-16
5672.5 1.4679e-16
5675 1.445e-16
5677.5 1.4588e-16
5680 1.5244e-16
5682.5 1.5109e-16
5685 1.5067e-16
5687.5 1.5085e-16
5690 1.497e-16
5692.5 1.4686e-16
5695 1.4631e-16
5697.5 1.4504e-16
5700 1.4895e-16
5702.5 1.5076e-16
5705 1.491e-16
5707.5 1.4978e-16
5710 1.4915e-16
5712.5 1.4647e-16
5715 1.4528e-16
5717.5 1.4511e-16
5720 1.4571e-16
5722.5 1.4762e-16
5725 1.4884e-16
5727.5 1.4991e-16
5730 1.5118e-16
5732.5 1.5154e-16
5735 1.5147e-16
5737.5 1.5138e-16
5740 1.4947e-16
5742.5 1.4963e-16
5745 1.457e-16
5747.5 1.4728e-16
5750 1.4569e-16
5752.5 1.4604e-16
5755 1.4614e-16
5757.5 1.5398e-16
5760 1.5514e-16
5762.5 1.5621e-16
5765 1.571e-16
5767.5 1.586e-16
5770 1.5426e-16
5772.5 1.5171e-16
5775 1.5229e-16
5777.5 1.4893e-16
5780 1.458e-16
5782.5 1.4897e-16
5785 1.517e-16
5787.5 1.4908e-16
5790 1.5151e-16
5792.5 1.5297e-16
5795 1.4978e-16
5797.5 1.4448e-16
5800 1.4511e-16
5802.5 1.4402e-16
5805 1.4099e-16
5807.5 1.4305e-16
5810 1.4565e-16
5812.5 1.4403e-16
5815 1.4497e-16
5817.5 1.4794e-16
5820 1.4498e-16
5822.5 1.4477e-16
5825 1.4909e-16
5827.5 1.5076e-16
5830 1.4923e-16
5832.5 1.462e-16
5835 1.4691e-16
5837.5 1.4336e-16
5840 1.4038e-16
5842.5 1.4138e-16
5845 1.4858e-16
5847.5 1.4859e-16
5850 1.4889e-16
5852.5 1.5057e-16
5855 1.5144e-16
5857.5 1.4772e-16
5860 1.4811e-16
5862.5 1.4878e-16
5865 1.4818e-16
5867.5 1.4811e-16
5870 1.5045e-16
5872.5 1.475e-16
5875 1.4643e-16
5877.5 1.4767e-16
5880 1.5016e-16
5882.5 1.4904e-16
5885 1.5169e-16
5887.5 1.4998e-16
5890 1.4347e-16
5892.5 1.3633e-16
5895 1.3534e-16
5897.5 1.3228e-16
5900 1.3168e-16
5902.5 1.3517e-16
5905 1.3809e-16
5907.5 1.3866e-16
5910 1.383e-16
5912.5 1.4108e-16
5915 1.4338e-16
5917.5 1.4486e-16
5920 1.4604e-16
5922.5 1.5214e-16
5925 1.5346e-16
5927.5 1.5086e-16
5930 1.5241e-16
5932.5 1.5152e-16
5935 1.503e-16
5937.5 1.486e-16
5940 1.5231e-16
5942.5 1.5167e-16
5945 1.5142e-16
5947.5 1.4844e-16
5950 1.4801e-16
5952.5 1.4585e-16
5955 1.4242e-16
5957.5 1.3983e-16
5960 1.3845e-16
5962.5 1.3962e-16
5965 1.3803e-16
5967.5 1.3892e-16
5970 1.4503e-16
5972.5 1.4986e-16
5975 1.5023e-16
5977.5 1.5315e-16
5980 1.5333e-16
5982.5 1.4885e-16
5985 1.4829e-16
5987.5 1.4978e-16
5990 1.5081e-16
5992.5 1.5367e-16
5995 1.5384e-16
5997.5 1.5022e-16
6000 1.5005e-16
6002.5 1.4886e-16
6005 1.4757e-16
6007.5 1.4834e-16
6010 1.5117e-16
6012.5 1.505e-16
6015 1.5027e-16
6017.5 1.5288e-16
6020 1.5344e-16
6022.5 1.5362e-16
6025 1.5066e-16
6027.5 1.5008e-16
6030 1.4707e-16
6032.5 1.4432e-16
6035 1.4378e-16
6037.5 1.4829e-16
6040 1.4842e-16
6042.5 1.5033e-16
6045 1.5383e-16
6047.5 1.5551e-16
6050 1.5305e-16
6052.5 1.5507e-16
6055 1.5385e-16
6057.5 1.5393e-16
6060 1.5263e-16
6062.5 1.5114e-16
6065 1.4718e-16
6067.5 1.4596e-16
6070 1.4607e-16
6072.5 1.4496e-16
6075 1.4628e-16
6077.5 1.4833e-16
6080 1.4982e-16
6082.5 1.475e-16
6085 1.4941e-16
6087.5 1.5269e-16
6090 1.5565e-16
6092.5 1.5642e-16
6095 1.5683e-16
6097.5 1.5427e-16
6100 1.4972e-16
6102.5 1.4572e-16
6105 1.4265e-16
6107.5 1.4257e-16
6110 1.4184e-16
6112.5 1.4348e-16
6115 1.4477e-16
6117.5 1.461e-16
6120 1.4762e-16
6122.5 1.477e-16
6125 1.4749e-16
6127.5 1.4981e-16
6130 1.5073e-16
6132.5 1.5148e-16
6135 1.5362e-16
6137.5 1.5324e-16
6140 1.4981e-16
6142.5 1.486e-16
6145 1.4454e-16
6147.5 1.4111e-16
6150 1.394e-16
6152.5 1.3941e-16
6155 1.4004e-16
6157.5 1.3898e-16
6160 1.4211e-16
6162.5 1.4677e-16
6165 1.4982e-16
6167.5 1.5001e-16
6170 1.4996e-16
6172.5 1.4971e-16
6175 1.4772e-16
6177.5 1.4521e-16
6180 1.435e-16
6182.5 1.4767e-16
6185 1.4799e-16
6187.5 1.4909e-16
6190 1.5047e-16
6192.5 1.5247e-16
6195 1.5359e-16
6197.5 1.5518e-16
6200 1.541e-16
6202.5 1.5363e-16
6205 1.5205e-16
6207.5 1.4862e-16
6210 1.4406e-16
6212.5 1.4595e-16
6215 1.4455e-16
6217.5 1.4525e-16
6220 1.4815e-16
6222.5 1.4982e-16
6225 1.4732e-16
6227.5 1.4841e-16
6230 1.4924e-16
6232.5 1.4735e-16
6235 1.4751e-16
6237.5 1.4727e-16
6240 1.4846e-16
6242.5 1.4731e-16
6245 1.477e-16
6247.5 1.4872e-16
6250 1.4874e-16
6252.5 1.4798e-16
6255 1.4789e-16
6257.5 1.4721e-16
6260 1.4402e-16
6262.5 1.4173e-16
6265 1.3831e-16
6267.5 1.3811e-16
6270 1.3638e-16
6272.5 1.3762e-16
6275 1.3887e-16
6277.5 1.3965e-16
6280 1.41e-16
6282.5 1.4259e-16
6285 1.4262e-16
6287.5 1.4686e-16
6290 1.5618e-16
6292.5 1.6584e-16
6295 1.7043e-16
6297.5 1.6641e-16
6300 1.5841e-16
6302.5 1.4724e-16
6305 1.3669e-16
6307.5 1.3222e-16
6310 1.3698e-16
6312.5 1.3946e-16
6315 1.4236e-16
6317.5 1.42e-16
6320 1.4157e-16
6322.5 1.4074e-16
6325 1.4177e-16
6327.5 1.4261e-16
6330 1.4236e-16
6332.5 1.4304e-16
6335 1.4426e-16
6337.5 1.4424e-16
6340 1.4275e-16
6342.5 1.4413e-16
6345 1.4536e-16
6347.5 1.4593e-16
6350 1.4636e-16
6352.5 1.4909e-16
6355 1.5132e-16
6357.5 1.501e-16
6360 1.4314e-16
6362.5 1.4176e-16
6365 1.3979e-16
6367.5 1.3514e-16
6370 1.3385e-16
6372.5 1.3832e-16
6375 1.3984e-16
6377.5 1.3893e-16
6380 1.3963e-16
6382.5 1.3937e-16
6385 1.413e-16
6387.5 1.415e-16
6390 1.426e-16
6392.5 1.4423e-16
6395 1.4414e-16
6397.5 1.4351e-16
6400 1.4317e-16
6402.5 1.42e-16
6405 1.3982e-16
6407.5 1.4278e-16
6410 1.4136e-16
6412.5 1.433e-16
6415 1.434e-16
6417.5 1.4262e-16
6420 1.4009e-16
6422.5 1.3989e-16
6425 1.3545e-16
6427.5 1.3593e-16
6430 1.3343e-16
6432.5 1.3087e-16
6435 1.3059e-16
6437.5 1.3568e-16
6440 1.3396e-16
6442.5 1.3822e-16
6445 1.4117e-16
6447.5 1.4243e-16
6450 1.3885e-16
6452.5 1.3992e-16
6455 1.4098e-16
6457.5 1.4129e-16
6460 1.392e-16
6462.5 1.4052e-16
6465 1.421e-16
6467.5 1.4068e-16
6470 1.3994e-16
6472.5 1.4336e-16
6475 1.4159e-16
6477.5 1.4052e-16
6480 1.3819e-16
6482.5 1.3567e-16
6485 1.3093e-16
6487.5 1.3139e-16
6490 1.3248e-16
6492.5 1.3618e-16
6495 1.386e-16
6497.5 1.3907e-16
6500 1.3743e-16
6502.5 1.363e-16
6505 1.3489e-16
6507.5 1.3398e-16
6510 1.3488e-16
6512.5 1.3756e-16
6515 1.3822e-16
6517.5 1.3899e-16
6520 1.3841e-16
6522.5 1.3832e-16
6525 1.3832e-16
6527.5 1.358e-16
6530 1.3543e-16
6532.5 1.3678e-16
6535 1.364e-16
6537.5 1.3807e-16
6540 1.4041e-16
6542.5 1.3884e-16
6545 1.4005e-16
6547.5 1.4199e-16
6550 1.4222e-16
6552.5 1.4206e-16
6555 1.4387e-16
6557.5 1.4397e-16
6560 1.424e-16
6562.5 1.3993e-16
6565 1.4028e-16
6567.5 1.3963e-16
6570 1.3844e-16
6572.5 1.3733e-16
6575 1.3723e-16
6577.5 1.3722e-16
6580 1.3919e-16
6582.5 1.4224e-16
6585 1.4443e-16
6587.5 1.4651e-16
6590 1.4544e-16
6592.5 1.4369e-16
6595 1.4166e-16
6597.5 1.4279e-16
6600 1.4179e-16
6602.5 1.4156e-16
6605 1.4076e-16
6607.5 1.4003e-16
6610 1.3947e-16
6612.5 1.3962e-16
6615 1.4185e-16
6617.5 1.4176e-16
6620 1.4051e-16
6622.5 1.4042e-16
6625 1.4067e-16
6627.5 1.3942e-16
6630 1.4112e-16
6632.5 1.4104e-16
6635 1.418e-16
6637.5 1.4119e-16
6640 1.4115e-16
6642.5 1.3971e-16
6645 1.41e-16
6647.5 1.4149e-16
6650 1.4217e-16
6652.5 1.4278e-16
6655 1.4232e-16
6657.5 1.4359e-16
6660 1.4282e-16
6662.5 1.4254e-16
6665 1.4132e-16
6667.5 1.4112e-16
6670 1.397e-16
6672.5 1.3851e-16
6675 1.3597e-16
6677.5 1.3722e-16
6680 1.3623e-16
6682.5 1.3527e-16
6685 1.3615e-16
6687.5 1.3747e-16
6690 1.3682e-16
6692.5 1.3791e-16
6695 1.366e-16
6697.5 1.3561e-16
6700 1.3538e-16
6702.5 1.3368e-16
6705 1.3347e-16
6707.5 1.3483e-16
6710 1.351e-16
6712.5 1.3394e-16
6715 1.3535e-16
6717.5 1.3753e-16
6720 1.3932e-16
6722.5 1.4093e-16
6725 1.4294e-16
6727.5 1.4149e-16
6730 1.4087e-16
6732.5 1.409e-16
6735 1.4061e-16
6737.5 1.4117e-16
6740 1.4407e-16
6742.5 1.4509e-16
6745 1.4552e-16
6747.5 1.4941e-16
6750 1.5182e-16
6752.5 1.5116e-16
6755 1.539e-16
6757.5 1.5452e-16
6760 1.5063e-16
6762.5 1.4814e-16
6765 1.4961e-16
6767.5 1.4717e-16
6770 1.4655e-16
6772.5 1.4699e-16
6775 1.4693e-16
6777.5 1.4666e-16
6780 1.4654e-16
6782.5 1.4721e-16
6785 1.494e-16
6787.5 1.505e-16
6790 1.4936e-16
6792.5 1.4923e-16
6795 1.4928e-16
6797.5 1.4822e-16
6800 1.5028e-16
6802.5 1.5302e-16
6805 1.5566e-16
6807.5 1.5866e-16
6810 1.6126e-16
6812.5 1.6291e-16
6815 1.6379e-16
6817.5 1.6311e-16
6820 1.6369e-16
6822.5 1.6423e-16
6825 1.6309e-16
6827.5 1.6227e-16
6830 1.6353e-16
6832.5 1.6053e-16
6835 1.5967e-16
6837.5 1.5747e-16
6840 1.5439e-16
6842.5 1.5053e-16
6845 1.491e-16
6847.5 1.4569e-16
6850 1.4802e-16
6852.5 1.5381e-16
6855 1.5862e-16
6857.5 1.6513e-16
6860 1.6846e-16
6862.5 1.7038e-16
6865 1.6818e-16
6867.5 1.6541e-16
6870 1.6347e-16
6872.5 1.6674e-16
6875 1.6369e-16
6877.5 1.6416e-16
6880 1.6537e-16
6882.5 1.639e-16
6885 1.598e-16
6887.5 1.6165e-16
6890 1.6224e-16
6892.5 1.6202e-16
6895 1.6271e-16
6897.5 1.6127e-16
6900 1.593e-16
6902.5 1.5897e-16
6905 1.5801e-16
6907.5 1.5626e-16
6910 1.5783e-16
6912.5 1.5942e-16
6915 1.5998e-16
6917.5 1.5879e-16
6920 1.5813e-16
6922.5 1.5699e-16
6925 1.5447e-16
6927.5 1.5155e-16
6930 1.5364e-16
6932.5 1.5508e-16
6935 1.5537e-16
6937.5 1.5544e-16
6940 1.56e-16
6942.5 1.553e-16
6945 1.5393e-16
6947.5 1.5307e-16
6950 1.5321e-16
6952.5 1.5469e-16
6955 1.5452e-16
6957.5 1.5404e-16
6960 1.5559e-16
6962.5 1.548e-16
6965 1.5367e-16
6967.5 1.5315e-16
6970 1.5258e-16
6972.5 1.5127e-16
6975 1.5081e-16
6977.5 1.4644e-16
6980 1.4431e-16
6982.5 1.4254e-16
6985 1.4164e-16
6987.5 1.4145e-16
6990 1.4226e-16
6992.5 1.4046e-16
6995 1.4085e-16
6997.5 1.4016e-16
7000 1.4091e-16
7002.5 1.4166e-16
7005 1.4262e-16
7007.5 1.4032e-16
7010 1.3764e-16
7012.5 1.3656e-16
7015 1.3565e-16
7017.5 1.3539e-16
7020 1.3717e-16
7022.5 1.3957e-16
7025 1.3889e-16
7027.5 1.401e-16
7030 1.3931e-16
7032.5 1.3981e-16
7035 1.3869e-16
7037.5 1.3734e-16
7040 1.3444e-16
7042.5 1.337e-16
7045 1.3302e-16
7047.5 1.3149e-16
7050 1.3075e-16
7052.5 1.3108e-16
7055 1.3037e-16
7057.5 1.3092e-16
7060 1.3116e-16
7062.5 1.3165e-16
7065 1.3278e-16
7067.5 1.3258e-16
7070 1.326e-16
7072.5 1.3674e-16
7075 1.3736e-16
7077.5 1.3635e-16
7080 1.3796e-16
7082.5 1.3587e-16
7085 1.3302e-16
7087.5 1.3404e-16
7090 1.3606e-16
7092.5 1.3756e-16
7095 1.3848e-16
7097.5 1.3672e-16
7100 1.3631e-16
7102.5 1.3371e-16
7105 1.3114e-16
7107.5 1.31e-16
7110 1.3288e-16
7112.5 1.316e-16
7115 1.3424e-16
7117.5 1.3524e-16
7120 1.3412e-16
7122.5 1.3162e-16
7125 1.3255e-16
7127.5 1.3169e-16
7130 1.2969e-16
7132.5 1.2958e-16
7135 1.3178e-16
7137.5 1.3155e-16
7140 1.3058e-16
7142.5 1.3266e-16
7145 1.3314e-16
7147.5 1.3288e-16
7150 1.3259e-16
7152.5 1.3301e-16
7155 1.3223e-16
7157.5 1.3365e-16
7160 1.3469e-16
7162.5 1.3413e-16
7165 1.3365e-16
7167.5 1.3501e-16
7170 1.3621e-16
7172.5 1.323e-16
7175 1.3128e-16
7177.5 1.3234e-16
7180 1.3219e-16
7182.5 1.3057e-16
7185 1.3474e-16
7187.5 1.374e-16
7190 1.384e-16
7192.5 1.3874e-16
7195 1.3729e-16
7197.5 1.3558e-16
7200 1.3656e-16
7202.5 1.3526e-16
7205 1.3433e-16
7207.5 1.3542e-16
7210 1.3624e-16
7212.5 1.3421e-16
7215 1.3203e-16
7217.5 1.311e-16
7220 1.3062e-16
7222.5 1.2865e-16
7225 1.2682e-16
7227.5 1.2725e-16
7230 1.2807e-16
7232.5 1.3059e-16
7235 1.3324e-16
7237.5 1.3307e-16
7240 1.2975e-16
7242.5 1.2438e-16
7245 1.2089e-16
7247.5 1.1967e-16
7250 1.1971e-16
7252.5 1.2277e-16
7255 1.2732e-16
7257.5 1.2744e-16
7260 1.2748e-16
7262.5 1.2903e-16
7265 1.306e-16
7267.5 1.3442e-16
7270 1.3573e-16
7272.5 1.3407e-16
7275 1.2835e-16
7277.5 1.2543e-16
7280 1.1912e-16
7282.5 1.1729e-16
7285 1.1851e-16
7287.5 1.2472e-16
7290 1.2598e-16
7292.5 1.2662e-16
7295 1.2973e-16
7297.5 1.2936e-16
7300 1.2692e-16
7302.5 1.2685e-16
7305 1.2802e-16
7307.5 1.2715e-16
7310 1.2694e-16
7312.5 1.2548e-16
7315 1.2377e-16
7317.5 1.2448e-16
7320 1.2227e-16
7322.5 1.2227e-16
7325 1.2519e-16
7327.5 1.2554e-16
7330 1.2535e-16
7332.5 1.2887e-16
7335 1.2918e-16
7337.5 1.2687e-16
7340 1.2779e-16
7342.5 1.2753e-16
7345 1.2488e-16
7347.5 1.2416e-16
7350 1.2698e-16
7352.5 1.2707e-16
7355 1.2684e-16
7357.5 1.2444e-16
7360 1.2717e-16
7362.5 1.277e-16
7365 1.2739e-16
7367.5 1.257e-16
7370 1.2669e-16
7372.5 1.2348e-16
7375 1.2138e-16
7377.5 1.2257e-16
7380 1.2381e-16
7382.5 1.2365e-16
7385 1.2426e-16
7387.5 1.2525e-16
7390 1.2463e-16
7392.5 1.2536e-16
7395 1.2583e-16
7397.5 1.2542e-16
7400 1.2175e-16
7402.5 1.2105e-16
7405 1.1963e-16
7407.5 1.1918e-16
7410 1.181e-16
7412.5 1.2e-16
7415 1.1862e-16
7417.5 1.1852e-16
7420 1.1909e-16
7422.5 1.187e-16
7425 1.1922e-16
7427.5 1.2089e-16
7430 1.2202e-16
7432.5 1.1968e-16
7435 1.1854e-16
7437.5 1.1677e-16
7440 1.166e-16
7442.5 1.1692e-16
7445 1.1911e-16
7447.5 1.1874e-16
7450 1.1847e-16
7452.5 1.1822e-16
7455 1.1766e-16
7457.5 1.1613e-16
7460 1.1891e-16
7462.5 1.2147e-16
7465 1.2175e-16
7467.5 1.216e-16
7470 1.2387e-16
7472.5 1.2179e-16
7475 1.2076e-16
7477.5 1.1962e-16
7480 1.1647e-16
7482.5 1.1458e-16
7485 1.1689e-16
7487.5 1.1726e-16
7490 1.1878e-16
7492.5 1.2094e-16
7495 1.2111e-16
7497.5 1.2034e-16
7500 1.2072e-16
7502.5 1.1809e-16
7505 1.1631e-16
7507.5 1.1563e-16
7510 1.1482e-16
7512.5 1.1379e-16
7515 1.165e-16
7517.5 1.1931e-16
7520 1.2199e-16
7522.5 1.1939e-16
7525 1.1851e-16
7527.5 1.1471e-16
7530 1.1232e-16
7532.5 1.0815e-16
7535 1.1161e-16
7537.5 1.1127e-16
7540 1.1377e-16
7542.5 1.1539e-16
7545 1.1696e-16
7547.5 1.1617e-16
7550 1.1745e-16
7552.5 1.1767e-16
7555 1.1725e-16
7557.5 1.1639e-16
7560 1.1632e-16
7562.5 1.1498e-16
7565 1.1593e-16
7567.5 1.1635e-16
7570 1.1703e-16
7572.5 1.175e-16
7575 1.1909e-16
7577.5 1.1742e-16
7580 1.1856e-16
7582.5 1.2021e-16
7585 1.1906e-16
7587.5 1.1615e-16
7590 1.195e-16
7592.5 1.2483e-16
7595 1.2457e-16
7597.5 1.2127e-16
7600 1.2584e-16
7602.5 1.2895e-16
7605 1.2773e-16
7607.5 1.2941e-16
7610 1.3582e-16
7612.5 1.3535e-16
7615 1.3191e-16
7617.5 1.2757e-16
7620 1.2558e-16
7622.5 1.2463e-16
7625 1.2347e-16
7627.5 1.2018e-16
7630 1.2204e-16
7632.5 1.2373e-16
7635 1.2671e-16
7637.5 1.278e-16
7640 1.3187e-16
7642.5 1.2867e-16
7645 1.2727e-16
7647.5 1.2334e-16
7650 1.2107e-16
7652.5 1.1831e-16
7655 1.2108e-16
7657.5 1.1997e-16
7660 1.213e-16
7662.5 1.2284e-16
7665 1.2199e-16
7667.5 1.2037e-16
7670 1.2156e-16
7672.5 1.2038e-16
7675 1.1896e-16
7677.5 1.1865e-16
7680 1.1614e-16
7682.5 1.1667e-16
7685 1.1731e-16
7687.5 1.1887e-16
7690 1.2047e-16
7692.5 1.2378e-16
7695 1.2224e-16
7697.5 1.215e-16
7700 1.2285e-16
7702.5 1.2243e-16
7705 1.2427e-16
7707.5 1.297e-16
7710 1.2778e-16
7712.5 1.2409e-16
7715 1.2342e-16
7717.5 1.2359e-16
7720 1.195e-16
7722.5 1.2071e-16
7725 1.2368e-16
7727.5 1.2456e-16
7730 1.2329e-16
7732.5 1.227e-16
7735 1.2348e-16
7737.5 1.2101e-16
7740 1.2333e-16
7742.5 1.2779e-16
7745 1.2875e-16
7747.5 1.2624e-16
7750 1.2654e-16
7752.5 1.2588e-16
7755 1.207e-16
7757.5 1.192e-16
7760 1.2221e-16
7762.5 1.2399e-16
7765 1.2408e-16
7767.5 1.2373e-16
7770 1.2432e-16
7772.5 1.2608e-16
7775 1.2578e-16
7777.5 1.2354e-16
7780 1.2216e-16
7782.5 1.2198e-16
7785 1.2221e-16
7787.5 1.2496e-16
7790 1.2462e-16
7792.5 1.2247e-16
7795 1.232e-16
7797.5 1.2052e-16
7800 1.1666e-16
7802.5 1.1743e-16
7805 1.181e-16
7807.5 1.1517e-16
7810 1.179e-16
7812.5 1.2179e-16
7815 1.2345e-16
7817.5 1.2216e-16
7820 1.2239e-16
7822.5 1.2068e-16
7825 1.1635e-16
7827.5 1.1414e-16
7830 1.1696e-16
7832.5 1.2083e-16
7835 1.1955e-16
7837.5 1.2167e-16
7840 1.2058e-16
7842.5 1.2326e-16
7845 1.2755e-16
7847.5 1.3412e-16
7850 1.3103e-16
7852.5 1.3308e-16
7855 1.2874e-16
7857.5 1.2078e-16
7860 1.151e-16
7862.5 1.1831e-16
7865 1.1822e-16
7867.5 1.1756e-16
7870 1.1836e-16
7872.5 1.1965e-16
7875 1.1674e-16
7877.5 1.1557e-16
7880 1.206e-16
7882.5 1.2318e-16
7885 1.2209e-16
7887.5 1.2138e-16
7890 1.2095e-16
7892.5 1.1907e-16
7895 1.1822e-16
7897.5 1.1815e-16
7900 1.2017e-16
7902.5 1.223e-16
7905 1.2729e-16
7907.5 1.2616e-16
7910 1.2069e-16
7912.5 1.2165e-16
7915 1.2195e-16
7917.5 1.1399e-16
7920 1.1373e-16
7922.5 1.1886e-16
7925 1.1818e-16
7927.5 1.1459e-16
7930 1.1573e-16
7932.5 1.1477e-16
7935 1.1216e-16
7937.5 1.1355e-16
7940 1.1574e-16
7942.5 1.1765e-16
7945 1.1851e-16
7947.5 1.1815e-16
7950 1.1634e-16
7952.5 1.145e-16
7955 1.1394e-16
7957.5 1.142e-16
7960 1.1431e-16
7962.5 1.1116e-16
7965 1.1004e-16
7967.5 1.0952e-16
7970 1.0862e-16
7972.5 1.1149e-16
7975 1.1341e-16
7977.5 1.1247e-16
7980 1.1048e-16
7982.5 1.1122e-16
7985 1.1485e-16
7987.5 1.133e-16
7990 1.0862e-16
7992.5 1.0714e-16
7995 1.0533e-16
7997.5 1.0102e-16
8000 1.0151e-16
8002.5 1.0958e-16
8005 1.1595e-16
8007.5 1.1744e-16
8010 1.1674e-16
8012.5 1.1691e-16
8015 1.1516e-16
8017.5 1.1292e-16
8020 1.1229e-16
8022.5 1.1074e-16
8025 1.1133e-16
8027.5 1.1006e-16
8030 1.0958e-16
8032.5 1.0994e-16
8035 1.1122e-16
8037.5 1.1161e-16
8040 1.1385e-16
8042.5 1.1319e-16
8045 1.1352e-16
8047.5 1.1402e-16
8050 1.1349e-16
8052.5 1.1483e-16
8055 1.1838e-16
8057.5 1.1905e-16
8060 1.1856e-16
8062.5 1.1862e-16
8065 1.1713e-16
8067.5 1.1358e-16
8070 1.1278e-16
8072.5 1.1067e-16
8075 1.0874e-16
8077.5 1.0883e-16
8080 1.072e-16
8082.5 1.0593e-16
8085 1.0681e-16
8087.5 1.0989e-16
8090 1.1067e-16
8092.5 1.1223e-16
8095 1.1275e-16
8097.5 1.1429e-16
8100 1.1561e-16
8102.5 1.143e-16
8105 1.1368e-16
8107.5 1.1389e-16
8110 1.1405e-16
8112.5 1.1368e-16
8115 1.1451e-16
8117.5 1.1475e-16
8120 1.1738e-16
8122.5 1.1628e-16
8125 1.1397e-16
8127.5 1.1396e-16
8130 1.1565e-16
8132.5 1.1409e-16
8135 1.1534e-16
8137.5 1.1829e-16
8140 1.2014e-16
8142.5 1.1933e-16
8145 1.1924e-16
8147.5 1.1919e-16
8150 1.1873e-16
8152.5 1.1712e-16
8155 1.1621e-16
8157.5 1.1665e-16
8160 1.1414e-16
8162.5 1.1164e-16
8165 1.1053e-16
8167.5 1.0979e-16
8170 1.0792e-16
8172.5 1.1034e-16
8175 1.1225e-16
8177.5 1.1313e-16
8180 1.1343e-16
8182.5 1.1367e-16
8185 1.1263e-16
8187.5 1.1179e-16
8190 1.0889e-16
8192.5 1.0784e-16
8195 1.0657e-16
8197.5 1.0805e-16
8200 1.078e-16
8202.5 1.0927e-16
8205 1.1047e-16
8207.5 1.1078e-16
8210 1.0924e-16
8212.5 1.0906e-16
8215 1.0994e-16
8217.5 1.1097e-16
8220 1.1272e-16
8222.5 1.1405e-16
8225 1.1456e-16
8227.5 1.1466e-16
8230 1.1453e-16
8232.5 1.1389e-16
8235 1.1239e-16
8237.5 1.1303e-16
8240 1.1348e-16
8242.5 1.1223e-16
8245 1.111e-16
8247.5 1.1096e-16
8250 1.0927e-16
8252.5 1.0718e-16
8255 1.0726e-16
8257.5 1.0712e-16
8260 1.0789e-16
8262.5 1.0717e-16
8265 1.0825e-16
8267.5 1.0817e-16
8270 1.0885e-16
8272.5 1.1027e-16
8275 1.0977e-16
8277.5 1.0879e-16
8280 1.1092e-16
8282.5 1.1328e-16
8285 1.0891e-16
8287.5 1.0762e-16
8290 1.1183e-16
8292.5 1.1163e-16
8295 1.083e-16
8297.5 1.102e-16
8300 1.1403e-16
8302.5 1.1126e-16
8305 1.09e-16
8307.5 1.0879e-16
8310 1.0975e-16
8312.5 1.093e-16
8315 1.0809e-16
8317.5 1.0892e-16
8320 1.1026e-16
8322.5 1.1022e-16
8325 1.1186e-16
8327.5 1.1289e-16
8330 1.1169e-16
8332.5 1.1094e-16
8335 1.1556e-16
8337.5 1.2086e-16
8340 1.1446e-16
8342.5 1.0802e-16
8345 1.1236e-16
8347.5 1.0694e-16
8350 9.7791e-17
8352.5 1.0298e-16
8355 1.1167e-16
8357.5 1.0936e-16
8360 1.0878e-16
8362.5 1.0957e-16
8365 1.1022e-16
8367.5 1.0894e-16
8370 1.0775e-16
8372.5 1.1007e-16
8375 1.1217e-16
8377.5 1.1295e-16
8380 1.1012e-16
8382.5 1.1102e-16
8385 1.1138e-16
8387.5 1.1013e-16
8390 1.1473e-16
8392.5 1.2316e-16
8395 1.1965e-16
8397.5 1.1374e-16
8400 1.1354e-16
8402.5 1.0893e-16
8405 1.0408e-16
8407.5 1.1001e-16
8410 1.1596e-16
8412.5 1.1435e-16
8415 1.1401e-16
8417.5 1.1234e-16
8420 1.1211e-16
8422.5 1.2155e-16
8425 1.2414e-16
8427.5 1.186e-16
8430 1.1601e-16
8432.5 1.1333e-16
8435 1.0278e-16
8437.5 1.0191e-16
8440 1.0821e-16
8442.5 1.1168e-16
8445 1.1168e-16
8447.5 1.1046e-16
8450 1.0842e-16
8452.5 1.0781e-16
8455 1.1064e-16
8457.5 1.1648e-16
8460 1.1755e-16
8462.5 1.1542e-16
8465 1.1432e-16
8467.5 1.1262e-16
8470 1.0786e-16
8472.5 1.0748e-16
8475 1.1011e-16
8477.5 1.106e-16
8480 1.0868e-16
8482.5 1.0781e-16
8485 1.0988e-16
8487.5 1.143e-16
8490 1.1425e-16
8492.5 1.1343e-16
8495 1.1488e-16
8497.5 1.1693e-16
8500 1.1539e-16
8502.5 1.1425e-16
8505 1.1594e-16
8507.5 1.1411e-16
8510 1.1074e-16
8512.5 1.0983e-16
8515 1.0994e-16
8517.5 1.1084e-16
8520 1.1253e-16
8522.5 1.1214e-16
8525 1.1237e-16
8527.5 1.1329e-16
8530 1.1297e-16
8532.5 1.1295e-16
8535 1.1183e-16
8537.5 1.1081e-16
8540 1.1124e-16
8542.5 1.1073e-16
8545 1.0702e-16
8547.5 1.0532e-16
8550 1.0461e-16
8552.5 1.0426e-16
8555 1.0423e-16
8557.5 1.0644e-16
8560 1.0822e-16
8562.5 1.0783e-16
8565 1.0798e-16
8567.5 1.0752e-16
8570 1.0447e-16
8572.5 1.0614e-16
8575 1.0752e-16
8577.5 1.0841e-16
8580 1.082e-16
8582.5 1.1016e-16
8585 1.0841e-16
8587.5 1.0887e-16
8590 1.0757e-16
8592.5 1.0859e-16
8595 1.0923e-16
8597.5 1.0931e-16
8600 1.0751e-16
8602.5 1.0735e-16
8605 1.0602e-16
8607.5 1.0498e-16
8610 1.0626e-16
8612.5 1.0743e-16
8615 1.0835e-16
8617.5 1.1032e-16
8620 1.1105e-16
8622.5 1.1071e-16
8625 1.1103e-16
8627.5 1.1169e-16
8630 1.1078e-16
8632.5 1.1109e-16
8635 1.0887e-16
8637.5 1.0778e-16
8640 1.0651e-16
8642.5 1.0687e-16
8645 1.062e-16
8647.5 1.0635e-16
8650 1.0726e-16
8652.5 1.0871e-16
8655 1.0559e-16
8657.5 1.0396e-16
8660 1.0283e-16
8662.5 1.0062e-16
8665 9.6735e-17
8667.5 9.6775e-17
8670 9.8722e-17
8672.5 1.0074e-16
8675 1.0218e-16
8677.5 1.0337e-16
8680 1.0493e-16
8682.5 1.0456e-16
8685 1.0393e-16
8687.5 1.0211e-16
8690 1.0242e-16
8692.5 1.029e-16
8695 1.0255e-16
8697.5 1.0264e-16
8700 1.0442e-16
8702.5 1.0533e-16
8705 1.0446e-16
8707.5 1.0366e-16
8710 1.0436e-16
8712.5 1.0382e-16
8715 1.0494e-16
8717.5 1.0511e-16
8720 1.0526e-16
8722.5 1.0293e-16
8725 1.0175e-16
8727.5 9.9189e-17
8730 9.7911e-17
8732.5 9.9561e-17
8735 1.0144e-16
8737.5 1.0304e-16
8740 1.0274e-16
8742.5 1.0415e-16
8745 1.0205e-16
8747.5 1.029e-16
8750 1.0558e-16
8752.5 1.1385e-16
8755 1.1597e-16
8757.5 1.1736e-16
8760 1.2186e-16
8762.5 1.1951e-16
8765 1.0868e-16
8767.5 1.0895e-16
8770 1.1702e-16
8772.5 1.1566e-16
8775 1.125e-16
8777.5 1.1481e-16
8780 1.1348e-16
8782.5 1.08e-16
8785 1.0591e-16
8787.5 1.0729e-16
8790 1.0757e-16
8792.5 1.0533e-16
8795 1.0175e-16
8797.5 9.9325e-17
8800 1.0127e-16
8802.5 1.0285e-16
8805 1.0489e-16
8807.5 1.0548e-16
8810 1.064e-16
8812.5 1.0507e-16
8815 1.0373e-16
8817.5 1.1273e-16
8820 1.2779e-16
8822.5 1.2749e-16
8825 1.1911e-16
8827.5 1.2211e-16
8830 1.1532e-16
8832.5 9.5903e-17
8835 8.9926e-17
8837.5 9.8269e-17
8840 9.8605e-17
8842.5 9.7748e-17
8845 1.0297e-16
8847.5 1.0663e-16
8850 1.0663e-16
8852.5 1.0382e-16
8855 1.0307e-16
8857.5 1.0308e-16
8860 1.0635e-16
8862.5 1.0403e-16
8865 9.6906e-17
8867.5 9.2081e-17
8870 9.0747e-17
8872.5 8.9375e-17
8875 9.4028e-17
8877.5 1.1045e-16
8880 1.145e-16
8882.5 1.0806e-16
8885 1.0172e-16
8887.5 1.0031e-16
8890 9.1357e-17
8892.5 8.9572e-17
8895 1.0079e-16
8897.5 1.0868e-16
8900 1.0486e-16
8902.5 1.0322e-16
8905 9.9457e-17
8907.5 8.9342e-17
8910 8.8507e-17
8912.5 9.7344e-17
8915 9.5864e-17
8917.5 9.2031e-17
8920 9.5898e-17
8922.5 9.539e-17
8925 8.8466e-17
8927.5 9.1477e-17
8930 9.9965e-17
8932.5 1.022e-16
8935 1.0386e-16
8937.5 1.0499e-16
8940 1.0237e-16
8942.5 9.9922e-17
8945 9.8573e-17
8947.5 9.9401e-17
8950 1.0986e-16
8952.5 1.1282e-16
8955 1.0854e-16
8957.5 1.0652e-16
8960 1.0476e-16
8962.5 9.3374e-17
8965 9.3209e-17
8967.5 9.8863e-17
8970 1.0034e-16
8972.5 9.8544e-17
8975 1.0021e-16
8977.5 9.9879e-17
8980 1.0286e-16
8982.5 1.0488e-16
8985 1.0368e-16
8987.5 1.0215e-16
8990 1.0255e-16
8992.5 1.0333e-16
8995 1.0411e-16
8997.5 1.0235e-16
9000 1.006e-16
9002.5 9.9994e-17
9005 9.7762e-17
9007.5 9.4453e-17
9010 9.8354e-17
9012.5 1.0134e-16
9015 1.0126e-16
9017.5 9.9407e-17
9020 1.0246e-16
9022.5 1.0172e-16
9025 9.9538e-17
9027.5 1.0058e-16
9030 9.9926e-17
9032.5 9.6065e-17
9035 9.011e-17
9037.5 8.6458e-17
9040 8.3473e-17
9042.5 8.5585e-17
9045 8.5263e-17
9047.5 8.9476e-17
9050 9.276e-17
9052.5 9.3076e-17
9055 9.0878e-17
9057.5 9.3003e-17
9060 9.4995e-17
9062.5 9.5133e-17
9065 9.4407e-17
9067.5 9.3982e-17
9070 9.4777e-17
9072.5 9.5645e-17
9075 9.786e-17
9077.5 1.0042e-16
9080 1.0415e-16
9082.5 1.0493e-16
9085 1.0324e-16
9087.5 1.0152e-16
9090 1.0194e-16
9092.5 9.9983e-17
9095 9.9745e-17
9097.5 9.9583e-17
9100 9.9402e-17
9102.5 9.6411e-17
9105 9.472e-17
9107.5 9.308e-17
9110 9.4371e-17
9112.5 9.5141e-17
9115 9.6644e-17
9117.5 9.7551e-17
9120 9.6968e-17
9122.5 9.661e-17
9125 9.7164e-17
9127.5 9.6984e-17
9130 9.8668e-17
9132.5 1.0042e-16
9135 1.0031e-16
9137.5 1.0046e-16
9140 1.0197e-16
9142.5 1.0142e-16
9145 1.0013e-16
9147.5 1.0034e-16
9150 9.9993e-17
9152.5 9.888e-17
9155 9.8362e-17
9157.5 9.8667e-17
9160 9.8576e-17
9162.5 9.9378e-17
9165 9.9075e-17
9167.5 9.9085e-17
9170 9.9175e-17
9172.5 9.6859e-17
9175 9.622e-17
9177.5 9.7922e-17
9180 9.7256e-17
9182.5 9.532e-17
9185 9.6948e-17
9187.5 9.5059e-17
9190 9.369e-17
9192.5 9.533e-17
9195 9.6552e-17
9197.5 9.7643e-17
9200 1.0079e-16
9202.5 1.0117e-16
9205 1.0181e-16
9207.5 1.0334e-16
9210 1.0379e-16
9212.5 1.0285e-16
9215 1.0291e-16
9217.5 1.0142e-16
9220 1.0082e-16
9222.5 1.0001e-16
9225 9.9482e-17
9227.5 9.9907e-17
9230 1.0001e-16
9232.5 1.0141e-16
9235 1.0275e-16
9237.5 1.0452e-16
9240 1.0471e-16
9242.5 1.0545e-16
9245 1.0205e-16
9247.5 9.937e-17
9250 9.6335e-17
9252.5 9.3939e-17
9255 9.4302e-17
9257.5 9.6672e-17
9260 9.7272e-17
9262.5 9.8067e-17
9265 1.0006e-16
9267.5 9.8394e-17
9270 9.7187e-17
9272.5 9.6097e-17
9275 9.4821e-17
9277.5 9.4328e-17
9280 9.4615e-17
9282.5 9.5139e-17
9285 9.6014e-17
9287.5 9.9653e-17
9290 1.0066e-16
9292.5 1.01e-16
9295 1.0227e-16
9297.5 1.0724e-16
9300 1.1109e-16
9302.5 1.1061e-16
9305 1.1341e-16
9307.5 1.1934e-16
9310 1.1252e-16
9312.5 1.031e-16
9315 1.1594e-16
9317.5 1.2309e-16
9320 1.1356e-16
9322.5 1.0954e-16
9325 1.141e-16
9327.5 1.0143e-16
9330 9.6209e-17
9332.5 1.0034e-16
9335 1.036e-16
9337.5 1.0399e-16
9340 1.022e-16
9342.5 9.7469e-17
9345 9.6509e-17
9347.5 1.0011e-16
9350 9.8716e-17
9352.5 1.0072e-16
9355 9.8032e-17
9357.5 9.8643e-17
9360 9.9092e-17
9362.5 1.0147e-16
9365 1.1506e-16
9367.5 1.3721e-16
9370 1.4023e-16
9372.5 1.1987e-16
9375 1.0607e-16
9377.5 9.0736e-17
9380 6.9567e-17
9382.5 6.6482e-17
9385 8.7782e-17
9387.5 9.9025e-17
9390 1.0124e-16
9392.5 1.0461e-16
9395 1.0497e-16
9397.5 1.0076e-16
9400 9.7757e-17
9402.5 9.3885e-17
9405 9.1358e-17
9407.5 9.04e-17
9410 9.5066e-17
9412.5 1.0394e-16
9415 1.0604e-16
9417.5 1.0323e-16
9420 1.0211e-16
9422.5 1.0134e-16
9425 9.5264e-17
9427.5 9.5759e-17
9430 1.1156e-16
9432.5 1.2668e-16
9435 1.1975e-16
9437.5 1.073e-16
9440 1.0596e-16
9442.5 9.288e-17
9445 7.8106e-17
9447.5 8.6722e-17
9450 1.0632e-16
9452.5 1.1584e-16
9455 1.1313e-16
9457.5 1.0805e-16
9460 1.0629e-16
9462.5 1.0074e-16
9465 9.0825e-17
9467.5 1.0411e-16
9470 1.2315e-16
9472.5 1.2352e-16
9475 1.1515e-16
9477.5 1.1359e-16
9480 1.0201e-16
9482.5 8.8946e-17
9485 8.7621e-17
9487.5 9.6437e-17
9490 1.0127e-16
9492.5 1.0556e-16
9495 1.1522e-16
9497.5 1.1968e-16
9500 1.1389e-16
9502.5 1.1017e-16
9505 1.0695e-16
9507.5 9.5466e-17
9510 9.4688e-17
9512.5 1.0185e-16
9515 1.0266e-16
9517.5 9.8732e-17
9520 9.6144e-17
9522.5 9.2237e-17
9525 8.899e-17
9527.5 9.2263e-17
9530 9.9247e-17
9532.5 1.0251e-16
9535 1.0169e-16
9537.5 1.0235e-16
9540 1.009e-16
9542.5 9.9745e-17
9545 1.0338e-16
9547.5 1.0337e-16
9550 9.9235e-17
9552.5 9.5939e-17
9555 9.3766e-17
9557.5 9.4538e-17
9560 1.0115e-16
9562.5 1.0589e-16
9565 1.0475e-16
9567.5 1.0344e-16
9570 9.859e-17
9572.5 9.2839e-17
9575 9.4142e-17
9577.5 9.7209e-17
9580 9.624e-17
9582.5 9.8743e-17
9585 9.8389e-17
9587.5 9.5993e-17
9590 9.5469e-17
9592.5 9.8509e-17
9595 9.7208e-17
9597.5 9.874e-17
9600 1.0026e-16
9602.5 1.0172e-16
9605 1.0025e-16
9607.5 9.8978e-17
9610 9.6167e-17
9612.5 9.5136e-17
9615 9.7081e-17
9617.5 9.6426e-17
9620 9.7232e-17
9622.5 9.6935e-17
9625 9.4578e-17
9627.5 8.9527e-17
9630 9.0935e-17
9632.5 8.8372e-17
9635 8.7958e-17
9637.5 8.8622e-17
9640 8.9764e-17
9642.5 8.9688e-17
9645 9.2107e-17
9647.5 9.2657e-17
9650 9.2333e-17
9652.5 9.4095e-17
9655 9.3096e-17
9657.5 9.1965e-17
9660 9.616e-17
9662.5 1.0053e-16
9665 9.8314e-17
9667.5 9.8797e-17
9670 1.0039e-16
9672.5 1.0072e-16
9675 1.0028e-16
9677.5 9.8366e-17
9680 9.7364e-17
9682.5 9.5109e-17
9685 9.0825e-17
9687.5 8.7319e-17
9690 9.4766e-17
9692.5 9.8883e-17
9695 1.0052e-16
9697.5 9.7918e-17
9700 9.8108e-17
9702.5 9.4744e-17
9705 9.2492e-17
9707.5 9.1514e-17
9710 9.5424e-17
9712.5 1.0523e-16
9715 1.0538e-16
9717.5 1.0085e-16
9720 9.845e-17
9722.5 9.6913e-17
9725 8.8117e-17
9727.5 8.7796e-17
9730 9.6179e-17
9732.5 1.0134e-16
9735 1.0534e-16
9737.5 1.0598e-16
9740 1.0971e-16
9742.5 1.058e-16
9745 1.0464e-16
9747.5 1.0162e-16
9750 1.014e-16
9752.5 9.5612e-17
9755 9.4974e-17
9757.5 9.243e-17
9760 9.1506e-17
9762.5 8.8204e-17
9765 8.8399e-17
9767.5 8.7681e-17
9770 8.914e-17
9772.5 8.9233e-17
9775 9.1175e-17
9777.5 9.219e-17
9780 9.7942e-17
9782.5 1.1274e-16
9785 1.1912e-16
9787.5 1.1263e-16
9790 1.1079e-16
9792.5 1.0965e-16
9795 9.4328e-17
9797.5 8.3532e-17
9800 8.7027e-17
9802.5 8.9973e-17
9805 8.5556e-17
9807.5 8.7428e-17
9810 9.2144e-17
9812.5 9.45e-17
9815 9.3649e-17
9817.5 9.2892e-17
9820 9.0153e-17
9822.5 8.869e-17
9825 8.6058e-17
9827.5 8.4005e-17
9830 8.2816e-17
9832.5 8.2877e-17
9835 8.2696e-17
9837.5 8.4774e-17
9840 9.0456e-17
9842.5 9.7173e-17
9845 9.7365e-17
9847.5 9.6313e-17
9850 9.6045e-17
9852.5 9.0084e-17
9855 8.3697e-17
9857.5 8.5303e-17
9860 8.7426e-17
9862.5 9.8395e-17
9865 1.151e-16
9867.5 1.1532e-16
9870 1.0714e-16
9872.5 1.0835e-16
9875 9.7453e-17
9877.5 8.0933e-17
9880 8.2535e-17
9882.5 8.9729e-17
9885 9.0017e-17
9887.5 1.0167e-16
9890 1.0721e-16
9892.5 1.0451e-16
9895 1.0471e-16
9897.5 1.0432e-16
9900 9.3644e-17
9902.5 8.9241e-17
9905 1.0333e-16
9907.5 1.1121e-16
9910 1.0653e-16
9912.5 9.36e-17
9915 9.2534e-17
9917.5 8.1533e-17
9920 7.3886e-17
9922.5 7.4938e-17
9925 8.8587e-17
9927.5 9.0771e-17
9930 9.1945e-17
9932.5 9.6052e-17
9935 1.1068e-16
9937.5 1.2329e-16
9940 1.3083e-16
9942.5 1.2319e-16
9945 1.0801e-16
9947.5 1.0032e-16
9950 9.5322e-17
9952.5 8.4025e-17
9955 9.1406e-17
9957.5 9.545e-17
9960 8.2865e-17
9962.5 7.3917e-17
9965 8.0874e-17
9967.5 8.1989e-17
9970 8.9044e-17
9972.5 1.0019e-16
9975 9.8655e-17
9977.5 9.2366e-17
9980 8.9158e-17
9982.5 8.7361e-17
9985 8.59e-17
9987.5 8.7189e-17
9990 8.7241e-17
9992.5 8.9014e-17
9995 9.1212e-17
9997.5 9.0938e-17
10000 9.4893e-17
10002 1.0512e-16
10005 1.2009e-16
10008 1.303e-16
10010 1.2119e-16
10012 1.1302e-16
10015 1.0516e-16
10018 9.9841e-17
10020 8.8317e-17
10022 8.6241e-17
10025 8.8412e-17
10028 8.7814e-17
10030 7.5636e-17
10032 7.4616e-17
10035 8.9971e-17
10038 9.7099e-17
10040 9.5991e-17
10042 9.6377e-17
10045 9.8023e-17
10048 9.5104e-17
10050 9.2129e-17
10052 9.8304e-17
10055 1.0203e-16
10058 1.0174e-16
10060 1.0124e-16
10062 1.0052e-16
10065 9.4709e-17
10068 9.0086e-17
10070 8.9464e-17
10072 9.2714e-17
10075 1.0858e-16
10078 1.1603e-16
10080 1.0761e-16
10082 1.053e-16
10085 9.7727e-17
10088 8.278e-17
10090 7.6292e-17
10092 8.616e-17
10095 9.7082e-17
10098 1.0129e-16
10100 1.0086e-16
10102 9.6713e-17
10105 9.2964e-17
10108 7.961e-17
10110 7.8556e-17
10112 7.6821e-17
10115 9.286e-17
10118 1.0703e-16
10120 1.0743e-16
10122 9.468e-17
10125 9.4155e-17
10128 8.4968e-17
10130 7.5611e-17
10132 8.64e-17
10135 1.0272e-16
10138 1.0513e-16
10140 9.7381e-17
10142 9.7937e-17
10145 9.537e-17
10148 9.3712e-17
10150 9.4142e-17
10152 9.6501e-17
10155 9.3521e-17
10158 9.1867e-17
10160 8.9302e-17
10162 9.6893e-17
10165 1.1886e-16
10168 1.2019e-16
10170 1.0743e-16
10172 1.0383e-16
10175 1.0172e-16
10178 8.6448e-17
10180 9.2315e-17
10182 1.0842e-16
10185 1.0808e-16
10188 9.7215e-17
10190 8.3089e-17
10192 7.7138e-17
10195 7.3106e-17
10198 8.1291e-17
10200 7.6679e-17
10202 9.8571e-17
10205 9.9483e-17
10208 7.7912e-17
10210 6.282e-17
10212 6.5736e-17
10215 4.6895e-17
10218 4.8495e-17
10220 7.4325e-17
10222 9.325e-17
10225 1.0591e-16
10228 1.0385e-16
10230 1.0027e-16
10232 9.3042e-17
10235 8.8189e-17
10238 7.7026e-17
10240 8.5662e-17
10242 8.1966e-17
10245 8.6433e-17
10248 8.8737e-17
10250 8.6201e-17
10252 8.5015e-17
10255 8.9538e-17
10258 8.98e-17
10260 8.7553e-17
10262 9.3664e-17
10265 9.2471e-17
10268 9.5932e-17
10270 8.5937e-17
10272 7.9989e-17
10275 7.9061e-17
10278 9.5297e-17
10280 1.3167e-16
10282 1.2756e-16
10285 1.0078e-16
10288 9.4884e-17
10290 9.4283e-17
10292 5.2745e-17
10295 5.382e-17
10298 8.3113e-17
10300 8.482e-17
10302 6.5877e-17
10305 6.5584e-17
10308 7.794e-17
10310 7.648e-17
10312 8.8843e-17
10315 8.6013e-17
10318 8.5155e-17
10320 8.2581e-17
10322 8.5939e-17
10325 6.4776e-17
10328 8.3476e-17
10330 8.3392e-17
10332 7.9162e-17
10335 7.4395e-17
10338 8.0811e-17
10340 6.3048e-17
10342 5.4903e-17
10345 5.8553e-17
10348 6.2259e-17
10350 7.2219e-17
10352 7.4424e-17
10355 8.1561e-17
10358 7.0916e-17
10360 6.7777e-17
10362 6.3358e-17
10365 7.9927e-17
10368 8.8137e-17
10370 7.8298e-17
10372 5.7001e-17
10375 5.6194e-17
10378 4.3716e-17
10380 2.6143e-17
10382 4.6428e-17
10385 7.4343e-17
10388 7.115e-17
10390 8.4125e-17
10392 8.7242e-17
10395 8.9774e-17
10398 8.1016e-17
10400 8.5168e-17
10402 6.7227e-17
10405 7.6109e-17
10408 6.2742e-17
10410 7.3073e-17
10412 8.4089e-17
10415 7.3726e-17
10418 6.4586e-17
10420 5.9745e-17
10422 4.8826e-17
10425 3.728e-17
10428 4.3838e-17
10430 5.8542e-17
10432 7.1681e-17
10435 6.2872e-17
10438 6.2598e-17
10440 6.684e-17
10442 7.1898e-17
10445 8.7616e-17
10448 1.0377e-16
10450 8.606e-17
10452 8.9907e-17
10455 8.0129e-17
10458 5.3457e-17
10460 4.5033e-17
10462 6.4774e-17
10465 8.6322e-17
10468 8.0488e-17
10470 8.2973e-17
10472 8.2104e-17
10475 8.718e-17
10478 5.7456e-17
10480 5.2975e-17
10482 6.8814e-17
10485 7.8484e-17
10488 9.2726e-17
10490 1.4101e-16
10492 2.0134e-16
10495 2.2153e-16
10498 2.2074e-16
10500 1.9373e-16
10502 1.5346e-16
10505 9.9194e-17
10508 7.0011e-17
10510 5.6701e-17
10512 7.3944e-17
10515 7.1183e-17
10518 7.3606e-17
10520 8.1463e-17
10522 8.7672e-17
10525 8.1333e-17
10528 7.6307e-17
10530 6.2506e-17
10532 6.2091e-17
10535 7.3154e-17
10538 6.0957e-17
10540 7.1895e-17
10542 9.1669e-17
10545 8.5942e-17
10548 6.4342e-17
10550 7.953e-17
10552 7.3679e-17
10555 7.4835e-17
10558 7.3827e-17
10560 9.5333e-17
10562 8.559e-17
10565 7.929e-17
10568 7.4825e-17
10570 7.8282e-17
10572 7.4162e-17
10575 6.4473e-17
10578 6.3879e-17
10580 5.3608e-17
10582 5.1653e-17
10585 3.709e-17
10588 4.2454e-17
10590 4.4274e-17
10592 3.7632e-17
10595 4.6228e-17
10598 4.7001e-17
10600 4.3538e-17
10602 4.6331e-17
10605 7.5274e-17
10608 6.9675e-17
10610 8.802e-17
10612 7.6038e-17
10615 7.1483e-17
10618 6.9959e-17
10620 6.843e-17
10622 5.2124e-17
10625 6.9277e-17
10628 9.1622e-17
10630 7.9962e-17
10632 7.2951e-17
10635 7.4171e-17
10638 8.4644e-17
10640 7.0459e-17
10642 6.4375e-17
10645 5.3684e-17
10648 3.8339e-17
10650 -6.9255e-18
