3238.79653  2.54415e-17
3240.78837  3.78176e-17
3242.78128  7.19318e-18
3244.77527  2.95684e-17
3246.76927  2.94283e-18
3248.76434  2.23169e-17
3250.75941  8.69019e-18
3252.75556  1.90631e-17
3254.75171 -1.56467e-18
3256.74894  1.80716e-18
3258.74725  1.78459e-19
3260.74555 -2.45084e-18
3262.74494  1.91940e-18
3264.74433  2.52889e-17
3266.74479 -1.13420e-17
3268.74526  2.80265e-17
3270.74680 -7.60556e-18
3272.74835 -8.23814e-18
3274.75205 -1.88711e-17
3276.75468  1.74951e-17
3278.75838  1.86084e-18
3280.76316  1.32262e-17
3282.76794 -6.40917e-18
3284.77380 -1.10450e-17
3286.77967 -9.68140e-18
3288.78660  9.68169e-18
3290.79462 -1.59557e-17
3292.80264  1.34063e-17
3294.81066 -2.23245e-18
3296.81976  1.41285e-17
3298.82994  1.84889e-17
3300.84011  2.84870e-18
3302.85029  1.20780e-18
3304.86263  7.56668e-18
3306.87388 -4.07530e-18
3308.88622 -1.97177e-17
3310.89963  3.63937e-18
3312.91412 -1.10040e-17
3314.92754  7.35182e-18
3316.94311  2.70742e-18
3318.95868  2.06230e-18
3320.97425  1.94166e-17
3322.99091  3.27704e-17
3325.00756  1.21236e-17
3327.02529  1.44763e-17
3329.04409  6.82853e-18
3331.06290  2.01802e-17
3333.08171  8.53120e-18
3335.10160  6.88168e-18
3337.12257  7.23177e-18
3339.14353  2.58120e-18
3341.16450 -4.06995e-18
3343.18655  7.27833e-18
3345.20967  1.26263e-17
3347.23280 -2.64830e-20
3349.25592  3.32014e-18
3351.28013  1.66663e-17
3353.30541  1.60120e-17
3355.33069  5.35709e-18
3357.35598  1.07015e-17
3359.38234  1.10456e-17
3361.40978  8.38909e-18
3363.43722  8.73197e-18
3365.46466  1.50743e-17
3367.49318  1.04161e-17
3369.52278  2.17575e-17
3371.55238 -9.01799e-19
3373.58198  4.43832e-18
3375.61266  1.67780e-17
3377.64441  9.11720e-18
3379.67617  1.34558e-17
3381.70793  9.79375e-18
3383.74076  2.11313e-17
3385.77360  4.46819e-18
3387.80751  1.58046e-17
3389.84143  9.14039e-18
3391.87642  2.14758e-17
3393.91142  3.81051e-18
3395.94749  1.01448e-17
3397.98356  1.84784e-17
3400.02072  8.11656e-19
3402.05787  1.71443e-17
3404.09610  5.47642e-18
3406.13433  7.80798e-18
3408.17364  4.13904e-18
3410.21187 -5.30666e-19
3412.25226  1.27993e-17
3414.29265  1.01287e-17
3416.33304  1.74575e-17
3418.37450  1.27858e-17
3420.41597  4.11355e-18
3422.45852  1.84408e-17
3424.50107  1.17675e-17
3426.54469  1.90937e-17
3428.58832  1.24192e-17
3430.63302  9.74440e-18
3432.67773  1.80690e-17
3434.72243  7.39286e-18
3436.76930  1.07165e-17
3438.81508  3.93473e-20
3440.86194  9.36179e-18
3442.90881  3.68359e-18
3444.95675  7.00494e-18
3447.00469  5.32572e-18
3449.05371  9.64604e-18
3451.10273  2.96574e-18
3453.15175  3.28481e-18
3455.20185 -7.39648e-18
3457.25303  6.92169e-18
3459.30421  1.12393e-17
3461.35539  2.55632e-18
3463.40657  6.87273e-18
3465.45991  4.18882e-18
3467.51217  9.50417e-18
3469.56550 -4.18090e-18
3471.61992 -8.66435e-19
3473.67433  1.44742e-18
3475.72875  2.76071e-18
3477.78425  2.07355e-18
3479.83974  1.03858e-17
3481.89631  7.69758e-18
3483.95289  2.00877e-18
3486.00946  1.31933e-18
3488.06711  2.62952e-18
3490.12477  3.93907e-18
3492.18350 -8.75182e-18
3494.24223 -5.44330e-18
3496.30096 -3.13537e-18
3498.36077  6.17216e-18
3500.42167  5.47919e-18
3502.48256  9.78563e-18
3504.54344  1.09153e-18
3506.60541  3.39697e-18
3508.66738  1.70181e-18
3510.72935  1.40061e-17
3512.79240  1.33099e-17
3514.85545 -3.86922e-19
3516.91957 -8.40945e-20
3518.98370  7.21806e-18
3521.04783  7.51971e-18
3523.11303  4.82089e-18
3525.17932  1.31216e-17
3527.24560  4.42186e-18
3529.31189  1.17214e-17
3531.37817  1.60204e-17
3533.44554  8.31891e-18
3535.51290  7.61690e-18
3537.58135  6.91446e-18
3539.64979  7.21141e-18
3541.71931  5.50796e-18
3543.78883 -1.96101e-19
3545.85835  4.09928e-18
3547.92896  3.94214e-19
3549.99956  2.68855e-18
3552.07124  1.09825e-17
3554.14184  3.27573e-18
3556.21460  8.56864e-18
3558.28628  1.68608e-17
3560.36011  9.15277e-18
3562.43287  7.44394e-18
3564.50671  1.57348e-17
3566.58055  1.00249e-17
3568.65547  7.31468e-18
3570.73038 -4.39613e-18
3572.80530  3.89249e-18
3574.88130 -5.81930e-18
3576.95729  8.46829e-18
3579.03437 -5.24448e-18
3581.11036  1.00420e-17
3583.18852  3.28199e-19
3585.26559 -9.38628e-18
3587.34375 -2.10122e-18
3589.42298  3.18340e-18
3591.50221  1.46749e-18
3593.58145  7.75100e-18
3595.66068  7.03391e-18
3597.74099 -3.68352e-18
3599.82238  5.98561e-19
3601.90269  8.79948e-19
3603.98408 -2.83908e-18
3606.06655  2.44144e-18
3608.14902 -3.27855e-18
3610.23149  1.00089e-18
3612.31396 -1.72026e-18
3614.39751 -3.44180e-18
3616.48214 -6.16377e-18
3618.56569 -2.88646e-18
3620.65032 -3.60950e-18
3622.73495  8.66681e-18
3624.82065 -5.72409e-20
3626.90636 -1.78187e-18
3628.99315  5.49308e-18
3631.07885  1.07674e-17
3633.16672  1.04137e-18
3635.25350 -7.68533e-18
3637.34137 -4.12439e-19
3639.42924  7.85990e-18
3641.51818  3.13180e-18
3643.60712  1.40316e-18
3645.69607  3.67399e-18
3647.78609  9.44402e-19
3649.87503  4.21412e-18
3651.96614  5.48357e-18
3654.05724  1.75244e-18
3656.14834  4.02079e-18
3658.23944  2.28859e-18
3660.33162  1.55600e-18
3662.42380  4.82281e-18
3664.51599  3.08913e-18
3666.60925  9.35504e-18
3668.70250  1.16203e-17
3670.79684  8.88530e-18
3672.89010  7.14957e-18
3674.98552  1.24135e-17
3677.07986  5.67683e-18
3679.17528  5.93975e-18
3681.27070  9.20210e-18
3683.36719 -5.35907e-19
3685.46261  9.72537e-18
3687.56019  7.98638e-18
3689.65668  4.24671e-18
3691.75426  6.50664e-18
3693.85184  7.76606e-18
3695.95049  3.02505e-18
3698.04915  5.28353e-18
3700.14780  1.54144e-18
3702.24646  2.79886e-18
3704.34619  8.05584e-18
3706.44592  9.31229e-18
3708.54674  5.56835e-18
3710.64755  3.82388e-18
3712.74836  7.07891e-18
3714.85026  7.33352e-18
3716.95107  1.58742e-18
3719.05404  2.84111e-18
3721.15593  2.09410e-18
3723.25890 -4.65327e-18
3725.36187 -7.40118e-18
3727.46484  4.85036e-18
3729.56889  2.10154e-18
3731.67294 -6.47795e-19
3733.77807 -2.39755e-18
3735.88320 -1.47821e-19
3737.98833 -8.98622e-19
3740.09346  1.03500e-17
3742.19967 -1.40168e-18
3744.30588 -6.15388e-18
3746.41208 -6.90668e-18
3748.51937  4.34021e-18
3750.62666  3.58655e-18
3752.73395 -4.16764e-18
3754.84231  3.07776e-18
3756.95068  3.32267e-18
3759.05904 -4.43296e-18
3761.16849 -7.18894e-18
3763.27685 -9.45567e-19
3765.38738  3.29750e-18
3767.49682 -5.46004e-18
3769.60735  7.82036e-19
3771.71787 -3.97640e-18
3773.82840 -3.73538e-18
3775.94000 -9.49471e-18
3778.05160 -7.25455e-18
3780.16320 -9.01491e-18
3782.27589 -6.77564e-18
3784.38857 -1.53692e-18
3786.50125 -8.29867e-18
3788.61501  9.39187e-19
3790.72877  1.76527e-19
3792.84253 -4.58663e-18
3794.95629 -3.50288e-19
3797.07114 -2.11435e-18
3799.18597 -6.87889e-18
3801.30082 -1.64392e-18
3803.41673  2.59064e-18
3805.53265 -7.17530e-18
3807.64857 -7.94174e-18
3809.76557 -5.70854e-18
3811.88257 -3.47587e-18
3813.99957 -3.24367e-18
3816.11656 -2.01196e-18
3818.23464 -2.78068e-18
3820.35272 -6.54985e-18
3822.47079 -4.31954e-18
3824.58995 -4.08959e-18
3826.70911 -4.86016e-18
3828.82826 -7.63120e-18
3830.94742 -5.40273e-18
3833.06765 -5.17466e-18
3835.18789 -2.94705e-18
3837.30812 -2.71998e-18
3839.42944 -2.49321e-18
3841.55075 -7.26697e-18
3843.67207 -9.04126e-18
3845.79446 -1.18159e-17
3847.91577 -2.59110e-18
3850.03924 -1.13666e-17
3852.16164 -9.14266e-18
3854.28511 -1.09191e-17
3856.40750 -4.69619e-18
3858.53098 -7.47362e-18
3860.65553 -5.25141e-18
3862.78008  1.97032e-18
3864.90463 -2.80844e-18
3867.02918 -7.58768e-18
3869.15481 -8.36727e-18
3871.28044 -4.14738e-18
3873.40607 -3.92793e-18
3875.53170 -1.70901e-18
3877.65841 -2.49041e-18
3879.78512 -4.27230e-18
3881.91183 -6.05467e-18
3884.03961 -3.83739e-18
3886.16632 -4.62071e-18
3888.29411  1.59559e-18
3890.42298 -5.18845e-18
3892.55077 -1.97308e-18
3894.67963 -2.75804e-18
3896.80850 -6.54352e-18
3898.93845 -3.32933e-18
3901.06839 -1.11565e-18
3903.19834 -4.90241e-18
3905.32828 -6.68966e-18
3907.45823 -4.47735e-18
3909.58925 -2.26543e-18
3911.72028 -2.05395e-18
3913.85131  1.57045e-19
3915.98341 -5.63231e-18
3918.11551 -7.42212e-18
3920.24762 -3.21241e-18
3922.37972 -3.00315e-18
3924.51290 -3.79425e-18
3926.64501 -1.58592e-18
3928.77927 -1.37787e-18
3930.91245 -6.17034e-18
3933.04671 -6.96319e-18
3935.17990 -5.75659e-18
3937.31524 -2.55024e-18
3939.44950  1.65555e-18
3941.58484 -6.13902e-18
3943.72018 -4.93405e-18
3945.85552 -3.72954e-18
3947.99086 -4.52548e-18
3950.12729 -5.32176e-18
3952.26370 -2.11851e-18
3954.40012 -2.91571e-18
3956.53762 -6.71328e-18
3958.67512 -1.51127e-18
3960.81154 -3.30983e-18
3962.95012 -3.10860e-18
3965.08762 -2.90796e-18
3967.22620 -4.70766e-18
3969.36478 -4.50780e-18
3971.50335 -3.30840e-18
3973.64301 -6.10932e-18
3975.78159 -4.91083e-18
3977.92125 -4.71263e-18
3980.06090 -4.51494e-18
3982.20164 -8.41750e-18
3984.34237 -1.12060e-18
3986.48311 -6.52412e-18
3988.62385 -7.92805e-18
3990.76458 -6.93245e-18
3992.90640 -3.33716e-18
3995.04821 -1.14232e-18
3997.19003 -1.94795e-18
3999.33292 -1.75389e-18
4001.47474 -2.56039e-18
4003.61763 -7.66720e-18
4005.76052 -3.17445e-18
4007.90450 -5.68206e-18
4010.04739  5.20981e-18
4012.19136  3.40134e-18
4014.33534 -5.30755e-18
4016.48039  7.83194e-19
4018.62436 -3.42659e-18
4020.76942  1.16333e-18
4022.91447  4.35278e-18
4025.05952  8.54184e-18
4027.20565  6.73054e-18
4029.35178 -2.18119e-18
4031.49791 -4.89337e-18
4033.64404  2.29404e-18
4035.79017  1.48104e-18
4037.93738  1.66771e-18
4040.08459  4.85394e-18
4042.23180 -2.96027e-18
4044.37901 -3.67485e-18
4046.52730 -2.88979e-18
4048.67559 -4.60517e-18
4050.82388 -9.20956e-19
4052.97217  9.62818e-19
4055.12154  6.14628e-18
4057.27091 -9.70673e-19
4059.42027 -3.78805e-18
4061.56964  1.94143e-19
4063.71901 -4.42407e-18
4065.86946 -6.42600e-19
4068.01990 -4.36157e-18
4070.17035 -5.48094e-18
4072.32080 -7.00071e-18
4074.47232  1.79167e-19
4076.62277  5.95855e-18
4078.77538 -6.22900e-20
4080.92690 -8.83641e-19
4083.07843  4.94614e-19
4085.23103 -1.22749e-18
4087.38364 -5.54997e-18
4089.53624  9.27124e-19
4091.68885 -1.09618e-18
4093.84253 -2.71982e-18
4095.99514 -3.14394e-18
4098.14990 -5.26829e-18
4100.30358 -6.49316e-18
4102.45727 -1.71839e-18
4104.61203 -5.34396e-18
4106.76571 -8.70029e-19
4108.92048 -5.79641e-18
4111.07632 -2.32309e-18
4113.23108 -3.15030e-18
4115.38692 -4.17779e-18
4117.54277 -4.20569e-18
4119.69861  2.16601e-18
4121.85553 -1.04626e-17
4124.01137 -4.79168e-18
4126.16829 -4.32109e-18
4128.32521 -2.65091e-18
4130.48214 -2.88112e-18
4132.63906 -5.01169e-18
4134.79706 -2.34260e-18
4136.95506 -4.07391e-18
4139.11198 -9.05683e-19
4141.26998 -5.43777e-18
4143.42906 -4.97016e-18
4145.58813 -4.80294e-18
4147.74614 -6.33621e-18
4149.90629 -3.86970e-18
4152.06537 -4.00364e-18
4154.22445 -8.73799e-18
4156.38461 -2.57264e-18
4158.54477 -5.80768e-18
4160.70493 -8.54311e-18
4162.86508 -1.87892e-18
4165.02632 -4.61502e-18
4167.18648  4.48405e-19
4169.34771 -8.58848e-18
4171.50895 -5.12577e-18
4173.67019 -4.06340e-18
4175.83250 -4.01361e-19
4177.99374 -1.63976e-18
4180.15606 -9.17847e-18
4182.31837 -2.51757e-18
4184.48069 -1.05701e-18
4186.64408 -3.79680e-18
4188.80640 -6.93703e-18
4190.96980 -1.87755e-18
4193.13319 -5.31845e-18
4195.29659 -3.05972e-18
4197.46106 -7.00130e-18
4199.62553 -6.24323e-18
4201.78893 -4.88564e-18
4203.95340 -2.42833e-18
4206.11788 -2.27138e-18
4208.28343 -2.14743e-19
4210.44790 -3.75855e-18
4212.61346  5.97370e-19
4214.77901 -3.04712e-18
4216.94456  7.08040e-19
4219.11012 -1.03714e-18
4221.27675 -4.38266e-18
4223.44338  4.71486e-19
4225.60893 -2.37482e-18
4227.77556  2.78594e-19
4229.94328  7.31691e-19
4232.10991 -1.61562e-18
4234.27762  7.36760e-19
4236.44425 -2.01128e-18
4238.61196  4.40404e-19
4240.78075 -5.40822e-18
4242.94846 -3.57276e-19
4245.11617 -5.30671e-18
4247.28496 -9.65640e-18
4249.45375 -5.90647e-18
4251.62254 -4.65688e-18
4253.79133 -6.70766e-18
4255.96120 -1.35871e-18
4258.12999 -3.71020e-18
4260.29986 -5.26197e-18
4262.46973  3.38591e-18
4264.63960 -1.16658e-18
4266.80947 -6.71941e-18
4268.98042  3.12750e-18
4271.15136 -2.42597e-18
4273.32123 -2.47985e-18
4275.49218  1.26597e-18
4277.66313 -2.88853e-18
4279.83516  1.75667e-18
4282.00610 -1.99853e-18
4284.17813  1.24598e-18
4286.35016 -4.30985e-18
4288.52219 -4.46603e-18
4290.69421 -1.32254e-18
4292.86624 -3.87942e-18
4295.03935 -4.23657e-18
4297.21245  9.05948e-19
4299.38556 -5.75189e-18
4301.55866 -3.81007e-18
4303.73177  4.31418e-19
4305.90488 -4.62743e-18
4308.07906  2.61345e-18
4310.25325 -2.14602e-18
4312.42635 -2.80590e-18
4314.60162 -1.65972e-19
4316.77580 -4.02644e-18
4318.94999  4.81272e-18
4321.12525  4.51654e-19
4323.29943  4.69015e-18
4325.47470 -3.71609e-19
4327.64996  5.16631e-18
4329.82631  1.60394e-18
4332.00157  4.11870e-20
4334.17791 -5.21825e-19
4336.35318  2.61476e-18
4338.52952  6.55106e-18
4340.70586  5.08705e-18
4342.88328  3.92279e-18
4345.05963  2.15809e-18
4347.23597  2.39310e-18
4349.41339  3.22784e-18
4351.59081  2.06225e-18
4353.76716  2.49627e-18
4355.94566  6.30100e-19
4358.12308  6.56353e-18
4360.30050  5.96635e-19
4362.47900  6.22948e-18
4364.65750  4.76201e-18
4366.83493  6.79416e-18
4369.01451  6.72612e-18
4371.19301  4.75769e-18
4373.37151  4.58891e-18
4375.55109  1.22199e-17
4377.72959  1.45505e-17
4379.90917  2.78085e-18
4382.08875  5.81090e-18
4384.26833  8.04061e-18
4386.44899  9.27008e-18
4388.62857  5.69916e-18
4390.80815  8.12794e-18
4392.98881  8.05646e-18
4395.16947  8.68465e-18
4397.35013  4.71255e-18
4399.53078  6.14013e-18
4401.71144  5.06739e-18
4403.89318  4.59440e-18
4406.07384  5.02105e-18
4408.25558 -9.52548e-19
4410.43732  2.87354e-18
4412.61906  5.69932e-18
4414.80079  4.82479e-18
4416.98253  6.34997e-18
4419.16535  2.67488e-18
4421.34817  1.49949e-18
4423.52990  4.32375e-18
4425.71272  1.14776e-18
4427.89554  4.07146e-18
4430.07835  6.09486e-18
4432.26117  6.21795e-18
4434.44507  3.04080e-18
4436.62788  2.06329e-18
4438.81178  3.48554e-18
4440.99568  3.20751e-18
4443.17957 -4.70838e-19
4445.36347 -3.44949e-18
4447.54736  4.71572e-19
4449.73234  3.29237e-18
4451.91623  2.11283e-18
4454.10121 -2.16692e-18
4456.28618  2.25301e-18
4458.47116  6.47264e-18
4460.65613  7.29197e-18
4462.84111  6.81101e-18
4465.02608  7.92980e-18
4467.21214  7.44830e-18
4469.39711  4.16646e-18
4471.58317  5.98441e-18
4473.76922  4.40204e-18
4475.95528  1.41941e-18
4478.14133  2.93648e-18
4480.32738  7.55326e-18
4482.51344  1.26973e-18
4484.70057  1.08603e-18
4486.88770  5.20199e-18
4489.07376  4.21762e-18
4491.26089  7.83304e-18
4493.44802  7.54816e-18
4495.63516  5.06299e-18
4497.82229  5.37754e-18
4500.00942  3.99183e-18
4502.19763  3.50588e-18
4504.38477  9.19567e-19
4506.57298  3.53308e-18
4508.76119  1.14627e-18
4510.94940  5.55918e-18
4513.13762  5.27185e-18
4515.32583 -2.15795e-19
4517.51512  2.99637e-18
4519.70333  2.10817e-18
4521.89262 -1.28024e-18
4524.08083  9.31041e-19
4526.27013  2.94206e-18
4528.45942  4.55284e-18
4530.64871  8.16334e-18
4532.83800  3.17355e-18
4535.02729  1.08351e-18
4537.21766 -6.76303e-21
4539.40695  6.02624e-19
4541.59732  9.21184e-18
4543.78661  2.32068e-18
4545.97698  8.72936e-18
4548.16843  4.33778e-18
4550.35880  7.45912e-19
4552.54917  3.15374e-18
4554.73954  7.61311e-19
4556.92991  4.36864e-18
4559.12136 -5.24267e-19
4561.31173  4.18253e-18
4563.50318 -7.10919e-19
4565.69463  3.39541e-18
4567.88608  3.90144e-18
4570.07753  1.00722e-18
4572.26897 -1.38725e-18
4574.46042  2.41801e-18
4576.65295  4.52306e-18
4578.84440 -1.67219e-18
4581.03693  9.32332e-19
4583.22946  4.33662e-18
4585.42090  5.40572e-19
4587.61343  6.64433e-18
4589.80596  4.04782e-18
4591.99849  1.85108e-18
4594.19102  3.54086e-19
4596.38462 -1.34315e-18
4598.57715  4.59343e-19
4600.77076  4.46161e-18
4602.96329  2.96360e-18
4605.15689  6.06535e-18
4607.35050  2.06688e-18
4609.54411  2.96814e-18
4611.73772 -9.30836e-19
4613.93132  3.76995e-18
4616.12493  5.97045e-18
4618.31854  1.70743e-19
4620.51322  7.17080e-18
4622.70683  5.17057e-18
4624.90151  5.97016e-18
4627.09620  5.66948e-18
4629.28981 -1.23147e-18
4631.48449  3.36739e-18
4633.67918  2.56595e-18
4635.87387  6.43216e-20
4638.06855  3.56241e-18
4640.26324  1.66029e-18
4642.45900  1.57972e-19
4644.65477  1.15539e-18
4646.84945  2.85254e-18
4649.04522 -9.50510e-19
4651.23990  3.94614e-18
4653.43567  2.04263e-18
4655.63144  2.53887e-18
4657.82720  4.73485e-18
4660.02297  5.43061e-18
4662.21873  9.42615e-18
4664.41449  8.22142e-18
4666.61134  1.15165e-17
4668.80710  4.11134e-18
4671.00287  1.50593e-18
4673.19971  5.20032e-18
4675.39656  6.09448e-18
4677.59232  3.68837e-18
4679.78917  9.18206e-18
4681.98601  4.57553e-18
4684.18285  3.56877e-18
4686.37970  2.36179e-18
4688.57762  5.85459e-18
4690.77446  4.24714e-18
4692.97131  6.03947e-18
4695.16815  5.23157e-18
4697.36608  6.52346e-18
4699.56400 -3.48485e-18
4701.76084  6.57774e-21
4703.95877  2.99781e-18
4706.15669  4.58880e-18
4708.35353  2.57955e-18
4710.55146  6.67012e-18
4712.75046  2.26051e-18
4714.94838  6.35061e-18
4717.14630  4.64051e-18
4719.34423  6.03019e-18
4721.54215  2.19660e-19
4723.74115  2.40893e-18
4725.93908  4.89794e-18
4728.13808  8.68677e-18
4730.33600  2.75365e-19
4732.53500 -1.03623e-18
4734.73400  1.75196e-18
4736.93301  6.43992e-18
4739.13201  8.02767e-18
4741.33101  4.31522e-18
4743.53001  6.50255e-18
4745.72901  8.68966e-18
4747.92802  1.40766e-17
4750.12702  7.06324e-18
4752.32710  6.04975e-18
4754.52610  4.73603e-18
4756.72510  3.62208e-18
4758.92518  4.10796e-18
4761.12526  3.29364e-18
4763.32427  1.07791e-17
4765.52435  6.46430e-18
4767.72443  3.44935e-18
4769.92451  5.33420e-18
4772.12459  2.61883e-18
4774.32467  4.30326e-18
4776.52475  1.68747e-18
4778.72483  4.27150e-18
4780.92491  4.95528e-18
4783.12500  6.73889e-18
4785.32616  4.02235e-18
4787.52624  3.50554e-18
4789.72632  1.38854e-18
4791.92748 -3.82862e-18
4794.12756 -1.74602e-18
4796.32872 -7.63587e-19
4798.52880  7.01860e-18
4800.73104  5.00068e-18
4802.93112  5.18245e-18
4805.13228  2.46410e-18
4807.33344  6.94553e-18
4809.53460  6.42678e-18
4811.73576  7.00783e-18
4813.93692  8.18867e-18
4816.13808  2.16933e-18
4818.33924  3.34978e-18
4820.54148  5.13009e-18
4822.74264  5.11015e-18
4824.94380 -3.30997e-18
4827.14604  5.16975e-18
4829.34720  6.54925e-18
4831.54836  1.08285e-17
4833.75060  8.30767e-18
4835.95176  8.98659e-18
4838.15400  4.76536e-18
4840.35624  6.24394e-18
4842.55847  6.82232e-18
4844.75963  3.60048e-18
4846.96187  2.47849e-18
4849.16411  7.55632e-18
4851.36635  8.23396e-18
4853.56859  9.61142e-18
4855.77083  4.88868e-18
4857.97307  9.66576e-18
4860.17531  8.44265e-18
4862.37755  6.81937e-18
4864.57978  9.19590e-18
4866.78310  9.57228e-18
4868.98534  1.02484e-17
4871.18758  4.12442e-18
4873.39090  1.06003e-17
4875.59314  1.52759e-17
4877.79538  8.15132e-18
4879.99869  9.12662e-18
4882.20201  1.16017e-17
4884.40425  1.16766e-17
4886.60757  1.21514e-17
4888.80981  1.02259e-17
4891.01313  1.23003e-17
4893.21645  1.00746e-17
4895.41976  1.34486e-17
4897.62308  8.02251e-18
4899.82532  8.39618e-18
4902.02864  7.76971e-18
4904.23196  5.14307e-18
4906.43527  1.07163e-17
4908.63859  9.88927e-18
4910.84191  1.08621e-17
4913.04523  1.04348e-17
4915.24855  9.90726e-18
4917.45294  1.03796e-17
4919.65626  9.65177e-18
4921.85958  1.60238e-17
4924.06290  1.87956e-17
4926.26621  1.78672e-17
4928.47061  1.32387e-17
4930.67393  1.51101e-17
4932.87833  1.66812e-17
4935.08165  2.09522e-17
4937.28496  2.18230e-17
4939.48936  1.98937e-17
4941.69268  1.90642e-17
4943.89707  1.51346e-17
4946.10039  1.91047e-17
4948.30479  1.89748e-17
4950.50919  2.14446e-17
4952.71251  2.64143e-17
4954.91690  2.34838e-17
4957.12022  2.29532e-17
4959.32462  2.46224e-17
4961.52901  2.76915e-17
4963.73341  2.79604e-17
4965.93781  2.44291e-17
4968.14113  2.75977e-17
4970.34552  2.90661e-17
4972.54992  2.06344e-17
4974.75432  2.35025e-17
4976.95871  2.76705e-17
4979.16311  2.48382e-17
4981.36751  2.85059e-17
4983.57190  2.68734e-17
4985.77630  3.13407e-17
4987.98070  2.76079e-17
4990.18510  2.80750e-17
4992.38949  2.85418e-17
4994.59389  2.24085e-17
4996.79829  2.20751e-17
4999.00268  3.24415e-17
5001.20708  2.55078e-17
5003.41256  2.93740e-17
5005.61695  2.96399e-17
5007.82135  2.76058e-17
5010.02575  2.27714e-17
5012.23014  2.39370e-17
5014.43562  2.56024e-17
5016.64002  2.44676e-17
5018.84442  2.84327e-17
5021.04881  2.52976e-17
5023.25429  2.78625e-17
5025.45869  2.35271e-17
5027.66308  2.30916e-17
5029.86856  2.19560e-17
5032.07296  1.78202e-17
5034.27735  3.03843e-17
5036.48283  2.49482e-17
5038.68722  2.02120e-17
5040.89270  1.99757e-17
5043.09710  2.01392e-17
5045.30257  2.27026e-17
5047.50697  2.21658e-17
5049.71137  1.95289e-17
5051.91684  1.82919e-17
5054.12124  2.13547e-17
5056.32672  2.11174e-17
5058.53219  1.74799e-17
5060.73659  1.46423e-17
5062.94099  1.94046e-17
5065.14646  1.82667e-17
5067.35086  1.73287e-17
5069.55634  2.86906e-17
5071.76073  1.71523e-17
5073.96621  1.97139e-17
5076.17169  1.89754e-17
5078.37608  2.01367e-17
5080.58156  1.55979e-17
5082.78596  1.92590e-17
5084.99143  2.09199e-17
5087.19583  1.76807e-17
5089.40130  1.19414e-17
5091.60678  2.16019e-17
5093.81118  1.50623e-17
5096.01557  2.05226e-17
5098.22105  1.98827e-17
5100.42653  1.44428e-17
5102.63092  1.48026e-17
5104.83640  1.27624e-17
5107.04187  2.15221e-17
5109.24627  1.58816e-17
5111.45175  8.14097e-18
5113.65722  2.00002e-17
5115.86162  1.17594e-17
5118.06602  1.82184e-17
5120.27149  2.04773e-17
5122.47697  1.85360e-17
5124.68137  1.43946e-17
5126.88684  1.54532e-17
5129.09232  1.58116e-17
5131.29672  1.48698e-17
5133.50219  1.82280e-17
5135.70659  1.80860e-17
5137.91206  1.80439e-17
5140.11646  1.04017e-17
5142.32194  1.34594e-17
5144.52741  1.65169e-17
5146.73181  1.55743e-17
5148.93729  2.03317e-17
5151.14168  1.21888e-17
5153.34716  1.46459e-17
5155.55156  1.21028e-17
5157.75703  1.19597e-17
5159.96143  1.39164e-17
5162.16691  9.27302e-18
5164.37130  1.27295e-17
5166.57570  1.31858e-17
5168.78118  1.83421e-17
5170.98665  1.94983e-17
5173.19105  1.76543e-17
5175.39653  1.05103e-17
5177.60092  1.14661e-17
5179.80532  1.60217e-17
5182.01079  1.11773e-17
5184.21519  1.68328e-17
5186.42067  1.69882e-17
5188.62506  1.39434e-17
5190.83054  8.79855e-18
5193.03494  1.88536e-17
5195.23933  1.27085e-17
5197.44481  8.66332e-18
5199.64921  1.52180e-17
5201.85360  1.80726e-17
5204.05908  1.78271e-17
5206.26348  1.55815e-17
5208.46787  1.04357e-17
5210.67335  8.28992e-18
5212.87775  1.36440e-17
5215.08215  1.53979e-17
5217.28654  1.51518e-17
5219.49094  1.48055e-17
5221.69534  8.65913e-18
5223.90081  8.91271e-18
5226.10521  1.00661e-17
5228.30961  1.04195e-17
5230.51400  6.07268e-18
5232.71840  8.82581e-18
5234.92280  9.57883e-18
5237.12827  1.65318e-17
5239.33159  3.68457e-18
5241.53707  7.33732e-18
5243.74146  4.08993e-18
5245.94586  6.44245e-18
5248.15026  4.59488e-18
5250.35465  1.06472e-17
5252.55905  1.99944e-18
5254.76345  2.15156e-18
5256.96677  6.00358e-18
5259.17224  4.15554e-18
5261.37556  1.14074e-17
5263.57996  3.35910e-18
5265.78435  3.91075e-18
5267.98875  5.06230e-18
5270.19315 -1.88624e-18
5272.39647  5.66510e-18
5274.60086  1.16368e-19
5276.80526  6.67548e-19
5279.00966  1.81864e-18
5281.21298  5.96960e-18
5283.41737  3.42050e-18
5285.62177  5.87132e-18
5287.82617  1.42203e-18
5290.02949  5.67263e-18
5292.23388  3.02317e-18
5294.43720  5.73590e-19
5296.64160  2.62395e-18
5298.84599  4.47423e-18
5301.04931  5.72437e-18
5303.25371  1.67446e-18
5305.45703 -1.47555e-18
5307.66142  2.07436e-18
5309.86474  2.42416e-18
5312.06806  6.17388e-18
5314.27246  4.72354e-18
5316.47577  1.47308e-18
5318.68017 -5.77442e-19
5320.88349  4.07193e-18
5323.08681 -1.27878e-18
5325.29013 -3.29572e-19
5327.49452  8.11957e-18
5329.69676  5.16858e-18
5331.90116  4.11755e-18
5334.10448  5.96643e-18
5336.30779  1.01522e-18
5338.51111  1.76391e-18
5340.71443 -1.78745e-18
5342.91775  4.56108e-18
5345.12107  3.40955e-18
5347.32438  3.45793e-18
5349.52878  4.60626e-18
5351.73102  2.95445e-18
5353.93434  2.70259e-18
5356.13766 -1.24934e-18
5358.34097  3.89864e-18
5360.54429 -2.85345e-18
5362.74761 -3.80562e-18
5364.95093  1.44212e-18
5367.15425  6.58980e-18
5369.35649  4.03738e-18
5371.55980 -5.51511e-18
5373.76312  3.83233e-18
5375.96536  4.17968e-18
5378.16868  3.26975e-19
5380.37200 -2.42581e-18
5382.57424 -1.27868e-18
5384.77755  1.86839e-18
5386.97979  7.15352e-19
5389.18311  1.16228e-18
5391.38535  2.00911e-18
5393.58759  7.15586e-18
5395.79091  2.30257e-18
5397.99422 -2.25080e-18
5400.19646 -2.50426e-18
5402.39870  6.34221e-18
5404.60094 -6.81140e-18
5406.80318  1.73493e-18
5409.00650  9.81202e-19
5411.20874  3.27388e-19
5413.41098 -5.12649e-18
5415.61429  1.21957e-18
5417.81545 -4.73447e-18
5420.01877 -9.88534e-19
5422.22101 -3.24269e-18
5424.42325 -2.79692e-18
5426.62549 -1.85121e-18
5428.82773  4.59444e-18
5431.02997  6.34001e-18
5433.23221 -5.41448e-18
5435.43445  3.93096e-18
5437.63669 -5.23662e-19
5439.83785  2.12163e-18
5442.04008 -5.23312e-18
5444.24232  1.12060e-19
5446.44456 -1.42821e-19
5448.64572 -2.49779e-18
5450.84796 -6.52804e-19
5453.05020 -3.80787e-18
5455.25136  3.33697e-18
5457.45360 -1.41822e-18
5459.65584 -3.07348e-18
5461.85700  2.27118e-18
5464.05816  7.51577e-18
5466.26040  2.26033e-18
5468.46264  2.20483e-18
5470.66380  9.49243e-19
5472.86604 -1.50638e-18
5475.06719  2.37920e-19
5477.26835 -1.21784e-18
5479.47059 -3.87364e-18
5481.67175 -3.29519e-19
5483.87291 -2.48546e-18
5486.07407 -3.84147e-18
5488.27631 -6.09751e-18
5490.47747 -3.05361e-18
5492.67863 -3.70978e-18
5494.87979 -1.16601e-18
5497.08095  1.37771e-18
5499.28211 -6.67862e-18
5501.48327 -6.43501e-18
5503.68443 -2.19147e-18
5505.88559 -4.14797e-18
5508.08675  5.09548e-18
5510.28791 -5.76114e-18
5512.48907 -8.11780e-18
5514.69023 -6.57453e-18
5516.89139 -7.63131e-18
5519.09255 -7.78813e-18
5521.29263 -5.04503e-18
5523.49379  7.98037e-19
5525.69495 -8.95895e-18
5527.89611 -2.41598e-18
5530.09620 -8.47308e-18
5532.29735 -6.03022e-18
5534.49851 -4.38741e-18
5536.69860 -9.14467e-18
5538.89976 -6.40196e-18
5541.10092  3.40692e-19
5543.30100 -5.51671e-18
5545.50108 -2.67417e-18
5547.70224 -2.93165e-18
5549.90232 -1.05892e-17
5552.10348 -9.84679e-18
5554.30356 -8.30444e-18
5556.50472 -3.56212e-18
5558.70480 -4.81988e-18
5560.90488 -3.87768e-18
5563.10604 -5.63549e-18
5565.30612 -9.69338e-18
5567.50728 -6.65129e-18
5569.70736 -1.11093e-17
5571.90744 -5.96729e-18
5574.10753 -6.02537e-18
5576.30761 -1.30835e-17
5578.50769 -2.82417e-17
5580.70885 -1.79998e-17
5582.90893 -1.55581e-17
5585.10793 -2.41638e-18
5587.30909 -5.37470e-18
5589.50917 -1.33308e-18
5591.70925 -6.89150e-18
5593.90933 -5.54996e-18
5596.10941 -1.22085e-17
5598.30950 -9.36703e-18
5600.50958 -1.04256e-17
5602.70858 -5.58426e-18
5604.90974 -1.44429e-17
5607.10874 -6.40164e-18
5609.30882 -7.46040e-18
5611.50890 -5.31919e-18
5613.70898 -8.78039e-19
5615.90906 -1.14369e-17
5618.10807 -7.89584e-18
5620.30815 -8.35479e-18
5620.72572 -1.09470e-17
5621.86730 -7.22573e-18
5623.00996 -5.20443e-18
5624.15262 -3.08315e-18
5625.29529  2.93812e-18
5626.43687 -3.34064e-18
5627.57953 -9.71940e-18
5628.72219 -6.79817e-18
5629.86377 -1.37769e-17
5631.00643 -1.25557e-17
5632.14909 -6.13453e-18
5633.29176 -7.01332e-18
5634.43442 -6.29215e-18
5635.57708 -8.87097e-18
5636.71974 -1.47498e-17
5637.86240 -1.30286e-17
5639.00506 -9.90749e-18
5640.14880 -8.68633e-18
5641.29146 -3.65213e-19
5642.43412 -6.44093e-19
5643.57678 -1.53230e-17
5644.72052 -9.00186e-18
5645.86318 -1.60808e-17
5647.00584 -7.15969e-18
5648.14958 -8.73859e-18
5649.29225 -1.23175e-17
5650.43599 -1.35965e-17
5651.57865 -9.57543e-18
5652.72239 -7.85438e-18
5653.86613 -5.63333e-18
5655.00879 -7.71231e-18
5656.15253 -1.05913e-17
5657.29627 -8.67028e-18
5658.44001  4.05072e-18
5659.58267 -2.12830e-18
5660.72641 -2.07315e-19
5661.87015 -9.58633e-18
5663.01389 -1.65360e-19
5664.15763 -7.74440e-18
5665.30137 -1.22234e-17
5666.44511 -4.00251e-18
5667.58993 -3.98156e-18
5668.73259 -1.12607e-17
5669.87741 -3.39720e-19
5671.02115  6.28119e-18
5672.16489 -9.79791e-18
5673.30863  6.22297e-18
5674.45345 -3.45612e-18
5675.59719 -1.44352e-17
5676.74201 -5.21438e-18
5677.88575 -1.75935e-17
5679.02949 -5.97267e-18
5680.17430 -1.55181e-18
5681.31804 -1.20310e-17
5682.46286 -1.57102e-17
5683.60768 -4.98931e-18
5684.75250 -6.56849e-18
5685.89624 -3.74770e-18
5687.04106 -5.32689e-18
5688.18588 -1.02061e-17
5689.32962 -5.48533e-18
5690.47552 -8.76452e-18
5691.61926 -1.66438e-17
5692.76408 -1.23230e-17
5693.90890 -6.80225e-18
5695.05372 -1.08815e-17
5696.19853 -3.26076e-18
5697.34335 -5.74002e-18
5698.48925 -1.22193e-17
5699.63407 -1.13986e-17
5700.77889 -9.77785e-18
5701.92371 -1.06572e-17
5703.06961 -4.53643e-18
5704.21442 -2.01575e-18
5705.35924 -1.40951e-17
5706.50514 -6.67438e-18
5707.64996 -2.85373e-18
5708.79586 -1.56331e-17
5709.94068 -1.61240e-18
5711.08658  2.70825e-18
5712.23139 -1.46711e-17
5713.37729 -2.55047e-18
5714.52211 -3.92986e-18
5715.66801 -1.29092e-17
5716.81391 -1.29886e-17
5717.95981 -1.25680e-17
5719.10570 -8.64738e-18
5720.25052 -7.62680e-18
5721.39750 -1.60062e-17
5722.54232  8.14383e-19
5723.68822 -1.35650e-17
5724.83412 -9.34447e-18
5725.98001 -2.12391e-18
5727.12699  4.79667e-18
5728.27289 -1.12828e-17
5729.41879 -4.06223e-18
5730.56468 -1.32417e-17
5731.71058 -1.52117e-18
5732.85648 -5.60066e-18
5734.00346 -6.48012e-18
5735.14935 -1.46596e-17
5736.29633 -8.03909e-18
5737.44223 -8.41860e-18
5738.58921  1.20191e-18
5739.73510 -1.58776e-17
5740.88208 -1.33571e-17
5742.02798  1.36335e-18
5743.17496 -2.01617e-18
5744.32085 -4.79572e-18
5745.46783 -9.17525e-18
5746.61481 -1.35479e-18
5747.76179 -1.03434e-18
5748.90768 -8.21391e-18
5750.05466 -8.49346e-18
5751.20164 -1.04730e-17
5752.34861 -1.15526e-17
5753.49559 -1.67322e-17
5754.64257 -1.04118e-17
5755.78955 -8.69136e-18
5756.93652 -6.77096e-18
5758.08350 -1.06506e-17
5759.23048 -1.23017e-18
5760.37853 -8.09764e-19
5761.52551 -5.28939e-18
5762.67249 -7.96902e-18
5763.82054 -8.04863e-18
5764.96752 -1.18283e-17
5766.11558 -9.30790e-18
5767.26255 -1.25876e-17
5768.41061  3.32811e-19
5769.55759 -5.24686e-18
5770.70456 -3.72652e-18
5771.85262 -1.68062e-17
5773.00067 -1.01858e-17
5774.14765 -1.23655e-17
5775.29571 -1.69452e-17
5776.44376 -1.05249e-17
5777.59182 -3.90456e-18
5778.73880 -1.32843e-17
5779.88685 -1.02640e-17
5781.03491 -9.34367e-18
5782.18296 -1.32234e-17
5783.33102 -9.10309e-18
5784.47908 -1.77828e-17
5785.62713 -1.08625e-17
5786.77519 -1.47423e-17
5787.92324 -1.33220e-17
5789.07130 -3.60173e-18
5790.22044 -3.88146e-18
5791.36849 -1.80612e-17
5792.51655 -1.24410e-17
5793.66460 -1.61207e-17
5794.81374 -8.80047e-18
5795.96179 -1.60802e-17
5797.11093 -2.16600e-17
5798.25899 -1.38398e-17
5799.40812 -6.71955e-18
5800.55618 -8.29934e-18
5801.70423 -7.77914e-18
5802.85337 -1.00589e-17
5804.00250 -7.38702e-19
5805.15056 -8.01851e-18
5806.29969 -1.45983e-17
5807.44883 -1.44781e-17
5808.59796 -1.41579e-17
5809.74710 -7.13774e-18
5810.89515 -1.14176e-17
5812.04537 -1.76974e-17
5813.19342 -9.37721e-18
5814.34256 -1.08570e-17
5815.49169 -1.28369e-17
5816.64083 -1.14167e-17
5817.78996 -7.19656e-18
5818.94018 -6.57639e-18
5820.08931 -4.45625e-18
5821.23845 -6.03611e-18
5822.38758 -5.11596e-18
5823.53780 -9.69581e-18
5824.68693 -1.23757e-17
5825.83607 -4.15556e-18
5826.98628 -1.16354e-17
5828.13542 -8.61531e-18
5829.28563 -8.99518e-18
5830.43477 -1.27751e-17
5831.58498 -4.25494e-18
5832.73412 -7.23485e-18
5833.88433 -1.15147e-17
5835.03454 -1.63946e-17
5836.18368 -4.67454e-18
5837.33389 -1.15544e-17
5838.48411  3.65664e-19
5839.63432 -7.51424e-18
5840.78346 -1.03942e-17
5841.93367 -2.07409e-18
5843.08388  4.59879e-20
5844.23410 -1.24339e-17
5845.38431 -4.71385e-18
5846.53453 -1.12938e-17
5847.68474 -8.57372e-18
5848.83495 -3.45366e-18
5849.98625 -1.43359e-18
5851.13646 -6.61352e-18
5852.28667  1.50652e-18
5853.43689 -5.37343e-18
5854.58818 -4.25337e-18
5855.73840 -1.33335e-19
5856.88969 -1.88133e-17
5858.03990 -2.89324e-18
5859.19012 -1.41732e-17
5860.34141 -1.45532e-17
5861.49162 -8.03315e-18
5862.64292 -9.13108e-19
5863.79313 -1.19309e-18
5864.94442 -7.97306e-18
5866.09572 -8.65303e-18
5867.24701 -1.50330e-17
5868.39722 -4.51301e-18
5869.54852 -1.34930e-17
5870.69981 -1.06730e-17
5871.85110 -5.05297e-18
5873.00239 -1.01330e-17
5874.15369 -1.01295e-18
5875.30498 -2.99295e-18
5876.45519 -8.97297e-18
5877.60649 -4.75298e-18
5878.75778 -1.11330e-17
5879.91015 -4.91297e-18
5881.06145 -1.69299e-18
5882.21274 -8.47301e-18
5883.36403 -1.03530e-17
5884.51640 -3.23304e-18
5885.66770 -5.61306e-18
5886.81899  4.20691e-18
5887.97136 -5.17310e-18
5889.12265 -6.75314e-18
5890.27395 -1.41332e-17
5891.42632 -8.13195e-19
5892.57761 -6.29323e-18
5893.72998 -6.97327e-18
5894.88236 -3.53289e-19
5896.03473 -1.67333e-17
5897.18602 -1.03134e-17
5898.33839 -1.47934e-17
5899.48969 -9.07347e-18
5900.64314 -6.05350e-18
5901.79443 -1.08336e-17
5902.94680 -4.21362e-18
5904.09917 -4.79366e-18
5905.25155 -4.87372e-18
5906.40392 -1.95377e-18
5907.55629 -2.03383e-18
5908.70866 -2.01388e-18
5909.86103 -3.09395e-18
5911.01341 -1.07402e-18
5912.16686 -5.75407e-18
5913.31923 -2.23413e-18
5914.47160 -1.02142e-17
5915.62397 -5.39428e-18
5916.77742 -2.47433e-18
5917.92980  7.45588e-19
5919.08217 -6.53449e-18
5920.23562 -5.01456e-18
5921.38799 -7.99464e-18
5922.54144 -1.42747e-17
5923.69381 -1.13548e-17
5924.84727 -4.43487e-18
5925.99964 -9.14964e-19
5927.15309 -7.39504e-18
5928.30654 -7.17512e-18
5929.45999  8.44803e-19
5930.61236 -1.53530e-18
5931.76581 -2.01539e-18
5932.91926 -4.95465e-19
5934.07272 -8.57556e-18
5935.22509 -1.65567e-18
5936.37962  1.26427e-18
5937.53307  9.28417e-18
5938.68652 -1.29593e-18
5939.83997 -3.67602e-18
5940.99342 -9.56118e-19
5942.14687 -2.53622e-18
5943.30032 -7.81633e-18
5944.45377 -8.96422e-19
5945.60830  7.23485e-19
5946.76176  3.43379e-19
5947.91521 -2.36723e-19
5949.06974 -2.81682e-18
5950.22319  1.00307e-18
5951.37664 -1.87704e-18
5952.53117 -5.55714e-18
5953.68462  4.26274e-18
5954.83915 -2.31735e-18
5955.99368 -5.99745e-18
5957.14713 -4.97757e-18
5958.30166 -1.42577e-17
5959.45511 -3.37794e-19
5960.60964 -1.25179e-17
5961.76417  2.01998e-19
5962.91870 -6.78113e-19
5964.07323 -3.65821e-18
5965.22668  7.36165e-18
5966.38121 -7.18459e-19
5967.53574 -7.59857e-18
5968.69027  4.22132e-18
5969.84480  3.34120e-18
5970.99933 -4.38915e-19
5972.15386 -9.81903e-18
5973.30947 -5.59913e-18
5974.46292 -3.67927e-18
5975.61853  2.44063e-18
5976.77306  2.06051e-18
5977.92759  2.88039e-18
5979.08320 -2.79972e-18
5980.23773 -6.67984e-18
5981.39226 -7.55996e-18
5982.54787 -8.34008e-18
5983.70240  3.57980e-18
5984.85801 -3.10031e-18
5986.01254 -1.48043e-18
5987.16815 -3.66054e-18
5988.32268 -1.04068e-18
5989.47829 -4.42078e-18
5990.63390 -1.57009e-17
5991.78950 -6.48101e-18
5992.94403 -5.66114e-18
5994.09964 -1.10413e-17
5995.25525 -5.22136e-18
5996.41086 -7.70149e-18
5997.56539 -8.38162e-18
5998.72208  5.38283e-19
5999.87661 -9.54186e-18
6001.03222 -4.22197e-18
6002.18891 -2.40207e-18
6003.34452  8.11782e-18
6004.50012 -1.46231e-18
6005.65573 -8.34243e-18
6006.81134 -1.02255e-18
6007.96695  2.29732e-18
6009.12256  3.81721e-18
6010.27925 -6.26289e-18
6011.43486 -5.64302e-18
6012.59047 -6.32314e-18
6013.74715 -9.50325e-18
6014.90276 -7.88336e-18
6016.05945 -5.46347e-18
6017.21506 -6.94358e-18
6018.37175 -5.42370e-18
6019.52736 -2.90382e-18
6020.68405 -4.78392e-18
6021.84073 -8.26403e-18
6022.99634 -8.14415e-18
6024.15303 -9.12426e-18
6025.30972 -5.60436e-18
6026.46641 -7.18447e-18
6027.62309  5.35431e-19
6028.77978 -4.44468e-18
6029.93539 -8.24798e-19
6031.09208 -7.40491e-18
6032.24877 -5.38502e-18
6033.40546 -1.05651e-17
6034.56214 -7.04523e-18
6035.71883 -3.02533e-18
6036.87552 -4.00544e-18
6038.03329  3.61448e-18
6039.18997 -2.36563e-18
6040.34666 -5.24573e-18
6041.50443 -2.92582e-18
6042.66112 -3.40592e-18
6043.81781 -3.98603e-18
6044.97557 -5.76611e-18
6046.13226 -5.54622e-18
6047.28895 -3.02633e-18
6048.44672 -4.00641e-18
6049.60448 -7.18650e-18
6050.76117 -9.26660e-18
6051.91894 -1.54668e-18
6053.07563 -3.02678e-18
6054.23339 -9.20687e-18
6055.39008 -1.86963e-19
6056.54785 -5.46705e-18
6057.70561 -3.34713e-18
6058.86338 -5.27214e-19
6060.02115 -2.40729e-18
6061.17892 -5.28737e-18
6062.33668 -1.56745e-18
6063.49445 -5.34753e-18
6064.65222 -8.32761e-18
6065.80998  2.19231e-18
6066.96775 -9.88776e-18
6068.12552 -1.06785e-18
6069.28328 -4.24792e-18
6070.44105 -5.22800e-18
6071.59882 -9.70807e-18
6072.75767 -6.28813e-18
6073.91543 -1.14682e-17
6075.07320 -4.14828e-18
6076.23097  1.47165e-18
6077.38981  3.09160e-18
6078.54758 -5.88847e-18
6079.70642  9.31478e-19
6080.86419 -1.04859e-18
6082.02304 -9.28639e-19
6083.18080 -8.20871e-18
6084.33965  1.71125e-18
6085.49850 -4.06881e-18
6086.65626 -4.14887e-18
6087.81511 -7.02892e-18
6088.97396  3.79104e-18
6090.13280 -2.08901e-18
6091.29057 -5.06907e-18
6092.44942  2.50889e-19
6093.60826 -3.29148e-19
6094.76711 -4.00919e-18
6095.92595 -2.98923e-18
6097.08480 -4.86926e-18
6098.24364 -4.54930e-18
6099.40249 -1.12934e-18
6100.56134 -4.90938e-18
6101.72018 -2.78940e-18
6102.87903 -1.06944e-18
6104.03895 -3.84945e-18
6105.19780 -1.62948e-18
6106.35665 -4.10951e-18
6107.51657 -5.48952e-18
6108.67542 -3.66955e-18
6109.83426  2.25043e-18
6110.99419  1.97042e-18
6112.15303  2.19039e-18
6113.31296  3.01039e-18
6114.47181  4.73037e-18
6115.63173  7.65037e-18
6116.79058  4.17035e-18
6117.95050 -3.20965e-18
6119.11043  2.51036e-18
6120.26927 -1.66966e-18
6121.42920 -6.44965e-18
6122.58912 -5.22965e-18
6123.74797 -3.40965e-18
6124.90789  4.41035e-18
6126.06890 -4.69614e-19
6127.22774 -4.94962e-18
6128.38767 -3.02960e-18
6129.54759  2.90413e-19
6130.70752  1.41043e-18
6131.86744 -1.66955e-18
6133.02737 -1.25495e-17
6134.18837 -6.82950e-18
6135.34830 -9.09470e-19
6136.50822  3.61055e-18
6137.66815 -2.86942e-18
6138.82807 -6.04939e-18
6139.98908 -4.62935e-18
6141.14900 -3.90931e-18
6142.31001  9.10742e-19
6143.46993  1.83077e-18
6144.63093 -2.44917e-18
6145.79086  1.37086e-18
6146.95078  3.09090e-18
6148.11179 -2.38904e-18
6149.27171  5.31004e-19
6150.43272  4.51071e-19
6151.59372  2.47114e-18
6152.75365  3.29118e-18
6153.91465 -3.88747e-19
6155.07565  8.23132e-18
6156.23666 -7.48607e-19
6157.39658 -1.42855e-18
6158.55759 -1.30848e-18
6159.71967  2.61162e-18
6160.87960  1.43168e-18
6162.04060 -3.94824e-18
6163.20160 -3.22816e-18
6164.36261 -4.10807e-18
6165.52361 -2.98799e-18
6166.68462 -3.96790e-18
6167.84670 -4.84779e-18
6169.00770  8.57230e-18
6170.16871  3.99239e-18
6171.32971  6.31250e-18
6172.49071  5.93259e-18
6173.65280 -3.54729e-18
6174.81380  5.17282e-18
6175.97588  2.39293e-18
6177.13689 -5.08696e-18
6178.29897 -2.16683e-18
6179.45997 -4.64673e-18
6180.62206 -1.72659e-18
6181.78306  2.89352e-18
6182.94514 -1.38635e-18
6184.10723  3.53379e-18
6185.26823  5.15392e-18
6186.43031  5.07405e-18
6187.59132 -2.00582e-18
6188.75340  2.01433e-18
6189.91548  1.93447e-18
6191.07757 -1.34538e-18
6192.23965  1.17477e-18
6193.40173  1.89492e-18
6194.56382  7.11508e-18
6195.72590 -3.64757e-19
6196.88798 -6.64460e-18
6198.05007 -6.12444e-18
6199.21215 -1.20427e-18
6200.37423  3.11590e-18
6201.53631 -6.63935e-19
6202.69840  2.35624e-18
6203.86156  8.17644e-18
6205.02364 -5.40340e-18
6206.18573 -8.83214e-19
6207.34889 -3.46301e-18
6208.51097  2.75718e-18
6209.67305  1.77351e-19
6210.83622 -4.00244e-18
6211.99830 -8.28225e-18
6213.16146 -3.16204e-18
6214.32462 -5.44182e-18
6215.48671  5.47837e-18
6216.64987  3.19860e-18
6217.81195  1.87919e-20
6218.97511 -3.26098e-18
6220.13720  7.59228e-19
6221.30036  1.17945e-18
6222.46352 -3.20032e-18
6223.62668 -3.68008e-18
6224.78984  2.84016e-18
6225.95301  5.46039e-18
6227.11617  3.38063e-18
6228.27933  4.10088e-18
6229.44141  2.21105e-19
6230.60565 -4.05863e-18
6231.76882  3.16162e-18
6232.93198  4.38187e-18
6234.09514  7.00213e-18
6235.25830 -1.27762e-18
6236.42146  9.42642e-19
6237.58463 -7.33709e-18
6238.74887 -9.16806e-19
6239.91203  6.03458e-19
6241.07519  2.12373e-18
6242.23943 -1.75598e-18
6243.40259  7.64303e-19
6244.56683  5.48461e-18
6245.73000  1.70487e-18
6246.89424 -2.97482e-18
6248.05740 -1.65453e-18
6249.22164  5.16578e-18
6250.38480 -4.13933e-19
6251.54904  2.50638e-18
6252.71328 -1.57330e-18
6253.87753 -3.52976e-19
6255.04069 -2.53268e-18
6256.20493 -7.61236e-18
6257.36917 -6.92028e-19
6258.53341  1.04283e-17
6259.69765  6.48639e-19
6260.86081 -3.23105e-18
6262.02506  5.78929e-18
6263.19038  1.00964e-18
6264.35354 -2.07002e-18
6265.51778 -2.74968e-18
6266.68310  3.07069e-18
6267.84734 -7.08965e-19
6269.01158 -5.38860e-18
6270.17582  3.73175e-18
6271.34006  3.15212e-18
6272.50538  2.57249e-18
6273.66962 -2.20715e-18
6274.83386  3.51323e-18
6275.99810  4.03360e-18
6277.16342 -1.34601e-18
6278.32767 -2.32563e-18
6279.49299 -5.23440e-21
6280.65723 -4.38485e-18
6281.82255 -1.86444e-18
6282.98679 -2.24405e-18
6284.15211 -3.62365e-18
6285.31743  3.69676e-18
6286.48167 -3.28283e-18
6287.64699 -4.16242e-18
6288.81231  2.15800e-18
6289.97763 -2.62157e-18
6291.14187  2.29883e-18
6292.30719  1.19268e-19
6293.47251 -1.56030e-18
6294.63783 -6.33986e-18
6295.80315 -3.41942e-18
6296.96847  3.00102e-18
6298.13379  1.12146e-18
6299.29911  7.41913e-19
6300.46443 -1.01376e-17
6301.62975 -7.61718e-18
6302.79507 -1.59672e-18
6303.96039 -4.87626e-18
6305.12679 -1.55778e-19
6306.29211  8.64685e-19
6307.45743  5.68515e-18
6308.62275  3.10563e-18
6309.78915  1.92612e-18
6310.95447  2.54660e-18
6312.12087  3.56710e-18
6313.28619  4.08759e-18
6314.45259  2.50808e-18
6315.61791  5.28577e-19
6316.78323 -1.55093e-18
6317.94963  2.06959e-18
6319.11602  3.59011e-18
6320.28134 -5.89389e-19
6321.44774  3.13114e-18
6322.61414  8.51667e-19
6323.77946  3.47217e-18
6324.94586 -3.90730e-18
6326.11226  3.91324e-18
6327.27866  4.03378e-18
6328.44506 -2.14567e-18
6329.61146 -4.72512e-18
6330.77678  7.95402e-19
6331.94426 -1.18402e-18
6333.11065 -5.63472e-19
6334.27705  3.45709e-18
6335.44345  4.87765e-18
6336.60985  3.19821e-18
6337.77625  1.21878e-18
6338.94265 -2.86064e-18
6340.10905 -8.40071e-19
6341.27653  3.18053e-18
6342.44292 -3.59889e-18
6343.61040 -2.27829e-18
6344.77680 -9.57711e-19
6345.94320  4.76288e-18
6347.10960  2.83473e-19
6348.27708  6.50409e-18
6349.44348 -3.57531e-18
6350.61096  3.74531e-18
6351.77735  2.06592e-18
6352.94483 -4.13450e-19
6354.11231 -1.92821e-19
6355.27871  2.72780e-18
6356.44619  2.44843e-18
6357.61366 -8.30933e-19
6358.78006  5.38969e-18
6359.94754  4.81034e-18
6361.11502  1.03099e-18
6362.28250 -1.84836e-18
6363.44998 -3.27701e-19
6364.61745 -2.80704e-18
6365.78493  1.21363e-18
6366.95133  1.03427e-18
6368.11989  2.85496e-18
6369.28737 -3.82437e-18
6370.45484  8.96310e-19
6371.62232  6.61699e-18
6372.78980 -2.26233e-18
6373.95728  4.65836e-18
6375.12476  7.47904e-18
6376.29331  3.79975e-18
6377.46079  5.72045e-18
6378.62827  4.94114e-18
6379.79683  5.61862e-19
6380.96430  1.78257e-18
6382.13178  3.40328e-18
6383.30034 -5.75994e-19
6384.46782 -8.55278e-19
6385.63637 -5.03454e-18
6386.80385 -1.13818e-19
6387.97241  8.70692e-18
6389.13989  2.12765e-18
6390.30844  6.34840e-18
6391.47700  5.06916e-18
6392.64448  9.89894e-19
6393.81304  6.71065e-18
6394.98159  1.31414e-19
6396.15015 -2.14782e-18
6397.31871 -2.12705e-18
6398.48726  1.29372e-18
6399.65582  1.71450e-18
6400.82330  1.93526e-18
6401.99186  4.45604e-18
6403.16041  4.17682e-18
6404.32897  6.19761e-18
6405.49753  5.81840e-18
6406.66608  2.83920e-18
6407.83464  2.56000e-18
6409.00428  4.68082e-18
6410.17283  7.01624e-19
6411.34139 -3.17757e-18
6412.50995 -8.56759e-19
6413.67958 -1.43592e-18
6414.84814  1.78489e-18
6416.01670 -2.09429e-18
6417.18633 -2.17344e-18
6418.35489  1.05474e-17
6419.52345  7.68216e-19
6420.69308 -1.41093e-18
6421.86272 -5.29007e-18
6423.03128  5.83077e-18
6424.20091  4.55163e-18
6425.36947  2.37248e-18
6426.53911  1.49334e-18
6427.70874  1.91422e-18
6428.87838  6.83509e-18
6430.04694  2.45595e-18
6431.21657  2.67683e-18
6432.38621  3.97720e-19
6433.55476  6.51859e-18
6434.72440  1.53948e-18
6435.89404 -6.13963e-18
6437.06367 -3.18728e-19
6438.23331  3.90217e-18
6439.40294  2.23077e-19
6440.57258  1.94398e-18
6441.74222  5.46490e-18
6442.91185  3.28581e-18
6444.08149  1.60673e-18
6445.25220  3.22766e-18
6446.42184  4.48588e-19
6447.59147  1.36951e-18
6448.76219  1.19046e-18
6449.93183  3.11397e-19
6451.10146 -3.56767e-18
6452.27110  2.25327e-18
6453.44181 -2.57634e-20
6454.61145  2.49518e-18
6455.78216  1.71616e-18
6456.95180  8.37110e-19
6458.12252 -4.04191e-18
6459.29215 -3.62095e-18
6460.46287 -2.99974e-19
6461.63250  2.02099e-18
6462.80322 -1.58021e-19
6463.97393  1.16297e-18
6465.14357 -3.21606e-18
6466.31428 -1.69506e-18
6467.48500 -8.74064e-19
6468.65571 -2.05306e-18
6469.82535 -2.53207e-18
6470.99606  3.88940e-19
6472.16678  1.80995e-18
6473.33749 -1.16903e-18
6474.50821 -8.48006e-19
6475.67892 -5.26984e-19
6476.84964  2.59404e-18
6478.02035  1.50696e-20
6479.19107 -2.56390e-18
6480.36178 -3.74287e-18
6481.53358  7.27819e-18
6482.70429  9.92302e-20
6483.87501 -7.97237e-20
6485.04572  2.84132e-18
6486.21752 -2.43760e-18
6487.38823  2.83457e-19
6488.55895 -1.29549e-18
6489.73074  5.25587e-19
6490.90146  7.04665e-18
6492.07325 -4.83227e-18
6493.24396  5.48880e-18
6494.41468 -5.39012e-18
6495.58647 -5.69029e-19
6496.75827  2.25207e-18
6497.92898 -9.26853e-19
6499.10078 -3.90574e-18
6500.27149 -3.88466e-18
6501.44329 -1.63545e-19
6502.61508  2.75757e-18
6503.78687 -3.22132e-18
6504.95759  8.99779e-19
6506.12938  3.32090e-18
6507.30118  2.84202e-18
6508.47297  9.26316e-18
6509.64477 -1.15709e-19
6510.81656 -3.94575e-19
6511.98835 -3.73441e-19
6513.16015 -1.45230e-18
6514.33194  1.68842e-19
6515.50374  1.88998e-18
6516.67553  1.21113e-18
6517.84732 -5.26770e-18
6519.01912 -2.44655e-18
6520.19091  4.74603e-19
6521.36378  4.89578e-18
6522.53558 -2.18305e-18
6523.70737 -5.46189e-18
6524.88024  3.85930e-18
6526.05204  1.88048e-18
6527.22383  5.10165e-18
6528.39671  2.12285e-18
6529.56850  1.01440e-17
6530.74137  6.46523e-18
6531.91317 -3.31358e-18
6533.08604 -5.92372e-19
6534.25783  6.12883e-18
6535.43071  3.85004e-18
6536.60250 -4.82876e-18
6537.77537 -1.80754e-18
6538.94825 -2.28632e-18
6540.12112 -2.65095e-19
6541.29399 -9.43858e-19
6542.46579  9.77355e-19
6543.63866  2.69859e-18
6544.81153 -2.78017e-18
6545.98441 -4.15894e-18
6547.15728  7.62306e-19
6548.32907  4.38354e-18
6549.50195 -9.52118e-20
6550.67482 -3.73962e-19
6551.84877  2.14732e-18
6553.02164 -3.31431e-19
6554.19452  2.89834e-19
6555.36739 -5.38890e-18
6556.54026  3.73236e-18
6557.71314  5.53629e-19
6558.88709 -3.72508e-18
6560.05996 -4.60381e-18
6561.23283 -2.68252e-18
6562.40571 -4.61249e-19
6563.57966  6.00500e-20
6564.75253 -4.18664e-19
6565.92540 -1.59738e-18
6567.09936 -2.47606e-18
6568.27223 -5.15477e-18
6569.44618 -4.83346e-18
6570.62013  2.88785e-18
6571.79301 -1.29085e-18
6572.96696 -1.66952e-18
6574.13983  2.25179e-18
6575.31378 -3.42688e-18
6576.48774 -2.10556e-18
6577.66061  2.15757e-19
6578.83456 -1.16290e-18
6580.00851  1.58433e-19
6581.18246  1.87977e-18
6582.35642  1.01113e-19
6583.52929 -6.27756e-18
6584.70324 -2.35621e-18
6585.87719  2.06514e-18
6587.05115 -3.51351e-18
6588.22510 -5.79215e-18
6589.39905 -8.70786e-19
6590.57300  1.45057e-18
6591.74695  3.57194e-18
6592.92091 -1.20670e-18
6594.09594  4.51469e-18
6595.26989  9.36059e-19
6596.44384 -1.94257e-18
6597.61779 -1.62120e-18
6598.79174  2.00018e-18
6599.96678 -2.47841e-18
6601.14073 -6.57031e-19
6602.31576 -1.83563e-18
6603.48971 -2.51424e-18
6604.66366 -3.39285e-18
6605.83869 -2.71438e-19
6607.01265  3.64996e-18
6608.18768  3.27137e-18
6609.36163 -8.07226e-19
6610.53666  5.14194e-19
6611.71061  2.83560e-18
6612.88564  1.55702e-18
6614.05959  5.97844e-18
6615.23463 -4.50014e-18
6616.40966 -2.97871e-18
6617.58469 -7.57277e-19
6618.75972  1.66416e-18
6619.93367  3.68558e-18
6621.10870  2.50702e-18
6622.28373 -9.71537e-19
6623.45876 -2.85009e-18
6624.63379 -3.62864e-18
6625.80883 -5.90719e-18
6626.98386  6.14266e-19
6628.15889  2.83572e-18
6629.33392  4.05717e-18
6630.50895  2.78629e-19
6631.68398  5.80009e-18
6632.85901  5.12156e-18
6634.03512 -3.95696e-18
6635.21015 -2.83549e-18
6636.38518  6.85974e-19
6637.56021 -5.69256e-18
6638.73632  7.02893e-18
6639.91136  4.65041e-18
6641.08639  4.17189e-18
6642.26250 -3.10662e-18
6643.43753 -3.48513e-18
6644.61256  2.36350e-19
6645.78867 -1.44215e-18
6646.96370 -2.62066e-18
6648.13981 -4.39915e-18
6649.31592  4.22358e-19
6650.49095  1.43848e-19
6651.66598 -1.03465e-18
6652.84209 -1.61314e-18
6654.01820 -3.69162e-18
6655.19431  1.62990e-18
6656.36934 -1.48603e-19
6657.54545  3.77292e-18
6658.72156  1.29444e-18
6659.89767  4.31597e-18
6661.07378  2.37495e-19
6662.24989  2.65902e-18
6663.42492 -3.19456e-19
6664.60211  3.30209e-18
6665.77822  1.52363e-18
6666.95325  5.54515e-18
6668.12936  2.96668e-18
6669.30655  2.28824e-18
6670.48266  4.09790e-19
6671.65877  2.43133e-18
6672.83488  3.95287e-18
6674.01099  9.74425e-19
6675.18710  2.59596e-18
6676.36429 -2.82467e-19
6677.54040 -6.60906e-19
6678.71651 -3.93572e-20
6679.89262 -1.21781e-18
6681.06981 -6.96223e-19
6682.24592  5.52533e-18
6683.42311  3.84690e-18
6684.59922 -1.83153e-18
6685.77641 -1.10995e-18
6686.95252 -2.28839e-18
6688.12971 -2.16680e-18
6689.30582 -1.74524e-18
6690.48301 -3.12365e-18
6691.66020  5.99794e-18
6692.83631  1.71951e-18
6694.01349  3.64109e-18
6695.18960  2.06267e-18
6696.36679  4.08426e-18
6697.54398 -1.89414e-18
6698.72117  4.02746e-18
6699.89836  1.49053e-19
6701.07447  5.57064e-18
6702.25166  6.92233e-19
6703.42885 -2.18617e-18
6704.60604 -5.36456e-18
6705.78323 -5.94296e-18
6706.96042 -5.82136e-18
6708.13760  2.50025e-18
6709.31479 -1.47814e-18
6710.49198  3.04346e-18
6711.67025  6.56510e-18
6712.84744 -5.41330e-18
6714.02463  1.10832e-18
6715.20182 -5.17007e-18
6716.37901 -1.44846e-18
6717.55620  4.27316e-18
6718.73446 -4.20521e-18
6719.91165  4.71642e-18
6721.08992  3.73805e-18
6722.26711  2.45966e-18
6723.44430  1.38129e-18
6724.62257 -2.49707e-18
6725.79976  2.12454e-18
6726.97802 -3.53810e-19
6728.15521 -1.43219e-18
6729.33348  2.38946e-18
6730.51067 -9.88919e-19
6731.68894  4.63272e-18
6732.86721  3.55437e-18
6734.04439  8.75994e-19
6735.22266  3.97649e-19
6736.40093  1.92965e-20
6737.57812  7.64092e-18
6738.75639  1.06257e-18
6739.93466  3.84220e-19
6741.11292 -1.39413e-18
6742.29119 -4.72476e-19
6743.46946 -7.50817e-19
6744.64665 -1.12919e-18
6745.82492 -5.30754e-18
6747.00426  1.21414e-18
6748.18253 -1.96421e-18
6749.36080  5.05745e-18
6750.53907 -2.20897e-19
6751.71734  7.00754e-19
6752.89560  1.12242e-18
6754.07387 -8.55928e-19
6755.25214  6.57360e-20
6756.43041 -1.11261e-18
6757.60976  2.90907e-18
6758.78802  9.30725e-19
6759.96629 -1.54762e-18
6761.14456 -2.22596e-18
6762.32391  1.59572e-18
6763.50217  2.17386e-19
6764.68152  3.93906e-18
6765.85979  2.86073e-18
6767.03914 -4.01760e-18
6768.21740 -3.19594e-18
6769.39675  3.25745e-19
6770.57502  4.64740e-18
6771.75437 -1.63091e-18
6772.93263 -7.09253e-19
6774.11198  1.41243e-18
6775.29133 -2.66589e-18
6776.46960  2.45578e-18
6777.64894 -3.22547e-19
6778.82829 -6.00087e-18
6780.00764  1.12082e-18
6781.18698  2.42495e-19
6782.36525  4.16416e-18
6783.54460 -5.35416e-18
6784.72395  3.50753e-18
6785.90329  3.29203e-19
6787.08264 -2.84911e-18
6788.26199  1.57256e-18
6789.44133 -2.50575e-18
6790.62068  5.61593e-18
6791.80003  2.53762e-18
6792.97937  2.35929e-18
6794.15872  1.98096e-18
6795.33807  1.00265e-18
6796.51742 -1.97567e-18
6797.69676 -2.05399e-18
6798.87719 -2.13229e-18
6800.05654  2.88939e-18
6801.23588  7.91106e-18
6802.41631  7.32765e-19
6803.59566 -6.48556e-18
6804.77500  1.37612e-18
6805.95543 -2.02188e-19
6807.13478  3.61949e-18
6808.31520  4.11787e-20
6809.49455  2.16286e-18
6810.67390 -1.51547e-18
6811.85432  5.20623e-18
6813.03367  2.82790e-18
6814.21410 -3.25040e-18
6815.39452  1.47128e-18
6816.57387 -1.50704e-18
6817.75429  1.21465e-18
6818.93472  1.83634e-18
6820.11515  5.58023e-19
6821.29449 -3.82030e-18
6822.47492 -2.98619e-19
6823.65535  1.92307e-18
6824.83577  2.44475e-18
6826.01512  7.86642e-18
6827.19662  2.38812e-18
6828.37597 -4.90210e-19
6829.55640 -4.13853e-18
6830.73682 -1.74685e-18
6831.91725  1.77483e-18
6833.09767  2.79651e-18
6834.27918  6.11820e-18
6835.45853  5.63987e-18
6836.64003 -2.53844e-18
6837.82046  3.48324e-18
6839.00088  4.04907e-19
6840.18131 -3.47341e-18
6841.36281 -2.05173e-18
6842.54324  3.69947e-19
6843.72367  1.99161e-18
6844.90409  8.13282e-19
6846.08452 -1.36505e-18
6847.26602  5.05663e-18
6848.44645 -8.58171e-18
6849.62687 -3.30004e-18
6850.80838  7.22165e-18
6851.98881  5.44330e-18
6853.17031  1.56499e-18
6854.35074 -2.13362e-19
6855.53224  4.08316e-19
6856.71375  2.72999e-18
6857.89417  4.55164e-18
6859.07568 -1.92669e-18
6860.25718  3.49498e-18
6861.43761  7.91663e-18
6862.61911  4.43829e-18
6863.80062  8.45996e-18
6864.98104  6.18161e-18
6866.16255  9.03270e-19
6867.34405  3.24926e-19
6868.52556  5.46586e-19
6869.70706 -2.83176e-18
6870.88857 -1.01040e-20
6872.07007 -2.08846e-18
6873.25050 -3.23682e-18
6874.43308  8.85485e-18
6875.61351  1.77647e-18
6876.79502 -6.43188e-18
6877.97760 -8.80219e-19
6879.15910 -6.58576e-19
6880.34061 -4.91694e-18
6881.52211  9.84703e-19
6882.70362  2.40633e-18
6883.88512  1.02797e-18
6885.06771  2.54962e-18
6886.24921  3.67124e-18
6887.43072  6.49287e-18
6888.61330  1.02145e-17
6889.79481  3.83614e-18
6890.97631  1.15775e-18
6892.15782 -4.14062e-18
6893.34040  5.20102e-18
6894.52191  4.22263e-18
6895.70449  8.24426e-18
6896.88600 -2.13414e-18
6898.06858 -5.44251e-18
6899.25008  4.70910e-18
6900.43267 -1.26929e-18
6901.61417  4.52317e-19
6902.79676  6.27393e-18
6903.97934  6.79554e-18
6905.16085  7.11713e-18
6906.34343  1.83874e-18
6907.52601  3.06035e-18
6908.70752 -9.18074e-19
6909.89010  7.40353e-18
6911.07269  7.42512e-18
6912.25527  6.14672e-18
6913.43786  1.36832e-18
6914.62044  6.08990e-18
6915.80302  3.21149e-18
6916.98453  1.33049e-19
6918.16711  3.45463e-18
6919.34970  1.77621e-18
6920.53228 -1.00222e-18
6921.71486 -2.38064e-18
6922.89745  9.64092e-18
6924.08111 -1.37491e-19
6925.26370  2.84075e-19
6926.44628 -1.59437e-18
6927.62886  1.06272e-17
6928.81145  5.54875e-18
6929.99511  6.17031e-18
6931.17769  3.49186e-18
6932.36028  3.41340e-18
6933.54286  7.34943e-19
6934.72653  7.65650e-18
6935.90911  3.37803e-18
6937.09277  9.99958e-18
6938.27536  4.82111e-18
6939.45794  9.54263e-18
6940.64160  6.26417e-18
6941.82419  5.68569e-18
6943.00677  1.20720e-18
6944.19044  7.12873e-18
6945.37410  5.35025e-18
6946.55668  2.37176e-18
6947.74035  7.09328e-18
6948.92401  1.71479e-18
6950.10659  5.36286e-19
6951.29025  4.45780e-18
6952.47392  5.07929e-18
6953.65758  7.70080e-18
6954.84016  4.92227e-18
6956.02383  7.24377e-18
6957.20749  9.76525e-18
6958.39008  4.48672e-18
6959.57374  7.20820e-18
6960.75740  3.62967e-18
6961.94106  6.45114e-18
6963.12473  7.17262e-18
6964.30839  5.59408e-18
6965.49205  6.91554e-18
6966.67572  2.23700e-18
6967.85938  7.65845e-18
6969.04304  7.47989e-18
6970.22778  4.00136e-18
6971.41145  8.12280e-18
6972.59511  6.24423e-18
6973.77877  4.46567e-18
6974.96244  9.08709e-18
6976.14610  7.50851e-18
6977.33084  3.62995e-18
6978.51450  1.25137e-18
6979.69817  5.67277e-18
6980.88183  1.37942e-17
6982.06657  2.31560e-18
6983.25023  1.23699e-18
6984.43498  9.05840e-18
6985.61864  3.97979e-18
6986.80338  5.10118e-18
6987.98704  1.25226e-17
6989.17179  1.44396e-18
6990.35545  1.20653e-17
6991.54019  4.58670e-18
6992.72385  1.06081e-17
6993.90860  7.52943e-18
6995.09334  4.85080e-18
6996.27700  1.06721e-17
6997.46174  8.09351e-18
6998.64649  1.04148e-17
6999.83015  7.83618e-18
7001.01489  7.55753e-18
7002.19963  8.67886e-18
7003.38437  4.40020e-18
7004.56804  9.62150e-18
7005.75386  1.51428e-17
7006.93752  8.36414e-18
7008.12226  9.08545e-18
7009.30701  5.90675e-18
7010.49175  6.22805e-18
7011.67649  9.14935e-18
7012.86123  5.37065e-18
7014.04597  4.19192e-18
7015.23072  1.42132e-17
7016.41654  2.34497e-19
7017.60020  1.24557e-17
7018.78602  6.67702e-18
7019.97076  5.79828e-18
7021.15550  8.21953e-18
7022.34025  1.34078e-18
7023.52499  2.96202e-18
7024.71081  8.48327e-18
7025.89555  8.60449e-18
7027.08029  9.92572e-18
7028.26612  7.64696e-18
7029.45086  4.86817e-18
7030.63560  1.03894e-17
7031.82142  1.02106e-17
7033.00616  1.12318e-17
7034.19090  6.65296e-18
7035.37672  9.27416e-18
7036.56147  1.01953e-17
7037.74729  3.21653e-18
7038.93311  8.53770e-18
7040.11785  7.35886e-18
7041.30367  8.08003e-18
7042.48841  5.60118e-18
7043.67423  9.92233e-18
7044.86006  6.43479e-19
7046.04588  5.96462e-18
7047.23062  5.68575e-18
7048.41644  1.12069e-17
7049.60226  4.52799e-18
7050.78808  5.94911e-18
7051.97282  8.77020e-18
7053.15864  1.27913e-17
7054.34447  6.71240e-18
7055.53029  7.13350e-18
7056.71611  9.45457e-18
7057.90193  3.56540e-20
7059.08775  8.09672e-18
7060.27357  8.41779e-18
7061.45939  7.23885e-18
7062.64521  7.25989e-18
7063.83103  5.88094e-18
7065.01685  7.10198e-18
7066.20268  9.52301e-18
7067.38850  9.34402e-18
7068.57432  2.06504e-18
7069.76122  8.08607e-18
7070.94704  4.90707e-18
7072.13286  6.32806e-18
7073.31976  1.03491e-17
7074.50558  9.57004e-18
7075.69140  6.99102e-18
7076.87830  6.61199e-18
7078.06412  9.63295e-18
7079.24994  6.25390e-18
7080.43684  8.67487e-18
7081.62266  5.99579e-18
7082.80956  4.01674e-18
7083.99539  4.53766e-18
7085.18121  6.75857e-18
7086.36811  9.97950e-18
7087.55501  2.20041e-18
7088.74083  7.52130e-18
7089.92773  7.64220e-18
7091.11355  7.16307e-18
7092.30045  8.58395e-18
7093.48627  4.90481e-18
7094.67317  6.82568e-18
7095.86007  7.54654e-18
7097.04697  6.76739e-18
7098.23387  6.28823e-18
7099.41969  3.80905e-18
7100.60659  7.02987e-18
7101.79349  5.75070e-18
7102.98039  9.17151e-18
7104.16729  1.03923e-17
7105.35419  3.81310e-18
7106.54001  9.83387e-18
7107.72799  8.75467e-18
7108.91489  7.67544e-18
7110.10071  1.24962e-17
7111.28761  9.01693e-18
7112.47559  6.83769e-18
7113.66249  1.04584e-17
7114.84939  5.17916e-18
7116.03629  3.89987e-18
7117.22319  4.42058e-18
7118.41009  5.44128e-18
7119.59699  1.20620e-17
7120.78497  3.88268e-18
7121.97187  7.10335e-18
7123.15877  8.92401e-18
7124.34567  4.64467e-18
7125.53365  9.86534e-18
7126.72055  1.06860e-17
7127.90745  3.80660e-18
7129.09543  9.02724e-18
7130.28233  8.64785e-18
7131.46923  4.76845e-18
7132.65721  8.58907e-18
7133.84519  3.60967e-18
7135.03209  5.83024e-18
7136.22006  6.15082e-18
7137.40697  1.01714e-17
7138.59494  8.49194e-18
7139.78184  5.61248e-18
7140.96982  1.53330e-17
7142.15672  8.55354e-18
7143.34470  6.97407e-18
7144.53268  7.94582e-19
7145.72066  6.41509e-18
7146.90756  8.73557e-18
7148.09554  4.95606e-18
7149.28352  7.07653e-18
7150.47150  7.79700e-18
7151.65840  1.14174e-17
7152.84638  1.36379e-17
7154.03435  8.65833e-18
7155.22233  7.27875e-18
7156.41031  1.05992e-17
7157.59829  1.00196e-17
7158.78627  4.03997e-18
7159.97425  8.26036e-18
7161.16223  5.58074e-18
7162.35021  7.90111e-18
7163.53819  6.72146e-18
7164.72617  1.07418e-17
7165.91414  7.06214e-18
7167.10212  3.18246e-18
7168.29010  8.50278e-18
7169.47808  7.32308e-18
7170.66606  1.67338e-18
7171.85512  6.36368e-18
7173.04310  1.14839e-17
7174.23108  1.03042e-17
7175.41906  2.72446e-18
7176.60811  5.64472e-18
7177.79609  4.76495e-18
7178.98407  1.46516e-18
7180.17313  1.62539e-18
7181.36111  1.43558e-18
7182.55017  2.94578e-18
7183.73815  7.06596e-18
7184.92720  5.08614e-18
7186.11518  8.20629e-18
7187.30316  6.82643e-18
7188.49222  6.04658e-18
7189.68020  8.16669e-18
7190.86926  5.68157e-20
7192.05831  6.70693e-18
7193.24629  3.02701e-18
7194.43535  5.04710e-18
7195.62441  7.66718e-18
7196.81239  6.98724e-18
7198.00145  4.50729e-18
7199.19050  1.72733e-18
7200.37848  6.54734e-18
7201.56754  4.56736e-18
7202.75660  4.08737e-18
7203.94566  6.70737e-18
7205.13472  5.42735e-18
7206.32269  5.84731e-18
7207.51175  4.56727e-18
7208.70081  5.48722e-18
7209.88987  8.30716e-18
7211.07893  4.62707e-18
7212.26798  4.64699e-18
7213.45704  3.96689e-18
7214.64610  7.68677e-18
7215.83516  4.70665e-18
7217.02422  5.12652e-18
7218.21435  5.14638e-18
7219.40233  4.76621e-18
7220.59139  1.13860e-17
7221.78153  5.80586e-18
7222.97059  2.59566e-18
7224.15964  6.74544e-18
7225.34870  4.06522e-18
7226.53776  1.56498e-18
7227.72790  3.00475e-18
7228.91696  4.12449e-18
7230.10601  4.44421e-18
7231.29615  5.06394e-18
7232.48521  3.98364e-18
7233.67427  1.57333e-18
7234.86440  3.22302e-18
7236.05346  7.24267e-18
7237.24360  1.32623e-17
7238.43266  4.98196e-18
7239.62171  1.70159e-18
7240.81185  8.72121e-18
7242.00199  1.46408e-17
7243.19105  2.02040e-18
7244.38118  5.37998e-18
7245.57024  6.49954e-18
7246.76038  3.29093e-19
7247.94944  4.83862e-18
7249.13957  5.55815e-18
7250.32971  3.37664e-19
7251.51877  2.00714e-18
7252.70890  6.31663e-18
7253.89904  1.58610e-18
7255.08918  2.04556e-18
7256.27932 -1.18499e-18
7257.46837  6.49443e-18
7258.65851  5.61384e-18
7259.84865  6.63325e-18
7261.03878  2.39264e-18
7262.22892  5.07201e-18
7263.41798  6.19136e-18
7264.60812  5.91071e-18
7265.79933  5.83005e-18
7266.98839  2.98936e-18
7268.17853 -1.33755e-21
7269.36866  5.78795e-18
7270.55880  5.00722e-18
7271.75002 -6.35039e-20
7272.93908  3.16573e-18
7274.13029  9.49732e-20
7275.31935  6.78417e-18
7276.51057  5.90339e-18
7277.70070 -1.98742e-18
7278.89084  5.54175e-18
7280.08098  4.56091e-18
7281.27111  3.52005e-18
7282.46233  4.99194e-19
7283.65247  4.41830e-18
7284.84260  7.33740e-18
7286.03274  3.82649e-18
7287.22396  7.77557e-18
7288.41409  2.86462e-18
7289.60531  2.23673e-19
7290.79545  6.93270e-18
7291.98558 -4.28303e-19
7293.17680  4.06071e-18
7294.36694  3.07968e-18
7295.55815  4.80865e-18
7296.74829  7.62759e-18
7297.93951  8.14653e-18
7299.12964  9.16544e-18
7300.32086  9.68436e-18
7301.51207  4.50325e-18
7302.70221  3.15212e-18
7303.89343  3.57098e-18
7305.08356  5.25981e-18
7306.27478  5.97864e-18
7307.46600  2.50746e-18
7308.65721  1.86260e-19
7309.84735  1.96503e-18
7311.03857 -6.20220e-21
7312.22978  6.57255e-18
7313.41992  6.69127e-18
7314.61113  7.40999e-18
7315.80235 -1.48131e-18
7316.99357  2.67737e-18
7318.18478  6.96604e-18
7319.37600  4.04469e-18
7320.56614  1.10033e-17
7321.75735  1.84193e-18
7322.94857 -3.39463e-19
7324.13978  3.03912e-18
7325.33100  2.02769e-18
7326.52222  2.34624e-18
7327.71343  1.74478e-18
7328.90465  9.43294e-19
7330.09586  2.01795e-19
7331.28708  6.17028e-18
7332.47937  7.18756e-19
7333.67059  8.27208e-19
7334.86181  4.81563e-18
7336.05302  8.04405e-18
7337.24424  5.26245e-18
7338.43653  7.18084e-18
7339.62775  6.79920e-18
7340.81897  2.75755e-18
7342.01018  3.77587e-18
7343.20140  9.75418e-18
7344.39369  6.07249e-18
7345.58491  1.02908e-17
7346.77612  1.77902e-18
7347.96842  5.12727e-18
7349.15964  1.19549e-18
7350.35193  5.26370e-18
7351.54315  1.13189e-18
7352.73436 -1.81994e-18
7353.92666  2.99822e-18
7355.11787 -1.93653e-19
7356.31017  5.06447e-18
7357.50246  3.66258e-18
7358.69368 -1.83935e-18
7359.88597  2.74872e-18
7361.07719  4.79676e-18
7362.26949  5.74479e-18
7363.46178  1.47281e-18
7364.65300  4.20079e-18
7365.84529  4.04877e-18
7367.03759 -2.51327e-18
7368.22880  6.83465e-18
7369.42110 -4.57430e-19
7370.61231  1.56705e-17
7371.80569  8.08836e-18
7372.99690  6.50620e-18
7374.18920  4.97405e-18
7375.38149  5.84188e-18
7376.57271  1.94967e-18
7377.76608  3.70748e-18
7378.95838  2.40524e-18
7380.14959  6.01298e-18
7381.34189  5.14070e-18
7382.53419  3.69841e-18
7383.72648  3.66610e-18
7384.91878 -7.06227e-19
7386.11107 -3.08578e-19
7387.30336  9.41905e-18
7388.49566  6.33666e-18
7389.68796  4.84426e-18
7390.88025  9.67183e-18
7392.07362  5.24939e-18
7393.26592 -3.10308e-18
7394.45821  9.44433e-19
7395.65051  1.57193e-18
7396.84280  3.22940e-18
7398.03510  4.40685e-18
7399.22847  5.09429e-18
7400.42077  4.21170e-18
7401.61306  4.69909e-18
7402.80536 -7.93545e-19
7403.99765  2.53814e-19
7405.19103  2.73115e-18
7406.38332  7.89846e-18
7407.57670  6.21576e-18
7408.76899  7.33027e-19
7409.96129  1.89027e-18
7411.15466  9.67512e-19
7412.34695  3.33471e-18
7413.54033  3.83191e-18
7414.73262  6.41907e-18
7415.92492  5.40621e-18
7417.11829  8.35334e-18
7418.31059  5.53044e-18
7419.50396 -1.24747e-20
7420.69734  6.50460e-18
7421.88963  2.37163e-18
7423.08301  4.02866e-18
7424.27638  3.76567e-18
7425.46867  3.45263e-18
7426.66205  8.78960e-18
7427.85434  3.67652e-18
7429.04772  3.00344e-18
7430.24109  8.44033e-18
7431.43446  6.65721e-18
7432.62676  4.78404e-18
7433.82013  4.46087e-18
7435.01351  2.11768e-18
7436.20688  5.12447e-18
7437.39918  1.20412e-17
7438.59255  2.60796e-18
7439.78592  6.47468e-18
7440.97930  3.92137e-18
7442.17267  4.91805e-18
7443.36605  3.02470e-18
7444.55942  7.64133e-18
7445.75279 -2.06340e-21
7446.94617  9.77452e-18
7448.13954  5.47108e-18
7449.33292  8.80762e-18
7450.52629  1.86413e-18
7451.71966  4.65062e-18
7452.91304  5.22710e-18
7454.10641  2.31355e-18
7455.29979  3.22997e-18
7456.49316  2.70637e-18
7457.68653  3.11275e-18
7458.87991  5.37910e-18
7460.07328  2.94543e-18
7461.26774  3.44175e-18
7462.46111  4.52803e-18
7463.65448  2.90429e-18
7464.84786  4.40530e-19
7466.04231  6.62676e-18
7467.23568  5.10295e-18
7468.42906  5.80911e-18
7469.62351  2.73527e-18
7470.81689  6.18138e-18
7472.01026  5.97476e-19
7473.20363  9.53355e-18
7474.39809  3.24961e-18
7475.59146  4.76562e-18
7476.78591  3.91164e-18
7477.97929  7.69761e-18
7479.17374  6.58358e-18
7480.36712  3.95950e-18
7481.56157 -3.20559e-18
7482.75494  6.36129e-18
7483.94939  6.07715e-18
7485.14277  2.81297e-18
7486.33722  6.41879e-18
7487.53167  7.32458e-18
7488.72505  2.25033e-18
7489.91950  3.72607e-18
7491.11288  8.07177e-18
7492.30733  6.80746e-18
7493.50178  3.88313e-18
7494.69623  3.39877e-18
7495.88961  5.28436e-18
7497.08406  4.44996e-18
7498.27851  2.15524e-19
7499.47189  4.71105e-18
7500.66634  4.48656e-18
7501.86079 -1.77954e-19
7503.05525  6.60751e-18
7504.24970  5.65294e-18
7505.44415  1.15835e-18
7506.63861  9.07374e-18
7507.83198  9.69085e-19
7509.02643  8.50442e-18
7510.22089  8.21972e-18
7511.41534  6.71500e-18
7512.60979  4.76026e-18
7513.80425  2.61548e-18
7514.99870 -3.79314e-19
7516.19315  6.95865e-19
7517.38760  4.41013e-19
7518.58206  2.23614e-18
7519.77651  7.94123e-18
7520.97096  1.73630e-18
7522.16650  8.37136e-18
7523.35987  5.41636e-18
7524.55540  5.24136e-18
7525.74986  2.36633e-18
7526.94431 -1.93173e-18
7528.13876  6.13617e-18
7529.33321  5.11105e-18
7530.52875  1.21592e-18
7531.72320  2.61075e-18
7532.91765  1.76555e-18
7534.11210  8.32032e-18
7535.30764  3.61508e-18
7536.50209  6.62980e-18
7537.69654  5.61449e-18
7538.89207  9.07916e-18
7540.08653 -4.96194e-19
7541.28098  5.67841e-18
7542.47651  4.11301e-18
7543.67097 -1.08245e-18
7544.86650  9.85209e-18
7546.06095  1.05666e-17
7547.25540  4.14105e-18
7548.45094  7.89551e-18
7549.64647  1.14099e-17
7550.84092  5.72432e-18
7552.03645  3.46868e-18
7553.23091  6.25301e-18
7554.42536  8.36731e-18
7555.62089  8.08160e-18
7556.81642  3.17585e-18
7558.01088  2.27006e-18
7559.20641 -2.45741e-19
7560.40086  2.89841e-18
7561.59639  7.85255e-18
7562.79192  2.51667e-18
7563.98746  6.04075e-18
7565.18299  1.16948e-17
7566.37744  6.51881e-18
7567.57297  2.65280e-18
7568.76851  6.59677e-18
7569.96296  6.98069e-18
7571.15849  7.32460e-18
7572.35402  2.25847e-18
7573.54955  4.47232e-18
7574.74509  6.56614e-18
7575.94062  4.95993e-18
7577.13615  4.12369e-18
7578.33060  6.30740e-18
7579.52614  2.77110e-18
7580.72167  7.85477e-18
7581.91720  1.24840e-18
7583.11273  4.65202e-18
7584.30826  6.74559e-18
7585.50380  1.01291e-17
7586.69933  1.80266e-18
7587.89486  4.66614e-18
7589.09039  7.92961e-18
7590.28592  5.11303e-18
7591.48146  3.14643e-18
7592.67699  6.29979e-18
7593.87252  2.44313e-18
7595.06913  8.73644e-18
7596.26466  4.95972e-18
7597.46019 -2.22904e-18
7598.65573 -2.93832e-19
7599.85126  2.03934e-18
7601.04787  5.84251e-18
7602.24340 -2.53637e-18
7603.43893  5.70871e-18
7604.63447 -4.99823e-18
7605.83108 -6.86520e-18
7607.02661  8.47792e-19
7608.22214  7.80760e-19
7609.41767 -1.85331e-18
7610.61428 -6.68340e-18
7611.80982 -5.77054e-18
7613.00643 -5.28770e-18
7614.20196  4.38511e-18
7615.39749 -7.45212e-18
7616.59410  1.45063e-18
7617.78963 -1.29167e-18
7618.98624  5.45601e-18
7620.18178  1.03087e-17
7621.37839  7.89128e-18
7622.57392 -7.74141e-19
7623.77053  3.35641e-18
7624.96606  1.04589e-17
7626.16159 -1.77059e-18
7627.35821  3.16386e-18
7628.55482  5.62881e-20
7629.75035 -1.01333e-18
7630.94696  2.38104e-18
7632.14357  3.70336e-18
7633.33910 -4.22361e-19
7634.53571 -2.00410e-18
7635.73232  4.32013e-18
7636.92786 -2.58769e-18
7638.12447  3.74470e-19
7639.32108 -1.13830e-18
7640.51661 -1.39832e-18
7641.71322 -3.92624e-20
7642.90983  4.92770e-19
7644.10644  2.48476e-18
7645.30198  8.76671e-18
7646.49859 -9.91369e-19
7647.69520 -2.33947e-18
7648.89181 -1.68616e-19
7650.08842  6.81421e-18
7651.28503  4.43600e-18
7652.48056  5.43774e-18
7653.67717  4.75947e-18
7654.87378  6.05115e-18
7656.07040  4.70280e-18
7657.26701  1.56441e-18
7658.46362  3.72600e-18
7659.66023  7.77551e-19
7660.85684  6.56907e-18
7662.05345  5.12054e-18
7663.25006 -4.69801e-18
7664.44667  2.75340e-18
7665.64328  2.98477e-18
7666.83990  5.78610e-18
7668.03651  5.46741e-18
7669.23312  3.41868e-18
7670.42973  4.24992e-18
7671.62742  4.62112e-18
7672.82403  5.20228e-18
7674.02064  8.34342e-18
7675.21725  6.20450e-18
7676.41386  3.76556e-18
7677.61047  6.97658e-18
7678.80708  3.42756e-18
7680.00477  2.96853e-18
7681.20138  6.01943e-18
7682.39800  4.87031e-18
7683.59569  9.02117e-18
7684.79230  6.34197e-18
7685.98891  5.35273e-18
7687.18552  2.01346e-18
7688.38321  3.97417e-18
7689.57982  1.09483e-18
7690.77643  5.58545e-18
7691.97412  7.06604e-18
7693.17073  2.17659e-18
7694.36842  4.17712e-18
7695.56503  2.58759e-18
7696.76272  6.89803e-18
7697.95933  6.49844e-18
7699.15702  7.16881e-18
7700.35363  9.67914e-18
7701.55132  1.18894e-17
7702.74794  2.30969e-18
7703.94563  3.04992e-18
7705.14224  9.04009e-18
7706.33993  9.63024e-18
7707.53654  5.39034e-18
7708.73423  5.81042e-18
7709.93084  1.02604e-17
7711.12853  6.68044e-18
7712.32622  4.74040e-18
7713.52283 -2.10968e-18
7714.72052  6.21020e-18
7715.91713  8.75003e-18
7717.11482  6.93984e-18
7718.31251  1.97961e-18
7719.51020  7.02934e-18
7720.70681  6.74903e-18
7721.90450  1.05587e-17
7723.10219  6.00829e-18
7724.29880  6.62786e-18
7725.49649  1.41874e-17
7726.69418  1.08969e-17
7727.89187  4.29636e-18
7729.08956  6.09578e-18
7730.28617  1.24252e-17
7731.48386  8.32450e-18
7732.68263  5.66380e-18
7733.87924  4.07307e-18
7735.07693  4.31229e-18
7736.27462  7.71147e-18
7737.47231  4.41061e-18
7738.67000  9.15973e-18
7739.86769  6.44879e-18
7741.06538  8.38781e-18
7742.26307  4.60680e-18
7743.46076  4.06575e-18
7744.65845  8.15466e-18
7745.85614  5.87352e-18
7747.05383  3.98235e-18
7748.25152  9.61113e-18
7749.44921  5.33988e-18
7750.64690  9.71858e-18
7751.84459  7.50725e-18
7753.04228  4.96587e-18
7754.23997  7.13445e-18
7755.43766  8.49300e-18
7756.63535  1.91150e-18
7757.83304  3.85996e-18
7759.03181  1.22384e-17
7760.22950  2.37676e-18
7761.42719  7.72510e-18
7762.62596  7.60341e-18
7763.82365  8.36166e-18
7765.02134  3.43987e-18
7766.21903  2.85804e-18
7767.41672  4.67618e-18
7768.61549  7.94428e-18
7769.81318  1.74232e-18
7771.01087  6.82033e-18
7772.20856  5.03829e-18
7773.40733  1.03362e-17
7774.60502  1.10441e-17
7775.80271  8.97194e-18
7777.00148  5.98974e-18
7778.19917  7.90749e-18
7779.39794  7.78521e-18
7780.59563  7.03288e-18
7781.79440  6.12051e-18
7782.99209  4.40809e-18
7784.19086  3.51565e-18
7785.38855  3.96314e-18
7786.58624  5.87059e-18
7787.78500  9.85802e-18
7788.98269  6.29539e-18
7790.18146  2.59272e-18
7791.37915  9.02000e-18
7792.57792  1.19573e-17
7793.77669  1.09645e-17
7794.97438 -3.10392e-19
7796.17315  4.33872e-18
7797.37084  4.79578e-18
7798.56961  2.54281e-18
7799.76730  4.18980e-18
7800.96607  3.14674e-18
7802.16484  6.36363e-18
7803.36253  8.49048e-18
7804.56130  4.87729e-18
7805.76007  9.14405e-18
7806.95776  9.67076e-18
7808.15653  6.85744e-18
7809.35529  1.46408e-18
7810.55406  3.09067e-18
7811.75175  7.89720e-18
7812.95052  6.60370e-18
7814.14929  4.84015e-18
7815.34806  7.24657e-18
7816.54683  1.05929e-17
7817.74452  6.10924e-18
7818.94329  9.61519e-19
7820.14206  1.33175e-18
7821.34083  1.91793e-18
7822.53960  8.52407e-18
7823.73728  1.75016e-18
7824.93605  4.82620e-18
7826.13482  3.47221e-18
7827.33359  4.06816e-18
7828.53236  5.36407e-18
7829.73113  7.37994e-18
7830.92990  6.85576e-18
7832.12867  9.83153e-18
7833.32744  1.19826e-18
7834.52621  5.12294e-18
7835.72497  6.32857e-18
7836.92374  1.00042e-17
7838.12251  8.54697e-19
7839.32128  1.30119e-18
7840.52005  4.57064e-18
7841.71882  9.08604e-18
7842.91759  8.85139e-18
7844.11636  7.12670e-18
7845.31513  5.57197e-18
7846.51390  5.01719e-18
7847.71374  1.04424e-17
7848.91251  5.52747e-18
7850.11128  4.03255e-18
7851.31005  6.41758e-18
7852.50882  7.87255e-18
7853.70759  1.08675e-17
7854.90744  9.28237e-18
7856.10621  4.16721e-18
7857.30497  8.36200e-18
7858.50374  2.35673e-18
7859.70359 -9.88572e-19
7860.90236  6.48608e-18
7862.10113  1.15007e-17
7863.29990  7.16521e-18
7864.49975  6.96972e-18
7865.69852  4.03417e-18
7866.89729  3.48858e-18
7868.09713  4.49294e-18
7869.29590  2.12724e-18
7870.49467  5.47150e-18
7871.69344  6.20571e-18
7872.89329  1.44871e-19
7874.09206  6.44397e-18
7875.29190  8.05043e-19
7876.49067  5.63206e-18
7877.68944  4.18602e-18
7878.88929  3.97993e-18
7880.08806  7.90380e-18
7881.28791  4.60762e-18
7882.48668  4.77138e-18
7883.68653  5.05510e-18
7884.88529  5.85768e-19
7886.08514  7.24239e-18
7887.28391  8.11595e-18
7888.48376  4.42947e-18
7889.68361  1.33942e-19
7890.88238  2.47358e-19
7892.08115  8.16972e-18
7893.28099  6.06305e-18
7894.48084  2.17632e-18
7895.67961  2.23953e-18
7896.87946  3.47269e-18
7898.07823  9.23809e-19
7899.27808  6.05887e-18
7900.47792  2.47188e-18
7901.67669  9.73484e-18
7902.87654  1.11278e-17
7904.07639  6.60062e-18
7905.27516  1.17334e-17
7906.47501  5.00619e-18
7907.67485  6.21890e-18
7908.87362  5.91154e-18
7910.07347 -1.02585e-18
7911.27332  3.88670e-18
7912.47317  4.44920e-18
7913.67194  1.09516e-17
7914.87178  7.62405e-18
7916.07163  3.96639e-18
7917.27148  2.71868e-18
7918.47025  2.61920e-19
7919.67010  3.19311e-18
7920.86994  4.68524e-18
7922.06979  3.38733e-18
7923.26964  7.82936e-18
7924.46949  5.67134e-18
7925.66934  9.94326e-18
7926.86918  3.10513e-18
7928.06795  2.21695e-18
7929.26780  3.37872e-18
7930.46765  6.72042e-18
7931.66750  1.28821e-17
7932.86734  5.79370e-18
7934.06719  5.00525e-18
7935.26704  7.53675e-18
7936.46689  7.85819e-18
7937.66674  6.47958e-18
7938.86658  2.86093e-18
7940.06643  5.35221e-18
7941.26628  6.13344e-18
7942.46613  7.13461e-18
7943.66598  2.42574e-18
7944.86582 -2.05319e-18
7946.06567  2.13783e-18
7947.26552  8.46878e-18
7948.46537  3.77969e-18
7949.66522  9.80054e-18
7950.86614  5.75134e-18
7952.06491  3.18208e-18
7953.26584  3.87276e-18
7954.46569  7.85340e-18
7955.66554  1.95397e-18
7956.86538  8.41450e-18
7958.06523  2.16497e-18
7959.26508  4.89537e-18
7960.46601  2.13573e-18
7961.66585  5.11603e-18
7962.86570 -5.76373e-18
7964.06555  5.29646e-18
7965.26540  1.03059e-18
7966.46633  2.16667e-18
7967.66617  1.00167e-17
7968.86602  2.77666e-18
7970.06587  5.53657e-18
7971.26680  3.15421e-19
7972.46664  9.05622e-18
7973.66649  2.60596e-18
7974.86634  6.91564e-18
7976.06727  5.13527e-18
7977.26712  4.62484e-18
7978.46696  5.69436e-18
7979.66789  7.14381e-18
7980.86774  8.53321e-18
7982.06867  1.10156e-18
7983.26851  4.06184e-18
7984.46836  5.00107e-18
7985.66929  5.02024e-18
7986.86914  3.81936e-18
7988.06898  9.99842e-18
7989.26991  4.01741e-18
7990.46976  5.01636e-18
7991.67069 -7.04765e-19
7992.87054  5.67406e-18
7994.07146  9.18283e-18
7995.27131  4.04154e-18
7996.47224  6.82019e-18
7997.67208  9.21878e-18
7998.87301  5.89732e-18
8000.07286  7.34579e-18
8001.27379  6.23421e-18
8002.47363  6.40257e-18
8003.67456 -1.82913e-18
8004.87441  2.50911e-18
8006.07534  4.13729e-18
8007.27519  7.21416e-19
8008.47611  2.63348e-18
8009.67704  1.08648e-18
8010.87689 -1.09057e-18
8012.07781 -4.72683e-19
8013.27874 -3.04486e-18
8014.47859  4.07291e-18
8015.67952  6.85062e-18
8016.87936  4.99827e-18
8018.08029  1.75585e-18
8019.28122  4.81338e-18
8020.48107  4.92085e-18
8021.68199  5.22826e-18
8022.88292  3.06560e-18
8024.08277  5.15289e-18
8025.28369  4.98011e-18
8026.48462  2.17728e-18
8027.68555 -2.18562e-18
8028.88540  2.76143e-18
8030.08632  1.61841e-18
8031.28725  3.38534e-18
8032.48818  4.29220e-18
8033.68803  6.25900e-18
8034.88895  6.06573e-18
8036.08988  6.26241e-18
8037.29081  5.17903e-18
8038.49173  5.71558e-18
8039.69158  3.43207e-18
8040.89251  6.34851e-18
8042.09344  8.57488e-18
8043.29436  5.39119e-18
8044.49529  5.33743e-18
8045.69622  5.48361e-18
8046.89606  4.09974e-18
8048.09699  3.96579e-18
8049.29792  8.22179e-18
8050.49885  6.23772e-18
8051.69977  2.31360e-18
8052.90070  5.06940e-18
8054.10163 -4.53849e-19
8055.30255  3.11083e-18
8056.50348 -8.33551e-19
8057.70441  4.83201e-18
8058.90533  4.13750e-18
8060.10626  6.15292e-18
8061.30611  8.45297e-19
8062.50812  1.13236e-17
8063.70796 -2.95156e-19
8064.90997  3.86402e-18
8066.11090  4.09913e-18
8067.31182  9.70418e-18
8068.51167  3.58916e-18
8069.71368  3.02408e-18
8070.91460  5.17894e-18
8072.11553  4.96373e-18
8073.31646  2.53846e-18
8074.51739  1.27812e-18
8075.71831  2.04773e-18
8076.91924  2.96225e-18
8078.12017  5.41673e-18
8079.32109  2.97113e-18
8080.52202  2.62547e-18
8081.72403  6.13974e-18
8082.92495  4.52395e-18
8084.12588  3.12810e-18
8085.32681  3.87217e-18
8086.52773 -4.34810e-19
8087.72866  4.34014e-18
8088.93067  9.44008e-19
8090.13159  6.58292e-20
8091.33252  2.84158e-18
8092.53345  4.62269e-19
8093.73438  1.55888e-18
8094.93638  8.87432e-19
8096.13623  2.67592e-18
8097.33824  2.08934e-18
8098.53916  7.64270e-18
8099.74117  6.33597e-18
8100.94210  4.71920e-18
8102.14302  5.50235e-18
8103.34395  6.70544e-18
8104.54488  7.08846e-18
8105.74688  3.15140e-18
8106.94781  5.41296e-19
8108.14874  2.25711e-18
8109.35074  5.19985e-18
8110.55167  1.47254e-18
8111.75260  3.59516e-18
8112.95460  3.47771e-18
8114.15553  5.83019e-18
8115.35646  3.34260e-18
8116.55846  4.43494e-18
8117.75939  3.03721e-18
8118.96140  3.05942e-18
8120.16232  1.79156e-18
8121.36325  5.21363e-18
8122.56526  6.37634e-19
8123.76618 -2.54434e-19
8124.96711  6.08944e-18
8126.16912  8.52123e-18
8127.37004  3.78296e-18
8128.57205  2.85461e-18
8129.77298 -1.59795e-19
8130.97498  1.77772e-18
8132.17591  3.44917e-18
8133.37792  3.00055e-18
8134.57884  2.21187e-18
8135.77977  6.57312e-18
8136.98178  3.67427e-18
8138.18270  2.70539e-18
8139.38471  1.78641e-18
8140.58563  3.64738e-18
8141.78764  3.58827e-18
8142.98965  2.69084e-19
8144.19057 -1.75015e-18
8145.39258  3.12052e-18
8146.59351  4.79114e-18
8147.79551  3.27167e-18
8148.99644  4.45215e-18
8150.19845  1.57254e-18
8151.39937  5.83288e-18
8152.60138  4.22313e-18
8153.80231  6.26331e-18
8155.00431  3.23343e-18
8156.20632  2.35347e-18
8157.40724  5.11345e-18
8158.60925  5.28334e-18
8159.81126  3.75317e-18
8161.01218  7.36927e-19
8162.21419  8.87261e-18
8163.41512  6.12223e-18
8164.61712  5.42176e-18
8165.81913  8.17122e-18
8167.02006  1.70063e-18
8168.22206  5.81995e-18
8169.42407  5.16920e-18
8170.62499  4.59838e-18
8171.82700  4.37749e-18
8173.02901  2.58516e-19
8174.23101  2.74547e-18
8175.43302  5.45436e-18
8176.63395  6.22317e-18
8177.83595  2.25191e-18
8179.03796  3.36058e-18
8180.23888  2.81918e-18
8181.44089  2.31769e-18
8182.64290  4.74614e-18
8183.84490  7.45451e-18
8185.04691  6.31280e-18
8186.24784  4.69104e-18
8187.44984  7.47919e-18
8188.65185  4.13726e-18
8189.85385  3.24526e-18
8191.05478  3.28320e-18
8192.25679  3.07210e-17
8193.45879  1.04088e-17
8194.65972  4.79654e-18
8195.86281  2.25415e-18
8197.06481 -1.38297e-19
8198.26574  3.43919e-18
8199.46774  2.23659e-18
8200.66975 -2.71608e-18
8201.87176 -9.81824e-19
8203.07268  2.62836e-18
8204.27577  3.34452e-19
8205.47777 -2.48753e-18
8206.67870  2.58944e-18
8207.88071  1.14631e-18
8209.08271  3.35310e-18
8210.28472  1.81982e-18
8211.48672 -2.28353e-18
8212.68873  5.63040e-19
8213.89074  4.95954e-18
8215.09274  1.81595e-18
8216.29367  5.28230e-18
8217.49568  2.72856e-18
8218.69768 -2.74250e-19
8219.90077  3.58085e-18
8221.10277  1.75687e-18
8222.30478  6.93284e-18
8223.50571 -1.46028e-18
8224.70771  2.07453e-18
8225.90972  3.97024e-18
8227.11280  1.56588e-18
8228.31481 -1.14255e-18
8229.51681  1.60694e-18
8230.71774  1.08237e-18
8231.91975  5.28770e-18
8233.12175  1.82295e-18
8234.32376 -1.58387e-18
8235.52685  8.23218e-19
8236.72885 -2.54175e-18
8237.93086  1.21318e-18
8239.13286  3.28805e-18
8240.33487  6.63283e-18
8241.53687 -1.52146e-18
8242.73888  1.48216e-18
8243.94089  1.62671e-18
8245.14289  1.03119e-18
8246.34490  6.44558e-18
8247.54690  5.43989e-18
8248.74891  6.44116e-19
8249.95092 -1.22383e-18
8251.15292 -1.52966e-18
8252.35601 -1.09318e-18
8253.55801  8.70231e-19
8254.76002  2.05406e-18
8255.96203  5.07781e-18
8257.16403  6.77149e-18
8258.36604  7.45075e-19
8259.56804  1.60859e-18
8260.77005 -1.52098e-18
8261.97313 -3.16464e-18
8263.17514  1.89862e-18
8264.37715  3.71813e-19
8265.57915  9.04914e-19
8266.78116  1.07946e-19
8267.98424  3.10087e-18
8269.18625  7.02374e-18
8270.38826  2.18653e-18
8271.59026 -5.06783e-19
8272.79335  1.06182e-18
8273.99535  4.33436e-18
8275.19736  1.27682e-18
8276.39936  3.16919e-18
8277.60137  2.71482e-19
8278.80338  4.11369e-18
8280.00538 -1.09618e-18
8281.20847  1.07784e-18
8282.41155 -8.79203e-19
8283.61356 -3.22834e-18
8284.81556  3.40347e-18
8286.01757  1.07518e-18
8287.21958 -1.39419e-18
8288.42158 -3.39165e-18
8289.62359 -1.86418e-18
8290.82667  8.71180e-19
8292.02976  7.15247e-18
8293.23176  3.48368e-18
8294.43377 -3.17519e-18
8295.63578  3.23585e-18
8296.83886  3.97680e-18
8298.04087  2.68767e-18
8299.24287 -5.72154e-18
8300.44488  4.39175e-19
8301.64797  5.70978e-18
8302.85105 -3.27969e-18
8304.05306 -2.63123e-18
8305.25506 -2.60487e-18
8306.45707 -4.38858e-18
8307.66015  5.78160e-18
8308.86216  5.14173e-18
8310.06416  1.71766e-19
8311.26617  2.71171e-18
8312.46926  1.20156e-18
8313.67234  1.59131e-18
8314.87435 -3.41900e-18
8316.07635 -1.39399e-19
8317.27944  1.04011e-18
8318.48144  1.19537e-19
8319.68345  3.66889e-18
8320.88653  4.28127e-19
8322.08854 -7.42691e-19
8323.29055  1.56390e-19
8324.49363 -1.37762e-18
8325.69672 -1.06573e-18
8326.89872 -4.33690e-18
8328.10181  3.51818e-19
8329.30381  5.60475e-19
8330.50582 -2.90957e-19
8331.70890  1.15751e-18
8332.91091  8.05897e-19
8334.11292 -1.04579e-18
8335.31600 -1.47760e-18
8336.51909  4.70514e-19
8337.72109  7.32856e-18
8338.92418  1.34650e-18
8340.12618 -4.98564e-18
8341.32819 -3.47585e-18
8342.53127 -1.96218e-18
8343.73328 -5.48258e-18
8344.93637  4.47491e-18
8346.13837 -1.03766e-18
8347.34038 -1.02703e-17
8348.54346 -2.81649e-18
8349.74655 -1.26596e-18
8350.94963  2.81110e-18
8352.15164  9.08074e-19
8353.35364 -1.16503e-18
8354.55673 -1.00825e-18
8355.75874 -5.21537e-19
8356.96182 -3.04938e-19
8358.16383  1.72160e-18
8359.36691 -1.56197e-18
8360.56892  2.08439e-18
8361.77200  2.30063e-18
8362.97509  3.69678e-18
8364.17709  1.32858e-19
8365.38018 -3.14086e-18
8366.58218 -3.78926e-18
8367.78527  1.36054e-18
8368.98728  5.06251e-19
8370.19036  8.61870e-19
8371.39237  2.07404e-19
8372.59545 -3.66216e-18
8373.79746 -3.64381e-18
8375.00054 -4.72656e-18
8376.20363 -1.45141e-18
8377.40671 -2.16343e-19
8378.60872 -2.17135e-18
8379.81180 -3.44807e-18
8381.01381 -7.40167e-18
8382.21689 -4.07197e-18
8383.41890 -6.66234e-18
8384.62199 -5.91783e-18
8385.82399 -3.74340e-18
8387.02708 -3.82406e-18
8388.23016 -1.39483e-18
8389.43217 -3.17366e-18
8390.63525 -6.76628e-19
8391.83834  7.67331e-19
8393.04142  1.51119e-18
8394.24343  3.49860e-20
8395.44651  7.20866e-18
8396.64852  1.10227e-18
8397.85160 -3.91725e-18
8399.05469  6.89150e-19
8400.25670  9.02467e-19
8401.45978  1.32567e-18
8402.66179 -1.17119e-18
8403.86487 -3.37917e-18
8405.06796 -7.30525e-18
8406.26996 -7.18239e-18
8407.47413 -2.15968e-18
8408.67613  2.83298e-18
8409.87922  2.12553e-18
8411.08230 -3.47701e-18
8412.28431 -2.21965e-18
8413.48739 -5.13738e-18
8414.68940 -4.43420e-18
8415.89249 -1.53312e-18
