  1145.400     7.0197e-16     4.4983e-16
  1146.000     1.9339e-15     5.2227e-16
  1146.600     1.8488e-15       4.83e-16
  1147.200     1.7817e-15     4.2719e-16
  1147.800     1.7076e-15     3.9366e-16
  1148.400     1.5358e-15     3.5713e-16
  1149.000      1.644e-15     3.4418e-16
  1149.600     2.2762e-15     3.5676e-16
  1150.200     2.2147e-15     3.4381e-16
  1150.800     2.5457e-15     3.3985e-16
  1151.400     2.2136e-15      3.107e-16
  1152.000      2.253e-15     3.0082e-16
  1152.600     2.7325e-15     3.1849e-16
  1153.200      2.783e-15     3.0546e-16
  1153.800     2.9482e-15     3.0713e-16
  1154.400     2.9623e-15     2.9804e-16
  1155.000     2.5528e-15     2.7316e-16
  1155.600     2.5674e-15     2.6734e-16
  1156.200     3.0395e-15     2.8071e-16
  1156.800     3.0701e-15      2.774e-16
  1157.400     2.9616e-15     2.7017e-16
  1158.000     3.3946e-15     2.7864e-16
  1158.600     3.4862e-15     2.7727e-16
  1159.200     3.2033e-15     2.6296e-16
  1159.800     3.4042e-15      2.657e-16
  1160.400     3.6346e-15     2.7244e-16
  1161.000     3.3905e-15     2.6239e-16
  1161.600     3.1935e-15     2.4805e-16
  1162.200     3.3634e-15      2.567e-16
  1162.800     3.4192e-15     2.4587e-16
  1163.400     3.2589e-15      2.459e-16
  1164.000     3.4331e-15     2.4311e-16
  1164.600     3.5807e-15     2.4679e-16
  1165.200     3.5697e-15     2.4654e-16
  1165.800     3.4136e-15     2.4045e-16
  1166.400     3.5968e-15     2.3873e-16
  1167.000     3.3866e-15     2.3336e-16
  1167.600     3.5698e-15     2.3397e-16
  1168.200     3.5425e-15     2.3135e-16
  1168.800      3.785e-15      2.382e-16
  1169.400     3.5531e-15     2.2986e-16
  1170.000     3.6612e-15     2.2692e-16
  1170.600     3.5839e-15     2.2506e-16
  1171.200     3.4894e-15     2.2166e-16
  1171.800     3.6072e-15     2.2183e-16
  1172.400     3.5623e-15      2.185e-16
  1173.000     3.6074e-15     2.2084e-16
  1173.600     3.0879e-15     2.0154e-16
  1174.200     3.0696e-15     1.9771e-16
  1174.800     2.8017e-15     1.8947e-16
  1175.400     2.7344e-15     1.8704e-16
  1176.000     2.7553e-15     1.8658e-16
  1176.600     2.5712e-15     1.7801e-16
  1177.200     2.2205e-15     1.6369e-16
  1177.800     1.9969e-15     1.5458e-16
  1178.400     1.8984e-15     1.5074e-16
  1179.000     1.9125e-15     1.4881e-16
  1179.600     1.9138e-15      1.479e-16
  1180.200     1.7941e-15     1.4487e-16
  1180.800     1.5635e-15     1.3376e-16
  1181.400     1.4571e-15     1.2995e-16
  1182.000        1.5e-15     1.2965e-16
  1182.600     1.5301e-15     1.2824e-16
  1183.200     1.5362e-15      1.288e-16
  1183.800     1.4551e-15     1.2625e-16
  1184.400     1.5878e-15     1.2751e-16
  1185.000     1.6444e-15     1.3207e-16
  1185.600     1.5994e-15     1.2757e-16
  1186.200     1.5977e-15     1.2901e-16
  1186.800     1.8458e-15     1.3426e-16
  1187.400      1.558e-15     1.2444e-16
  1188.000     1.5038e-15     1.2024e-16
  1188.600     1.3223e-15     1.1486e-16
  1189.200      1.154e-15     1.0607e-16
  1189.800     1.0023e-15     1.0162e-16
  1190.400     1.0608e-15     9.9821e-17
  1191.000     1.2269e-15     1.0819e-16
  1191.600     9.7268e-16       9.58e-17
  1192.200      1.033e-15     9.8845e-17
  1192.800     1.0286e-15     9.7392e-17
  1193.400     9.8449e-16     9.5462e-17
  1194.000     1.2049e-15      1.041e-16
  1194.600     1.2125e-15     1.0305e-16
  1195.200     1.4241e-15     1.0888e-16
  1195.800     1.3208e-15     1.0555e-16
  1196.400     1.2441e-15     1.0093e-16
  1197.000     1.2336e-15     1.0211e-16
  1197.600     1.3459e-15     1.0413e-16
  1198.200     1.3764e-15     1.0264e-16
  1198.800     1.2471e-15     9.8461e-17
  1199.400     1.2411e-15     9.7364e-17
  1200.000     1.1463e-15     9.3678e-17
  1200.600     1.1204e-15     9.3211e-17
  1201.200     1.2788e-15     9.7354e-17
  1201.800     1.4959e-15     1.0489e-16
  1202.400      1.725e-15     1.1044e-16
  1203.000     1.6463e-15     1.0713e-16
  1203.600     1.7442e-15     1.0988e-16
  1204.200     1.7851e-15       1.09e-16
  1204.800     1.7699e-15     1.1026e-16
  1205.400     1.7406e-15     1.0856e-16
  1206.000     1.6388e-15     1.0377e-16
  1206.600     1.6298e-15     1.0447e-16
  1207.200     1.6781e-15      1.039e-16
  1207.800     1.6201e-15     1.0168e-16
  1208.400     1.7702e-15     1.0784e-16
  1209.000     1.9059e-15     1.1069e-16
  1209.600     1.7063e-15     1.0372e-16
  1210.200     1.5503e-15       1.02e-16
  1210.800     1.4191e-15     9.9184e-17
  1211.400     9.4714e-16     8.9999e-17
  1212.000     5.7869e-16     8.5933e-17
  1212.600    -2.9831e-17     9.2979e-17
  1213.200    -4.3282e-16      1.098e-16
  1213.800     4.8835e-16     1.5039e-16
  1214.400       1.28e-16     1.5362e-16
  1215.000     2.2656e-16     1.5474e-16
  1215.600    -7.4207e-17     1.5411e-16
  1216.200     -5.508e-17     1.4851e-16
  1216.800     6.1835e-16     1.5114e-16
  1217.400     1.2934e-15     1.4608e-16
  1218.000     1.0557e-15     1.1973e-16
  1218.600       6.32e-16     8.7938e-17
  1219.200     1.0382e-15       8.39e-17
  1219.800     1.2807e-15     8.7038e-17
  1220.400     1.4715e-15     9.1052e-17
  1221.000     1.7111e-15     9.5411e-17
  1221.600      1.809e-15     9.6874e-17
  1222.200     2.0566e-15     1.0175e-16
  1222.800     2.1516e-15     1.0423e-16
  1223.400     2.2074e-15     1.0652e-16
  1224.000     2.4483e-15      1.088e-16
  1224.600     2.5885e-15     1.1187e-16
  1225.200     2.5723e-15     1.0975e-16
  1225.800     2.7146e-15      1.125e-16
  1226.400     2.7525e-15     1.1335e-16
  1227.000     2.7218e-15     1.1211e-16
  1227.600     2.8421e-15     1.1295e-16
  1228.200      2.774e-15     1.1241e-16
  1228.800     2.6971e-15     1.0968e-16
  1229.400     2.9364e-15     1.1634e-16
  1230.000     2.7293e-15     1.1048e-16
  1230.600     2.8001e-15       1.12e-16
  1231.200     2.5818e-15     1.0559e-16
  1231.800     2.8804e-15     1.1403e-16
  1232.400     2.5433e-15     1.0419e-16
  1233.000     2.5452e-15     1.0621e-16
  1233.600     2.5662e-15     1.0436e-16
  1234.200     2.4341e-15      1.027e-16
  1234.800     2.2373e-15     9.7822e-17
  1235.400     2.1491e-15     9.6054e-17
  1236.000     2.0902e-15     9.4419e-17
  1236.600     2.1471e-15     9.6091e-17
  1237.200     1.9977e-15     9.2962e-17
  1237.800     1.7427e-15     8.4398e-17
  1238.400     1.5872e-15     8.2905e-17
  1239.000     1.5679e-15     8.1292e-17
  1239.600     1.3792e-15     7.6583e-17
  1240.200     1.2257e-15     7.2787e-17
  1240.800     1.2243e-15     7.2463e-17
  1241.400     1.2325e-15     7.2234e-17
  1242.000     1.1829e-15     7.0307e-17
  1242.600      1.116e-15     6.8101e-17
  1243.200     1.0477e-15     6.6101e-17
  1243.800      9.993e-16      6.396e-17
  1244.400      1.002e-15     6.4352e-17
  1245.000     1.0153e-15     6.5042e-17
  1245.600     1.0209e-15     6.4376e-17
  1246.200     1.0707e-15     6.5899e-17
  1246.800     1.0942e-15     6.5842e-17
  1247.400      1.016e-15     6.3899e-17
  1248.000     1.1312e-15     6.7303e-17
  1248.600     1.2486e-15     7.0584e-17
  1249.200     1.1349e-15     6.5937e-17
  1249.800     1.0724e-15     6.5349e-17
  1250.400     1.1445e-15      6.729e-17
  1251.000     1.1059e-15     6.5867e-17
  1251.600     1.0599e-15     6.4514e-17
  1252.200     1.1547e-15     6.7041e-17
  1252.800     1.3545e-15      7.213e-17
  1253.400      1.034e-15     6.2771e-17
  1254.000     1.1958e-15     6.7784e-17
  1254.600     1.1847e-15     6.7363e-17
  1255.200     1.1754e-15     6.7472e-17
  1255.800     1.2786e-15     6.9389e-17
  1256.400     1.2641e-15     6.9789e-17
  1257.000     1.3483e-15     7.0367e-17
  1257.600     1.3172e-15      6.983e-17
  1258.200      1.276e-15      6.929e-17
  1258.800     1.0636e-15     6.3427e-17
  1259.400      1.095e-15     6.3538e-17
  1260.000      1.072e-15     6.3952e-17
  1260.600     1.0727e-15     6.3035e-17
  1261.200     1.1885e-15     6.7461e-17
  1261.800     1.3648e-15     7.1093e-17
  1262.400     1.4778e-15     7.3032e-17
  1263.000     1.5469e-15      7.453e-17
  1263.600     1.6052e-15     7.6161e-17
  1264.200     1.6166e-15      7.655e-17
  1264.800     1.5825e-15     7.6439e-17
  1265.400     1.5372e-15     7.4649e-17
  1266.000     1.6144e-15     7.6074e-17
  1266.600     1.6034e-15     7.5075e-17
  1267.200     1.5143e-15     7.2922e-17
  1267.800     1.5008e-15     7.3029e-17
  1268.400     1.4972e-15     7.2065e-17
  1269.000      1.564e-15      7.483e-17
  1269.600     1.5426e-15      7.347e-17
  1270.200     1.5734e-15     7.4632e-17
  1270.800     1.7107e-15     7.6619e-17
  1271.400      1.619e-15     7.5393e-17
  1272.000     1.4541e-15     7.0594e-17
  1272.600     1.5412e-15     7.3218e-17
  1273.200     1.6641e-15     7.5544e-17
  1273.800     1.5195e-15     7.1699e-17
  1274.400     1.4121e-15     6.9759e-17
  1275.000     1.3798e-15     6.8719e-17
  1275.600     1.4242e-15     7.1106e-17
  1276.200     1.4451e-15     7.1315e-17
  1276.800     1.4703e-15     7.2926e-17
  1277.400     1.4358e-15     6.9592e-17
  1278.000     1.5438e-15     7.2614e-17
  1278.600      1.516e-15     7.2057e-17
  1279.200     1.5165e-15     7.1431e-17
  1279.800     1.5292e-15     7.3391e-17
  1280.400     1.6111e-15     7.4402e-17
  1281.000     1.6299e-15     7.4527e-17
  1281.600     1.5185e-15     7.2018e-17
  1282.200     1.4501e-15     7.0256e-17
  1282.800     1.4534e-15     7.1015e-17
  1283.400     1.5527e-15     7.2425e-17
  1284.000     1.5435e-15     7.2433e-17
  1284.600     1.4465e-15     7.1079e-17
  1285.200     1.4748e-15     7.1284e-17
  1285.800     1.5122e-15      7.191e-17
  1286.400     1.5226e-15     7.1593e-17
  1287.000     1.6522e-15     7.4887e-17
  1287.600     1.7015e-15     7.6741e-17
  1288.200     1.6209e-15     7.4681e-17
  1288.800     1.6942e-15     7.5819e-17
  1289.400     1.7271e-15     7.5764e-17
  1290.000     1.7628e-15     7.7046e-17
  1290.600      1.885e-15      8.001e-17
  1291.200      1.782e-15     7.6967e-17
  1291.800     1.8891e-15      7.986e-17
  1292.400     1.9074e-15     7.9664e-17
  1293.000      1.871e-15     7.9012e-17
  1293.600     2.1074e-15     8.5018e-17
  1294.200     1.8242e-15     7.8714e-17
  1294.800     1.6541e-15     7.5001e-17
  1295.400     1.7749e-15     7.7904e-17
  1296.000     1.7744e-15     7.7623e-17
  1296.600     1.8264e-15     7.7149e-17
  1297.200     1.5801e-15     7.3895e-17
  1297.800     1.5759e-15      7.255e-17
  1298.400     1.4163e-15     7.0404e-17
  1299.000     1.2213e-15     6.3652e-17
  1299.600     1.1371e-15     6.5047e-17
  1300.200     1.1021e-15     6.1586e-17
  1300.800     9.6755e-16      5.965e-17
  1301.400     8.6221e-16     5.5705e-17
  1302.000     7.3518e-16     5.2061e-17
  1302.600     6.7193e-16     5.0253e-17
  1303.200     7.1661e-16     5.2343e-17
  1303.800     6.9322e-16     5.1899e-17
  1304.400     7.3734e-16     5.3806e-17
  1305.000     7.3307e-16     5.3006e-17
  1305.600     7.5475e-16     5.3686e-17
  1306.200     7.5276e-16     5.4302e-17
  1306.800     6.8888e-16     5.2403e-17
  1307.400     6.8019e-16      5.156e-17
  1308.000     6.9159e-16     5.0304e-17
  1308.600     6.8283e-16      4.945e-17
  1309.200     6.5686e-16     4.8834e-17
  1309.800     5.8903e-16     4.6515e-17
  1310.400     5.2301e-16     4.4029e-17
  1311.000      4.617e-16     4.1491e-17
  1311.600     5.0513e-16     4.3332e-17
  1312.200     4.8626e-16      4.256e-17
  1312.800     4.9003e-16     4.3666e-17
  1313.400     7.1832e-16     5.0305e-17
  1314.000     6.5936e-16     4.8914e-17
  1314.600     6.5927e-16     4.9435e-17
  1315.200     7.0158e-16     4.9527e-17
  1315.800      6.858e-16     5.0432e-17
  1316.400     7.5451e-16      5.228e-17
  1317.000     7.3922e-16     5.1191e-17
  1317.600     8.0481e-16     5.2755e-17
  1318.200     7.8923e-16     5.3357e-17
  1318.800     8.5894e-16     5.5135e-17
  1319.400     8.5204e-16     5.5993e-17
  1320.000     8.8555e-16     5.6862e-17
  1320.600     9.2074e-16     5.7112e-17
  1321.200     9.9677e-16     6.0046e-17
  1321.800     8.7987e-16     5.5299e-17
  1322.400     8.2952e-16     5.5307e-17
  1323.000     9.0808e-16     5.6958e-17
  1323.600     1.0018e-15     5.9224e-17
  1324.200     1.0422e-15     6.1282e-17
  1324.800     1.0766e-15     6.2733e-17
  1325.400     1.0437e-15     6.1553e-17
  1326.000     1.0993e-15     6.3061e-17
  1326.600     1.1565e-15     6.4009e-17
  1327.200     1.1741e-15     6.4702e-17
  1327.800     1.2125e-15     6.6296e-17
  1328.400     1.2697e-15     6.6996e-17
  1329.000     1.3172e-15     6.8326e-17
  1329.600     1.2854e-15     6.7979e-17
  1330.200     1.3099e-15     6.8619e-17
  1330.800     1.4438e-15     7.1979e-17
  1331.400     1.4453e-15     7.1719e-17
  1332.000     1.5318e-15     7.3196e-17
  1332.600     1.4342e-15     7.2281e-17
  1333.200     1.3601e-15     7.0752e-17
  1333.800      1.278e-15     6.7257e-17
  1334.400     1.2515e-15     6.7884e-17
  1335.000     1.2145e-15     6.6215e-17
  1335.600     1.3737e-15      7.117e-17
  1336.200     1.4676e-15     7.1481e-17
  1336.800     1.4273e-15     7.3584e-17
  1337.400     1.8122e-15     7.9005e-17
  1338.000     1.9258e-15     8.3505e-17
  1338.600      1.758e-15     7.7792e-17
  1339.200     1.8772e-15     8.4232e-17
  1339.800      1.913e-15     8.1666e-17
  1340.400     1.9231e-15     8.3439e-17
  1341.000     1.8754e-15       8.18e-17
  1341.600     1.8877e-15     8.1618e-17
  1342.200     2.0429e-15     8.4939e-17
  1342.800     1.9745e-15     8.4062e-17
  1343.400      2.003e-15     8.4177e-17
  1344.000     2.0016e-15      8.599e-17
  1344.600     2.1475e-15     8.8459e-17
  1345.200     2.1825e-15     8.9339e-17
  1345.800     2.1936e-15     8.8941e-17
  1346.400     2.1723e-15     8.8881e-17
  1347.000     2.1889e-15     8.9544e-17
  1347.600     2.1929e-15     8.9721e-17
  1348.200     2.2685e-15     9.1379e-17
  1348.800     2.4329e-15     9.5356e-17
  1349.400     2.3698e-15     9.3781e-17
  1350.000     2.3944e-15     9.4508e-17
  1350.600     2.3422e-15     9.3788e-17
  1351.200     2.3255e-15     9.3922e-17
  1351.800     2.3814e-15     9.5974e-17
  1352.400     2.4005e-15     9.5345e-17
  1353.000     2.3061e-15     9.3996e-17
  1353.600     2.2298e-15     9.1259e-17
  1354.200     2.2775e-15     9.3673e-17
  1354.800     2.3132e-15     9.2589e-17
  1355.400     2.0762e-15     8.9096e-17
  1356.000     2.2372e-15     9.3327e-17
  1356.600     2.4107e-15     9.3966e-17
  1357.200     2.2837e-15     9.2463e-17
  1357.800     2.3299e-15     9.3907e-17
  1358.400     2.2819e-15     9.2935e-17
  1359.000     2.3614e-15     9.4836e-17
  1359.600     2.2799e-15     9.4213e-17
  1360.200     2.2335e-15     9.1766e-17
  1360.800     2.5443e-15     9.8377e-17
  1361.400     2.3608e-15     9.3198e-17
  1362.000     2.2564e-15     9.4261e-17
  1362.600     2.3489e-15      9.451e-17
  1363.200     2.3078e-15     9.3826e-17
  1363.800     2.2398e-15     9.3989e-17
  1364.400     2.1531e-15     9.1596e-17
  1365.000     2.2508e-15     9.3465e-17
  1365.600      2.401e-15     9.6775e-17
  1366.200     2.2351e-15     9.2187e-17
  1366.800     2.1648e-15     9.1938e-17
  1367.400     2.1402e-15     9.1445e-17
  1368.000     2.1995e-15     9.2807e-17
  1368.600     2.1925e-15     9.1656e-17
  1369.200     2.1682e-15     9.0684e-17
  1369.800     2.1476e-15     9.1461e-17
  1370.400     2.1201e-15     9.1794e-17
  1371.000     2.0516e-15     8.9531e-17
  1371.600       2.14e-15     9.1697e-17
  1372.200     2.1745e-15     9.1945e-17
  1372.800     2.0213e-15     8.9623e-17
  1373.400     2.0604e-15     8.9424e-17
  1374.000     2.1726e-15     9.3429e-17
  1374.600     2.2863e-15     9.4722e-17
  1375.200     2.0705e-15     9.1244e-17
  1375.800     2.0261e-15     8.9594e-17
  1376.400     1.9507e-15      8.968e-17
  1377.000     1.8716e-15     8.6465e-17
  1377.600     1.9489e-15     8.9598e-17
  1378.200     1.9693e-15     8.8173e-17
  1378.800     1.8832e-15     8.9269e-17
  1379.400     1.9188e-15     8.8296e-17
  1380.000     2.0524e-15     9.3283e-17
  1380.600     2.1983e-15     9.5516e-17
  1381.200     2.1925e-15     9.5344e-17
  1381.800     2.1082e-15      9.246e-17
  1382.400     1.9868e-15     9.2207e-17
  1383.000     1.9385e-15     8.8806e-17
  1383.600     2.0154e-15     9.2518e-17
  1384.200     2.0143e-15      9.215e-17
  1384.800     1.9835e-15     9.2191e-17
  1385.400     1.9442e-15     9.0613e-17
  1386.000     2.0009e-15     9.0971e-17
  1386.600     1.9832e-15     9.0854e-17
  1387.200     1.9387e-15     9.0172e-17
  1387.800     2.0074e-15     9.2412e-17
  1388.400     1.9974e-15     9.1887e-17
  1389.000     1.9721e-15     9.1875e-17
  1389.600     1.9845e-15     9.2327e-17
  1390.200     2.0082e-15     9.3206e-17
  1390.800     1.9766e-15     9.2185e-17
  1391.400     1.8901e-15     9.1057e-17
  1392.000     1.8351e-15      8.933e-17
  1392.600      1.884e-15     8.9918e-17
  1393.200     1.7726e-15     8.7035e-17
  1393.800      1.728e-15      8.661e-17
  1394.400     1.7619e-15     8.7058e-17
  1395.000     1.7864e-15     8.8302e-17
  1395.600     1.7793e-15     8.9329e-17
  1396.200     1.8738e-15     8.9271e-17
  1396.800     1.9391e-15     9.1766e-17
  1397.400     2.0144e-15     9.3945e-17
  1398.000       2.06e-15     9.3807e-17
  1398.600      2.023e-15     9.4641e-17
  1399.200     1.9121e-15     9.3132e-17
  1399.800     2.0786e-15     9.6381e-17
  1400.400     1.9414e-15     9.4473e-17
  1401.000     2.0297e-15     9.3893e-17
  1401.600     2.0016e-15      9.439e-17
  1402.200     1.9915e-15     9.3611e-17
  1402.800     1.8518e-15     9.1392e-17
  1403.400     1.8215e-15      9.143e-17
  1404.000     1.7984e-15     9.1722e-17
  1404.600     1.8023e-15      8.978e-17
  1405.200     1.8218e-15     9.1848e-17
  1405.800     1.8533e-15     9.1891e-17
  1406.400     1.7902e-15     8.9579e-17
  1407.000     1.6229e-15      8.642e-17
  1407.600     1.8275e-15     9.3958e-17
  1408.200      1.842e-15     9.2352e-17
  1408.800     1.7756e-15     9.0789e-17
  1409.400     1.7527e-15     9.0902e-17
  1410.000     1.8066e-15     9.2404e-17
  1410.600      1.819e-15     9.2545e-17
  1411.200     1.8487e-15     9.3111e-17
  1411.800     1.7765e-15     9.0631e-17
  1412.400     1.6838e-15     8.8468e-17
  1413.000      1.618e-15     8.6674e-17
  1413.600     1.6555e-15     8.9193e-17
  1414.200     1.6767e-15     8.9029e-17
  1414.800      1.594e-15     8.6427e-17
  1415.400     1.5824e-15      8.643e-17
  1416.000      1.647e-15     8.8239e-17
  1416.600     1.7047e-15     8.9321e-17
  1417.200     1.7283e-15     9.1369e-17
  1417.800     1.6741e-15     8.8245e-17
  1418.400     1.6193e-15     9.0045e-17
  1419.000     1.5976e-15     8.6511e-17
  1419.600     1.6073e-15     8.9806e-17
  1420.200     1.5672e-15     8.7453e-17
  1420.800     1.5517e-15     8.6631e-17
  1421.400     1.3923e-15     8.2377e-17
  1422.000     1.5668e-15     8.8177e-17
  1422.600     1.5293e-15     8.6356e-17
  1423.200     1.5218e-15     8.7678e-17
  1423.800     1.4739e-15     8.6089e-17
  1424.400     1.5583e-15     8.8113e-17
  1425.000     1.4206e-15     8.5548e-17
  1425.600     1.4636e-15      8.551e-17
  1426.200     1.4607e-15     8.6965e-17
  1426.800     1.4915e-15     8.7754e-17
  1427.400     1.4514e-15     8.5942e-17
  1428.000     1.3641e-15     8.4667e-17
  1428.600     1.4305e-15     8.5898e-17
  1429.200     1.3754e-15     8.4905e-17
  1429.800     1.3963e-15     8.5131e-17
  1430.400     1.4293e-15     8.6543e-17
  1431.000     1.4166e-15     8.6435e-17
  1431.600     1.3422e-15     8.4228e-17
  1432.200     1.4319e-15     8.6519e-17
  1432.800     1.4111e-15      8.607e-17
  1433.400     1.2846e-15     8.2381e-17
  1434.000     1.3292e-15     8.3558e-17
  1434.600     1.2557e-15     8.2381e-17
  1435.200     1.2797e-15     8.3709e-17
  1435.800     1.3113e-15     8.2545e-17
  1436.400     1.1655e-15     7.8909e-17
  1437.000     1.2094e-15     8.0662e-17
  1437.600     1.2796e-15     8.1849e-17
  1438.200     1.2786e-15     8.3932e-17
  1438.800     1.1875e-15     8.0033e-17
  1439.400     1.0446e-15     7.5196e-17
  1440.000     1.0827e-15     7.6907e-17
  1440.600     1.1011e-15     7.5986e-17
  1441.200     1.1327e-15      7.932e-17
  1441.800     1.2387e-15     8.1613e-17
  1442.400     1.1641e-15     7.8585e-17
  1443.000     1.1273e-15     8.0492e-17
  1443.600     9.6522e-16     7.3597e-17
  1444.200     1.2389e-15     8.1044e-17
  1444.800     9.5836e-16     7.4477e-17
  1445.400     1.0852e-15     7.7452e-17
  1446.000      1.095e-15     7.8058e-17
  1446.600     1.0114e-15     7.5653e-17
  1447.200     1.1443e-15     8.0324e-17
  1447.800     1.0474e-15     7.6997e-17
  1448.400     1.1456e-15     8.0104e-17
  1449.000      1.059e-15     7.7762e-17
  1449.600     9.3941e-16     7.2885e-17
  1450.200      1.019e-15     7.6199e-17
  1450.800     1.0046e-15     7.6235e-17
  1451.400     1.0231e-15     7.6373e-17
  1452.000     9.7701e-16     7.4766e-17
  1452.600     9.7003e-16     7.4975e-17
  1453.200     9.7156e-16     7.5502e-17
  1453.800      8.921e-16     7.3188e-17
  1454.400     9.3176e-16     7.4756e-17
  1455.000     9.5519e-16     7.5256e-17
  1455.600     9.0125e-16     7.3858e-17
  1456.200     8.2497e-16     7.0374e-17
  1456.800     9.0622e-16     7.4263e-17
  1457.400     1.0242e-15     7.6845e-17
  1458.000     9.8142e-16     7.7396e-17
  1458.600     8.6691e-16     7.2205e-17
  1459.200     9.7392e-16     7.6739e-17
  1459.800      8.719e-16     7.2643e-17
  1460.400     8.7948e-16     7.2456e-17
  1461.000     8.5593e-16     7.1976e-17
  1461.600     7.5277e-16     6.7409e-17
  1462.200     7.4115e-16     6.7423e-17
  1462.800      7.565e-16     6.8385e-17
  1463.400      8.967e-16     7.4566e-17
  1464.000     7.2746e-16     6.7178e-17
  1464.600     7.3209e-16     6.7378e-17
  1465.200     6.9519e-16     6.6238e-17
  1465.800     7.1869e-16     6.6649e-17
  1466.400      7.073e-16     6.7005e-17
  1467.000       6.62e-16     6.3922e-17
  1467.600     5.6227e-16     6.1395e-17
  1468.200     5.0601e-16     5.8184e-17
  1468.800     5.1986e-16     5.9077e-17
  1469.400     4.2938e-16     5.4065e-17
  1470.000     4.6435e-16     5.5752e-17
  1470.600     5.1303e-16     5.8384e-17
  1471.200     4.7052e-16     5.6846e-17
  1471.800     4.8508e-16     5.7775e-17
  1472.400     5.2293e-16      5.922e-17
  1473.000     4.5935e-16     5.5973e-17
  1473.600      4.424e-16     5.5415e-17
  1474.200     4.1454e-16      5.431e-17
  1474.800     4.3292e-16     5.5674e-17
  1475.400      4.756e-16     5.7142e-17
  1476.000     5.1715e-16     5.9222e-17
  1476.600     4.4569e-16     5.5971e-17
  1477.200     4.3977e-16     5.5579e-17
  1477.800     5.0642e-16      5.938e-17
  1478.400     4.6833e-16     5.8054e-17
  1479.000     4.4135e-16     5.6205e-17
  1479.600     5.3344e-16     6.2098e-17
  1480.200     4.0665e-16     5.3966e-17
  1480.800     6.2591e-16     6.5414e-17
  1481.400     5.8829e-16     6.2872e-17
  1482.000     4.1362e-16     5.4893e-17
  1482.600     3.9385e-16     5.4866e-17
  1483.200     4.1569e-16     5.5559e-17
  1483.800     3.7668e-16     5.2666e-17
  1484.400     4.8445e-16     5.9937e-17
  1485.000     4.3007e-16     5.6216e-17
  1485.600     4.1725e-16     5.5227e-17
  1486.200     5.1896e-16      6.237e-17
  1486.800     5.1322e-16     6.0573e-17
  1487.400     4.7038e-16     5.8196e-17
  1488.000     6.3403e-16       6.68e-17
  1488.600     5.3562e-16     6.2152e-17
  1489.200     5.4998e-16     6.2292e-17
  1489.800     5.5033e-16     6.3168e-17
  1490.400       5.51e-16     6.3224e-17
  1491.000     5.4548e-16       6.23e-17
  1491.600     4.4337e-16     5.7501e-17
  1492.200     5.3024e-16     6.2481e-17
  1492.800     5.8724e-16     6.5641e-17
  1493.400     5.4334e-16     6.3538e-17
  1494.000     5.6619e-16     6.4566e-17
  1494.600     6.0758e-16     6.6345e-17
  1495.200     5.9376e-16     6.5999e-17
  1495.800     5.6367e-16     6.4858e-17
  1496.400     6.1494e-16      6.733e-17
  1497.000     6.4162e-16     6.7833e-17
  1497.600     6.0617e-16     6.7387e-17
  1498.200     7.2573e-16     7.2403e-17
  1498.800      7.019e-16     7.2085e-17
  1499.400     8.2162e-16     7.9292e-17
  1500.000      7.791e-16     7.5475e-17
  1500.600     8.6818e-16      7.983e-17
  1501.200     9.2885e-16     8.2861e-17
  1501.800     7.8316e-16     7.5214e-17
  1502.400     9.6393e-16      8.548e-17
  1503.000     7.5831e-16     7.4485e-17
  1503.600     6.8169e-16     7.2905e-17
  1504.200     9.2618e-16     8.2702e-17
  1504.800     7.5342e-16     7.4807e-17
  1505.400     7.9843e-16     7.7084e-17
  1506.000     7.7261e-16     7.6536e-17
  1506.600     9.2432e-16     8.2587e-17
  1507.200     8.4452e-16      8.106e-17
  1507.800     8.7556e-16     8.1052e-17
  1508.400     8.2001e-16     7.9441e-17
  1509.000      8.666e-16     8.1924e-17
  1509.600     9.5535e-16     8.5046e-17
  1510.200     8.9945e-16     8.2249e-17
  1510.800     9.0172e-16     8.3564e-17
  1511.400     9.4751e-16     8.6303e-17
  1512.000     9.9328e-16     8.7648e-17
  1512.600      9.416e-16     8.5656e-17
  1513.200     1.0423e-15     9.0409e-17
  1513.800     9.5644e-16     8.6823e-17
  1514.400      8.609e-16     8.4067e-17
  1515.000      1.053e-15     9.0348e-17
  1515.600     1.0417e-15     9.0383e-17
  1516.200     1.0305e-15     9.0817e-17
  1516.800     1.0794e-15     9.2096e-17
  1517.400     1.0361e-15     9.2291e-17
  1518.000     1.0109e-15     9.0846e-17
  1518.600     1.0827e-15      9.266e-17
  1519.200     9.8138e-16     9.0726e-17
  1519.800     1.0475e-15     9.2382e-17
  1520.400     9.6078e-16     8.8511e-17
  1521.000     1.1213e-15     9.6086e-17
  1521.600      1.076e-15      9.419e-17
  1522.200     1.1042e-15     9.7691e-17
  1522.800     1.2877e-15     1.0274e-16
  1523.400     9.8156e-16     9.1734e-17
  1524.000     1.0844e-15     9.4749e-17
  1524.600     1.1229e-15     9.5145e-17
  1525.200     1.0238e-15     9.3062e-17
  1525.800     1.0708e-15     9.5283e-17
  1526.400     8.5809e-16     8.6382e-17
  1527.000     8.2505e-16      8.408e-17
  1527.600     9.2668e-16     8.9577e-17
  1528.200      1.177e-15     9.9699e-17
  1528.800     9.9536e-16     9.2836e-17
  1529.400     1.1511e-15     9.8962e-17
  1530.000     9.5829e-16     9.1902e-17
  1530.600     1.1426e-15     9.8667e-17
  1531.200     1.2083e-15     1.0191e-16
  1531.800     1.0659e-15     9.7298e-17
  1532.400     1.1194e-15     9.8826e-17
  1533.000     1.1276e-15     9.9661e-17
  1533.600     1.1686e-15      1.015e-16
  1534.200     1.1664e-15       1.01e-16
  1534.800     1.0134e-15     9.4577e-17
  1535.400     9.8077e-16     9.3247e-17
  1536.000     1.0975e-15      9.812e-17
  1536.600     1.1072e-15     9.9081e-17
  1537.200     1.0661e-15     9.8486e-17
  1537.800     1.0712e-15     9.8384e-17
  1538.400     8.9564e-16     9.0834e-17
  1539.000     9.1743e-16     9.2122e-17
  1539.600     9.6878e-16     9.3652e-17
  1540.200     9.5732e-16     9.2959e-17
  1540.800     1.0282e-15     9.8544e-17
  1541.400     1.0168e-15     9.5687e-17
  1542.000     1.0152e-15     9.8306e-17
  1542.600     9.1571e-16     9.2973e-17
  1543.200     1.0519e-15     9.9244e-17
  1543.800     9.0268e-16      9.319e-17
  1544.400      7.647e-16     8.5578e-17
  1545.000      1.055e-15     1.0083e-16
  1545.600     1.1007e-15     1.0273e-16
  1546.200     1.0504e-15     1.0124e-16
  1546.800     9.3421e-16     9.6947e-17
  1547.400      1.054e-15      1.009e-16
  1548.000     7.9676e-16     8.9327e-17
  1548.600     7.7218e-16     8.9156e-17
  1549.200     8.1447e-16     9.2165e-17
  1549.800     9.9043e-16     1.0146e-16
  1550.400      9.094e-16      9.776e-17
  1551.000     9.1401e-16     9.6403e-17
  1551.600     1.0354e-15     1.0229e-16
  1552.200     1.0654e-15     1.0342e-16
  1552.800     1.2099e-15     1.1069e-16
  1553.400     1.0381e-15     1.0337e-16
  1554.000      1.042e-15     1.0395e-16
  1554.600     1.0109e-15     1.0243e-16
  1555.200     9.7561e-16     9.9706e-17
  1555.800      9.548e-16     9.8534e-17
  1556.400      9.107e-16     9.7757e-17
  1557.000     9.6814e-16     1.0203e-16
  1557.600      1.058e-15     1.0632e-16
  1558.200     9.8769e-16     1.0217e-16
  1558.800     1.0191e-15     1.0501e-16
  1559.400     9.3974e-16      1.004e-16
  1560.000     9.5397e-16     1.0122e-16
  1560.600      1.164e-15     1.1117e-16
  1561.200     9.7398e-16     1.0055e-16
  1561.800     9.9022e-16     1.0469e-16
  1562.400     9.9187e-16     1.0511e-16
  1563.000     7.8485e-16       9.35e-17
  1563.600      9.383e-16     1.0145e-16
  1564.200     8.9461e-16     9.9331e-17
  1564.800     1.3565e-15     1.2217e-16
  1565.400     1.0483e-15     1.0781e-16
  1566.000     9.4077e-16     1.0364e-16
  1566.600     8.7702e-16      9.979e-17
  1567.200     1.0756e-15      1.106e-16
  1567.800     9.1724e-16     1.0359e-16
  1568.400     9.4859e-16     1.0497e-16
  1569.000     1.1485e-15     1.1429e-16
  1569.600      1.062e-15     1.0995e-16
  1570.200     1.1835e-15     1.1617e-16
  1570.800     1.0812e-15     1.1221e-16
  1571.400     1.1392e-15     1.1583e-16
  1572.000     1.0727e-15     1.1154e-16
  1572.600     1.0606e-15     1.1183e-16
  1573.200     1.0218e-15     1.1002e-16
  1573.800     1.0691e-15     1.1236e-16
  1574.400     1.1075e-15     1.1529e-16
  1575.000     1.1024e-15     1.1519e-16
  1575.600     9.6031e-16     1.0886e-16
  1576.200      9.412e-16     1.0662e-16
  1576.800     1.0296e-15     1.1298e-16
  1577.400     1.0322e-15     1.1264e-16
  1578.000     8.7401e-16      1.045e-16
  1578.600     8.6942e-16     1.0414e-16
  1579.200     9.4853e-16     1.0834e-16
  1579.800     7.8246e-16     9.8466e-17
  1580.400     1.0479e-15     1.1386e-16
  1581.000      9.824e-16     1.1031e-16
  1581.600     9.0562e-16     1.0783e-16
  1582.200     9.2506e-16     1.0843e-16
  1582.800      1.155e-15     1.2116e-16
  1583.400     9.3645e-16     1.1011e-16
  1584.000     9.2349e-16     1.0998e-16
  1584.600     1.0431e-15     1.1561e-16
  1585.200     1.0446e-15     1.1641e-16
  1585.800     1.0617e-15     1.1689e-16
  1586.400     1.1301e-15      1.222e-16
  1587.000     1.1012e-15     1.1959e-16
  1587.600     1.0033e-15      1.154e-16
  1588.200     9.6712e-16     1.1252e-16
  1588.800     9.6834e-16     1.1308e-16
  1589.400     9.2341e-16     1.1019e-16
  1590.000      9.498e-16     1.1302e-16
  1590.600     1.0788e-15     1.2057e-16
  1591.200     9.9731e-16      1.164e-16
  1591.800     1.1092e-15      1.223e-16
  1592.400      1.026e-15     1.1982e-16
  1593.000     8.0846e-16     1.0523e-16
  1593.600     7.9551e-16     1.0697e-16
  1594.200     9.4984e-16     1.1676e-16
  1594.800     8.6678e-16     1.1023e-16
  1595.400     7.9833e-16     1.0675e-16
  1596.000     9.2125e-16     1.1416e-16
  1596.600     9.6496e-16     1.1817e-16
  1597.200     9.4569e-16     1.1737e-16
  1597.800      1.036e-15     1.2228e-16
  1598.400     1.0269e-15     1.2241e-16
  1599.000     1.0502e-15     1.2293e-16
  1599.600     1.0368e-15     1.2376e-16
  1600.200       1.02e-15     1.2325e-16
  1600.800     9.6838e-16     1.1947e-16
  1601.400     8.8268e-16     1.1687e-16
  1602.000     1.0313e-15     1.2605e-16
  1602.600     9.3527e-16     1.1836e-16
  1603.200     1.1651e-15     1.3388e-16
  1603.800     1.0453e-15     1.2573e-16
  1604.400     1.0577e-15     1.2719e-16
  1605.000     1.0361e-15     1.2641e-16
  1605.600      9.202e-16     1.1996e-16
  1606.200     8.9762e-16     1.1869e-16
  1606.800      1.079e-15     1.2994e-16
  1607.400     9.4727e-16     1.2192e-16
  1608.000     6.3362e-16     1.0319e-16
  1608.600     6.9614e-16     1.0597e-16
  1609.200     9.1639e-16     1.2184e-16
  1609.800     7.8346e-16      1.112e-16
  1610.400     9.5063e-16     1.2244e-16
  1611.000     9.3045e-16     1.2135e-16
  1611.600     8.7615e-16     1.2065e-16
  1612.200     9.0673e-16     1.2288e-16
  1612.800     9.9014e-16     1.2797e-16
  1613.400     8.3897e-16     1.1781e-16
  1614.000     7.4201e-16     1.1057e-16
  1614.600     7.6628e-16     1.1135e-16
  1615.200     8.0966e-16     1.1348e-16
  1615.800     8.7215e-16     1.1746e-16
  1616.400     8.7872e-16     1.1935e-16
  1617.000     9.3743e-16     1.2315e-16
  1617.600     9.2485e-16     1.2194e-16
  1618.200     6.9818e-16     1.0647e-16
  1618.800     6.0516e-16     1.0101e-16
  1619.400     6.8432e-16     1.0848e-16
  1620.000     6.1831e-16     1.0344e-16
  1620.600     6.2443e-16     1.0412e-16
  1621.200     4.3696e-16     9.1153e-17
  1621.800     4.8832e-16     9.3915e-17
  1622.400     6.0804e-16     1.0455e-16
  1623.000     5.2819e-16     9.8838e-17
  1623.600     5.7123e-16     1.0019e-16
  1624.200     7.4578e-16     1.1234e-16
  1624.800     5.1898e-16     9.7047e-17
  1625.400     3.3946e-16     7.8177e-17
  1626.000     5.7856e-16     1.0177e-16
  1626.600     4.3924e-16     8.8693e-17
  1627.200     6.3544e-16     1.0459e-16
  1627.800     3.9945e-16     8.6858e-17
  1628.400     3.6716e-16     8.4632e-17
  1629.000     2.8838e-16     7.5895e-17
  1629.600      2.704e-16     7.4278e-17
  1630.200     3.3724e-16     7.9038e-17
  1630.800     3.6783e-16     8.1897e-17
  1631.400     3.1955e-16     7.8382e-17
  1632.000     3.0168e-16     7.5799e-17
  1632.600     2.1533e-16     6.5444e-17
  1633.200     1.8491e-16     6.1651e-17
  1633.800     2.2697e-16     6.5715e-17
  1634.400     3.5803e-16     8.0204e-17
  1635.000     3.1117e-16     7.4676e-17
  1635.600     3.1145e-16     7.5238e-17
  1636.200     3.6246e-16      8.327e-17
  1636.800     3.3357e-16     8.1687e-17
  1637.400     3.3044e-16     8.0998e-17
  1638.000     3.3879e-16     8.1872e-17
  1638.600     2.9876e-16     7.6755e-17
  1639.200     3.3251e-16     8.0557e-17
  1639.800     2.4177e-16     6.9023e-17
  1640.400     3.1274e-16     7.6438e-17
  1641.000     2.9687e-16     7.5098e-17
  1641.600     4.4882e-16     8.9627e-17
  1642.200     2.8605e-16     7.1509e-17
  1642.800     3.8848e-16     8.3441e-17
  1643.400     2.7991e-16     7.2388e-17
  1644.000     4.1679e-16     8.7107e-17
  1644.600     2.7449e-16      7.395e-17
  1645.200     4.4692e-16     9.3572e-17
  1645.800     3.3498e-16     8.1882e-17
  1646.400     2.5692e-16     7.4006e-17
  1647.000     3.8341e-16     8.5941e-17
  1647.600     4.8244e-16      9.344e-17
  1648.200     5.0435e-16     9.2688e-17
  1648.800     5.1097e-16     9.5043e-17
  1649.400     3.9878e-16     8.3116e-17
  1650.000      4.857e-16     9.1254e-17
  1650.600     4.7661e-16     8.9015e-17
  1651.200     6.3644e-16     1.0118e-16
  1651.800     4.7316e-16     9.0508e-17
  1652.400     5.3729e-16     9.6106e-17
  1653.000     6.1398e-16     1.0153e-16
  1653.600      5.778e-16     9.7539e-17
  1654.200     4.2618e-16     8.3004e-17
  1654.800     3.9075e-16      8.003e-17
  1655.400     5.5946e-16     9.5666e-17
  1656.000     5.9041e-16     9.8332e-17
  1656.600      6.581e-16     1.0377e-16
  1657.200     6.5034e-16     1.0211e-16
  1657.800     5.2695e-16     9.2288e-17
  1658.400     5.2635e-16     9.2352e-17
  1659.000      5.844e-16     9.6735e-17
  1659.600     5.2453e-16     9.2158e-17
  1660.200     6.4102e-16     1.0152e-16
  1660.800     6.6981e-16     1.0389e-16
  1661.400     6.1382e-16     9.8918e-17
  1662.000       6.43e-16      9.959e-17
  1662.600     6.0621e-16     9.4419e-17
  1663.200     8.2871e-16     1.0828e-16
  1663.800     7.1557e-16     1.0136e-16
  1664.400     7.9146e-16     1.0682e-16
  1665.000     8.8317e-16     1.1346e-16
  1665.600     8.2963e-16     1.1105e-16
  1666.200     1.0848e-15     1.2451e-16
  1666.800     9.4144e-16     1.1702e-16
  1667.400     8.4168e-16     1.0912e-16
  1668.000     9.2228e-16      1.138e-16
  1668.600     9.2445e-16     1.1444e-16
  1669.200     6.9748e-16     9.9766e-17
  1669.800     6.6239e-16     9.6412e-17
  1670.400     7.2586e-16      1.006e-16
  1671.000     7.8084e-16     1.0413e-16
  1671.600     7.4429e-16     1.0284e-16
  1672.200     7.1112e-16     1.0052e-16
  1672.800     7.8445e-16     1.0735e-16
  1673.400     8.2874e-16     1.1073e-16
  1674.000     8.8323e-16     1.1183e-16
  1674.600     9.8192e-16     1.1639e-16
  1675.200     9.3045e-16     1.1225e-16
  1675.800     1.0261e-15     1.1683e-16
  1676.400     1.1627e-15     1.2518e-16
  1677.000     1.0527e-15     1.1994e-16
  1677.600     9.9787e-16     1.1815e-16
  1678.200     9.0989e-16     1.1336e-16
  1678.800     1.0667e-15     1.2249e-16
  1679.400     1.1391e-15     1.2545e-16
  1680.000     1.0246e-15     1.1769e-16
  1680.600     1.1431e-15     1.2465e-16
  1681.200     1.0268e-15     1.1821e-16
  1681.800     1.1796e-15     1.2519e-16
  1682.400     7.5222e-16     1.0066e-16
  1683.000     9.5292e-16      1.124e-16
  1683.600     1.0347e-15     1.1686e-16
  1684.200     1.1442e-15     1.2156e-16
  1684.800     1.1478e-15     1.2331e-16
  1685.400     1.2514e-15     1.2685e-16
  1686.000     1.2227e-15     1.2794e-16
  1686.600     1.0819e-15     1.1949e-16
  1687.200      1.186e-15     1.2644e-16
  1687.800     1.2071e-15      1.252e-16
  1688.400     1.2127e-15     1.2474e-16
  1689.000     1.2952e-15       1.28e-16
  1689.600     1.2062e-15     1.2288e-16
  1690.200     1.2483e-15     1.2564e-16
  1690.800     1.0836e-15      1.166e-16
  1691.400      1.173e-15     1.2238e-16
  1692.000     1.1845e-15      1.227e-16
  1692.600     1.1276e-15     1.1968e-16
  1693.200     1.1171e-15     1.1827e-16
  1693.800     1.1815e-15     1.2034e-16
  1694.400     1.3388e-15     1.2618e-16
  1695.000     1.1864e-15     1.2012e-16
  1695.600     1.2042e-15      1.238e-16
  1696.200     1.1368e-15     1.2208e-16
  1696.800     1.1063e-15     1.1996e-16
  1697.400      1.058e-15     1.1705e-16
  1698.000     9.7264e-16     1.1145e-16
  1698.600     1.0391e-15     1.1359e-16
  1699.200     1.0156e-15     1.1279e-16
  1699.800     1.0488e-15     1.1391e-16
  1700.400     1.0143e-15     1.1416e-16
  1701.000     1.0363e-15     1.1477e-16
  1701.600     1.1235e-15     1.1961e-16
  1702.200     1.0859e-15     1.1814e-16
  1702.800     1.1542e-15     1.2149e-16
  1703.400     1.0348e-15     1.1476e-16
  1704.000     1.0944e-15     1.1861e-16
  1704.600     9.4182e-16      1.106e-16
  1705.200     9.8677e-16     1.1235e-16
  1705.800     9.4283e-16     1.1155e-16
  1706.400     8.8843e-16     1.0746e-16
  1707.000     9.9042e-16      1.119e-16
  1707.600     1.0616e-15      1.144e-16
  1708.200     1.0136e-15     1.1204e-16
  1708.800     1.0021e-15     1.1344e-16
  1709.400     1.0496e-15     1.1692e-16
  1710.000      1.101e-15     1.2007e-16
  1711.000     1.0237e-15     1.6136e-16
  1712.500     1.1371e-15     1.6389e-16
  1714.000     1.1713e-15     1.6292e-16
  1715.500     1.0805e-15     1.5593e-16
  1717.000     1.0397e-15     1.5744e-16
  1718.500     8.6852e-16     1.4883e-16
  1720.000     1.1056e-15     1.5534e-16
  1721.500      1.079e-15     1.5235e-16
  1723.000     1.1048e-15     1.5384e-16
  1724.500     1.0157e-15     1.4719e-16
  1726.000     1.0467e-15     1.4952e-16
  1727.500     9.4434e-16     1.4226e-16
  1729.000     1.0503e-15     1.4737e-16
  1730.500     9.3612e-16     1.4057e-16
  1732.000     8.5358e-16     1.3649e-16
  1733.500     1.0903e-15     1.4464e-16
  1735.000     1.0404e-15     1.4322e-16
  1736.500     7.1051e-16     1.2974e-16
  1738.000     7.9319e-16     1.3038e-16
  1739.500     9.8446e-16     1.3805e-16
  1741.000     8.5151e-16     1.3062e-16
  1742.500       1.06e-15     1.3722e-16
  1744.000      1.048e-15      1.378e-16
  1745.500     9.2285e-16     1.3125e-16
  1747.000     8.3404e-16     1.2636e-16
  1748.500     9.9318e-16     1.3292e-16
  1750.000     9.9267e-16     1.3168e-16
  1751.500     8.8826e-16     1.2678e-16
  1753.000     6.9613e-16     1.1816e-16
  1754.500     7.6285e-16     1.1957e-16
  1756.000     8.7746e-16     1.2343e-16
  1757.500     9.4171e-16     1.2518e-16
  1759.000     9.3092e-16      1.234e-16
  1760.500     9.7622e-16     1.2437e-16
  1762.000     9.6515e-16     1.2391e-16
  1763.500     7.7333e-16     1.1552e-16
  1765.000     8.1572e-16     1.1628e-16
  1766.500     9.4091e-16     1.2067e-16
  1768.000     8.8154e-16     1.1761e-16
  1769.500     7.6605e-16     1.1311e-16
  1771.000     9.5862e-16     1.1907e-16
  1772.500     8.9924e-16     1.1544e-16
  1774.000     8.7816e-16     1.1556e-16
  1775.500     1.0802e-15     1.2113e-16
  1777.000     1.1703e-15      1.244e-16
  1778.500     9.5972e-16     1.1718e-16
  1780.000     9.0614e-16     1.1244e-16
  1781.500     8.1106e-16     1.0998e-16
  1783.000     8.9281e-16      1.115e-16
  1784.500     1.1441e-15     1.2021e-16
  1786.000     1.0071e-15     1.1494e-16
  1787.500     1.0122e-15     1.1444e-16
  1789.000     8.3919e-16      1.073e-16
  1790.500     7.6725e-16     1.0574e-16
  1792.000     1.0913e-15     1.1532e-16
  1793.500     8.9565e-16     1.0802e-16
  1795.000     7.9354e-16     1.0319e-16
  1796.500     1.0654e-15     1.1405e-16
  1798.000     8.7115e-16     1.0615e-16
  1799.500      8.111e-16     1.0317e-16
  1801.000     8.4976e-16     1.0402e-16
  1802.500     6.9414e-16     9.6747e-17
  1804.000     8.6083e-16     1.0343e-16
  1805.500     8.0912e-16      1.016e-16
  1807.000     7.4436e-16     9.7743e-17
  1808.500      6.991e-16     9.5486e-17
  1810.000     6.5913e-16     9.3762e-17
  1811.500     6.4864e-16     9.3251e-17
  1813.000     7.3335e-16     9.6239e-17
  1814.500     7.7115e-16     9.6178e-17
  1816.000     6.6043e-16     9.1537e-17
  1817.500     7.1127e-16     9.3717e-17
  1819.000     6.1142e-16     8.8631e-17
  1820.500     7.1663e-16     9.2697e-17
  1822.000     7.2959e-16     9.4217e-17
  1823.500     6.4763e-16     8.8504e-17
  1825.000     6.3255e-16     8.7759e-17
  1826.500     7.1016e-16     9.0714e-17
  1828.000     8.4851e-16      9.525e-17
  1829.500     6.9219e-16     8.9291e-17
  1831.000      7.057e-16     8.9273e-17
  1832.500     6.3541e-16     8.6157e-17
  1834.000     6.8633e-16     8.8391e-17
  1835.500     6.8124e-16     8.7002e-17
  1837.000      5.853e-16     8.3119e-17
  1838.500     6.0796e-16     8.3402e-17
  1840.000      5.731e-16      8.285e-17
  1841.500     7.0606e-16      8.659e-17
  1843.000     6.1618e-16     8.3135e-17
  1844.500     7.2543e-16      8.704e-17
  1846.000     7.2672e-16     8.5133e-17
  1847.500     7.4772e-16     8.6182e-17
  1849.000     7.4326e-16      8.585e-17
  1850.500     8.0153e-16     8.7987e-17
  1852.000     8.0537e-16     8.7935e-17
  1853.500     6.4472e-16     8.2032e-17
  1855.000     7.4401e-16     8.4674e-17
  1856.500     7.1713e-16     8.3304e-17
  1858.000     7.6495e-16     8.4281e-17
  1859.500     8.1699e-16     8.6235e-17
  1861.000     8.0239e-16     8.6188e-17
  1862.500     9.0073e-16     8.8742e-17
  1864.000     8.3975e-16     8.5805e-17
  1865.500     8.6634e-16     8.6715e-17
  1867.000     7.8366e-16     8.3591e-17
  1868.500     6.8472e-16     7.9827e-17
  1870.000     7.9021e-16     8.2901e-17
  1871.500     7.1781e-16     8.0468e-17
  1873.000     8.4491e-16     8.5123e-17
  1874.500     8.9357e-16     8.5738e-17
  1876.000     9.0606e-16     8.6925e-17
  1877.500       8.27e-16     8.3482e-17
  1879.000     8.6663e-16     8.4425e-17
  1880.500     9.0111e-16     8.5836e-17
  1882.000     8.1535e-16     8.1962e-17
  1883.500     7.9674e-16     8.1582e-17
  1885.000     8.9336e-16     8.4403e-17
  1886.500       9.17e-16     8.4991e-17
  1888.000     8.4047e-16     8.2169e-17
  1889.500     9.1141e-16     8.4031e-17
  1891.000     8.8826e-16     8.2985e-17
  1892.500     8.3204e-16     8.0936e-17
  1894.000     7.8654e-16     7.9543e-17
  1895.500     8.1737e-16     8.0841e-17
  1897.000     1.0249e-15     8.5936e-17
  1898.500     9.0917e-16     8.2257e-17
  1900.000     8.3536e-16     7.9966e-17
  1901.500     8.7608e-16      8.097e-17
  1903.000     8.0815e-16     7.9132e-17
  1904.500     7.3888e-16     7.5955e-17
  1906.000     8.1048e-16      7.827e-17
  1907.500     7.9156e-16     7.7153e-17
  1909.000     7.5654e-16     7.5177e-17
  1910.500     7.9055e-16     7.6549e-17
  1912.000     7.9372e-16     7.6177e-17
  1913.500     8.3131e-16     7.6783e-17
  1915.000     8.4327e-16     7.7362e-17
  1916.500      8.194e-16     7.6534e-17
  1918.000     8.8025e-16     7.8767e-17
  1919.500     7.7854e-16     7.4735e-17
  1921.000     7.7305e-16     7.4287e-17
  1922.500     7.6284e-16     7.3337e-17
  1924.000     6.7422e-16     6.9923e-17
  1925.500     6.9929e-16     7.0997e-17
  1927.000     6.8365e-16     7.0629e-17
  1928.500     7.7002e-16     7.2832e-17
  1930.000     6.9882e-16     7.0112e-17
  1931.500      7.002e-16     6.9986e-17
  1933.000     7.9806e-16     7.2872e-17
  1934.500     7.5601e-16     7.1264e-17
  1936.000     7.7131e-16      7.204e-17
  1937.500     6.7927e-16     6.8352e-17
  1939.000     6.4435e-16     6.7545e-17
  1940.500     6.7277e-16     6.8191e-17
  1942.000     7.8524e-16     7.1157e-17
  1943.500     8.2529e-16     7.2135e-17
  1945.000     7.4072e-16     6.9228e-17
  1946.500       6.21e-16     6.5941e-17
  1948.000     6.7261e-16     6.6897e-17
  1949.500     5.6425e-16     6.4009e-17
  1951.000     6.8883e-16     6.7069e-17
  1952.500     6.3755e-16     6.4625e-17
  1954.000     6.7921e-16     6.6971e-17
  1955.500     6.4912e-16     6.5389e-17
  1957.000     5.7913e-16     6.2684e-17
  1958.500     5.7905e-16     6.2952e-17
  1960.000     5.3062e-16     6.1219e-17
  1961.500     5.6167e-16     6.1968e-17
  1963.000     5.9955e-16      6.331e-17
  1964.500     5.4812e-16     6.1218e-17
  1966.000     5.2649e-16     6.0005e-17
  1967.500     6.0761e-16      6.312e-17
  1969.000     5.6738e-16     6.1237e-17
  1970.500     5.6615e-16     6.0463e-17
  1972.000     5.6645e-16     6.1247e-17
  1973.500     5.1191e-16       5.87e-17
  1975.000     5.1322e-16     5.8683e-17
  1976.500      5.093e-16     5.9199e-17
  1978.000     5.6822e-16      5.962e-17
  1979.500     5.5614e-16     6.0243e-17
  1981.000     4.5339e-16     5.5664e-17
  1982.500     5.2525e-16     5.8186e-17
  1984.000     5.4488e-16     5.8952e-17
  1985.500     5.1706e-16      5.719e-17
  1987.000     5.8044e-16      5.972e-17
  1988.500     5.7199e-16     5.9033e-17
  1990.000     5.3532e-16     5.7504e-17
  1991.500     4.5932e-16     5.4696e-17
  1993.000     5.1217e-16     5.6457e-17
  1994.500     5.2809e-16     5.6734e-17
  1996.000     5.8249e-16     5.8502e-17
  1997.500     5.9957e-16     5.8883e-17
  1999.000     6.6857e-16     6.0681e-17
  2000.500     5.4065e-16     5.6463e-17
  2002.000      6.952e-16     6.1155e-17
  2003.500     5.6274e-16     5.7202e-17
  2005.000     5.3352e-16      5.548e-17
  2006.500     5.3798e-16     5.5717e-17
  2008.000      6.207e-16      5.831e-17
  2009.500     6.2217e-16     5.8093e-17
  2011.000     5.8277e-16     5.6608e-17
  2012.500     5.5132e-16     5.4722e-17
  2014.000     5.3825e-16     5.4054e-17
  2015.500      4.923e-16     5.2715e-17
  2017.000     5.0408e-16     5.2937e-17
  2018.500     4.7232e-16     5.2076e-17
  2020.000     5.0691e-16     5.2562e-17
  2021.500     5.7611e-16     5.4276e-17
  2023.000     5.5002e-16      5.428e-17
  2024.500     6.1125e-16      5.575e-17
  2026.000      5.982e-16     5.5069e-17
  2027.500     5.5243e-16     5.3016e-17
  2029.000     5.3996e-16     5.2516e-17
  2030.500      6.054e-16     5.4877e-17
  2032.000     5.4883e-16     5.3204e-17
  2033.500     5.3561e-16     5.2384e-17
  2035.000     5.6552e-16     5.2908e-17
  2036.500     5.3803e-16     5.2374e-17
  2038.000     4.7636e-16     4.9594e-17
  2039.500     5.6394e-16     5.2851e-17
  2041.000     5.7472e-16      5.286e-17
  2042.500     5.4064e-16     5.1253e-17
  2044.000     5.0457e-16     4.9908e-17
  2045.500     6.2835e-16     5.4563e-17
  2047.000     5.5177e-16     5.1567e-17
  2048.500     5.4192e-16     5.0806e-17
  2050.000     5.6096e-16     5.2369e-17
  2051.500     5.2144e-16     5.0168e-17
  2053.000     5.0547e-16     4.9559e-17
  2054.500      5.158e-16     4.9771e-17
  2056.000     5.1849e-16     4.9276e-17
  2057.500     5.1284e-16     4.9227e-17
  2059.000     4.8552e-16     4.8764e-17
  2060.500     4.4956e-16     4.6974e-17
  2062.000     4.7974e-16     4.7783e-17
  2063.500     5.2879e-16     4.9485e-17
  2065.000     4.2409e-16     4.5351e-17
  2066.500     4.7781e-16     4.7037e-17
  2068.000      4.884e-16     4.7408e-17
  2069.500     5.1629e-16     4.8019e-17
  2071.000     4.8861e-16     4.7599e-17
  2072.500     4.7482e-16     4.6636e-17
  2074.000     4.3149e-16     4.5079e-17
  2075.500     4.9794e-16     4.6964e-17
  2077.000     4.9789e-16     4.6576e-17
  2078.500     4.9671e-16      4.696e-17
  2080.000     4.4766e-16     4.4601e-17
  2081.500     4.8356e-16     4.6339e-17
  2083.000     5.3415e-16     4.7928e-17
  2084.500     4.8852e-16     4.5821e-17
  2086.000     4.6245e-16     4.5313e-17
  2087.500     4.8595e-16     4.5466e-17
  2089.000     5.4173e-16     4.7243e-17
  2090.500     4.1346e-16     4.2546e-17
  2092.000     4.8621e-16     4.4804e-17
  2093.500     4.5969e-16      4.448e-17
  2095.000      4.327e-16     4.2861e-17
  2096.500     4.5653e-16     4.3675e-17
  2098.000     4.4437e-16     4.2965e-17
  2099.500     4.9374e-16     4.4173e-17
  2101.000      4.818e-16     4.4309e-17
  2102.500     4.7972e-16     4.3743e-17
  2104.000     4.0396e-16     4.1104e-17
  2105.500     4.1198e-16     4.1084e-17
  2107.000      5.244e-16     4.4667e-17
  2108.500     5.2897e-16     4.4949e-17
  2110.000     4.3102e-16     4.1451e-17
  2111.500      4.699e-16     4.2538e-17
  2113.000      4.705e-16     4.2711e-17
  2114.500     4.5808e-16     4.2063e-17
  2116.000     4.4616e-16      4.169e-17
  2117.500     4.3019e-16     4.1194e-17
  2119.000     4.6432e-16     4.1826e-17
  2120.500     4.5238e-16     4.1088e-17
  2122.000     3.8677e-16     3.8945e-17
  2123.500     3.9384e-16     3.9513e-17
  2125.000     4.1272e-16     3.9733e-17
  2126.500     4.8613e-16     4.1901e-17
  2128.000     4.3431e-16     4.0418e-17
  2129.500     4.6794e-16     4.1991e-17
  2131.000     3.8949e-16     3.8609e-17
  2132.500     4.1041e-16     3.9399e-17
  2134.000      4.083e-16     3.9125e-17
  2135.500     4.9493e-16     4.1704e-17
  2137.000      4.676e-16     4.1496e-17
  2138.500      4.081e-16     3.8918e-17
  2140.000     4.6546e-16     4.0887e-17
  2141.500     5.2611e-16     4.2526e-17
  2143.000     4.6083e-16     4.0254e-17
  2144.500     4.6781e-16     4.0955e-17
  2146.000     4.2652e-16     3.9037e-17
  2147.500     4.8114e-16     4.1055e-17
  2149.000     5.2369e-16     4.2387e-17
  2150.500     5.0003e-16     4.1278e-17
  2152.000     4.3839e-16     3.9074e-17
  2153.500     4.3441e-16     3.8616e-17
  2155.000     4.1883e-16     3.8306e-17
  2156.500     3.2445e-16     3.5205e-17
  2158.000     3.6979e-16     3.6628e-17
  2159.500     4.1828e-16     3.8257e-17
  2161.000     4.1752e-16     3.8079e-17
  2162.500     4.2104e-16       3.78e-17
  2164.000       4.58e-16      3.879e-17
  2165.500      4.601e-16     3.8957e-17
  2167.000     4.2244e-16     3.7415e-17
  2168.500     4.3818e-16     3.7914e-17
  2170.000     3.8375e-16     3.6363e-17
  2171.500     4.0174e-16     3.6544e-17
  2173.000     4.6049e-16     3.8541e-17
  2174.500     4.0548e-16     3.6594e-17
  2176.000     4.1117e-16     3.6381e-17
  2177.500     3.9109e-16     3.5792e-17
  2179.000      4.185e-16     3.6792e-17
  2180.500     4.5243e-16     3.7548e-17
  2182.000     4.2048e-16     3.6901e-17
  2183.500     4.1919e-16       3.67e-17
  2185.000     4.0993e-16     3.6322e-17
  2186.500     3.6103e-16     3.5052e-17
  2188.000     4.0216e-16     3.6017e-17
  2189.500     3.5295e-16     3.4237e-17
  2191.000     3.6503e-16     3.4886e-17
  2192.500     3.6694e-16     3.4507e-17
  2194.000     4.3666e-16     3.6781e-17
  2195.500     3.8406e-16     3.4929e-17
  2197.000     3.9907e-16      3.534e-17
  2198.500     4.3219e-16     3.6503e-17
  2200.000     4.7064e-16     3.7476e-17
  2201.500     3.7503e-16     3.4624e-17
  2203.000     3.3232e-16     3.2914e-17
  2204.500     3.6949e-16     3.4243e-17
  2206.000     3.9131e-16     3.4905e-17
  2207.500     4.1706e-16     3.5611e-17
  2209.000     3.8275e-16     3.4272e-17
  2210.500     3.5472e-16     3.3093e-17
  2212.000      3.587e-16     3.3362e-17
  2213.500     3.7278e-16     3.3858e-17
  2215.000      3.898e-16     3.4381e-17
  2216.500     3.8695e-16     3.4371e-17
  2218.000     3.6113e-16     3.3319e-17
  2219.500     3.6682e-16     3.3171e-17
  2221.000     3.5222e-16     3.2603e-17
  2222.500     3.6836e-16     3.3334e-17
  2224.000     3.7818e-16     3.3227e-17
  2225.500     3.6725e-16     3.2954e-17
  2227.000     3.8258e-16     3.3373e-17
  2228.500     4.1533e-16     3.4517e-17
  2230.000     3.6747e-16     3.2745e-17
  2231.500     4.1339e-16     3.4212e-17
  2233.000     3.8869e-16     3.3406e-17
  2234.500     3.6966e-16     3.2923e-17
  2236.000     3.9209e-16     3.3221e-17
  2237.500     4.1442e-16     3.4048e-17
  2239.000     3.1085e-16     3.0412e-17
  2240.500     3.7569e-16     3.2346e-17
  2242.000     3.8356e-16     3.2973e-17
  2243.500      3.852e-16     3.2903e-17
  2245.000     3.3756e-16     3.1159e-17
  2246.500     3.4526e-16       3.15e-17
  2248.000      3.394e-16     3.1402e-17
  2249.500     3.7112e-16      3.196e-17
  2251.000     3.9156e-16     3.2614e-17
  2252.500     3.5468e-16     3.1446e-17
  2254.000     3.2612e-16     3.0419e-17
  2255.500     3.5983e-16     3.1878e-17
  2257.000     3.3957e-16      3.128e-17
  2258.500     3.0873e-16     2.9903e-17
  2260.000     3.6497e-16     3.1789e-17
  2261.500     3.9118e-16     3.2592e-17
  2263.000     3.5821e-16     3.1316e-17
  2264.500      3.228e-16     3.0482e-17
  2266.000     3.4241e-16     3.0744e-17
  2267.500     3.5439e-16     3.0775e-17
  2269.000     3.3902e-16     3.0871e-17
  2270.500     3.3324e-16     3.0553e-17
  2272.000     3.3819e-16     3.0745e-17
  2273.500     3.7807e-16     3.2122e-17
  2275.000     3.8025e-16     3.1876e-17
  2276.500     3.8307e-16     3.1927e-17
  2278.000     3.5374e-16     3.1138e-17
  2279.500     3.7143e-16     3.1356e-17
  2281.000     3.7636e-16     3.1723e-17
  2282.500     3.9075e-16     3.2054e-17
  2284.000       3.42e-16     3.0604e-17
  2285.500     3.6091e-16     3.1123e-17
  2287.000     3.3406e-16     3.0213e-17
  2288.500     3.0101e-16     2.9115e-17
  2290.000     3.1305e-16     2.9449e-17
  2291.500     3.7139e-16     3.1371e-17
  2293.000     3.8053e-16     3.1506e-17
  2294.500     3.3667e-16     3.0193e-17
  2296.000     3.1644e-16     2.9567e-17
  2297.500     3.6172e-16     3.0576e-17
  2299.000     3.2431e-16      2.974e-17
  2300.500     3.4714e-16     3.0526e-17
  2302.000     3.5793e-16     3.0753e-17
  2303.500     3.4627e-16     3.0335e-17
  2305.000     2.9608e-16     2.8587e-17
  2306.500     3.1085e-16     2.9141e-17
  2308.000     3.0558e-16     2.8967e-17
  2309.500     3.4275e-16     2.9901e-17
  2311.000     3.8411e-16     3.1326e-17
  2312.500     3.4256e-16     3.0067e-17
  2314.000      3.509e-16     3.0173e-17
  2315.500     3.2613e-16     2.9499e-17
  2317.000     3.0111e-16     2.8691e-17
  2318.500     3.2628e-16     2.9043e-17
  2320.000     3.6817e-16      3.065e-17
  2321.500     3.4454e-16     2.9998e-17
  2323.000     3.4192e-16     2.9891e-17
  2324.500     3.7853e-16     3.0985e-17
  2326.000     3.3852e-16     2.9514e-17
  2327.500     3.1289e-16     2.9121e-17
  2329.000      3.502e-16     2.9594e-17
  2330.500     3.6148e-16     3.0415e-17
  2332.000     3.4277e-16     2.9494e-17
  2333.500     3.1041e-16     2.8581e-17
  2335.000     3.1924e-16     2.8815e-17
  2336.500     3.0542e-16     2.8249e-17
  2338.000     3.4043e-16     2.9744e-17
  2339.500     3.4035e-16     2.9549e-17
  2341.000     3.1758e-16     2.8571e-17
  2342.500     3.0663e-16     2.8368e-17
  2344.000     3.0878e-16     2.8328e-17
  2345.500     3.0643e-16     2.8085e-17
  2347.000     3.0141e-16     2.8303e-17
  2348.500     3.2804e-16     2.8844e-17
  2350.000     3.1074e-16     2.8194e-17
  2351.500     3.1504e-16     2.8343e-17
  2353.000     3.3049e-16     2.8666e-17
  2354.500       3.71e-16     3.0015e-17
  2356.000     3.1715e-16     2.8449e-17
  2357.500     3.2527e-16     2.8558e-17
  2359.000     3.0658e-16     2.7981e-17
  2360.500      2.985e-16     2.7726e-17
  2362.000     3.0323e-16     2.7706e-17
  2363.500     3.1468e-16     2.8054e-17
  2365.000     3.1679e-16     2.8091e-17
  2366.500     2.6835e-16      2.634e-17
  2368.000     2.9283e-16     2.7603e-17
  2369.500     3.0631e-16     2.7875e-17
  2371.000     3.2952e-16     2.8748e-17
  2372.500     3.2104e-16     2.8003e-17
  2374.000     3.1018e-16     2.7494e-17
  2375.500     2.9807e-16     2.7548e-17
  2377.000     2.7745e-16      2.656e-17
  2378.500      3.017e-16     2.7455e-17
  2380.000     3.2907e-16     2.8559e-17
  2381.500     2.8144e-16     2.6617e-17
  2383.000     2.6238e-16     2.6333e-17
  2384.500      2.632e-16     2.6044e-17
  2386.000     2.8231e-16     2.6777e-17
  2387.500     2.8827e-16     2.6938e-17
  2389.000     3.3127e-16     2.8176e-17
  2390.500     3.2099e-16     2.8016e-17
  2392.000      3.121e-16     2.7479e-17
  2393.500      2.771e-16     2.6431e-17
  2395.000     2.7725e-16     2.6356e-17
  2396.500     2.6639e-16     2.5958e-17
  2398.000     2.9121e-16     2.6924e-17
  2399.500     2.8816e-16     2.6666e-17
  2401.000     2.8044e-16     2.6426e-17
  2402.500     2.6335e-16     2.5764e-17
  2404.000     2.5873e-16     2.5488e-17
  2405.500     2.5481e-16     2.5513e-17
  2407.000      2.616e-16     2.5615e-17
  2408.500     2.8504e-16      2.636e-17
  2410.000     2.6104e-16     2.5722e-17
  2411.500     3.2049e-16     2.7475e-17
  2413.000     2.9722e-16     2.6777e-17
  2414.500     2.8972e-16     2.6692e-17
  2416.000      2.805e-16     2.6303e-17
  2417.500     3.5721e-16     2.8483e-17
  2419.000     3.1354e-16     2.7171e-17
  2420.500     3.0946e-16     2.7256e-17
  2422.000     2.9727e-16     2.6913e-17
  2423.500     2.7464e-16     2.5889e-17
  2425.000     2.5606e-16     2.5486e-17
  2426.500     2.5399e-16     2.5397e-17
  2428.000     2.8678e-16     2.6243e-17
  2429.500     2.6453e-16     2.5797e-17
  2431.000      2.586e-16     2.5559e-17
  2432.500      2.435e-16     2.5017e-17
  2434.000     2.6049e-16     2.5106e-17
  2435.500     2.5024e-16     2.4749e-17
  2437.000     2.1697e-16      2.381e-17
  2438.500     2.2749e-16     2.4096e-17
  2440.000     2.4179e-16     2.4397e-17
  2441.500     2.6434e-16     2.5151e-17
  2443.000     2.1448e-16     2.3684e-17
  2444.500     2.4028e-16     2.4746e-17
  2446.000     2.4063e-16     2.4696e-17
  2447.500     2.5507e-16     2.4861e-17
  2449.000      2.623e-16     2.5103e-17
  2450.500     2.6318e-16     2.5045e-17
  2452.000     2.9813e-16     2.6113e-17
  2453.500     2.8229e-16     2.5782e-17
  2455.000     2.3419e-16     2.4194e-17
  2456.500     2.4846e-16     2.4707e-17
  2458.000     2.2847e-16     2.4138e-17
  2459.500     2.2265e-16     2.3715e-17
  2461.000     2.6447e-16     2.4928e-17
  2462.500     2.1724e-16     2.3384e-17
  2464.000     2.6687e-16     2.5017e-17
  2465.500     2.5668e-16     2.4727e-17
  2467.000     2.1856e-16     2.3572e-17
  2468.500     2.4605e-16     2.4322e-17
  2470.000     2.4959e-16     2.4587e-17
  2471.500     2.3384e-16     2.4145e-17
  2473.000     2.5222e-16     2.4512e-17
  2474.500     2.3642e-16     2.4022e-17
  2476.000     2.5767e-16     2.5077e-17
  2477.500     2.6682e-16     2.4596e-17
  2479.000     2.6549e-16     2.4945e-17
  2480.500     2.6992e-16     2.5198e-17
  2482.000     2.7455e-16     2.5223e-17
  2483.500     2.5175e-16     2.4647e-17
  2485.000      2.814e-16     2.5595e-17
  2486.500     2.6049e-16     2.4838e-17
  2488.000     2.5926e-16     2.4721e-17
  2489.500     2.4942e-16     2.4347e-17
  2491.000     2.7259e-16       2.52e-17
  2492.500     2.6357e-16     2.4847e-17
  2494.000     2.5409e-16     2.4628e-17
  2495.500     2.8083e-16     2.5286e-17
  2497.000     3.1779e-16     2.6595e-17
  2498.500      2.917e-16     2.5881e-17
  2500.000     2.6637e-16     2.4881e-17
  2501.500     2.7299e-16     2.5255e-17
  2503.000     2.6865e-16     2.5147e-17
  2504.500     2.6804e-16     2.4922e-17
  2506.000     2.8686e-16     2.5648e-17
  2507.500     2.6628e-16      2.482e-17
  2509.000     2.5266e-16     2.4473e-17
  2510.500     2.2255e-16     2.3555e-17
  2512.000        2.6e-16     2.4701e-17
  2513.500     2.7202e-16     2.5299e-17
  2515.000      3.208e-16     2.6576e-17
  2516.500     3.0264e-16     2.5595e-17
  2518.000     3.1339e-16     2.6344e-17
  2519.500     2.6452e-16     2.4724e-17
  2521.000     2.6662e-16     2.4867e-17
  2522.500     2.6601e-16      2.459e-17
  2524.000     3.1223e-16     2.5943e-17
  2525.500     2.8762e-16     2.5471e-17
  2527.000     2.7481e-16     2.4803e-17
  2528.500      3.026e-16     2.5841e-17
  2530.000     2.9449e-16     2.5764e-17
  2531.500     2.8278e-16     2.5123e-17
  2533.000      2.645e-16     2.4641e-17
  2534.500     2.3191e-16     2.3555e-17
  2536.000     2.8521e-16     2.5151e-17
  2537.500     2.5269e-16     2.4496e-17
  2539.000     2.6282e-16     2.4454e-17
  2540.500     2.4359e-16     2.3821e-17
  2542.000     2.4336e-16     2.3872e-17
  2543.500     2.5415e-16     2.4178e-17
  2545.000     2.8684e-16     2.5384e-17
  2546.500     2.8702e-16     2.5115e-17
  2548.000     3.0587e-16     2.5837e-17
  2549.500     2.6967e-16     2.4949e-17
  2551.000     2.5718e-16     2.4115e-17
  2552.500     2.4422e-16     2.3758e-17
  2554.000     2.7137e-16     2.4796e-17
  2555.500     2.5209e-16     2.3872e-17
  2557.000     2.4666e-16     2.4003e-17
  2558.500     2.6111e-16     2.4612e-17
  2560.000      2.684e-16     2.4411e-17
  2561.500     2.4136e-16     2.3711e-17
  2563.000     2.6143e-16     2.4263e-17
  2564.500       2.55e-16     2.3846e-17
  2566.000     2.2144e-16     2.3175e-17
  2567.500     2.2982e-16     2.3375e-17
  2569.000     2.2674e-16      2.334e-17
  2570.500     2.5171e-16     2.4092e-17
  2572.000      2.232e-16     2.3092e-17
  2573.500      2.281e-16     2.3058e-17
  2575.000     2.7656e-16      2.479e-17
  2576.500     2.2061e-16     2.2858e-17
  2578.000     2.3294e-16     2.3403e-17
  2579.500     2.3406e-16     2.3408e-17
  2581.000     2.1099e-16     2.2891e-17
  2582.500     2.2834e-16     2.2996e-17
  2584.000     2.3188e-16      2.333e-17
  2585.500     2.3037e-16     2.3364e-17
  2587.000     2.1491e-16       2.28e-17
  2588.500     1.9046e-16     2.1941e-17
  2590.000     1.9559e-16     2.2181e-17
  2591.500     2.5544e-16     2.4092e-17
  2593.000     2.5814e-16     2.4182e-17
  2594.500     2.4573e-16     2.3708e-17
  2596.000     2.4412e-16     2.3662e-17
  2597.500     2.5366e-16     2.4176e-17
  2599.000     2.3321e-16     2.3465e-17
  2600.500     1.9963e-16     2.2156e-17
  2602.000     1.9116e-16     2.1794e-17
  2603.500     2.1184e-16     2.2717e-17
  2605.000     2.1726e-16     2.2907e-17
  2606.500     2.5055e-16     2.3791e-17
  2608.000     2.3868e-16     2.3457e-17
  2609.500     2.4491e-16     2.3885e-17
  2611.000     2.2999e-16     2.3226e-17
  2612.500     2.0939e-16     2.2734e-17
  2614.000     2.2672e-16     2.3324e-17
  2615.500     2.0827e-16     2.2306e-17
  2617.000     2.0576e-16     2.2297e-17
  2618.500     2.4406e-16     2.3931e-17
  2620.000     2.3198e-16     2.3458e-17
  2621.500      2.234e-16     2.3102e-17
  2623.000      2.306e-16     2.3469e-17
  2624.500      2.434e-16     2.3855e-17
  2626.000     1.9443e-16     2.2172e-17
  2627.500     2.1359e-16     2.2804e-17
  2629.000     2.6254e-16     2.4344e-17
  2630.500     2.4123e-16     2.3734e-17
  2632.000      2.203e-16     2.2953e-17
  2633.500     2.2915e-16     2.3245e-17
  2635.000     2.5466e-16     2.4206e-17
  2636.500     2.5377e-16     2.4118e-17
  2638.000     2.0911e-16     2.2522e-17
  2639.500     2.2332e-16     2.3078e-17
  2641.000     2.5086e-16     2.4005e-17
  2642.500     2.4065e-16     2.3781e-17
  2644.000     2.2573e-16     2.3372e-17
  2645.500     2.1033e-16     2.2559e-17
  2647.000     2.2063e-16     2.2885e-17
  2648.500     2.1367e-16      2.276e-17
  2650.000     2.1895e-16     2.2877e-17
  2651.500     2.2448e-16     2.2945e-17
  2653.000     2.2411e-16     2.3184e-17
  2654.500     1.9426e-16     2.2241e-17
  2656.000     2.2215e-16      2.307e-17
  2657.500     2.7339e-16     2.4836e-17
  2659.000     2.5852e-16     2.4068e-17
  2660.500     2.4065e-16     2.3526e-17
  2662.000     2.2984e-16      2.321e-17
  2663.500     2.2359e-16     2.3074e-17
  2665.000     2.4721e-16     2.4328e-17
  2666.500     2.3166e-16     2.3297e-17
  2668.000     2.2954e-16      2.343e-17
  2669.500     2.2983e-16     2.3479e-17
  2671.000     2.4203e-16     2.3617e-17
  2672.500     2.2179e-16     2.3033e-17
  2674.000     2.2406e-16     2.3118e-17
  2675.500     2.1851e-16     2.2851e-17
  2677.000     2.0032e-16     2.2772e-17
  2678.500     2.1792e-16     2.3068e-17
  2680.000      1.992e-16     2.2529e-17
  2681.500     2.0768e-16     2.2788e-17
  2683.000     2.3999e-16      2.382e-17
  2684.500     2.4985e-16      2.418e-17
  2686.000     2.4355e-16     2.4267e-17
  2687.500     2.3181e-16     2.3674e-17
  2689.000     2.3735e-16     2.3414e-17
  2690.500     2.3275e-16     2.3528e-17
  2692.000     2.4929e-16      2.427e-17
  2693.500     2.4794e-16     2.3993e-17
  2695.000     2.3925e-16     2.3925e-17
  2696.500      2.296e-16     2.3672e-17
  2698.000     1.8555e-16     2.1874e-17
  2699.500     2.4166e-16      2.406e-17
  2701.000     2.2656e-16     2.3323e-17
  2702.500     2.2269e-16     2.3384e-17
  2704.000     2.0936e-16     2.2909e-17
  2705.500     1.9614e-16     2.2303e-17
  2707.000     2.3643e-16     2.3753e-17
  2708.500     2.0716e-16     2.2785e-17
  2710.000     2.1507e-16      2.304e-17
  2711.500     1.8782e-16     2.2226e-17
  2713.000      1.924e-16     2.2463e-17
  2714.500     2.1094e-16     2.2822e-17
  2716.000      1.859e-16     2.1872e-17
  2717.500     2.2531e-16     2.3517e-17
  2719.000     2.3661e-16     2.3662e-17
  2720.500     2.3779e-16     2.3723e-17
  2722.000     2.3959e-16     2.3656e-17
  2723.500     2.3673e-16     2.3685e-17
  2725.000     1.8157e-16     2.1838e-17
  2726.500       2.26e-16     2.3304e-17
  2728.000     2.4099e-16      2.412e-17
  2729.500     2.2412e-16     2.3483e-17
  2731.000     1.8441e-16      2.206e-17
  2732.500      2.248e-16      2.352e-17
  2734.000     2.1558e-16     2.3209e-17
  2735.500      2.088e-16     2.3043e-17
  2737.000     1.8065e-16     2.1983e-17
  2738.500     1.9594e-16     2.2466e-17
  2740.000     2.0873e-16     2.3092e-17
  2741.500     2.2239e-16     2.3572e-17
  2743.000     2.4193e-16     2.4344e-17
  2744.500     2.3275e-16     2.4147e-17
  2746.000     2.1751e-16     2.3432e-17
  2747.500     1.9984e-16      2.286e-17
  2749.000     1.9112e-16     2.2506e-17
  2750.500      2.489e-16     2.4261e-17
  2752.000     2.7857e-16     2.5679e-17
  2753.500     2.1964e-16      2.357e-17
  2755.000     2.1294e-16     2.3522e-17
  2756.500     2.0592e-16     2.3112e-17
  2758.000     2.1051e-16     2.3176e-17
  2759.500     2.0017e-16     2.3195e-17
  2761.000     1.9799e-16     2.2994e-17
  2762.500     1.8458e-16     2.2105e-17
  2764.000     2.1846e-16     2.3935e-17
  2765.500      2.386e-16      2.434e-17
  2767.000     2.3149e-16     2.3975e-17
  2768.500     2.0105e-16     2.3302e-17
  2770.000     2.0957e-16     2.3225e-17
  2771.500     2.0546e-16     2.3178e-17
  2773.000     2.3213e-16     2.4238e-17
  2774.500     2.1281e-16     2.3255e-17
  2776.000     2.0691e-16     2.3364e-17
  2777.500     1.9839e-16     2.3182e-17
  2779.000     2.1477e-16     2.3739e-17
  2780.500     2.1653e-16     2.3818e-17
  2782.000     2.1353e-16      2.374e-17
  2783.500     1.8342e-16     2.2775e-17
  2785.000     1.9285e-16     2.3037e-17
  2786.500      1.794e-16     2.2709e-17
  2788.000     1.9539e-16     2.3303e-17
  2789.500     2.2098e-16     2.4281e-17
  2791.000     1.8889e-16     2.3133e-17
  2792.500     1.8125e-16     2.2999e-17
  2794.000     1.5585e-16     2.1737e-17
  2795.500     1.5025e-16     2.1921e-17
  2797.000     1.6096e-16     2.2351e-17
  2798.500     1.5902e-16     2.1976e-17
  2800.000     1.5123e-16     2.1878e-17
  2801.500     1.5043e-16     2.1946e-17
  2803.000     1.7935e-16     2.2964e-17
  2804.500     1.4037e-16     2.1305e-17
  2806.000     1.6358e-16     2.2245e-17
  2807.500     1.9172e-16      2.358e-17
  2809.000      1.973e-16     2.3876e-17
  2810.500     1.9466e-16     2.3771e-17
  2812.000      1.681e-16     2.2733e-17
  2813.500     1.7508e-16     2.2783e-17
  2815.000     1.6428e-16     2.2516e-17
  2816.500     2.0681e-16     2.4091e-17
  2818.000     2.0125e-16     2.3923e-17
  2819.500     1.9173e-16     2.3528e-17
  2821.000     1.7477e-16     2.2781e-17
  2822.500     1.7263e-16     2.2915e-17
  2824.000     1.9614e-16     2.3685e-17
  2825.500     1.8635e-16     2.3151e-17
  2827.000     1.9465e-16     2.3543e-17
  2828.500     2.1806e-16     2.4464e-17
  2830.000     2.0025e-16     2.3954e-17
  2831.500     1.9059e-16     2.3677e-17
  2833.000     1.5217e-16     2.2059e-17
  2834.500     1.8937e-16     2.3612e-17
  2836.000     1.7497e-16     2.3001e-17
  2837.500     1.8964e-16     2.3497e-17
  2839.000     2.0031e-16     2.4169e-17
  2840.500     1.8918e-16     2.3721e-17
  2842.000     1.7353e-16     2.3102e-17
  2843.500     1.3105e-16     2.1679e-17
  2845.000     1.6242e-16     2.2671e-17
  2846.500     1.9139e-16     2.4016e-17
  2848.000     2.1654e-16     2.4781e-17
  2849.500     1.6838e-16     2.2978e-17
  2851.000     1.9092e-16     2.4259e-17
  2852.500     1.6607e-16     2.3221e-17
  2854.000     1.4614e-16     2.2767e-17
  2855.500     1.5737e-16     2.2733e-17
  2857.000     2.0342e-16     2.4391e-17
  2858.500     2.0248e-16      2.467e-17
  2860.000     1.9967e-16     2.4578e-17
  2861.500     2.1848e-16     2.5303e-17
  2863.000     1.8162e-16     2.4176e-17
  2864.500     1.9409e-16     2.4734e-17
  2866.000     1.9112e-16     2.4725e-17
  2867.500     1.7725e-16     2.4166e-17
  2869.000     2.1079e-16     2.5368e-17
  2870.500     2.0636e-16     2.5028e-17
  2872.000     1.6501e-16     2.3474e-17
  2873.500      1.943e-16     2.4777e-17
  2875.000     1.8079e-16     2.4444e-17
  2876.500     1.8335e-16     2.4643e-17
  2878.000     1.8036e-16     2.4439e-17
  2879.500     1.6477e-16     2.3996e-17
  2881.000     1.5626e-16     2.3607e-17
  2882.500     1.7097e-16     2.4376e-17
  2884.000     1.9429e-16     2.5465e-17
  2885.500     1.8761e-16     2.5185e-17
  2887.000     1.8171e-16     2.5086e-17
  2888.500     1.9308e-16     2.5369e-17
  2890.000     1.8293e-16     2.4993e-17
  2891.500     1.8666e-16     2.5119e-17
  2893.000     2.0423e-16     2.5715e-17
  2894.500     1.8986e-16     2.5474e-17
  2896.000     1.8698e-16     2.5458e-17
  2897.500       1.77e-16      2.528e-17
  2899.000     1.9168e-16     2.5398e-17
  2900.500     1.6797e-16     2.4461e-17
  2902.000     1.8572e-16     2.5796e-17
  2903.500     1.5089e-16     2.4171e-17
  2905.000     1.7586e-16     2.5268e-17
  2906.500     2.0419e-16     2.6554e-17
  2908.000     1.8929e-16     2.5907e-17
  2909.500     1.7438e-16      2.562e-17
  2911.000     1.8441e-16     2.5906e-17
  2912.500     1.9603e-16     2.6374e-17
  2914.000     1.8258e-16     2.5972e-17
  2915.500     1.8738e-16     2.6395e-17
  2917.000     1.9559e-16     2.6825e-17
  2918.500      1.852e-16      2.632e-17
  2920.000     1.5729e-16       2.53e-17
  2921.500     1.6235e-16     2.5572e-17
  2923.000     1.5018e-16     2.5229e-17
  2924.500     1.5931e-16     2.5986e-17
  2926.000     1.8097e-16     2.6833e-17
  2927.500      2.119e-16     2.8185e-17
  2929.000     1.9195e-16     2.7476e-17
  2930.500     1.3095e-16     2.4819e-17
  2932.000     2.1438e-16     2.8509e-17
  2933.500     1.8292e-16     2.7001e-17
  2935.000     1.7998e-16      2.708e-17
  2936.500     1.8901e-16     2.7652e-17
  2938.000     2.0776e-16     2.8205e-17
  2939.500      1.461e-16      2.599e-17
  2941.000     1.3524e-16     2.5503e-17
  2942.500     1.4654e-16     2.6264e-17
  2944.000     2.2867e-16     2.9357e-17
  2945.500      1.749e-16     2.7327e-17
  2947.000     1.9584e-16     2.8322e-17
  2948.500     1.4995e-16     2.6499e-17
  2950.000     1.5539e-16     2.7079e-17
  2951.500      1.582e-16     2.6992e-17
  2953.000     1.5738e-16     2.7321e-17
  2954.500     1.2915e-16     2.6148e-17
  2956.000     1.7444e-16     2.7986e-17
  2957.500      1.998e-16     2.8949e-17
  2959.000     2.1007e-16     2.9732e-17
  2960.500     1.9091e-16     2.8714e-17
  2962.000     1.6865e-16     2.7868e-17
  2963.500     1.9408e-16     2.9298e-17
  2965.000     1.3353e-16     2.6709e-17
  2966.500     1.6549e-16     2.8389e-17
  2968.000     1.7003e-16     2.8707e-17
  2969.500     1.1365e-16     2.6093e-17
  2971.000     1.7453e-16     2.9473e-17
  2972.500     1.7453e-16     2.9308e-17
  2974.000     1.6664e-16     2.8779e-17
  2975.500      1.725e-16     2.9499e-17
  2977.000     1.6712e-16      2.906e-17
  2978.500     1.3533e-16     2.8015e-17
  2980.000      1.558e-16     2.9056e-17
  2981.500       1.71e-16     2.9758e-17
  2983.000     1.2265e-16     2.7514e-17
  2984.500     1.8257e-16     3.0574e-17
  2986.000     1.8502e-16     3.0588e-17
  2987.500      1.661e-16     3.0143e-17
  2989.000     1.6119e-16     2.9856e-17
  2990.500     1.1977e-16     2.8199e-17
  2992.000     1.4739e-16     2.9526e-17
  2993.500     1.7543e-16     3.1148e-17
  2995.000     1.7295e-16     3.1259e-17
  2996.500     2.3114e-16     3.3287e-17
  2998.000      2.012e-16     3.2423e-17
  2999.500      1.641e-16     3.1138e-17
  3001.000     1.4781e-16     3.0606e-17
  3002.500     1.7643e-16     3.2122e-17
  3004.000     1.7735e-16     3.1955e-17
  3005.500     1.9824e-16     3.2896e-17
  3007.000     1.5487e-16     3.1463e-17
  3008.500     1.2406e-16     3.0326e-17
  3010.000       1.54e-16     3.2128e-17
  3011.500     1.9218e-16     3.3847e-17
  3013.000     1.6635e-16     3.2377e-17
  3014.500     1.9586e-16     3.4154e-17
  3016.000     1.6099e-16     3.3005e-17
  3017.500     1.7422e-16     3.3257e-17
  3019.000     1.7028e-16     3.3451e-17
  3020.500     1.7418e-16     3.3854e-17
  3022.000     1.3651e-16      3.223e-17
  3023.500     1.7589e-16     3.4091e-17
  3025.000     2.0929e-16     3.5451e-17
  3026.500     1.6554e-16     3.4907e-17
  3028.000     1.5981e-16     3.4173e-17
  3029.500     1.2499e-16     3.2761e-17
  3031.000     2.0899e-16     3.7028e-17
  3032.500     2.2588e-16     3.7764e-17
  3034.000     1.9303e-16     3.6469e-17
  3035.500     1.3157e-16     3.3807e-17
  3037.000     1.3767e-16     3.4651e-17
  3038.500     1.7619e-16     3.6261e-17
  3040.000     1.9749e-16     3.7465e-17
  3041.500     1.6433e-16     3.6555e-17
  3043.000     1.9707e-16     3.7633e-17
  3044.500     1.5888e-16     3.6789e-17
  3046.000     2.3453e-16     4.0109e-17
  3047.500     1.5271e-16      3.625e-17
  3049.000     1.7033e-16      3.766e-17
  3050.500     1.9799e-16     3.9281e-17
  3052.000     1.7657e-16     3.8256e-17
  3053.500     1.3779e-16     3.6927e-17
  3055.000      1.167e-16     3.6256e-17
  3056.500     1.0825e-16     3.6127e-17
  3058.000     1.9625e-16     4.0786e-17
  3059.500     1.7759e-16     3.9625e-17
  3061.000     9.9012e-17     3.6216e-17
  3062.500     2.1607e-16       4.25e-17
  3064.000     1.0911e-16     3.7241e-17
  3065.500      1.272e-16     3.9068e-17
  3067.000      1.426e-16     3.9322e-17
  3068.500     2.0282e-16     4.2245e-17
  3070.000     1.3995e-16     4.0281e-17
  3071.500     1.3654e-16     4.0017e-17
  3073.000     1.5318e-16     4.1213e-17
  3074.500     1.8472e-16      4.284e-17
  3076.000      1.865e-16     4.3263e-17
  3077.500     9.8244e-17     3.9871e-17
  3079.000      9.451e-17     3.9453e-17
  3080.500     1.5821e-16     4.3041e-17
  3082.000     1.1822e-16     4.1253e-17
  3083.500     1.9992e-16     4.5322e-17
  3085.000     1.5068e-16     4.3534e-17
  3086.500     9.8727e-17     4.1294e-17
  3088.000     1.8461e-16     4.5756e-17
  3089.500     1.7731e-16     4.6159e-17
  3091.000     1.6077e-16      4.534e-17
  3092.500     1.2851e-16     4.4014e-17
  3094.000     1.5088e-16     4.5767e-17
  3095.500     2.3982e-16     5.0197e-17
  3097.000     1.6827e-16     4.7476e-17
  3098.500     1.1326e-16     4.5436e-17
  3100.000     1.1597e-16     4.5684e-17
  3101.500      1.871e-16     4.9414e-17
  3103.000     1.9363e-16     5.0158e-17
  3104.500     1.1168e-16     4.7266e-17
  3106.000     1.3123e-16     4.8376e-17
  3107.500     1.8448e-16     5.1307e-17
  3109.000     1.5838e-16     5.0796e-17
  3110.500      1.439e-16      4.975e-17
  3112.000      1.934e-16     5.2132e-17
  3113.500     1.3892e-16     5.0592e-17
  3115.000     1.4343e-16     5.1421e-17
  3116.500     1.3334e-16     5.1485e-17
  3118.000     1.2229e-16     5.1398e-17
  3119.500     1.4965e-16     5.2756e-17
  3121.000     1.3938e-16     5.3405e-17
  3122.500     1.3702e-16     5.2615e-17
  3124.000     1.1261e-16     5.2622e-17
  3125.500      1.678e-16     5.6272e-17
  3127.000     1.4788e-16     5.5086e-17
  3128.500     1.5576e-16     5.6533e-17
  3130.000     1.7389e-16     5.7611e-17
  3131.500     1.3481e-16     5.5739e-17
  3133.000     1.6611e-16     5.7125e-17
  3134.500     1.9508e-16     5.8847e-17
  3136.000     2.0507e-16     6.0548e-17
  3137.500     1.4205e-16     5.8369e-17
  3139.000     1.8683e-16     6.1153e-17
  3140.500     1.5666e-16     6.0291e-17
  3142.000     2.1579e-16     6.2826e-17
  3143.500     1.7934e-16     6.2076e-17
  3145.000     1.3859e-16     5.9229e-17
