3238.79653  2.33000e-16
3240.78837  2.45000e-16
3242.78128  2.14000e-16
3244.77527  2.36000e-16
3246.76927  2.09000e-16
3248.76434  2.28000e-16
3250.75941  2.14000e-16
3252.75556  2.24000e-16
3254.75171  2.03000e-16
3256.74894  2.06000e-16
3258.74725  2.04000e-16
3260.74555  2.01000e-16
3262.74494  2.05000e-16
3264.74433  2.28000e-16
3266.74479  1.91000e-16
3268.74526  2.30000e-16
3270.74680  1.94000e-16
3272.74835  1.93000e-16
3274.75205  1.82000e-16
3276.75468  2.18000e-16
3278.75838  2.02000e-16
3280.76316  2.13000e-16
3282.76794  1.93000e-16
3284.77380  1.88000e-16
3286.77967  1.89000e-16
3288.78660  2.08000e-16
3290.79462  1.82000e-16
3292.80264  2.11000e-16
3294.81066  1.95000e-16
3296.81976  2.11000e-16
3298.82994  2.15000e-16
3300.84011  1.99000e-16
3302.85029  1.97000e-16
3304.86263  2.03000e-16
3306.87388  1.91000e-16
3308.88622  1.75000e-16
3310.89963  1.98000e-16
3312.91412  1.83000e-16
3314.92754  2.01000e-16
3316.94311  1.96000e-16
3318.95868  1.95000e-16
3320.97425  2.12000e-16
3322.99091  2.25000e-16
3325.00756  2.04000e-16
3327.02529  2.06000e-16
3329.04409  1.98000e-16
3331.06290  2.11000e-16
3333.08171  1.99000e-16
3335.10160  1.97000e-16
3337.12257  1.97000e-16
3339.14353  1.92000e-16
3341.16450  1.85000e-16
3343.18655  1.96000e-16
3345.20967  2.01000e-16
3347.23280  1.88000e-16
3349.25592  1.91000e-16
3351.28013  2.04000e-16
3353.30541  2.03000e-16
3355.33069  1.92000e-16
3357.35598  1.97000e-16
3359.38234  1.97000e-16
3361.40978  1.94000e-16
3363.43722  1.94000e-16
3365.46466  2.00000e-16
3367.49318  1.95000e-16
3369.52278  2.06000e-16
3371.55238  1.83000e-16
3373.58198  1.88000e-16
3375.61266  2.00000e-16
3377.64441  1.92000e-16
3379.67617  1.96000e-16
3381.70793  1.92000e-16
3383.74076  2.03000e-16
3385.77360  1.86000e-16
3387.80751  1.97000e-16
3389.84143  1.90000e-16
3391.87642  2.02000e-16
3393.91142  1.84000e-16
3395.94749  1.90000e-16
3397.98356  1.98000e-16
3400.02072  1.80000e-16
3402.05787  1.96000e-16
3404.09610  1.84000e-16
3406.13433  1.86000e-16
3408.17364  1.82000e-16
3410.21187  1.77000e-16
3412.25226  1.90000e-16
3414.29265  1.87000e-16
3416.33304  1.94000e-16
3418.37450  1.89000e-16
3420.41597  1.80000e-16
3422.45852  1.94000e-16
3424.50107  1.87000e-16
3426.54469  1.94000e-16
3428.58832  1.87000e-16
3430.63302  1.84000e-16
3432.67773  1.92000e-16
3434.72243  1.81000e-16
3436.76930  1.84000e-16
3438.81508  1.73000e-16
3440.86194  1.82000e-16
3442.90881  1.76000e-16
3444.95675  1.79000e-16
3447.00469  1.77000e-16
3449.05371  1.81000e-16
3451.10273  1.74000e-16
3453.15175  1.74000e-16
3455.20185  1.63000e-16
3457.25303  1.77000e-16
3459.30421  1.81000e-16
3461.35539  1.72000e-16
3463.40657  1.76000e-16
3465.45991  1.73000e-16
3467.51217  1.78000e-16
3469.56550  1.64000e-16
3471.61992  1.67000e-16
3473.67433  1.69000e-16
3475.72875  1.70000e-16
3477.78425  1.69000e-16
3479.83974  1.77000e-16
3481.89631  1.74000e-16
3483.95289  1.68000e-16
3486.00946  1.67000e-16
3488.06711  1.68000e-16
3490.12477  1.69000e-16
3492.18350  1.56000e-16
3494.24223  1.59000e-16
3496.30096  1.61000e-16
3498.36077  1.70000e-16
3500.42167  1.69000e-16
3502.48256  1.73000e-16
3504.54344  1.64000e-16
3506.60541  1.66000e-16
3508.66738  1.64000e-16
3510.72935  1.76000e-16
3512.79240  1.75000e-16
3514.85545  1.61000e-16
3516.91957  1.61000e-16
3518.98370  1.68000e-16
3521.04783  1.68000e-16
3523.11303  1.65000e-16
3525.17932  1.73000e-16
3527.24560  1.64000e-16
3529.31189  1.71000e-16
3531.37817  1.75000e-16
3533.44554  1.67000e-16
3535.51290  1.66000e-16
3537.58135  1.65000e-16
3539.64979  1.65000e-16
3541.71931  1.63000e-16
3543.78883  1.57000e-16
3545.85835  1.61000e-16
3547.92896  1.57000e-16
3549.99956  1.59000e-16
3552.07124  1.67000e-16
3554.14184  1.59000e-16
3556.21460  1.64000e-16
3558.28628  1.72000e-16
3560.36011  1.64000e-16
3562.43287  1.62000e-16
3564.50671  1.70000e-16
3566.58055  1.64000e-16
3568.65547  1.61000e-16
3570.73038  1.49000e-16
3572.80530  1.57000e-16
3574.88130  1.47000e-16
3576.95729  1.61000e-16
3579.03437  1.47000e-16
3581.11036  1.62000e-16
3583.18852  1.52000e-16
3585.26559  1.42000e-16
3587.34375  1.49000e-16
3589.42298  1.54000e-16
3591.50221  1.52000e-16
3593.58145  1.58000e-16
3595.66068  1.57000e-16
3597.74099  1.46000e-16
3599.82238  1.50000e-16
3601.90269  1.50000e-16
3603.98408  1.46000e-16
3606.06655  1.51000e-16
3608.14902  1.45000e-16
3610.23149  1.49000e-16
3612.31396  1.46000e-16
3614.39751  1.44000e-16
3616.48214  1.41000e-16
3618.56569  1.44000e-16
3620.65032  1.43000e-16
3622.73495  1.55000e-16
3624.82065  1.46000e-16
3626.90636  1.44000e-16
3628.99315  1.51000e-16
3631.07885  1.56000e-16
3633.16672  1.46000e-16
3635.25350  1.37000e-16
3637.34137  1.44000e-16
3639.42924  1.52000e-16
3641.51818  1.47000e-16
3643.60712  1.45000e-16
3645.69607  1.47000e-16
3647.78609  1.44000e-16
3649.87503  1.47000e-16
3651.96614  1.48000e-16
3654.05724  1.44000e-16
3656.14834  1.46000e-16
3658.23944  1.44000e-16
3660.33162  1.43000e-16
3662.42380  1.46000e-16
3664.51599  1.44000e-16
3666.60925  1.50000e-16
3668.70250  1.52000e-16
3670.79684  1.49000e-16
3672.89010  1.47000e-16
3674.98552  1.52000e-16
3677.07986  1.45000e-16
3679.17528  1.45000e-16
3681.27070  1.48000e-16
3683.36719  1.38000e-16
3685.46261  1.48000e-16
3687.56019  1.46000e-16
3689.65668  1.42000e-16
3691.75426  1.44000e-16
3693.85184  1.45000e-16
3695.95049  1.40000e-16
3698.04915  1.42000e-16
3700.14780  1.38000e-16
3702.24646  1.39000e-16
3704.34619  1.44000e-16
3706.44592  1.45000e-16
3708.54674  1.41000e-16
3710.64755  1.39000e-16
3712.74836  1.42000e-16
3714.85026  1.42000e-16
3716.95107  1.36000e-16
3719.05404  1.37000e-16
3721.15593  1.36000e-16
3723.25890  1.29000e-16
3725.36187  1.26000e-16
3727.46484  1.38000e-16
3729.56889  1.35000e-16
3731.67294  1.32000e-16
3733.77807  1.30000e-16
3735.88320  1.32000e-16
3737.98833  1.31000e-16
3740.09346  1.42000e-16
3742.19967  1.30000e-16
3744.30588  1.25000e-16
3746.41208  1.24000e-16
3748.51937  1.35000e-16
3750.62666  1.34000e-16
3752.73395  1.26000e-16
3754.84231  1.33000e-16
3756.95068  1.33000e-16
3759.05904  1.25000e-16
3761.16849  1.22000e-16
3763.27685  1.28000e-16
3765.38738  1.32000e-16
3767.49682  1.23000e-16
3769.60735  1.29000e-16
3771.71787  1.24000e-16
3773.82840  1.24000e-16
3775.94000  1.18000e-16
3778.05160  1.20000e-16
3780.16320  1.18000e-16
3782.27589  1.20000e-16
3784.38857  1.25000e-16
3786.50125  1.18000e-16
3788.61501  1.27000e-16
3790.72877  1.26000e-16
3792.84253  1.21000e-16
3794.95629  1.25000e-16
3797.07114  1.23000e-16
3799.18597  1.18000e-16
3801.30082  1.23000e-16
3803.41673  1.27000e-16
3805.53265  1.17000e-16
3807.64857  1.16000e-16
3809.76557  1.18000e-16
3811.88257  1.20000e-16
3813.99957  1.20000e-16
3816.11656  1.21000e-16
3818.23464  1.20000e-16
3820.35272  1.16000e-16
3822.47079  1.18000e-16
3824.58995  1.18000e-16
3826.70911  1.17000e-16
3828.82826  1.14000e-16
3830.94742  1.16000e-16
3833.06765  1.16000e-16
3835.18789  1.18000e-16
3837.30812  1.18000e-16
3839.42944  1.18000e-16
3841.55075  1.13000e-16
3843.67207  1.11000e-16
3845.79446  1.08000e-16
3847.91577  1.17000e-16
3850.03924  1.08000e-16
3852.16164  1.10000e-16
3854.28511  1.08000e-16
3856.40750  1.14000e-16
3858.53098  1.11000e-16
3860.65553  1.13000e-16
3862.78008  1.20000e-16
3864.90463  1.15000e-16
3867.02918  1.10000e-16
3869.15481  1.09000e-16
3871.28044  1.13000e-16
3873.40607  1.13000e-16
3875.53170  1.15000e-16
3877.65841  1.14000e-16
3879.78512  1.12000e-16
3881.91183  1.10000e-16
3884.03961  1.12000e-16
3886.16632  1.11000e-16
3888.29411  1.17000e-16
3890.42298  1.10000e-16
3892.55077  1.13000e-16
3894.67963  1.12000e-16
3896.80850  1.08000e-16
3898.93845  1.11000e-16
3901.06839  1.13000e-16
3903.19834  1.09000e-16
3905.32828  1.07000e-16
3907.45823  1.09000e-16
3909.58925  1.11000e-16
3911.72028  1.11000e-16
3913.85131  1.13000e-16
3915.98341  1.07000e-16
3918.11551  1.05000e-16
3920.24762  1.09000e-16
3922.37972  1.09000e-16
3924.51290  1.08000e-16
3926.64501  1.10000e-16
3928.77927  1.10000e-16
3930.91245  1.05000e-16
3933.04671  1.04000e-16
3935.17990  1.05000e-16
3937.31524  1.08000e-16
3939.44950  1.12000e-16
3941.58484  1.04000e-16
3943.72018  1.05000e-16
3945.85552  1.06000e-16
3947.99086  1.05000e-16
3950.12729  1.04000e-16
3952.26370  1.07000e-16
3954.40012  1.06000e-16
3956.53762  1.02000e-16
3958.67512  1.07000e-16
3960.81154  1.05000e-16
3962.95012  1.05000e-16
3965.08762  1.05000e-16
3967.22620  1.03000e-16
3969.36478  1.03000e-16
3971.50335  1.04000e-16
3973.64301  1.01000e-16
3975.78159  1.02000e-16
3977.92125  1.02000e-16
3980.06090  1.02000e-16
3982.20164  9.79000e-17
3984.34237  1.05000e-16
3986.48311  9.94000e-17
3988.62385  9.78000e-17
3990.76458  9.86000e-17
3992.90640  1.02000e-16
3995.04821  1.04000e-16
3997.19003  1.03000e-16
3999.33292  1.03000e-16
4001.47474  1.02000e-16
4003.61763  9.67000e-17
4005.76052  1.01000e-16
4007.90450  9.83000e-17
4010.04739  1.09000e-16
4012.19136  1.07000e-16
4014.33534  9.81000e-17
4016.48039  1.04000e-16
4018.62436  9.96000e-17
4020.76942  1.04000e-16
4022.91447  1.07000e-16
4025.05952  1.11000e-16
4027.20565  1.09000e-16
4029.35178  9.99000e-17
4031.49791  9.70000e-17
4033.64404  1.04000e-16
4035.79017  1.03000e-16
4037.93738  1.03000e-16
4040.08459  1.06000e-16
4042.23180  9.80000e-17
4044.37901  9.71000e-17
4046.52730  9.77000e-17
4048.67559  9.58000e-17
4050.82388  9.93000e-17
4052.97217  1.01000e-16
4055.12154  1.06000e-16
4057.27091  9.87000e-17
4059.42027  9.57000e-17
4061.56964  9.95000e-17
4063.71901  9.47000e-17
4065.86946  9.83000e-17
4068.01990  9.44000e-17
4070.17035  9.31000e-17
4072.32080  9.14000e-17
4074.47232  9.84000e-17
4076.62277  1.04000e-16
4078.77538  9.78000e-17
4080.92690  9.68000e-17
4083.07843  9.80000e-17
4085.23103  9.61000e-17
4087.38364  9.16000e-17
4089.53624  9.79000e-17
4091.68885  9.57000e-17
4093.84253  9.39000e-17
4095.99514  9.33000e-17
4098.14990  9.10000e-17
4100.30358  8.96000e-17
4102.45727  9.42000e-17
4104.61203  9.04000e-17
4106.76571  9.47000e-17
4108.92048  8.96000e-17
4111.07632  9.29000e-17
4113.23108  9.19000e-17
4115.38692  9.07000e-17
4117.54277  9.05000e-17
4119.69861  9.67000e-17
4121.85553  8.39000e-17
4124.01137  8.94000e-17
4126.16829  8.97000e-17
4128.32521  9.12000e-17
4130.48214  9.08000e-17
4132.63906  8.85000e-17
4134.79706  9.10000e-17
4136.95506  8.91000e-17
4139.11198  9.21000e-17
4141.26998  8.74000e-17
4143.42906  8.77000e-17
4145.58813  8.77000e-17
4147.74614  8.60000e-17
4149.90629  8.83000e-17
4152.06537  8.80000e-17
4154.22445  8.31000e-17
4156.38461  8.91000e-17
4158.54477  8.57000e-17
4160.70493  8.28000e-17
4162.86508  8.93000e-17
4165.02632  8.64000e-17
4167.18648  9.13000e-17
4169.34771  8.21000e-17
4171.50895  8.54000e-17
4173.67019  8.63000e-17
4175.83250  8.98000e-17
4177.99374  8.84000e-17
4180.15606  8.07000e-17
4182.31837  8.72000e-17
4184.48069  8.85000e-17
4186.64408  8.56000e-17
4188.80640  8.23000e-17
4190.96980  8.72000e-17
4193.13319  8.36000e-17
4195.29659  8.57000e-17
4197.46106  8.16000e-17
4199.62553  8.22000e-17
4201.78893  8.34000e-17
4203.95340  8.57000e-17
4206.11788  8.57000e-17
4208.28343  8.76000e-17
4210.44790  8.39000e-17
4212.61346  8.81000e-17
4214.77901  8.43000e-17
4216.94456  8.79000e-17
4219.11012  8.60000e-17
4221.27675  8.25000e-17
4223.44338  8.72000e-17
4225.60893  8.42000e-17
4227.77556  8.67000e-17
4229.94328  8.70000e-17
4232.10991  8.45000e-17
4234.27762  8.67000e-17
4236.44425  8.38000e-17
4238.61196  8.61000e-17
4240.78075  8.01000e-17
4242.94846  8.50000e-17
4245.11617  7.99000e-17
4247.28496  7.54000e-17
4249.45375  7.90000e-17
4251.62254  8.01000e-17
4253.79133  7.79000e-17
4255.96120  8.31000e-17
4258.12999  8.06000e-17
4260.29986  7.89000e-17
4262.46973  8.74000e-17
4264.63960  8.27000e-17
4266.80947  7.70000e-17
4268.98042  8.67000e-17
4271.15136  8.10000e-17
4273.32123  8.08000e-17
4275.49218  8.44000e-17
4277.66313  8.01000e-17
4279.83516  8.46000e-17
4282.00610  8.07000e-17
4284.17813  8.38000e-17
4286.35016  7.81000e-17
4288.52219  7.78000e-17
4290.69421  8.08000e-17
4292.86624  7.81000e-17
4295.03935  7.76000e-17
4297.21245  8.26000e-17
4299.38556  7.58000e-17
4301.55866  7.76000e-17
4303.73177  8.17000e-17
4305.90488  7.65000e-17
4308.07906  8.36000e-17
4310.25325  7.87000e-17
4312.42635  7.79000e-17
4314.60162  8.04000e-17
4316.77580  7.64000e-17
4318.94999  8.51000e-17
4321.12525  8.06000e-17
4323.29943  8.47000e-17
4325.47470  7.95000e-17
4327.64996  8.49000e-17
4329.82631  8.12000e-17
4332.00157  7.95000e-17
4334.17791  7.88000e-17
4336.35318  8.18000e-17
4338.52952  8.56000e-17
4340.70586  8.40000e-17
4342.88328  8.27000e-17
4345.05963  8.08000e-17
4347.23597  8.09000e-17
4349.41339  8.16000e-17
4351.59081  8.03000e-17
4353.76716  8.06000e-17
4355.94566  7.86000e-17
4358.12308  8.44000e-17
4360.30050  7.83000e-17
4362.47900  8.38000e-17
4364.65750  8.22000e-17
4366.83493  8.41000e-17
4369.01451  8.39000e-17
4371.19301  8.18000e-17
4373.37151  8.15000e-17
4375.55109  8.90000e-17
4377.72959  9.12000e-17
4379.90917  7.93000e-17
4382.08875  8.22000e-17
4384.26833  8.43000e-17
4386.44899  8.54000e-17
4388.62857  8.17000e-17
4390.80815  8.40000e-17
4392.98881  8.38000e-17
4395.16947  8.43000e-17
4397.35013  8.02000e-17
4399.53078  8.15000e-17
4401.71144  8.03000e-17
4403.89318  7.97000e-17
4406.07384  8.00000e-17
4408.25558  7.39000e-17
4410.43732  7.76000e-17
4412.61906  8.03000e-17
4414.80079  7.93000e-17
4416.98253  8.07000e-17
4419.16535  7.69000e-17
4421.34817  7.56000e-17
4423.52990  7.83000e-17
4425.71272  7.50000e-17
4427.89554  7.78000e-17
4430.07835  7.97000e-17
4432.26117  7.97000e-17
4434.44507  7.64000e-17
4436.62788  7.53000e-17
4438.81178  7.66000e-17
4440.99568  7.62000e-17
4443.17957  7.24000e-17
4445.36347  6.93000e-17
4447.54736  7.31000e-17
4449.73234  7.58000e-17
4451.91623  7.45000e-17
4454.10121  7.01000e-17
4456.28618  7.44000e-17
4458.47116  7.85000e-17
4460.65613  7.92000e-17
4462.84111  7.86000e-17
4465.02608  7.96000e-17
4467.21214  7.90000e-17
4469.39711  7.56000e-17
4471.58317  7.73000e-17
4473.76922  7.56000e-17
4475.95528  7.25000e-17
4478.14133  7.39000e-17
4480.32738  7.84000e-17
4482.51344  7.20000e-17
4484.70057  7.17000e-17
4486.88770  7.57000e-17
4489.07376  7.46000e-17
4491.26089  7.81000e-17
4493.44802  7.77000e-17
4495.63516  7.51000e-17
4497.82229  7.53000e-17
4500.00942  7.38000e-17
4502.19763  7.32000e-17
4504.38477  7.05000e-17
4506.57298  7.30000e-17
4508.76119  7.05000e-17
4510.94940  7.48000e-17
4513.13762  7.44000e-17
4515.32583  6.88000e-17
4517.51512  7.19000e-17
4519.70333  7.09000e-17
4521.89262  6.74000e-17
4524.08083  6.95000e-17
4526.27013  7.14000e-17
4528.45942  7.29000e-17
4530.64871  7.64000e-17
4532.83800  7.13000e-17
4535.02729  6.91000e-17
4537.21766  6.79000e-17
4539.40695  6.84000e-17
4541.59732  7.69000e-17
4543.78661  6.99000e-17
4545.97698  7.62000e-17
4548.16843  7.17000e-17
4550.35880  6.80000e-17
4552.54917  7.03000e-17
4554.73954  6.78000e-17
4556.92991  7.13000e-17
4559.12136  6.63000e-17
4561.31173  7.09000e-17
4563.50318  6.59000e-17
4565.69463  6.99000e-17
4567.88608  7.03000e-17
4570.07753  6.73000e-17
4572.26897  6.48000e-17
4574.46042  6.85000e-17
4576.65295  7.05000e-17
4578.84440  6.42000e-17
4581.03693  6.67000e-17
4583.22946  7.00000e-17
4585.42090  6.61000e-17
4587.61343  7.21000e-17
4589.80596  6.94000e-17
4591.99849  6.71000e-17
4594.19102  6.55000e-17
4596.38462  6.37000e-17
4598.57715  6.54000e-17
4600.77076  6.93000e-17
4602.96329  6.77000e-17
4605.15689  7.07000e-17
4607.35050  6.66000e-17
4609.54411  6.74000e-17
4611.73772  6.34000e-17
4613.93132  6.80000e-17
4616.12493  7.01000e-17
4618.31854  6.42000e-17
4620.51322  7.11000e-17
4622.70683  6.90000e-17
4624.90151  6.97000e-17
4627.09620  6.93000e-17
4629.28981  6.23000e-17
4631.48449  6.68000e-17
4633.67918  6.59000e-17
4635.87387  6.33000e-17
4638.06855  6.67000e-17
4640.26324  6.47000e-17
4642.45900  6.31000e-17
4644.65477  6.40000e-17
4646.84945  6.56000e-17
4649.04522  6.17000e-17
4651.23990  6.65000e-17
4653.43567  6.45000e-17
4655.63144  6.49000e-17
4657.82720  6.70000e-17
4660.02297  6.76000e-17
4662.21873  7.15000e-17
4664.41449  7.02000e-17
4666.61134  7.34000e-17
4668.80710  6.59000e-17
4671.00287  6.32000e-17
4673.19971  6.68000e-17
4675.39656  6.76000e-17
4677.59232  6.51000e-17
4679.78917  7.05000e-17
4681.98601  6.58000e-17
4684.18285  6.47000e-17
4686.37970  6.34000e-17
4688.57762  6.68000e-17
4690.77446  6.51000e-17
4692.97131  6.68000e-17
4695.16815  6.59000e-17
4697.36608  6.71000e-17
4699.56400  5.70000e-17
4701.76084  6.04000e-17
4703.95877  6.33000e-17
4706.15669  6.48000e-17
4708.35353  6.27000e-17
4710.55146  6.67000e-17
4712.75046  6.22000e-17
4714.94838  6.62000e-17
4717.14630  6.44000e-17
4719.34423  6.57000e-17
4721.54215  5.98000e-17
4723.74115  6.19000e-17
4725.93908  6.43000e-17
4728.13808  6.80000e-17
4730.33600  5.95000e-17
4732.53500  5.81000e-17
4734.73400  6.08000e-17
4736.93301  6.54000e-17
4739.13201  6.69000e-17
4741.33101  6.31000e-17
4743.53001  6.52000e-17
4745.72901  6.73000e-17
4747.92802  7.26000e-17
4750.12702  6.55000e-17
4752.32710  6.44000e-17
4754.52610  6.30000e-17
4756.72510  6.18000e-17
4758.92518  6.22000e-17
4761.12526  6.13000e-17
4763.32427  6.87000e-17
4765.52435  6.43000e-17
4767.72443  6.12000e-17
4769.92451  6.30000e-17
4772.12459  6.02000e-17
4774.32467  6.18000e-17
4776.52475  5.91000e-17
4778.72483  6.16000e-17
4780.92491  6.22000e-17
4783.12500  6.39000e-17
4785.32616  6.11000e-17
4787.52624  6.05000e-17
4789.72632  5.83000e-17
4791.92748  5.30000e-17
4794.12756  5.50000e-17
4796.32872  5.59000e-17
4798.52880  6.36000e-17
4800.73104  6.15000e-17
4802.93112  6.16000e-17
4805.13228  5.88000e-17
4807.33344  6.32000e-17
4809.53460  6.26000e-17
4811.73576  6.31000e-17
4813.93692  6.42000e-17
4816.13808  5.81000e-17
4818.33924  5.92000e-17
4820.54148  6.09000e-17
4822.74264  6.08000e-17
4824.94380  5.23000e-17
4827.14604  6.07000e-17
4829.34720  6.20000e-17
4831.54836  6.62000e-17
4833.75060  6.36000e-17
4835.95176  6.42000e-17
4838.15400  5.99000e-17
4840.35624  6.13000e-17
4842.55847  6.18000e-17
4844.75963  5.85000e-17
4846.96187  5.73000e-17
4849.16411  6.23000e-17
4851.36635  6.29000e-17
4853.56859  6.42000e-17
4855.77083  5.94000e-17
4857.97307  6.41000e-17
4860.17531  6.28000e-17
4862.37755  6.11000e-17
4864.57978  6.34000e-17
4866.78310  6.37000e-17
4868.98534  6.43000e-17
4871.18758  5.81000e-17
4873.39090  6.45000e-17
4875.59314  6.91000e-17
4877.79538  6.19000e-17
4879.99869  6.28000e-17
4882.20201  6.52000e-17
4884.40425  6.52000e-17
4886.60757  6.56000e-17
4888.80981  6.36000e-17
4891.01313  6.56000e-17
4893.21645  6.33000e-17
4895.41976  6.66000e-17
4897.62308  6.11000e-17
4899.82532  6.14000e-17
4902.02864  6.07000e-17
4904.23196  5.80000e-17
4906.43527  6.35000e-17
4908.63859  6.26000e-17
4910.84191  6.35000e-17
4913.04523  6.30000e-17
4915.24855  6.24000e-17
4917.45294  6.28000e-17
4919.65626  6.20000e-17
4921.85958  6.83000e-17
4924.06290  7.10000e-17
4926.26621  7.00000e-17
4928.47061  6.53000e-17
4930.67393  6.71000e-17
4932.87833  6.86000e-17
4935.08165  7.28000e-17
4937.28496  7.36000e-17
4939.48936  7.16000e-17
4941.69268  7.07000e-17
4943.89707  6.67000e-17
4946.10039  7.06000e-17
4948.30479  7.04000e-17
4950.50919  7.28000e-17
4952.71251  7.77000e-17
4954.91690  7.47000e-17
4957.12022  7.41000e-17
4959.32462  7.57000e-17
4961.52901  7.87000e-17
4963.73341  7.89000e-17
4965.93781  7.53000e-17
4968.14113  7.84000e-17
4970.34552  7.98000e-17
4972.54992  7.13000e-17
4974.75432  7.41000e-17
4976.95871  7.82000e-17
4979.16311  7.53000e-17
4981.36751  7.89000e-17
4983.57190  7.72000e-17
4985.77630  8.16000e-17
4987.98070  7.78000e-17
4990.18510  7.82000e-17
4992.38949  7.86000e-17
4994.59389  7.24000e-17
4996.79829  7.20000e-17
4999.00268  8.23000e-17
5001.20708  7.53000e-17
5003.41256  7.91000e-17
5005.61695  7.93000e-17
5007.82135  7.72000e-17
5010.02575  7.23000e-17
5012.23014  7.34000e-17
5014.43562  7.50000e-17
5016.64002  7.38000e-17
5018.84442  7.77000e-17
5021.04881  7.45000e-17
5023.25429  7.70000e-17
5025.45869  7.26000e-17
5027.66308  7.21000e-17
5029.86856  7.09000e-17
5032.07296  6.67000e-17
5034.27735  7.92000e-17
5036.48283  7.37000e-17
5038.68722  6.89000e-17
5040.89270  6.86000e-17
5043.09710  6.87000e-17
5045.30257  7.12000e-17
5047.50697  7.06000e-17
5049.71137  6.79000e-17
5051.91684  6.66000e-17
5054.12124  6.96000e-17
5056.32672  6.93000e-17
5058.53219  6.56000e-17
5060.73659  6.27000e-17
5062.94099  6.74000e-17
5065.14646  6.62000e-17
5067.35086  6.52000e-17
5069.55634  7.65000e-17
5071.76073  6.49000e-17
5073.96621  6.74000e-17
5076.17169  6.66000e-17
5078.37608  6.77000e-17
5080.58156  6.31000e-17
5082.78596  6.67000e-17
5084.99143  6.83000e-17
5087.19583  6.50000e-17
5089.40130  5.92000e-17
5091.60678  6.88000e-17
5093.81118  6.22000e-17
5096.01557  6.76000e-17
5098.22105  6.69000e-17
5100.42653  6.14000e-17
5102.63092  6.17000e-17
5104.83640  5.96000e-17
5107.04187  6.83000e-17
5109.24627  6.26000e-17
5111.45175  5.48000e-17
5113.65722  6.66000e-17
5115.86162  5.83000e-17
5118.06602  6.47000e-17
5120.27149  6.69000e-17
5122.47697  6.49000e-17
5124.68137  6.07000e-17
5126.88684  6.17000e-17
5129.09232  6.20000e-17
5131.29672  6.10000e-17
5133.50219  6.43000e-17
5135.70659  6.41000e-17
5137.91206  6.40000e-17
5140.11646  5.63000e-17
5142.32194  5.93000e-17
5144.52741  6.23000e-17
5146.73181  6.13000e-17
5148.93729  6.60000e-17
5151.14168  5.78000e-17
5153.34716  6.02000e-17
5155.55156  5.76000e-17
5157.75703  5.74000e-17
5159.96143  5.93000e-17
5162.16691  5.46000e-17
5164.37130  5.80000e-17
5166.57570  5.84000e-17
5168.78118  6.35000e-17
5170.98665  6.46000e-17
5173.19105  6.27000e-17
5175.39653  5.55000e-17
5177.60092  5.64000e-17
5179.80532  6.09000e-17
5182.01079  5.60000e-17
5184.21519  6.16000e-17
5186.42067  6.17000e-17
5188.62506  5.86000e-17
5190.83054  5.34000e-17
5193.03494  6.34000e-17
5195.23933  5.72000e-17
5197.44481  5.31000e-17
5199.64921  5.96000e-17
5201.85360  6.24000e-17
5204.05908  6.21000e-17
5206.26348  5.98000e-17
5208.46787  5.46000e-17
5210.67335  5.24000e-17
5212.87775  5.77000e-17
5215.08215  5.94000e-17
5217.28654  5.91000e-17
5219.49094  5.87000e-17
5221.69534  5.25000e-17
5223.90081  5.27000e-17
5226.10521  5.38000e-17
5228.30961  5.41000e-17
5230.51400  4.97000e-17
5232.71840  5.24000e-17
5234.92280  5.31000e-17
5237.12827  6.00000e-17
5239.33159  4.71000e-17
5241.53707  5.07000e-17
5243.74146  4.74000e-17
5245.94586  4.97000e-17
5248.15026  4.78000e-17
5250.35465  5.38000e-17
5252.55905  4.51000e-17
5254.76345  4.52000e-17
5256.96677  4.90000e-17
5259.17224  4.71000e-17
5261.37556  5.43000e-17
5263.57996  4.62000e-17
5265.78435  4.67000e-17
5267.98875  4.78000e-17
5270.19315  4.08000e-17
5272.39647  4.83000e-17
5274.60086  4.27000e-17
5276.80526  4.32000e-17
5279.00966  4.43000e-17
5281.21298  4.84000e-17
5283.41737  4.58000e-17
5285.62177  4.82000e-17
5287.82617  4.37000e-17
5290.02949  4.79000e-17
5292.23388  4.52000e-17
5294.43720  4.27000e-17
5296.64160  4.47000e-17
5298.84599  4.65000e-17
5301.04931  4.77000e-17
5303.25371  4.36000e-17
5305.45703  4.04000e-17
5307.66142  4.39000e-17
5309.86474  4.42000e-17
5312.06806  4.79000e-17
5314.27246  4.64000e-17
5316.47577  4.31000e-17
5318.68017  4.10000e-17
5320.88349  4.56000e-17
5323.08681  4.02000e-17
5325.29013  4.11000e-17
5327.49452  4.95000e-17
5329.69676  4.65000e-17
5331.90116  4.54000e-17
5334.10448  4.72000e-17
5336.30779  4.22000e-17
5338.51111  4.29000e-17
5340.71443  3.93000e-17
5342.91775  4.56000e-17
5345.12107  4.44000e-17
5347.32438  4.44000e-17
5349.52878  4.55000e-17
5351.73102  4.38000e-17
5353.93434  4.35000e-17
5356.13766  3.95000e-17
5358.34097  4.46000e-17
5360.54429  3.78000e-17
5362.74761  3.68000e-17
5364.95093  4.20000e-17
5367.15425  4.71000e-17
5369.35649  4.45000e-17
5371.55980  3.49000e-17
5373.76312  4.42000e-17
5375.96536  4.45000e-17
5378.16868  4.06000e-17
5380.37200  3.78000e-17
5382.57424  3.89000e-17
5384.77755  4.20000e-17
5386.97979  4.08000e-17
5389.18311  4.12000e-17
5391.38535  4.20000e-17
5393.58759  4.71000e-17
5395.79091  4.22000e-17
5397.99422  3.76000e-17
5400.19646  3.73000e-17
5402.39870  4.61000e-17
5404.60094  3.29000e-17
5406.80318  4.14000e-17
5409.00650  4.06000e-17
5411.20874  3.99000e-17
5413.41098  3.44000e-17
5415.61429  4.07000e-17
5417.81545  3.47000e-17
5420.01877  3.84000e-17
5422.22101  3.61000e-17
5424.42325  3.65000e-17
5426.62549  3.74000e-17
5428.82773  4.38000e-17
5431.02997  4.55000e-17
5433.23221  3.37000e-17
5435.43445  4.30000e-17
5437.63669  3.85000e-17
5439.83785  4.11000e-17
5442.04008  3.37000e-17
5444.24232  3.90000e-17
5446.44456  3.87000e-17
5448.64572  3.63000e-17
5450.84796  3.81000e-17
5453.05020  3.49000e-17
5455.25136  4.20000e-17
5457.45360  3.72000e-17
5459.65584  3.55000e-17
5461.85700  4.08000e-17
5464.05816  4.60000e-17
5466.26040  4.07000e-17
5468.46264  4.06000e-17
5470.66380  3.93000e-17
5472.86604  3.68000e-17
5475.06719  3.85000e-17
5477.26835  3.70000e-17
5479.47059  3.43000e-17
5481.67175  3.78000e-17
5483.87291  3.56000e-17
5486.07407  3.42000e-17
5488.27631  3.19000e-17
5490.47747  3.49000e-17
5492.67863  3.42000e-17
5494.87979  3.67000e-17
5497.08095  3.92000e-17
5499.28211  3.11000e-17
5501.48327  3.13000e-17
5503.68443  3.55000e-17
5505.88559  3.35000e-17
5508.08675  4.27000e-17
5510.28791  3.18000e-17
5512.48907  2.94000e-17
5514.69023  3.09000e-17
5516.89139  2.98000e-17
5519.09255  2.96000e-17
5521.29263  3.23000e-17
5523.49379  3.81000e-17
5525.69495  2.83000e-17
5527.89611  3.48000e-17
5530.09620  2.87000e-17
5532.29735  3.11000e-17
5534.49851  3.27000e-17
5536.69860  2.79000e-17
5538.89976  3.06000e-17
5541.10092  3.73000e-17
5543.30100  3.14000e-17
5545.50108  3.42000e-17
5547.70224  3.39000e-17
5549.90232  2.62000e-17
5552.10348  2.69000e-17
5554.30356  2.84000e-17
5556.50472  3.31000e-17
5558.70480  3.18000e-17
5560.90488  3.27000e-17
5563.10604  3.09000e-17
5565.30612  2.68000e-17
5567.50728  2.98000e-17
5569.70736  2.53000e-17
5571.90744  3.04000e-17
5574.10753  3.03000e-17
5576.30761  2.32000e-17
5578.50769  8.00000e-18
5580.70885  1.82000e-17
5582.90893  2.06000e-17
5585.10793  3.37000e-17
5587.30909  3.07000e-17
5589.50917  3.47000e-17
5591.70925  2.91000e-17
5593.90933  3.04000e-17
5596.10941  2.37000e-17
5598.30950  2.65000e-17
5600.50958  2.54000e-17
5602.70858  3.02000e-17
5604.90974  2.13000e-17
5607.10874  2.93000e-17
5609.30882  2.82000e-17
5611.50890  3.03000e-17
5613.70898  3.47000e-17
5615.90906  2.41000e-17
5618.10807  2.76000e-17
5620.30815  2.71000e-17
5620.72572  2.45000e-17
5621.86730  2.82000e-17
5623.00996  3.02000e-17
5624.15262  3.23000e-17
5625.29529  3.83000e-17
5626.43687  3.20000e-17
5627.57953  2.56000e-17
5628.72219  2.85000e-17
5629.86377  2.15000e-17
5631.00643  2.27000e-17
5632.14909  2.91000e-17
5633.29176  2.82000e-17
5634.43442  2.89000e-17
5635.57708  2.63000e-17
5636.71974  2.04000e-17
5637.86240  2.21000e-17
5639.00506  2.52000e-17
5640.14880  2.64000e-17
5641.29146  3.47000e-17
5642.43412  3.44000e-17
5643.57678  1.97000e-17
5644.72052  2.60000e-17
5645.86318  1.89000e-17
5647.00584  2.78000e-17
5648.14958  2.62000e-17
5649.29225  2.26000e-17
5650.43599  2.13000e-17
5651.57865  2.53000e-17
5652.72239  2.70000e-17
5653.86613  2.92000e-17
5655.00879  2.71000e-17
5656.15253  2.42000e-17
5657.29627  2.61000e-17
5658.44001  3.88000e-17
5659.58267  3.26000e-17
5660.72641  3.45000e-17
5661.87015  2.51000e-17
5663.01389  3.45000e-17
5664.15763  2.69000e-17
5665.30137  2.24000e-17
5666.44511  3.06000e-17
5667.58993  3.06000e-17
5668.73259  2.33000e-17
5669.87741  3.42000e-17
5671.02115  4.08000e-17
5672.16489  2.47000e-17
5673.30863  4.07000e-17
5674.45345  3.10000e-17
5675.59719  2.00000e-17
5676.74201  2.92000e-17
5677.88575  1.68000e-17
5679.02949  2.84000e-17
5680.17430  3.28000e-17
5681.31804  2.23000e-17
5682.46286  1.86000e-17
5683.60768  2.93000e-17
5684.75250  2.77000e-17
5685.89624  3.05000e-17
5687.04106  2.89000e-17
5688.18588  2.40000e-17
5689.32962  2.87000e-17
5690.47552  2.54000e-17
5691.61926  1.75000e-17
5692.76408  2.18000e-17
5693.90890  2.73000e-17
5695.05372  2.32000e-17
5696.19853  3.08000e-17
5697.34335  2.83000e-17
5698.48925  2.18000e-17
5699.63407  2.26000e-17
5700.77889  2.42000e-17
5701.92371  2.33000e-17
5703.06961  2.94000e-17
5704.21442  3.19000e-17
5705.35924  1.98000e-17
5706.50514  2.72000e-17
5707.64996  3.10000e-17
5708.79586  1.82000e-17
5709.94068  3.22000e-17
5711.08658  3.65000e-17
5712.23139  1.91000e-17
5713.37729  3.12000e-17
5714.52211  2.98000e-17
5715.66801  2.08000e-17
5716.81391  2.07000e-17
5717.95981  2.11000e-17
5719.10570  2.50000e-17
5720.25052  2.60000e-17
5721.39750  1.76000e-17
5722.54232  3.44000e-17
5723.68822  2.00000e-17
5724.83412  2.42000e-17
5725.98001  3.14000e-17
5727.12699  3.83000e-17
5728.27289  2.22000e-17
5729.41879  2.94000e-17
5730.56468  2.02000e-17
5731.71058  3.19000e-17
5732.85648  2.78000e-17
5734.00346  2.69000e-17
5735.14935  1.87000e-17
5736.29633  2.53000e-17
5737.44223  2.49000e-17
5738.58921  3.45000e-17
5739.73510  1.74000e-17
5740.88208  1.99000e-17
5742.02798  3.46000e-17
5743.17496  3.12000e-17
5744.32085  2.84000e-17
5745.46783  2.40000e-17
5746.61481  3.18000e-17
5747.76179  3.21000e-17
5748.90768  2.49000e-17
5750.05466  2.46000e-17
5751.20164  2.26000e-17
5752.34861  2.15000e-17
5753.49559  1.63000e-17
5754.64257  2.26000e-17
5755.78955  2.43000e-17
5756.93652  2.62000e-17
5758.08350  2.23000e-17
5759.23048  3.17000e-17
5760.37853  3.21000e-17
5761.52551  2.76000e-17
5762.67249  2.49000e-17
5763.82054  2.48000e-17
5764.96752  2.10000e-17
5766.11558  2.35000e-17
5767.26255  2.02000e-17
5768.41061  3.31000e-17
5769.55759  2.75000e-17
5770.70456  2.90000e-17
5771.85262  1.59000e-17
5773.00067  2.25000e-17
5774.14765  2.03000e-17
5775.29571  1.57000e-17
5776.44376  2.21000e-17
5777.59182  2.87000e-17
5778.73880  1.93000e-17
5779.88685  2.23000e-17
5781.03491  2.32000e-17
5782.18296  1.93000e-17
5783.33102  2.34000e-17
5784.47908  1.47000e-17
5785.62713  2.16000e-17
5786.77519  1.77000e-17
5787.92324  1.91000e-17
5789.07130  2.88000e-17
5790.22044  2.85000e-17
5791.36849  1.43000e-17
5792.51655  1.99000e-17
5793.66460  1.62000e-17
5794.81374  2.35000e-17
5795.96179  1.62000e-17
5797.11093  1.06000e-17
5798.25899  1.84000e-17
5799.40812  2.55000e-17
5800.55618  2.39000e-17
5801.70423  2.44000e-17
5802.85337  2.21000e-17
5804.00250  3.14000e-17
5805.15056  2.41000e-17
5806.29969  1.75000e-17
5807.44883  1.76000e-17
5808.59796  1.79000e-17
5809.74710  2.49000e-17
5810.89515  2.06000e-17
5812.04537  1.43000e-17
5813.19342  2.26000e-17
5814.34256  2.11000e-17
5815.49169  1.91000e-17
5816.64083  2.05000e-17
5817.78996  2.47000e-17
5818.94018  2.53000e-17
5820.08931  2.74000e-17
5821.23845  2.58000e-17
5822.38758  2.67000e-17
5823.53780  2.21000e-17
5824.68693  1.94000e-17
5825.83607  2.76000e-17
5826.98628  2.01000e-17
5828.13542  2.31000e-17
5829.28563  2.27000e-17
5830.43477  1.89000e-17
5831.58498  2.74000e-17
5832.73412  2.44000e-17
5833.88433  2.01000e-17
5835.03454  1.52000e-17
5836.18368  2.69000e-17
5837.33389  2.00000e-17
5838.48411  3.19000e-17
5839.63432  2.40000e-17
5840.78346  2.11000e-17
5841.93367  2.94000e-17
5843.08388  3.15000e-17
5844.23410  1.90000e-17
5845.38431  2.67000e-17
5846.53453  2.01000e-17
5847.68474  2.28000e-17
5848.83495  2.79000e-17
5849.98625  2.99000e-17
5851.13646  2.47000e-17
5852.28667  3.28000e-17
5853.43689  2.59000e-17
5854.58818  2.70000e-17
5855.73840  3.11000e-17
5856.88969  1.24000e-17
5858.03990  2.83000e-17
5859.19012  1.70000e-17
5860.34141  1.66000e-17
5861.49162  2.31000e-17
5862.64292  3.02000e-17
5863.79313  2.99000e-17
5864.94442  2.31000e-17
5866.09572  2.24000e-17
5867.24701  1.60000e-17
5868.39722  2.65000e-17
5869.54852  1.75000e-17
5870.69981  2.03000e-17
5871.85110  2.59000e-17
5873.00239  2.08000e-17
5874.15369  2.99000e-17
5875.30498  2.79000e-17
5876.45519  2.19000e-17
5877.60649  2.61000e-17
5878.75778  1.97000e-17
5879.91015  2.59000e-17
5881.06145  2.91000e-17
5882.21274  2.23000e-17
5883.36403  2.04000e-17
5884.51640  2.75000e-17
5885.66770  2.51000e-17
5886.81899  3.49000e-17
5887.97136  2.55000e-17
5889.12265  2.39000e-17
5890.27395  1.65000e-17
5891.42632  2.98000e-17
5892.57761  2.43000e-17
5893.72998  2.36000e-17
5894.88236  3.02000e-17
5896.03473  1.38000e-17
5897.18602  2.02000e-17
5898.33839  1.57000e-17
5899.48969  2.14000e-17
5900.64314  2.44000e-17
5901.79443  1.96000e-17
5902.94680  2.62000e-17
5904.09917  2.56000e-17
5905.25155  2.55000e-17
5906.40392  2.84000e-17
5907.55629  2.83000e-17
5908.70866  2.83000e-17
5909.86103  2.72000e-17
5911.01341  2.92000e-17
5912.16686  2.45000e-17
5913.31923  2.80000e-17
5914.47160  2.00000e-17
5915.62397  2.48000e-17
5916.77742  2.77000e-17
5917.92980  3.09000e-17
5919.08217  2.36000e-17
5920.23562  2.51000e-17
5921.38799  2.21000e-17
5922.54144  1.58000e-17
5923.69381  1.87000e-17
5924.84727  2.56000e-17
5925.99964  2.91000e-17
5927.15309  2.26000e-17
5928.30654  2.28000e-17
5929.45999  3.08000e-17
5930.61236  2.84000e-17
5931.76581  2.79000e-17
5932.91926  2.94000e-17
5934.07272  2.13000e-17
5935.22509  2.82000e-17
5936.37962  3.11000e-17
5937.53307  3.91000e-17
5938.68652  2.85000e-17
5939.83997  2.61000e-17
5940.99342  2.88000e-17
5942.14687  2.72000e-17
5943.30032  2.19000e-17
5944.45377  2.88000e-17
5945.60830  3.04000e-17
5946.76176  3.00000e-17
5947.91521  2.94000e-17
5949.06974  2.68000e-17
5950.22319  3.06000e-17
5951.37664  2.77000e-17
5952.53117  2.40000e-17
5953.68462  3.38000e-17
5954.83915  2.72000e-17
5955.99368  2.35000e-17
5957.14713  2.45000e-17
5958.30166  1.52000e-17
5959.45511  2.91000e-17
5960.60964  1.69000e-17
5961.76417  2.96000e-17
5962.91870  2.87000e-17
5964.07323  2.57000e-17
5965.22668  3.67000e-17
5966.38121  2.86000e-17
5967.53574  2.17000e-17
5968.69027  3.35000e-17
5969.84480  3.26000e-17
5970.99933  2.88000e-17
5972.15386  1.94000e-17
5973.30947  2.36000e-17
5974.46292  2.55000e-17
5975.61853  3.16000e-17
5976.77306  3.12000e-17
5977.92759  3.20000e-17
5979.08320  2.63000e-17
5980.23773  2.24000e-17
5981.39226  2.15000e-17
5982.54787  2.07000e-17
5983.70240  3.26000e-17
5984.85801  2.59000e-17
5986.01254  2.75000e-17
5987.16815  2.53000e-17
5988.32268  2.79000e-17
5989.47829  2.45000e-17
5990.63390  1.32000e-17
5991.78950  2.24000e-17
5992.94403  2.32000e-17
5994.09964  1.78000e-17
5995.25525  2.36000e-17
5996.41086  2.11000e-17
5997.56539  2.04000e-17
5998.72208  2.93000e-17
5999.87661  1.92000e-17
6001.03222  2.45000e-17
6002.18891  2.63000e-17
6003.34452  3.68000e-17
6004.50012  2.72000e-17
6005.65573  2.03000e-17
6006.81134  2.76000e-17
6007.96695  3.09000e-17
6009.12256  3.24000e-17
6010.27925  2.23000e-17
6011.43486  2.29000e-17
6012.59047  2.22000e-17
6013.74715  1.90000e-17
6014.90276  2.06000e-17
6016.05945  2.30000e-17
6017.21506  2.15000e-17
6018.37175  2.30000e-17
6019.52736  2.55000e-17
6020.68405  2.36000e-17
6021.84073  2.01000e-17
6022.99634  2.02000e-17
6024.15303  1.92000e-17
6025.30972  2.27000e-17
6026.46641  2.11000e-17
6027.62309  2.88000e-17
6028.77978  2.38000e-17
6029.93539  2.74000e-17
6031.09208  2.08000e-17
6032.24877  2.28000e-17
6033.40546  1.76000e-17
6034.56214  2.11000e-17
6035.71883  2.51000e-17
6036.87552  2.41000e-17
6038.03329  3.17000e-17
6039.18997  2.57000e-17
6040.34666  2.28000e-17
6041.50443  2.51000e-17
6042.66112  2.46000e-17
6043.81781  2.40000e-17
6044.97557  2.22000e-17
6046.13226  2.24000e-17
6047.28895  2.49000e-17
6048.44672  2.39000e-17
6049.60448  2.07000e-17
6050.76117  1.86000e-17
6051.91894  2.63000e-17
6053.07563  2.48000e-17
6054.23339  1.86000e-17
6055.39008  2.76000e-17
6056.54785  2.23000e-17
6057.70561  2.44000e-17
6058.86338  2.72000e-17
6060.02115  2.53000e-17
6061.17892  2.24000e-17
6062.33668  2.61000e-17
6063.49445  2.23000e-17
6064.65222  1.93000e-17
6065.80998  2.98000e-17
6066.96775  1.77000e-17
6068.12552  2.65000e-17
6069.28328  2.33000e-17
6070.44105  2.23000e-17
6071.59882  1.78000e-17
6072.75767  2.12000e-17
6073.91543  1.60000e-17
6075.07320  2.33000e-17
6076.23097  2.89000e-17
6077.38981  3.05000e-17
6078.54758  2.15000e-17
6079.70642  2.83000e-17
6080.86419  2.63000e-17
6082.02304  2.64000e-17
6083.18080  1.91000e-17
6084.33965  2.90000e-17
6085.49850  2.32000e-17
6086.65626  2.31000e-17
6087.81511  2.02000e-17
6088.97396  3.10000e-17
6090.13280  2.51000e-17
6091.29057  2.21000e-17
6092.44942  2.74000e-17
6093.60826  2.68000e-17
6094.76711  2.31000e-17
6095.92595  2.41000e-17
6097.08480  2.22000e-17
6098.24364  2.25000e-17
6099.40249  2.59000e-17
6100.56134  2.21000e-17
6101.72018  2.42000e-17
6102.87903  2.59000e-17
6104.03895  2.31000e-17
6105.19780  2.53000e-17
6106.35665  2.28000e-17
6107.51657  2.14000e-17
6108.67542  2.32000e-17
6109.83426  2.91000e-17
6110.99419  2.88000e-17
6112.15303  2.90000e-17
6113.31296  2.98000e-17
6114.47181  3.15000e-17
6115.63173  3.44000e-17
6116.79058  3.09000e-17
6117.95050  2.35000e-17
6119.11043  2.92000e-17
6120.26927  2.50000e-17
6121.42920  2.02000e-17
6122.58912  2.14000e-17
6123.74797  2.32000e-17
6124.90789  3.10000e-17
6126.06890  2.61000e-17
6127.22774  2.16000e-17
6128.38767  2.35000e-17
6129.54759  2.68000e-17
6130.70752  2.79000e-17
6131.86744  2.48000e-17
6133.02737  1.39000e-17
6134.18837  1.96000e-17
6135.34830  2.55000e-17
6136.50822  3.00000e-17
6137.66815  2.35000e-17
6138.82807  2.03000e-17
6139.98908  2.17000e-17
6141.14900  2.24000e-17
6142.31001  2.72000e-17
6143.46993  2.81000e-17
6144.63093  2.38000e-17
6145.79086  2.76000e-17
6146.95078  2.93000e-17
6148.11179  2.38000e-17
6149.27171  2.67000e-17
6150.43272  2.66000e-17
6151.59372  2.86000e-17
6152.75365  2.94000e-17
6153.91465  2.57000e-17
6155.07565  3.43000e-17
6156.23666  2.53000e-17
6157.39658  2.46000e-17
6158.55759  2.47000e-17
6159.71967  2.86000e-17
6160.87960  2.74000e-17
6162.04060  2.20000e-17
6163.20160  2.27000e-17
6164.36261  2.18000e-17
6165.52361  2.29000e-17
6166.68462  2.19000e-17
6167.84670  2.10000e-17
6169.00770  3.44000e-17
6170.16871  2.98000e-17
6171.32971  3.21000e-17
6172.49071  3.17000e-17
6173.65280  2.22000e-17
6174.81380  3.09000e-17
6175.97588  2.81000e-17
6177.13689  2.06000e-17
6178.29897  2.35000e-17
6179.45997  2.10000e-17
6180.62206  2.39000e-17
6181.78306  2.85000e-17
6182.94514  2.42000e-17
6184.10723  2.91000e-17
6185.26823  3.07000e-17
6186.43031  3.06000e-17
6187.59132  2.35000e-17
6188.75340  2.75000e-17
6189.91548  2.74000e-17
6191.07757  2.41000e-17
6192.23965  2.66000e-17
6193.40173  2.73000e-17
6194.56382  3.25000e-17
6195.72590  2.50000e-17
6196.88798  1.87000e-17
6198.05007  1.92000e-17
6199.21215  2.41000e-17
6200.37423  2.84000e-17
6201.53631  2.46000e-17
6202.69840  2.76000e-17
6203.86156  3.34000e-17
6205.02364  1.98000e-17
6206.18573  2.43000e-17
6207.34889  2.17000e-17
6208.51097  2.79000e-17
6209.67305  2.53000e-17
6210.83622  2.11000e-17
6211.99830  1.68000e-17
6213.16146  2.19000e-17
6214.32462  1.96000e-17
6215.48671  3.05000e-17
6216.64987  2.82000e-17
6217.81195  2.50000e-17
6218.97511  2.17000e-17
6220.13720  2.57000e-17
6221.30036  2.61000e-17
6222.46352  2.17000e-17
6223.62668  2.12000e-17
6224.78984  2.77000e-17
6225.95301  3.03000e-17
6227.11617  2.82000e-17
6228.27933  2.89000e-17
6229.44141  2.50000e-17
6230.60565  2.07000e-17
6231.76882  2.79000e-17
6232.93198  2.91000e-17
6234.09514  3.17000e-17
6235.25830  2.34000e-17
6236.42146  2.56000e-17
6237.58463  1.73000e-17
6238.74887  2.37000e-17
6239.91203  2.52000e-17
6241.07519  2.67000e-17
6242.23943  2.28000e-17
6243.40259  2.53000e-17
6244.56683  3.00000e-17
6245.73000  2.62000e-17
6246.89424  2.15000e-17
6248.05740  2.28000e-17
6249.22164  2.96000e-17
6250.38480  2.40000e-17
6251.54904  2.69000e-17
6252.71328  2.28000e-17
6253.87753  2.40000e-17
6255.04069  2.18000e-17
6256.20493  1.67000e-17
6257.36917  2.36000e-17
6258.53341  3.47000e-17
6259.69765  2.49000e-17
6260.86081  2.10000e-17
6262.02506  3.00000e-17
6263.19038  2.52000e-17
6264.35354  2.21000e-17
6265.51778  2.14000e-17
6266.68310  2.72000e-17
6267.84734  2.34000e-17
6269.01158  1.87000e-17
6270.17582  2.78000e-17
6271.34006  2.72000e-17
6272.50538  2.66000e-17
6273.66962  2.18000e-17
6274.83386  2.75000e-17
6275.99810  2.80000e-17
6277.16342  2.26000e-17
6278.32767  2.16000e-17
6279.49299  2.39000e-17
6280.65723  1.95000e-17
6281.82255  2.20000e-17
6282.98679  2.16000e-17
6284.15211  2.02000e-17
6285.31743  2.75000e-17
6286.48167  2.05000e-17
6287.64699  1.96000e-17
6288.81231  2.59000e-17
6289.97763  2.11000e-17
6291.14187  2.60000e-17
6292.30719  2.38000e-17
6293.47251  2.21000e-17
6294.63783  1.73000e-17
6295.80315  2.02000e-17
6296.96847  2.66000e-17
6298.13379  2.47000e-17
6299.29911  2.43000e-17
6300.46443  1.34000e-17
6301.62975  1.59000e-17
6302.79507  2.19000e-17
6303.96039  1.86000e-17
6305.12679  2.33000e-17
6306.29211  2.43000e-17
6307.45743  2.91000e-17
6308.62275  2.65000e-17
6309.78915  2.53000e-17
6310.95447  2.59000e-17
6312.12087  2.69000e-17
6313.28619  2.74000e-17
6314.45259  2.58000e-17
6315.61791  2.38000e-17
6316.78323  2.17000e-17
6317.94963  2.53000e-17
6319.11602  2.68000e-17
6320.28134  2.26000e-17
6321.44774  2.63000e-17
6322.61414  2.40000e-17
6323.77946  2.66000e-17
6324.94586  1.92000e-17
6326.11226  2.70000e-17
6327.27866  2.71000e-17
6328.44506  2.09000e-17
6329.61146  1.83000e-17
6330.77678  2.38000e-17
6331.94426  2.18000e-17
6333.11065  2.24000e-17
6334.27705  2.64000e-17
6335.44345  2.78000e-17
6336.60985  2.61000e-17
6337.77625  2.41000e-17
6338.94265  2.00000e-17
6340.10905  2.20000e-17
6341.27653  2.60000e-17
6342.44292  1.92000e-17
6343.61040  2.05000e-17
6344.77680  2.18000e-17
6345.94320  2.75000e-17
6347.10960  2.30000e-17
6348.27708  2.92000e-17
6349.44348  1.91000e-17
6350.61096  2.64000e-17
6351.77735  2.47000e-17
6352.94483  2.22000e-17
6354.11231  2.24000e-17
6355.27871  2.53000e-17
6356.44619  2.50000e-17
6357.61366  2.17000e-17
6358.78006  2.79000e-17
6359.94754  2.73000e-17
6361.11502  2.35000e-17
6362.28250  2.06000e-17
6363.44998  2.21000e-17
6364.61745  1.96000e-17
6365.78493  2.36000e-17
6366.95133  2.34000e-17
6368.11989  2.52000e-17
6369.28737  1.85000e-17
6370.45484  2.32000e-17
6371.62232  2.89000e-17
6372.78980  2.00000e-17
6373.95728  2.69000e-17
6375.12476  2.97000e-17
6376.29331  2.60000e-17
6377.46079  2.79000e-17
6378.62827  2.71000e-17
6379.79683  2.27000e-17
6380.96430  2.39000e-17
6382.13178  2.55000e-17
6383.30034  2.15000e-17
6384.46782  2.12000e-17
6385.63637  1.70000e-17
6386.80385  2.19000e-17
6387.97241  3.07000e-17
6389.13989  2.41000e-17
6390.30844  2.83000e-17
6391.47700  2.70000e-17
6392.64448  2.29000e-17
6393.81304  2.86000e-17
6394.98159  2.20000e-17
6396.15015  1.97000e-17
6397.31871  1.97000e-17
6398.48726  2.31000e-17
6399.65582  2.35000e-17
6400.82330  2.37000e-17
6401.99186  2.62000e-17
6403.16041  2.59000e-17
6404.32897  2.79000e-17
6405.49753  2.75000e-17
6406.66608  2.45000e-17
6407.83464  2.42000e-17
6409.00428  2.63000e-17
6410.17283  2.23000e-17
6411.34139  1.84000e-17
6412.50995  2.07000e-17
6413.67958  2.01000e-17
6414.84814  2.33000e-17
6416.01670  1.94000e-17
6417.18633  1.93000e-17
6418.35489  3.20000e-17
6419.52345  2.22000e-17
6420.69308  2.00000e-17
6421.86272  1.61000e-17
6423.03128  2.72000e-17
6424.20091  2.59000e-17
6425.36947  2.37000e-17
6426.53911  2.28000e-17
6427.70874  2.32000e-17
6428.87838  2.81000e-17
6430.04694  2.37000e-17
6431.21657  2.39000e-17
6432.38621  2.16000e-17
6433.55476  2.77000e-17
6434.72440  2.27000e-17
6435.89404  1.50000e-17
6437.06367  2.08000e-17
6438.23331  2.50000e-17
6439.40294  2.13000e-17
6440.57258  2.30000e-17
6441.74222  2.65000e-17
6442.91185  2.43000e-17
6444.08149  2.26000e-17
6445.25220  2.42000e-17
6446.42184  2.14000e-17
6447.59147  2.23000e-17
6448.76219  2.21000e-17
6449.93183  2.12000e-17
6451.10146  1.73000e-17
6452.27110  2.31000e-17
6453.44181  2.08000e-17
6454.61145  2.33000e-17
6455.78216  2.25000e-17
6456.95180  2.16000e-17
6458.12252  1.67000e-17
6459.29215  1.71000e-17
6460.46287  2.04000e-17
6461.63250  2.27000e-17
6462.80322  2.05000e-17
6463.97393  2.18000e-17
6465.14357  1.74000e-17
6466.31428  1.89000e-17
6467.48500  1.97000e-17
6468.65571  1.85000e-17
6469.82535  1.80000e-17
6470.99606  2.09000e-17
6472.16678  2.23000e-17
6473.33749  1.93000e-17
6474.50821  1.96000e-17
6475.67892  1.99000e-17
6476.84964  2.30000e-17
6478.02035  2.04000e-17
6479.19107  1.78000e-17
6480.36178  1.66000e-17
6481.53358  2.76000e-17
6482.70429  2.04000e-17
6483.87501  2.02000e-17
6485.04572  2.31000e-17
6486.21752  1.78000e-17
6487.38823  2.05000e-17
6488.55895  1.89000e-17
6489.73074  2.07000e-17
6490.90146  2.72000e-17
6492.07325  1.53000e-17
6493.24396  2.56000e-17
6494.41468  1.47000e-17
6495.58647  1.95000e-17
6496.75827  2.23000e-17
6497.92898  1.91000e-17
6499.10078  1.61000e-17
6500.27149  1.61000e-17
6501.44329  1.98000e-17
6502.61508  2.27000e-17
6503.78687  1.67000e-17
6504.95759  2.08000e-17
6506.12938  2.32000e-17
6507.30118  2.27000e-17
6508.47297  2.91000e-17
6509.64477  1.97000e-17
6510.81656  1.94000e-17
6511.98835  1.94000e-17
6513.16015  1.83000e-17
6514.33194  1.99000e-17
6515.50374  2.16000e-17
6516.67553  2.09000e-17
6517.84732  1.44000e-17
6519.01912  1.72000e-17
6520.19091  2.01000e-17
6521.36378  2.45000e-17
6522.53558  1.74000e-17
6523.70737  1.41000e-17
6524.88024  2.34000e-17
6526.05204  2.14000e-17
6527.22383  2.46000e-17
6528.39671  2.16000e-17
6529.56850  2.96000e-17
6530.74137  2.59000e-17
6531.91317  1.61000e-17
6533.08604  1.88000e-17
6534.25783  2.55000e-17
6535.43071  2.32000e-17
6536.60250  1.45000e-17
6537.77537  1.75000e-17
6538.94825  1.70000e-17
6540.12112  1.90000e-17
6541.29399  1.83000e-17
6542.46579  2.02000e-17
6543.63866  2.19000e-17
6544.81153  1.64000e-17
6545.98441  1.50000e-17
6547.15728  1.99000e-17
6548.32907  2.35000e-17
6549.50195  1.90000e-17
6550.67482  1.87000e-17
6551.84877  2.12000e-17
6553.02164  1.87000e-17
6554.19452  1.93000e-17
6555.36739  1.36000e-17
6556.54026  2.27000e-17
6557.71314  1.95000e-17
6558.88709  1.52000e-17
6560.05996  1.43000e-17
6561.23283  1.62000e-17
6562.40571  1.84000e-17
6563.57966  1.89000e-17
6564.75253  1.84000e-17
6565.92540  1.72000e-17
6567.09936  1.63000e-17
6568.27223  1.36000e-17
6569.44618  1.39000e-17
6570.62013  2.16000e-17
6571.79301  1.74000e-17
6572.96696  1.70000e-17
6574.13983  2.09000e-17
6575.31378  1.52000e-17
6576.48774  1.65000e-17
6577.66061  1.88000e-17
6578.83456  1.74000e-17
6580.00851  1.87000e-17
6581.18246  2.04000e-17
6582.35642  1.86000e-17
6583.52929  1.22000e-17
6584.70324  1.61000e-17
6585.87719  2.05000e-17
6587.05115  1.49000e-17
6588.22510  1.26000e-17
6589.39905  1.75000e-17
6590.57300  1.98000e-17
6591.74695  2.19000e-17
6592.92091  1.71000e-17
6594.09594  2.28000e-17
6595.26989  1.92000e-17
6596.44384  1.63000e-17
6597.61779  1.66000e-17
6598.79174  2.02000e-17
6599.96678  1.57000e-17
6601.14073  1.75000e-17
6602.31576  1.63000e-17
6603.48971  1.56000e-17
6604.66366  1.47000e-17
6605.83869  1.78000e-17
6607.01265  2.17000e-17
6608.18768  2.13000e-17
6609.36163  1.72000e-17
6610.53666  1.85000e-17
6611.71061  2.08000e-17
6612.88564  1.95000e-17
6614.05959  2.39000e-17
6615.23463  1.34000e-17
6616.40966  1.49000e-17
6617.58469  1.71000e-17
6618.75972  1.95000e-17
6619.93367  2.15000e-17
6621.10870  2.03000e-17
6622.28373  1.68000e-17
6623.45876  1.49000e-17
6624.63379  1.41000e-17
6625.80883  1.18000e-17
6626.98386  1.83000e-17
6628.15889  2.05000e-17
6629.33392  2.17000e-17
6630.50895  1.79000e-17
6631.68398  2.34000e-17
6632.85901  2.27000e-17
6634.03512  1.36000e-17
6635.21015  1.47000e-17
6636.38518  1.82000e-17
6637.56021  1.18000e-17
6638.73632  2.45000e-17
6639.91136  2.21000e-17
6641.08639  2.16000e-17
6642.26250  1.43000e-17
6643.43753  1.39000e-17
6644.61256  1.76000e-17
6645.78867  1.59000e-17
6646.96370  1.47000e-17
6648.13981  1.29000e-17
6649.31592  1.77000e-17
6650.49095  1.74000e-17
6651.66598  1.62000e-17
6652.84209  1.56000e-17
6654.01820  1.35000e-17
6655.19431  1.88000e-17
6656.36934  1.70000e-17
6657.54545  2.09000e-17
6658.72156  1.84000e-17
6659.89767  2.14000e-17
6661.07378  1.73000e-17
6662.24989  1.97000e-17
6663.42492  1.67000e-17
6664.60211  2.03000e-17
6665.77822  1.85000e-17
6666.95325  2.25000e-17
6668.12936  1.99000e-17
6669.30655  1.92000e-17
6670.48266  1.73000e-17
6671.65877  1.93000e-17
6672.83488  2.08000e-17
6674.01099  1.78000e-17
6675.18710  1.94000e-17
6676.36429  1.65000e-17
6677.54040  1.61000e-17
6678.71651  1.67000e-17
6679.89262  1.55000e-17
6681.06981  1.60000e-17
6682.24592  2.22000e-17
6683.42311  2.05000e-17
6684.59922  1.48000e-17
6685.77641  1.55000e-17
6686.95252  1.43000e-17
6688.12971  1.44000e-17
6689.30582  1.48000e-17
6690.48301  1.34000e-17
6691.66020  2.25000e-17
6692.83631  1.82000e-17
6694.01349  2.01000e-17
6695.18960  1.85000e-17
6696.36679  2.05000e-17
6697.54398  1.45000e-17
6698.72117  2.04000e-17
6699.89836  1.65000e-17
6701.07447  2.19000e-17
6702.25166  1.70000e-17
6703.42885  1.41000e-17
6704.60604  1.09000e-17
6705.78323  1.03000e-17
6706.96042  1.04000e-17
6708.13760  1.87000e-17
6709.31479  1.47000e-17
6710.49198  1.92000e-17
6711.67025  2.27000e-17
6712.84744  1.07000e-17
6714.02463  1.72000e-17
6715.20182  1.09000e-17
6716.37901  1.46000e-17
6717.55620  2.03000e-17
6718.73446  1.18000e-17
6719.91165  2.07000e-17
6721.08992  1.97000e-17
6722.26711  1.84000e-17
6723.44430  1.73000e-17
6724.62257  1.34000e-17
6725.79976  1.80000e-17
6726.97802  1.55000e-17
6728.15521  1.44000e-17
6729.33348  1.82000e-17
6730.51067  1.48000e-17
6731.68894  2.04000e-17
6732.86721  1.93000e-17
6734.04439  1.66000e-17
6735.22266  1.61000e-17
6736.40093  1.57000e-17
6737.57812  2.33000e-17
6738.75639  1.67000e-17
6739.93466  1.60000e-17
6741.11292  1.42000e-17
6742.29119  1.51000e-17
6743.46946  1.48000e-17
6744.64665  1.44000e-17
6745.82492  1.02000e-17
6747.00426  1.67000e-17
6748.18253  1.35000e-17
6749.36080  2.05000e-17
6750.53907  1.52000e-17
6751.71734  1.61000e-17
6752.89560  1.65000e-17
6754.07387  1.45000e-17
6755.25214  1.54000e-17
6756.43041  1.42000e-17
6757.60976  1.82000e-17
6758.78802  1.62000e-17
6759.96629  1.37000e-17
6761.14456  1.30000e-17
6762.32391  1.68000e-17
6763.50217  1.54000e-17
6764.68152  1.91000e-17
6765.85979  1.80000e-17
6767.03914  1.11000e-17
6768.21740  1.19000e-17
6769.39675  1.54000e-17
6770.57502  1.97000e-17
6771.75437  1.34000e-17
6772.93263  1.43000e-17
6774.11198  1.64000e-17
6775.29133  1.23000e-17
6776.46960  1.74000e-17
6777.64894  1.46000e-17
6778.82829  8.90000e-18
6780.00764  1.60000e-17
6781.18698  1.51000e-17
6782.36525  1.90000e-17
6783.54460  9.46000e-18
6784.72395  1.83000e-17
6785.90329  1.51000e-17
6787.08264  1.19000e-17
6788.26199  1.63000e-17
6789.44133  1.22000e-17
6790.62068  2.03000e-17
6791.80003  1.72000e-17
6792.97937  1.70000e-17
6794.15872  1.66000e-17
6795.33807  1.56000e-17
6796.51742  1.26000e-17
6797.69676  1.25000e-17
6798.87719  1.24000e-17
6800.05654  1.74000e-17
6801.23588  2.24000e-17
6802.41631  1.52000e-17
6803.59566  7.96000e-18
6804.77500  1.58000e-17
6805.95543  1.42000e-17
6807.13478  1.80000e-17
6808.31520  1.44000e-17
6809.49455  1.65000e-17
6810.67390  1.28000e-17
6811.85432  1.95000e-17
6813.03367  1.71000e-17
6814.21410  1.10000e-17
6815.39452  1.57000e-17
6816.57387  1.27000e-17
6817.75429  1.54000e-17
6818.93472  1.60000e-17
6820.11515  1.47000e-17
6821.29449  1.03000e-17
6822.47492  1.38000e-17
6823.65535  1.60000e-17
6824.83577  1.65000e-17
6826.01512  2.19000e-17
6827.19662  1.64000e-17
6828.37597  1.35000e-17
6829.55640  9.83000e-18
6830.73682  1.22000e-17
6831.91725  1.57000e-17
6833.09767  1.67000e-17
6834.27918  2.00000e-17
6835.45853  1.95000e-17
6836.64003  1.13000e-17
6837.82046  1.73000e-17
6839.00088  1.42000e-17
6840.18131  1.03000e-17
6841.36281  1.17000e-17
6842.54324  1.41000e-17
6843.72367  1.57000e-17
6844.90409  1.45000e-17
6846.08452  1.23000e-17
6847.26602  1.87000e-17
6848.44645  5.04000e-18
6849.62687  1.03000e-17
6850.80838  2.08000e-17
6851.98881  1.90000e-17
6853.17031  1.51000e-17
6854.35074  1.33000e-17
6855.53224  1.39000e-17
6856.71375  1.62000e-17
6857.89417  1.80000e-17
6859.07568  1.15000e-17
6860.25718  1.69000e-17
6861.43761  2.13000e-17
6862.61911  1.78000e-17
6863.80062  2.18000e-17
6864.98104  1.95000e-17
6866.16255  1.42000e-17
6867.34405  1.36000e-17
6868.52556  1.38000e-17
6869.70706  1.04000e-17
6870.88857  1.32000e-17
6872.07007  1.11000e-17
6873.25050  9.93000e-18
6874.43308  2.20000e-17
6875.61351  1.49000e-17
6876.79502  6.67000e-18
6877.97760  1.22000e-17
6879.15910  1.24000e-17
6880.34061  8.12000e-18
6881.52211  1.40000e-17
6882.70362  1.54000e-17
6883.88512  1.40000e-17
6885.06771  1.55000e-17
6886.24921  1.66000e-17
6887.43072  1.94000e-17
6888.61330  2.31000e-17
6889.79481  1.67000e-17
6890.97631  1.40000e-17
6892.15782  8.68000e-18
6893.34040  1.80000e-17
6894.52191  1.70000e-17
6895.70449  2.10000e-17
6896.88600  1.06000e-17
6898.06858  7.27000e-18
6899.25008  1.74000e-17
6900.43267  1.14000e-17
6901.61417  1.31000e-17
6902.79676  1.89000e-17
6903.97934  1.94000e-17
6905.16085  1.97000e-17
6906.34343  1.44000e-17
6907.52601  1.56000e-17
6908.70752  1.16000e-17
6909.89010  1.99000e-17
6911.07269  1.99000e-17
6912.25527  1.86000e-17
6913.43786  1.38000e-17
6914.62044  1.85000e-17
6915.80302  1.56000e-17
6916.98453  1.25000e-17
6918.16711  1.58000e-17
6919.34970  1.41000e-17
6920.53228  1.13000e-17
6921.71486  9.90000e-18
6922.89745  2.19000e-17
6924.08111  1.21000e-17
6925.26370  1.25000e-17
6926.44628  1.06000e-17
6927.62886  2.28000e-17
6928.81145  1.77000e-17
6929.99511  1.83000e-17
6931.17769  1.56000e-17
6932.36028  1.55000e-17
6933.54286  1.28000e-17
6934.72653  1.97000e-17
6935.90911  1.54000e-17
6937.09277  2.20000e-17
6938.27536  1.68000e-17
6939.45794  2.15000e-17
6940.64160  1.82000e-17
6941.82419  1.76000e-17
6943.00677  1.31000e-17
6944.19044  1.90000e-17
6945.37410  1.72000e-17
6946.55668  1.42000e-17
6947.74035  1.89000e-17
6948.92401  1.35000e-17
6950.10659  1.23000e-17
6951.29025  1.62000e-17
6952.47392  1.68000e-17
6953.65758  1.94000e-17
6954.84016  1.66000e-17
6956.02383  1.89000e-17
6957.20749  2.14000e-17
6958.39008  1.61000e-17
6959.57374  1.88000e-17
6960.75740  1.52000e-17
6961.94106  1.80000e-17
6963.12473  1.87000e-17
6964.30839  1.71000e-17
6965.49205  1.84000e-17
6966.67572  1.37000e-17
6967.85938  1.91000e-17
6969.04304  1.89000e-17
6970.22778  1.54000e-17
6971.41145  1.95000e-17
6972.59511  1.76000e-17
6973.77877  1.58000e-17
6974.96244  2.04000e-17
6976.14610  1.88000e-17
6977.33084  1.49000e-17
6978.51450  1.25000e-17
6979.69817  1.69000e-17
6980.88183  2.50000e-17
6982.06657  1.35000e-17
6983.25023  1.24000e-17
6984.43498  2.02000e-17
6985.61864  1.51000e-17
6986.80338  1.62000e-17
6987.98704  2.36000e-17
6989.17179  1.25000e-17
6990.35545  2.31000e-17
6991.54019  1.56000e-17
6992.72385  2.16000e-17
6993.90860  1.85000e-17
6995.09334  1.58000e-17
6996.27700  2.16000e-17
6997.46174  1.90000e-17
6998.64649  2.13000e-17
6999.83015  1.87000e-17
7001.01489  1.84000e-17
7002.19963  1.95000e-17
7003.38437  1.52000e-17
7004.56804  2.04000e-17
7005.75386  2.59000e-17
7006.93752  1.91000e-17
7008.12226  1.98000e-17
7009.30701  1.66000e-17
7010.49175  1.69000e-17
7011.67649  1.98000e-17
7012.86123  1.60000e-17
7014.04597  1.48000e-17
7015.23072  2.48000e-17
7016.41654  1.08000e-17
7017.60020  2.30000e-17
7018.78602  1.72000e-17
7019.97076  1.63000e-17
7021.15550  1.87000e-17
7022.34025  1.18000e-17
7023.52499  1.34000e-17
7024.71081  1.89000e-17
7025.89555  1.90000e-17
7027.08029  2.03000e-17
7028.26612  1.80000e-17
7029.45086  1.52000e-17
7030.63560  2.07000e-17
7031.82142  2.05000e-17
7033.00616  2.15000e-17
7034.19090  1.69000e-17
7035.37672  1.95000e-17
7036.56147  2.04000e-17
7037.74729  1.34000e-17
7038.93311  1.87000e-17
7040.11785  1.75000e-17
7041.30367  1.82000e-17
7042.48841  1.57000e-17
7043.67423  2.00000e-17
7044.86006  1.07000e-17
7046.04588  1.60000e-17
7047.23062  1.57000e-17
7048.41644  2.12000e-17
7049.60226  1.45000e-17
7050.78808  1.59000e-17
7051.97282  1.87000e-17
7053.15864  2.27000e-17
7054.34447  1.66000e-17
7055.53029  1.70000e-17
7056.71611  1.93000e-17
7057.90193  9.86000e-18
7059.08775  1.79000e-17
7060.27357  1.82000e-17
7061.45939  1.70000e-17
7062.64521  1.70000e-17
7063.83103  1.56000e-17
7065.01685  1.68000e-17
7066.20268  1.92000e-17
7067.38850  1.90000e-17
7068.57432  1.17000e-17
7069.76122  1.77000e-17
7070.94704  1.45000e-17
7072.13286  1.59000e-17
7073.31976  1.99000e-17
7074.50558  1.91000e-17
7075.69140  1.65000e-17
7076.87830  1.61000e-17
7078.06412  1.91000e-17
7079.24994  1.57000e-17
7080.43684  1.81000e-17
7081.62266  1.54000e-17
7082.80956  1.34000e-17
7083.99539  1.39000e-17
7085.18121  1.61000e-17
7086.36811  1.93000e-17
7087.55501  1.15000e-17
7088.74083  1.68000e-17
7089.92773  1.69000e-17
7091.11355  1.64000e-17
7092.30045  1.78000e-17
7093.48627  1.41000e-17
7094.67317  1.60000e-17
7095.86007  1.67000e-17
7097.04697  1.59000e-17
7098.23387  1.54000e-17
7099.41969  1.29000e-17
7100.60659  1.61000e-17
7101.79349  1.48000e-17
7102.98039  1.82000e-17
7104.16729  1.94000e-17
7105.35419  1.28000e-17
7106.54001  1.88000e-17
7107.72799  1.77000e-17
7108.91489  1.66000e-17
7110.10071  2.14000e-17
7111.28761  1.79000e-17
7112.47559  1.57000e-17
7113.66249  1.93000e-17
7114.84939  1.40000e-17
7116.03629  1.27000e-17
7117.22319  1.32000e-17
7118.41009  1.42000e-17
7119.59699  2.08000e-17
7120.78497  1.26000e-17
7121.97187  1.58000e-17
7123.15877  1.76000e-17
7124.34567  1.33000e-17
7125.53365  1.85000e-17
7126.72055  1.93000e-17
7127.90745  1.24000e-17
7129.09543  1.76000e-17
7130.28233  1.72000e-17
7131.46923  1.33000e-17
7132.65721  1.71000e-17
7133.84519  1.21000e-17
7135.03209  1.43000e-17
7136.22006  1.46000e-17
7137.40697  1.86000e-17
7138.59494  1.69000e-17
7139.78184  1.40000e-17
7140.96982  2.37000e-17
7142.15672  1.69000e-17
7143.34470  1.53000e-17
7144.53268  9.10000e-18
7145.72066  1.47000e-17
7146.90756  1.70000e-17
7148.09554  1.32000e-17
7149.28352  1.53000e-17
7150.47150  1.60000e-17
7151.65840  1.96000e-17
7152.84638  2.18000e-17
7154.03435  1.68000e-17
7155.22233  1.54000e-17
7156.41031  1.87000e-17
7157.59829  1.81000e-17
7158.78627  1.21000e-17
7159.97425  1.63000e-17
7161.16223  1.36000e-17
7162.35021  1.59000e-17
7163.53819  1.47000e-17
7164.72617  1.87000e-17
7165.91414  1.50000e-17
7167.10212  1.11000e-17
7168.29010  1.64000e-17
7169.47808  1.52000e-17
7170.66606  9.53000e-18
7171.85512  1.42000e-17
7173.04310  1.93000e-17
7174.23108  1.81000e-17
7175.41906  1.05000e-17
7176.60811  1.34000e-17
7177.79609  1.25000e-17
7178.98407  9.18000e-18
7180.17313  9.32000e-18
7181.36111  9.11000e-18
7182.55017  1.06000e-17
7183.73815  1.47000e-17
7184.92720  1.27000e-17
7186.11518  1.58000e-17
7187.30316  1.44000e-17
7188.49222  1.36000e-17
7189.68020  1.57000e-17
7190.86926  7.57000e-18
7192.05831  1.42000e-17
7193.24629  1.05000e-17
7194.43535  1.25000e-17
7195.62441  1.51000e-17
7196.81239  1.44000e-17
7198.00145  1.19000e-17
7199.19050  9.10000e-18
7200.37848  1.39000e-17
7201.56754  1.19000e-17
7202.75660  1.14000e-17
7203.94566  1.40000e-17
7205.13472  1.27000e-17
7206.32269  1.31000e-17
7207.51175  1.18000e-17
7208.70081  1.27000e-17
7209.88987  1.55000e-17
7211.07893  1.18000e-17
7212.26798  1.18000e-17
7213.45704  1.11000e-17
7214.64610  1.48000e-17
7215.83516  1.18000e-17
7217.02422  1.22000e-17
7218.21435  1.22000e-17
7219.40233  1.18000e-17
7220.59139  1.84000e-17
7221.78153  1.28000e-17
7222.97059  9.57000e-18
7224.15964  1.37000e-17
7225.34870  1.10000e-17
7226.53776  8.48000e-18
7227.72790  9.90000e-18
7228.91696  1.10000e-17
7230.10601  1.13000e-17
7231.29615  1.19000e-17
7232.48521  1.08000e-17
7233.67427  8.37000e-18
7234.86440  1.00000e-17
7236.05346  1.40000e-17
7237.24360  2.00000e-17
7238.43266  1.17000e-17
7239.62171  8.40000e-18
7240.81185  1.54000e-17
7242.00199  2.13000e-17
7243.19105  8.66000e-18
7244.38118  1.20000e-17
7245.57024  1.31000e-17
7246.76038  6.91000e-18
7247.94944  1.14000e-17
7249.13957  1.21000e-17
7250.32971  6.86000e-18
7251.51877  8.51000e-18
7252.70890  1.28000e-17
7253.89904  8.05000e-18
7255.08918  8.49000e-18
7256.27932  5.24000e-18
7257.46837  1.29000e-17
7258.65851  1.20000e-17
7259.84865  1.30000e-17
7261.03878  8.74000e-18
7262.22892  1.14000e-17
7263.41798  1.25000e-17
7264.60812  1.22000e-17
7265.79933  1.21000e-17
7266.98839  9.24000e-18
7268.17853  6.23000e-18
7269.36866  1.20000e-17
7270.55880  1.12000e-17
7271.75002  6.11000e-18
7272.93908  9.32000e-18
7274.13029  6.23000e-18
7275.31935  1.29000e-17
7276.51057  1.20000e-17
7277.70070  4.09000e-18
7278.89084  1.16000e-17
7280.08098  1.06000e-17
7281.27111  9.54000e-18
7282.46233  6.50000e-18
7283.65247  1.04000e-17
7284.84260  1.33000e-17
7286.03274  9.77000e-18
7287.22396  1.37000e-17
7288.41409  8.77000e-18
7289.60531  6.11000e-18
7290.79545  1.28000e-17
7291.98558  5.42000e-18
7293.17680  9.89000e-18
7294.36694  8.89000e-18
7295.55815  1.06000e-17
7296.74829  1.34000e-17
7297.93951  1.39000e-17
7299.12964  1.49000e-17
7300.32086  1.54000e-17
7301.51207  1.02000e-17
7302.70221  8.83000e-18
7303.89343  9.23000e-18
7305.08356  1.09000e-17
7306.27478  1.16000e-17
7307.46600  8.11000e-18
7308.65721  5.77000e-18
7309.84735  7.53000e-18
7311.03857  5.54000e-18
7312.22978  1.21000e-17
7313.41992  1.22000e-17
7314.61113  1.29000e-17
7315.80235  3.99000e-18
7316.99357  8.13000e-18
7318.18478  1.24000e-17
7319.37600  9.46000e-18
7320.56614  1.64000e-17
7321.75735  7.22000e-18
7322.94857  5.02000e-18
7324.13978  8.38000e-18
7325.33100  7.35000e-18
7326.52222  7.65000e-18
7327.71343  7.03000e-18
7328.90465  6.21000e-18
7330.09586  5.45000e-18
7331.28708  1.14000e-17
7332.47937  5.93000e-18
7333.67059  6.02000e-18
7334.86181  9.99000e-18
7336.05302  1.32000e-17
7337.24424  1.04000e-17
7338.43653  1.23000e-17
7339.62775  1.19000e-17
7340.81897  7.84000e-18
7342.01018  8.84000e-18
7343.20140  1.48000e-17
7344.39369  1.11000e-17
7345.58491  1.53000e-17
7346.77612  6.77000e-18
7347.96842  1.01000e-17
7349.15964  6.15000e-18
7350.35193  1.02000e-17
7351.54315  6.05000e-18
7352.73436  3.08000e-18
7353.92666  7.88000e-18
7355.11787  4.67000e-18
7356.31017  9.91000e-18
7357.50246  8.49000e-18
7358.69368  2.97000e-18
7359.88597  7.54000e-18
7361.07719  9.57000e-18
7362.26949  1.05000e-17
7363.46178  6.21000e-18
7364.65300  8.92000e-18
7365.84529  8.75000e-18
7367.03759  2.17000e-18
7368.22880  1.15000e-17
7369.42110  4.19000e-18
7370.61231  2.03000e-17
7371.80569  1.27000e-17
7372.99690  1.11000e-17
7374.18920  9.55000e-18
7375.38149  1.04000e-17
7376.57271  6.49000e-18
7377.76608  8.23000e-18
7378.95838  6.91000e-18
7380.14959  1.05000e-17
7381.34189  9.61000e-18
7382.53419  8.15000e-18
7383.72648  8.10000e-18
7384.91878  3.71000e-18
7386.11107  4.09000e-18
7387.30336  1.38000e-17
7388.49566  1.07000e-17
7389.68796  9.19000e-18
7390.88025  1.40000e-17
7392.07362  9.56000e-18
7393.26592  1.19000e-18
7394.45821  5.22000e-18
7395.65051  5.83000e-18
7396.84280  7.47000e-18
7398.03510  8.63000e-18
7399.22847  9.30000e-18
7400.42077  8.40000e-18
7401.61306  8.87000e-18
7402.80536  3.36000e-18
7403.99765  4.39000e-18
7405.19103  6.85000e-18
7406.38332  1.20000e-17
7407.57670  1.03000e-17
7408.76899  4.80000e-18
7409.96129  5.94000e-18
7411.15466  5.00000e-18
7412.34695  7.35000e-18
7413.54033  7.83000e-18
7414.73262  1.04000e-17
7415.92492  9.37000e-18
7417.11829  1.23000e-17
7418.31059  9.46000e-18
7419.50396  3.90000e-18
7420.69734  1.04000e-17
7421.88963  6.25000e-18
7423.08301  7.89000e-18
7424.27638  7.61000e-18
7425.46867  7.28000e-18
7426.66205  1.26000e-17
7427.85434  7.47000e-18
7429.04772  6.78000e-18
7430.24109  1.22000e-17
7431.43446  1.04000e-17
7432.62676  8.51000e-18
7433.82013  8.17000e-18
7435.01351  5.81000e-18
7436.20688  8.80000e-18
7437.39918  1.57000e-17
7438.59255  6.25000e-18
7439.78592  1.01000e-17
7440.97930  7.53000e-18
7442.17267  8.51000e-18
7443.36605  6.60000e-18
7444.55942  1.12000e-17
7445.75279  3.54000e-18
7446.94617  1.33000e-17
7448.13954  8.98000e-18
7449.33292  1.23000e-17
7450.52629  5.34000e-18
7451.71966  8.11000e-18
7452.91304  8.67000e-18
7454.10641  5.74000e-18
7455.29979  6.64000e-18
7456.49316  6.10000e-18
7457.68653  6.49000e-18
7458.87991  8.74000e-18
7460.07328  6.29000e-18
7461.26774  6.77000e-18
7462.46111  7.84000e-18
7463.65448  6.20000e-18
7464.84786  3.72000e-18
7466.04231  9.89000e-18
7467.23568  8.35000e-18
7468.42906  9.04000e-18
7469.62351  5.95000e-18
7470.81689  9.38000e-18
7472.01026  3.78000e-18
7473.20363  1.27000e-17
7474.39809  6.40000e-18
7475.59146  7.90000e-18
7476.78591  7.03000e-18
7477.97929  1.08000e-17
7479.17374  9.67000e-18
7480.36712  7.03000e-18
7481.56157 -1.51000e-19
7482.75494  9.40000e-18
7483.94939  9.10000e-18
7485.14277  5.82000e-18
7486.33722  9.41000e-18
7487.53167  1.03000e-17
7488.72505  5.21000e-18
7489.91950  6.67000e-18
7491.11288  1.10000e-17
7492.30733  9.72000e-18
7493.50178  6.78000e-18
7494.69623  6.28000e-18
7495.88961  8.15000e-18
7497.08406  7.30000e-18
7498.27851  3.05000e-18
7499.47189  7.53000e-18
7500.66634  7.29000e-18
7501.86079  2.61000e-18
7503.05525  9.38000e-18
7504.24970  8.41000e-18
7505.44415  3.90000e-18
7506.63861  1.18000e-17
7507.83198  3.68000e-18
7509.02643  1.12000e-17
7510.22089  1.09000e-17
7511.41534  9.38000e-18
7512.60979  7.41000e-18
7513.80425  5.25000e-18
7514.99870  2.24000e-18
7516.19315  3.30000e-18
7517.38760  3.03000e-18
7518.58206  4.81000e-18
7519.77651  1.05000e-17
7520.97096  4.28000e-18
7522.16650  1.09000e-17
7523.35987  7.93000e-18
7524.55540  7.74000e-18
7525.74986  4.85000e-18
7526.94431  5.37000e-19
7528.13876  8.59000e-18
7529.33321  7.55000e-18
7530.52875  3.64000e-18
7531.72320  5.02000e-18
7532.91765  4.16000e-18
7534.11210  1.07000e-17
7535.30764  5.98000e-18
7536.50209  8.98000e-18
7537.69654  7.95000e-18
7538.89207  1.14000e-17
7540.08653  1.81000e-18
7541.28098  7.97000e-18
7542.47651  6.39000e-18
7543.67097  1.18000e-18
7544.86650  1.21000e-17
7546.06095  1.28000e-17
7547.25540  6.36000e-18
7548.45094  1.01000e-17
7549.64647  1.36000e-17
7550.84092  7.90000e-18
7552.03645  5.63000e-18
7553.23091  8.40000e-18
7554.42536  1.05000e-17
7555.62089  1.02000e-17
7556.81642  5.28000e-18
7558.01088  4.36000e-18
7559.20641  1.83000e-18
7560.40086  4.96000e-18
7561.59639  9.90000e-18
7562.79192  4.55000e-18
7563.98746  8.06000e-18
7565.18299  1.37000e-17
7566.37744  8.51000e-18
7567.57297  4.63000e-18
7568.76851  8.56000e-18
7569.96296  8.93000e-18
7571.15849  9.26000e-18
7572.35402  4.18000e-18
7573.54955  6.38000e-18
7574.74509  8.46000e-18
7575.94062  6.84000e-18
7577.13615  5.99000e-18
7578.33060  8.16000e-18
7579.52614  4.61000e-18
7580.72167  9.68000e-18
7581.91720  3.06000e-18
7583.11273  6.45000e-18
7584.30826  8.53000e-18
7585.50380  1.19000e-17
7586.69933  3.56000e-18
7587.89486  6.41000e-18
7589.09039  9.66000e-18
7590.28592  6.83000e-18
7591.48146  4.85000e-18
7592.67699  7.99000e-18
7593.87252  4.12000e-18
7595.06913  1.04000e-17
7596.26466  6.61000e-18
7597.46019 -5.92000e-19
7598.65573  1.33000e-18
7599.85126  3.65000e-18
7601.04787  7.44000e-18
7602.24340 -9.52000e-19
7603.43893  7.28000e-18
7604.63447 -3.44000e-18
7605.83108 -5.32000e-18
7607.02661  2.38000e-18
7608.22214  2.30000e-18
7609.41767 -3.47000e-19
7610.61428 -5.19000e-18
7611.80982 -4.29000e-18
7613.00643 -3.82000e-18
7614.20196  5.84000e-18
7615.39749 -6.01000e-18
7616.59410  2.88000e-18
7617.78963  1.25000e-19
7618.98624  6.86000e-18
7620.18178  1.17000e-17
7621.37839  9.27000e-18
7622.57392  5.92000e-19
7623.77053  4.71000e-18
7624.96606  1.18000e-17
7626.16159 -4.42000e-19
7627.35821  4.48000e-18
7628.55482  1.36000e-18
7629.75035  2.78000e-19
7630.94696  3.66000e-18
7632.14357  4.97000e-18
7633.33910  8.32000e-19
7634.53571 -7.62000e-19
7635.73232  5.55000e-18
7636.92786 -1.37000e-18
7638.12447  1.58000e-18
7639.32108  5.51000e-20
7640.51661 -2.17000e-19
7641.71322  1.13000e-18
7642.90983  1.65000e-18
7644.10644  3.63000e-18
7645.30198  9.90000e-18
7646.49859  1.30000e-19
7647.69520 -1.23000e-18
7648.89181  9.29000e-19
7650.08842  7.90000e-18
7651.28503  5.51000e-18
7652.48056  6.50000e-18
7653.67717  5.81000e-18
7654.87378  7.09000e-18
7656.07040  5.73000e-18
7657.26701  2.58000e-18
7658.46362  4.73000e-18
7659.66023  1.77000e-18
7660.85684  7.55000e-18
7662.05345  6.09000e-18
7663.25006 -3.74000e-18
7664.44667  3.70000e-18
7665.64328  3.92000e-18
7666.83990  6.71000e-18
7668.03651  6.38000e-18
7669.23312  4.32000e-18
7670.42973  5.14000e-18
7671.62742  5.50000e-18
7672.82403  6.07000e-18
7674.02064  9.20000e-18
7675.21725  7.05000e-18
7676.41386  4.60000e-18
7677.61047  7.80000e-18
7678.80708  4.24000e-18
7680.00477  3.77000e-18
7681.20138  6.81000e-18
7682.39800  5.65000e-18
7683.59569  9.79000e-18
7684.79230  7.10000e-18
7685.98891  6.10000e-18
7687.18552  2.75000e-18
7688.38321  4.70000e-18
7689.57982  1.81000e-18
7690.77643  6.29000e-18
7691.97412  7.76000e-18
7693.17073  2.86000e-18
7694.36842  4.85000e-18
7695.56503  3.25000e-18
7696.76272  7.55000e-18
7697.95933  7.14000e-18
7699.15702  7.80000e-18
7700.35363  1.03000e-17
7701.55132  1.25000e-17
7702.74794  2.91000e-18
7703.94563  3.64000e-18
7705.14224  9.62000e-18
7706.33993  1.02000e-17
7707.53654  5.95000e-18
7708.73423  6.36000e-18
7709.93084  1.08000e-17
7711.12853  7.21000e-18
7712.32622  5.26000e-18
7713.52283 -1.60000e-18
7714.72052  6.71000e-18
7715.91713  9.24000e-18
7717.11482  7.42000e-18
7718.31251  2.45000e-18
7719.51020  7.49000e-18
7720.70681  7.20000e-18
7721.90450  1.10000e-17
7723.10219  6.44000e-18
7724.29880  7.05000e-18
7725.49649  1.46000e-17
7726.69418  1.13000e-17
7727.89187  4.69000e-18
7729.08956  6.48000e-18
7730.28617  1.28000e-17
7731.48386  8.69000e-18
7732.68263  6.02000e-18
7733.87924  4.42000e-18
7735.07693  4.65000e-18
7736.27462  8.04000e-18
7737.47231  4.73000e-18
7738.67000  9.47000e-18
7739.86769  6.75000e-18
7741.06538  8.68000e-18
7742.26307  4.89000e-18
7743.46076  4.34000e-18
7744.65845  8.42000e-18
7745.85614  6.13000e-18
7747.05383  4.23000e-18
7748.25152  9.85000e-18
7749.44921  5.57000e-18
7750.64690  9.94000e-18
7751.84459  7.72000e-18
7753.04228  5.17000e-18
7754.23997  7.33000e-18
7755.43766  8.68000e-18
7756.63535  2.09000e-18
7757.83304  4.03000e-18
7759.03181  1.24000e-17
7760.22950  2.53000e-18
7761.42719  7.87000e-18
7762.62596  7.74000e-18
7763.82365  8.49000e-18
7765.02134  3.56000e-18
7766.21903  2.97000e-18
7767.41672  4.78000e-18
7768.61549  8.04000e-18
7769.81318  1.83000e-18
7771.01087  6.90000e-18
7772.20856  5.11000e-18
7773.40733  1.04000e-17
7774.60502  1.11000e-17
7775.80271  9.02000e-18
7777.00148  6.03000e-18
7778.19917  7.94000e-18
7779.39794  7.81000e-18
7780.59563  7.05000e-18
7781.79440  6.13000e-18
7782.99209  4.41000e-18
7784.19086  3.51000e-18
7785.38855  3.95000e-18
7786.58624  5.85000e-18
7787.78500  9.83000e-18
7788.98269  6.26000e-18
7790.18146  2.55000e-18
7791.37915  8.97000e-18
7792.57792  1.19000e-17
7793.77669  1.09000e-17
7794.97438 -3.82000e-19
7796.17315  4.26000e-18
7797.37084  4.71000e-18
7798.56961  2.45000e-18
7799.76730  4.09000e-18
7800.96607  3.04000e-18
7802.16484  6.25000e-18
7803.36253  8.37000e-18
7804.56130  4.75000e-18
7805.76007  9.01000e-18
7806.95776  9.53000e-18
7808.15653  6.71000e-18
7809.35529  1.31000e-18
7810.55406  2.93000e-18
7811.75175  7.73000e-18
7812.95052  6.43000e-18
7814.14929  4.66000e-18
7815.34806  7.06000e-18
7816.54683  1.04000e-17
7817.74452  5.91000e-18
7818.94329  7.56000e-19
7820.14206  1.12000e-18
7821.34083  1.70000e-18
7822.53960  8.30000e-18
7823.73728  1.52000e-18
7824.93605  4.59000e-18
7826.13482  3.23000e-18
7827.33359  3.82000e-18
7828.53236  5.11000e-18
7829.73113  7.12000e-18
7830.92990  6.59000e-18
7832.12867  9.56000e-18
7833.32744  9.21000e-19
7834.52621  4.84000e-18
7835.72497  6.04000e-18
7836.92374  9.71000e-18
7838.12251  5.55000e-19
7839.32128  9.96000e-19
7840.52005  4.26000e-18
7841.71882  8.77000e-18
7842.91759  8.53000e-18
7844.11636  6.80000e-18
7845.31513  5.24000e-18
7846.51390  4.68000e-18
7847.71374  1.01000e-17
7848.91251  5.18000e-18
7850.11128  3.68000e-18
7851.31005  6.06000e-18
7852.50882  7.51000e-18
7853.70759  1.05000e-17
7854.90744  8.91000e-18
7856.10621  3.79000e-18
7857.30497  7.98000e-18
7858.50374  1.97000e-18
7859.70359 -1.38000e-18
7860.90236  6.09000e-18
7862.10113  1.11000e-17
7863.29990  6.76000e-18
7864.49975  6.56000e-18
7865.69852  3.62000e-18
7866.89729  3.07000e-18
7868.09713  4.07000e-18
7869.29590  1.70000e-18
7870.49467  5.04000e-18
7871.69344  5.77000e-18
7872.89329 -2.95000e-19
7874.09206  6.00000e-18
7875.29190  3.57000e-19
7876.49067  5.18000e-18
7877.68944  3.73000e-18
7878.88929  3.52000e-18
7880.08806  7.44000e-18
7881.28791  4.14000e-18
7882.48668  4.30000e-18
7883.68653  4.58000e-18
7884.88529  1.07000e-19
7886.08514  6.76000e-18
7887.28391  7.63000e-18
7888.48376  3.94000e-18
7889.68361 -3.59000e-19
7890.88238 -2.49000e-19
7892.08115  7.67000e-18
7893.28099  5.56000e-18
7894.48084  1.67000e-18
7895.67961  1.73000e-18
7896.87946  2.96000e-18
7898.07823  4.08000e-19
7899.27808  5.54000e-18
7900.47792  1.95000e-18
7901.67669  9.21000e-18
7902.87654  1.06000e-17
7904.07639  6.07000e-18
7905.27516  1.12000e-17
7906.47501  4.47000e-18
7907.67485  5.68000e-18
7908.87362  5.37000e-18
7910.07347 -1.57000e-18
7911.27332  3.34000e-18
7912.47317  3.90000e-18
7913.67194  1.04000e-17
7914.87178  7.07000e-18
7916.07163  3.41000e-18
7917.27148  2.16000e-18
7918.47025 -2.99000e-19
7919.67010  2.63000e-18
7920.86994  4.12000e-18
7922.06979  2.82000e-18
7923.26964  7.26000e-18
7924.46949  5.10000e-18
7925.66934  9.37000e-18
7926.86918  2.53000e-18
7928.06795  1.64000e-18
7929.26780  2.80000e-18
7930.46765  6.14000e-18
7931.66750  1.23000e-17
7932.86734  5.21000e-18
7934.06719  4.42000e-18
7935.26704  6.95000e-18
7936.46689  7.27000e-18
7937.66674  5.89000e-18
7938.86658  2.27000e-18
7940.06643  4.76000e-18
7941.26628  5.54000e-18
7942.46613  6.54000e-18
7943.66598  1.83000e-18
7944.86582 -2.65000e-18
7946.06567  1.54000e-18
7947.26552  7.87000e-18
7948.46537  3.18000e-18
7949.66522  9.20000e-18
7950.86614  5.15000e-18
7952.06491  2.58000e-18
7953.26584  3.27000e-18
7954.46569  7.25000e-18
7955.66554  1.35000e-18
7956.86538  7.81000e-18
7958.06523  1.56000e-18
7959.26508  4.29000e-18
7960.46601  1.53000e-18
7961.66585  4.51000e-18
7962.86570 -6.37000e-18
7964.06555  4.69000e-18
7965.26540  4.24000e-19
7966.46633  1.56000e-18
7967.66617  9.41000e-18
7968.86602  2.17000e-18
7970.06587  4.93000e-18
7971.26680 -2.91000e-19
7972.46664  8.45000e-18
7973.66649  2.00000e-18
7974.86634  6.31000e-18
7976.06727  4.53000e-18
7977.26712  4.02000e-18
7978.46696  5.09000e-18
7979.66789  6.54000e-18
7980.86774  7.93000e-18
7982.06867  4.99000e-19
7983.26851  3.46000e-18
7984.46836  4.40000e-18
7985.66929  4.42000e-18
7986.86914  3.22000e-18
7988.06898  9.40000e-18
7989.26991  3.42000e-18
7990.46976  4.42000e-18
7991.67069 -1.30000e-18
7992.87054  5.08000e-18
7994.07146  8.59000e-18
7995.27131  3.45000e-18
7996.47224  6.23000e-18
7997.67208  8.63000e-18
7998.87301  5.31000e-18
8000.07286  6.76000e-18
8001.27379  5.65000e-18
8002.47363  5.82000e-18
8003.67456 -2.41000e-18
8004.87441  1.93000e-18
8006.07534  3.56000e-18
8007.27519  1.46000e-19
8008.47611  2.06000e-18
8009.67704  5.15000e-19
8010.87689 -1.66000e-18
8012.07781 -1.04000e-18
8013.27874 -3.61000e-18
8014.47859  3.51000e-18
8015.67952  6.29000e-18
8016.87936  4.44000e-18
8018.08029  1.20000e-18
8019.28122  4.26000e-18
8020.48107  4.37000e-18
8021.68199  4.68000e-18
8022.88292  2.52000e-18
8024.08277  4.61000e-18
8025.28369  4.44000e-18
8026.48462  1.64000e-18
8027.68555 -2.72000e-18
8028.88540  2.23000e-18
8030.08632  1.09000e-18
8031.28725  2.86000e-18
8032.48818  3.77000e-18
8033.68803  5.74000e-18
8034.88895  5.55000e-18
8036.08988  5.75000e-18
8037.29081  4.67000e-18
8038.49173  5.21000e-18
8039.69158  2.93000e-18
8040.89251  5.85000e-18
8042.09344  8.08000e-18
8043.29436  4.90000e-18
8044.49529  4.85000e-18
8045.69622  5.00000e-18
8046.89606  3.62000e-18
8048.09699  3.49000e-18
8049.29792  7.75000e-18
8050.49885  5.77000e-18
8051.69977  1.85000e-18
8052.90070  4.61000e-18
8054.10163 -9.09000e-19
8055.30255  2.66000e-18
8056.50348 -1.28000e-18
8057.70441  4.39000e-18
8058.90533  3.70000e-18
8060.10626  5.72000e-18
8061.30611  4.17000e-19
8062.50812  1.09000e-17
8063.70796 -7.14000e-19
8064.90997  3.45000e-18
8066.11090  3.69000e-18
8067.31182  9.30000e-18
8068.51167  3.19000e-18
8069.71368  2.63000e-18
8070.91460  4.79000e-18
8072.11553  4.58000e-18
8073.31646  2.16000e-18
8074.51739  9.05000e-19
8075.71831  1.68000e-18
8076.91924  2.60000e-18
8078.12017  5.06000e-18
8079.32109  2.62000e-18
8080.52202  2.28000e-18
8081.72403  5.80000e-18
8082.92495  4.19000e-18
8084.12588  2.80000e-18
8085.32681  3.55000e-18
8086.52773 -7.51000e-19
8087.72866  4.03000e-18
8088.93067  6.40000e-19
8090.13159 -2.32000e-19
8091.33252  2.55000e-18
8092.53345  1.77000e-19
8093.73438  1.28000e-18
8094.93638  6.15000e-19
8096.13623  2.41000e-18
8097.33824  1.83000e-18
8098.53916  7.39000e-18
8099.74117  6.09000e-18
8100.94210  4.48000e-18
8102.14302  5.27000e-18
8103.34395  6.48000e-18
8104.54488  6.87000e-18
8105.74688  2.94000e-18
8106.94781  3.37000e-19
8108.14874  2.06000e-18
8109.35074  5.01000e-18
8110.55167  1.29000e-18
8111.75260  3.42000e-18
8112.95460  3.31000e-18
8114.15553  5.67000e-18
8115.35646  3.19000e-18
8116.55846  4.29000e-18
8117.75939  2.90000e-18
8118.96140  2.93000e-18
8120.16232  1.67000e-18
8121.36325  5.10000e-18
8122.56526  5.32000e-19
8123.76618 -3.52000e-19
8124.96711  6.00000e-18
8126.16912  8.44000e-18
8127.37004  3.71000e-18
8128.57205  2.79000e-18
8129.77298 -2.16000e-19
8130.97498  1.73000e-18
8132.17591  3.41000e-18
8133.37792  2.97000e-18
8134.57884  2.19000e-18
8135.77977  6.56000e-18
8136.98178  3.67000e-18
8138.18270  2.71000e-18
8139.38471  1.80000e-18
8140.58563  3.67000e-18
8141.78764  3.62000e-18
8142.98965  3.10000e-19
8144.19057 -1.70000e-18
8145.39258  3.18000e-18
8146.59351  4.86000e-18
8147.79551  3.35000e-18
8148.99644  4.54000e-18
8150.19845  1.67000e-18
8151.39937  5.94000e-18
8152.60138  4.34000e-18
8153.80231  6.39000e-18
8155.00431  3.37000e-18
8156.20632  2.50000e-18
8157.40724  5.27000e-18
8158.60925  5.45000e-18
8159.81126  3.93000e-18
8161.01218  9.24000e-19
8162.21419  9.07000e-18
8163.41512  6.33000e-18
8164.61712  5.64000e-18
8165.81913  8.40000e-18
8167.02006  1.94000e-18
8168.22206  6.07000e-18
8169.42407  5.43000e-18
8170.62499  4.87000e-18
8171.82700  4.66000e-18
8173.02901  5.52000e-19
8174.23101  3.05000e-18
8175.43302  5.77000e-18
8176.63395  6.55000e-18
8177.83595  2.59000e-18
8179.03796  3.71000e-18
8180.23888  3.18000e-18
8181.44089  2.69000e-18
8182.64290  5.13000e-18
8183.84490  7.85000e-18
8185.04691  6.72000e-18
8186.24784  5.11000e-18
8187.44984  7.91000e-18
8188.65185  4.58000e-18
8189.85385  3.70000e-18
8191.05478  3.75000e-18
8192.25679  3.12000e-17
8193.45879  1.09000e-17
8194.65972  5.30000e-18
8195.86281  2.77000e-18
8197.06481  3.90000e-19
8198.26574  3.98000e-18
8199.46774  2.79000e-18
8200.66975 -2.15000e-18
8201.87176 -4.03000e-19
8203.07268  3.22000e-18
8204.27577  9.39000e-19
8205.47777 -1.87000e-18
8206.67870  3.22000e-18
8207.88071  1.79000e-18
8209.08271  4.01000e-18
8210.28472  2.49000e-18
8211.48672 -1.60000e-18
8212.68873  1.26000e-18
8213.89074  5.67000e-18
8215.09274  2.54000e-18
8216.29367  6.02000e-18
8217.49568  3.48000e-18
8218.69768  4.91000e-19
8219.90077  4.36000e-18
8221.10277  2.55000e-18
8222.30478  7.74000e-18
8223.50571 -6.39000e-19
8224.70771  2.91000e-18
8225.90972  4.82000e-18
8227.11280  2.43000e-18
8228.31481 -2.64000e-19
8229.51681  2.50000e-18
8230.71774  1.99000e-18
8231.91975  6.21000e-18
8233.12175  2.76000e-18
8234.32376 -6.32000e-19
8235.52685  1.79000e-18
8236.72885 -1.56000e-18
8237.93086  2.21000e-18
8239.13286  4.30000e-18
8240.33487  7.66000e-18
8241.53687 -4.79000e-19
8242.73888  2.54000e-18
8243.94089  2.70000e-18
8245.14289  2.12000e-18
8246.34490  7.55000e-18
8247.54690  6.56000e-18
8248.74891  1.78000e-18
8249.95092 -7.21000e-20
8251.15292 -3.62000e-19
8252.35601  9.05000e-20
8253.55801  2.07000e-18
8254.76002  3.27000e-18
8255.96203  6.31000e-18
8257.16403  8.02000e-18
8258.36604  2.01000e-18
8259.56804  2.89000e-18
8260.77005 -2.23000e-19
8261.97313 -1.85000e-18
8263.17514  3.23000e-18
8264.37715  1.72000e-18
8265.57915  2.27000e-18
8266.78116  1.49000e-18
8267.98424  4.50000e-18
8269.18625  8.44000e-18
8270.38826  3.62000e-18
8271.59026  9.44000e-19
8272.79335  2.53000e-18
8273.99535  5.82000e-18
8275.19736  2.78000e-18
8276.39936  4.69000e-18
8277.60137  1.81000e-18
8278.80338  5.67000e-18
8280.00538  4.78000e-19
8281.20847  2.67000e-18
8282.41155  7.31000e-19
8283.61356 -1.60000e-18
8284.81556  5.05000e-18
8286.01757  2.74000e-18
8287.21958  2.89000e-19
8288.42158 -1.69000e-18
8289.62359 -1.44000e-19
8290.82667  2.61000e-18
8292.02976  8.91000e-18
8293.23176  5.26000e-18
8294.43377 -1.38000e-18
8295.63578  5.05000e-18
8296.83886  5.81000e-18
8298.04087  4.54000e-18
8299.24287 -3.85000e-18
8300.44488  2.33000e-18
8301.64797  7.62000e-18
8302.85105 -1.35000e-18
8304.05306 -6.82000e-19
8305.25506 -6.36000e-19
8306.45707 -2.40000e-18
8307.66015  7.79000e-18
8308.86216  7.17000e-18
8310.06416  2.22000e-18
8311.26617  4.78000e-18
8312.46926  3.29000e-18
8313.67234  3.70000e-18
8314.87435 -1.29000e-18
8316.07635  2.01000e-18
8317.27944  3.21000e-18
8318.48144  2.31000e-18
8319.68345  5.88000e-18
8320.88653  2.66000e-18
8322.08854  1.51000e-18
8323.29055  2.43000e-18
8324.49363  9.17000e-19
8325.69672  1.25000e-18
8326.89872 -2.00000e-18
8328.10181  2.71000e-18
8329.30381  2.94000e-18
8330.50582  2.11000e-18
8331.70890  3.58000e-18
8332.91091  3.25000e-18
8334.11292  1.42000e-18
8335.31600  1.01000e-18
8336.51909  2.98000e-18
8337.72109  9.86000e-18
8338.92418  3.90000e-18
8340.12618 -2.41000e-18
8341.32819 -8.78000e-19
8342.53127  6.58000e-19
8343.73328 -2.84000e-18
8344.93637  7.14000e-18
8346.13837  1.65000e-18
8347.34038 -7.56000e-18
8348.54346 -8.34000e-20
8349.74655  1.49000e-18
8350.94963  5.59000e-18
8352.15164  3.71000e-18
8353.35364  1.66000e-18
8354.55673  1.84000e-18
8355.75874  2.35000e-18
8356.96182  2.59000e-18
8358.16383  4.64000e-18
8359.36691  1.38000e-18
8360.56892  5.05000e-18
8361.77200  5.29000e-18
8362.97509  6.71000e-18
8364.17709  3.17000e-18
8365.38018 -7.97000e-20
8366.58218 -7.04000e-19
8367.78527  4.47000e-18
8368.98728  3.64000e-18
8370.19036  4.02000e-18
8371.39237  3.39000e-18
8372.59545 -4.55000e-19
8373.79746 -4.12000e-19
8375.00054 -1.47000e-18
8376.20363  1.83000e-18
8377.40671  3.09000e-18
8378.60872  1.16000e-18
8379.81180 -9.16000e-20
8381.01381 -4.02000e-18
8382.21689 -6.65000e-19
8383.41890 -3.23000e-18
8384.62199 -2.46000e-18
8385.82399 -2.60000e-19
8387.02708 -3.15000e-19
8388.23016  2.14000e-18
8389.43217  3.87000e-19
8390.63525  2.91000e-18
8391.83834  4.38000e-18
8393.04142  5.15000e-18
8394.24343  3.70000e-18
8395.44651  1.09000e-17
8396.64852  4.82000e-18
8397.85160 -1.73000e-19
8399.05469  4.46000e-18
8400.25670  4.70000e-18
8401.45978  5.15000e-18
8402.66179  2.68000e-18
8403.86487  4.99000e-19
8405.06796 -3.40000e-18
8406.26996 -3.25000e-18
8407.47413  1.80000e-18
8408.67613  6.82000e-18
8409.87922  6.14000e-18
8411.08230  5.65000e-19
8412.28431  1.85000e-18
8413.48739 -1.04000e-18
8414.68940 -3.09000e-19
8415.89249  2.62000e-18
