3.805819600829738647e+03 9.718480774033068725e-13
3.809888118016327553e+03 7.299273301305565195e-13
3.813956698027059247e+03 6.332976178542485948e-13
3.818025340847625557e+03 8.265519543286137917e-13
3.822094046463716950e+03 9.782536442349502649e-13
3.826162814861022071e+03 7.507453005526182636e-13
3.830231646025233204e+03 7.358736140420219179e-13
3.834300539942038540e+03 6.858672654900705261e-13
3.838369496597130819e+03 7.373375362097654160e-13
3.842438515976199142e+03 1.044305423349614134e-12
3.846507598064932154e+03 7.297810734433494453e-13
3.850576742849022139e+03 8.470083386085305602e-13
3.854645950314157744e+03 9.192248308008370469e-13
3.858715220446031708e+03 7.957018290854552191e-13
3.862784553230330857e+03 9.310092790845070696e-13
3.866853948652748841e+03 8.062168306141629241e-13
3.870923406698973849e+03 9.177244267894810379e-13
3.874992927354695894e+03 8.108716576513757331e-13
3.879062510605607258e+03 1.032856223788129254e-12
3.883132156437395224e+03 1.016806362022082978e-12
3.887201864835753440e+03 1.242609830462240114e-12
3.891271635786369643e+03 1.019583636583963572e-12
3.895341469274933843e+03 1.073229269417166243e-12
3.899411365287138779e+03 9.524642631222472212e-13
3.903481323808671277e+03 9.859334615895298122e-13
3.907551344825225442e+03 1.055691269477543965e-12
3.911621428322487645e+03 8.791852530484228855e-13
3.915691574286151535e+03 8.136180131586539570e-13
3.919761782701905304e+03 8.997638578287017647e-13
3.923832053555438506e+03 1.078889289090915354e-12
3.927902386832444336e+03 8.847832290909106130e-13
3.931972782518609165e+03 8.236835014992137482e-13
3.936043240599627097e+03 8.350436417012783250e-13
3.940113761061185414e+03 8.074734373363647086e-13
3.944184343888977310e+03 9.284125130024164133e-13
3.948254989068690065e+03 8.655353152409462489e-13
3.952325696586015056e+03 9.226813679928779552e-13
3.956396466426643656e+03 9.086970850916981699e-13
3.960467298576263602e+03 8.551532517779546550e-13
3.964538193020567633e+03 9.548830392558320151e-13
3.968609149745244395e+03 9.017765151931953913e-13
3.972680168735984807e+03 7.602901710804273711e-13
3.976751249978478882e+03 8.337537150214178391e-13
3.980822393458416627e+03 1.012071809357890410e-12
3.984893599161489419e+03 8.929977818649284738e-13
3.988964867073386358e+03 9.799645060621841313e-13
3.993036197179797909e+03 7.934480772844861669e-13
3.997107589466414993e+03 8.287170085385606768e-13
4.001179043918926254e+03 9.390235483750254980e-13
4.005250560523023978e+03 9.062045260573620991e-13
4.009322139264396355e+03 9.768909870024390023e-13
4.013393780128735216e+03 7.907957826563693180e-13
4.017465483101731024e+03 7.029398581057547126e-13
4.021537248169071518e+03 8.136605364435274821e-13
4.025609075316449889e+03 8.063058110203387048e-13
4.029680964529554785e+03 9.075373210853054086e-13
4.033752915794077126e+03 8.311886641834054941e-13
4.037824929095706466e+03 8.534790866846251821e-13
4.041897004420133726e+03 8.809387634637692888e-13
4.045969141753049371e+03 8.154851838593124009e-13
4.050041341080141592e+03 8.370115152923427850e-13
4.054113602387103583e+03 7.473130692518431952e-13
4.058185925659623081e+03 7.199970946521239638e-13
4.062258310883391914e+03 7.069275013041654155e-13
4.066330758044099639e+03 7.866959438239948512e-13
4.070403267127437175e+03 7.270093623190043442e-13
4.074475838119094533e+03 7.946600465574840111e-13
4.078548471004760358e+03 7.629148356505427881e-13
4.082621165770126936e+03 8.302777068243093798e-13
4.086693922400883366e+03 7.703761616833382745e-13
4.090766740882721024e+03 7.637677995006729364e-13
4.094839621201329919e+03 7.695105258018280315e-13
4.098912563342398244e+03 8.513396569745295270e-13
4.102985567291618281e+03 7.256998162472513840e-13
4.107058633034679588e+03 8.187425585375883448e-13
4.111131760557273083e+03 8.305314770675383848e-13
4.115204949845088777e+03 8.001772820787394270e-13
4.119278200883816680e+03 7.667114155333849820e-13
4.123351513659146804e+03 8.288032675747028008e-13
4.127424888156769157e+03 7.685229288581542642e-13
4.131498324362375570e+03 7.485768658079074202e-13
4.135571822261654233e+03 7.698358139004487711e-13
4.139645381840296977e+03 7.570681927093402389e-13
4.143719003083991993e+03 8.032231593615107468e-13
4.147792685978431109e+03 8.195344346075953504e-13
4.151866430509306156e+03 8.179152307161640537e-13
4.155940236662303505e+03 7.222791460335553084e-13
4.160014104423116805e+03 7.794809735575217997e-13
4.164088033777434248e+03 6.985858168717113952e-13
4.168162024710947662e+03 6.252275303461524484e-13
4.172236077209347059e+03 6.021157455500595478e-13
4.176310191258319719e+03 7.286687566761678066e-13
4.180384366843560201e+03 6.973537135663034367e-13
4.184458603950755787e+03 8.185220087241361648e-13
4.188532902565597396e+03 7.989101205917573607e-13
4.192607262673775040e+03 7.553481356093327444e-13
4.196681684260980546e+03 7.023295283905866996e-13
4.200756167312903926e+03 7.001408379987013169e-13
4.204830711815232462e+03 6.342499649393803924e-13
4.208905317753659801e+03 7.087560849724072287e-13
4.212979985113874136e+03 6.696930446389613583e-13
4.217054713881567295e+03 7.532463775832131331e-13
4.221129504042428380e+03 7.634073888830715124e-13
4.225204355582147400e+03 8.187783469728296834e-13
4.229279268486416186e+03 7.296254078704540556e-13
4.233354242740922928e+03 7.072976319369987130e-13
4.237429278331359455e+03 8.050827540504717348e-13
4.241504375243414870e+03 7.232038753387138036e-13
4.245579533462781001e+03 7.827223640046043471e-13
4.249654752975146039e+03 7.822806789118412825e-13
4.253730033766201814e+03 7.108827494210742105e-13
4.257805375821637426e+03 7.178953247911331874e-13
4.261880779127143796e+03 7.120018037370903548e-13
4.265956243668411844e+03 7.759029596258442854e-13
4.270031769431128851e+03 7.451618694531315873e-13
4.274107356400989374e+03 7.269369650073119608e-13
4.278183004563681607e+03 7.944873189905732910e-13
4.282258713904895558e+03 6.902019173363313941e-13
4.286334484410321238e+03 7.157744741334646409e-13
4.290410316065648658e+03 7.294261556670261419e-13
4.294486208856568737e+03 7.856937111130623490e-13
4.298562162768771486e+03 7.159750461335537629e-13
4.302638177787947825e+03 7.197436829787719629e-13
4.306714253899788673e+03 7.220034818860802255e-13
4.310790391089980403e+03 6.921644910418799632e-13
4.314866589344218482e+03 7.287914833165276078e-13
4.318942848648188374e+03 7.100651421643968974e-13
4.323019168987584635e+03 7.421719133390912767e-13
4.327095550348094548e+03 7.313972496529798822e-13
4.331171992715408123e+03 7.730460206983609722e-13
4.335248496075218100e+03 7.308160805348644645e-13
4.339325060413211759e+03 7.201716096143904011e-13
4.343401685715081840e+03 6.419865075020149776e-13
4.347478371966517443e+03 6.874657433014568343e-13
4.351555119153209489e+03 7.408644195662542572e-13
4.355631927260847078e+03 7.329072739463672809e-13
4.359708796275121131e+03 7.552005714403529187e-13
4.363785726181722566e+03 6.640823211484929438e-13
4.367862716966340486e+03 7.167474731801707514e-13
4.371939768614665809e+03 6.889374323528497822e-13
4.376016881112388546e+03 6.537641370880046807e-13
4.380094054445198708e+03 7.123702453536010548e-13
4.384171288598787214e+03 6.995959531725135635e-13
4.388248583558841347e+03 7.387033494973637694e-13
4.392325939311056572e+03 6.715116792332570216e-13
4.396403355841119264e+03 7.304713139528877825e-13
4.400480833134721252e+03 6.653726307672879346e-13
4.404558371177552544e+03 6.884929895065859134e-13
4.408635969955303153e+03 6.833085992541772688e-13
4.412713629453663088e+03 7.141981512832781962e-13
4.416791349658322360e+03 6.771736750347425272e-13
4.420869130554972799e+03 7.002154035011364437e-13
4.424946972129302594e+03 6.494145097990160278e-13
4.429024874367002667e+03 7.107418593903810173e-13
4.433102837253763937e+03 6.724640040666961881e-13
4.437180860775275505e+03 6.771403831545033873e-13
4.441258944917230110e+03 6.816244493503227560e-13
4.445337089665314124e+03 6.547079630280868446e-13
4.449415295005223015e+03 6.724406208645744116e-13
4.453493560922641336e+03 6.612296945483193859e-13
4.457571887403261826e+03 7.088806012366455651e-13
4.461650274432775404e+03 7.150181969998772981e-13
4.465728721996871172e+03 6.891212078199897978e-13
4.469807230081240959e+03 7.157074152958169617e-13
4.473885798671572957e+03 6.582362415361240775e-13
4.477964427753558994e+03 6.753980448765458908e-13
4.482043117312889080e+03 6.888809693258872852e-13
4.486121867335251409e+03 7.483901030307847783e-13
4.490200677806339627e+03 6.808917420687312081e-13
4.494279548711840107e+03 7.096976208266213109e-13
4.498358480037447407e+03 6.905399553051649400e-13
4.502437471768847900e+03 7.281321598570558425e-13
4.506516523891735233e+03 7.446566823100202241e-13
4.510595636391797598e+03 6.656751217652008190e-13
4.514674809254724096e+03 6.828875247002069221e-13
4.518754042466207466e+03 7.168736786742651495e-13
4.522833336011935899e+03 6.754142414820373405e-13
4.526912689877603043e+03 6.121331242534578088e-13
4.530992104048895271e+03 6.941857364522012271e-13
4.535071578511503503e+03 6.867430759768725537e-13
4.539151113251120478e+03 6.780766460920129229e-13
4.543230708253432567e+03 6.732388704050165681e-13
4.547310363504133420e+03 6.722275995368428566e-13
4.551390078988912137e+03 7.016222228233465815e-13
4.555469854693458728e+03 6.421482362688133878e-13
4.559549690603464114e+03 6.496739157879851112e-13
4.563629586704617395e+03 6.651605515454439744e-13
4.567709542982609491e+03 6.862270187781053503e-13
4.571789559423130413e+03 6.590136346581696254e-13
4.575869636011871080e+03 7.002647023847855096e-13
4.579949772734520593e+03 6.265289481025355797e-13
4.584029969576769872e+03 6.487307342813076827e-13
4.588110226524309837e+03 6.187879665519611609e-13
4.592190543562828680e+03 6.300371962398586833e-13
4.596270920678020047e+03 5.891993185563241860e-13
4.600351357855569404e+03 6.552974131089914962e-13
4.604431855081171307e+03 6.793927317084758178e-13
4.608512412340514857e+03 6.893228076312415142e-13
4.612593029619287336e+03 7.177874908198218141e-13
4.616673706903184211e+03 7.287681582868841741e-13
4.620754444177890946e+03 7.257503432941690664e-13
4.624835241429102098e+03 6.636525077383523136e-13
4.628916098642503130e+03 6.932593468827777829e-13
4.632997015803787690e+03 6.706180166584402890e-13
4.637077992898645789e+03 6.487660657733114260e-13
4.641159029912765618e+03 6.477115024643893826e-13
4.645240126831839007e+03 6.271499432741751330e-13
4.649321283641556874e+03 6.282482375858388366e-13
4.653402500327607413e+03 6.819206854185790959e-13
4.657483776875684271e+03 7.169340196499931588e-13
4.661565113271472910e+03 6.561143957675001078e-13
4.665646509500666980e+03 6.912291056791632481e-13
4.669727965548954671e+03 6.463569664098782302e-13
4.673809481402029633e+03 6.950186804160189239e-13
4.677891057045578236e+03 6.739548334649158717e-13
4.681972692465293221e+03 6.900409579788509019e-13
4.686054387646863688e+03 7.033475663139639376e-13
4.690136142575978738e+03 6.667015483316080698e-13
4.694217957238332019e+03 6.712764407841238301e-13
4.698299831619609904e+03 7.255756175220893763e-13
4.702381765705506041e+03 6.762507510130806705e-13
4.706463759481707712e+03 6.478720361007286842e-13
4.710545812933908564e+03 6.560626354595272241e-13
4.714627926047795881e+03 6.678873597169993842e-13
4.718710098809059673e+03 6.941792150421446582e-13
4.722792331203392678e+03 5.866537022151822534e-13
4.726874623216483087e+03 6.497089839855213065e-13
4.730956974834023640e+03 6.724415031008997512e-13
4.735039386041700709e+03 7.158209744625617433e-13
4.739121856825207033e+03 6.504319106440143888e-13
4.743204387170233531e+03 6.789388986673893181e-13
4.747286977062467486e+03 6.807524795939057758e-13
4.751369626487603455e+03 6.748606747850185659e-13
4.755452335431326901e+03 6.903759635160562027e-13
4.759535103879332382e+03 6.376657357590647224e-13
4.763617931817307181e+03 7.138594467550275429e-13
4.767700819230942216e+03 7.021987030052428219e-13
4.771783766105928407e+03 6.924646240653858763e-13
4.775866772427954857e+03 6.830487101550636948e-13
4.779949838182714302e+03 6.790825957769796895e-13
4.784032963355894026e+03 6.661657953948266085e-13
4.788116147933185857e+03 6.856520785479573792e-13
4.792199391900279807e+03 6.587260709176286266e-13
4.796282695242865884e+03 6.332564256848105566e-13
4.800366057946634101e+03 6.827133356227737138e-13
4.804449479997274466e+03 7.085267532999563280e-13
4.808532961380478810e+03 7.222862638946678196e-13
4.812616502081937142e+03 6.870512618478610918e-13
4.816700102087337655e+03 6.706418164031495584e-13
4.820783761382372177e+03 6.856639818320279924e-13
4.824867479952730719e+03 6.657627782157069082e-13
4.828951257784103291e+03 6.868127939571446005e-13
4.833035094862179903e+03 6.768232286720058789e-13
4.837118991172652386e+03 6.638381341329549167e-13
4.841202946701208930e+03 6.830210855634030469e-13
4.845286961433539545e+03 6.711922246993328353e-13
4.849371035355337881e+03 6.477900319121005526e-13
4.853455168452289399e+03 6.643975532520128938e-13
4.857539360710088658e+03 6.842913800195071386e-13
4.861623612114422940e+03 7.297934183962907420e-13
4.865707922650984074e+03 6.497825434841340721e-13
4.869792292305462070e+03 6.341520767086659203e-13
4.873876721063546029e+03 6.794404895073489996e-13
4.877961208910928690e+03 7.079918504163441280e-13
4.882045755833296425e+03 6.965011629068588367e-13
4.886130361816342884e+03 6.885974873949084579e-13
4.890215026845757166e+03 6.954178850498656525e-13
4.894299750907228372e+03 6.869645572695833460e-13
4.898384533986449242e+03 6.736674137062100940e-13
4.902469376069107966e+03 6.823012364175759450e-13
4.906554277140896374e+03 7.088472616625426263e-13
4.910639237187502658e+03 7.050056160666357230e-13
4.914724256194618647e+03 7.268795459502693978e-13
4.918809334147934351e+03 6.439123418472588832e-13
4.922894471033137961e+03 6.911149659996322496e-13
4.926979666835924036e+03 6.834099801398827258e-13
4.931064921541978038e+03 6.561783503460340190e-13
4.935150235136994525e+03 6.874949669265373622e-13
4.939235607606661688e+03 6.573547839785870768e-13
4.943321038936668629e+03 6.466774920572025375e-13
4.947406529112707176e+03 6.815412005834885068e-13
4.951492078120465521e+03 6.690635811793374762e-13
4.955577685945638223e+03 6.656535432493848023e-13
4.959663352573910743e+03 6.963538884879125279e-13
4.963749077990976730e+03 7.119330663672189343e-13
4.967834862182524375e+03 6.513807208963661816e-13
4.971920705134245509e+03 6.669455625919131387e-13
4.976006606831828321e+03 6.523485531500772596e-13
4.980092567260964643e+03 6.265601580031283243e-13
4.984178586407344483e+03 6.064351357919537323e-13
4.988264664256657852e+03 6.315010893280828931e-13
4.992350800794594761e+03 6.684071618063774052e-13
4.996436996006846130e+03 6.758319945181025279e-13
5.000523249879101058e+03 6.993311175841383529e-13
5.004609562397051377e+03 6.896841237092167678e-13
5.008695933546386186e+03 6.517245934635646811e-13
5.012782363312796406e+03 6.881439137531197306e-13
5.016868851681972046e+03 6.652862252734932820e-13
5.020955398639602208e+03 6.664008318465123757e-13
5.025042004171378721e+03 6.862189724130011082e-13
5.029128668262990686e+03 6.659424883354382923e-13
5.033215390900129933e+03 6.428631550252002239e-13
5.037302172068484651e+03 6.928432717907555873e-13
5.041389011753746672e+03 6.635946885383959944e-13
5.045475909941605096e+03 6.464998963898497485e-13
5.049562866617750842e+03 6.509655111924091410e-13
5.053649881767873921e+03 6.464765103355770091e-13
5.057736955377664344e+03 6.675082333699167290e-13
5.061824087432814849e+03 6.449719861629309635e-13
5.065911277919010899e+03 6.450718958833923822e-13
5.069998526821946143e+03 6.670291493584749366e-13
5.074085834127310591e+03 6.352910447803781650e-13
5.078173199820793343e+03 6.653116673102066929e-13
5.082260623888085320e+03 6.793812893722829421e-13
5.086348106314877441e+03 6.390098295368948392e-13
5.090435647086858808e+03 6.604138272357736710e-13
5.094523246189719430e+03 6.389875621851416495e-13
5.098610903609150228e+03 6.716800634761733471e-13
5.102698619330842121e+03 6.339696128492790858e-13
5.106786393340483301e+03 6.407049896133201844e-13
5.110874225623766506e+03 6.310916568953610599e-13
5.114962116166379928e+03 6.503916045574311860e-13
5.119050064954015397e+03 5.937216686760171887e-13
5.123138071972362013e+03 5.927127198522014652e-13
5.127226137207109787e+03 6.260342035484566082e-13
5.131314260643950547e+03 6.542258760347741403e-13
5.135402442268572486e+03 6.308890529541562139e-13
5.139490682066668342e+03 6.247943300831777179e-13
5.143578980023925396e+03 6.198067555200680465e-13
5.147667336126037299e+03 6.181404235308776260e-13
5.151755750358691330e+03 6.527438518726841019e-13
5.155844222707578410e+03 6.068072730722684652e-13
5.159932753158390369e+03 6.313966925445038363e-13
5.164021341696814488e+03 6.044238617248304602e-13
5.168109988308544416e+03 6.391445051531028882e-13
5.172198692979269254e+03 6.393868697286945893e-13
5.176287455694677192e+03 6.102168269059855727e-13
5.180376276440460060e+03 6.426732969226974957e-13
5.184465155202307869e+03 6.318381391277259457e-13
5.188554091965912448e+03 6.394761338438063680e-13
5.192643086716961989e+03 6.517664603177595489e-13
5.196732139441148320e+03 6.492523494356394963e-13
5.200821250124159633e+03 6.668301899768586587e-13
5.204910418751687757e+03 6.622071781231341476e-13
5.208999645309422704e+03 5.970643083131442956e-13
5.213088929783052663e+03 6.009828841134857981e-13
5.217178272158272193e+03 6.043153006605565355e-13
5.221267672420768577e+03 6.632714341725972043e-13
5.225357130556230913e+03 6.295156598256673706e-13
5.229446646550352853e+03 6.076893405277516829e-13
5.233536220388821675e+03 5.936013283622409677e-13
5.237625852057329212e+03 6.368828554675092956e-13
5.241715541541564562e+03 6.733152794499996582e-13
5.245805288827219556e+03 5.942133477708409078e-13
5.249895093899984204e+03 6.319643278643765527e-13
5.253984956745546697e+03 6.222643498213077861e-13
5.258074877349599774e+03 6.708223874136798137e-13
5.262164855697832536e+03 6.311183453077300242e-13
5.266254891775934084e+03 6.065334504098075240e-13
5.270344985569596247e+03 6.237008554511287630e-13
5.274435137064509036e+03 5.980786812630144210e-13
5.278525346246364279e+03 5.870254961388617608e-13
5.282615613100847440e+03 6.276284179765213205e-13
5.286705937613653987e+03 5.825013288289040958e-13
5.290796319770470291e+03 5.988292605522497290e-13
5.294886759556990000e+03 5.938165461908429886e-13
5.298977256958901307e+03 5.958624171867400474e-13
5.303067811961893312e+03 6.328311168538545282e-13
5.307158424551658754e+03 5.884117515006454950e-13
5.311249094713886734e+03 5.418208151944736693e-13
5.315339822434267262e+03 5.564083407458901447e-13
5.319430607698490348e+03 5.858255121371423340e-13
5.323521450492248732e+03 5.838659134167585359e-13
5.327612350801229695e+03 5.896828789855715806e-13
5.331703308611124157e+03 5.757734567797113941e-13
5.335794323907623038e+03 6.223765204393013558e-13
5.339885396676416349e+03 5.698559256827289753e-13
5.343976526903194099e+03 5.987691067634782937e-13
5.348067714573646299e+03 6.093701138112828374e-13
5.352158959673463869e+03 6.176695719143685139e-13
5.356250262188336819e+03 5.795753786984456838e-13
5.360341622103955160e+03 6.089554797460776836e-13
5.364433039406009812e+03 5.862573055897719687e-13
5.368524514080188965e+03 5.680660281153309645e-13
5.372616046112185359e+03 5.749499599461862525e-13
5.376707635487689004e+03 5.716744793161428959e-13
5.380799282192388091e+03 6.047114928349142910e-13
5.384890986211974450e+03 5.557639571286983627e-13
5.388982747532138092e+03 5.874665461647313966e-13
5.393074566138569935e+03 6.204380866727770151e-13
5.397166442016958172e+03 5.726888961984581713e-13
5.401258375152995541e+03 5.775537739443909732e-13
5.405350365532371143e+03 5.502283606692428454e-13
5.409442413140774079e+03 5.675854244008517286e-13
5.413534517963896178e+03 6.271836166294400323e-13
5.417626679987426542e+03 5.984716027464020893e-13
5.421718899197056999e+03 5.823278449176449729e-13
5.425811175578475741e+03 5.799534097706435735e-13
5.429903509117375506e+03 6.252072293950286303e-13
5.433995899799445397e+03 5.596033977202034973e-13
5.438088347610373603e+03 5.723810822088654525e-13
5.442180852535852864e+03 5.807650076621627047e-13
5.446273414561572281e+03 5.070512694435408308e-13
5.450366033673224592e+03 5.486506295753084795e-13
5.454458709856497080e+03 5.719679086187187625e-13
5.458551443097079755e+03 5.331832995868998655e-13
5.462644233380664446e+03 5.851579202614672009e-13
5.466737080692940253e+03 5.366333167595912023e-13
5.470829985019599917e+03 5.147584550059332200e-13
5.474922946346330718e+03 4.898924029999328759e-13
5.479015964658823577e+03 5.553172690079660879e-13
5.483109039942770323e+03 5.382322844975768432e-13
5.487202172183859147e+03 5.185914350124831520e-13
5.491295361367781879e+03 4.989937263150034185e-13
5.495388607480226710e+03 5.348575079354510581e-13
5.499481910506887289e+03 5.629832415652387367e-13
5.503575270433451806e+03 5.406103213006750708e-13
5.507668687245608453e+03 5.592010188243674575e-13
5.511762160929050879e+03 5.340611952052304484e-13
5.515855691469467274e+03 5.254642928788335326e-13
5.519949278852549469e+03 5.240348394624992362e-13
5.524042923063986564e+03 5.405920097331938132e-13
5.528136624089469478e+03 5.329474527402077464e-13
5.532230381914688223e+03 5.359108145881618701e-13
5.536324196525330990e+03 5.504240683162745478e-13
5.540418067907092336e+03 5.524858926672566805e-13
5.544511996045658634e+03 5.427697924288399904e-13
5.548605980926722623e+03 5.615783840936068200e-13
5.552700022535971584e+03 5.517847072555951384e-13
5.556794120859099166e+03 5.293420611281990307e-13
5.560888275881794470e+03 5.521706058641705349e-13
5.564982487589744778e+03 5.723869518014944659e-13
5.569076755968645557e+03 5.464335110996923086e-13
5.573171081004183179e+03 5.024950561431746556e-13
5.577265462682049474e+03 3.930982958475104506e-13
5.581359900987934452e+03 4.272670867917984344e-13
5.585454395907528124e+03 5.153359912352684621e-13
5.589548947426521408e+03 5.182540246077725409e-13
5.593643555530602498e+03 5.640030677421649131e-13
5.597738220205464131e+03 5.610345211059621153e-13
5.601832941436794499e+03 5.592080049502737392e-13
5.605927719210286341e+03 5.525898067517678003e-13
5.610022553511627848e+03 5.236316868941444508e-13
5.614117444326509940e+03 5.046526544311136355e-13
5.618212391640622627e+03 5.386177150879408453e-13
5.622307395439655920e+03 5.913227131286113217e-13
5.626402455709300739e+03 6.060808695354394704e-13
5.630497572435246184e+03 5.111996795935615343e-13
5.634592745603184994e+03 5.353272009862322388e-13
5.638687975198805361e+03 5.726662504851490816e-13
5.642783261207796386e+03 5.362309476856184912e-13
5.646878603615850807e+03 5.387068903103258901e-13
5.650974002408657725e+03 5.416153302261914264e-13
5.655069457571908060e+03 5.437600651592196002e-13
5.659164969091291823e+03 5.060470693609504040e-13
5.663260536952497205e+03 5.198688884881847243e-13
5.667356161141218763e+03 5.192997099419675374e-13
5.671451841643141961e+03 5.660303993726587221e-13
5.675547578443960447e+03 5.557832608192582018e-13
5.679643371529361502e+03 5.374127231075855317e-13
5.683739220885039686e+03 5.278638644109016618e-13
5.687835126496681369e+03 4.817646249253640175e-13
5.691931088349977472e+03 5.175968720672477477e-13
5.696027106430619824e+03 4.965183249269479270e-13
5.700123180724297526e+03 5.366199690428485654e-13
5.704219311216701499e+03 5.456525911949079373e-13
5.708315497893519932e+03 5.000206663593464560e-13
5.712411740740446476e+03 5.100359514118811856e-13
5.716508039743169320e+03 5.291538758767957350e-13
5.720604394887377566e+03 4.644539363032813522e-13
5.724700806158763953e+03 5.116843045931972780e-13
5.728797273543016672e+03 5.106440316903161946e-13
5.732893797025827553e+03 5.516337275885475986e-13
5.736990376592886605e+03 5.378409285365752541e-13
5.741087012229882021e+03 5.006764907236864607e-13
5.745183703922506538e+03 5.313890739898313160e-13
5.749280451656449259e+03 5.048611521601784225e-13
5.753377255417401102e+03 4.899820418735887096e-13
5.757474115191052078e+03 5.321729623496780353e-13
5.761571030963092198e+03 5.455359435066891414e-13
5.765668002719212382e+03 5.383071499132722797e-13
5.769765030445099910e+03 5.176408033903559082e-13
5.773862114126449342e+03 4.993679236112637518e-13
5.777959253748947049e+03 5.202798122546137949e-13
5.782056449298286680e+03 5.129410683146204159e-13
5.786153700760156426e+03 5.320528438014978149e-13
5.790251008120247207e+03 5.518960009682269373e-13
5.794348371364249942e+03 5.252847325090598339e-13
5.798445790477851915e+03 4.809791609846318331e-13
5.802543265446747682e+03 5.198153349298314293e-13
5.806640796256622707e+03 4.965783540977341575e-13
5.810738382893172457e+03 5.303278114468054849e-13
5.814836025342083303e+03 5.027972309491001834e-13
5.818933723589046167e+03 5.364568093234620577e-13
5.823031477619751968e+03 5.037716643051109877e-13
5.827129287419891625e+03 5.039588264289765545e-13
5.831227152975154240e+03 5.092827409498862864e-13
5.835325074271229823e+03 5.062312748774520448e-13
5.839423051293809294e+03 5.159060095306572649e-13
5.843521084028583573e+03 5.101916283714646844e-13
5.847619172461241760e+03 5.457061069112278840e-13
5.851717316577473866e+03 4.993282318324987725e-13
5.855815516362970811e+03 5.164769184371974659e-13
5.859913771803422605e+03 5.438041372332993107e-13
5.864012082884520169e+03 5.318391058162893460e-13
5.868110449591952602e+03 5.249335257040176209e-13
5.872208871911410824e+03 5.169441369469454288e-13
5.876307349828584847e+03 5.150409210777477570e-13
5.880405883329165590e+03 5.105175953430145079e-13
5.884504472398842154e+03 5.328297308896902517e-13
5.888603117023305458e+03 5.101763660575763584e-13
5.892701817188246423e+03 4.747981609258847918e-13
5.896800572879354149e+03 4.920678685737464352e-13
5.900899384082318647e+03 4.613071750272390669e-13
5.904998250782830837e+03 5.162418483855678970e-13
5.909097172966581638e+03 4.987120879453431526e-13
5.913196150619259242e+03 4.969741989641850428e-13
5.917295183726556388e+03 4.608020663102992419e-13
5.921394272274161267e+03 5.109882990537086657e-13
5.925493416247765708e+03 4.712409351277082592e-13
5.929592615633058813e+03 4.941814024293326460e-13
5.933691870415730591e+03 5.298749882526454944e-13
5.937791180581472872e+03 5.113126837497700046e-13
5.941890546115974757e+03 5.175279362868096152e-13
5.945989967004926257e+03 4.912930430750735911e-13
5.950089443234018290e+03 4.885214846278358232e-13
5.954188974788939959e+03 5.079005131727099643e-13
5.958288561655384001e+03 4.807050787445255274e-13
5.962388203819037699e+03 5.049322180590573255e-13
5.966487901265593791e+03 4.893054390601130757e-13
5.970587653980741379e+03 4.834671718250775921e-13
5.974687461950168654e+03 5.074766404787687191e-13
5.978787325159570173e+03 4.927307174174127124e-13
5.982887243594632309e+03 5.175651531966389846e-13
5.986987217241047802e+03 4.992861654148943008e-13
5.991087246084504841e+03 5.434948720744127527e-13
5.995187330110696166e+03 4.559741072498066758e-13
5.999287469305310879e+03 5.061898061495866917e-13
6.003387663654037169e+03 4.967612496282676483e-13
6.007487913142567777e+03 4.832656787253364763e-13
6.011588217756592712e+03 5.276864054571361663e-13
6.015688577481801985e+03 5.352673054218221261e-13
6.019788992303885607e+03 4.947566847085197971e-13
6.023889462208532677e+03 4.632280483538939419e-13
6.027989987181435936e+03 5.074870660615729560e-13
6.032090567208282664e+03 5.229988985809940392e-13
6.036191202274766511e+03 5.089527003446933010e-13
6.040291892366574757e+03 5.179600241548925908e-13
6.044392637469400142e+03 4.847767412242018980e-13
6.048493437568930858e+03 4.758972235616138307e-13
6.052594292650856914e+03 4.795100143831719343e-13
6.056695202700871050e+03 5.025957442609120290e-13
6.060796167704660547e+03 4.867267861888650618e-13
6.064897187647918145e+03 5.181305142288831377e-13
6.068998262516332034e+03 5.117713201488344138e-13
6.073099392295594043e+03 5.073219929870628493e-13
6.077200576971394185e+03 5.092734878716053404e-13
6.081301816529420648e+03 5.411210356716038046e-13
6.085403110955367083e+03 5.117141007965102979e-13
6.089504460234920771e+03 5.004138416212304814e-13
6.093605864353774450e+03 4.922419660517590121e-13
6.097707323297616313e+03 5.179546072612893505e-13
6.101808837052136369e+03 4.753511582820255689e-13
6.105910405603028266e+03 5.301475111643180785e-13
6.110012028935977469e+03 4.958612071352405319e-13
6.114113707036677624e+03 5.119417949611609055e-13
6.118215439890817834e+03 5.190577276833120210e-13
6.122317227484089017e+03 5.192166345560067058e-13
6.126419069802180275e+03 5.395564996424302525e-13
6.130520966830781617e+03 5.035685297623878692e-13
6.134622918555585784e+03 5.000239079450530759e-13
6.138724924962279147e+03 5.004824884080886367e-13
6.142826986036556264e+03 5.514686592052962086e-13
6.146929101764104416e+03 4.826420152513596331e-13
6.151031272130613615e+03 5.046131851074913819e-13
6.155133497121776600e+03 5.198272906307785194e-13
6.159235776723280651e+03 4.857022414783715230e-13
6.163338110920819418e+03 4.958988401360381863e-13
6.167440499700079272e+03 5.322328631617557805e-13
6.171542943046753862e+03 5.467379096063474889e-13
6.175645440946531380e+03 4.923973685457110242e-13
6.179747993385102745e+03 4.914112693073961895e-13
6.183850600348158878e+03 4.986023563122566129e-13
6.187953261821387059e+03 5.275416664999984011e-13
6.192055977790481847e+03 5.297283753061806983e-13
6.196158748241130525e+03 5.032392831344702835e-13
6.200261573159024920e+03 5.072363823759741620e-13
6.204364452529854134e+03 5.083719219763233469e-13
6.208467386339307268e+03 4.442905300592994302e-13
6.212570374573077970e+03 4.890635514582209375e-13
6.216673417216854432e+03 4.924397705094837820e-13
6.220776514256326664e+03 4.924806949410827635e-13
6.224879665677185585e+03 4.967731346625511894e-13
6.228982871465120297e+03 4.982870326665840514e-13
6.233086131605823539e+03 4.760591040117947482e-13
6.237189446084981682e+03 4.223276464906571558e-13
6.241292814888289286e+03 4.606281058003136851e-13
6.245396238001432721e+03 4.241660168681846779e-13
6.249499715410105637e+03 4.584610548578709337e-13
6.253603247099996224e+03 4.890458202815529051e-13
6.257706833056794494e+03 5.076839828233099345e-13
6.261810473266192275e+03 4.690391870190728542e-13
6.265914167713877760e+03 4.869468328791080316e-13
6.270017916385543685e+03 4.906125046053517852e-13
6.274121719266877335e+03 5.080074459788882557e-13
6.278225576343571447e+03 4.614681761836255908e-13
6.282329487601316032e+03 4.532179747058939781e-13
6.286433453025799281e+03 4.713894399699178419e-13
6.290537472602713933e+03 4.856161834992857599e-13
6.294641546317748180e+03 4.941973372192980286e-13
6.298745674156593850e+03 4.470907866460916355e-13
6.302849856104940955e+03 3.849670259345924422e-13
6.306954092148477685e+03 4.156082795569382944e-13
6.311058382272897688e+03 4.947385199136057552e-13
6.315162726463888248e+03 4.468194044285576000e-13
6.319267124707141193e+03 4.537862665978366909e-13
6.323371576988345623e+03 4.620067395129212027e-13
6.327476083293193369e+03 4.798233571070505851e-13
6.331580643607374441e+03 4.830203996990825826e-13
6.335685257916577029e+03 4.783022435861464202e-13
6.339789926206492964e+03 4.820160981141290466e-13
6.343894648462812256e+03 4.754479272019972729e-13
6.347999424671226734e+03 4.694938037686816463e-13
6.352104254817422770e+03 4.849462542198135532e-13
6.356209138887094923e+03 4.614511781630671620e-13
6.360314076865931384e+03 4.721004338243381580e-13
6.364419068739621252e+03 4.197198237143570601e-13
6.368524114493856359e+03 4.405831785831532923e-13
6.372629214114326714e+03 4.494186663026600980e-13
6.376734367586722328e+03 4.895858672193196189e-13
6.380839574896734121e+03 4.628216484507884398e-13
6.384944836030051192e+03 4.787203354621199945e-13
6.389050150972364463e+03 4.589455967303591708e-13
6.393155519709363944e+03 4.862011570655963977e-13
6.397260942226739644e+03 4.639274118718452265e-13
6.401366418510182484e+03 4.725974749821565289e-13
6.405471948545382475e+03 4.553073053037761274e-13
6.409577532318029625e+03 4.842000619893844295e-13
6.413683169813813947e+03 4.532705484143521299e-13
6.417788861018427269e+03 4.818116661594724696e-13
6.421894605917556873e+03 4.552124300681217013e-13
6.426000404496895499e+03 4.849759249154658065e-13
6.430106256742133155e+03 4.313885021871535740e-13
6.434212162638958034e+03 4.863213215546143771e-13
6.438318122173063784e+03 5.017073225338465899e-13
6.442424135330136778e+03 4.600243375668961848e-13
6.446530202095870663e+03 4.898845689486060860e-13
6.450636322455953632e+03 4.830533533430225381e-13
6.454742496396076604e+03 4.361436911915734402e-13
6.458848723901930498e+03 4.504130587345012839e-13
6.462955004959203507e+03 4.651418558049535421e-13
6.467061339553588368e+03 4.458920105048280759e-13
6.471167727670773274e+03 4.676867086457578124e-13
6.475274169296450054e+03 4.785277686558711539e-13
6.479380664416306900e+03 4.627229049859440609e-13
6.483487213016036549e+03 4.510904383340243907e-13
6.487593815081328103e+03 4.467771558992499898e-13
6.491700470597870662e+03 4.511173398190449510e-13
6.495807179551356967e+03 4.361272419846620296e-13
6.499913941927474298e+03 4.421574671209302957e-13
6.504020757711915394e+03 4.660077342543381131e-13
6.508127626890369356e+03 4.466529391187762014e-13
6.512234549448526195e+03 4.256699566479610332e-13
6.516341525372077740e+03 4.452085722699746145e-13
6.520448554646712182e+03 4.376456190106530256e-13
6.524555637258121351e+03 4.356142575175210856e-13
6.528662773191993438e+03 4.105920454391361210e-13
6.532769962434021181e+03 4.197320655090787966e-13
6.536877204969893683e+03 4.594594690320358121e-13
6.540984500785300042e+03 4.459576634773791874e-13
6.545091849865933000e+03 4.449610524651650899e-13
6.549199252197480746e+03 4.377312700406250289e-13
6.553306707765635110e+03 4.420481515543768913e-13
6.557414216556084284e+03 4.277140820170742435e-13
6.561521778554520097e+03 4.575518625040999249e-13
6.565629393746632559e+03 4.515655875738269711e-13
6.569737062118110771e+03 4.504867789966959855e-13
6.573844783654647472e+03 4.287427969626722569e-13
6.577952558341929034e+03 4.524974582129680907e-13
6.582060386165650016e+03 4.250330112126859138e-13
6.586168267111498608e+03 4.345669288295502577e-13
6.590276201165163911e+03 4.486926739453019149e-13
6.594384188312338665e+03 4.567230078910182074e-13
6.598492228538710151e+03 4.493846624316289232e-13
6.602600321829972017e+03 4.508749885704644349e-13
6.606708468171810637e+03 4.589341035962565586e-13
6.610816667549919657e+03 4.345795475890407356e-13
6.614924919949989089e+03 4.183620372404543733e-13
6.619033225357706215e+03 4.315004532100221290e-13
6.623141583758764682e+03 4.154122172233432259e-13
6.627249995138850863e+03 4.014522889311764238e-13
6.631358459483659317e+03 4.427044961338238485e-13
6.635466976778878234e+03 4.181784573423096277e-13
6.639575547010197624e+03 4.269680216274083095e-13
6.643684170163308409e+03 4.358689815628125630e-13
6.647792846223898778e+03 4.471272437643526826e-13
6.651901575177662380e+03 4.322401199608247005e-13
6.656010357010287407e+03 4.153522149507378489e-13
6.660119191707464779e+03 4.579779735336859236e-13
6.664228079254883596e+03 4.416487551794797343e-13
6.668337019638234779e+03 4.774019423629240111e-13
6.672446012843209246e+03 4.554799546627950656e-13
6.676555058855496100e+03 4.472601850731013196e-13
6.680664157660787168e+03 4.663898176210112432e-13
6.684773309244769735e+03 4.508185086650671799e-13
6.688882513593137446e+03 4.379736750085215171e-13
6.692991770691579404e+03 4.553229802779896012e-13
6.697101080525784710e+03 4.455153275913291434e-13
6.701210443081445192e+03 4.535722321528692346e-13
6.705319858344249042e+03 4.641586801736440106e-13
6.709429326299888999e+03 4.723192575264018102e-13
6.713538846934054163e+03 4.705482192146531904e-13
6.717648420232433637e+03 4.608026202576479527e-13
6.721758046180719248e+03 4.743954646981441093e-13
6.725867724764600098e+03 4.556776768136541824e-13
6.729977455969768016e+03 4.799254270406510777e-13
6.734087239781911194e+03 4.771442164652514542e-13
6.738197076186721461e+03 4.553390808003680968e-13
6.742306965169889736e+03 4.500611219079227821e-13
6.746416906717103302e+03 4.945554487980851269e-13
6.750526900814054898e+03 4.720702026886376326e-13
6.754636947446433624e+03 4.768512977233065087e-13
6.758747046599930400e+03 4.674869445738321194e-13
6.762857198260235236e+03 4.837010055571258965e-13
6.766967402413039053e+03 4.718975434640841270e-13
6.771077659044030952e+03 4.906179780863766913e-13
6.775187968138900032e+03 4.546032504301719955e-13
6.779298329683339944e+03 4.924209489595876131e-13
6.783408743663037967e+03 4.772942572734500258e-13
6.787519210063686842e+03 4.698626422115515887e-13
6.791629728870974759e+03 4.866467643643426195e-13
6.795740300070591729e+03 4.803439524113105577e-13
6.799850923648229582e+03 4.891267256646653551e-13
6.803961599589577418e+03 4.751897679009423036e-13
6.808072327880327066e+03 4.719593004744024602e-13
6.812183108506166718e+03 4.502507578434862627e-13
6.816293941452788204e+03 4.741664019842965608e-13
6.820404826705880623e+03 4.565964149431297816e-13
6.824515764251133987e+03 4.732191272205616862e-13
6.828626754074240125e+03 4.801462745203803439e-13
6.832737796160888138e+03 4.365973018481596199e-13
6.836848890496768945e+03 4.725542359520401959e-13
6.840960037067570738e+03 4.739137469155975733e-13
6.845071235858987166e+03 4.958726932397883202e-13
6.849182486856706419e+03 4.882023653002054244e-13
6.853293790046418508e+03 5.035798364063473416e-13
6.857405145413814353e+03 4.888520560476373693e-13
6.861516552944583964e+03 4.626617359851112640e-13
6.865628012624417352e+03 4.951513317854496278e-13
6.869739524439005436e+03 4.390033404292556722e-13
6.873851088374037317e+03 4.076639412830573209e-13
6.877962704415204826e+03 4.414628300585381512e-13
6.882074372548197061e+03 4.251631455362525839e-13
6.886186092758704945e+03 4.780535079244673808e-13
6.890297865032417576e+03 4.625179371042438098e-13
6.894409689355025876e+03 4.636551629702109806e-13
6.898521565712221673e+03 4.457873788426464937e-13
6.902633494089691339e+03 4.660018937597466516e-13
6.906745474473129434e+03 4.529864567557289020e-13
6.910857506848223238e+03 4.255199958912795829e-13
6.914969591200664581e+03 4.417647555842158827e-13
6.919081727516141655e+03 4.703920558815268360e-13
6.923193915780348107e+03 4.971628079315570883e-13
6.927306155978971219e+03 4.565148695081890077e-13
6.931418448097701912e+03 5.001423195264869750e-13
6.935530792122232015e+03 5.283627792318330612e-13
6.939643188038248809e+03 4.695723896523365275e-13
6.943755635831445943e+03 4.612602620809007896e-13
6.947868135487511609e+03 6.681041598423129492e-13
6.951980686992134906e+03 7.497378869735712181e-13
6.956093290331008575e+03 5.036521245979763833e-13
6.960205945489821715e+03 4.606881819626477927e-13
6.964318652454265248e+03 4.409359001653157545e-13
6.968431411210027363e+03 5.352763438010812573e-13
6.972544221742801710e+03 5.886685567629209749e-13
6.976657084038275570e+03 5.370369264131408826e-13
6.980769998082139864e+03 4.396265852151313237e-13
6.984882963860086420e+03 4.597485391612952229e-13
6.988995981357803430e+03 4.704150499027741672e-13
6.993109050560981814e+03 4.587711343634032363e-13
6.997222171455313401e+03 4.552327852491191357e-13
7.001335344026484563e+03 4.645015366433161096e-13
7.005448568260189859e+03 4.514683603059139343e-13
7.009561844142116570e+03 4.677377175224509251e-13
7.013675171657956525e+03 4.262422812390229573e-13
7.017788550793398826e+03 5.001716592931964893e-13
7.021901981534135302e+03 4.793829350079413994e-13
7.026015463865855963e+03 4.767050426115778003e-13
7.030128997774248091e+03 4.323603037684530253e-13
7.034242583245006244e+03 4.694003539502793705e-13
7.038356220263816795e+03 4.381608356197120932e-13
7.042469908816372481e+03 4.506351007651256432e-13
7.046583648888362404e+03 4.024843773469587530e-13
7.050697440465478394e+03 4.549520004977391098e-13
7.054811283533408641e+03 4.363134578896374321e-13
7.058925178077844066e+03 4.348915783274022001e-13
7.063039124084476498e+03 4.226990251979080091e-13
7.067153121538993219e+03 4.656904346448710637e-13
7.071267170427086967e+03 4.312483064690261947e-13
7.075381270734446844e+03 4.331170980322094873e-13
7.079495422446762859e+03 4.304175698500519241e-13
7.083609625549725934e+03 4.487603584854922105e-13
7.087723880029026077e+03 4.492679366748187109e-13
7.091838185870354209e+03 4.271798928194923844e-13
7.095952543059398522e+03 4.135165931992042314e-13
7.100066951581851754e+03 4.500976777504259142e-13
7.104181411423403006e+03 4.229360797035318972e-13
7.108295922569742288e+03 4.178813537402114973e-13
7.112410485006559611e+03 4.709789884423288589e-13
7.116525098719545895e+03 4.277451540524273388e-13
7.120639763694392059e+03 4.308861184047463292e-13
7.124754479916786295e+03 4.251698424625603280e-13
7.128869247372420432e+03 4.641904292970837360e-13
7.132984066046985390e+03 4.369728093071446953e-13
7.137098935926168451e+03 3.924919396210116885e-13
7.141213856995663264e+03 4.105591800984841628e-13
7.145328829241157109e+03 4.217053675450037135e-13
7.149443852648342727e+03 4.181402239965658510e-13
7.153558927202909217e+03 4.150311612550327594e-13
7.157674052890545681e+03 4.298921783711025336e-13
7.161789229696944858e+03 4.321818746162373744e-13
7.165904457607794939e+03 4.109098478627871145e-13
7.170019736608787753e+03 3.903011775711108312e-13
7.174135066685611491e+03 4.114554415561746327e-13
7.178250447823958893e+03 4.190459692692667816e-13
7.182365880009518150e+03 3.852048709369515881e-13
7.186481363227980182e+03 3.208834728454331352e-13
7.190596897465035909e+03 3.799267123292852982e-13
7.194712482706374431e+03 3.442469154004466251e-13
7.198828118937686668e+03 3.662559492590705672e-13
7.202943806144662631e+03 4.011825467527236002e-13
7.207059544312993239e+03 4.137268712494024109e-13
7.211175333428367594e+03 3.985756430813432846e-13
7.215291173476476615e+03 4.016902610431262559e-13
7.219407064443011222e+03 4.235453794996184308e-13
7.223523006313658698e+03 3.884241194449712907e-13
7.227638999074113599e+03 4.116672020077534936e-13
7.231755042710064117e+03 3.944719216348648669e-13
7.235871137207198444e+03 4.015383879227669943e-13
7.239987282551210228e+03 4.008650399728671953e-13
7.244103478727787660e+03 3.737650552740228586e-13
7.248219725722621661e+03 3.913541460305169685e-13
7.252336023521402240e+03 3.886684309709129792e-13
7.256452372109820317e+03 4.003998816515871729e-13
7.260568771473565903e+03 3.997307665733197005e-13
7.264685221598328098e+03 4.092655467786051718e-13
7.268801722469797824e+03 3.994077971491712476e-13
7.272918274073665998e+03 4.123236822943944939e-13
7.277034876395622632e+03 3.874179026652157968e-13
7.281151529421356827e+03 4.269647415600592124e-13
7.285268233136560411e+03 4.488747288669107192e-13
7.289384987526922487e+03 3.945890068432417475e-13
7.293501792578133063e+03 3.698557589807517320e-13
7.297618648275884880e+03 4.017378187948831974e-13
7.301735554605864309e+03 4.165120928430628048e-13
7.305852511553764998e+03 3.956124294128822027e-13
7.309969519105275140e+03 4.221539056691573047e-13
7.314086577246085653e+03 4.010815123864015135e-13
7.318203685961886549e+03 4.074234073122324271e-13
7.322320845238367838e+03 4.083852280253318665e-13
7.326438055061221348e+03 4.110413671410609728e-13
7.330555315416135272e+03 4.278017824348941445e-13
7.334672626288801439e+03 4.197921269899215873e-13
7.338789987664909859e+03 4.209254623983445420e-13
7.342907399530148723e+03 4.156663064044847876e-13
7.347024861870210771e+03 3.922943626055214492e-13
7.351142374670785102e+03 4.032887656929256298e-13
7.355259937917562638e+03 4.250575233085532684e-13
7.359377551596233388e+03 3.825504050879565442e-13
7.363495215692486454e+03 4.005852178157549119e-13
7.367612930192013664e+03 4.079644780109311378e-13
7.371730695080503210e+03 3.758947517659031201e-13
7.375848510343647831e+03 4.223119677803270462e-13
7.379966375967136628e+03 4.201193312677983164e-13
7.384084291936659611e+03 4.253306526290118111e-13
7.388202258237908609e+03 4.248935931543927243e-13
7.392320274856570904e+03 4.093614779206531476e-13
7.396438341778339236e+03 4.264084238884962439e-13
7.400556458988901795e+03 4.146345329315917057e-13
7.404674626473951321e+03 4.521189687661695599e-13
7.408792844219175095e+03 4.402410313357694407e-13
7.412911112210266765e+03 4.344164257114038388e-13
7.417029430432914523e+03 4.092076391148293019e-13
7.421147798872807471e+03 4.287058137183316292e-13
7.425266217515639255e+03 4.115944823011101558e-13
7.429384686347096249e+03 4.185915068379943992e-13
7.433503205352872101e+03 4.221067435301114665e-13
7.437621774518655002e+03 4.594971774524771181e-13
7.441740393830134963e+03 4.265967789444735327e-13
7.445859063273004722e+03 4.024395665997917112e-13
7.449977782832950652e+03 4.283003808168780233e-13
7.454096552495666401e+03 4.165844543725473212e-13
7.458215372246840161e+03 4.295253485151206103e-13
7.462334242072163761e+03 4.112665502075771489e-13
7.466453161957327211e+03 4.171057930296459691e-13
7.470572131888018703e+03 4.124547277350816576e-13
7.474691151849930975e+03 4.266840998633087061e-13
7.478810221828752219e+03 4.319614560132687157e-13
7.482929341810174265e+03 4.175963511531575489e-13
7.487048511779886212e+03 4.013478898944720346e-13
7.491167731723579891e+03 4.124604093946580861e-13
7.495287001626944402e+03 4.134115543880939309e-13
7.499406321475668847e+03 4.045467861305377121e-13
7.503525691255445963e+03 3.877317517354177613e-13
7.507645110951963943e+03 4.025143367338619726e-13
7.511764580550914616e+03 3.913833145627438762e-13
7.515884100037987992e+03 4.111354685659769136e-13
7.520003669398872262e+03 4.097076292864186527e-13
7.524123288619260165e+03 4.260645868509737923e-13
7.528242957684839894e+03 4.083703474814762680e-13
7.532362676581304186e+03 3.560608309032829091e-13
7.536482445294340323e+03 4.048246179909023257e-13
7.540602263809641045e+03 3.790466689203233554e-13
7.544722132112895451e+03 3.913095980143405672e-13
7.548842050189793554e+03 3.910075987305688127e-13
7.552962018026027181e+03 3.888671698938120319e-13
7.557082035607283615e+03 4.226781542885485968e-13
7.561202102919256504e+03 3.939596548209367658e-13
7.565322219947633130e+03 3.846805757312953257e-13
7.569442386678105322e+03 3.790025074337265399e-13
7.573562603096364001e+03 4.052009939162209931e-13
7.577682869188097357e+03 4.196275339195103912e-13
7.581803184938997219e+03 3.873177791601569510e-13
7.585923550334752690e+03 3.693506085094564982e-13
7.590043965361055598e+03 3.967190514934400696e-13
7.594164430003595953e+03 4.128732022966337161e-13
7.598284944248061038e+03 4.192604043077565513e-13
7.602405508080145410e+03 2.754772961289952275e-13
7.606526121485535441e+03 2.012071771663936911e-13
7.610646784449924780e+03 2.249591067939740664e-13
7.614767496959000709e+03 2.402832636496274467e-13
7.618888258998455967e+03 3.189800674820710708e-13
7.623009070553979655e+03 3.411917998312120009e-13
7.627129931611260872e+03 3.026285995931770283e-13
7.631250842155991450e+03 3.182245677297374319e-13
7.635371802173861397e+03 3.014744075874600686e-13
7.639492811650560725e+03 3.288549634726884115e-13
7.643613870571780353e+03 3.451879202164575125e-13
7.647734978923208473e+03 3.073770774126892265e-13
7.651856136690537824e+03 3.417679488454707832e-13
7.655977343859456596e+03 3.456551597251834549e-13
7.660098600415656620e+03 3.406433712289335494e-13
7.664219906344826995e+03 3.454744197205162779e-13
7.668341261632659553e+03 3.585523602473358396e-13
7.672462666264842483e+03 3.647706228605045926e-13
7.676584120227066705e+03 3.233052431216707426e-13
7.680705623505024050e+03 3.504272132949033613e-13
7.684827176084401799e+03 3.736640469422889101e-13
7.688948777950892691e+03 3.696581873136862264e-13
7.693070429090185826e+03 3.822802317767763164e-13
7.697192129487972124e+03 3.936181583050189976e-13
7.701313879129941597e+03 3.775721807067711175e-13
7.705435678001783344e+03 3.773401952066926210e-13
7.709557526089190105e+03 3.816458704237103879e-13
7.713679423377849162e+03 3.855930820740807425e-13
7.717801369853452343e+03 3.916657353949041002e-13
7.721923365501690569e+03 4.036175303406323388e-13
7.726045410308252940e+03 4.285285901689614412e-13
7.730167504258829467e+03 3.912544447185235492e-13
7.734289647339111070e+03 4.078785913114729889e-13
7.738411839534788669e+03 4.180016843026701630e-13
7.742534080831550455e+03 3.749203319866525216e-13
7.746656371215089166e+03 3.882998520029473588e-13
7.750778710671093904e+03 4.116076596499494657e-13
7.754901099185252860e+03 3.738611814970069752e-13
7.759023536743260593e+03 4.089061635016124530e-13
7.763146023330802564e+03 3.498019743009837259e-13
7.767268558933573331e+03 3.629009254900691996e-13
7.771391143537260177e+03 3.850574931893716193e-13
7.775513777127554931e+03 3.677496264897337633e-13
7.779636459690147603e+03 4.134429064500863920e-13
7.783759191210726385e+03 3.878408926911301089e-13
7.787881971674984925e+03 3.714668414059256716e-13
7.792004801068611414e+03 3.829346122980847803e-13
7.796127679377295863e+03 3.474192938503867726e-13
7.800250606586730100e+03 3.918537721849106056e-13
7.804373582682602319e+03 3.877791699186561724e-13
7.808496607650605256e+03 3.615924437673993930e-13
7.812619681476426194e+03 3.752785324263783137e-13
7.816742804145757873e+03 3.735486873092632360e-13
7.820865975644288483e+03 3.684800603454472395e-13
7.824989195957710763e+03 3.922536218772916501e-13
7.829112465071712904e+03 3.983349241824405579e-13
7.833235782971984918e+03 4.063844183615345044e-13
7.837359149644218633e+03 3.997005472281352538e-13
7.841482565074103150e+03 4.066744718232270759e-13
7.845606029247330298e+03 3.952312937635426216e-13
7.849729542149587360e+03 3.989808883504758540e-13
7.853853103766567983e+03 4.106325131143168846e-13
7.857976714083961269e+03 3.434403590396089115e-13
7.862100373087454500e+03 3.819024152207775742e-13
7.866224080762742233e+03 3.694361494061139440e-13
7.870347837095512659e+03 3.916958897383029121e-13
7.874471642071455790e+03 3.636974039728226367e-13
7.878595495676263454e+03 3.474560367115274419e-13
7.882719397895622933e+03 4.325301510377907339e-13
7.886843348715226966e+03 3.566404674411902961e-13
7.890967348120764655e+03 3.993043546933677767e-13
7.895091396097927827e+03 3.405286972131845630e-13
7.899215492632404676e+03 3.968956280899334346e-13
7.903339637709887029e+03 3.898371807274225607e-13
7.907463831316064898e+03 3.887499650236568753e-13
7.911588073436626473e+03 3.456362208268126408e-13
7.915712364057264494e+03 3.803089383695393530e-13
7.919836703163668062e+03 3.914482832556309953e-13
7.923961090741528096e+03 3.564538550346558634e-13
7.928085526776534607e+03 3.599686968552661433e-13
7.932210011254376695e+03 3.789064797530221410e-13
7.936334544160746191e+03 3.598492378638170864e-13
7.940459125481332194e+03 3.705483260687150934e-13
7.944583755201826534e+03 3.737148431003016297e-13
7.948708433307916494e+03 3.858965578731989048e-13
7.952833159785295720e+03 3.532842192821837390e-13
7.956957934619653315e+03 3.745991454846767565e-13
7.961082757796677470e+03 3.728175757100580521e-13
7.965207629302060923e+03 3.411238054254999399e-13
7.969332549121492775e+03 3.040859272152373302e-13
7.973457517240663947e+03 3.506009606122464539e-13
7.977582533645263538e+03 3.638589614918520537e-13
7.981707598320983379e+03 3.603617815537968319e-13
7.985832711253513480e+03 3.583917209891235771e-13
7.989957872428542032e+03 4.035657112216740664e-13
7.994083081831761774e+03 3.531995325661996342e-13
7.998208339448860897e+03 3.746224930415734214e-13
8.002333645265531231e+03 3.673025061248298047e-13
8.006458999267462787e+03 3.751974194558953370e-13
8.010584401440344664e+03 3.630123931500994823e-13
8.014709851769868692e+03 3.818006018069816440e-13
8.018835350241723063e+03 3.407331402571594344e-13
8.022960896841600515e+03 3.689479791335322395e-13
8.027086491555189241e+03 3.586719073263849433e-13
8.031212134368181069e+03 3.487814879067960097e-13
8.035337825266265099e+03 3.537041923837209779e-13
8.039463564235131344e+03 3.634312166067693219e-13
8.043589351260470721e+03 3.645444585068306081e-13
8.047715186327974152e+03 3.732028195281202059e-13
8.051841069423330737e+03 3.650233787874317961e-13
8.055967000532230486e+03 3.717057015500450157e-13
8.060092979640365229e+03 3.563802120336692189e-13
8.064219006733423157e+03 3.739893212546375295e-13
8.068345081797096100e+03 3.220612395292412563e-13
8.072471204817074067e+03 3.636856779220246173e-13
8.076597375779046160e+03 3.782402319029773995e-13
8.080723594668704209e+03 3.545335463019731880e-13
8.084849861471738222e+03 3.331736654697042905e-13
8.088976176173836393e+03 3.564616474892973912e-13
8.093102538760691459e+03 3.634143549599844242e-13
8.097228949217991612e+03 3.693516134567536877e-13
8.101355407531429591e+03 3.527960335174607928e-13
8.105481913686693588e+03 3.415759133636207435e-13
8.109608467669474521e+03 3.182942954441365306e-13
8.113735069465463312e+03 3.348569961708276493e-13
8.117861719060348150e+03 3.286259560852501208e-13
8.121988416439821776e+03 3.488955662225118986e-13
8.126115161589572381e+03 3.445980682942579265e-13
8.130241954495291793e+03 3.265853995469678551e-13
8.134368795142668205e+03 2.813773819747070119e-13
8.138495683517394355e+03 3.267920817932390572e-13
8.142622619605159343e+03 3.246027438791009810e-13
8.146749603391653181e+03 3.259541039875502934e-13
8.150876634862566789e+03 2.919766446533355178e-13
8.155003714003588357e+03 2.747151459922195017e-13
8.159130840800411534e+03 3.032719772751752779e-13
8.163258015238724511e+03 3.149946715493786905e-13
8.167385237304216389e+03 2.891772408737059150e-13
8.171512506982579907e+03 2.846729063334623413e-13
8.175639824259503257e+03 2.681524740577318145e-13
8.179767189120679177e+03 2.717424665437474676e-13
8.183894601551794040e+03 2.901632338245750137e-13
8.188022061538542403e+03 2.865004496992631991e-13
8.192149569066612457e+03 3.216708077729049819e-13
8.196277124121692395e+03 3.175657096437250266e-13
8.200404726689477684e+03 3.096801937009357900e-13
8.204532376755652876e+03 3.230002231142286529e-13
8.208660074305911621e+03 3.412356261560552516e-13
8.212787819325943929e+03 3.321118862029057399e-13
8.216915611801437990e+03 3.516107029692014154e-13
8.221043451718085635e+03 3.152403195054319436e-13
8.225171339061576873e+03 2.976291737372985899e-13
8.229299273817603535e+03 2.605766270079808935e-13
8.233427255971851991e+03 2.729648666913555769e-13
8.237555285510017711e+03 3.178491742983987048e-13
8.241683362417785247e+03 3.121403658132979223e-13
8.245811486680850066e+03 3.258704998150541378e-13
8.249939658284898542e+03 3.246179863232634160e-13
8.254067877215620683e+03 3.169838756949131439e-13
8.258196143458711958e+03 3.000425074757861307e-13
8.262324456999856920e+03 3.371538785726052810e-13
8.266452817824747399e+03 3.066454172514221095e-13
8.270581225919077042e+03 3.247213135604044529e-13
8.274709681268530403e+03 2.981907110042310906e-13
8.278838183858801131e+03 3.041319864949359474e-13
8.282966733675579235e+03 2.594914574612476498e-13
8.287095330704554726e+03 2.769277647753787155e-13
8.291223974931417615e+03 2.780731809188120736e-13
8.295352666341857912e+03 2.794219063882728266e-13
8.299481404921567446e+03 3.276952657063809110e-13
8.303610190656232589e+03 2.942589125031941455e-13
8.307739023531548810e+03 3.316472629625960021e-13
8.311867903533202480e+03 3.198889519466181233e-13
8.315996830646885428e+03 3.292736903699639496e-13
8.320125804858287665e+03 2.854597117237565910e-13
8.324254826153099202e+03 2.993854155930323054e-13
8.328383894517010049e+03 3.036815040137950001e-13
8.332513009935712034e+03 3.251392488474663790e-13
8.336642172394893350e+03 3.084042542787070898e-13
8.340771381880244007e+03 2.996856213024851501e-13
8.344900638377455834e+03 3.426049678430742235e-13
8.349029941872220661e+03 3.003515449721261447e-13
8.353159292350223041e+03 3.200199020929617556e-13
8.357288689797160259e+03 3.411722720678718194e-13
8.361418134198716871e+03 3.344100236865041333e-13
8.365547625540586523e+03 3.401033812994000783e-13
8.369677163808457408e+03 2.985344845769326952e-13
8.373806748988019535e+03 2.915384893125989205e-13
8.377936381064966554e+03 3.007535772180489664e-13
8.382066060024984836e+03 3.344051566882726070e-13
8.386195785853768029e+03 3.023072627942445989e-13
8.390325558537002507e+03 3.076793330025073612e-13
8.394455378060381918e+03 3.191705173178039563e-13
8.398585244409594452e+03 3.205206631125846577e-13
8.402715157570330121e+03 3.198121246145607869e-13
8.406845117528280753e+03 2.828280448242616921e-13
8.410975124269136359e+03 3.196833855163900875e-13
8.415105177778586949e+03 3.136643483071789005e-13
8.419235278042320715e+03 3.317945423585429062e-13
8.423365425046031305e+03 2.837733800949865107e-13
8.427495618775406911e+03 3.115857408615383678e-13
8.431625859216137542e+03 4.029728846242767618e-13
8.435756146353916847e+03 3.159617119480820406e-13
8.439886480174429380e+03 3.215944626123021346e-13
8.444016860663368789e+03 3.166182731782024866e-13
8.448147287806426903e+03 3.283468116095860513e-13
8.452277761589288275e+03 2.980061042515937224e-13
8.456408281997650192e+03 3.008973111743118764e-13
8.460538849017197208e+03 3.325292475771324187e-13
8.464669462633622970e+03 3.290565337568688724e-13
8.468800122832617490e+03 2.839911042843255517e-13
8.472930829599868957e+03 2.965251691356650722e-13
8.477061582921069203e+03 3.110835982744309454e-13
8.481192382781908236e+03 3.165369095808957915e-13
8.485323229168074249e+03 3.391943840119650484e-13
8.489454122065260890e+03 2.977049696053785901e-13
8.493585061459156350e+03 3.221868153869851834e-13
8.497716047335452458e+03 3.195449226315607578e-13
8.501847079679837407e+03 2.720753226703027190e-13
8.505978158478003024e+03 3.208432629006389412e-13
8.510109283715637503e+03 2.845733632260394967e-13
8.514240455378434490e+03 3.167384655974704903e-13
8.518371673452080358e+03 3.159922877600165892e-13
8.522502937922268757e+03 3.042149006090501210e-13
8.526634248774687876e+03 3.533554038212133372e-13
8.530765605995029546e+03 3.349129401970602153e-13
8.534897009568981957e+03 3.616997617438859129e-13
8.539028459482235121e+03 3.105281169502772970e-13
8.543159955720482685e+03 3.274157704832045160e-13
8.547291498269411022e+03 3.242577861435572922e-13
8.551423087114711961e+03 3.427020375113138140e-13
8.555554722242077332e+03 3.148829996968164267e-13
8.559686403637195326e+03 3.310760505966223241e-13
8.563818131285755953e+03 3.002591277840432363e-13
8.567949905173451043e+03 3.165278685645258481e-13
8.572081725285968787e+03 2.960520294729764799e-13
8.576213591609002833e+03 3.475206979888349606e-13
8.580345504128239554e+03 3.154312399741709308e-13
8.584477462829370779e+03 3.043267324700955011e-13
8.588609467698088338e+03 3.388550602445248560e-13
8.592741518720080421e+03 3.511826351833662725e-13
8.596873615881037040e+03 3.339070660461963495e-13
8.601005759166650023e+03 3.203240960877684492e-13
8.605137948562609381e+03 3.126455045683743451e-13
8.609270184054603305e+03 3.274183697873690538e-13
8.613402465628325444e+03 3.306845764324806039e-13
8.617534793269462170e+03 3.279086779895452948e-13
8.621667166963707132e+03 3.535660844568891019e-13
8.625799586696746701e+03 3.319703584774108921e-13
8.629932052454276345e+03 3.012035892645483772e-13
8.634064564221982437e+03 3.526181641957922660e-13
8.638197121985556805e+03 3.086295731875767228e-13
8.642329725730689461e+03 3.365293287404952758e-13
8.646462375443068595e+03 3.411495263959763801e-13
8.650595071108387856e+03 3.277351845623437586e-13
8.654727812712335435e+03 3.389421373468780237e-13
8.658860600240601343e+03 3.392119456975610950e-13
8.662993433678877409e+03 3.625808178517256008e-13
8.667126313012851824e+03 3.421048039073577856e-13
8.671259238228216418e+03 3.246451217876557011e-13
8.675392209310661201e+03 3.563631129015435673e-13
8.679525226245876183e+03 3.095252197703876292e-13
8.683658289019553195e+03 3.058162405088835161e-13
8.687791397617376788e+03 3.183660318023107433e-13
8.691924552025044250e+03 3.408796126804254753e-13
8.696057752228241952e+03 3.303623918059060794e-13
8.700190998212661725e+03 3.158034048796410446e-13
8.704324289963991760e+03 3.061775267824357834e-13
8.708457627467925704e+03 3.200371198262685757e-13
8.712591010710149931e+03 3.395017359223142481e-13
8.716724439676358088e+03 3.305404192780378552e-13
8.720857914352238367e+03 3.467538801092660655e-13
8.724991434723480779e+03 3.113939961241951928e-13
8.729125000775775334e+03 3.364416112808007541e-13
8.733258612494815679e+03 3.315220292747577713e-13
8.737392269866288188e+03 3.112219812381835890e-13
8.741525972875884690e+03 3.332291698647623012e-13
8.745659721509295196e+03 3.461514715149857294e-13
8.749793515752209714e+03 3.395059895118690901e-13
8.753927355590318257e+03 3.298242871441566882e-13
8.758061241009312653e+03 3.132200413902543756e-13
8.762195171994881093e+03 2.946903216599466353e-13
8.766329148532715408e+03 3.898731299032756194e-13
8.770463170608505607e+03 3.528747813285678434e-13
8.774597238207939881e+03 2.944991377383556116e-13
8.778731351316711880e+03 2.949732896315771733e-13
8.782865509920509794e+03 2.632799721838235185e-13
8.786999714005023634e+03 2.834647682953025554e-13
8.791133963555945229e+03 2.965963393099731385e-13
8.795268258558962771e+03 2.996072151933825493e-13
8.799402598999768088e+03 3.221539983607404578e-13
8.803536984864049373e+03 3.334742422379764119e-13
8.807671416137498454e+03 3.339807817200355919e-13
8.811805892805807161e+03 3.426729101925033024e-13
8.815940414854663686e+03 3.158420278758484988e-13
8.820074982269758038e+03 3.257398893576369924e-13
8.824209595036780229e+03 2.955491208718269538e-13
8.828344253141422087e+03 1.501842637314032742e-13
8.832478956569371803e+03 3.624662856452743118e-13
8.836613705306323027e+03 3.133593756878244914e-13
8.840748499337962130e+03 3.128896360307139094e-13
8.844883338649982761e+03 3.140561319804148343e-13
8.849018223228071292e+03 2.628046593841237403e-13
8.853153153057921372e+03 3.326910094684671139e-13
8.857288128125223011e+03 3.202136471925877674e-13
8.861423148415664400e+03 3.464475164435722420e-13
8.865558213914935550e+03 3.078290909105913686e-13
8.869693324608730109e+03 3.702351326545198758e-13
8.873828480482734449e+03 3.188423019501967847e-13
8.877963681522642219e+03 3.180924162084090539e-13
8.882098927714139791e+03 3.213690426483071784e-13
8.886234219042920813e+03 3.007087476880363710e-13
8.890369555494675296e+03 3.399417336014410324e-13
8.894504937055091432e+03 3.436178642590880078e-13
8.898640363709861049e+03 3.124424289462853530e-13
8.902775835444672339e+03 3.433854061099995679e-13
8.906911352245218950e+03 2.832811604065042641e-13
8.911046914097187255e+03 3.444741669949938848e-13
8.915182520986272721e+03 4.091371815154008793e-13
8.919318172898159901e+03 3.217788730727355380e-13
8.923453869818540625e+03 3.658460729050574170e-13
8.927589611733108541e+03 3.122712989038456215e-13
8.931725398627550021e+03 3.300989085848728819e-13
8.935861230487556895e+03 3.137710966376632949e-13
8.939997107298819174e+03 3.334369113719631618e-13
8.944133029047025047e+03 3.267454006197862950e-13
8.948268995717869984e+03 3.245479167673061577e-13
8.952405007297038537e+03 2.969298866986730868e-13
8.956541063770226174e+03 3.370903759737980680e-13
8.960677165123117447e+03 3.013681040984831577e-13
8.964813311341407825e+03 2.802304161815737016e-13
8.968949502410783680e+03 3.266232598709684269e-13
8.973085738316936840e+03 2.988890262280681573e-13
8.977222019045559136e+03 3.305932643683731788e-13
8.981358344582336940e+03 2.883140028646441438e-13
8.985494714912965719e+03 2.783694139970799992e-13
8.989631130023130027e+03 2.803140608788099257e-13
8.993767589898523511e+03 2.726845198935246788e-13
8.997904094524836182e+03 2.788892012894665111e-13
9.002040643887758051e+03 2.797625193913944045e-13
9.006177237972979128e+03 2.929973192601435799e-13
9.010313876766187605e+03 3.098354382466564804e-13
9.014450560253078947e+03 2.824847283071735315e-13
9.018587288419339529e+03 3.049016036180862909e-13
9.022724061250657542e+03 2.849305823148891278e-13
9.026860878732730271e+03 2.733422108350572238e-13
9.030997740851240451e+03 3.119457323015279165e-13
9.035134647591883549e+03 3.301849052603226415e-13
9.039271598940345939e+03 2.687662902908455425e-13
9.043408594882321268e+03 2.433254225553243650e-13
9.047545635403497727e+03 3.038654781355424245e-13
9.051682720489565327e+03 2.670538391921301202e-13
9.055819850126215897e+03 2.721838666479800972e-13
9.059957024299137629e+03 3.018045449255697440e-13
9.064094242994024171e+03 2.601974823866609209e-13
9.068231506196561895e+03 2.964173884697756344e-13
9.072368813892442631e+03 2.856564783962446126e-13
9.076506166067358208e+03 3.121935493172206009e-13
9.080643562706994999e+03 3.127456878398437920e-13
9.084781003797048470e+03 3.206790500553282650e-13
9.088918489323203175e+03 3.205393115485389056e-13
9.093056019271154582e+03 2.985101807428876065e-13
9.097193593626589063e+03 2.993331622559507261e-13
9.101331212375198447e+03 3.002764625675957986e-13
9.105468875502672745e+03 3.011668680660808475e-13
9.109606582994701967e+03 3.244464206027335637e-13
9.113744334836977941e+03 3.037468164063784373e-13
9.117882131015188861e+03 3.123671023965914923e-13
9.122019971515026555e+03 3.359798778234835574e-13
9.126157856322181033e+03 3.182256610775117464e-13
9.130295785422338668e+03 3.044986654666638803e-13
9.134433758801196745e+03 2.665644717430961798e-13
9.138571776444439820e+03 2.798768113229576753e-13
9.142709838337759720e+03 3.267856372199832774e-13
9.146847944466848276e+03 3.490832957773558616e-13
9.150986094817393678e+03 2.882414092390272364e-13
9.155124289375087756e+03 2.764241766724383167e-13
9.159262528125618701e+03 2.914305115815551168e-13
9.163400811054680162e+03 3.263517695297527591e-13
9.167539138147958511e+03 2.923214418134467307e-13
9.171677509391145577e+03 2.708840858064433585e-13
9.175815924769933190e+03 2.540360391151091530e-13
9.179954384270009541e+03 2.960639055215047869e-13
9.184092887877064641e+03 3.123476400241764513e-13
9.188231435576790318e+03 3.290392377344519789e-13
9.192370027354876584e+03 3.212328279493128279e-13
9.196508663197011629e+03 3.412455579652660777e-13
9.200647343088889102e+03 3.108649477138766337e-13
9.204786067016197194e+03 3.768442177301619340e-13
9.208924834964624097e+03 3.228052818993250346e-13
9.213063646919865278e+03 3.406367583931259580e-13
9.217202502867605290e+03 3.502090136775529080e-13
9.221341402793539601e+03 3.213312493347327420e-13
9.225480346683354583e+03 3.141844012763287756e-13
9.229619334522740246e+03 3.450376398848595109e-13
9.233758366297390239e+03 3.498284599505413589e-13
9.237897441992992754e+03 3.024247070736005001e-13
9.242036561595239618e+03 3.641602401036878698e-13
9.246175725089817206e+03 3.087423078762271622e-13
9.250314932462420984e+03 3.077750875558702027e-13
9.254454183698735505e+03 3.283851678376145995e-13
9.258593478784456238e+03 3.168617753601843368e-13
9.262732817705269554e+03 3.092396934159709259e-13
9.266872200446867282e+03 3.394514471041470634e-13
9.271011626994941253e+03 2.654256612691483128e-13
9.275151097335179657e+03 3.452523927742395302e-13
9.279290611453272504e+03 3.144684650992959183e-13
9.283430169334911625e+03 3.043184465273871642e-13
9.287569770965785210e+03 3.232016170802809547e-13
9.291709416331585089e+03 2.760182742762723817e-13
9.295849105418001272e+03 2.914928719310265370e-13
9.299988838210723770e+03 2.740798577362959337e-13
9.304128614695442593e+03 2.973823611252251572e-13
9.308268434857847751e+03 2.700470686694240756e-13
9.312408298683632893e+03 1.936285752358114911e-13
9.316548206158482571e+03 2.508806335349184193e-13
9.320688157268090436e+03 2.093648211408072415e-13
9.324828151998146495e+03 1.679122442002797561e-13
9.328968190334338942e+03 1.784819503747361957e-13
9.333108272262361425e+03 2.083870981025888879e-13
9.337248397767902134e+03 1.726339168908588474e-13
9.341388566836651080e+03 1.963932167727312729e-13
9.345528779454300093e+03 1.719709434288941941e-13
9.349669035606537363e+03 2.171101833321400966e-13
9.353809335279054721e+03 2.457488490932380194e-13
9.357949678457540358e+03 1.505053197452610277e-13
9.362090065127687922e+03 2.273404482192648239e-13
9.366230495275185604e+03 2.206071838186056714e-13
9.370370968885723414e+03 1.715702987117065770e-13
9.374511485944989545e+03 2.197086774749877009e-13
9.378652046438679463e+03 2.311497066685857134e-13
9.382792650352479541e+03 2.109582084799088064e-13
9.386933297672081608e+03 2.058829978255818746e-13
9.391073988383175674e+03 3.016339604145298632e-13
9.395214722471449932e+03 2.647986117799000476e-13
9.399355499922598028e+03 2.801383261507608023e-13
9.403496320722308155e+03 2.578157079885781486e-13
9.407637184856270324e+03 2.555472381917493028e-13
9.411778092310174543e+03 2.467751497896958036e-13
9.415919043069712643e+03 2.946559190401751460e-13
9.420060037120574634e+03 3.293977244005662716e-13
9.424201074448450527e+03 2.353053144184968010e-13
9.428342155039030331e+03 1.887804188760579216e-13
9.432483278878004057e+03 2.789370362512343758e-13
9.436624445951059897e+03 3.578108782772258897e-13
9.440765656243893318e+03 2.883583070316493552e-13
9.444906909742188873e+03 1.872121457096822453e-13
9.449048206431642029e+03 2.361849634982193856e-13
9.453189546297937341e+03 2.840244191829930146e-13
9.457330929326770274e+03 1.972810850934929609e-13
9.461472355503829021e+03 2.316385549164251468e-13
9.465613824814803593e+03 2.082938648149125507e-13
9.469755337245383998e+03 2.414825186594809621e-13
9.473896892781260249e+03 1.477159282696730740e-13
9.478038491408125992e+03 7.774830705110315919e-14
9.482180133111665782e+03 1.621037495435655142e-13
9.486321817877575086e+03 4.879331964048892357e-13
9.490463545691540276e+03 2.550370940059064577e-13
9.494605316539253181e+03 1.947952939088150652e-13
9.498747130406405631e+03 1.729731853563882677e-13
9.502888987278682180e+03 1.874237074297529110e-13
9.507030887141781932e+03 2.817963710907714846e-13
9.511172829981387622e+03 3.125717195956601350e-13
9.515314815783192898e+03 1.733789900162555399e-13
9.519456844532887771e+03 2.540438283598932775e-13
9.523598916216160433e+03 1.813476980067467198e-13
9.527741030818704530e+03 2.448599221569927916e-13
9.531883188326208256e+03 2.777645465866137276e-13
9.536025388724361619e+03 3.041906850060253938e-13
9.540167631998856450e+03 2.496660883700858092e-13
9.544309918135379121e+03 2.571688796994588923e-13
9.548452247119625099e+03 2.428868325016059816e-13
9.552594618937280757e+03 3.219084516169740674e-13
9.556737033574037923e+03 2.885478657062891220e-13
9.560879491015586609e+03 2.678138543982373032e-13
9.565021991247618644e+03 2.979939516623478132e-13
9.569164534255822218e+03 2.832804600645188494e-13
9.573307120025885524e+03 3.077940769155718508e-13
9.577449748543504029e+03 2.689772566655190268e-13
9.581592419794364105e+03 3.053377156867691301e-13
9.585735133764157581e+03 2.621994821840503252e-13
9.589877890438574468e+03 2.442496862468844966e-13
9.594020689803304776e+03 2.596764808380498161e-13
9.598163531844038516e+03 2.739516826913172537e-13
9.602306416546465698e+03 3.155249639922811714e-13
9.606449343896278151e+03 2.513280660415629811e-13
9.610592313879164067e+03 2.977390464507001753e-13
9.614735326480817093e+03 3.226897061040917754e-13
9.618878381686921784e+03 2.294512694511425231e-13
9.623021479483173607e+03 2.574386952761603621e-13
9.627164619855260753e+03 2.983910191406210862e-13
9.631307802788873232e+03 3.103222373002011102e-13
9.635451028269701055e+03 2.397567591899587555e-13
9.639594296283434232e+03 2.607387415941945462e-13
9.643737606815766412e+03 2.862720001259509653e-13
9.647880959852383967e+03 3.044729078788816749e-13
9.652024355378976907e+03 3.043243778945060645e-13
9.656167793381238880e+03 3.055275249290848597e-13
9.660311273844856260e+03 3.165618789096173029e-13
9.664454796755522693e+03 2.933373924651588430e-13
9.668598362098928192e+03 3.153333044781965667e-13
9.672741969860759127e+03 2.744250722652519440e-13
9.676885620026710967e+03 3.615214462669730103e-13
9.681029312582468265e+03 2.899453794099198656e-13
9.685173047513726488e+03 2.829585567332212661e-13
9.689316824806173827e+03 3.037789070403300987e-13
9.693460644445498474e+03 3.523219909530881292e-13
9.697604506417395896e+03 3.262941682478977324e-13
9.701748410707550647e+03 2.736100544094219251e-13
9.705892357301656375e+03 4.260710492195650595e-13
9.710036346185401271e+03 3.003946843433693014e-13
9.714180377344477165e+03 2.726115804776374106e-13
9.718324450764574067e+03 3.359377848408924797e-13
9.722468566431380168e+03 2.526227340137973292e-13
9.726612724330590936e+03 2.855422028951896697e-13
9.730756924447890924e+03 2.461121093254340941e-13
9.734901166768973781e+03 1.906833246448023666e-13
9.739045451279525878e+03 2.878412138171869347e-13
9.743189777965242683e+03 1.870616374445499939e-13
9.747334146811810569e+03 2.742967461678621994e-13
9.751478557804921365e+03 3.042927932357302477e-13
9.755623010930266901e+03 2.283118389388985117e-13
9.759767506173531729e+03 3.033438561601654819e-13
9.763912043520413135e+03 2.422437710747529841e-13
9.768056622956597494e+03 2.491429122575347042e-13
9.772201244467774814e+03 3.023143402826673178e-13
9.776345908039638744e+03 2.705107485058277271e-13
9.780490613657873837e+03 3.136378315656388988e-13
9.784635361308175561e+03 2.896562635895348106e-13
9.788780150976230289e+03 3.474880355222015575e-13
9.792924982647731667e+03 2.668140063061272554e-13
9.797069856308367889e+03 3.318185505213998138e-13
9.801214771943828964e+03 3.242148217359683727e-13
9.805359729539806722e+03 2.879327470460469923e-13
9.809504729081989353e+03 2.635913927681647721e-13
9.813649770556070507e+03 2.934661317206192687e-13
9.817794853947734737e+03 2.709136821373494782e-13
9.821939979242677509e+03 2.127175950263592496e-13
9.826085146426588835e+03 3.040810054966358949e-13
9.830230355485155087e+03 3.439007324036912740e-13
9.834375606404069913e+03 3.215145752555680382e-13
9.838520899169023323e+03 2.234646074875104089e-13
9.842666233765703510e+03 3.547441604270672507e-13
9.846811610179800482e+03 2.799327353200732500e-13
9.850957028397009708e+03 2.446301466657580125e-13
9.855102488403015741e+03 2.793564416891364028e-13
9.859247990183508591e+03 2.801781051446066406e-13
9.863393533724181907e+03 3.138732599267381199e-13
9.867539119010725699e+03 1.856458946159727267e-13
9.871684746028828158e+03 1.406149115985833879e-13
9.875830414764181114e+03 1.789455571026456932e-13
9.879976125202472758e+03 2.907513738920404250e-13
9.884121877329396739e+03 2.332668606317348172e-13
9.888267671130641247e+03 3.903009053686385333e-13
9.892413506591894475e+03 2.319748457078786409e-13
9.896559383698850070e+03 2.127719609647132599e-13
9.900705302437198043e+03 2.674727639292952452e-13
9.904851262792626585e+03 2.661291844349013076e-13
9.908997264750825707e+03 2.667623808078440711e-13
9.913143308297489057e+03 1.068087276171320173e-13
9.917289393418303007e+03 1.691852449564633352e-13
9.921435520098961206e+03 3.030766148425140221e-13
9.925581688325150026e+03 2.223829271196285141e-13
9.929727898082563115e+03 2.845333199651737558e-13
9.933874149356888665e+03 2.554126281270064801e-13
9.938020442133820325e+03 1.217098240484281329e-13
9.942166776399042647e+03 1.992388195768040716e-13
9.946313152138249279e+03 1.792609716635537898e-13
9.950459569337132052e+03 2.714456628851419775e-13
9.954606027981379157e+03 1.797407373626874843e-13
9.958752528056678784e+03 1.357191090576713149e-13
9.962899069548726402e+03 1.968565020738110189e-13
9.967045652443204744e+03 1.333100585053029132e-13
9.971192276725811098e+03 1.912726009989870590e-13
9.975338942382233654e+03 1.728755811739497095e-13
9.979485649398162423e+03 2.485308033098259059e-13
9.983632397759287414e+03 2.451994530019508180e-13
9.987779187451296821e+03 2.064498723230272736e-13
9.991926018459886109e+03 2.150241283985533205e-13
9.996072890770738013e+03 1.729292716861008923e-13
