3833.54784889221  2.372615E-16
3836.59959430695  2.283872E-16
3839.65133972168  2.084402E-16
3842.70308513641  2.240980E-16
3845.75483055115  2.490328E-16
3848.80657596588  2.202919E-16
3851.85832138062  2.084654E-16
3854.91006679535  2.279856E-16
3857.96181221008  2.291833E-16
3861.01355762482  2.243296E-16
3864.06530303955  2.485278E-16
3867.11704845429  2.502239E-16
3870.16879386902  2.317646E-16
3873.22053928375  2.099488E-16
3876.27228469849  2.048507E-16
3879.32403011322  2.006211E-16
3882.37577552796  2.353320E-16
3885.42752094269  2.159190E-16
3888.47926635742  2.127314E-16
3891.53101177216  2.360405E-16
3894.58275718689  2.251393E-16
3897.63450260163  2.147819E-16
3900.68624801636  2.353063E-16
3903.73799343109  2.098527E-16
3906.78973884583  2.079445E-16
3909.84148426056  2.305949E-16
3912.89322967529  2.111878E-16
3915.94497509003  2.153935E-16
3918.99672050476  2.243429E-16
3922.0484659195  1.958787E-16
3925.10021133423  1.941398E-16
3928.15195674896  2.005017E-16
3931.2037021637  2.282364E-16
3934.25544757843  1.927201E-16
3937.30719299317  2.268362E-16
3940.3589384079  2.113034E-16
3943.41068382263  2.475394E-16
3946.46242923737  2.401007E-16
3949.5141746521  1.924512E-16
3952.56592006684  1.799279E-16
3955.61766548157  2.208092E-16
3958.6694108963  2.008033E-16
3961.72115631104  1.817216E-16
3964.77290172577  2.285401E-16
3967.8246471405  1.930772E-16
3970.87639255524  2.254313E-16
3973.92813796997  2.224460E-16
3976.97988338471  2.042824E-16
3980.03162879944  1.947868E-16
3983.08337421417  1.957699E-16
3986.13511962891  1.708888E-16
3989.18686504364  2.029509E-16
3992.23861045838  2.014555E-16
3995.29035587311  1.793485E-16
3998.34210128784  1.925080E-16
4001.39384670258  2.181328E-16
4004.44559211731  2.188405E-16
4007.49733753205  2.147385E-16
4010.54908294678  1.790891E-16
4013.60082836151  1.902197E-16
4016.65257377625  2.172022E-16
4019.70431919098  2.333628E-16
4022.75606460571  1.934963E-16
4025.80781002045  1.890112E-16
4028.85955543518  1.951137E-16
4031.91130084992  1.946599E-16
4034.96304626465  1.988895E-16
4038.01479167938  2.008255E-16
4041.06653709412  1.912454E-16
4044.11828250885  1.769157E-16
4047.17002792359  2.105739E-16
4050.22177333832  1.842563E-16
4053.27351875305  1.925287E-16
4056.32526416779  1.944970E-16
4059.37700958252  1.949020E-16
4062.42875499725  2.011141E-16
4065.48050041199  2.004517E-16
4068.53224582672  2.021609E-16
4071.58399124146  2.012151E-16
4074.63573665619  1.788425E-16
4077.68748207092  1.865254E-16
4080.73922748566  1.998386E-16
4083.79097290039  1.879812E-16
4086.84271831513  1.761557E-16
4089.89446372986  2.012155E-16
4092.94620914459  1.987474E-16
4095.99795455933  1.634600E-16
4099.04969997406  1.918028E-16
4102.1014453888  1.879753E-16
4105.15319080353  1.907144E-16
4108.20493621826  1.890926E-16
4111.256681633  1.887927E-16
4114.30842704773  1.766805E-16
4117.36017246246  1.866924E-16
4120.4119178772  1.978257E-16
4123.46366329193  1.941023E-16
4126.51540870667  1.833438E-16
4129.5671541214  1.899945E-16
4132.61889953614  1.882078E-16
4135.67064495087  1.906793E-16
4138.7223903656  1.883110E-16
4141.77413578034  1.826253E-16
4144.82588119507  1.713481E-16
4147.8776266098  1.960013E-16
4150.92937202454  2.014106E-16
4153.98111743927  1.871056E-16
4157.03286285401  1.893036E-16
4160.08460826874  1.999739E-16
4163.13635368347  1.893862E-16
4166.18809909821  1.858159E-16
4169.23984451294  1.754197E-16
4172.29158992768  1.882611E-16
4175.34333534241  1.955354E-16
4178.39508075714  1.756742E-16
4181.44682617188  1.643576E-16
4184.49857158661  1.790745E-16
4187.55031700135  1.883195E-16
4190.60206241608  1.723069E-16
4193.65380783081  1.901601E-16
4196.70555324555  1.780729E-16
4199.75729866028  1.629803E-16
4202.80904407501  1.943795E-16
4205.86078948975  1.843321E-16
4208.91253490448  1.727146E-16
4211.96428031922  1.809651E-16
4215.01602573395  1.676337E-16
4218.06777114868  1.930500E-16
4221.11951656342  1.774771E-16
4224.17126197815  1.752902E-16
4227.22300739289  1.974356E-16
4230.27475280762  1.866729E-16
4233.32649822235  1.841536E-16
4236.37824363709  1.732430E-16
4239.42998905182  1.698482E-16
4242.48173446656  1.942411E-16
4245.53347988129  1.778137E-16
4248.58522529602  1.754332E-16
4251.63697071076  1.802042E-16
4254.68871612549  1.962403E-16
4257.74046154022  1.835770E-16
4260.79220695496  1.674273E-16
4263.84395236969  1.684251E-16
4266.89569778443  1.817235E-16
4269.94744319916  1.914198E-16
4272.99918861389  1.921383E-16
4276.05093402863  1.994159E-16
4279.10267944336  1.881799E-16
4282.1544248581  1.605187E-16
4285.20617027283  1.674654E-16
4288.25791568756  1.931944E-16
4291.3096611023  2.009867E-16
4294.36140651703  1.867782E-16
4297.41315193177  1.806118E-16
4300.4648973465  1.719312E-16
4303.51664276123  1.828483E-16
4306.56838817597  1.805620E-16
4309.6201335907  1.714444E-16
4312.67187900543  1.730577E-16
4315.72362442017  1.769828E-16
4318.7753698349  1.813661E-16
4321.82711524964  1.765456E-16
4324.87886066437  1.804669E-16
4327.9306060791  1.626825E-16
4330.98235149384  1.649887E-16
4334.03409690857  1.799384E-16
4337.08584232331  1.604037E-16
4340.13758773804  1.830727E-16
4343.18933315277  1.744098E-16
4346.24107856751  1.792033E-16
4349.29282398224  1.769388E-16
4352.34456939697  1.531630E-16
4355.39631481171  1.607496E-16
4358.44806022644  1.696677E-16
4361.49980564118  1.693719E-16
4364.55155105591  1.595518E-16
4367.60329647064  1.556120E-16
4370.65504188538  1.525954E-16
4373.70678730011  1.589329E-16
4376.75853271485  1.733426E-16
4379.81027812958  1.607319E-16
4382.86202354431  1.561415E-16
4385.91376895905  1.551070E-16
4388.96551437378  1.612090E-16
4392.01725978852  1.627904E-16
4395.06900520325  1.365400E-16
4398.12075061798  1.578979E-16
4401.17249603272  1.617405E-16
4404.22424144745  1.464634E-16
4407.27598686219  1.536470E-16
4410.32773227692  1.567676E-16
4413.37947769165  1.490152E-16
4416.43122310639  1.564743E-16
4419.48296852112  1.585089E-16
4422.53471393586  1.536537E-16
4425.58645935059  1.489270E-16
4428.63820476532  1.473200E-16
4431.68995018006  1.354477E-16
4434.74169559479  1.463442E-16
4437.79344100952  1.662270E-16
4440.84518642426  1.691215E-16
4443.89693183899  1.648597E-16
4446.94867725372  1.474118E-16
4450.00042266846  1.479161E-16
4453.05216808319  1.457058E-16
4456.10391349793  1.575831E-16
4459.15565891266  1.495145E-16
4462.2074043274  1.596784E-16
4465.25914974213  1.518791E-16
4468.31089515686  1.560846E-16
4471.3626405716  1.591590E-16
4474.41438598633  1.582196E-16
4477.46613140106  1.454580E-16
4480.5178768158  1.431576E-16
4483.56962223053  1.395299E-16
4486.62136764527  1.212532E-16
4489.67311306  1.370336E-16
4492.72485847473  1.351950E-16
4495.77660388947  1.512709E-16
4498.8283493042  1.550000E-16
4501.88009471894  1.430285E-16
4504.93184013367  1.362021E-16
4507.9835855484  1.469007E-16
4511.03533096314  1.426272E-16
4514.08707637787  1.506985E-16
4517.13882179261  1.603782E-16
4520.19056720734  1.408271E-16
4523.24231262207  1.227407E-16
4526.29405803681  1.342446E-16
4529.34580345154  1.496869E-16
4532.39754886628  1.482688E-16
4535.44929428101  1.470296E-16
4538.50103969574  1.551215E-16
4541.55278511048  1.529751E-16
4544.60453052521  1.633405E-16
4547.65627593994  1.468331E-16
4550.70802135468  1.517757E-16
4553.75976676941  1.503782E-16
4556.81151218415  1.522565E-16
4559.86325759888  1.500661E-16
4562.91500301361  1.404439E-16
4565.96674842835  1.353133E-16
4569.01849384308  1.494182E-16
4572.07023925782  1.485018E-16
4575.12198467255  1.617662E-16
4578.17373008728  1.668785E-16
4581.22547550202  1.490531E-16
4584.27722091675  1.514711E-16
4587.32896633149  1.520984E-16
4590.38071174622  1.418681E-16
4593.43245716095  1.551761E-16
4596.48420257569  1.642597E-16
4599.53594799042  1.492373E-16
4602.58769340515  1.547697E-16
4605.63943881989  1.480819E-16
4608.69118423462  1.552836E-16
4611.74292964936  1.557957E-16
4614.79467506409  1.475937E-16
4617.84642047882  1.545094E-16
4620.89816589356  1.459122E-16
4623.94991130829  1.386306E-16
4627.00165672303  1.489597E-16
4630.05340213776  1.593618E-16
4633.10514755249  1.660266E-16
4636.15689296723  1.554726E-16
4639.20863838196  1.509013E-16
4642.2603837967  1.558099E-16
4645.31212921143  1.559291E-16
4648.36387462616  1.522964E-16
4651.4156200409  1.614672E-16
4654.46736545563  1.600077E-16
4657.51911087037  1.542810E-16
4660.5708562851  1.461910E-16
4663.62260169983  1.461687E-16
4666.67434711457  1.490171E-16
4669.7260925293  1.487552E-16
4672.77783794403  1.559505E-16
4675.82958335877  1.544226E-16
4678.8813287735  1.551510E-16
4681.93307418823  1.452021E-16
4684.98481960297  1.500164E-16
4688.0365650177  1.416802E-16
4691.08831043244  1.374911E-16
4694.14005584717  1.438779E-16
4697.19180126191  1.547291E-16
4700.24354667664  1.486138E-16
4703.29529209137  1.459198E-16
4706.34703750611  1.530050E-16
4709.39878292084  1.552136E-16
4712.45052833557  1.471228E-16
4715.50227375031  1.378601E-16
4718.55401916504  1.500120E-16
4721.60576457978  1.493343E-16
4724.65750999451  1.500262E-16
4727.70925540924  1.480500E-16
4730.76100082398  1.415996E-16
4733.81274623871  1.398267E-16
4736.86449165345  1.425191E-16
4739.91623706818  1.465099E-16
4742.96798248291  1.344476E-16
4746.01972789765  1.330310E-16
4749.07147331238  1.460492E-16
4752.12321872712  1.453280E-16
4755.17496414185  1.353344E-16
4758.22670955658  1.373780E-16
4761.27845497132  1.318973E-16
4764.33020038605  1.421903E-16
4767.38194580078  1.390908E-16
4770.43369121552  1.344288E-16
4773.48543663025  1.466938E-16
4776.53718204499  1.477045E-16
4779.58892745972  1.400848E-16
4782.64067287445  1.347594E-16
4785.69241828919  1.384641E-16
4788.74416370392  1.443824E-16
4791.79590911866  1.380273E-16
4794.84765453339  1.452194E-16
4797.89939994812  1.393081E-16
4800.95114536286  1.427214E-16
4804.00289077759  1.287990E-16
4807.05463619233  1.438804E-16
4810.10638160706  1.346129E-16
4813.15812702179  1.318806E-16
4816.20987243653  1.307130E-16
4819.26161785126  1.339813E-16
4822.313363266  1.302048E-16
4825.36510868073  1.299500E-16
4828.41685409546  1.330751E-16
4831.4685995102  1.338503E-16
4834.52034492493  1.364475E-16
4837.57209033966  1.289815E-16
4840.6238357544  1.341173E-16
4843.67558116913  1.403069E-16
4846.72732658387  1.485135E-16
4849.7790719986  1.415354E-16
4852.83081741333  1.414566E-16
4855.88256282807  1.397272E-16
4858.9343082428  1.349642E-16
4861.98605365754  1.399530E-16
4865.03779907227  1.381191E-16
4868.089544487  1.243717E-16
4871.14128990174  1.294997E-16
4874.19303531647  1.187380E-16
4877.24478073121  1.343471E-16
4880.29652614594  1.393791E-16
4883.34827156067  1.364802E-16
4886.40001697541  1.311125E-16
4889.45176239014  1.321905E-16
4892.50350780488  1.342270E-16
4895.55525321961  1.309858E-16
4898.60699863434  1.328899E-16
4901.65874404908  1.268896E-16
4904.71048946381  1.223305E-16
4907.76223487854  1.276362E-16
4910.81398029328  1.263399E-16
4913.86572570801  1.182899E-16
4916.91747112275  1.293448E-16
4919.96921653748  1.436032E-16
4923.02096195221  1.301701E-16
4926.07270736695  1.337151E-16
4929.12445278168  1.488145E-16
4932.17619819642  1.305221E-16
4935.22794361115  1.276426E-16
4938.27968902588  1.227117E-16
4941.33143444062  1.338025E-16
4944.38317985535  1.307520E-16
4947.43492527008  1.359590E-16
4950.48667068482  1.223890E-16
4953.53841609955  1.268773E-16
4956.59016151429  1.305677E-16
4959.64190692902  1.233430E-16
4962.69365234375  1.252731E-16
4965.74539775849  1.302840E-16
4968.79714317322  1.283506E-16
4971.84888858796  1.318219E-16
4974.90063400269  1.386264E-16
4977.95237941742  1.365076E-16
4981.00412483216  1.327509E-16
4984.05587024689  1.269926E-16
4987.10761566163  1.308984E-16
4990.15936107636  1.388758E-16
4993.21110649109  1.389706E-16
4996.26285190583  1.302235E-16
4999.31459732056  1.246396E-16
5002.3663427353  1.324694E-16
5005.41808815003  1.307498E-16
5008.46983356476  1.370161E-16
5011.5215789795  1.214630E-16
5014.57332439423  1.245788E-16
5017.62506980896  1.326885E-16
5020.6768152237  1.339774E-16
5023.72856063843  1.360017E-16
5026.78030605317  1.286191E-16
5029.8320514679  1.244744E-16
5032.88379688263  1.253692E-16
5035.93554229737  1.330236E-16
5038.9872877121  1.305887E-16
5042.03903312684  1.317909E-16
5045.09077854157  1.260000E-16
5048.1425239563  1.196696E-16
5051.19426937104  1.257654E-16
5054.24601478577  1.278121E-16
5057.29776020051  1.247457E-16
5060.34950561524  1.250796E-16
5063.40125102997  1.330879E-16
5066.45299644471  1.368655E-16
5069.50474185944  1.312388E-16
5072.55648727418  1.317448E-16
5075.60823268891  1.400376E-16
5078.65997810364  1.326038E-16
5081.71172351838  1.323991E-16
5084.76346893311  1.404139E-16
5087.81521434784  1.237700E-16
5090.86695976258  1.202202E-16
5093.91870517731  1.375585E-16
5096.97045059205  1.200981E-16
5100.02219600678  1.290511E-16
5103.07394142151  1.349654E-16
5106.12568683625  1.257807E-16
5109.17743225098  1.250435E-16
5112.22917766572  1.337011E-16
5115.28092308045  1.317753E-16
5118.33266849518  1.283566E-16
5121.38441390992  1.237631E-16
5124.43615932465  1.250798E-16
5127.48790473938  1.189585E-16
5130.53965015412  1.277260E-16
5133.59139556885  1.345637E-16
5136.64314098359  1.262374E-16
5139.69488639832  1.342628E-16
5142.74663181305  1.373304E-16
5145.79837722779  1.232316E-16
5148.85012264252  1.266762E-16
5151.90186805726  1.288917E-16
5154.95361347199  1.361676E-16
5158.00535888672  1.362326E-16
5161.05710430146  1.344935E-16
5164.10884971619  1.292803E-16
5167.16059513093  1.284675E-16
5170.21234054566  1.244414E-16
5173.26408596039  1.266346E-16
5176.31583137513  1.306377E-16
5179.36757678986  1.148494E-16
5182.41932220459  1.218200E-16
5185.47106761933  1.309499E-16
5188.52281303406  1.301174E-16
5191.5745584488  1.256234E-16
5194.62630386353  1.341902E-16
5197.67804927826  1.310460E-16
5200.729794693  1.244668E-16
5203.78154010773  1.320189E-16
5206.83328552247  1.308131E-16
5209.8850309372  1.347140E-16
5212.93677635193  1.286815E-16
5215.98852176667  1.280748E-16
5219.0402671814  1.360416E-16
5222.09201259613  1.386501E-16
5225.14375801087  1.294208E-16
5228.1955034256  1.251271E-16
5231.24724884034  1.290837E-16
5234.29899425507  1.285165E-16
5237.35073966981  1.363570E-16
5240.40248508454  1.383282E-16
5243.45423049927  1.335279E-16
5246.50597591401  1.352692E-16
5249.55772132874  1.361329E-16
5252.60946674347  1.342271E-16
5255.66121215821  1.381116E-16
5258.71295757294  1.452145E-16
5261.76470298768  1.390358E-16
5264.81644840241  1.436770E-16
5267.86819381714  1.529872E-16
5270.91993923188  1.325038E-16
5273.97168464661  1.406729E-16
5277.02343006135  1.524935E-16
5280.07517547608  1.515863E-16
5283.12692089081  1.489497E-16
5286.17866630555  1.431706E-16
5289.23041172028  1.413668E-16
5292.28215713502  1.530456E-16
5295.33390254975  1.421631E-16
5298.38564796448  1.417169E-16
5301.43739337922  1.406336E-16
5304.48913879395  1.333854E-16
5307.54088420869  1.362273E-16
5310.59262962342  1.392556E-16
5313.64437503815  1.359571E-16
5316.69612045289  1.401878E-16
5319.74786586762  1.371590E-16
5322.79961128235  1.419472E-16
5325.85135669709  1.378149E-16
5328.90310211182  1.340097E-16
5331.95484752656  1.351527E-16
5335.00659294129  1.289905E-16
5338.05833835602  1.354799E-16
5341.11008377076  1.435591E-16
5344.16182918549  1.273941E-16
5347.21357460023  1.469423E-16
5350.26532001496  1.372282E-16
5353.31706542969  1.380588E-16
5356.36881084443  1.455146E-16
5359.42055625916  1.378798E-16
5362.4723016739  1.300666E-16
5365.52404708863  1.350178E-16
5368.57579250336  1.335352E-16
5371.6275379181  1.276651E-16
5374.67928333283  1.281872E-16
5377.73102874756  1.287222E-16
5380.7827741623  1.416658E-16
5383.83451957703  1.342170E-16
5386.88626499177  1.408301E-16
5389.9380104065  1.442027E-16
5392.98975582123  1.274392E-16
5396.04150123597  1.255333E-16
5399.0932466507  1.173059E-16
5402.14499206544  1.254985E-16
5405.19673748017  1.340753E-16
5408.2484828949  1.316722E-16
5411.30022830964  1.306413E-16
5414.35197372437  1.232398E-16
5417.40371913911  1.233888E-16
5420.45546455384  1.305963E-16
5423.50720996857  1.244652E-16
5426.55895538331  1.229311E-16
5429.61070079804  1.178283E-16
5432.66244621277  1.247214E-16
5435.71419162751  1.191458E-16
5438.76593704224  1.241165E-16
5441.81768245698  1.310924E-16
5444.86942787171  1.213192E-16
5447.92117328644  1.232389E-16
5450.97291870118  1.169323E-16
5454.02466411591  1.213544E-16
5457.07640953065  1.227479E-16
5460.12815494538  1.142720E-16
5463.17990036011  1.153233E-16
5466.23164577485  1.217560E-16
5469.28339118958  1.203687E-16
5472.33513660431  1.209213E-16
5475.38688201905  1.320088E-16
5478.43862743378  1.276957E-16
5481.49037284852  1.249286E-16
5484.54211826325  1.206255E-16
5487.59386367798  1.136437E-16
5490.64560909272  1.174709E-16
5493.69735450745  1.205875E-16
5496.74909992219  1.232559E-16
5499.80084533692  1.104952E-16
5502.85259075165  1.192834E-16
5505.90433616639  1.168196E-16
5508.95608158112  1.075828E-16
5512.00782699586  1.165866E-16
5515.05957241059  1.260155E-16
5518.11131782532  1.162171E-16
5521.16306324006  1.084273E-16
5524.21480865479  1.152672E-16
5527.26655406952  1.086414E-16
5530.31829948426  1.200630E-16
5533.37004489899  1.140431E-16
5536.42179031373  1.113758E-16
5539.47353572846  1.105570E-16
5542.52528114319  1.121939E-16
5545.57702655793  1.117902E-16
5548.62877197266  1.096672E-16
5551.6805173874  1.138018E-16
5554.73226280213  1.119427E-16
5557.78400821686  1.114782E-16
5560.8357536316  1.098055E-16
5563.88749904633  1.165186E-16
5566.93924446107  1.170483E-16
5569.9909898758  1.080821E-16
5573.04273529053  1.190633E-16
5576.09448070527  1.063152E-16
5579.14622612  1.115410E-16
5582.19797153474  1.238462E-16
5585.24971694947  1.198054E-16
5588.3014623642  1.189825E-16
5591.35320777894  1.179271E-16
5594.40495319367  1.166528E-16
5597.4566986084  1.121716E-16
5600.50844402314  1.114367E-16
5603.56018943787  1.052470E-16
5606.61193485261  1.113769E-16
5609.66368026734  1.080721E-16
5612.71542568207  1.028700E-16
5615.76717109681  1.059092E-16
5618.81891651154  1.093045E-16
5621.87066192628  1.093690E-16
5624.92240734101  1.094495E-16
5627.97415275574  1.106285E-16
5631.02589817048  1.075775E-16
5634.07764358521  1.041261E-16
5637.12938899995  1.100561E-16
5640.18113441468  1.124304E-16
5643.23287982941  1.103559E-16
5646.28462524415  1.084044E-16
5649.33637065888  1.163136E-16
5652.38811607362  1.015220E-16
5655.43986148835  1.084610E-16
5658.49160690308  1.114467E-16
5661.54335231782  1.014209E-16
5664.59509773255  9.907528E-17
5667.64684314728  1.057558E-16
5670.69858856202  1.097554E-16
5673.75033397675  1.134977E-16
5676.80207939149  1.051977E-16
5679.85382480622  9.740323E-17
5682.90557022095  9.372682E-17
5685.95731563569  9.758357E-17
5689.00906105042  1.010706E-16
5692.06080646516  9.614393E-17
5695.11255187989  9.717202E-17
5698.16429729462  1.046699E-16
5701.21604270936  1.112354E-16
5704.26778812409  1.032328E-16
5707.31953353882  9.571235E-17
5710.37127895356  9.976709E-17
5713.42302436829  1.067114E-16
5716.47476978303  1.044486E-16
5719.52651519776  9.126066E-17
5722.57826061249  9.294626E-17
5725.63000602723  9.563801E-17
5728.68175144196  9.454137E-17
5731.7334968567  9.766509E-17
5734.78524227143  1.046760E-16
5737.83698768616  9.843942E-17
5740.8887331009  9.460601E-17
5743.94047851563  9.888625E-17
5746.99222393037  1.000055E-16
5750.0439693451  9.643638E-17
5753.09571475983  9.955002E-17
5756.14746017457  1.016376E-16
5759.1992055893  9.550479E-17
5762.25095100403  8.661342E-17
5765.30269641877  9.647517E-17
5768.3544418335  1.030127E-16
5771.40618724824  1.023718E-16
5774.45793266297  1.001161E-16
5777.50967807771  9.862475E-17
5780.56142349244  9.169107E-17
5783.61316890717  8.698950E-17
5786.66491432191  9.248790E-17
5789.71665973664  9.325751E-17
5792.76840515137  9.422199E-17
5795.82015056611  9.225932E-17
5798.87189598084  8.851362E-17
5801.92364139558  8.883073E-17
5804.97538681031  9.066960E-17
5808.02713222504  8.852966E-17
5811.07887763978  9.694859E-17
5814.13062305451  9.419915E-17
5817.18236846925  9.611111E-17
5820.23411388398  9.004191E-17
5823.28585929871  8.987908E-17
5826.33760471345  9.401804E-17
5829.38935012818  9.108946E-17
5832.44109554291  8.815237E-17
5835.49284095765  9.777603E-17
5838.54458637238  9.311803E-17
5841.59633178712  8.271664E-17
5844.64807720185  8.633945E-17
5847.69982261658  9.291383E-17
5850.75156803132  9.850382E-17
5853.80331344605  1.037366E-16
5856.85505886079  9.606318E-17
5859.90680427552  9.299862E-17
5862.95854969025  9.957904E-17
5866.01029510499  9.538124E-17
5869.06204051972  9.013517E-17
5872.11378593446  9.171579E-17
5875.16553134919  9.174959E-17
5878.21727676392  9.209497E-17
5881.26902217866  1.020217E-16
5884.32076759339  8.827937E-17
5887.37251300813  8.414701E-17
5890.42425842286  8.393692E-17
5893.47600383759  7.426719E-17
5896.52774925233  7.370362E-17
5899.57949466706  8.654073E-17
5902.63124008179  8.759424E-17
5905.68298549653  9.241055E-17
5908.73473091126  8.579181E-17
5911.786476326  9.105089E-17
5914.83822174073  9.868801E-17
5917.88996715546  9.130128E-17
5920.9417125702  8.547423E-17
5923.99345798493  8.962395E-17
5927.04520339966  8.728461E-17
5930.0969488144  9.020849E-17
5933.14869422913  9.043657E-17
5936.20043964387  8.664122E-17
5939.2521850586  8.367077E-17
5942.30393047333  8.848608E-17
5945.35567588807  1.006979E-16
5948.4074213028  9.454461E-17
5951.45916671754  8.573729E-17
5954.51091213227  8.372637E-17
5957.562657547  8.749653E-17
5960.61440296174  8.636543E-17
5963.66614837647  8.310207E-17
5966.71789379121  8.899348E-17
5969.76963920594  9.686522E-17
5972.82138462067  8.703950E-17
5975.87313003541  8.838328E-17
5978.92487545014  9.623211E-17
5981.97662086488  9.530086E-17
5985.02836627961  8.952099E-17
5988.08011169434  9.186991E-17
5991.13185710908  8.475792E-17
5994.18360252381  9.020969E-17
5997.23534793854  8.945865E-17
6000.28709335328  8.976575E-17
6003.33883876801  8.780068E-17
6006.39058418275  8.599131E-17
6009.44232959748  8.367475E-17
6012.49407501222  7.813290E-17
6015.54582042695  8.463261E-17
6018.59756584168  8.468493E-17
6021.64931125642  8.466180E-17
6024.70105667115  8.219825E-17
6027.75280208588  8.276283E-17
6030.80454750062  8.766115E-17
6033.85629291535  8.272227E-17
6036.90803833009  9.405439E-17
6039.95978374482  8.966798E-17
6043.01152915955  9.041705E-17
6046.06327457429  9.245985E-17
6049.11501998902  9.080018E-17
6052.16676540376  9.089693E-17
6055.21851081849  8.978669E-17
6058.27025623322  9.700113E-17
6061.32200164796  9.097065E-17
6064.37374706269  8.597499E-17
6067.42549247742  9.274732E-17
6070.47723789216  9.353664E-17
6073.52898330689  9.115904E-17
6076.58072872163  9.298406E-17
6079.63247413636  8.153058E-17
6082.68421955109  8.759291E-17
6085.73596496583  9.525383E-17
6088.78771038056  9.300055E-17
6091.8394557953  9.253402E-17
6094.89120121003  9.402602E-17
6097.94294662476  9.221722E-17
6100.9946920395  8.488737E-17
6104.04643745423  9.316453E-17
6107.09818286897  9.297363E-17
6110.1499282837  9.542052E-17
6113.20167369843  9.240889E-17
6116.25341911317  8.592422E-17
6119.3051645279  9.215714E-17
6122.35690994264  8.684845E-17
6125.40865535737  9.178713E-17
6128.4604007721  9.547248E-17
6131.51214618684  9.560764E-17
6134.56389160157  9.698283E-17
6137.6156370163  9.217358E-17
6140.66738243104  8.392232E-17
6143.71912784577  1.012442E-16
6146.77087326051  9.405648E-17
6149.82261867524  8.513936E-17
6152.87436408997  8.484386E-17
6155.92610950471  9.013884E-17
6158.97785491944  9.117363E-17
6162.02960033417  8.356433E-17
6165.08134574891  8.284196E-17
6168.13309116364  8.865787E-17
6171.18483657838  9.655898E-17
6174.23658199311  8.854414E-17
6177.28832740784  8.305715E-17
6180.34007282258  9.142945E-17
6183.39181823731  9.468763E-17
6186.44356365205  9.555191E-17
6189.49530906678  9.246593E-17
6192.54705448151  8.845785E-17
6195.59879989625  8.350593E-17
6198.65054531098  8.504135E-17
6201.70229072572  8.518487E-17
6204.75403614045  8.730308E-17
6207.80578155518  9.155904E-17
6210.85752696992  9.645318E-17
6213.90927238465  8.606476E-17
6216.96101779939  8.715937E-17
6220.01276321412  9.098595E-17
6223.06450862885  8.332053E-17
6226.11625404359  8.494377E-17
6229.16799945832  9.295527E-17
6232.21974487305  8.625130E-17
6235.27149028779  8.772936E-17
6238.32323570252  8.835285E-17
6241.37498111726  8.238786E-17
6244.42672653199  7.629460E-17
6247.47847194672  7.605058E-17
6250.53021736146  8.628142E-17
6253.58196277619  8.458010E-17
6256.63370819093  8.095570E-17
6259.68545360566  8.312006E-17
6262.73719902039  8.605973E-17
6265.78894443513  8.482341E-17
6268.84068984986  8.461190E-17
6271.89243526459  7.726678E-17
6274.94418067933  8.203541E-17
6277.99592609406  8.175481E-17
6281.0476715088  8.186550E-17
6284.09941692353  7.940180E-17
6287.15116233826  7.785283E-17
6290.202907753  8.367449E-17
6293.25465316773  8.395590E-17
6296.30639858247  9.017792E-17
6299.3581439972  8.416320E-17
6302.40988941193  8.800758E-17
6305.46163482667  9.262289E-17
6308.5133802414  8.298394E-17
6311.56512565614  8.263000E-17
6314.61687107087  8.364434E-17
6317.6686164856  8.998077E-17
6320.72036190034  9.050001E-17
6323.77210731507  8.698900E-17
6326.8238527298  8.672710E-17
6329.87559814454  8.409585E-17
6332.92734355927  8.088370E-17
6335.97908897401  9.253889E-17
6339.03083438874  9.139062E-17
6342.08257980348  7.890928E-17
6345.13432521821  7.763977E-17
6348.18607063294  8.276019E-17
6351.23781604768  8.180168E-17
6354.28956146241  8.046636E-17
6357.34130687715  8.321942E-17
6360.39305229188  8.576717E-17
6363.44479770661  8.579542E-17
6366.49654312135  7.910336E-17
6369.54828853608  7.867438E-17
6372.60003395081  8.115983E-17
6375.65177936555  8.330559E-17
6378.70352478028  8.450484E-17
6381.75527019502  7.891273E-17
6384.80701560975  7.442195E-17
6387.85876102448  8.075492E-17
6390.91050643922  8.224573E-17
6393.96225185395  7.892102E-17
6397.01399726869  8.597444E-17
6400.06574268342  8.078624E-17
6403.11748809815  7.969139E-17
6406.16923351289  8.520903E-17
6409.22097892762  7.979725E-17
6412.27272434235  7.823509E-17
6415.32446975709  8.236162E-17
6418.37621517182  8.137792E-17
6421.42796058656  7.711109E-17
6424.47970600129  7.855992E-17
6427.53145141602  7.899080E-17
6430.58319683076  7.797654E-17
6433.63494224549  8.151682E-17
6436.68668766023  8.024813E-17
6439.73843307496  8.554499E-17
6442.79017848969  8.430667E-17
6445.84192390443  9.111283E-17
6448.89366931916  8.902800E-17
6451.9454147339  7.892975E-17
6454.99716014863  8.667445E-17
6458.04890556336  7.410231E-17
6461.1006509781  8.171873E-17
6464.15239639283  8.427568E-17
6467.20414180756  7.847725E-17
6470.2558872223  8.160961E-17
6473.30763263703  9.120441E-17
6476.35937805177  9.282978E-17
6479.4111234665  7.391455E-17
6482.46286888123  7.398124E-17
6485.51461429597  7.921171E-17
6488.5663597107  7.216656E-17
6491.61810512544  7.081619E-17
6494.66985054017  7.943769E-17
6497.7215959549  7.961611E-17
6500.77334136964  8.541437E-17
6503.82508678437  8.036061E-17
6506.8768321991  7.570410E-17
6509.92857761384  8.209840E-17
6512.98032302857  8.310990E-17
6516.03206844331  8.364166E-17
6519.08381385804  9.165577E-17
6522.13555927278  8.716395E-17
6525.18730468751  7.645208E-17
6528.23905010224  7.915710E-17
6531.29079551698  8.735211E-17
6534.34254093171  9.431605E-17
6537.39428634644  8.682116E-17
6540.44603176118  8.643052E-17
6543.49777717591  7.380172E-17
6546.54952259065  7.900031E-17
6549.60126800538  8.497799E-17
6552.65301342011  7.348855E-17
6555.70475883485  8.561393E-17
6558.75650424958  8.920333E-17
6561.80824966432  8.735737E-17
6564.85999507905  8.272942E-17
6567.91174049378  8.472706E-17
6570.96348590852  8.575378E-17
6574.01523132325  7.840816E-17
6577.06697673798  8.236008E-17
6580.11872215272  8.512066E-17
6583.17046756745  8.841013E-17
6586.22221298219  7.768083E-17
6589.27395839692  7.636766E-17
6592.32570381165  8.433688E-17
6595.37744922639  7.395392E-17
6598.42919464112  8.569287E-17
6601.48094005586  8.519693E-17
6604.53268547059  8.004659E-17
6607.58443088532  8.182758E-17
6610.63617630006  8.487203E-17
6613.68792171479  8.310844E-17
6616.73966712953  7.472862E-17
6619.79141254426  8.114103E-17
6622.84315795899  7.477262E-17
6625.89490337373  7.673219E-17
6628.94664878846  7.926638E-17
6631.99839420319  7.613173E-17
6635.05013961793  8.376041E-17
6638.10188503266  9.327901E-17
6641.1536304474  9.202000E-17
6644.20537586213  7.722998E-17
6647.25712127686  7.679860E-17
6650.3088666916  9.062035E-17
6653.36061210633  9.070020E-17
6656.41235752106  7.974100E-17
6659.4641029358  7.959735E-17
6662.51584835053  8.962774E-17
6665.56759376527  8.266044E-17
6668.61933918  7.843266E-17
6671.67108459474  8.285036E-17
6674.72283000947  7.389711E-17
6677.7745754242  8.224237E-17
6680.82632083894  9.049577E-17
6683.87806625367  8.334479E-17
6686.9298116684  7.593949E-17
6689.98155708314  7.907643E-17
6693.03330249787  8.012387E-17
6696.08504791261  7.904218E-17
6699.13679332734  8.318565E-17
6702.18853874207  7.983937E-17
6705.24028415681  7.495546E-17
6708.29202957154  6.880956E-17
6711.34377498628  6.755140E-17
6714.39552040101  6.958079E-17
6717.44726581575  7.072040E-17
6720.49901123048  7.016850E-17
6723.55075664521  7.819933E-17
6726.60250205995  8.392598E-17
6729.65424747468  7.934999E-17
6732.70599288941  7.388206E-17
6735.75773830415  7.817632E-17
6738.80948371888  7.954545E-17
6741.86122913361  7.565624E-17
6744.91297454835  7.189227E-17
6747.96471996308  7.493325E-17
6751.01646537782  8.392385E-17
6754.06821079255  8.429490E-17
6757.11995620729  7.280008E-17
6760.17170162202  7.110473E-17
6763.22344703675  8.037793E-17
6766.27519245149  8.100012E-17
6769.32693786622  7.446372E-17
6772.37868328095  7.224684E-17
6775.43042869569  8.069819E-17
6778.48217411042  7.926739E-17
6781.53391952516  7.693514E-17
6784.58566493989  7.774499E-17
6787.63741035462  7.174916E-17
6790.68915576936  6.089201E-17
6793.74090118409  7.430886E-17
6796.79264659883  7.648052E-17
6799.84439201356  7.661557E-17
6802.89613742829  7.748170E-17
6805.94788284303  7.638607E-17
6808.99962825776  7.640559E-17
6812.05137367249  7.370919E-17
6815.10311908723  7.394263E-17
6818.15486450196  7.784227E-17
6821.2066099167  7.629508E-17
6824.25835533143  7.247671E-17
6827.31010074616  7.088383E-17
6830.3618461609  7.551352E-17
6833.41359157563  7.847388E-17
6836.46533699037  7.052294E-17
6839.5170824051  7.695061E-17
6842.56882781983  7.447230E-17
6845.62057323457  6.776092E-17
6848.6723186493  8.066737E-17
6851.72406406404  7.008723E-17
6854.77580947877  7.199660E-17
6857.8275548935  8.055829E-17
6860.87930030824  7.934584E-17
6863.93104572297  7.384830E-17
6866.9827911377  7.575566E-17
6870.03453655244  7.945923E-17
6873.08628196717  8.216259E-17
6876.13802738191  8.352554E-17
6879.18977279664  7.218165E-17
6882.24151821138  6.720124E-17
6885.29326362611  7.611824E-17
6888.34500904084  7.564361E-17
6891.39675445557  7.594120E-17
6894.44849987031  7.388968E-17
6897.50024528504  8.177868E-17
6900.55199069978  8.143555E-17
6903.60373611451  7.414208E-17
6906.65548152925  7.548307E-17
6909.70722694398  7.525945E-17
6912.75897235871  7.028364E-17
6915.81071777345  7.085362E-17
6918.86246318818  7.935141E-17
6921.91420860291  7.735940E-17
6924.96595401765  7.019128E-17
6928.01769943238  7.609916E-17
6931.06944484712  8.046123E-17
6934.12119026185  7.541598E-17
6937.17293567658  7.610439E-17
6940.22468109132  7.005933E-17
6943.27642650605  5.893625E-17
6946.32817192079  6.995727E-17
6949.37991733552  7.259379E-17
6952.43166275025  7.482862E-17
6955.48340816499  7.278990E-17
6958.53515357972  7.193616E-17
6961.58689899445  6.841068E-17
6964.63864440919  7.140603E-17
6967.69038982392  7.609240E-17
6970.74213523866  7.161152E-17
6973.79388065339  6.950399E-17
6976.84562606812  7.078321E-17
6979.89737148286  7.124853E-17
6982.94911689759  7.309595E-17
6986.00086231233  7.326243E-17
6989.05260772706  7.596489E-17
6992.10435314179  7.509059E-17
6995.15609855653  6.980986E-17
6998.20784397126  6.677079E-17
7001.259589386  6.936664E-17
7004.31133480073  7.479259E-17
7007.36308021546  7.656989E-17
7010.4148256302  6.841266E-17
7013.46657104493  7.216081E-17
7016.51831645967  7.862806E-17
7019.5700618744  7.323060E-17
7022.62180728913  6.975195E-17
7025.67355270387  6.575678E-17
7028.7252981186  7.201158E-17
7031.77704353333  6.523392E-17
7034.82878894807  6.474098E-17
7037.8805343628  7.235884E-17
7040.93227977754  6.469384E-17
7043.98402519227  7.152897E-17
7047.035770607  7.134194E-17
7050.08751602174  6.724337E-17
7053.13926143647  7.067060E-17
7056.19100685121  6.912363E-17
7059.24275226594  6.695556E-17
7062.29449768067  7.980405E-17
7065.34624309541  6.636779E-17
7068.39798851014  6.562271E-17
7071.44973392488  6.873847E-17
7074.50147933961  6.456494E-17
7077.55322475434  6.620351E-17
7080.60497016908  7.306140E-17
7083.65671558381  7.352363E-17
7086.70846099855  6.738898E-17
7089.76020641328  6.802032E-17
7092.81195182801  7.188628E-17
7095.86369724275  6.932695E-17
7098.91544265748  7.219860E-17
7101.96718807221  6.419731E-17
7105.01893348695  6.875213E-17
7108.07067890168  7.594051E-17
7111.12242431642  7.980022E-17
7114.17416973115  7.551777E-17
7117.22591514589  7.644187E-17
7120.27766056062  7.355871E-17
7123.32940597535  6.921204E-17
7126.38115139008  6.844569E-17
7129.43289680482  6.559756E-17
7132.48464221955  6.485161E-17
7135.53638763429  7.390643E-17
7138.58813304902  7.568071E-17
7141.63987846376  7.153829E-17
7144.69162387849  6.943999E-17
7147.74336929322  7.383430E-17
7150.79511470796  8.003720E-17
7153.84686012269  7.634747E-17
7156.89860553742  6.797054E-17
7159.95035095216  6.723902E-17
7163.00209636689  6.405989E-17
7166.05384178163  6.835713E-17
7169.10558719636  7.323721E-17
7172.15733261109  7.276056E-17
7175.20907802583  7.322029E-17
7178.26082344056  8.415806E-17
7181.3125688553  7.741710E-17
7184.36431427003  6.813425E-17
7187.41605968476  6.766666E-17
7190.4678050995  6.516614E-17
7193.51955051423  7.271490E-17
7196.57129592896  6.333502E-17
7199.6230413437  6.361124E-17
7202.67478675843  7.058830E-17
7205.72653217317  7.294723E-17
7208.7782775879  6.888700E-17
7211.83002300263  7.281086E-17
7214.88176841737  7.466316E-17
7217.9335138321  7.010423E-17
7220.98525924684  7.012431E-17
7224.03700466157  7.271243E-17
7227.0887500763  6.532523E-17
7230.14049549104  6.902235E-17
7233.19224090577  6.931625E-17
7236.24398632051  7.218353E-17
7239.29573173524  7.625994E-17
7242.34747714997  7.285467E-17
7245.39922256471  6.544519E-17
7248.45096797944  6.641179E-17
7251.50271339418  8.655501E-17
7254.55445880891  8.473007E-17
7257.60620422364  7.617826E-17
7260.65794963838  7.581616E-17
7263.70969505311  7.575175E-17
7266.76144046784  7.257597E-17
7269.81318588258  7.135041E-17
7272.86493129731  7.282252E-17
7275.91667671205  8.823314E-17
7278.96842212678  7.831775E-17
7282.02016754151  5.730982E-17
7285.07191295625  7.857446E-17
7288.12365837098  7.040106E-17
7291.17540378572  6.792607E-17
7294.22714920045  7.623265E-17
7297.27889461519  7.864961E-17
7300.33064002992  7.569687E-17
7303.38238544465  6.773014E-17
7306.43413085939  7.272990E-17
7309.48587627412  8.196924E-17
7312.53762168885  7.385398E-17
7315.58936710359  7.219355E-17
7318.64111251832  8.101196E-17
7321.69285793305  7.228691E-17
7324.74460334779  7.416172E-17
7327.79634876252  7.199249E-17
7330.84809417726  6.778441E-17
7333.89983959199  6.979315E-17
7336.95158500673  7.433526E-17
7340.00333042146  7.174531E-17
7343.05507583619  7.146032E-17
7346.10682125093  7.697142E-17
7349.15856666566  8.102012E-17
7352.21031208039  7.585901E-17
7355.26205749513  7.476558E-17
7358.31380290986  8.428859E-17
7361.36554832459  8.214864E-17
7364.41729373933  7.157612E-17
7367.46903915406  7.284179E-17
7370.5207845688  7.702958E-17
7373.57252998353  7.595651E-17
7376.62427539827  8.398749E-17
7379.676020813  8.069197E-17
7382.72776622773  7.833566E-17
7385.77951164247  7.741217E-17
7388.8312570572  8.173036E-17
7391.88300247193  8.034319E-17
7394.93474788667  7.665139E-17
7397.9864933014  7.630052E-17
7401.03823871613  7.279760E-17
7404.08998413087  7.671633E-17
7407.1417295456  7.875301E-17
7410.19347496034  7.267870E-17
7413.24522037507  7.511155E-17
7416.29696578981  7.428553E-17
7419.34871120454  8.105017E-17
7422.40045661927  7.878069E-17
7425.45220203401  7.574836E-17
7428.50394744874  7.954198E-17
7431.55569286347  8.903956E-17
7434.60743827821  8.844019E-17
7437.65918369294  7.468022E-17
7440.71092910768  8.376965E-17
7443.76267452241  8.824571E-17
7446.81441993714  7.700817E-17
7449.86616535188  8.754166E-17
7452.91791076661  7.841788E-17
7455.96965618135  7.681839E-17
7459.02140159608  8.533605E-17
7462.07314701082  8.614492E-17
7465.12489242555  8.297866E-17
7468.17663784028  7.950075E-17
7471.22838325502  7.423175E-17
7474.28012866975  7.320513E-17
7477.33187408448  7.438945E-17
7480.38361949922  7.127197E-17
7483.43536491395  7.549485E-17
7486.48711032869  7.933947E-17
7489.53885574342  7.843933E-17
7492.59060115815  7.631973E-17
7495.64234657289  7.628169E-17
7498.69409198762  7.884400E-17
7501.74583740236  8.592079E-17
7504.79758281709  8.964738E-17
7507.84932823182  8.346736E-17
7510.90107364656  7.786449E-17
7513.95281906129  8.504871E-17
7517.00456447602  8.729303E-17
7520.05630989076  7.862971E-17
7523.10805530549  8.287858E-17
7526.15980072023  7.252885E-17
7529.21154613496  7.728783E-17
7532.2632915497  8.334640E-17
7535.31503696443  7.625850E-17
7538.36678237916  7.283116E-17
7541.4185277939  7.782713E-17
7544.47027320863  7.759192E-17
7547.52201862336  7.879262E-17
7550.5737640381  7.740989E-17
7553.62550945283  7.512193E-17
7556.67725486756  7.486675E-17
7559.7290002823  7.424150E-17
7562.78074569703  6.803201E-17
7565.83249111177  7.049053E-17
7568.8842365265  8.199520E-17
7571.93598194124  8.506157E-17
7574.98772735597  7.525774E-17
7578.0394727707  7.845572E-17
7581.09121818544  8.793226E-17
7584.14296360017  8.214954E-17
7587.1947090149  7.884958E-17
7590.24645442964  8.879381E-17
7593.29819984437  8.370453E-17
7596.3499452591  7.681248E-17
7599.40169067384  7.774387E-17
7602.45343608857  8.333556E-17
7605.50518150331  7.510443E-17
7608.55692691804  7.217543E-17
7611.60867233278  7.518823E-17
7614.66041774751  8.060352E-17
7617.71216316224  7.737434E-17
7620.76390857698  6.831649E-17
7623.81565399171  6.687374E-17
7626.86739940645  7.612447E-17
7629.91914482118  6.631099E-17
7632.97089023591  6.991616E-17
7636.02263565064  8.752683E-17
7639.07438106538  8.294714E-17
7642.12612648011  7.194014E-17
7645.17787189485  7.568699E-17
7648.22961730958  6.723367E-17
7651.28136272432  6.916158E-17
7654.33310813905  6.560614E-17
7657.38485355378  6.965855E-17
7660.43659896852  7.248428E-17
7663.48834438325  6.739668E-17
7666.54008979798  7.564948E-17
7669.59183521272  7.940151E-17
7672.64358062745  6.798093E-17
7675.69532604219  6.977171E-17
7678.74707145692  8.115924E-17
7681.79881687165  7.767332E-17
7684.85056228639  7.905556E-17
7687.90230770112  6.829689E-17
7690.95405311586  6.414097E-17
7694.00579853059  6.487680E-17
7697.05754394532  6.686199E-17
7700.10928936006  7.403632E-17
7703.16103477479  6.438888E-17
7706.21278018952  6.722176E-17
7709.26452560426  7.199769E-17
7712.31627101899  7.435229E-17
7715.36801643373  7.754433E-17
7718.41976184846  7.219656E-17
7721.4715072632  7.289940E-17
7724.52325267793  6.745275E-17
7727.57499809266  6.565358E-17
7730.6267435074  6.736432E-17
7733.67848892213  6.919222E-17
7736.73023433686  7.060942E-17
7739.7819797516  7.422472E-17
7742.83372516633  6.969975E-17
7745.88547058107  7.206487E-17
7748.9372159958  6.961314E-17
7751.98896141053  6.087288E-17
7755.04070682527  6.776419E-17
7758.09245224  6.468682E-17
7761.14419765474  6.289433E-17
7764.19594306947  6.420289E-17
7767.2476884842  6.491775E-17
7770.29943389894  7.072216E-17
7773.35117931367  6.620766E-17
7776.4029247284  6.273485E-17
7779.45467014314  6.397181E-17
7782.50641555787  6.874958E-17
7785.55816097261  7.173100E-17
7788.60990638734  6.523588E-17
7791.66165180207  6.771644E-17
7794.71339721681  7.371558E-17
7797.76514263154  6.877384E-17
7800.81688804628  5.970402E-17
7803.86863346101  6.026415E-17
7806.92037887574  6.463056E-17
7809.97212429048  6.517675E-17
7813.02386970521  6.957428E-17
7816.07561511995  6.860539E-17
7819.12736053468  6.407380E-17
7822.17910594941  6.572796E-17
7825.23085136415  6.953747E-17
7828.28259677888  6.259880E-17
7831.33434219362  5.824551E-17
7834.38608760835  6.988891E-17
7837.43783302308  7.650026E-17
7840.48957843782  6.232055E-17
7843.54132385255  7.191007E-17
7846.59306926729  6.865380E-17
7849.64481468202  6.598383E-17
7852.69656009675  6.634630E-17
7855.74830551149  6.625743E-17
7858.80005092622  6.497316E-17
7861.85179634096  6.399911E-17
7864.90354175569  6.072761E-17
7867.95528717042  6.079911E-17
7871.00703258515  6.271902E-17
7874.05877799989  6.803720E-17
7877.11052341462  7.124067E-17
7880.16226882936  6.692931E-17
7883.21401424409  5.986693E-17
7886.26575965883  6.331569E-17
7889.31750507356  7.038985E-17
7892.36925048829  7.097903E-17
7895.42099590303  6.329799E-17
7898.47274131776  5.982485E-17
7901.52448673249  6.867812E-17
7904.57623214723  6.825926E-17
7907.62797756196  5.901009E-17
7910.6797229767  6.531147E-17
7913.73146839143  5.780388E-17
7916.78321380617  6.067059E-17
7919.8349592209  6.312013E-17
7922.88670463563  6.464254E-17
7925.93845005037  6.560025E-17
7928.9901954651  6.105464E-17
7932.04194087983  6.356950E-17
7935.09368629457  6.277828E-17
7938.1454317093  5.876742E-17
7941.19717712403  6.177029E-17
7944.24892253877  6.459535E-17
7947.3006679535  6.520953E-17
7950.35241336824  5.999817E-17
7953.40415878297  5.930569E-17
7956.45590419771  6.189910E-17
7959.50764961244  6.564697E-17
7962.55939502717  6.574502E-17
7965.61114044191  5.908215E-17
7968.66288585664  6.163981E-17
7971.71463127137  7.198588E-17
7974.76637668611  7.722685E-17
7977.81812210084  7.094822E-17
7980.86986751558  6.342541E-17
7983.92161293031  6.165313E-17
7986.97335834504  6.694313E-17
7990.02510375978  6.555344E-17
7993.07684917451  6.374192E-17
7996.12859458925  6.549905E-17
7999.18034000398  6.401001E-17
8002.23208541871  6.736761E-17
8005.28383083345  6.599927E-17
8008.33557624818  6.716324E-17
8011.38732166291  6.839432E-17
8014.43906707765  6.040298E-17
8017.49081249238  6.140669E-17
8020.54255790712  6.371230E-17
8023.59430332185  5.732608E-17
8026.64604873658  6.129705E-17
8029.69779415132  7.326206E-17
8032.74953956605  5.957342E-17
8035.80128498079  6.144117E-17
8038.85303039552  6.108319E-17
8041.90477581025  5.784387E-17
8044.95652122499  6.375838E-17
8048.00826663972  7.014762E-17
8051.06001205446  5.851781E-17
8054.11175746919  5.776471E-17
8057.16350288392  6.087558E-17
8060.21524829866  6.540647E-17
8063.26699371339  6.565355E-17
8066.31873912812  6.109238E-17
8069.37048454286  6.337493E-17
8072.42222995759  5.818332E-17
8075.47397537233  6.212198E-17
8078.52572078706  6.313025E-17
8081.5774662018  5.549739E-17
8084.62921161653  5.980832E-17
8087.68095703126  5.894788E-17
8090.732702446  6.134121E-17
8093.78444786073  6.337427E-17
8096.83619327546  6.143736E-17
8099.8879386902  6.358917E-17
8102.93968410493  6.336754E-17
8105.99142951967  6.143415E-17
8109.0431749344  5.773240E-17
8112.09492034913  5.864314E-17
8115.14666576387  5.673568E-17
8118.1984111786  4.609844E-17
8121.25015659334  5.557823E-17
8124.30190200807  6.101169E-17
8127.3536474228  5.450509E-17
8130.40539283753  5.521892E-17
8133.45713825227  6.427076E-17
8136.508883667  5.646140E-17
8139.56062908174  5.214877E-17
8142.61237449647  5.015205E-17
8145.66411991121  4.403716E-17
8148.71586532594  4.430242E-17
8151.76761074067  5.412362E-17
8154.81935615541  5.822577E-17
8157.87110157014  5.762843E-17
8160.92284698488  5.089168E-17
8163.97459239961  4.662595E-17
8167.02633781434  4.591458E-17
8170.07808322908  5.634873E-17
8173.12982864381  6.460907E-17
8176.18157405854  6.248596E-17
8179.23331947328  5.087021E-17
8182.28506488801  4.684971E-17
8185.33681030275  5.192683E-17
8188.38855571748  4.875143E-17
8191.44030113222  5.354226E-17
8194.49204654695  5.678940E-17
8197.54379196168  5.804962E-17
8200.59553737642  5.962130E-17
8203.64728279115  5.172356E-17
8206.69902820588  5.461340E-17
8209.75077362062  6.253890E-17
8212.80251903535  5.965496E-17
8215.85426445008  6.150298E-17
8218.90600986482  6.496261E-17
8221.95775527955  4.213133E-17
8225.00950069429  4.910779E-17
8228.06124610902  5.729271E-17
8231.11299152376  4.952639E-17
8234.16473693849  4.950341E-17
8237.21648235322  5.726894E-17
8240.26822776796  5.660016E-17
8243.31997318269  6.019798E-17
8246.37171859742  6.713216E-17
8249.42346401216  6.335579E-17
8252.47520942689  5.582807E-17
8255.52695484162  5.903293E-17
8258.57870025636  5.168380E-17
8261.63044567109  5.887181E-17
8264.68219108583  6.466758E-17
8267.73393650056  5.613395E-17
8270.7856819153  6.947141E-17
8273.83742733003  5.853238E-17
8276.88917274476  5.508303E-17
8279.9409181595  5.868206E-17
8282.99266357423  5.422048E-17
8286.04440898896  5.422608E-17
8289.0961544037  5.722351E-17
8292.14789981843  5.712200E-17
8295.19964523316  5.250495E-17
8298.2513906479  5.268838E-17
8301.30313606263  5.524946E-17
8304.35488147737  6.142640E-17
8307.4066268921  5.764871E-17
8310.45837230684  5.598003E-17
8313.51011772157  6.047930E-17
8316.5618631363  6.498815E-17
8319.61360855104  5.927278E-17
8322.66535396577  5.025799E-17
8325.71709938051  5.832566E-17
8328.76884479524  6.518781E-17
8331.82059020997  6.098657E-17
8334.87233562471  6.094333E-17
8337.92408103944  6.336180E-17
8340.97582645418  5.786053E-17
8344.02757186891  5.697939E-17
8347.07931728364  6.118746E-17
8350.13106269838  5.628130E-17
8353.18280811311  4.598033E-17
8356.23455352785  5.754622E-17
8359.28629894258  5.918078E-17
8362.33804435731  5.282043E-17
8365.38978977205  6.105934E-17
8368.44153518678  7.614912E-17
8371.49328060151  6.201741E-17
8374.54502601625  5.938898E-17
8377.59677143098  6.550040E-17
8380.64851684572  6.324209E-17
8383.70026226045  6.031600E-17
8386.75200767519  7.395989E-17
8389.80375308992  6.873059E-17
8392.85549850465  5.857017E-17
8395.90724391939  6.047931E-17
8398.95898933412  6.314376E-17
8402.01073474885  6.377594E-17
8405.06248016359  6.806279E-17
8408.11422557832  6.624770E-17
8411.16597099306  6.289468E-17
8414.21771640779  6.284795E-17
8417.26946182252  6.621370E-17
8420.32120723726  5.962133E-17
8423.37295265199  5.544034E-17
8426.42469806673  6.175044E-17
8429.47644348146  6.339516E-17
8432.52818889619  5.685564E-17
8435.57993431093  6.148735E-17
8438.63167972566  6.896935E-17
8441.68342514039  6.089135E-17
8444.73517055513  5.724561E-17
8447.78691596986  6.624238E-17
8450.8386613846  6.533273E-17
8453.89040679933  6.025588E-17
8456.94215221406  6.252917E-17
8459.9938976288  6.545954E-17
8463.04564304353  6.269101E-17
8466.09738845827  6.000959E-17
8469.149133873  5.375821E-17
8472.20087928773  5.504023E-17
8475.25262470247  7.120985E-17
8478.3043701172  7.753573E-17
8481.35611553193  5.692658E-17
8484.40786094667  4.758495E-17
8487.4596063614  5.406237E-17
8490.51135177614  6.575702E-17
8493.56309719087  6.705336E-17
8496.6148426056  6.563871E-17
8499.66658802034  6.742806E-17
8502.71833343507  6.210175E-17
8505.77007884981  6.728529E-17
8508.82182426454  6.272033E-17
8511.87356967927  5.525719E-17
8514.92531509401  5.880624E-17
8517.97706050874  6.096746E-17
8521.02880592348  6.093339E-17
8524.08055133821  6.174945E-17
8527.13229675294  6.984749E-17
8530.18404216768  7.284925E-17
8533.23578758241  6.129314E-17
8536.28753299714  5.712055E-17
8539.33927841188  5.348148E-17
8542.39102382661  5.791422E-17
8545.44276924135  5.908213E-17
8548.49451465608  5.202616E-17
8551.54626007082  5.356799E-17
8554.59800548555  5.870063E-17
8557.64975090028  6.127349E-17
8560.70149631502  6.341132E-17
8563.75324172975  5.790251E-17
8566.80498714448  5.196800E-17
8569.85673255922  6.266329E-17
8572.90847797395  6.437088E-17
8575.96022338869  6.543224E-17
8579.01196880342  6.709016E-17
8582.06371421815  5.659729E-17
8585.11545963289  5.656899E-17
8588.16720504762  5.502294E-17
8591.21895046236  5.682008E-17
8594.27069587709  6.593629E-17
8597.32244129182  6.451142E-17
8600.37418670656  6.298399E-17
8603.42593212129  6.408558E-17
8606.47767753602  6.300854E-17
8609.52942295076  6.630418E-17
8612.58116836549  6.564362E-17
8615.63291378023  5.520064E-17
8618.68465919496  6.548158E-17
8621.7364046097  6.033679E-17
8624.78815002443  5.556907E-17
8627.83989543916  6.146193E-17
8630.8916408539  5.351035E-17
8633.94338626863  5.881359E-17
8636.99513168336  6.318469E-17
8640.0468770981  5.548580E-17
8643.09862251283  6.037278E-17
8646.15036792756  6.985486E-17
8649.2021133423  5.245164E-17
8652.25385875703  5.656747E-17
8655.30560417177  6.179639E-17
8658.3573495865  5.693990E-17
8661.40909500124  6.386594E-17
8664.46084041597  6.427510E-17
8667.5125858307  5.882109E-17
8670.56433124544  6.025449E-17
8673.61607666017  6.641439E-17
8676.6678220749  6.717548E-17
8679.71956748964  6.845173E-17
8682.77131290437  6.581629E-17
8685.82305831911  6.439616E-17
8688.87480373384  5.722214E-17
8691.92654914857  5.762510E-17
8694.97829456331  5.669743E-17
8698.03003997804  5.354078E-17
8701.08178539278  4.966723E-17
8704.13353080751  4.740127E-17
8707.18527622224  4.634962E-17
8710.23702163698  5.104077E-17
8713.28876705171  5.420838E-17
8716.34051246644  5.838886E-17
8719.39225788118  5.991196E-17
8722.44400329591  5.876510E-17
8725.49574871065  5.781261E-17
8728.54749412538  5.804420E-17
8731.59923954011  5.021666E-17
8734.65098495485  6.007918E-17
8737.70273036958  6.208480E-17
8740.75447578432  4.015298E-17
8743.80622119905  4.676207E-17
8746.85796661378  5.125896E-17
8749.90971202852  4.861296E-17
8752.96145744325  5.013281E-17
8756.01320285798  5.487748E-17
8759.06494827272  6.060699E-17
8762.11669368745  5.637483E-17
8765.16843910219  5.368893E-17
8768.22018451692  5.196182E-17
8771.27192993165  5.009487E-17
8774.32367534639  5.013230E-17
8777.37542076112  4.972130E-17
8780.42716617586  5.297618E-17
8783.47891159059  5.026962E-17
8786.53065700532  5.673867E-17
8789.58240242006  7.069587E-17
8792.63414783479  5.390482E-17
8795.68589324953  5.613481E-17
8798.73763866426  5.863970E-17
8801.78938407899  5.430104E-17
8804.84112949373  6.435052E-17
8807.89287490846  6.423975E-17
8810.9446203232  5.511088E-17
8813.99636573793  5.619264E-17
8817.04811115266  5.964467E-17
8820.0998565674  5.770580E-17
8823.15160198213  6.003734E-17
8826.20334739687  5.633215E-17
8829.2550928116  4.869161E-17
8832.30683822633  4.818338E-17
8835.35858364107  5.152833E-17
8838.4103290558  6.684278E-17
8841.46207447053  6.202194E-17
8844.51381988527  5.588711E-17
8847.5655653  6.037959E-17
8850.61731071474  6.037243E-17
8853.66905612947  5.211031E-17
8856.7208015442  6.238631E-17
8859.77254695894  5.553533E-17
8862.82429237367  4.566383E-17
8865.87603778841  5.234228E-17
8868.92778320314  5.198935E-17
8871.97952861787  5.502394E-17
8875.0312740326  4.569448E-17
8878.08301944734  4.672479E-17
8881.13476486207  6.218731E-17
8884.18651027681  6.494521E-17
8887.23825569154  5.533371E-17
8890.29000110628  4.984267E-17
8893.34174652101  5.925384E-17
8896.39349193574  5.921028E-17
8899.44523735048  4.678688E-17
8902.49698276521  5.750322E-17
8905.54872817994  5.196108E-17
8908.60047359468  4.751215E-17
8911.65221900941  5.910307E-17
8914.70396442415  6.233239E-17
8917.75570983888  4.832273E-17
8920.80745525361  4.525915E-17
8923.85920066835  5.260510E-17
8926.91094608308  4.970694E-17
8929.96269149782  5.247291E-17
8933.01443691255  6.406509E-17
8936.06618232729  4.120470E-17
8939.11792774202  4.175208E-17
8942.16967315675  5.562379E-17
8945.22141857149  5.112778E-17
8948.27316398622  4.551914E-17
8951.32490940095  5.384139E-17
8954.37665481569  6.097753E-17
8957.42840023042  4.924058E-17
8960.48014564516  3.670226E-17
8963.53189105989  5.094155E-17
8966.58363647462  4.554278E-17
8969.63538188936  4.142647E-17
8972.68712730409  4.217933E-17
8975.73887271883  4.748005E-17
8978.79061813356  4.954227E-17
8981.84236354829  3.991282E-17
8984.89410896303  4.322322E-17
8987.94585437776  4.973131E-17
8990.99759979249  3.863073E-17
8994.04934520723  3.477658E-17
8997.10109062196  5.269271E-17
9000.1528360367  4.963905E-17
9003.20458145143  4.277374E-17
9006.25632686616  4.852844E-17
9009.3080722809  5.390951E-17
9012.35981769563  4.884876E-17
9015.41156311037  4.343626E-17
9018.4633085251  5.128151E-17
9021.51505393983  5.500617E-17
9024.56679935457  3.750556E-17
9027.6185447693  4.143690E-17
9030.67029018403  4.997239E-17
9033.72203559877  5.340110E-17
9036.7737810135  5.400290E-17
9039.82552642824  4.537930E-17
9042.87727184297  4.497160E-17
9045.9290172577  4.957582E-17
9048.98076267244  4.671180E-17
9052.03250808717  4.577226E-17
9055.08425350191  4.100549E-17
9058.13599891664  4.603095E-17
9061.18774433137  4.772533E-17
9064.23948974611  4.400971E-17
9067.29123516084  4.635313E-17
9070.34298057557  3.994715E-17
9073.39472599031  3.982960E-17
9076.44647140504  3.906490E-17
9079.49821681978  4.375609E-17
9082.54996223451  4.654161E-17
9085.60170764925  4.538609E-17
9088.65345306398  4.592586E-17
9091.70519847871  4.887449E-17
9094.75694389345  4.372615E-17
9097.80868930818  3.683177E-17
9100.86043472292  4.051248E-17
9103.91218013765  3.454837E-17
9106.96392555238  3.803797E-17
9110.01567096712  3.891655E-17
9113.06741638185  3.466117E-17
9116.11916179658  3.485955E-17
9119.17090721132  4.153701E-17
9122.22265262605  4.419161E-17
9125.27439804079  3.976280E-17
9128.32614345552  3.778824E-17
9131.37788887026  4.649414E-17
9134.42963428499  4.524088E-17
9137.48137969972  4.739853E-17
9140.53312511446  4.252908E-17
9143.58487052919  3.239608E-17
9146.63661594392  3.915007E-17
9149.68836135866  4.466798E-17
9152.74010677339  3.827847E-17
9155.79185218813  3.319586E-17
9158.84359760286  3.397988E-17
9161.89534301759  3.566039E-17
9164.94708843233  3.998516E-17
9167.99883384706  4.704001E-17
9171.0505792618  4.839913E-17
9174.10232467653  5.152070E-17
9177.15407009126  4.715940E-17
9180.205815506  3.568672E-17
9183.25756092073  3.643421E-17
9186.30930633546  3.760535E-17
9189.3610517502  3.141181E-17
9192.41279716493  4.508852E-17
9195.46454257967  5.351899E-17
9198.5162879944  5.231880E-17
9201.56803340914  4.037560E-17
9204.61977882387  3.785320E-17
9207.6715242386  4.256747E-17
9210.72326965334  4.704682E-17
9213.77501506807  4.218360E-17
9216.8267604828  4.331215E-17
9219.87850589754  5.029076E-17
9222.93025131227  4.676290E-17
9225.981996727  2.565398E-17
9229.03374214174  2.329451E-17
9232.08548755647  3.715876E-17
9235.13723297121  4.388693E-17
9238.18897838594  4.470637E-17
9241.24072380068  3.444223E-17
9244.29246921541  4.311583E-17
9247.34421463014  4.684893E-17
9250.39596004488  4.078333E-17
9253.44770545961  5.057747E-17
9256.49945087434  4.993502E-17
9259.55119628908  3.763777E-17