3651.833 9.71504e-18 
3657.351 -4.97293e-18 
3662.868 -9.00035e-18 
3668.386 -2.51770e-17 
3673.904 -1.40406e-18 
3679.421 1.37364e-17 
3684.939 9.26367e-18 
3690.457 1.52356e-17 
3695.974 -3.23219e-17 
3701.492 -3.26570e-18 
3707.010 2.40027e-18 
3712.527 -1.99962e-17 
3718.045 2.89781e-17 
3723.562 -4.78698e-18 
3729.080 -2.70472e-17 
3734.598 -1.15628e-17 
3740.115 7.90430e-18 
3745.633 -2.19648e-17 
3751.151 -1.97602e-17 
3756.668 -5.21191e-18 
3762.186 -2.88478e-18 
3767.704 5.38131e-19 
3773.221 1.23086e-17 
3778.739 -1.94679e-17 
3784.256 -7.97482e-18 
3789.774 8.22313e-18 
3795.292 -1.42910e-18 
3800.809 -3.48463e-18 
3806.327 8.80571e-18 
3811.844 -6.10220e-18 
3817.362 -1.63019e-18 
3822.880 2.46158e-18 
3828.397 7.48314e-18 
3833.915 6.13162e-18 
3839.433 3.91292e-18 
3844.950 1.51999e-18 
3850.468 -3.54602e-18 
3855.986 -6.74312e-18 
3861.503 -1.42250e-18 
3867.021 -3.78286e-18 
3872.539 4.67364e-18 
3878.056 -6.37075e-19 
3883.574 1.32721e-18 
3889.091 1.73528e-18 
3894.609 -6.62631e-19 
3900.127 -2.90625e-19 
3905.644 -5.33379e-18 
3911.162 -3.28196e-18 
3916.679 1.28557e-17 
3922.197 1.15714e-17 
3927.715 5.35509e-18 
3933.232 1.96396e-17 
3938.750 7.16418e-18 
3944.268 1.38417e-17 
3949.785 2.33851e-17 
3955.303 7.96161e-18 
3960.821 1.70831e-17 
3966.338 1.52464e-17 
3971.856 8.30488e-18 
3977.374 2.97233e-18 
3982.891 1.32872e-18 
3988.409 8.92317e-18 
3993.926 -2.23508e-17 
3999.444 3.69711e-18 
4004.962 -3.10035e-18 
4010.479 6.57152e-19 
4015.997 7.11682e-18 
4021.514 2.19124e-17 
4027.032 7.46816e-18 
4032.550 8.51897e-18 
4038.067 -2.93723e-18 
4043.585 -8.86526e-18 
4049.103 1.08078e-18 
4054.620 -2.85017e-18 
4060.138 5.62906e-18 
4065.656 3.00639e-18 
4071.173 1.21557e-17 
4076.691 -3.23471e-18 
4082.208 2.70988e-18 
4087.726 3.28069e-18 
4093.244 3.97061e-18 
4098.761 6.28863e-18 
4104.279 1.02358e-17 
4109.796 5.23408e-18 
4115.314 8.22262e-18 
4120.832 -3.78260e-18 
4126.350 1.24502e-17 
4131.867 -1.00093e-17 
4137.385 1.39123e-17 
4142.902 -4.14451e-18 
4148.420 -6.39808e-19 
4153.937 1.49299e-17 
4159.455 4.07690e-18 
4164.973 -7.80230e-18 
4170.491 -2.72829e-18 
4176.008 -1.77095e-18 
4181.526 -7.05318e-18 
4187.043 -3.87359e-19 
4192.561 6.51429e-18 
4198.079 -3.49453e-18 
4203.596 4.44164e-18 
4209.114 -3.25738e-18 
4214.632 1.97191e-17 
4220.149 7.49264e-18 
4225.667 8.32555e-18 
4231.185 1.40557e-17 
4236.702 1.26741e-17 
4242.220 7.34491e-18 
4247.737 6.91089e-18 
4253.255 -1.10323e-17 
4258.772 1.62407e-18 
4264.290 -1.06074e-17 
4269.808 -9.23742e-18 
4275.326 2.21224e-18 
4280.843 -3.47048e-18 
4286.361 -1.14044e-17 
4291.878 -1.02386e-17 
4297.396 -6.61523e-18 
4302.914 8.17444e-18 
4308.431 -1.35460e-17 
4313.949 2.43292e-18 
4319.467 -3.85492e-18 
4324.984 7.79736e-18 
4330.502 4.19191e-18 
4336.020 -4.79454e-19 
4341.537 5.59862e-18 
4347.055 -1.23905e-17 
4352.572 -2.18910e-18 
4358.090 -1.44292e-17 
4363.607 6.17126e-18 
4369.125 -1.28349e-17 
4374.643 1.37986e-17 
4380.161 5.04915e-18 
4385.678 1.98009e-17 
4391.196 1.59397e-17 
4396.713 2.29736e-18 
4402.231 -1.12477e-19 
4407.749 1.74220e-17 
4413.266 1.19948e-17 
4418.784 1.41238e-17 
4424.302 8.16577e-18 
4429.819 1.53238e-17 
4435.337 8.00988e-18 
4440.854 1.36953e-17 
4446.372 1.02006e-17 
4451.890 -7.60730e-18 
4457.407 -1.01187e-17 
4462.925 7.09143e-18 
4468.442 1.07592e-17 
4473.960 -2.82623e-18 
4479.478 5.63753e-18 
4484.996 7.88515e-19 
4490.513 -3.90119e-18 
4496.031 4.16370e-19 
4501.548 4.29406e-18 
4507.066 -6.76603e-18 
4512.583 -1.04989e-17 
4518.101 -9.37456e-18 
4523.619 8.47686e-18 
4529.137 -2.49263e-18 
4534.654 -2.42480e-18 
4540.172 -6.24382e-18 
4545.689 -1.91338e-17 
4551.207 -1.79679e-17 
4556.725 -8.46269e-18 
4562.242 -4.83517e-19 
4567.760 -7.16014e-19 
4573.278 -6.98634e-18 
4578.795 -8.52199e-18 
4584.313 -5.06057e-18 
4589.831 2.15130e-18 
4595.348 4.65607e-18 
4600.866 6.14350e-19 
4606.383 1.23308e-17 
4611.901 7.95149e-18 
4617.418 -7.79581e-18 
4622.937 -2.63863e-18 
4628.454 1.22441e-17 
4633.972 1.02136e-17 
4639.489 1.04105e-17 
4645.007 8.93990e-19 
4650.524 -3.19000e-19 
4656.042 5.90787e-18 
4661.560 1.44295e-18 
4667.077 1.45240e-18 
4672.595 -5.14791e-19 
4678.113 1.07606e-17 
4683.630 1.15592e-17 
4689.148 6.70163e-18 
4694.666 6.55196e-18 
4700.183 2.30411e-18 
4705.701 -1.07347e-18 
4711.218 5.07023e-18 
4716.736 -1.53054e-18 
4722.253 -2.76417e-18 
4727.771 3.67301e-18 
4733.289 1.01417e-17 
4738.807 1.98084e-17 
4744.324 1.31511e-17 
4749.842 -4.70459e-18 
4755.359 -1.13436e-17 
4760.877 1.07403e-17 
4766.395 8.83453e-18 
4771.912 -8.03222e-18 
4777.430 1.23631e-17 
4782.948 5.66242e-18 
4788.465 6.34121e-18 
4793.983 1.07343e-17 
4799.500 1.35652e-17 
4805.018 9.29211e-18 
4810.536 3.34051e-18 
4816.053 1.19100e-18 
4821.571 4.56377e-18 
4827.088 7.61888e-18 
4832.606 4.68818e-18 
4838.124 8.60285e-18 
4843.642 4.92840e-18 
4849.159 1.66409e-18 
4854.677 -2.51333e-18 
4860.194 1.41607e-19 
4865.712 -2.57008e-19 
4871.229 5.51393e-18 
4876.747 -4.55331e-18 
4882.265 -1.80736e-19 
4887.783 7.19845e-18 
4893.300 -2.33111e-18 
4898.818 6.86821e-18 
4904.335 7.32991e-18 
4909.853 3.62208e-18 
4915.371 5.20989e-18 
4920.888 3.83347e-18 
4926.406 1.18563e-17 
4931.924 5.21461e-19 
4937.441 1.22232e-17 
4942.959 9.17913e-18 
4948.477 8.08491e-18 
4953.994 2.98383e-18 
4959.512 -7.44415e-18 
4965.029 -6.39199e-18 
4970.547 6.96878e-18 
4976.064 8.53055e-20 
4981.583 1.04889e-18 
4987.100 1.76324e-17 
4992.618 2.98653e-18 
4998.135 7.99441e-18 
5003.653 6.52751e-19 
5009.170 3.87526e-18 
5014.688 1.78903e-17 
5020.206 7.26822e-18 
5025.723 1.19550e-17 
5031.241 4.32332e-18 
5036.759 -3.73214e-18 
5042.276 1.70573e-18 
5047.794 1.08049e-17 
5053.312 5.12617e-18 
5058.829 1.07926e-17 
5064.347 2.48516e-18 
5069.864 -7.71594e-21 
5075.382 -1.74160e-18 
5080.899 -2.24865e-18 
5086.417 -1.25230e-18 
5091.935 -1.77778e-18 
5097.453 -6.88066e-18 
5102.970 -7.91599e-18 
5108.488 -2.17128e-19 
5114.005 -6.22979e-19 
5119.523 -2.15280e-18 
5125.041 7.64587e-18 
5130.558 1.12440e-17 
5136.076 2.06727e-17 
5141.594 1.72009e-17 
5147.111 2.00099e-17 
5152.629 2.70238e-17 
5158.146 1.91643e-17 
5163.664 1.40341e-17 
5169.182 2.08666e-17 
5174.699 1.44482e-17 
5180.217 1.63317e-17 
5185.735 1.11921e-17 
5191.252 6.93662e-18 
5196.770 2.34542e-17 
5202.288 2.18321e-17 
5207.805 1.07516e-17 
5213.323 1.06497e-17 
5218.840 1.91827e-17 
5224.358 2.48873e-17 
5229.875 1.41017e-17 
5235.393 7.52796e-18 
5240.911 5.30574e-18 
5246.429 1.42617e-17 
5251.946 2.55117e-17 
5257.464 1.90522e-17 
5262.981 8.43081e-18 
5268.499 8.94620e-18 
5274.017 1.01083e-17 
5279.534 1.12295e-17 
5285.052 6.72716e-18 
5290.570 1.35881e-17 
5296.087 6.16812e-18 
5301.605 1.07741e-17 
5307.123 1.55736e-17 
5312.640 1.87202e-17 
5318.158 1.36596e-17 
5323.675 2.01290e-17 
5329.193 1.58239e-17 
5334.710 1.01684e-17 
5340.229 1.42688e-17 
5345.746 1.18502e-17 
5351.264 1.26154e-17 
5356.781 1.57103e-17 
5362.299 3.19136e-18 
5367.816 1.85958e-17 
5373.334 9.91933e-18 
5378.852 1.51631e-17 
5384.369 1.17326e-17 
5389.887 9.00308e-18 
5395.405 1.80042e-17 
5400.922 1.53171e-17 
5406.440 1.58858e-17 
5411.958 7.03844e-18 
5417.475 1.19210e-17 
5422.993 8.13773e-18 
5428.510 1.29558e-17 
5434.028 6.66162e-18 
5439.545 5.36175e-18 
5445.063 1.39811e-17 
5450.581 7.67076e-18 
5456.099 4.19892e-18 
5461.616 9.93470e-18 
5467.134 -3.13740e-19 
5472.651 1.00825e-18 
5478.169 1.99991e-18 
5483.687 1.39101e-17 
5489.204 6.86310e-18 
5494.722 1.30564e-17 
5500.240 1.10964e-17 
5505.757 1.19277e-17 
5511.275 1.11739e-17 
5516.792 8.55797e-18 
5522.310 7.27521e-18 
5527.828 4.66723e-18 
5533.345 6.74115e-18 
5538.863 1.06599e-17 
5544.381 9.70108e-18 
5549.898 2.51018e-18 
5555.416 7.41040e-18 
5560.934 -1.08582e-17 
5566.451 -9.38053e-18 
5571.969 2.41454e-18 
5577.486 3.55440e-18 
5583.004 -2.03799e-18 
5588.521 -1.64247e-17 
5594.040 1.07378e-17 
5599.557 -1.71569e-18 
5605.075 -4.80056e-18 
5610.592 -2.69020e-18 
5616.110 -2.63282e-19 
5621.627 -9.90201e-20 
5627.145 -1.22880e-18 
5632.663 -1.23842e-18 
5638.180 -9.23260e-18 
5643.698 -9.09430e-18 
5649.216 -9.53804e-18 
5654.733 -1.57090e-17 
5660.251 1.03727e-18 
5665.769 -3.21975e-18 
5671.286 -1.04550e-17 
5676.804 -7.73528e-18 
5682.321 -7.64508e-18 
5687.839 -4.88037e-21 
5693.356 3.30020e-18 
5698.875 2.62842e-18 
5704.392 -3.65710e-18 
5709.910 -5.03812e-18 
5715.427 -8.84504e-18 
5720.945 -9.73954e-18 
5726.462 -5.14854e-18 
5731.980 6.59340e-18 
5737.498 1.71875e-18 
5743.015 6.85299e-19 
5748.533 -7.83432e-18 
5754.051 -5.61610e-18 
5759.568 -2.60547e-18 
5765.086 -7.55490e-19 
5770.604 -1.36177e-18 
5776.121 -2.91083e-18 
5781.639 -9.23603e-18 
5787.156 -4.74981e-18 
5792.674 -6.93651e-18 
5798.191 -4.68548e-18 
5803.709 -1.30977e-17 
5809.227 -1.50582e-17 
5814.745 -3.44161e-18 
5820.262 -7.08184e-18 
5825.780 -1.12884e-17 
5831.297 -1.12160e-17 
5836.815 -8.80500e-18 
5842.333 -7.64973e-18 
5847.850 -1.37366e-17 
5853.368 -9.89676e-18 
5858.886 -4.14375e-18 
5864.403 1.18694e-18 
5869.921 -5.97506e-18 
5875.438 -1.29906e-17 
5880.956 -4.39860e-18 
5886.474 -4.37261e-18 
5891.991 -2.96193e-18 
5897.509 -6.58564e-18 
5903.027 -1.57018e-17 
5908.544 -5.94784e-18 
5914.062 -1.60202e-17 
5919.580 -1.82324e-17 
5925.097 -9.93930e-18 
5930.615 -7.94800e-18 
5936.132 -4.89690e-18 
5941.650 -1.04192e-17 
5947.167 -8.94488e-18 
5952.686 -9.64636e-18 
5958.203 -5.68091e-18 
5963.721 -6.02642e-18 
5969.238 -5.22680e-18 
5974.756 -1.99782e-18 
5980.273 1.35599e-18 
5985.791 1.10438e-18 
5991.309 -7.00898e-18 
5996.826 -1.11381e-17 
6002.344 -9.93085e-18 
6007.862 -7.47564e-18 
6013.379 1.50363e-18 
6018.897 -6.40919e-19 
6024.415 -7.22310e-18 
6029.932 3.99038e-18 
6035.450 3.20251e-19 
6040.967 -4.92722e-18 
6046.485 -6.69069e-18 
6052.002 -1.26562e-17 
6057.521 -3.53868e-18 
6063.038 2.20630e-18 
6068.556 2.14569e-18 
6074.073 4.67450e-19 
6079.591 -8.40287e-19 
6085.108 -2.80252e-18 
6090.626 -9.72485e-18 
6096.144 -4.38327e-18 
6101.661 -4.42490e-18 
6107.179 -1.41380e-17 
6112.697 -5.66639e-18 
6118.214 -6.01078e-18 
6123.732 -3.08624e-18 
6129.250 -1.30217e-17 
6134.767 -9.79810e-18 
6140.285 -1.41805e-17 
6145.802 -2.46724e-17 
6151.320 -9.61890e-18 
6156.838 -7.57010e-18 
6162.355 -1.37528e-17 
6167.873 -4.17360e-18 
6173.391 -1.61652e-17 
6178.908 -1.01025e-17 
6184.426 -5.94065e-18 
6189.943 -3.38310e-19 
6195.461 8.09569e-18 
6200.979 3.95214e-18 
6206.497 -3.35557e-19 
6212.014 2.22349e-18 
6217.532 -2.94949e-18 
6223.049 -4.17293e-18 
6228.567 2.62852e-18 
6234.084 8.58617e-19 
6239.602 -4.41920e-18 
6245.120 -2.88195e-18 
6250.637 6.91316e-18 
6256.155 5.05556e-18 
6261.673 2.60194e-18 
6267.190 7.87277e-19 
6272.708 -6.97868e-18 
6278.226 -2.69216e-18 
6283.743 8.35204e-18 
6289.261 8.76814e-18 
6294.778 1.18202e-18 
6300.296 4.73100e-18 
6305.813 -3.59783e-18 
6311.332 -6.81424e-18 
6316.849 -5.39348e-18 
6322.367 5.29707e-19 
6327.884 1.80958e-18 
6333.402 -3.20654e-18 
6338.919 5.30766e-18 
6344.437 3.42866e-18 
6349.955 3.14479e-18 
6355.472 8.81961e-18 
6360.990 -3.32293e-18 
6366.508 2.73624e-18 
6372.025 -1.92477e-18 
6377.543 -3.00255e-18 
6383.061 -2.79031e-18 
6388.578 5.53050e-19 
6394.096 5.50246e-18 
6399.613 3.66417e-18 
6405.131 -7.45554e-19 
6410.648 7.50614e-18 
6416.167 3.91949e-18 
6421.684 5.32959e-19 
6427.202 -2.43062e-18 
6432.719 5.39675e-18 
6438.237 -1.57555e-18 
6443.754 2.39610e-18 
6449.272 -2.70459e-18 
6454.790 2.40177e-18 
6460.307 1.05997e-17 
6465.825 8.74965e-18 
6471.343 1.54687e-18 
6476.860 6.60185e-18 
6482.378 6.69670e-18 
6487.896 4.20651e-18 
6493.413 5.00888e-18 
6498.931 3.97312e-18 
6504.448 4.15452e-18 
6509.966 2.21030e-18 
6515.484 2.99536e-18 
6521.001 -1.40723e-19 
6526.519 -8.45422e-19 
6532.037 3.51626e-18 
6537.554 6.32542e-18 
6543.072 3.89456e-19 
6548.589 -5.11632e-18 
6554.107 1.94109e-18 
6559.625 6.28889e-18 
6565.143 8.89238e-18 
6570.660 1.20080e-17 
6576.178 3.53802e-18 
6581.695 2.73137e-18 
6587.213 4.68853e-18 
6592.730 -4.13263e-18 
6598.248 1.12659e-17 
6603.766 3.02499e-18 
6609.283 2.30734e-18 
6614.801 -6.59221e-18 
6620.319 -5.48304e-18 
6625.836 3.41083e-18 
6631.354 3.16631e-18 
6636.872 3.75400e-18 
6642.389 5.85220e-18 
6647.907 8.16342e-18 
6653.424 1.90954e-18 
6658.942 5.02169e-18 
6664.459 6.32005e-18 
6669.978 5.24306e-18 
6675.495 4.76186e-18 
6681.013 1.67230e-18 
6686.530 4.99274e-18 
6692.048 1.12603e-18 
6697.565 -3.05857e-18 
6703.083 3.67757e-18 
6708.601 8.60875e-18 
6714.118 8.54634e-18 
6719.636 -3.41542e-18 
6725.154 -8.42905e-18 
6730.671 6.34156e-19 
6736.189 3.24760e-18 
6741.707 3.94220e-18 
6747.224 1.24669e-17 
6752.742 6.78529e-18 
6758.259 4.34929e-18 
6763.777 8.68105e-18 
6769.295 1.41716e-18 
6774.813 -2.91485e-19 
6780.330 1.39490e-18 
6785.848 2.44287e-18 
6791.365 -2.57293e-18 
6796.883 -5.52481e-19 
6802.400 5.66288e-20 
6807.918 1.09499e-17 
6813.436 2.77732e-18 
6818.953 3.96381e-18 
6824.471 6.07366e-18 
6829.989 5.15376e-18 
6835.506 9.38612e-18 
6841.024 4.13646e-18 
6846.542 4.59136e-18 
6852.059 1.52320e-19 
6857.577 1.74415e-18 
6863.094 1.81655e-18 
6868.612 -3.16858e-18 
6874.130 -2.46844e-18 
6879.647 1.85448e-18 
6885.165 7.97496e-18 
6890.683 9.37933e-18 
6896.200 9.72966e-18 
6901.718 1.55955e-17 
6907.235 1.76142e-17 
6912.753 1.79357e-17 
6918.271 1.57526e-17 
6923.789 2.00490e-17 
6929.306 2.04115e-17 
6934.824 2.20639e-17 
6940.341 3.40769e-17 
6945.859 2.99829e-17 
6951.376 2.09909e-17 
6956.894 2.09061e-17 
6962.412 1.61267e-17 
6967.929 1.77483e-17 
6973.447 1.79841e-17 
6978.965 2.13614e-17 
6984.482 2.05245e-17 
6990.000 2.47948e-17 
6995.518 1.78851e-17 
7001.035 2.00052e-17 
7006.553 2.07407e-17 
7012.070 2.29124e-17 
7017.588 2.25899e-17 
7023.105 1.79287e-17 
7028.624 2.25051e-17 
7034.141 2.57492e-17 
7039.659 2.43021e-17 
7045.176 2.50118e-17 
7050.694 2.53152e-17 
7056.211 1.82008e-17 
7061.729 1.46431e-17 
7067.247 2.36283e-17 
7072.764 2.52694e-17 
7078.282 1.97775e-17 
7083.800 1.87328e-17 
7089.317 1.98000e-17 
7094.835 2.70996e-17 
7100.353 1.71031e-17 
7105.870 1.76675e-17 
7111.388 1.64058e-17 
7116.905 1.92214e-17 
7122.423 2.39300e-17 
7127.941 2.16768e-17 
7133.458 1.77853e-17 
7138.976 1.59726e-17 
7144.494 1.16443e-17 
7150.011 1.00794e-17 
7155.529 1.68239e-17 
7161.046 2.47371e-17 
7166.564 2.76714e-17 
7172.082 2.13824e-17 
7177.600 2.59736e-17 
7183.117 3.67157e-17 
7188.635 2.94835e-17 
7194.152 2.39549e-17 
7199.670 2.43433e-17 
7205.187 2.71297e-17 
7210.705 2.09517e-17 
7216.223 1.51816e-17 
7221.740 2.15267e-17 
7227.258 2.23436e-17 
7232.776 2.17774e-17 
7238.293 2.71936e-17 
7243.811 2.82387e-17 
7249.329 1.85125e-17 
7254.846 2.76804e-17 
7260.364 1.66736e-17 
7265.881 1.68751e-17 
7271.399 1.72008e-17 
7276.917 1.42495e-17 
7282.435 2.38734e-17 
7287.952 1.30965e-17 
7293.470 1.75363e-17 
7298.987 1.77151e-17 
7304.505 1.33456e-17 
7310.022 1.23557e-17 
7315.540 2.31142e-17 
7321.058 2.20537e-17 
7326.575 2.10463e-17 
7332.093 1.64312e-17 
7337.611 2.19391e-17 
7343.128 2.45743e-17 
7348.646 1.73310e-17 
7354.164 1.46953e-17 
7359.681 1.81785e-17 
7365.199 1.44779e-17 
7370.716 1.17054e-17 
7376.234 1.14114e-17 
7381.752 9.87390e-18 
7387.270 1.92903e-17 
7392.787 1.55931e-17 
7398.305 1.77402e-17 
7403.822 9.30500e-18 
7409.340 6.53188e-18 
7414.857 1.65789e-17 
7420.375 1.98887e-17 
7425.893 1.56383e-17 
7431.410 1.61537e-17 
7436.928 1.34826e-17 
7442.446 1.38212e-17 
7447.963 1.31829e-17 
7453.481 1.31832e-17 
7458.999 1.25214e-17 
7464.516 1.73382e-17 
7470.034 1.69580e-17 
7475.551 1.49665e-17 
7481.069 8.79731e-18 
7486.587 1.36786e-17 
7492.104 1.53816e-17 
7497.622 9.53095e-18 
7503.140 1.44039e-17 
7508.657 6.45527e-18 
7514.175 5.67509e-18 
7519.692 1.56199e-17 
7525.210 1.34684e-17 
7530.728 2.04906e-17 
7536.246 1.20208e-17 
7541.763 5.51212e-18 
7547.281 7.42292e-18 
7552.798 8.99937e-18 
7558.316 7.64857e-18 
7563.833 1.30168e-17 
7569.351 1.23511e-17 
7574.869 9.35235e-19 
7580.386 1.32259e-17 
7585.904 9.75204e-18 
7591.422 5.89672e-18 
7596.939 -9.18675e-19 
7602.457 -1.93183e-17 
7607.975 -2.65341e-17 
7613.492 -7.25004e-18 
7619.010 1.63176e-18 
7624.527 2.79370e-18 
7630.045 5.89650e-18 
7635.563 4.83804e-18 
7641.081 1.47192e-18 
7646.598 -1.65775e-18 
7652.116 1.23745e-17 
7657.633 1.57920e-17 
7663.151 3.73689e-18 
7668.668 5.38869e-18 
7674.186 5.85355e-18 
7679.704 3.26645e-18 
7685.221 -1.33432e-18 
7690.739 1.14812e-17 
7696.257 1.80455e-17 
7701.774 8.41345e-18 
7707.292 5.41616e-18 
7712.810 -2.97389e-18 
7718.327 -5.85910e-18 
7723.845 5.50406e-20 
7729.362 9.13391e-18 
7734.880 1.69187e-17 
7740.398 2.59919e-18 
7745.916 -9.97520e-18 
7751.433 -7.08369e-19 
7756.951 6.97371e-18 
7762.468 6.58973e-18 
7767.986 4.57689e-18 
7773.503 1.05256e-17 
7779.021 1.21529e-17 
7784.539 -2.88803e-19 
7790.056 5.56251e-18 
7795.574 5.65606e-18 
7801.092 5.13414e-18 
7806.609 1.06791e-17 
7812.127 5.51112e-18 
7817.645 7.93502e-18 
7823.162 8.12175e-18 
7828.680 -8.13669e-18 
7834.197 -1.08640e-18 
7839.715 5.53994e-18 
7845.233 8.79821e-18 
7850.750 1.55104e-17 
7856.268 3.51173e-18 
7861.786 2.56360e-18 
7867.303 4.49509e-18 
7872.821 -3.09991e-19 
7878.338 -7.56043e-19 
7883.856 1.92343e-19 
7889.374 6.62226e-18 
7894.892 1.38586e-17 
7900.409 4.74906e-18 
7905.927 2.23857e-19 
7911.444 1.31125e-17 
7916.962 1.33084e-17 
7922.479 -1.54131e-18 
7927.997 -9.00691e-18 
7933.515 1.42273e-17 
7939.032 5.89405e-18 
7944.550 1.25000e-17 
7950.068 4.86931e-18 
7955.585 -5.84286e-19 
7961.103 -1.16070e-17 
7966.621 6.92310e-18 
7972.138 1.58531e-17 
7977.656 -1.18132e-17 
7983.173 -4.31725e-18 
7988.691 8.68678e-18 
7994.208 -2.47909e-18 
7999.727 -6.53553e-18 
8005.244 2.73823e-18 
8010.762 1.07645e-17 
8016.279 5.76280e-18 
8021.797 4.84871e-18 
8027.314 5.22822e-18 
8032.832 7.59165e-18 
8038.350 7.21070e-18 
8043.867 9.33284e-18 
8049.385 1.01626e-17 
8054.903 7.05636e-18 
8060.420 1.32245e-17 
8065.938 1.55078e-17 
8071.456 7.68518e-18 
8076.973 -3.71164e-18 
8082.491 6.33654e-18 
8088.008 3.37442e-18 
8093.526 -1.50959e-18 
8099.044 -2.02340e-18 
8104.562 -1.97850e-17 
8110.079 -2.21843e-18 
8115.597 6.93005e-18 
8121.114 4.24482e-18 
8126.632 2.82909e-18 
8132.149 -1.64351e-17 
8137.667 -8.75329e-18 
8143.185 3.68097e-18 
8148.703 2.26001e-18 
8154.220 1.95174e-18 
8159.738 -4.10925e-18 
8165.255 5.21196e-18 
8170.773 1.26422e-17 
8176.291 -2.25396e-18 
8181.808 -4.38160e-18 
8187.326 9.66415e-18 
8192.844 4.68408e-18 
8198.361 -6.44881e-18 
8203.879 -3.70812e-18 
8209.396 -4.99805e-18 
8214.914 2.93089e-18 
8220.432 5.13932e-18 
8225.949 1.58794e-17 
8231.467 1.12818e-17 
8236.984 6.86504e-18 
8242.502 4.28006e-18 
8248.020 -2.16275e-18 
8253.537 3.92051e-18 
8259.055 1.08059e-17 
8264.572 5.56103e-18 
8270.090 1.25800e-17 
8275.607 4.26372e-18 
8281.126 -8.90062e-18 
8286.644 -1.01039e-17 
8292.161 -8.53700e-18 
8297.679 5.25044e-18 
8303.196 1.14928e-17 
8308.714 -7.68354e-18 
8314.231 -3.41293e-17 
8319.749 -2.44789e-17 
8325.267 -4.61796e-18 
8330.784 4.66039e-19 
8336.302 7.68439e-18 
8341.819 1.13458e-17 
8347.337 1.55236e-17 
8352.854 7.26316e-19 
8358.372 -9.49206e-18 
8363.890 -7.91160e-19 
8369.407 -5.86941e-19 
8374.925 1.92542e-18 
8380.443 -8.59568e-18 
8385.961 -5.67803e-18 
8391.479 -7.81347e-18 
8396.996 -4.22985e-18 
8402.514 -3.93661e-18 
8408.031 -1.62033e-18 
8413.549 2.11172e-17 
8419.066 5.33600e-18 
8424.584 -2.73374e-18 
8430.102 1.11235e-17 
8435.619 7.00796e-18 
8441.137 1.42258e-18 
8446.654 -8.04875e-18 
8452.172 3.46381e-18 
8457.689 3.61070e-18 
8463.207 2.52880e-18 
8468.725 1.51852e-17 
8474.242 1.39128e-17 
8479.760 6.18320e-18 
8485.278 9.13726e-18 
8490.796 6.85982e-18 
8496.313 1.85999e-18 
8501.831 1.48425e-17 
8507.349 2.84314e-18 
8512.866 -1.40627e-17 
8518.384 -6.39051e-18 
8523.901 2.14867e-18 
8529.419 6.37424e-18 
8534.937 -1.00947e-17 
8540.454 -1.20980e-17 
8545.972 -9.55340e-18 
8551.489 3.80596e-18 
8557.007 -6.11241e-18 
8562.524 -1.16399e-17 
8568.042 1.20310e-18 
8573.560 -5.10381e-18 
8579.077 -7.96952e-18 
8584.596 -3.50090e-18 
8590.113 2.05612e-18 
8595.631 1.12108e-19 
8601.148 -6.22137e-18 
8606.666 -5.28439e-18 
8612.184 3.29872e-18 
8617.701 3.11510e-18 
8623.219 -1.30795e-17 
8628.736 -1.61833e-17 
8634.254 -9.97028e-18 
8639.771 6.92235e-18 
8645.289 9.96014e-18 
8650.807 1.89348e-18 
8656.324 1.11630e-17 
8661.842 3.09143e-18 
8667.359 3.51264e-18 
8672.877 -6.05547e-18 
8678.395 5.22280e-19 
8683.912 2.76873e-18 
8689.431 1.18252e-18 
8694.948 1.52759e-17 
8700.466 2.74851e-18 
8705.983 1.87892e-18 
8711.501 1.16745e-17 
8717.019 1.93248e-17 
8722.536 1.77568e-17 
8728.054 7.07266e-18 
8733.571 4.10421e-19 
8739.089 -5.67399e-18 
8744.606 5.49181e-18 
8750.124 2.27083e-17 
8755.642 2.30379e-17 
8761.159 3.51731e-17 
8766.677 3.32426e-17 
8772.194 1.12361e-17 
8777.712 1.84199e-18 
8783.229 -4.00811e-18 
8788.748 8.07321e-18 
8794.266 7.32823e-18 
8799.783 2.18604e-18 
8805.301 5.27245e-18 
8810.818 -5.59414e-18 
8816.336 -1.45956e-17 
8821.854 -2.66436e-17 
8827.371 1.04834e-17 
8832.889 1.87277e-17 
8838.406 1.10219e-17 
8843.924 3.84775e-18 
8849.441 -1.45084e-17 
8854.959 -1.84423e-19 
8860.477 8.82616e-18 
8865.994 1.78794e-17 
8871.512 2.72628e-17 
8877.029 1.14028e-17 
8882.547 3.71711e-18 
8888.064 8.90504e-18 
8893.583 -1.64788e-17 
8899.101 3.51030e-18 
8904.618 2.63821e-17 
8910.136 2.83106e-17 
8915.653 1.84067e-17 
8921.171 1.28200e-17 
8926.688 8.98341e-18 
8932.206 6.35777e-18 
8937.724 1.95267e-17 
8943.241 2.78100e-17 
8948.759 2.12533e-18 
8954.276 3.49758e-19 
8959.794 1.46578e-17 
8965.312 6.66032e-18 
8970.829 5.34095e-18 
8976.347 1.04384e-17 
8981.864 6.33017e-18 
8987.382 -1.64001e-17 
8992.900 -5.90481e-18 
8998.418 2.73953e-17 
9003.936 2.27281e-17 
9009.453 2.01972e-17 
9014.971 -8.67821e-18 
9020.488 1.20064e-19 
9026.006 1.30094e-18 
9031.523 8.76842e-18 
9037.041 6.03896e-19 
9042.559 3.41447e-18 
9048.076 -2.98057e-18 
9053.594 1.67739e-18 
9059.111 -1.11997e-17 
9064.629 2.56427e-18 
9070.146 3.31048e-18 
9075.664 1.27517e-18 
9081.182 2.41335e-18 
9086.699 -2.17292e-17 
9092.217 -8.87398e-18 
9097.735 2.13974e-17 
9103.253 1.79637e-17 
9108.771 -1.45562e-17 
9114.288 -1.21159e-17 
9119.806 5.06170e-18 
9125.323 1.88702e-17 
9130.841 2.51240e-17 
9136.358 1.76472e-17 
9141.876 1.10380e-17 
9147.394 1.28248e-17 
9152.911 2.05819e-17 
9158.429 3.55215e-17 
9163.946 2.71812e-17 
9169.464 2.59273e-18 
9174.981 -1.52920e-18 
9180.499 2.46681e-18 
9186.017 1.19756e-17 
9191.534 1.94014e-17 
9197.053 1.15569e-17 
9202.570 5.22653e-18 
9208.088 -1.15765e-17 
9213.605 -1.62184e-17 
9219.123 1.28895e-18 
9224.641 9.85287e-18 
9230.158 2.55780e-17 
