3654.16333008  8.518737E-17
3659.68169403264  9.424735E-17
3665.20005798528  1.009572E-16
3670.71842193792  9.242385E-17
3676.23678589056  7.426657E-17
3681.7551498432  7.746464E-17
3687.27351379584  6.691176E-17
3692.79187774848  9.152323E-17
3698.31024170112  9.285198E-17
3703.82860565376  8.189510E-17
3709.3469696064  7.534685E-17
3714.86533355904  9.631088E-17
3720.38369751168  8.091824E-17
3725.90206146432  6.323196E-17
3731.42042541696  7.426740E-17
3736.9387893696  7.314027E-17
3742.45715332224  8.282056E-17
3747.97551727488  8.783007E-17
3753.49388122752  8.349108E-17
3759.01224518016  8.290389E-17
3764.5306091328  8.360349E-17
3770.04897308544  7.522750E-17
3775.56733703808  8.084066E-17
3781.08570099072  8.705105E-17
3786.60406494336  7.106469E-17
3792.122428896  7.437221E-17
3797.64079284864  8.346319E-17
3803.15915680128  8.779495E-17
3808.67752075392  7.098839E-17
3814.19588470656  8.083312E-17
3819.7142486592  6.910150E-17
3825.23261261184  8.177644E-17
3830.75097656448  7.524504E-17
3836.26934051712  7.950297E-17
3841.78770446976  7.901525E-17
3847.3060684224  7.796819E-17
3852.82443237504  7.361255E-17
3858.34279632768  6.984926E-17
3863.86116028032  7.191758E-17
3869.37952423296  7.780397E-17
3874.8978881856  7.746560E-17
3880.41625213824  8.131367E-17
3885.93461609088  7.353125E-17
3891.45298004352  6.981761E-17
3896.97134399616  8.633072E-17
3902.4897079488  6.624602E-17
3908.00807190144  8.568892E-17
3913.52643585408  8.642209E-17
3919.04479980672  6.990241E-17
3924.56316375936  7.880774E-17
3930.081527712  7.741641E-17
3935.59989166464  6.531147E-17
3941.11825561728  7.674214E-17
3946.63661956992  8.273518E-17
3952.15498352256  7.799831E-17
3957.6733474752  7.636819E-17
3963.19171142784  6.625302E-17
3968.71007538048  7.135996E-17
3974.22843933312  7.239356E-17
3979.74680328576  8.866609E-17
3985.2651672384  8.817454E-17
3990.78353119104  7.417798E-17
3996.30189514368  8.234273E-17
4001.82025909632  7.380980E-17
4007.33862304896  8.457105E-17
4012.8569870016  7.687424E-17
4018.37535095424  6.615474E-17
4023.89371490688  7.708186E-17
4029.41207885952  8.084264E-17
4034.93044281216  7.523828E-17
4040.4488067648  7.618658E-17
4045.96717071744  7.195960E-17
4051.48553467008  7.299046E-17
4057.00389862272  9.276938E-17
4062.52226257536  9.136833E-17
4068.040626528  1.103172E-16
4073.55899048064  8.583946E-17
4079.07735443328  6.548765E-17
4084.59571838592  6.311597E-17
4090.11408233856  7.144509E-17
4095.6324462912  7.200598E-17
4101.15081024384  7.783127E-17
4106.66917419649  7.272952E-17
4112.18753814912  6.807500E-17
4117.70590210176  7.239179E-17
4123.2242660544  7.564825E-17
4128.74263000704  7.351764E-17
4134.26099395968  7.792294E-17
4139.77935791232  6.298424E-17
4145.29772186496  7.174838E-17
4150.8160858176  6.948604E-17
4156.33444977024  7.698186E-17
4161.85281372288  7.427281E-17
4167.37117767552  6.970156E-17
4172.88954162816  6.381581E-17
4178.4079055808  5.844729E-17
4183.92626953344  7.007985E-17
4189.44463348608  7.047836E-17
4194.96299743872  6.665703E-17
4200.48136139136  7.825198E-17
4205.999725344  7.627092E-17
4211.51808929664  7.700313E-17
4217.03645324928  7.474659E-17
4222.55481720192  7.414757E-17
4228.07318115456  7.133882E-17
4233.5915451072  7.084742E-17
4239.10990905984  6.737277E-17
4244.62827301248  7.090181E-17
4250.14663696513  7.094518E-17
4255.66500091776  6.766153E-17
4261.1833648704  7.549025E-17
4266.70172882304  6.889078E-17
4272.22009277569  8.233094E-17
4277.73845672832  7.294779E-17
4283.25682068096  5.557613E-17
4288.7751846336  5.405386E-17
4294.29354858624  6.795362E-17
4299.81191253888  6.323721E-17
4305.33027649152  7.470666E-17
4310.84864044416  8.123876E-17
4316.3670043968  7.864796E-17
4321.88536834944  6.401855E-17
4327.40373230208  5.500637E-17
4332.92209625472  6.034878E-17
4338.44046020736  6.865641E-17
4343.95882416  7.127024E-17
4349.47718811264  6.581852E-17
4354.99555206528  7.270782E-17
4360.51391601792  7.329074E-17
4366.03227997056  7.839361E-17
4371.5506439232  9.066168E-17
4377.06900787584  9.289136E-17
4382.58737182848  7.570590E-17
4388.10573578112  7.726507E-17
4393.62409973376  7.788484E-17
4399.1424636864  7.661177E-17
4404.66082763904  7.682578E-17
4410.17919159168  7.574157E-17
4415.69755554432  8.551828E-17
4421.21591949696  8.196584E-17
4426.7342834496  7.474726E-17
4432.25264740224  7.662128E-17
4437.77101135488  7.783163E-17
4443.28937530752  7.712273E-17
4448.80773926016  7.738056E-17
4454.3261032128  7.999165E-17
4459.84446716544  7.362149E-17
4465.36283111808  7.344156E-17
4470.88119507072  7.281728E-17
4476.39955902337  8.230021E-17
4481.917922976  8.430946E-17
4487.43628692864  7.387950E-17
4492.95465088128  7.661095E-17
4498.47301483392  7.909966E-17
4503.99137878656  7.409423E-17
4509.5097427392  7.973627E-17
4515.02810669184  7.709388E-17
4520.54647064448  7.427748E-17
4526.06483459712  7.823941E-17
4531.58319854976  7.653297E-17
4537.1015625024  7.924156E-17
4542.61992645504  6.959167E-17
4548.13829040768  7.459296E-17
4553.65665436032  7.393333E-17
4559.17501831296  7.794928E-17
4564.6933822656  7.449750E-17
4570.21174621824  7.165094E-17
4575.73011017088  8.855607E-17
4581.24847412352  7.762147E-17
4586.76683807616  7.325157E-17
4592.28520202881  7.827996E-17
4597.80356598144  7.803705E-17
4603.32192993408  7.791331E-17
4608.84029388672  7.742814E-17
4614.35865783936  7.002666E-17
4619.87702179201  7.754624E-17
4625.39538574464  7.586770E-17
4630.91374969728  7.471005E-17
4636.43211364992  8.393081E-17
4641.95047760257  7.769168E-17
4647.4688415552  7.265823E-17
4652.98720550784  6.951794E-17
4658.50556946048  7.425155E-17
4664.02393341312  7.740730E-17
4669.54229736576  8.044130E-17
4675.06066131841  7.422643E-17
4680.57902527104  7.335667E-17
4686.09738922368  7.489273E-17
4691.61575317632  7.089555E-17
4697.13411712896  7.012727E-17
4702.6524810816  6.442550E-17
4708.17084503424  7.491495E-17
4713.68920898688  7.433793E-17
4719.20757293952  6.805341E-17
4724.72593689216  7.399618E-17
4730.2443008448  7.389601E-17
4735.76266479745  7.267997E-17
4741.28102875009  7.899626E-17
4746.79939270273  7.781772E-17
4752.31775665536  7.168715E-17
4757.836120608  7.946315E-17
4763.35448456064  7.973860E-17
4768.87284851328  8.380229E-17
4774.39121246592  7.969955E-17
4779.90957641856  7.412127E-17
4785.4279403712  7.267005E-17
4790.94630432384  7.328535E-17
4796.46466827648  7.758459E-17
4801.98303222912  8.010371E-17
4807.50139618176  7.981253E-17
4813.0197601344  7.800856E-17
4818.53812408705  7.919141E-17
4824.05648803968  8.248301E-17
4829.57485199233  6.940680E-17
4835.09321594496  8.701534E-17
4840.6115798976  7.249224E-17
4846.12994385025  8.109572E-17
4851.64830780289  8.039093E-17
4857.16667175552  8.125090E-17
4862.68503570817  7.097481E-17
4868.2033996608  7.778965E-17
4873.72176361344  7.893882E-17
4879.24012756609  8.324852E-17
4884.75849151872  7.782863E-17
4890.27685547137  7.488347E-17
4895.795219424  7.883176E-17
4901.31358337664  8.003520E-17
4906.83194732929  7.733795E-17
4912.35031128192  8.931551E-17
4917.86867523456  9.031954E-17
4923.3870391872  7.937000E-17
4928.90540313984  7.878543E-17
4934.42376709248  8.591657E-17
4939.94213104512  7.554962E-17
4945.46049499777  7.744563E-17
4950.9788589504  8.137992E-17
4956.49722290304  8.169080E-17
4962.01558685568  8.083129E-17
4967.53395080832  7.433394E-17
4973.05231476097  8.106959E-17
4978.5706787136  8.483185E-17
4984.08904266625  7.913203E-17
4989.60740661889  7.548314E-17
4995.12577057152  7.862066E-17
5000.64413452417  8.054966E-17
5006.16249847681  7.250738E-17
5011.68086242945  8.479709E-17
5017.19922638208  8.463705E-17
5022.71759033473  8.713312E-17
5028.23595428736  7.596948E-17
5033.75431824001  8.826785E-17
5039.27268219264  9.236045E-17
5044.79104614529  7.610191E-17
5050.30941009793  8.162459E-17
5055.82777405057  7.822319E-17
5061.34613800321  7.870568E-17
5066.86450195584  7.537659E-17
5072.38286590848  7.375326E-17
5077.90122986112  7.810854E-17
5083.41959381377  7.726937E-17
5088.93795776641  8.263296E-17
5094.45632171904  7.956739E-17
5099.97468567168  7.674059E-17
5105.49304962433  7.954338E-17
5111.01141357697  7.658629E-17
5116.52977752961  8.282216E-17
5122.04814148224  8.746421E-17
5127.56650543489  8.574510E-17
5133.08486938753  8.426376E-17
5138.60323334017  8.592781E-17
5144.12159729281  8.356182E-17
5149.63996124544  8.069850E-17
5155.15832519809  8.214142E-17
5160.67668915073  7.801970E-17
5166.19505310337  8.143476E-17
5171.71341705601  8.046834E-17
5177.23178100865  8.274091E-17
5182.75014496129  8.130316E-17
5188.26850891393  7.633761E-17
5193.78687286657  7.406209E-17
5199.30523681921  8.050345E-17
5204.82360077184  8.127690E-17
5210.34196472449  7.331562E-17
5215.86032867713  8.161757E-17
5221.37869262977  8.367964E-17
5226.8970565824  7.530552E-17
5232.41542053505  8.190419E-17
5237.93378448769  8.099502E-17
5243.45214844032  8.004267E-17
5248.97051239297  8.051857E-17
5254.48887634561  7.762068E-17
5260.00724029825  7.853247E-17
5265.52560425089  8.193172E-17
5271.04396820352  8.133101E-17
5276.56233215617  8.199303E-17
5282.08069610881  7.179444E-17
5287.59906006145  8.234627E-17
5293.11742401409  8.370633E-17
5298.63578796673  7.968292E-17
5304.15415191937  8.733586E-17
5309.67251587201  8.560312E-17
5315.19087982465  7.533845E-17
5320.70924377729  7.999237E-17
5326.22760772992  7.760849E-17
5331.74597168256  6.905365E-17
5337.26433563521  7.830131E-17
5342.78269958785  8.028867E-17
5348.30106354049  7.605451E-17
5353.81942749312  7.981908E-17
5359.33779144577  7.409396E-17
5364.85615539841  7.339493E-17
5370.37451935105  7.403460E-17
5375.89288330369  6.701348E-17
5381.41124725633  7.454480E-17
5386.92961120896  7.713069E-17
5392.44797516161  7.452854E-17
5397.96633911424  7.804382E-17
5403.48470306689  6.963703E-17
5409.00306701952  7.199895E-17
5414.52143097217  6.974255E-17
5420.03979492481  7.848530E-17
5425.55815887745  6.959771E-17
5431.07652283009  7.440144E-17
5436.59488678273  7.192946E-17
5442.11325073537  7.660033E-17
5447.63161468801  7.817308E-17
5453.14997864065  7.855712E-17
5458.66834259329  7.250527E-17
5464.18670654593  7.758707E-17
5469.70507049857  6.868911E-17
5475.22343445121  7.035654E-17
5480.74179840385  6.879981E-17
5486.26016235649  6.988924E-17
5491.77852630913  7.522107E-17
5497.29689026177  7.407234E-17
5502.81525421441  8.068281E-17
5508.33361816705  7.177070E-17
5513.85198211969  7.947580E-17
5519.37034607233  8.198056E-17
5524.88871002497  7.810651E-17
5530.40707397761  6.888002E-17
5535.92543793025  7.118566E-17
5541.44380188289  7.660479E-17
5546.96216583553  6.988199E-17
5552.48052978817  6.812418E-17
5557.99889374081  4.262323E-17
5563.51725769345  6.279939E-17
5569.03562164609  9.783313E-17
5574.55398559873  8.644524E-17
5580.07234955137  1.353517E-16
5585.59071350401  4.802506E-17
5591.10907745665  5.650980E-17
5596.62744140928  7.125798E-17
5602.14580536193  6.405876E-17
5607.66416931457  6.528389E-17
5613.18253326721  6.945828E-17
5618.70089721985  7.715922E-17
5624.21926117249  7.021853E-17
5629.73762512513  6.988360E-17
5635.25598907777  5.733193E-17
5640.7743530304  5.701447E-17
5646.29271698305  6.853002E-17
5651.81108093569  6.294807E-17
5657.32944488833  5.732961E-17
5662.84780884097  6.970293E-17
5668.36617279361  7.062052E-17
5673.88453674625  6.518423E-17
5679.40290069889  6.483861E-17
5684.92126465153  6.152838E-17
5690.43962860417  6.199850E-17
5695.95799255681  6.988183E-17
5701.47635650945  7.113575E-17
5706.99472046209  7.021531E-17
5712.51308441473  7.170143E-17
5718.03144836737  6.382225E-17
5723.54981232001  6.431028E-17
5729.06817627265  6.818850E-17
5734.58654022529  6.888914E-17
5740.10490417793  6.525342E-17
5745.62326813057  6.473670E-17
5751.14163208321  6.300657E-17
5756.65999603585  5.650758E-17
5762.17835998849  7.495303E-17
5767.69672394113  7.343454E-17
5773.21508789377  7.011909E-17
5778.73345184641  6.680027E-17
5784.25181579905  6.858324E-17
5789.77017975169  7.191184E-17
5795.28854370433  6.912074E-17
5800.80690765697  6.376644E-17
5806.32527160961  7.198672E-17
5811.84363556225  6.331534E-17
5817.36199951489  6.985591E-17
5822.88036346753  6.438775E-17
5828.39872742017  6.951100E-17
5833.91709137281  6.901579E-17
5839.43545532545  6.916477E-17
5844.95381927809  6.602438E-17
5850.47218323073  6.588724E-17
5855.99054718337  6.765365E-17
5861.50891113601  6.884812E-17
5867.02727508865  6.593773E-17
5872.54563904129  6.529264E-17
5878.06400299393  7.203956E-17
5883.58236694657  6.435483E-17
5889.10073089921  6.348771E-17
5894.61909485185  6.567004E-17
5900.13745880449  6.761850E-17
5905.65582275713  7.166214E-17
5911.17418670977  6.910774E-17
5916.69255066241  6.600614E-17
5922.21091461505  7.016291E-17
5927.72927856769  6.782109E-17
5933.24764252033  7.156724E-17
5938.76600647297  7.288279E-17
5944.2843704256  7.102805E-17
5949.80273437825  6.516610E-17
5955.32109833089  6.355822E-17
5960.83946228353  6.529960E-17
5966.35782623617  6.428928E-17
5971.87619018881  6.330763E-17
5977.39455414145  6.642096E-17
5982.91291809409  6.401465E-17
5988.43128204673  6.326380E-17
5993.94964599937  6.692284E-17
5999.46800995201  6.572129E-17
6004.98637390465  6.332269E-17
6010.50473785729  6.292200E-17
6016.02310180993  6.404539E-17
6021.54146576257  6.441214E-17
6027.05982971521  7.358775E-17
6032.57819366785  6.836106E-17
6038.09655762049  6.905798E-17
6043.61492157313  7.769541E-17
6049.13328552577  7.213455E-17
6054.65164947841  6.893415E-17
6060.17001343105  6.588784E-17
6065.68837738369  5.865080E-17
6071.20674133633  6.930027E-17
6076.72510528897  6.507192E-17
6082.24346924161  6.312348E-17
6087.76183319425  6.654984E-17
6093.28019714688  6.125166E-17
6098.79856109953  6.060213E-17
6104.31692505217  6.659161E-17
6109.83528900481  6.739658E-17
6115.35365295745  6.449940E-17
6120.87201691009  6.874750E-17
6126.39038086273  6.326708E-17
6131.90874481537  6.430569E-17
6137.42710876801  6.549154E-17
6142.94547272065  6.473580E-17
6148.46383667329  6.663100E-17
6153.98220062593  6.269369E-17
6159.50056457857  6.251320E-17
6165.01892853121  6.178440E-17
6170.53729248385  6.167611E-17
6176.05565643649  5.821221E-17
6181.57402038913  6.943134E-17
6187.09238434177  6.736858E-17
6192.61074829441  6.784909E-17
6198.12911224705  6.331947E-17
6203.64747619969  7.020074E-17
6209.16584015233  6.527356E-17
6214.68420410497  6.474903E-17
6220.20256805761  5.450561E-17
6225.72093201025  6.142497E-17
6231.23929596289  7.269123E-17
6236.75765991553  6.446647E-17
6242.27602386817  6.574179E-17
6247.79438782081  6.866680E-17
6253.31275177345  6.354179E-17
6258.83111572609  7.211186E-17
6264.34947967873  7.590344E-17
6269.86784363137  7.051670E-17
6275.38620758401  6.606636E-17
6280.90457153665  6.098049E-17
6286.42293548929  6.975762E-17
6291.94129944193  7.484660E-17
6297.45966339457  7.627507E-17
6302.97802734721  8.002887E-17
6308.49639129985  6.480562E-17
6314.01475525249  6.756078E-17
6319.53311920513  7.709167E-17
6325.05148315777  7.143944E-17
6330.56984711041  6.739921E-17
6336.08821106305  5.906698E-17
6341.60657501569  5.866592E-17
6347.12493896833  7.023709E-17
6352.64330292097  7.667790E-17
6358.16166687361  7.065595E-17
6363.68003082625  6.987418E-17
6369.19839477889  7.142657E-17
6374.71675873153  6.319173E-17
6380.23512268417  7.058642E-17
6385.75348663681  6.480870E-17
6391.27185058945  6.363954E-17
6396.79021454209  7.188114E-17
6402.30857849473  6.772347E-17
6407.82694244737  6.661100E-17
6413.34530640001  7.027197E-17
6418.86367035265  5.840050E-17
6424.38203430529  6.336303E-17
6429.90039825793  5.884978E-17
6435.41876221057  6.617990E-17
6440.93712616321  6.730064E-17
6446.45549011585  5.627566E-17
6451.97385406849  6.242517E-17
6457.49221802113  5.709951E-17
6463.01058197377  6.016234E-17
6468.52894592641  7.090781E-17
6474.04730987905  6.862648E-17
6479.56567383169  6.515658E-17
6485.08403778433  6.315044E-17
6490.60240173697  5.940425E-17
6496.12076568961  6.189018E-17
6501.63912964225  6.100053E-17
6507.15749359489  6.242917E-17
6512.67585754753  6.279263E-17
6518.19422150017  5.834185E-17
6523.71258545281  5.788384E-17
6529.23094940545  6.983904E-17
6534.74931335809  6.087860E-17
6540.26767731073  5.916020E-17
6545.78604126337  6.262435E-17
6551.30440521601  6.100347E-17
6556.82276916865  6.191078E-17
6562.34113312129  5.919680E-17
6567.85949707393  6.987636E-17
6573.37786102657  6.600943E-17
6578.89622497921  6.795139E-17
6584.41458893185  6.739303E-17
6589.93295288449  6.008983E-17
6595.45131683713  6.810566E-17
6600.96968078977  6.162755E-17
6606.48804474241  7.042002E-17
6612.00640869505  6.700664E-17
6617.52477264769  6.405846E-17
6623.04313660033  6.039901E-17
6628.56150055297  6.200974E-17
6634.07986450561  6.884078E-17
6639.59822845825  5.778384E-17
6645.11659241089  6.343842E-17
6650.63495636353  6.231053E-17
6656.15332031617  6.100682E-17
6661.67168426881  5.634593E-17
6667.19004822145  6.073791E-17
6672.70841217409  6.042789E-17
6678.22677612673  6.161504E-17
6683.74514007937  6.181920E-17
6689.26350403201  6.509634E-17
6694.78186798465  6.876635E-17
6700.30023193729  6.538302E-17
6705.81859588993  6.661757E-17
6711.33695984257  6.271901E-17
6716.85532379521  5.327834E-17
6722.37368774785  5.253427E-17
6727.89205170049  5.770081E-17
6733.41041565313  6.454735E-17
6738.92877960577  6.163245E-17
6744.44714355841  6.107303E-17
6749.96550751105  5.880217E-17
6755.48387146369  6.994269E-17
6761.00223541633  6.444199E-17
6766.52059936897  6.032068E-17
6772.03896332161  6.105677E-17
6777.55732727425  6.142815E-17
6783.07569122689  5.610622E-17
6788.59405517953  6.200004E-17
6794.11241913217  5.981268E-17
6799.63078308481  6.146596E-17
6805.14914703745  6.103874E-17
6810.66751099009  5.576514E-17
6816.18587494273  6.333182E-17
6821.70423889537  5.683508E-17
6827.22260284801  5.573387E-17
6832.74096680065  5.816113E-17
6838.25933075329  5.821705E-17
6843.77769470593  5.817252E-17
6849.29605865857  6.272441E-17
6854.81442261121  5.968625E-17
6860.33278656385  6.151013E-17
6865.85115051649  6.052657E-17
6871.36951446913  5.648065E-17
6876.88787842177  6.079707E-17
6882.40624237441  6.079836E-17
6887.92460632705  6.401362E-17
6893.44297027969  6.756424E-17
6898.96133423233  6.688613E-17
6904.47969818497  6.533039E-17
6909.99806213761  6.405883E-17
6915.51642609025  6.689692E-17
6921.03479004289  6.371884E-17
6926.55315399553  6.722394E-17
6932.07151794817  5.953576E-17
6937.58988190081  6.441064E-17
6943.10824585345  6.180408E-17
6948.62660980609  7.347470E-17
6954.14497375873  7.558196E-17
6959.66333771137  6.987436E-17
6965.18170166401  7.096167E-17
6970.70006561665  6.155223E-17
6976.21842956929  6.527280E-17
6981.73679352193  7.089124E-17
6987.25515747457  5.932498E-17
6992.77352142721  5.564846E-17
6998.29188537985  6.471937E-17
7003.81024933249  6.270598E-17
7009.32861328513  6.219460E-17
7014.84697723777  6.555743E-17
7020.36534119041  6.681240E-17
7025.88370514305  6.657716E-17
7031.40206909569  6.125863E-17
7036.92043304833  6.528833E-17
7042.43879700097  7.888327E-17
7047.95716095361  6.887719E-17
7053.47552490625  5.951451E-17
7058.99388885889  6.729799E-17
7064.51225281153  6.909321E-17
7070.03061676417  5.996264E-17
7075.54898071681  6.786236E-17
7081.06734466945  6.139070E-17
7086.58570862209  6.919185E-17
7092.10407257473  6.169262E-17
7097.62243652737  5.683832E-17
7103.14080048001  5.733104E-17
7108.65916443265  6.447996E-17
7114.17752838529  6.641499E-17
7119.69589233793  7.191078E-17
7125.21425629057  6.138624E-17
7130.73262024321  7.024514E-17
7136.25098419585  6.635409E-17
7141.76934814849  7.872292E-17
7147.28771210113  7.566020E-17
7152.80607605377  7.761912E-17
7158.32444000641  9.472133E-17
7163.84280395905  8.842608E-17
7169.36116791169  6.959624E-17
7174.87953186433  6.694406E-17
7180.39789581697  7.961853E-17
7185.91625976961  7.404912E-17
7191.43462372225  6.793678E-17
7196.95298767489  7.619976E-17
7202.47135162753  6.262500E-17
7207.98971558017  5.792713E-17
7213.50807953281  6.729011E-17
7219.02644348545  6.747254E-17
7224.54480743809  5.984247E-17
7230.06317139073  5.714479E-17
7235.58153534337  6.536810E-17
7241.09989929601  5.741572E-17
7246.61826324865  6.805697E-17
7252.13662720129  6.824730E-17
7257.65499115393  6.047222E-17
7263.17335510657  6.360703E-17
7268.69171905921  6.726979E-17
7274.21008301185  7.298087E-17
7279.72844696449  8.101636E-17
7285.24681091713  5.447569E-17
7290.76517486977  5.422961E-17
7296.28353882241  6.706391E-17
7301.80190277505  6.437098E-17
7307.32026672769  6.936609E-17
7312.83863068033  5.288309E-17
7318.35699463297  6.402034E-17
7323.87535858561  6.724639E-17
7329.39372253825  6.530486E-17
7334.91208649089  6.857873E-17
7340.43045044353  6.286833E-17
7345.94881439617  6.908162E-17
7351.46717834881  5.881877E-17
7356.98554230145  5.564859E-17
7362.50390625409  6.681948E-17
7368.02227020673  5.889087E-17
7373.54063415937  5.654722E-17
7379.05899811201  5.228134E-17
7384.57736206465  5.730391E-17
7390.09572601729  6.111331E-17
7395.61408996993  6.695160E-17
7401.13245392257  5.504059E-17
7406.65081787521  4.721678E-17
7412.16918182785  6.034453E-17
7417.68754578049  6.531227E-17
7423.20590973313  5.562870E-17
7428.72427368577  5.933955E-17
7434.24263763841  5.536264E-17
7439.76100159105  6.057119E-17
7445.27936554369  6.093828E-17
7450.79772949633  6.485466E-17
7456.31609344897  6.368581E-17
7461.83445740161  5.943450E-17
7467.35282135425  5.287579E-17
7472.87118530689  5.365930E-17
7478.38954925953  6.134006E-17
7483.90791321217  6.255757E-17
7489.42627716481  6.202505E-17
7494.94464111745  5.569648E-17
7500.46300507009  4.985592E-17
7505.98136902273  5.120866E-17
7511.49973297537  6.017578E-17
7517.01809692801  6.768609E-17
7522.53646088065  7.212545E-17
7528.05482483329  4.862444E-17
7533.57318878593  4.559460E-17
7539.09155273857  5.153078E-17
7544.60991669121  5.401605E-17
7550.12828064385  5.924978E-17
7555.64664459649  5.915455E-17
7561.16500854913  5.476480E-17
7566.68337250177  5.253067E-17
7572.20173645441  5.089099E-17
7577.72010040705  6.364040E-17
7583.23846435969  6.269864E-17
7588.75682831233  5.756663E-17
7594.27519226497  4.660284E-17
7599.79355621761  3.685089E-17
7605.31192017025  2.281220E-17
7610.83028412289  4.331950E-17
7616.34864807553  7.507868E-17
7621.86701202817  9.063466E-17
7627.38537598081  6.541993E-17
7632.90373993345  3.364927E-17
7638.42210388609  5.466609E-17
7643.94046783873  5.364538E-17
7649.45883179137  6.453108E-17
7654.97719574401  7.727292E-17
7660.49555969665  5.174431E-17
7666.01392364929  5.136598E-17
7671.53228760193  6.289015E-17
7677.05065155457  5.727164E-17
7682.56901550721  5.339792E-17
7688.08737945985  7.084309E-17
7693.60574341249  5.832538E-17
7699.12410736513  4.094040E-17
7704.64247131777  5.445916E-17
7710.16083527041  5.246407E-17
7715.67919922305  6.455302E-17
7721.19756317569  7.095674E-17
7726.71592712833  6.342442E-17
7732.23429108097  4.672887E-17
7737.75265503361  4.814403E-17
7743.27101898625  4.859538E-17
7748.78938293889  5.944055E-17
7754.30774689153  7.349380E-17
7759.82611084417  6.160118E-17
7765.34447479681  4.620083E-17
7770.86283874945  4.493327E-17
7776.38120270209  5.470982E-17
7781.89956665473  6.862416E-17
7787.41793060737  6.600866E-17
7792.93629456001  6.577202E-17
7798.45465851265  6.664582E-17
7803.97302246529  4.040924E-17
7809.49138641793  3.218024E-17
7815.00975037057  5.561264E-17
7820.52811432321  4.646679E-17
7826.04647827585  6.102559E-17
7831.56484222849  6.058032E-17
7837.08320618113  4.208013E-17
7842.60157013377  4.425361E-17
7848.11993408641  3.803144E-17
7853.63829803905  5.487894E-17
7859.15666199169  6.933391E-17
7864.67502594433  5.557994E-17
7870.19338989697  4.972942E-17
7875.71175384961  5.032719E-17
7881.23011780225  4.409135E-17
7886.74848175489  6.672847E-17
7892.26684570753  5.805875E-17
7897.78520966017  6.704189E-17
7903.30357361281  6.290129E-17
7908.82193756545  4.040482E-17
7914.34030151809  4.866091E-17
7919.85866547073  5.297258E-17
7925.37702942337  5.480393E-17
7930.89539337601  6.278012E-17
7936.41375732865  5.570772E-17
7941.93212128129  5.266215E-17
7947.45048523393  3.998888E-17
7952.96884918657  4.297785E-17
7958.48721313921  5.661281E-17
7964.00557709185  5.597608E-17
7969.52394104449  7.165878E-17
7975.04230499713  4.580418E-17
7980.56066894977  3.911916E-17
7986.07903290241  4.328245E-17
7991.59739685505  4.387548E-17
7997.11576080769  5.823225E-17
8002.63412476033  6.205209E-17
8008.15248871297  5.529778E-17
8013.67085266561  5.028225E-17
8019.18921661825  4.719859E-17
8024.70758057089  5.038462E-17
8030.22594452353  5.343336E-17
8035.74430847617  5.247119E-17
8041.26267242881  5.653266E-17
8046.78103638145  5.891784E-17
8052.29940033409  5.019026E-17
8057.81776428673  4.531375E-17
8063.33612823937  4.866245E-17
8068.85449219201  5.852058E-17
8074.37285614465  5.596216E-17
8079.89122009729  5.936438E-17
8085.40958404993  5.111313E-17
8090.92794800257  4.257654E-17
8096.44631195521  5.115350E-17
8101.96467590785  5.342536E-17
8107.48303986049  6.225113E-17
8113.00140381313  7.005684E-17
8118.51976776577  5.072964E-17
8124.03813171841  4.436593E-17
8129.55649567105  5.428315E-17
8135.07485962369  4.314794E-17
8140.59322357633  4.756113E-17
8146.11158752897  6.016553E-17
8151.62995148161  6.193979E-17
8157.14831543425  4.887606E-17
8162.66667938689  5.120299E-17
8168.18504333953  4.662299E-17
8173.70340729217  4.721676E-17
8179.22177124481  5.418805E-17
8184.74013519745  5.942391E-17
8190.25849915009  6.168877E-17
8195.77686310273  4.828692E-17
8201.29522705537  4.519334E-17
8206.81359100801  4.965242E-17
8212.33195496065  5.053511E-17
8217.85031891329  5.300110E-17
8223.36868286593  5.839255E-17
8228.88704681857  5.501629E-17
8234.40541077121  5.710474E-17
8239.92377472385  4.226008E-17
8245.44213867649  5.670618E-17
8250.96050262913  5.048429E-17
8256.47886658177  6.296473E-17
8261.99723053441  4.767920E-17
8267.51559448705  5.171559E-17
8273.03395843969  2.517768E-17
8278.55232239233  5.155367E-17
8284.07068634497  5.278647E-17
8289.58905029761  7.827911E-17
8295.10741425025  7.005309E-17
8300.62577820289  6.705784E-17
8306.14414215553  5.784363E-17
8311.66250610817  3.734597E-17
8317.18087006081  4.300038E-17
8322.69923401345  4.734576E-17
8328.21759796609  3.769398E-17
8333.73596191873  5.249265E-17
8339.25432587137  4.748619E-17
8344.77268982401  3.795915E-17
8350.29105377665  5.162516E-17
8355.80941772929  4.278724E-17
8361.32778168193  5.583572E-17
8366.84614563457  3.988655E-17
8372.36450958721  4.960868E-17
8377.88287353985  5.038097E-17
8383.40123749249  3.561721E-17
8388.91960144513  4.154159E-17
8394.43796539777  2.604204E-17
8399.95632935041  5.889040E-17
8405.47469330305  8.850074E-17
8410.99305725569  4.397533E-17
8416.51142120833  4.455084E-17
8422.02978516097  4.698318E-17
8427.54814911361  2.566795E-17
8433.06651306625  5.354028E-17
8438.58487701889  6.108965E-17
8444.10324097153  5.282893E-17
8449.62160492417  4.823383E-17
8455.13996887681  6.255236E-17
8460.65833282945  5.126221E-17
8466.17669678209  4.799917E-17
8471.69506073473  4.909415E-17
8477.21342468737  4.535299E-17
8482.73178864001  4.800651E-17
8488.25015259265  4.394894E-17
8493.76851654529  4.609529E-17
8499.28688049793  4.591463E-17
8504.80524445057  4.210246E-17
8510.32360840321  5.558876E-17
8515.84197235585  5.829428E-17
8521.36033630849  5.014906E-17
8526.87870026113  6.240609E-17
8532.39706421377  4.284339E-17
8537.91542816641  4.802281E-17
8543.43379211905  4.658315E-17
8548.95215607169  5.396631E-17
8554.47052002433  7.214114E-17
8559.98888397697  4.241585E-17
8565.50724792961  5.522014E-17
8571.02561188225  4.490114E-17
8576.54397583489  4.486399E-17
8582.06233978753  4.458999E-17
8587.58070374017  5.180905E-17
8593.09906769281  6.101997E-17
8598.61743164545  4.811107E-17
8604.13579559809  4.312425E-17
8609.65415955073  3.416811E-17
8615.17252350337  3.782905E-17
8620.69088745601  4.274764E-17
8626.20925140865  5.702165E-17
8631.72761536129  6.689520E-17
8637.24597931393  6.027375E-17
8642.76434326657  5.573475E-17
8648.28270721921  5.074313E-17
8653.80107117185  3.236581E-17
8659.31943512449  3.483049E-17
8664.83779907713  6.197391E-17
8670.35616302977  6.124595E-17
8675.87452698241  5.617285E-17
8681.39289093505  3.971926E-17
8686.91125488769  5.281826E-17
8692.42961884033  3.760588E-17
8697.94798279297  4.851090E-17
8703.46634674561  6.994085E-17
8708.98471069825  4.793196E-17
8714.50307465089  4.918268E-17
8720.02143860353  5.355626E-17
8725.53980255617  4.264032E-17
8731.05816650881  3.484602E-17
8736.57653046145  3.919461E-17
8742.09489441409  3.714503E-17
8747.61325836673  5.822139E-17
8753.13162231937  7.715876E-17
8758.64998627201  6.310929E-17
8764.16835022465  5.004709E-17
8769.68671417729  5.147961E-17
8775.20507812993  3.772181E-17
8780.72344208257  4.983079E-17
8786.24180603521  5.634316E-17
8791.76016998785  5.550908E-17
8797.27853394049  5.578282E-17
8802.79689789313  3.582709E-17
8808.31526184577  3.041550E-17
8813.83362579841  3.637106E-17
8819.35198975105  7.666452E-17
8824.87035370369  1.158485E-16
8830.38871765633  9.954161E-17
8835.90708160897  4.719641E-17
8841.42544556161  4.015556E-17
8846.94380951425  3.098973E-17
8852.46217346689  5.606313E-17
8857.98053741953  7.211892E-17
8863.49890137217  7.755680E-17
8869.01726532481  3.473556E-17
8874.53562927745  4.658371E-17
8880.05399323009  1.588653E-17
8885.57235718273  3.522147E-17
8891.09072113537  7.914120E-17
8896.60908508801  6.372533E-17
8902.12744904065  4.889903E-17
8907.64581299329  4.052145E-17
8913.16417694593  3.421708E-17
8918.68254089857  3.725357E-17
8924.20090485121  6.519582E-17
8929.71926880385  7.044746E-17
8935.23763275649  5.665609E-17
8940.75599670913  5.265375E-17
8946.27436066177  4.197711E-17
8951.79272461441  4.025941E-17
8957.31108856705  4.982462E-17
8962.82945251969  5.842580E-17
8968.34781647233  5.892354E-17
8973.86618042497  5.727027E-17
8979.38454437761  5.039925E-17
8984.90290833025  4.304827E-17
8990.42127228289  5.026768E-17
8995.93963623553  5.847461E-17
9001.45800018817  6.900915E-17
9006.97636414081  5.013078E-17
9012.49472809345  2.985586E-17
9018.01309204609  3.551195E-17
9023.53145599873  3.564487E-17
9029.04981995137  3.850373E-17
9034.56818390401  4.190697E-17
9040.08654785665  7.000500E-17
9045.60491180929  3.170780E-17
9051.12327576193  3.762726E-17
9056.64163971457  4.376481E-17
9062.16000366721  5.489311E-17
9067.67836761985  3.068171E-17
9073.19673157249  3.226637E-17
9078.71509552513  3.960212E-17
9084.23345947777  4.199025E-17
9089.75182343041  3.555898E-17
9095.27018738305  3.540456E-17
9100.78855133569  6.343133E-17
9106.30691528833  4.795628E-17
9111.82527924097  3.881413E-17
9117.34364319361  4.435043E-17
9122.86200714625  4.285105E-17
9128.38037109889  4.778477E-17
9133.89873505153  4.735762E-17
9139.41709900417  2.924038E-17
9144.93546295681  3.603669E-17
9150.45382690945  4.396094E-17
9155.97219086209  5.176784E-17
9161.49055481473  6.281524E-17
9167.00891876737  4.468863E-17
9172.52728272001  3.245455E-17
9178.04564667265  4.639331E-17
9183.56401062529  5.598890E-17
9189.08237457793  4.676618E-17
9194.60073853057  3.819808E-17
9200.11910248321  3.722968E-17
9205.63746643585  3.245314E-17
9211.15583038849  2.965094E-17
9216.67419434113  5.563614E-17
9222.19255829377  5.778835E-17
9227.71092224641  4.632070E-17
9233.22928619905  4.644656E-17
9238.74765015169  4.664006E-17
9244.26601410433  4.692713E-17
9249.78437805697  4.323591E-17
