3651.83325  1.54853e-16
3657.35088  1.39583e-16
3662.86851  1.34976e-16
3668.38614  1.18222e-16
3673.90378  1.41420e-16
3679.42141  1.55988e-16
3684.93904  1.50945e-16
3690.45667  1.56349e-16
3695.97430  1.08226e-16
3701.49193  1.36719e-16
3707.00956  1.41824e-16
3712.52719  1.18869e-16
3718.04482  1.67287e-16
3723.56245  1.32968e-16
3729.08009  1.10156e-16
3734.59771  1.25091e-16
3740.11535  1.44011e-16
3745.63298  1.13597e-16
3751.15061  1.15259e-16
3756.66824  1.29267e-16
3762.18587  1.31056e-16
3767.70350  1.33943e-16
3773.22113  1.45180e-16
3778.73876  1.12872e-16
3784.25639  1.23836e-16
3789.77402  1.39507e-16
3795.29164  1.29330e-16
3800.80929  1.26752e-16
3806.32692  1.38522e-16
3811.84455  1.23096e-16
3817.36218  1.27052e-16
3822.87981  1.30630e-16
3828.39744  1.35140e-16
3833.91508  1.33279e-16
3839.43270  1.30553e-16
3844.95033  1.27655e-16
3850.46796  1.22086e-16
3855.98559  1.18388e-16
3861.50322  1.23210e-16
3867.02086  1.20353e-16
3872.53849  1.28315e-16
3878.05612  1.22512e-16
3883.57375  1.23986e-16
3889.09138  1.23906e-16
3894.60901  1.21022e-16
3900.12663  1.20910e-16
3905.64427  1.15385e-16
3911.16190  1.16957e-16
3916.67953  1.32617e-16
3922.19716  1.30857e-16
3927.71479  1.24167e-16
3933.23243  1.37980e-16
3938.75007  1.25035e-16
3944.26769  1.31245e-16
3949.78532  1.40323e-16
3955.30295  1.24436e-16
3960.82058  1.33096e-16
3966.33821  1.30800e-16
3971.85584  1.23401e-16
3977.37347  1.17613e-16
3982.89110  1.15516e-16
3988.40873  1.22659e-16
3993.92636  9.09356e-17
3999.44400  1.16536e-16
4004.96162  1.09293e-16
4010.47926  1.12607e-16
4015.99689  1.18625e-16
4021.51452  1.32981e-16
4027.03215  1.18099e-16
4032.54978  1.18714e-16
4038.06741  1.06824e-16
4043.58504  1.00464e-16
4049.10267  1.09980e-16
4054.62030  1.05621e-16
4060.13794  1.13674e-16
4065.65557  1.10627e-16
4071.17320  1.19354e-16
4076.69083  1.03543e-16
4082.20846  1.09069e-16
4087.72609  1.09223e-16
4093.24372  1.09498e-16
4098.76135  1.11403e-16
4104.27898  1.14939e-16
4109.79661  1.09528e-16
4115.31424  1.12109e-16
4120.83187  9.96981e-17
4126.34951  1.15527e-16
4131.86714  9.26656e-17
4137.38477  1.16187e-16
4142.90240  9.77319e-17
4148.42003  1.00840e-16
4153.93766  1.16015e-16
4159.45529  1.04769e-16
4164.97292  9.24986e-17
4170.49055  9.71832e-17
4176.00819  9.77530e-17
4181.52581  9.20849e-17
4187.04344  9.83667e-17
4192.56108  1.04886e-16
4198.07871  9.44966e-17
4203.59634  1.02054e-16
4209.11397  9.39779e-17
4214.63161  1.16579e-16
4220.14923  1.03979e-16
4225.66686  1.04440e-16
4231.18449  1.09800e-16
4236.70212  1.08050e-16
4242.21974  1.02354e-16
4247.73738  1.01555e-16
4253.25501  8.32484e-17
4258.77265  9.55432e-17
4264.29028  8.29517e-17
4269.80791  8.39634e-17
4275.32554  9.50564e-17
4280.84318  8.90188e-17
4286.36080  8.07316e-17
4291.87843  8.15458e-17
4297.39606  8.48191e-17
4302.91369  9.92604e-17
4308.43132  7.71933e-17
4313.94895  9.28271e-17
4319.46660  8.61958e-17
4324.98422  9.75063e-17
4330.50185  9.35606e-17
4336.01948  8.85506e-17
4341.53711  9.42917e-17
4347.05473  7.59672e-17
4352.57237  8.58348e-17
4358.09000  7.32625e-17
4363.60763  9.35323e-17
4369.12526  7.41970e-17
4374.64289  1.00503e-16
4380.16052  9.14276e-17
4385.67815  1.05855e-16
4391.19579  1.01671e-16
4396.71342  8.77074e-17
4402.23105  8.49778e-17
4407.74868  1.02194e-16
4413.26631  9.64502e-17
4418.78394  9.82641e-17
4424.30157  9.19924e-17
4429.81920  9.88384e-17
4435.33683  9.12138e-17
4440.85446  9.65902e-17
4446.37209  9.27878e-17
4451.88972  7.46738e-17
4457.40736  7.18578e-17
4462.92499  8.87648e-17
4468.44262  9.21309e-17
4473.96025  7.82453e-17
4479.47788  8.64103e-17
4484.99551  8.12640e-17
4490.51314  7.62785e-17
4496.03077  8.03017e-17
4501.54840  8.38865e-17
4507.06603  7.25349e-17
4512.58367  6.85120e-17
4518.10130  6.93477e-17
4523.61893  8.69119e-17
4529.13656  7.56566e-17
4534.65419  7.54401e-17
4540.17182  7.13381e-17
4545.68945  5.81666e-17
4551.20708  5.90523e-17
4556.72472  6.82787e-17
4562.24234  7.59805e-17
4567.75997  7.54720e-17
4573.27760  6.89270e-17
4578.79524  6.71181e-17
4584.31287  7.03076e-17
4589.83050  7.72489e-17
4595.34813  7.94845e-17
4600.86576  7.51749e-17
4606.38339  8.66249e-17
4611.90102  8.19804e-17
4617.41865  6.59693e-17
4622.93627  7.08639e-17
4628.45391  8.54855e-17
4633.97154  8.31951e-17
4639.48917  8.31335e-17
4645.00681  7.33597e-17
4650.52444  7.18908e-17
4656.04207  7.78630e-17
4661.55971  7.31447e-17
4667.07733  7.29021e-17
4672.59496  7.06841e-17
4678.11259  8.17100e-17
4683.63022  8.22604e-17
4689.14785  7.71558e-17
4694.66548  7.67604e-17
4700.18311  7.22681e-17
4705.70074  6.86473e-17
4711.21838  7.45491e-17
4716.73601  6.77076e-17
4722.25364  6.62345e-17
4727.77126  7.24334e-17
4733.28890  7.86650e-17
4738.80653  8.80959e-17
4744.32416  8.12041e-17
4749.84179  6.31150e-17
4755.35942  5.62438e-17
4760.87705  7.80968e-17
4766.39468  7.59612e-17
4771.91232  5.88659e-17
4777.42995  7.90338e-17
4782.94758  7.21069e-17
4788.46521  7.25607e-17
4793.98284  7.67299e-17
4799.50047  7.93381e-17
4805.01810  7.48435e-17
4810.53573  6.86715e-17
4816.05336  6.63028e-17
4821.57099  6.94575e-17
4827.08862  7.22957e-17
4832.60625  6.91492e-17
4838.12389  7.28492e-17
4843.64152  6.89612e-17
4849.15915  6.54845e-17
4854.67678  6.10958e-17
4860.19441  6.35406e-17
4865.71204  6.29329e-17
4871.22967  6.84959e-17
4876.74730  5.82218e-17
4882.26493  6.23886e-17
4887.78256  6.95631e-17
4893.30019  5.98300e-17
4898.81783  6.88268e-17
4904.33546  6.90871e-17
4909.85309  6.51789e-17
4915.37072  6.65674e-17
4920.88835  6.49928e-17
4926.40598  7.28185e-17
4931.92361  6.12875e-17
4937.44124  7.27942e-17
4942.95887  6.95561e-17
4948.47650  6.82689e-17
4953.99413  6.29759e-17
4959.51176  5.23570e-17
4965.02940  5.32193e-17
4970.54703  6.63912e-17
4976.06466  5.93199e-17
4981.58229  6.00966e-17
4987.09992  7.64943e-17
4992.61755  6.16636e-17
4998.13518  6.64877e-17
5003.65282  5.89632e-17
5009.17044  6.20039e-17
5014.68807  7.58381e-17
5020.20570  6.50361e-17
5025.72333  6.95440e-17
5031.24097  6.17344e-17
5036.75860  5.35020e-17
5042.27624  5.87639e-17
5047.79386  6.76880e-17
5053.31149  6.18352e-17
5058.82912  6.73285e-17
5064.34675  5.88489e-17
5069.86437  5.61848e-17
5075.38201  5.42806e-17
5080.89964  5.36042e-17
5086.41727  5.44321e-17
5091.93490  5.37391e-17
5097.45254  4.84696e-17
5102.97017  4.72686e-17
5108.48781  5.48027e-17
5114.00543  5.42330e-17
5119.52306  5.25402e-17
5125.04069  6.21768e-17
5130.55832  6.56138e-17
5136.07595  7.48822e-17
5141.59358  7.12510e-17
5147.11121  7.39015e-17
5152.62884  8.07577e-17
5158.14647  7.27415e-17
5163.66411  6.74554e-17
5169.18174  7.41328e-17
5174.69936  6.75603e-17
5180.21700  6.92905e-17
5185.73463  6.39984e-17
5191.25226  5.95913e-17
5196.76989  7.59581e-17
5202.28752  7.41861e-17
5207.80515  6.29565e-17
5213.32278  6.27063e-17
5218.84041  7.10919e-17
5224.35805  7.66498e-17
5229.87568  6.57185e-17
5235.39331  5.89997e-17
5240.91094  5.66333e-17
5246.42857  6.54459e-17
5251.94620  7.65533e-17
5257.46383  6.99521e-17
5262.98146  5.91897e-17
5268.49909  5.95649e-17
5274.01672  6.05876e-17
5279.53435  6.15702e-17
5285.05198  5.69300e-17
5290.56962  6.36539e-17
5296.08725  5.60976e-17
5301.60488  6.05680e-17
5307.12251  6.52328e-17
5312.64014  6.82454e-17
5318.15777  6.30515e-17
5323.67540  6.93884e-17
5329.19303  6.49515e-17
5334.71066  5.91650e-17
5340.22829  6.31351e-17
5345.74593  6.05870e-17
5351.26355  6.12234e-17
5356.78119  6.41902e-17
5362.29882  5.15439e-17
5367.81645  6.68217e-17
5373.33408  5.80193e-17
5378.85171  6.31378e-17
5384.36935  5.95828e-17
5389.88697  5.67295e-17
5395.40460  6.56075e-17
5400.92223  6.27980e-17
5406.43986  6.32450e-17
5411.95748  5.42766e-17
5417.47513  5.90388e-17
5422.99276  5.51359e-17
5428.51039  5.98350e-17
5434.02802  5.34225e-17
5439.54565  5.20050e-17
5445.06328  6.05074e-17
5450.58090  5.40807e-17
5456.09854  5.04932e-17
5461.61617  5.61140e-17
5467.13380  4.57512e-17
5472.65143  4.69595e-17
5478.16906  4.78381e-17
5483.68670  5.96359e-17
5489.20434  5.24771e-17
5494.72196  5.85592e-17
5500.23959  5.64887e-17
5505.75722  5.72101e-17
5511.27485  5.63471e-17
5516.79248  5.36225e-17
5522.31011  5.22317e-17
5527.82774  4.95163e-17
5533.34537  5.14834e-17
5538.86300  5.52959e-17
5544.38063  5.42315e-17
5549.89827  4.69356e-17
5555.41589  5.17314e-17
5560.93353  3.33590e-17
5566.45116  3.47334e-17
5571.96879  4.64258e-17
5577.48642  4.74636e-17
5583.00405  4.17697e-17
5588.52168  2.72821e-17
5594.03931  5.43442e-17
5599.55694  4.17909e-17
5605.07457  3.86068e-17
5610.59220  4.06185e-17
5616.10984  4.29473e-17
5621.62747  4.30140e-17
5627.14510  4.17872e-17
5632.66273  4.16811e-17
5638.18036  3.35910e-17
5643.69799  3.36339e-17
5649.21562  3.30953e-17
5654.73325  2.68300e-17
5660.25088  4.34825e-17
5665.76851  3.91322e-17
5671.28614  3.18042e-17
5676.80378  3.44317e-17
5682.32141  3.44302e-17
5687.83904  4.19792e-17
5693.35667  4.51936e-17
5698.87430  4.44316e-17
5704.39193  3.80564e-17
5709.90956  3.65862e-17
5715.42719  3.26906e-17
5720.94482  3.17079e-17
5726.46246  3.62112e-17
5731.98008  4.78659e-17
5737.49771  4.29045e-17
5743.01535  4.17848e-17
5748.53298  3.31794e-17
5754.05061  3.53123e-17
5759.56824  3.82381e-17
5765.08587  4.00037e-17
5770.60350  3.93135e-17
5776.12113  3.76810e-17
5781.63876  3.12728e-17
5787.15639  3.56765e-17
5792.67401  3.34077e-17
5798.19165  3.55771e-17
5803.70928  2.70837e-17
5809.22692  2.50424e-17
5814.74455  3.65787e-17
5820.26218  3.28586e-17
5825.77981  2.85726e-17
5831.29745  2.85660e-17
5836.81507  3.08984e-17
5842.33270  3.19755e-17
5847.85033  2.58109e-17
5853.36796  2.95734e-17
5858.88559  3.52495e-17
5864.40322  4.05037e-17
5869.92087  3.32656e-17
5875.43849  2.61744e-17
5880.95612  3.46911e-17
5886.47375  3.46422e-17
5891.99138  3.59784e-17
5897.50900  3.22806e-17
5903.02664  2.30907e-17
5908.54427  3.27714e-17
5914.06190  2.26261e-17
5919.57953  2.03414e-17
5925.09716  2.85623e-17
5930.61479  3.04818e-17
5936.13244  3.34615e-17
5941.65006  2.78681e-17
5947.16769  2.92718e-17
5952.68532  2.85000e-17
5958.20295  3.23955e-17
5963.72058  3.19804e-17
5969.23821  3.27108e-17
5974.75584  3.58709e-17
5980.27347  3.91562e-17
5985.79110  3.88364e-17
5991.30873  3.06552e-17
5996.82636  2.64586e-17
6002.34399  2.75987e-17
6007.86163  2.99871e-17
6013.37926  3.88999e-17
6018.89689  3.66892e-17
6024.41452  3.00412e-17
6029.93215  4.11892e-17
6035.44978  3.74539e-17
6040.96741  3.21416e-17
6046.48504  3.03136e-17
6052.00267  2.42839e-17
6057.52030  3.33375e-17
6063.03793  3.90189e-17
6068.55557  3.88950e-17
6074.07320  3.71538e-17
6079.59083  3.57834e-17
6085.10846  3.37588e-17
6090.62609  2.67744e-17
6096.14372  3.20542e-17
6101.66135  3.19511e-17
6107.17899  2.21768e-17
6112.69661  3.05875e-17
6118.21424  3.01825e-17
6123.73187  3.30467e-17
6129.24951  2.30512e-17
6134.76714  2.62150e-17
6140.28477  2.17731e-17
6145.80240  1.12220e-17
6151.32003  2.62165e-17
6156.83766  2.82066e-17
6162.35529  2.19655e-17
6167.87292  3.14865e-17
6173.39056  1.94370e-17
6178.90818  2.54420e-17
6184.42581  2.95465e-17
6189.94344  3.50917e-17
6195.46108  4.34688e-17
6200.97871  3.92686e-17
6206.49634  3.49245e-17
6212.01398  3.74274e-17
6217.53160  3.21985e-17
6223.04923  3.09194e-17
6228.56686  3.76654e-17
6234.08449  3.58403e-17
6239.60211  3.05075e-17
6245.11975  3.19900e-17
6250.63738  4.17306e-17
6256.15501  3.98187e-17
6261.67265  3.73110e-17
6267.19028  3.54425e-17
6272.70791  2.76229e-17
6278.22553  3.18560e-17
6283.74317  4.28470e-17
6289.26080  4.32101e-17
6294.77843  3.55712e-17
6300.29606  3.90676e-17
6305.81369  3.06864e-17
6311.33132  2.74178e-17
6316.84895  2.87866e-17
6322.36659  3.46580e-17
6327.88422  3.58863e-17
6333.40185  3.08188e-17
6338.91948  3.92818e-17
6344.43710  3.73518e-17
6349.95474  3.70171e-17
6355.47237  4.26413e-17
6360.99000  3.04483e-17
6366.50763  3.64572e-17
6372.02526  3.17461e-17
6377.54289  3.06184e-17
6383.06052  3.07809e-17
6388.57816  3.40747e-17
6394.09579  3.89747e-17
6399.61342  3.70872e-17
6405.13105  3.26284e-17
6410.64868  4.08312e-17
6416.16631  3.71958e-17
6421.68394  3.37607e-17
6427.20157  3.07487e-17
6432.71920  3.85278e-17
6438.23683  3.15074e-17
6443.75446  3.54311e-17
6449.27210  3.02826e-17
6454.78973  3.53413e-17
6460.30736  4.34917e-17
6465.82499  4.15943e-17
6471.34262  3.43443e-17
6476.86025  3.93522e-17
6482.37788  3.94001e-17
6487.89551  3.68631e-17
6493.41314  3.76188e-17
6498.93077  3.65365e-17
6504.44840  3.66715e-17
6509.96603  3.46810e-17
6515.48365  3.54199e-17
6521.00130  3.22378e-17
6526.51893  3.14872e-17
6532.03656  3.58031e-17
6537.55419  3.85666e-17
6543.07182  3.25851e-17
6548.58945  2.70339e-17
6554.10709  3.40460e-17
6559.62471  3.83486e-17
6565.14234  4.09070e-17
6570.65997  4.39777e-17
6576.17760  3.54628e-17
6581.69524  3.46114e-17
6587.21287  3.65239e-17
6592.73050  2.76582e-17
6598.24813  4.30123e-17
6603.76576  3.47270e-17
6609.28339  3.39651e-17
6614.80102  2.50214e-17
6620.31864  2.60865e-17
6625.83628  3.49364e-17
6631.35391  3.46480e-17
6636.87154  3.51919e-17
6642.38917  3.72464e-17
6647.90681  3.95140e-17
6653.42444  3.32166e-17
6658.94208  3.62853e-17
6664.45970  3.75403e-17
6669.97733  3.64200e-17
6675.49496  3.58956e-17
6681.01259  3.27629e-17
6686.53022  3.60403e-17
6692.04785  3.21306e-17
6697.56548  2.79031e-17
6703.08311  3.45964e-17
6708.60074  3.94848e-17
6714.11838  3.93797e-17
6719.63601  2.73753e-17
6725.15363  2.23191e-17
6730.67127  3.13398e-17
6736.18890  3.39108e-17
6741.70653  3.45630e-17
6747.22416  4.30454e-17
6752.74179  3.73215e-17
6758.25942  3.48433e-17
6763.77705  3.91329e-17
6769.29468  3.18269e-17
6774.81232  3.00762e-17
6780.32995  3.17206e-17
6785.84758  3.27266e-17
6791.36521  2.76689e-17
6796.88284  2.96475e-17
6802.40047  3.02148e-17
6807.91810  4.10663e-17
6813.43573  3.28520e-17
6818.95336  3.39968e-17
6824.47099  3.60650e-17
6829.98862  3.51035e-17
6835.50625  3.92943e-17
6841.02389  3.40031e-17
6846.54152  3.44165e-17
6852.05915  2.99360e-17
6857.57678  3.14864e-17
6863.09441  3.15174e-17
6868.61204  2.64909e-17
6874.12967  2.71497e-17
6879.64730  3.14313e-17
6885.16493  3.75105e-17
6890.68256  3.88736e-17
6896.20020  3.91827e-17
6901.71782  4.50073e-17
6907.23546  4.69848e-17
6912.75309  4.72652e-17
6918.27072  4.50409e-17
6923.78835  4.92962e-17
6929.30598  4.96176e-17
6934.82362  5.12288e-17
6940.34124  6.32008e-17
6945.85887  5.90657e-17
6951.37650  5.00326e-17
6956.89413  4.99068e-17
6962.41175  4.50864e-17
6967.92939  4.66669e-17
6973.44703  4.68617e-17
6978.96466  5.01980e-17
6984.48229  4.93201e-17
6989.99992  5.35494e-17
6995.51755  4.65987e-17
7001.03519  4.86778e-17
7006.55281  4.93723e-17
7012.07044  5.15030e-17
7017.58807  5.11395e-17
7023.10570  4.64374e-17
7028.62333  5.09728e-17
7034.14097  5.41759e-17
7039.65861  5.26878e-17
7045.17623  5.33565e-17
7050.69386  5.36189e-17
7056.21149  4.64635e-17
7061.72912  4.28648e-17
7067.24674  5.18089e-17
7072.76438  5.34090e-17
7078.28201  4.78761e-17
7083.79964  4.67903e-17
7089.31727  4.78165e-17
7094.83490  5.50750e-17
7100.35254  4.50374e-17
7105.87016  4.55607e-17
7111.38780  4.42579e-17
7116.90543  4.70324e-17
7122.42306  5.16998e-17
7127.94069  4.94055e-17
7133.45832  4.54728e-17
7138.97595  4.36189e-17
7144.49358  3.92494e-17
7150.01121  3.76433e-17
7155.52884  4.43465e-17
7161.04647  5.22184e-17
7166.56411  5.51115e-17
7172.08174  4.87811e-17
7177.59937  5.33310e-17
7183.11700  6.40317e-17
7188.63463  5.67581e-17
7194.15226  5.11881e-17
7199.66989  5.15351e-17
7205.18752  5.42800e-17
7210.70515  4.80606e-17
7216.22278  4.22489e-17
7221.74041  4.85525e-17
7227.25805  4.93278e-17
7232.77568  4.87200e-17
7238.29331  5.40946e-17
7243.81094  5.50980e-17
7249.32857  4.53301e-17
7254.84620  5.44563e-17
7260.36383  4.34077e-17
7265.88146  4.35675e-17
7271.39909  4.38513e-17
7276.91673  4.08582e-17
7282.43435  5.04402e-17
7287.95198  3.96214e-17
7293.46962  4.40192e-17
7298.98725  4.41560e-17
7304.50488  3.97445e-17
7310.02251  3.87125e-17
7315.54014  4.94289e-17
7321.05777  4.83263e-17
7326.57540  4.72767e-17
7332.09303  4.26194e-17
7337.61066  4.80850e-17
7343.12828  5.06779e-17
7348.64592  4.33923e-17
7354.16355  4.07143e-17
7359.68119  4.41550e-17
7365.19882  4.04120e-17
7370.71645  3.75970e-17
7376.23408  3.72605e-17
7381.75172  3.56804e-17
7387.26934  4.50542e-17
7392.78697  4.13143e-17
7398.30460  4.34187e-17
7403.82223  3.49408e-17
7409.33986  3.21249e-17
7414.85749  4.21291e-17
7420.37512  4.53960e-17
7425.89276  4.11027e-17
7431.41039  4.15752e-17
7436.92802  3.88611e-17
7442.44565  3.91566e-17
7447.96327  3.84752e-17
7453.48091  3.84324e-17
7458.99854  3.77274e-17
7464.51617  4.25010e-17
7470.03380  4.20776e-17
7475.55143  4.00427e-17
7481.06906  3.38302e-17
7486.58671  3.86681e-17
7492.10433  4.03277e-17
7497.62196  3.44335e-17
7503.13959  3.92629e-17
7508.65722  3.12707e-17
7514.17485  3.04469e-17
7519.69248  4.03480e-17
7525.21011  3.81528e-17
7530.72774  4.51312e-17
7536.24537  3.66176e-17
7541.76300  3.00651e-17
7547.28063  3.19320e-17
7552.79826  3.34645e-17
7558.31590  3.20697e-17
7563.83353  3.73939e-17
7569.35116  3.66841e-17
7574.86879  2.52241e-17
7580.38642  3.74706e-17
7585.90405  3.39525e-17
7591.42168  3.00529e-17
7596.93931  2.31932e-17
7602.45694  4.74922e-18
7607.97457 -2.51102e-18
7613.49220  1.67286e-17
7619.00984  2.55659e-17
7624.52747  2.66833e-17
7630.04510  2.97415e-17
7635.56273  2.86384e-17
7641.08036  2.52276e-17
7646.59799  2.20532e-17
7652.11562  3.60407e-17
7657.63325  3.94134e-17
7663.15088  2.73134e-17
7668.66851  2.89203e-17
7674.18614  2.93402e-17
7679.70378  2.67081e-17
7685.22141  2.20623e-17
7690.73904  3.48327e-17
7696.25667  4.13519e-17
7701.77430  3.16747e-17
7707.29193  2.86322e-17
7712.80956  2.01969e-17
7718.32719  1.72664e-17
7723.84483  2.31352e-17
7729.36245  3.21687e-17
7734.88008  3.99081e-17
7740.39771  2.55431e-17
7745.91535  1.29232e-17
7751.43298  2.21445e-17
7756.95061  2.97810e-17
7762.46825  2.93514e-17
7767.98587  2.72929e-17
7773.50350  3.31959e-17
7779.02113  3.47775e-17
7784.53876  2.22900e-17
7790.05638  2.80955e-17
7795.57402  2.81432e-17
7801.09165  2.75754e-17
7806.60928  3.30744e-17
7812.12692  2.78605e-17
7817.64455  3.02384e-17
7823.16218  3.03791e-17
7828.67982  1.40746e-17
7834.19744  2.10788e-17
7839.71507  2.76590e-17
7845.23270  3.08711e-17
7850.75033  3.75371e-17
7856.26796  2.54922e-17
7861.78559  2.44978e-17
7867.30322  2.63830e-17
7872.82085  2.15316e-17
7878.33849  2.10392e-17
7883.85612  2.19412e-17
7889.37375  2.83247e-17
7894.89137  3.55146e-17
7900.40901  2.63586e-17
7905.92664  2.17869e-17
7911.44427  3.46290e-17
7916.96190  3.47784e-17
7922.47953  1.98821e-17
7927.99716  1.23699e-17
7933.51479  3.55575e-17
7939.03243  2.71776e-17
7944.55006  3.37369e-17
7950.06769  2.60595e-17
7955.58532  2.05592e-17
7961.10295  9.48976e-18
7966.62058  2.79731e-17
7972.13821  3.68563e-17
7977.65584  9.14327e-18
7983.17347  1.65924e-17
7988.69110  2.95496e-17
7994.20873  1.83369e-17
7999.72637  1.42336e-17
8005.24400  2.34605e-17
8010.76163  3.14399e-17
8016.27926  2.63913e-17
8021.79689  2.54303e-17
8027.31452  2.57629e-17
8032.83215  2.80794e-17
8038.34978  2.76515e-17
8043.86741  2.97267e-17
8049.38504  3.05095e-17
8054.90267  2.73563e-17
8060.42030  3.34775e-17
8065.93794  3.57138e-17
8071.45557  2.78442e-17
8076.97320  1.64004e-17
8082.49083  2.64016e-17
8088.00846  2.33925e-17
8093.52609  1.84615e-17
8099.04372  1.79007e-17
8104.56136  9.21111e-20
8110.07898  1.76117e-17
8115.59661  2.67132e-17
8121.11424  2.39810e-17
8126.63187  2.25183e-17
8132.14951  3.20714e-18
8137.66714  1.08420e-17
8143.18477  2.32293e-17
8148.70240  2.17614e-17
8154.22003  2.14062e-17
8159.73766  1.52983e-17
8165.25529  2.45726e-17
8170.77291  3.19559e-17
8176.29055  1.70129e-17
8181.80818  1.48384e-17
8187.32581  2.88373e-17
8192.84344  2.38104e-17
8198.36108  1.26307e-17
8203.87871  1.53246e-17
8209.39635  1.39879e-17
8214.91397  2.18701e-17
8220.43160  2.40318e-17
8225.94923  3.47252e-17
8231.46686  3.00809e-17
8236.98449  2.56175e-17
8242.50212  2.29859e-17
8248.01975  1.64965e-17
8253.53738  2.25332e-17
8259.05501  2.93721e-17
8264.57265  2.40807e-17
8270.09028  3.10532e-17
8275.60790  2.26905e-17
8281.12554  9.47977e-18
8286.64317  8.23013e-18
8292.16080  9.75073e-18
8297.67843  2.34919e-17
8303.19606  2.96880e-17
8308.71369  1.04655e-17
8314.23132 -1.60264e-17
8319.74895 -6.42212e-18
8325.26658  1.33928e-17
8330.78422  1.84308e-17
8336.30185  2.56032e-17
8341.81948  2.92187e-17
8347.33711  3.33507e-17
8352.85474  1.85076e-17
8358.37237  8.24348e-18
8363.89000  1.68987e-17
8369.40763  1.70573e-17
8374.92526  1.95241e-17
8380.44289  8.95749e-18
8385.96052  1.18297e-17
8391.47816  9.64889e-18
8396.99579  1.31872e-17
8402.51342  1.34352e-17
8408.03105  1.57063e-17
8413.54868  3.83987e-17
8419.06631  2.25725e-17
8424.58394  1.44578e-17
8430.10157  2.82702e-17
8435.61920  2.41098e-17
8441.13683  1.84797e-17
8446.65447  8.96372e-18
8452.17209  2.04317e-17
8457.68973  2.05341e-17
8463.20736  1.94078e-17
8468.72499  3.20199e-17
8474.24262  3.07033e-17
8479.76025  2.29295e-17
8485.27788  2.58395e-17
8490.79551  2.35181e-17
8496.31314  1.84744e-17
8501.83077  3.14131e-17
8507.34840  1.93701e-17
8512.86602  2.42073e-18
8518.38366  1.00494e-17
8523.90130  1.85452e-17
8529.41893  2.27275e-17
8534.93656  6.21538e-18
8540.45419  4.16899e-18
8545.97182  6.67068e-18
8551.48946  1.99872e-17
8557.00708  1.00261e-17
8562.52471  4.45601e-18
8568.04234  1.72565e-17
8573.55997  1.09072e-17
8579.07760  7.99923e-18
8584.59524  1.24257e-17
8590.11288  1.79407e-17
8595.63050  1.59548e-17
8601.14813  9.57955e-18
8606.66576  1.04749e-17
8612.18339  1.90165e-17
8617.70101  1.87915e-17
8623.21865  2.55562e-18
8628.73628 -5.89299e-19
8634.25391  5.58280e-18
8639.77154  2.24346e-17
8645.28917  2.54317e-17
8650.80681  1.73245e-17
8656.32445  2.65536e-17
8661.84207  1.84418e-17
8667.35970  1.88229e-17
8672.87733  9.21485e-18
8678.39496  1.57528e-17
8683.91259  1.79596e-17
8689.43022  1.63339e-17
8694.94785  3.03879e-17
8700.46548  1.78214e-17
8705.98311  1.69128e-17
8711.50074  2.66696e-17
8717.01838  3.42812e-17
8722.53600  3.26747e-17
8728.05364  2.19522e-17
8733.57127  1.52518e-17
8739.08890  9.12941e-18
8744.60653  2.02574e-17
8750.12416  3.74363e-17
8755.64179  3.77284e-17
8761.15942  4.98264e-17
8766.67705  4.78588e-17
8772.19468  2.58154e-17
8777.71231  1.63846e-17
8783.22995  1.04980e-17
8788.74758  2.25430e-17
8794.26521  2.17619e-17
8799.78284  1.65838e-17
8805.30047  1.96345e-17
8810.81810  8.73239e-18
8816.33573 -3.04341e-19
8821.85336 -1.23875e-17
8827.37100  2.47046e-17
8832.88862  3.29143e-17
8838.40625  2.51740e-17
8843.92389  1.79656e-17
8849.44152 -4.24604e-19
8854.95915  1.38656e-17
8860.47678  2.28426e-17
8865.99441  3.18625e-17
8871.51204  4.12128e-17
8877.02967  2.53199e-17
8882.54730  1.76015e-17
8888.06493  2.27570e-17
8893.58257 -2.65905e-18
8899.10019  1.72981e-17
8904.61782  4.01382e-17
8910.13546  4.20352e-17
8915.65309  3.21001e-17
8921.17072  2.64824e-17
8926.68835  2.26151e-17
8932.20599  1.99590e-17
8937.72361  3.30977e-17
8943.24124  4.13511e-17
8948.75887  1.56367e-17
8954.27650  1.38317e-17
8959.79412  2.81106e-17
8965.31176  2.00842e-17
8970.82939  1.87362e-17
8976.34703  2.38053e-17
8981.86466  1.96690e-17
8987.38229 -3.08908e-18
8992.89992  7.37870e-18
8998.41754  4.06516e-17
9003.93518  3.59574e-17
9009.45281  3.33999e-17
9014.97044  4.49810e-18
9020.48807  1.32703e-17
9026.00570  1.44254e-17
9031.52333  2.18674e-17
9037.04098  1.36777e-17
9042.55860  1.64634e-17
9048.07623  1.00438e-17
9053.59386  1.46775e-17
9059.11149  1.77647e-18
9064.62912  1.55168e-17
9070.14675  1.62397e-17
9075.66438  1.41814e-17
9081.18201  1.52969e-17
9086.69964 -8.86798e-18
9092.21727  3.96521e-18
9097.73490  3.42149e-17
9103.25253  3.07598e-17
9108.77017 -1.78104e-18
9114.28780  6.38528e-19
9119.80543  1.77958e-17
9125.32306  3.15843e-17
9130.84069  3.78185e-17
9136.35832  3.03224e-17
9141.87595  2.36942e-17
9147.39358  2.54624e-17
9152.91121  3.32013e-17
9158.42884  4.81230e-17
9163.94647  3.97652e-17
9169.46411  1.51596e-17
9174.98174  1.10209e-17
9180.49937  1.50005e-17
9186.01700  2.44933e-17
9191.53463  3.19034e-17
9197.05226  2.40437e-17
9202.56989  1.76984e-17
9208.08752  8.80888e-19
9213.60515 -3.77513e-18
9219.12278  1.37185e-17
9224.64041  2.22691e-17
9230.15804  3.79813e-17
