3650.04150391  1.345704E-16
3655.56050396341  1.329557E-16
3661.07950401682  1.384447E-16
3666.59850407023  1.370416E-16
3672.11750412364  1.325442E-16
3677.63650417705  1.347171E-16
3683.15550423046  1.261790E-16
3688.67450428387  1.381262E-16
3694.19350433728  1.311564E-16
3699.71250439069  1.223287E-16
3705.2315044441  1.287090E-16
3710.75050449751  1.375682E-16
3716.26950455092  1.331528E-16
3721.78850460433  1.242284E-16
3727.30750465774  1.273361E-16
3732.82650471115  1.197606E-16
3738.34550476456  1.438144E-16
3743.86450481797  1.334422E-16
3749.38350487138  1.283205E-16
3754.90250492479  1.310064E-16
3760.4215049782  1.353851E-16
3765.94050503161  1.357873E-16
3771.45950508502  1.313013E-16
3776.97850513843  1.176156E-16
3782.49750519184  1.291048E-16
3788.01650524525  1.252549E-16
3793.53550529866  1.228167E-16
3799.05450535207  1.331109E-16
3804.57350540548  1.279205E-16
3810.09250545889  1.231422E-16
3815.6115055123  1.292207E-16
3821.13050556571  1.247021E-16
3826.64950561912  1.305850E-16
3832.16850567253  1.211707E-16
3837.68750572594  1.226960E-16
3843.20650577935  1.283672E-16
3848.72550583276  1.313345E-16
3854.24450588617  1.253672E-16
3859.76350593958  1.300324E-16
3865.28250599299  1.265539E-16
3870.8015060464  1.238441E-16
3876.32050609981  1.260684E-16
3881.83950615322  1.255601E-16
3887.35850620663  1.197445E-16
3892.87750626004  1.205525E-16
3898.39650631345  1.256526E-16
3903.91550636686  1.257486E-16
3909.43450642027  1.181290E-16
3914.95350647368  1.151532E-16
3920.47250652709  1.245682E-16
3925.9915065805  1.160112E-16
3931.51050663391  1.098647E-16
3937.02950668732  1.132182E-16
3942.54850674073  1.266070E-16
3948.06750679414  1.178958E-16
3953.58650684755  1.217391E-16
3959.10550690096  1.215546E-16
3964.62450695437  1.199696E-16
3970.14350700778  1.190324E-16
3975.66250706119  1.151199E-16
3981.1815071146  1.227935E-16
3986.70050716801  1.189705E-16
3992.21950722142  1.250027E-16
3997.73850727483  1.204723E-16
4003.25750732824  1.223055E-16
4008.77650738165  1.184495E-16
4014.29550743506  1.174146E-16
4019.81450748847  1.145509E-16
4025.33350754188  1.235984E-16
4030.85250759529  1.158651E-16
4036.3715076487  1.201823E-16
4041.89050770211  1.190903E-16
4047.40950775552  1.116876E-16
4052.92850780893  1.096356E-16
4058.44750786234  1.228672E-16
4063.96650791575  1.237513E-16
4069.48550796916  1.233216E-16
4075.00450802257  1.304022E-16
4080.52350807598  1.154397E-16
4086.04250812939  1.129897E-16
4091.5615081828  1.130611E-16
4097.08050823621  1.132263E-16
4102.59950828962  1.136819E-16
4108.11850834303  1.178915E-16
4113.63750839644  1.150068E-16
4119.15650844985  1.168876E-16
4124.67550850326  1.210080E-16
4130.19450855667  1.185998E-16
4135.71350861008  1.172640E-16
4141.23250866349  1.144742E-16
4146.7515087169  1.123595E-16
4152.27050877031  1.088876E-16
4157.78950882372  1.131711E-16
4163.30850887713  1.089705E-16
4168.82750893054  1.052425E-16
4174.34650898395  1.096148E-16
4179.86550903736  1.063866E-16
4185.38450909077  1.066598E-16
4190.90350914418  1.128528E-16
4196.42250919759  1.113574E-16
4201.941509251  1.098122E-16
4207.46050930441  1.080565E-16
4212.97950935782  1.237262E-16
4218.49850941123  1.102090E-16
4224.01750946464  1.047148E-16
4229.53650951805  1.068507E-16
4235.05550957146  1.066220E-16
4240.57450962487  1.069019E-16
4246.09350967828  1.047655E-16
4251.61250973169  1.062972E-16
4257.1315097851  1.140809E-16
4262.65050983851  1.112489E-16
4268.16950989192  1.099084E-16
4273.68850994533  1.166926E-16
4279.20750999874  1.027615E-16
4284.72651005215  1.023738E-16
4290.24551010556  9.372799E-17
4295.76451015897  8.947265E-17
4301.28351021238  1.118495E-16
4306.80251026579  1.032998E-16
4312.3215103192  1.035380E-16
4317.84051037261  1.057655E-16
4323.35951042602  1.042431E-16
4328.87851047943  1.039162E-16
4334.39751053284  1.036021E-16
4339.91651058625  1.043472E-16
4345.43551063966  1.029866E-16
4350.95451069307  1.126023E-16
4356.47351074648  1.191151E-16
4361.9925107999  1.193935E-16
4367.5115108533  1.143900E-16
4373.03051090671  1.169334E-16
4378.54951096012  1.122312E-16
4384.06851101353  1.132266E-16
4389.58751106694  1.143374E-16
4395.10651112035  1.191448E-16
4400.62551117376  1.044317E-16
4406.14451122717  1.103440E-16
4411.66351128058  1.149463E-16
4417.18251133399  1.113749E-16
4422.7015113874  1.089040E-16
4428.22051144081  1.147910E-16
4433.73951149422  1.083311E-16
4439.25851154763  1.088960E-16
4444.77751160104  1.096332E-16
4450.29651165445  1.049076E-16
4455.81551170786  1.090095E-16
4461.33451176127  1.073688E-16
4466.85351181468  1.055725E-16
4472.37251186809  1.070159E-16
4477.8915119215  9.932043E-17
4483.41051197491  1.056550E-16
4488.92951202832  1.029300E-16
4494.44851208173  1.008583E-16
4499.96751213514  1.026820E-16
4505.48651218855  1.047488E-16
4511.00551224196  1.085645E-16
4516.52451229537  1.010089E-16
4522.04351234878  9.971719E-17
4527.56251240219  1.024761E-16
4533.0815124556  1.015757E-16
4538.60051250901  1.029495E-16
4544.11951256242  1.005468E-16
4549.63851261583  9.693528E-17
4555.15751266924  9.914169E-17
4560.67651272265  1.035268E-16
4566.19551277606  1.036483E-16
4571.71451282948  1.018946E-16
4577.23351288288  9.838548E-17
4582.75251293629  1.023701E-16
4588.2715129897  1.104760E-16
4593.79051304312  1.029387E-16
4599.30951309652  1.038751E-16
4604.82851314993  1.085367E-16
4610.34751320334  1.050902E-16
4615.86651325675  1.040085E-16
4621.38551331016  1.039881E-16
4626.90451336357  1.012939E-16
4632.42351341698  1.024685E-16
4637.94251347039  1.005476E-16
4643.46151352381  1.035870E-16
4648.98051357721  1.051605E-16
4654.49951363062  9.909575E-17
4660.01851368404  1.043398E-16
4665.53751373744  1.013839E-16
4671.05651379085  1.003847E-16
4676.57551384426  1.089260E-16
4682.09451389768  1.015005E-16
4687.61351395108  9.810209E-17
4693.13251400449  9.879542E-17
4698.6515140579  9.463237E-17
4704.17051411131  9.717479E-17
4709.68951416472  9.923379E-17
4715.20851421814  9.935229E-17
4720.72751427154  1.045154E-16
4726.24651432495  1.003076E-16
4731.76551437837  9.855636E-17
4737.28451443177  1.029971E-16
4742.80351448518  1.057345E-16
4748.3225145386  9.665265E-17
4753.841514592  9.453997E-17
4759.36051464542  1.007493E-16
4764.87951469882  1.096373E-16
4770.39851475224  1.024957E-16
4775.91751480565  1.008775E-16
4781.43651485905  1.057386E-16
4786.95551491246  1.016405E-16
4792.47451496588  1.031243E-16
4797.99351501928  1.023101E-16
4803.5125150727  1.001904E-16
4809.0315151261  9.862137E-17
4814.55051517952  9.808286E-17
4820.06951523293  9.753398E-17
4825.58851528633  9.956880E-17
4831.10751533975  9.506421E-17
4836.62651539316  9.816839E-17
4842.14551544656  9.695932E-17
4847.66451549998  9.729563E-17
4853.18351555338  9.613844E-17
4858.70251560679  9.499543E-17
4864.22151566021  9.450214E-17
4869.74051571361  1.009282E-16
4875.25951576703  9.769820E-17
4880.77851582043  9.751716E-17
4886.29751587384  1.021132E-16
4891.81651592726  1.032660E-16
4897.33551598067  1.033734E-16
4902.85451603407  1.054924E-16
4908.37351608749  1.051720E-16
4913.8925161409  9.875120E-17
4919.4115161943  1.019641E-16
4924.93051624771  1.070612E-16
4930.44951630113  1.025485E-16
4935.96851635453  1.027375E-16
4941.48751640794  1.043611E-16
4947.00651646135  1.009383E-16
4952.52551651476  1.020881E-16
4958.04451656818  9.850545E-17
4963.56351662159  9.974128E-17
4969.08251667499  1.000949E-16
4974.6015167284  1.033067E-16
4980.12051678182  1.014534E-16
4985.63951683523  1.059871E-16
4991.15851688863  1.029212E-16
4996.67751694205  1.036464E-16
5002.19651699546  1.006729E-16
5007.71551704887  9.796790E-17
5013.23451710227  1.048371E-16
5018.75351715569  1.057279E-16
5024.2725172091  1.022969E-16
5029.79151726251  1.046833E-16
5035.31051731591  1.043224E-16
5040.82951736933  9.910926E-17
5046.34851742274  1.007352E-16
5051.86751747615  1.037345E-16
5057.38651752956  9.712186E-17
5062.90551758297  9.290093E-17
5068.42451763638  9.603746E-17
5073.94351768979  1.000748E-16
5079.4625177432  1.016268E-16
5084.98151779661  9.914977E-17
5090.50051785002  9.637113E-17
5096.01951790343  9.960772E-17
5101.53851795683  9.631737E-17
5107.05751801025  1.017751E-16
5112.57651806366  1.021309E-16
5118.09551811706  1.012797E-16
5123.61451817048  1.057214E-16
5129.13351822389  1.032395E-16
5134.6525182773  9.990644E-17
5140.17151833071  1.031552E-16
5145.69051838412  1.083915E-16
5151.20951843752  1.074059E-16
5156.72851849094  1.071455E-16
5162.24751854435  1.046687E-16
5167.76651859775  1.051955E-16
5173.28551865117  1.076088E-16
5178.80451870458  1.017869E-16
5184.32351875799  1.032416E-16
5189.84251881139  1.039247E-16
5195.36151886481  1.008811E-16
5200.88051891822  1.067041E-16
5206.39951897163  1.030807E-16
5211.91851902504  1.014575E-16
5217.43751907845  1.038605E-16
5222.95651913186  1.028757E-16
5228.47551918527  1.016414E-16
5233.99451923867  1.013443E-16
5239.51351929209  1.101903E-16
5245.0325193455  1.049197E-16
5250.55151939891  9.935874E-17
5256.07051945232  1.033021E-16
5261.58951950573  1.009012E-16
5267.10851955914  9.720310E-17
5272.62751961255  1.009257E-16
5278.14651966596  1.021746E-16
5283.66551971937  9.914599E-17
5289.18451977278  9.883196E-17
5294.70351982619  1.007906E-16
5300.2225198796  9.707093E-17
5305.74151993301  1.057503E-16
5311.26051998642  1.019514E-16
5316.77952003983  9.585971E-17
5322.29852009324  9.631099E-17
5327.81752014665  9.913756E-17
5333.33652020005  9.744554E-17
5338.85552025347  9.768791E-17
5344.37452030688  9.722564E-17
5349.89352036029  1.000533E-16
5355.4125204137  1.005671E-16
5360.93152046711  9.498890E-17
5366.45052052051  1.006273E-16
5371.96952057393  9.770011E-17
5377.48852062734  9.727465E-17
5383.00752068075  1.002492E-16
5388.52652073416  9.583679E-17
5394.04552078757  9.479213E-17
5399.56452084098  9.843623E-17
5405.08352089439  9.801771E-17
5410.6025209478  9.453073E-17
5416.12152100121  9.821611E-17
5421.64052105462  9.696475E-17
5427.15952110803  1.044947E-16
5432.67852116144  9.405042E-17
5438.19752121485  9.776406E-17
5443.71652126826  9.577486E-17
5449.23552132167  9.674969E-17
5454.75452137508  9.696246E-17
5460.27352142849  1.023655E-16
5465.7925214819  9.527715E-17
5471.31152153531  9.484677E-17
5476.83052158872  9.579108E-17
5482.34952164213  9.392919E-17
5487.86852169554  9.111498E-17
5493.38752174895  9.602741E-17
5498.90652180236  9.328500E-17
5504.42552185577  8.845550E-17
5509.94452190918  9.527732E-17
5515.46352196259  9.980769E-17
5520.982522016  9.576569E-17
5526.50152206941  9.635131E-17
5532.02052212282  8.764593E-17
5537.53952217623  8.597173E-17
5543.05852222964  8.833101E-17
5548.57752228305  9.108718E-17
5554.09652233646  8.623188E-17
5559.61552238987  9.100168E-17
5565.13452244328  9.479787E-17
5570.65352249669  8.651888E-17
5576.1725225501  9.745605E-17
5581.6915226035  9.233717E-17
5587.21052265692  8.623618E-17
5592.72952271033  8.499342E-17
5598.24852276374  8.525371E-17
5603.76752281715  8.386187E-17
5609.28652287056  8.528555E-17
5614.80552292397  8.699266E-17
5620.32452297738  8.430924E-17
5625.84352303079  8.263841E-17
5631.3625230842  7.995915E-17
5636.88152313761  8.564993E-17
5642.40052319102  7.681682E-17
5647.91952324442  7.920763E-17
5653.43852329784  8.610381E-17
5658.95752335125  8.749143E-17
5664.47652340466  8.403871E-17
5669.99552345807  7.800739E-17
5675.51452351148  8.687004E-17
5681.03352356489  8.222873E-17
5686.5525236183  8.208334E-17
5692.07152367171  8.426382E-17
5697.59052372512  8.393799E-17
5703.10952377853  8.244651E-17
5708.62852383194  8.423141E-17
5714.14752388535  8.126410E-17
5719.66652393876  8.774293E-17
5725.18552399217  7.836307E-17
5730.70452404558  8.049690E-17
5736.22352409899  8.146114E-17
5741.7425241524  8.095134E-17
5747.26152420581  8.090435E-17
5752.78052425922  8.024706E-17
5758.29952431263  8.100987E-17
5763.81852436604  8.203953E-17
5769.33752441945  8.629822E-17
5774.85652447286  8.200210E-17
5780.37552452627  8.178900E-17
5785.89452457968  7.967490E-17
5791.41352463309  8.039614E-17
5796.9325246865  8.940676E-17
5802.45152473991  7.720691E-17
5807.97052479332  7.732631E-17
5813.48952484673  7.864866E-17
5819.00852490014  7.958929E-17
5824.52752495355  7.978626E-17
5830.04652500696  8.363334E-17
5835.56552506037  8.841667E-17
5841.08452511378  8.546659E-17
5846.60352516719  8.081639E-17
5852.1225252206  8.327952E-17
5857.64152527401  8.155898E-17
5863.16052532742  8.357605E-17
5868.67952538083  8.670982E-17
5874.19852543424  7.950681E-17
5879.71752548765  7.742041E-17
5885.23652554106  8.119013E-17
5890.75552559447  8.336631E-17
5896.27452564788  8.240010E-17
5901.79352570129  7.997328E-17
5907.3125257547  8.005152E-17
5912.83152580811  8.116508E-17
5918.35052586152  8.274200E-17
5923.86952591493  7.816804E-17
5929.38852596834  8.095747E-17
5934.90752602175  8.336888E-17
5940.42652607516  7.724130E-17
5945.94552612857  7.744742E-17
5951.46452618198  8.104635E-17
5956.98352623539  7.682644E-17
5962.5025262888  7.594402E-17
5968.02152634221  7.900166E-17
5973.54052639562  8.004328E-17
5979.05952644903  8.265134E-17
5984.57852650244  7.949231E-17
5990.09752655585  7.951091E-17
5995.61652660926  7.914911E-17
6001.13552666267  8.079475E-17
6006.65452671608  7.888347E-17
6012.17352676949  7.667192E-17
6017.6925268229  7.910695E-17
6023.21152687631  7.798825E-17
6028.73052692972  7.800353E-17
6034.24952698313  7.964416E-17
6039.76852703654  7.908836E-17
6045.28752708995  8.118748E-17
6050.80652714336  8.462050E-17
6056.32552719677  8.245979E-17
6061.84452725018  7.926382E-17
6067.36352730359  8.285934E-17
6072.882527357  7.636806E-17
6078.40152741041  7.851010E-17
6083.92052746382  8.065785E-17
6089.43952751723  7.608557E-17
6094.95852757064  7.428848E-17
6100.47752762405  7.987251E-17
6105.99652767746  7.919388E-17
6111.51552773087  7.710720E-17
6117.03452778428  7.689208E-17
6122.55352783769  8.089326E-17
6128.0725278911  8.023004E-17
6133.59152794451  7.674203E-17
6139.11052799792  7.732839E-17
6144.62952805133  7.622907E-17
6150.14852810474  7.928224E-17
6155.66752815815  7.463224E-17
6161.18652821156  7.782070E-17
6166.70552826497  7.881342E-17
6172.22452831838  8.102293E-17
6177.74352837179  7.908034E-17
6183.2625284252  8.386728E-17
6188.78152847861  8.304331E-17
6194.30052853202  7.859290E-17
6199.81952858543  7.428117E-17
6205.33852863884  7.619600E-17
6210.85752869225  8.305367E-17
6216.37652874566  8.244321E-17
6221.89552879907  8.082370E-17
6227.41452885248  7.765888E-17
6232.93352890589  7.813252E-17
6238.4525289593  8.155548E-17
6243.97152901271  8.639608E-17
6249.49052906612  8.549977E-17
6255.00952911953  8.496462E-17
6260.52852917294  8.369936E-17
6266.04752922635  8.053567E-17
6271.56652927976  8.105164E-17
6277.08552933317  8.069969E-17
6282.60452938658  8.076826E-17
6288.12352943999  7.976911E-17
6293.6425294934  7.924130E-17
6299.16152954681  7.869573E-17
6304.68052960022  8.152811E-17
6310.19952965363  7.733648E-17
6315.71852970704  8.088214E-17
6321.23752976045  8.330963E-17
6326.75652981386  8.064812E-17
6332.27552986727  8.531013E-17
6337.79452992068  8.368210E-17
6343.31352997409  8.447168E-17
6348.8325300275  8.150776E-17
6354.35153008091  8.234935E-17
6359.87053013432  8.076998E-17
6365.38953018773  8.222241E-17
6370.90853024114  8.251231E-17
6376.42753029455  7.897009E-17
6381.94653034796  7.581812E-17
6387.46553040137  7.715461E-17
6392.98453045478  7.340141E-17
6398.50353050819  7.814627E-17
6404.0225305616  8.550430E-17
6409.54153061501  7.880217E-17
6415.06053066842  7.647518E-17
6420.57953072183  8.120149E-17
6426.09853077524  7.040600E-17
6431.61753082865  8.427681E-17
6437.13653088206  8.100973E-17
6442.65553093547  7.748336E-17
6448.17453098888  7.897729E-17
6453.69353104229  8.452184E-17
6459.2125310957  8.336455E-17
6464.73153114911  8.402221E-17
6470.25053120252  7.958446E-17
6475.76953125593  8.015155E-17
6481.28853130934  7.856112E-17
6486.80753136275  7.515549E-17
6492.32653141616  7.707239E-17
6497.84553146957  8.120541E-17
6503.36453152298  8.424495E-17
6508.88353157639  8.153126E-17
6514.4025316298  7.947672E-17
6519.92153168321  8.152030E-17
6525.44053173662  8.455303E-17
6530.95953179003  8.155526E-17
6536.47853184344  7.609795E-17
6541.99753189685  7.246899E-17
6547.51653195026  7.798114E-17
6553.03553200367  7.711398E-17
6558.55453205708  7.609183E-17
6564.07353211049  7.644955E-17
6569.5925321639  7.746454E-17
6575.11153221731  7.631823E-17
6580.63053227072  8.094993E-17
6586.14953232413  7.954683E-17
6591.66853237754  8.453174E-17
6597.18753243095  8.450786E-17
6602.70653248436  7.961004E-17
6608.22553253777  8.010968E-17
6613.74453259118  7.851250E-17
6619.26353264459  7.954776E-17
6624.782532698  8.475265E-17
6630.30153275141  8.196144E-17
6635.82053280482  7.888286E-17
6641.33953285823  7.959183E-17
6646.85853291164  7.869972E-17
6652.37753296505  7.299336E-17
6657.89653301846  8.070780E-17
6663.41553307187  7.717792E-17
6668.93453312528  7.266866E-17
6674.45353317869  7.994397E-17
6679.9725332321  7.837742E-17
6685.49153328551  7.271968E-17
6691.01053333892  7.153760E-17
6696.52953339233  7.707593E-17
6702.04853344574  8.015845E-17
6707.56753349915  7.331148E-17
6713.08653355256  7.613744E-17
6718.60553360597  7.730826E-17
6724.12453365938  7.259886E-17
6729.64353371279  7.379222E-17
6735.1625337662  7.440044E-17
6740.68153381961  7.474901E-17
6746.20053387302  7.626028E-17
6751.71953392643  7.821657E-17
6757.23853397984  7.992741E-17
6762.75753403325  7.935163E-17
6768.27653408666  7.452584E-17
6773.79553414007  7.793393E-17
6779.31453419348  6.910418E-17
6784.83353424689  7.069812E-17
6790.3525343003  7.189755E-17
6795.87153435371  7.160102E-17
6801.39053440712  7.078096E-17
6806.90953446053  7.478653E-17
6812.42853451394  7.531951E-17
6817.94753456735  8.234516E-17
6823.46653462076  8.977842E-17
6828.98553467417  9.180768E-17
6834.50453472758  8.506574E-17
6840.02353478099  8.401287E-17
6845.5425348344  8.892586E-17
6851.06153488781  9.080692E-17
6856.58053494122  8.739318E-17
6862.09953499463  7.448299E-17
6867.61853504804  7.282856E-17
6873.13753510145  6.928498E-17
6878.65653515486  6.731076E-17
6884.17553520827  7.401169E-17
6889.69453526168  7.641441E-17
6895.21353531509  7.498430E-17
6900.7325353685  7.922881E-17
6906.25153542191  7.718847E-17
6911.77053547532  7.570765E-17
6917.28953552873  8.247292E-17
6922.80853558214  8.474264E-17
6928.32753563555  8.803121E-17
6933.84653568896  7.859481E-17
6939.36553574237  8.690732E-17
6944.88453579578  8.997006E-17
6950.40353584919  9.159834E-17
6955.9225359026  8.633364E-17
6961.44153595601  9.013920E-17
6966.96053600942  9.225519E-17
6972.47953606283  8.498902E-17
6977.99853611624  8.817903E-17
6983.51753616965  8.603071E-17
6989.03653622306  8.387952E-17
6994.55553627647  8.523278E-17
7000.07453632988  8.499354E-17
7005.59353638329  9.264909E-17
7011.1125364367  9.175287E-17
7016.63153649011  8.070591E-17
7022.15053654352  8.174162E-17
7027.66953659693  8.780774E-17
7033.18853665034  8.345095E-17
7038.70753670375  8.193634E-17
7044.22653675716  8.380613E-17
7049.74553681057  8.631923E-17
7055.26453686398  8.659074E-17
7060.78353691739  8.790779E-17
7066.3025369708  8.054580E-17
7071.82153702421  7.700015E-17
7077.34053707762  8.113820E-17
7082.85953713103  8.733929E-17
7088.37853718444  8.531346E-17
7093.89753723785  8.715259E-17
7099.41653729126  8.382044E-17
7104.93553734467  8.468451E-17
7110.45453739808  8.516259E-17
7115.97353745149  7.926509E-17
7121.4925375049  8.577285E-17
7127.01153755831  8.231880E-17
7132.53053761172  9.010176E-17
7138.04953766513  1.009525E-16
7143.56853771854  1.126349E-16
7149.08753777195  1.201679E-16
7154.60653782536  1.205382E-16
7160.12553787877  1.212709E-16
7165.64453793218  1.042584E-16
7171.16353798559  9.920872E-17
7176.682538039  9.493457E-17
7182.20153809241  9.355573E-17
7187.72053814582  9.320541E-17
7193.23953819923  9.193835E-17
7198.75853825264  8.789528E-17
7204.27753830605  8.648552E-17
7209.79653835946  9.173364E-17
7215.31553841287  8.961865E-17
7220.83453846628  8.828491E-17
7226.35353851969  8.521470E-17
7231.8725385731  8.339600E-17
7237.39153862651  8.660291E-17
7242.91053867992  8.804442E-17
7248.42953873333  9.401726E-17
7253.94853878674  8.480850E-17
7259.46753884015  8.222691E-17
7264.98653889356  8.401533E-17
7270.50553894697  8.677001E-17
7276.02453900038  9.292612E-17
7281.54353905379  7.755334E-17
7287.0625391072  7.796853E-17
7292.58153916061  7.297566E-17
7298.10053921402  7.956407E-17
7303.61953926743  7.777314E-17
7309.13853932084  7.048172E-17
7314.65753937425  7.889027E-17
7320.17653942766  7.992449E-17
7325.69553948107  8.503645E-17
7331.21453953448  9.111821E-17
7336.73353958789  8.522153E-17
7342.2525396413  7.369476E-17
7347.77153969471  8.084609E-17
7353.29053974812  8.385310E-17
7358.80953980153  7.743448E-17
7364.32853985494  7.977536E-17
7369.84753990835  7.289695E-17
7375.36653996176  7.270990E-17
7380.88554001517  8.195385E-17
7386.40454006858  7.812733E-17
7391.92354012199  7.875890E-17
7397.4425401754  7.538565E-17
7402.96154022881  7.318557E-17
7408.48054028222  7.625729E-17
7413.99954033563  6.843347E-17
7419.51854038904  7.566459E-17
7425.03754044245  7.415030E-17
7430.55654049586  6.776846E-17
7436.07554054927  7.125925E-17
7441.59454060268  6.989713E-17
7447.11354065609  7.692641E-17
7452.6325407095  7.578246E-17
7458.15154076291  6.818939E-17
7463.67054081632  7.010823E-17
7469.18954086973  7.681654E-17
7474.70854092314  7.300525E-17
7480.22754097655  7.640214E-17
7485.74654102996  8.044802E-17
7491.26554108337  7.736471E-17
7496.78454113678  6.934671E-17
7502.30354119019  6.707696E-17
7507.8225412436  7.554292E-17
7513.34154129701  7.320700E-17
7518.86054135042  8.022289E-17
7524.37954140383  7.915858E-17
7529.89854145724  7.126516E-17
7535.41754151065  6.995216E-17
7540.93654156406  7.894192E-17
7546.45554161747  8.304471E-17
7551.97454167088  1.175129E-16
7557.49354172429  1.601370E-16
7563.0125417777  2.372688E-16
7568.53154183111  2.225840E-16
7574.05054188452  1.788607E-16
7579.56954193793  1.632629E-16
7585.08854199134  1.426925E-16
7590.60754204475  1.313477E-16
7596.12654209816  8.685806E-17
7601.64554215157  5.589979E-17
7607.16454220498  5.421362E-17
7612.68354225839  5.526189E-17
7618.2025423118  5.525654E-17
7623.72154236521  5.304703E-17
7629.24054241862  4.566335E-17
7634.75954247203  4.095765E-17
7640.27854252544  4.190214E-17
7645.79754257885  4.963762E-17
7651.31654263226  6.287116E-17
7656.83554268567  5.894003E-17
7662.35454273908  5.566129E-17
7667.87354279249  6.058768E-17
7673.3925428459  6.196654E-17
7678.91154289931  6.926732E-17
7684.43054295272  6.235260E-17
7689.94954300613  7.236341E-17
7695.46854305954  6.227597E-17
7700.98754311295  5.942743E-17
7706.50654316636  6.117493E-17
7712.02554321977  7.534171E-17
7717.54454327318  7.736231E-17
7723.06354332659  7.373429E-17
7728.58254338  6.790444E-17
7734.10154343341  7.026255E-17
7739.62054348682  7.809813E-17
7745.13954354023  7.362371E-17
7750.65854359364  7.417501E-17
7756.17754364705  7.459865E-17
7761.69654370046  7.465124E-17
7767.21554375387  6.549985E-17
7772.73454380728  6.123701E-17
7778.25354386069  6.195898E-17
7783.7725439141  6.643526E-17
7789.29154396751  7.952635E-17
7794.81054402092  7.549605E-17
7800.32954407433  6.830241E-17
7805.84854412774  6.090014E-17
7811.36754418115  5.772835E-17
7816.88654423456  6.738217E-17
7822.40554428797  6.610324E-17
7827.92454434138  6.980538E-17
7833.44354439479  6.278660E-17
7838.9625444482  5.610219E-17
7844.48154450161  5.798690E-17
7850.00054455502  6.600420E-17
7855.51954460843  7.277740E-17
7861.03854466184  7.181393E-17
7866.55754471525  6.887438E-17
7872.07654476866  6.856861E-17
7877.59554482207  5.671870E-17
7883.11454487548  6.693318E-17
7888.63354492889  7.161668E-17
7894.1525449823  7.222199E-17
7899.67154503571  7.031693E-17
7905.19054508912  6.389954E-17
7910.70954514253  5.996491E-17
7916.22854519594  5.981333E-17
7921.74754524935  6.619091E-17
7927.26654530276  6.533284E-17
7932.78554535617  7.382586E-17
7938.30454540958  6.940892E-17
7943.82354546299  5.989331E-17
7949.3425455164  6.051381E-17
7954.86154556981  6.876444E-17
7960.38054562322  7.660802E-17
7965.89954567663  7.117779E-17
7971.41854573004  6.960378E-17
7976.93754578345  6.091165E-17
7982.45654583686  6.431751E-17
7987.97554589027  5.673283E-17
7993.49454594368  6.793319E-17
7999.01354599709  7.026235E-17
8004.5325460505  6.541492E-17
8010.05154610391  6.392261E-17
8015.57054615732  5.877108E-17
8021.08954621073  6.128766E-17
8026.60854626414  6.291037E-17
8032.12754631755  6.889584E-17
8037.64654637096  7.115071E-17
8043.16554642437  6.729111E-17
8048.68454647778  6.341361E-17
8054.20354653119  6.151206E-17
8059.7225465846  6.417642E-17
8065.24154663801  6.564443E-17
8070.76054669142  6.862560E-17
8076.27954674483  6.350998E-17
8081.79854679824  5.954785E-17
8087.31754685165  6.159620E-17
8092.83654690506  6.429459E-17
8098.35554695847  6.670167E-17
8103.87454701188  7.560725E-17
8109.39354706529  7.526674E-17
8114.9125471187  7.342164E-17
8120.43154717211  7.658153E-17
8125.95054722552  6.718392E-17
8131.46954727893  6.630811E-17
8136.98854733234  7.880408E-17
8142.50754738575  6.928082E-17
8148.02654743916  7.123801E-17
8153.54554749257  7.318344E-17
8159.06454754598  6.708006E-17
8164.58354759939  5.981004E-17
8170.1025476528  6.200352E-17
8175.62154770621  6.421004E-17
8181.14054775962  7.396364E-17
8186.65954781303  7.471858E-17
8192.17854786644  6.253096E-17
8197.69754791985  6.618870E-17
8203.21654797326  6.828109E-17
8208.73554802667  6.558322E-17
8214.25454808008  6.547565E-17
8219.77354813349  7.079197E-17
8225.2925481869  6.522972E-17
8230.81154824031  6.269203E-17
8236.33054829372  6.677655E-17
8241.84954834713  6.111862E-17
8247.36854840054  6.811253E-17
8252.88754845395  7.243573E-17
8258.40654850736  6.054762E-17
8263.92554856077  7.359093E-17
8269.44454861418  7.148085E-17
8274.96354866759  5.324513E-17
8280.482548721  5.425012E-17
8286.00154877441  6.466688E-17
8291.52054882782  6.433215E-17
8297.03954888123  7.144356E-17
8302.55854893464  6.363219E-17
8308.07754898805  5.786225E-17
8313.59654904146  5.404153E-17
8319.11554909487  5.682447E-17
8324.63454914828  6.608883E-17
8330.15354920169  6.463088E-17
8335.6725492551  6.602302E-17
8341.19154930851  5.418834E-17
8346.71054936192  4.679293E-17
8352.22954941533  5.470423E-17
8357.74854946874  5.493510E-17
8363.26754952215  6.731341E-17
8368.78654957556  5.905424E-17
8374.30554962897  5.101265E-17
8379.82454968238  5.848040E-17
8385.34354973579  5.781900E-17
8390.8625497892  4.961297E-17
8396.38154984261  5.514552E-17
8401.90054989602  6.855651E-17
8407.41954994943  6.100318E-17
8412.93855000284  5.788639E-17
8418.45755005625  5.465988E-17
8423.97655010966  4.657221E-17
8429.49555016307  6.501792E-17
8435.01455021648  7.285786E-17
8440.53355026989  7.370950E-17
8446.0525503233  6.484257E-17
8451.57155037671  4.817786E-17
8457.09055043012  5.472918E-17
8462.60955048353  6.124289E-17
8468.12855053694  5.987025E-17
8473.64755059035  5.898599E-17
8479.16655064376  6.335143E-17
8484.68555069717  6.312924E-17
8490.20455075058  5.602256E-17
8495.72355080399  5.383131E-17
8501.2425508574  4.935942E-17
8506.76155091081  5.366170E-17
8512.28055096422  6.107572E-17
8517.79955101763  6.760885E-17
8523.31855107104  5.671095E-17
8528.83755112445  5.369552E-17
8534.35655117786  5.314096E-17
8539.87555123127  5.556760E-17
8545.39455128468  5.817741E-17
8550.91355133809  6.877776E-17
8556.4325513915  6.581674E-17
8561.95155144491  5.827530E-17
8567.47055149832  5.782317E-17
8572.98955155173  6.047866E-17
8578.50855160514  5.953239E-17
8584.02755165855  6.407592E-17
8589.54655171196  6.292741E-17
8595.06555176537  5.781449E-17
8600.58455181878  5.708530E-17
8606.10355187219  5.089211E-17
8611.6225519256  4.578166E-17
8617.14155197901  6.400354E-17
8622.66055203242  7.056147E-17
8628.17955208583  6.578532E-17
8633.69855213924  6.083339E-17
8639.21755219265  5.084471E-17
8644.73655224606  4.828927E-17
8650.25555229947  5.004053E-17
8655.77455235288  4.700454E-17
8661.29355240629  6.082297E-17
8666.8125524597  6.562596E-17
8672.33155251311  6.192255E-17
8677.85055256652  5.945837E-17
8683.36955261993  5.775600E-17
8688.88855267334  5.958791E-17
8694.40755272675  6.034567E-17
8699.92655278016  5.896746E-17
8705.44555283357  7.258048E-17
8710.96455288698  6.080949E-17
8716.48355294039  5.592578E-17
8722.0025529938  5.559978E-17
8727.52155304721  5.210509E-17
8733.04055310062  5.782556E-17
8738.55955315403  6.669853E-17
8744.07855320744  6.073513E-17
8749.59755326085  7.454150E-17
8755.11655331426  5.207730E-17
8760.63555336767  5.292144E-17
8766.15455342108  5.573468E-17
8771.67355347449  4.981682E-17
8777.1925535279  5.252592E-17
8782.71155358131  6.082925E-17
8788.23055363472  6.141760E-17
8793.74955368813  5.702584E-17
8799.26855374154  5.263319E-17
8804.78755379495  4.614968E-17
8810.30655384836  5.383129E-17
8815.82555390177  6.035522E-17
8821.34455395518  6.675203E-17
8826.86355400859  6.471807E-17
8832.382554062  6.048514E-17
8837.90155411541  5.703558E-17
8843.42055416882  6.354932E-17
8848.93955422223  5.212718E-17
8854.45855427564  6.178823E-17
8859.97755432905  5.660218E-17
8865.49655438246  5.290314E-17
8871.01555443587  6.102356E-17
8876.53455448928  4.803315E-17
8882.05355454269  5.963381E-17
8887.5725545961  7.348489E-17
8893.09155464951  5.219282E-17
8898.61055470292  6.654204E-17
8904.12955475633  4.778488E-17
8909.64855480974  5.458820E-17
8915.16755486315  5.227915E-17
8920.68655491656  6.294291E-17
8926.20555496997  7.653181E-17
8931.72455502338  6.988020E-17
8937.24355507679  6.887412E-17
8942.7625551302  6.160466E-17
8948.28155518361  5.593402E-17
8953.80055523702  6.310599E-17
8959.31955529043  6.932509E-17
8964.83855534384  7.094749E-17
8970.35755539725  7.081194E-17
8975.87655545066  5.651275E-17
8981.39555550407  6.293147E-17
8986.91455555748  6.664397E-17
8992.43355561089  6.748390E-17
8997.9525556643  7.084001E-17
9003.47155571771  5.391680E-17
9008.99055577112  4.694580E-17
9014.50955582453  4.863694E-17
9020.02855587794  5.704272E-17
9025.54755593135  6.755791E-17
9031.06655598476  8.203744E-17
9036.58555603817  7.461880E-17
9042.10455609158  4.984375E-17
9047.62355614499  5.884391E-17
9053.1425561984  7.218756E-17
9058.66155625181  6.138994E-17
9064.18055630522  6.509586E-17
9069.69955635863  5.114669E-17
9075.21855641204  5.067283E-17
9080.73755646545  5.574612E-17
9086.25655651886  6.132386E-17
9091.77555657227  6.460907E-17
9097.29455662568  6.706156E-17
9102.81355667909  6.675514E-17
9108.3325567325  5.417848E-17
9113.85155678591  4.417457E-17
9119.37055683932  6.143204E-17
9124.88955689273  5.646870E-17
9130.40855694614  5.402907E-17
9135.92755699955  5.662733E-17
9141.44655705296  6.753116E-17
9146.96555710637  5.714042E-17
9152.48455715978  5.501411E-17
9158.00355721319  5.511730E-17
9163.5225572666  5.304528E-17
9169.04155732001  5.163670E-17
9174.56055737342  4.790782E-17
9180.07955742683  4.443125E-17
9185.59855748024  5.114884E-17
9191.11755753365  4.956105E-17
9196.63655758706  4.259268E-17
9202.15555764047  5.463586E-17
9207.67455769388  0.
9213.19355774729  0.
9218.7125578007  0.
9224.23155785411  0.
9229.75055790752  0.
9235.26955796093  0.
9240.78855801434  0.
9246.30755806775  0.
