3651.07226562  6.872176E-17
3656.59020089603  8.833687E-17
3662.10813617206  8.379557E-17
3667.62607144809  7.154259E-17
3673.14400672412  7.502968E-17
3678.66194200015  7.931366E-17
3684.17987727618  6.405090E-17
3689.69781255221  7.059570E-17
3695.21574782824  8.948173E-17
3700.73368310427  7.580577E-17
3706.2516183803  6.446882E-17
3711.76955365633  6.414612E-17
3717.28748893236  7.242048E-17
3722.80542420839  5.430756E-17
3728.32335948442  8.023164E-17
3733.84129476045  7.375096E-17
3739.35923003648  6.994821E-17
3744.87716531251  6.171990E-17
3750.39510058854  8.297333E-17
3755.91303586457  8.509957E-17
3761.4309711406  9.132058E-17
3766.94890641663  7.128778E-17
3772.46684169266  7.840078E-17
3777.98477696869  8.987163E-17
3783.50271224472  8.405952E-17
3789.02064752075  7.355176E-17
3794.53858279678  7.512258E-17
3800.05651807281  7.140930E-17
3805.57445334884  6.843159E-17
3811.09238862487  8.000095E-17
3816.6103239009  6.472763E-17
3822.12825917693  5.949712E-17
3827.64619445296  6.365742E-17
3833.16412972899  8.112839E-17
3838.68206500502  7.510867E-17
3844.20000028105  8.116841E-17
3849.71793555708  7.574219E-17
3855.23587083311  6.893792E-17
3860.75380610914  7.967861E-17
3866.27174138517  7.023208E-17
3871.7896766612  7.909545E-17
3877.30761193723  7.093594E-17
3882.82554721326  8.424337E-17
3888.34348248929  5.936439E-17
3893.86141776532  7.055761E-17
3899.37935304135  7.067065E-17
3904.89728831738  6.969033E-17
3910.41522359341  6.282490E-17
3915.93315886944  6.867193E-17
3921.45109414547  6.585383E-17
3926.9690294215  7.114996E-17
3932.48696469753  6.745910E-17
3938.00489997356  7.880893E-17
3943.52283524959  6.935841E-17
3949.04077052562  8.144224E-17
3954.55870580165  7.892702E-17
3960.07664107768  7.254656E-17
3965.59457635371  8.508075E-17
3971.11251162974  6.416993E-17
3976.63044690577  5.833718E-17
3982.1483821818  5.856155E-17
3987.66631745783  7.678394E-17
3993.18425273386  7.208408E-17
3998.70218800989  7.879379E-17
4004.22012328592  7.875516E-17
4009.73805856195  6.275461E-17
4015.25599383798  6.913934E-17
4020.77392911401  7.213301E-17
4026.29186439004  7.764764E-17
4031.80979966607  7.230521E-17
4037.3277349421  7.539107E-17
4042.84567021813  7.461552E-17
4048.36360549416  8.085269E-17
4053.88154077019  7.038140E-17
4059.39947604622  7.469410E-17
4064.91741132225  7.449033E-17
4070.43534659828  7.794993E-17
4075.95328187431  7.933626E-17
4081.47121715034  5.855820E-17
4086.98915242637  7.133325E-17
4092.5070877024  7.424286E-17
4098.02502297843  7.819391E-17
4103.54295825446  6.826310E-17
4109.06089353049  7.531687E-17
4114.57882880652  7.738799E-17
4120.09676408255  6.207451E-17
4125.61469935858  7.112174E-17
4131.13263463461  8.412887E-17
4136.65056991064  7.446191E-17
4142.16850518667  7.431052E-17
4147.6864404627  7.439034E-17
4153.20437573873  6.696480E-17
4158.72231101476  6.648768E-17
4164.24024629079  7.372789E-17
4169.75818156682  6.509841E-17
4175.27611684285  7.317505E-17
4180.79405211888  5.633664E-17
4186.31198739491  6.385787E-17
4191.82992267094  7.339756E-17
4197.34785794697  6.444331E-17
4202.865793223  6.691419E-17
4208.38372849903  7.367399E-17
4213.90166377506  6.442851E-17
4219.41959905109  7.496636E-17
4224.93753432712  6.958306E-17
4230.45546960315  7.697725E-17
4235.97340487918  6.463003E-17
4241.49134015521  6.684055E-17
4247.00927543124  7.149599E-17
4252.52721070727  5.284260E-17
4258.0451459833  6.615828E-17
4263.56308125933  6.424060E-17
4269.08101653536  6.940070E-17
4274.59895181139  7.963826E-17
4280.11688708742  5.167165E-17
4285.63482236345  5.136496E-17
4291.15275763948  6.333329E-17
4296.67069291551  7.248877E-17
4302.18862819154  7.769270E-17
4307.70656346757  7.014277E-17
4313.2244987436  6.694708E-17
4318.74243401963  6.440729E-17
4324.26036929566  6.277112E-17
4329.77830457169  6.130429E-17
4335.29623984772  6.719438E-17
4340.81417512375  5.795055E-17
4346.33211039978  7.392982E-17
4351.85004567581  6.733809E-17
4357.36798095184  7.261233E-17
4362.88591622787  6.733445E-17
4368.4038515039  7.150179E-17
4373.92178677994  7.868624E-17
4379.43972205597  7.507965E-17
4384.95765733199  7.832586E-17
4390.47559260802  7.264720E-17
4395.99352788405  6.716751E-17
4401.51146316008  7.635220E-17
4407.02939843611  7.705208E-17
4412.54733371214  7.577446E-17
4418.06526898817  6.982939E-17
4423.5832042642  7.159480E-17
4429.10113954023  7.917034E-17
4434.61907481626  7.660361E-17
4440.13701009229  7.579668E-17
4445.65494536832  6.906845E-17
4451.17288064435  8.255613E-17
4456.69081592038  7.198150E-17
4462.20875119641  7.768694E-17
4467.72668647244  7.680445E-17
4473.24462174847  7.222426E-17
4478.7625570245  6.877135E-17
4484.28049230053  6.653050E-17
4489.79842757656  6.059288E-17
4495.31636285259  7.048950E-17
4500.83429812862  6.449009E-17
4506.35223340465  7.236741E-17
4511.87016868068  7.268987E-17
4517.38810395671  7.015859E-17
4522.90603923274  6.877280E-17
4528.42397450877  6.259184E-17
4533.9419097848  6.781039E-17
4539.45984506083  6.492605E-17
4544.97778033686  6.183092E-17
4550.49571561289  6.685695E-17
4556.01365088892  7.048017E-17
4561.53158616495  7.525827E-17
4567.04952144098  6.893926E-17
4572.56745671701  7.259171E-17
4578.08539199304  7.096191E-17
4583.60332726907  6.425585E-17
4589.1212625451  7.169721E-17
4594.63919782113  6.607919E-17
4600.15713309716  7.101011E-17
4605.6750683732  7.660163E-17
4611.19300364922  7.061694E-17
4616.71093892525  7.136199E-17
4622.22887420128  7.210867E-17
4627.74680947731  7.462279E-17
4633.26474475334  7.202802E-17
4638.78268002937  6.237835E-17
4644.3006153054  6.702555E-17
4649.81855058143  7.069516E-17
4655.33648585746  6.624152E-17
4660.85442113349  6.863547E-17
4666.37235640952  6.455411E-17
4671.89029168555  7.157661E-17
4677.40822696158  7.138370E-17
4682.92616223761  6.886992E-17
4688.44409751364  6.227552E-17
4693.96203278967  6.040501E-17
4699.4799680657  6.671844E-17
4704.99790334173  6.069621E-17
4710.51583861776  7.049334E-17
4716.03377389379  6.350553E-17
4721.55170916982  6.519662E-17
4727.06964444585  6.626910E-17
4732.58757972188  6.465397E-17
4738.10551499791  6.581555E-17
4743.62345027395  7.135560E-17
4749.14138554997  6.969316E-17
4754.659320826  7.542416E-17
4760.17725610203  7.347730E-17
4765.69519137806  6.722070E-17
4771.2131266541  6.643177E-17
4776.73106193012  7.300082E-17
4782.24899720615  6.635422E-17
4787.76693248218  6.811518E-17
4793.28486775821  7.247178E-17
4798.80280303424  7.170529E-17
4804.32073831027  7.060658E-17
4809.8386735863  7.132021E-17
4815.35660886233  7.250554E-17
4820.87454413836  6.652153E-17
4826.39247941439  6.924815E-17
4831.91041469042  7.526919E-17
4837.42834996645  7.344260E-17
4842.94628524248  7.671069E-17
4848.46422051851  7.903922E-17
4853.98215579454  7.932953E-17
4859.50009107058  6.357081E-17
4865.0180263466  6.779202E-17
4870.53596162263  6.849883E-17
4876.05389689866  7.229541E-17
4881.57183217469  7.240925E-17
4887.08976745072  6.954852E-17
4892.60770272676  6.692731E-17
4898.12563800278  6.725274E-17
4903.64357327881  7.584273E-17
4909.16150855484  7.782811E-17
4914.67944383088  7.579840E-17
4920.1973791069  7.196776E-17
4925.71531438293  7.345685E-17
4931.23324965896  6.792534E-17
4936.75118493499  6.930682E-17
4942.26912021103  7.404269E-17
4947.78705548705  7.189778E-17
4953.30499076309  7.285324E-17
4958.82292603911  7.142876E-17
4964.34086131514  7.357519E-17
4969.85879659117  7.587269E-17
4975.37673186721  7.363549E-17
4980.89466714324  6.736736E-17
4986.41260241926  7.340065E-17
4991.93053769529  7.448781E-17
4997.44847297132  7.173986E-17
5002.96640824736  6.967617E-17
5008.48434352338  6.964072E-17
5014.00227879942  8.767185E-17
5019.52021407545  7.962640E-17
5025.03814935148  7.829063E-17
5030.55608462751  7.746745E-17
5036.07401990353  6.634015E-17
5041.59195517957  7.444420E-17
5047.10989045559  7.609781E-17
5052.62782573162  7.060208E-17
5058.14576100766  6.471410E-17
5063.66369628369  7.675258E-17
5069.18163155971  6.615218E-17
5074.69956683575  7.176432E-17
5080.21750211177  6.397025E-17
5085.7354373878  6.978045E-17
5091.25337266384  7.256955E-17
5096.77130793987  6.981298E-17
5102.28924321589  6.980310E-17
5107.80717849192  6.931319E-17
5113.32511376796  6.955768E-17
5118.84304904398  7.321043E-17
5124.36098432002  7.659631E-17
5129.87891959605  8.131732E-17
5135.39685487208  8.080276E-17
5140.91479014811  7.871439E-17
5146.43272542414  7.756178E-17
5151.95066070017  7.886032E-17
5157.4685959762  7.566911E-17
5162.98653125223  7.342058E-17
5168.50446652826  7.322500E-17
5174.02240180428  7.243011E-17
5179.54033708031  7.487884E-17
5185.05827235635  7.022783E-17
5190.57620763237  6.893241E-17
5196.09414290841  7.711820E-17
5201.61207818444  7.782255E-17
5207.13001346046  7.952301E-17
5212.6479487365  7.377384E-17
5218.16588401253  7.540285E-17
5223.68381928856  7.085950E-17
5229.20175456459  7.966728E-17
5234.71968984062  7.865428E-17
5240.23762511664  7.502770E-17
5245.75556039267  7.753278E-17
5251.2734956687  7.305731E-17
5256.79143094474  7.560021E-17
5262.30936622076  6.948884E-17
5267.8273014968  7.214834E-17
5273.34523677282  6.959018E-17
5278.86317204885  7.333752E-17
5284.38110732489  6.681913E-17
5289.89904260092  7.203551E-17
5295.41697787695  7.516504E-17
5300.93491315298  7.643402E-17
5306.45284842901  7.444009E-17
5311.97078370504  6.750028E-17
5317.48871898107  6.842451E-17
5323.00665425709  7.002206E-17
5328.52458953312  7.707060E-17
5334.04252480916  6.844798E-17
5339.56046008519  7.250859E-17
5345.07839536122  7.212376E-17
5350.59633063725  6.563783E-17
5356.11426591328  7.395680E-17
5361.63220118931  7.260274E-17
5367.15013646534  6.770089E-17
5372.66807174137  6.847753E-17
5378.1860070174  7.010115E-17
5383.70394229343  6.426425E-17
5389.22187756946  6.816657E-17
5394.73981284548  6.996783E-17
5400.25774812152  6.443628E-17
5405.77568339755  8.216071E-17
5411.29361867358  6.948194E-17
5416.8115539496  7.495162E-17
5422.32948922563  7.058503E-17
5427.84742450167  6.538171E-17
5433.36535977769  6.963748E-17
5438.88329505373  6.203305E-17
5444.40123032976  6.606205E-17
5449.91916560578  7.628633E-17
5455.43710088182  6.659137E-17
5460.95503615785  8.152517E-17
5466.47297143388  7.389516E-17
5471.99090670991  6.680278E-17
5477.50884198593  6.019416E-17
5483.02677726196  6.458332E-17
5488.544712538  7.042323E-17
5494.06264781402  6.934664E-17
5499.58058309006  7.288323E-17
5505.09851836609  6.537900E-17
5510.61645364212  6.755517E-17
5516.13438891815  7.089140E-17
5521.65232419418  7.196109E-17
5527.17025947021  7.317293E-17
5532.68819474624  6.041778E-17
5538.20613002227  6.768291E-17
5543.7240652983  6.593844E-17
5549.24200057433  6.479251E-17
5554.75993585035  6.307030E-17
5560.27787112639  6.876656E-17
5565.79580640241  5.879681E-17
5571.31374167845  5.692932E-17
5576.83167695448  7.843011E-17
5582.34961223051  8.780986E-17
5587.86754750654  5.701204E-17
5593.38548278257  5.489355E-17
5598.9034180586  6.812304E-17
5604.42135333463  6.802352E-17
5609.93928861066  6.785815E-17
5615.45722388669  6.347784E-17
5620.97515916272  6.603395E-17
5626.49309443875  6.348463E-17
5632.01102971477  5.561895E-17
5637.52896499081  5.990560E-17
5643.04690026684  5.675819E-17
5648.56483554286  5.310515E-17
5654.0827708189  5.465950E-17
5659.60070609493  6.039801E-17
5665.11864137095  6.210732E-17
5670.63657664699  6.622670E-17
5676.15451192302  6.436290E-17
5681.67244719905  6.718767E-17
5687.19038247508  7.472551E-17
5692.70831775111  6.303111E-17
5698.22625302714  6.532899E-17
5703.74418830317  6.834405E-17
5709.2621235792  5.644138E-17
5714.78005885523  5.610991E-17
5720.29799413126  5.653380E-17
5725.81592940728  5.993644E-17
5731.33386468332  5.946335E-17
5736.85179995935  5.369750E-17
5742.36973523538  4.756835E-17
5747.88767051141  6.089870E-17
5753.40560578744  5.968050E-17
5758.92354106347  5.498337E-17
5764.4414763395  5.421839E-17
5769.95941161553  6.284245E-17
5775.47734689156  6.494510E-17
5780.99528216759  6.303181E-17
5786.51321744361  6.284296E-17
5792.03115271965  6.154428E-17
5797.54908799568  6.012243E-17
5803.06702327171  6.342530E-17
5808.58495854774  5.748628E-17
5814.10289382377  5.967162E-17
5819.62082909979  6.266292E-17
5825.13876437583  5.214168E-17
5830.65669965186  6.063937E-17
5836.17463492789  5.931977E-17
5841.69257020392  6.535100E-17
5847.21050547995  6.382583E-17
5852.72844075598  5.853750E-17
5858.24637603201  6.388326E-17
5863.76431130804  7.287655E-17
5869.28224658407  6.118620E-17
5874.8001818601  5.799954E-17
5880.31811713613  6.625833E-17
5885.83605241216  6.081966E-17
5891.35398768819  5.540420E-17
5896.87192296422  5.742971E-17
5902.38985824025  4.559911E-17
5907.90779351628  5.923927E-17
5913.42572879231  6.263807E-17
5918.94366406834  5.830216E-17
5924.46159934437  5.838740E-17
5929.9795346204  5.892866E-17
5935.49746989643  6.825910E-17
5941.01540517246  6.108048E-17
5946.53334044849  6.377111E-17
5952.05127572452  6.517831E-17
5957.56921100055  5.956643E-17
5963.08714627658  6.144363E-17
5968.60508155261  6.440565E-17
5974.12301682864  6.387099E-17
5979.64095210467  5.727502E-17
5985.1588873807  6.260321E-17
5990.67682265673  6.934162E-17
5996.19475793276  6.138503E-17
6001.71269320879  6.478271E-17
6007.23062848482  5.620530E-17
6012.74856376085  5.272407E-17
6018.26649903688  5.713964E-17
6023.78443431291  5.749088E-17
6029.30236958894  5.940591E-17
6034.82030486497  6.048809E-17
6040.338240141  6.224420E-17
6045.85617541703  6.777633E-17
6051.37411069306  6.091725E-17
6056.89204596909  6.044567E-17
6062.40998124512  5.740667E-17
6067.92791652115  6.754758E-17
6073.44585179718  5.895350E-17
6078.96378707321  5.697818E-17
6084.48172234924  5.500689E-17
6089.99965762527  6.287632E-17
6095.5175929013  5.825488E-17
6101.03552817733  5.510366E-17
6106.55346345336  5.447943E-17
6112.07139872939  6.415621E-17
6117.58933400542  6.029310E-17
6123.10726928145  5.894030E-17
6128.62520455748  5.950853E-17
6134.14313983351  6.953026E-17
6139.66107510954  6.544340E-17
6145.17901038557  6.484076E-17
6150.6969456616  5.930483E-17
6156.21488093763  5.499883E-17
6161.73281621366  6.254153E-17
6167.25075148969  6.907893E-17
6172.76868676572  6.405693E-17
6178.28662204175  5.398190E-17
6183.80455731778  5.802364E-17
6189.32249259381  6.804082E-17
6194.84042786984  6.426090E-17
6200.35836314587  6.533416E-17
6205.8762984219  6.542680E-17
6211.39423369793  6.199782E-17
6216.91216897396  5.741668E-17
6222.43010424999  5.956117E-17
6227.94803952602  6.239235E-17
6233.46597480205  6.008916E-17
6238.98391007807  7.389965E-17
6244.5018453541  6.589229E-17
6250.01978063014  5.941257E-17
6255.53771590617  6.793642E-17
6261.0556511822  6.978458E-17
6266.57358645823  7.039813E-17
6272.09152173426  6.031974E-17
6277.60945701029  6.143957E-17
6283.12739228632  6.358027E-17
6288.64532756235  5.563482E-17
6294.16326283838  5.943374E-17
6299.68119811441  7.494023E-17
6305.19913339044  6.525061E-17
6310.71706866647  5.413349E-17
6316.2350039425  6.290193E-17
6321.75293921853  6.326469E-17
6327.27087449456  6.607321E-17
6332.78880977059  6.358883E-17
6338.30674504662  5.537083E-17
6343.82468032265  5.521847E-17
6349.34261559868  6.256403E-17
6354.86055087471  6.453066E-17
6360.37848615074  6.613654E-17
6365.89642142677  6.280975E-17
6371.4143567028  6.185653E-17
6376.93229197883  5.555160E-17
6382.45022725486  6.018009E-17
6387.96816253089  6.445261E-17
6393.48609780692  5.733438E-17
6399.00403308295  6.578034E-17
6404.52196835898  6.326387E-17
6410.03990363501  6.179418E-17
6415.55783891104  5.794249E-17
6421.07577418707  5.964356E-17
6426.5937094631  5.924012E-17
6432.11164473913  6.379005E-17
6437.62958001516  6.166520E-17
6443.14751529119  6.295589E-17
6448.66545056722  6.010077E-17
6454.18338584325  5.815541E-17
6459.70132111928  5.685417E-17
6465.21925639531  5.979417E-17
6470.73719167134  6.264393E-17
6476.25512694737  5.810513E-17
6481.7730622234  5.801908E-17
6487.29099749943  6.040951E-17
6492.80893277546  6.354327E-17
6498.32686805149  6.993925E-17
6503.84480332752  6.152903E-17
6509.36273860355  5.910352E-17
6514.88067387958  6.069505E-17
6520.39860915561  5.476864E-17
6525.91654443164  6.168935E-17
6531.43447970767  6.676643E-17
6536.9524149837  6.922546E-17
6542.47035025973  5.831253E-17
6547.98828553575  6.405485E-17
6553.50622081179  6.284894E-17
6559.02415608782  5.506174E-17
6564.54209136385  6.055356E-17
6570.06002663988  5.891310E-17
6575.57796191591  5.935798E-17
6581.09589719194  6.891820E-17
6586.61383246797  5.857523E-17
6592.131767744  6.569332E-17
6597.64970302003  6.150638E-17
6603.16763829606  5.917053E-17
6608.68557357209  6.673218E-17
6614.20350884812  6.102348E-17
6619.72144412415  6.471476E-17
6625.23937940018  6.587421E-17
6630.75731467621  5.563932E-17
6636.27524995224  5.114849E-17
6641.79318522827  5.910086E-17
6647.3111205043  5.852992E-17
6652.82905578033  5.915047E-17
6658.34699105636  6.774646E-17
6663.86492633239  6.097606E-17
6669.38286160842  6.092088E-17
6674.90079688445  6.171999E-17
6680.41873216048  5.515007E-17
6685.93666743651  5.518323E-17
6691.45460271254  6.414019E-17
6696.97253798857  6.457522E-17
6702.4904732646  5.524542E-17
6708.00840854063  5.375263E-17
6713.52634381666  6.070359E-17
6719.04427909269  5.325568E-17
6724.56221436872  5.367932E-17
6730.08014964475  5.916100E-17
6735.59808492078  5.043331E-17
6741.11602019681  5.622616E-17
6746.63395547284  5.275522E-17
6752.15189074887  5.685446E-17
6757.6698260249  5.607939E-17
6763.18776130093  5.955865E-17
6768.70569657696  5.771111E-17
6774.22363185299  6.151049E-17
6779.74156712902  5.924315E-17
6785.25950240505  5.854369E-17
6790.77743768108  4.943265E-17
6796.29537295711  5.819330E-17
6801.81330823314  5.020840E-17
6807.33124350917  5.886109E-17
6812.8491787852  5.662001E-17
6818.36711406123  5.904489E-17
6823.88504933726  5.258169E-17
6829.40298461329  6.468935E-17
6834.92091988932  5.948004E-17
6840.43885516535  6.050618E-17
6845.95679044138  6.262112E-17
6851.47472571741  5.997517E-17
6856.99266099344  5.732025E-17
6862.51059626947  6.033675E-17
6868.0285315455  6.250617E-17
6873.54646682153  6.052961E-17
6879.06440209756  6.070652E-17
6884.58233737359  6.353020E-17
6890.10027264962  5.875870E-17
6895.61820792565  5.436916E-17
6901.13614320168  7.367765E-17
6906.65407847771  7.537842E-17
6912.17201375374  6.674975E-17
6917.68994902977  6.769626E-17
6923.2078843058  6.650999E-17
6928.72581958183  7.173901E-17
6934.24375485786  7.236496E-17
6939.76169013389  6.800925E-17
6945.27962540992  6.529565E-17
6950.79756068595  6.968723E-17
6956.31549596198  7.176025E-17
6961.83343123801  6.266581E-17
6967.35136651404  6.728558E-17
6972.86930179007  6.149483E-17
6978.3872370661  6.948049E-17
6983.90517234213  7.059773E-17
6989.42310761816  7.048168E-17
6994.94104289419  6.260256E-17
7000.45897817022  6.140418E-17
7005.97691344625  6.508299E-17
7011.49484872228  6.707243E-17
7017.01278399831  6.531729E-17
7022.53071927434  6.630305E-17
7028.04865455037  6.511139E-17
7033.5665898264  6.461499E-17
7039.08452510243  6.720257E-17
7044.60246037846  6.441962E-17
7050.12039565449  6.196804E-17
7055.63833093052  6.704022E-17
7061.15626620655  6.407896E-17
7066.67420148258  6.426046E-17
7072.19213675861  7.047581E-17
7077.71007203464  6.737045E-17
7083.22800731067  6.510400E-17
7088.7459425867  5.775327E-17
7094.26387786273  7.266721E-17
7099.78181313876  6.208509E-17
7105.29974841479  6.212467E-17
7110.81768369082  6.280838E-17
7116.33561896685  7.063931E-17
7121.85355424288  6.452896E-17
7127.37148951891  6.496219E-17
7132.88942479494  6.427008E-17
7138.40736007097  8.223002E-17
7143.925295347  7.980856E-17
7149.44323062303  8.885912E-17
7154.96116589906  9.148988E-17
7160.47910117509  9.465413E-17
7165.99703645112  8.758974E-17
7171.51497172715  7.869461E-17
7177.03290700318  7.829184E-17
7182.55084227921  8.013850E-17
7188.06877755524  7.205010E-17
7193.58671283127  6.300048E-17
7199.1046481073  6.552920E-17
7204.62258338333  6.253191E-17
7210.14051865936  6.515947E-17
7215.65845393539  7.097389E-17
7221.17638921142  7.140514E-17
7226.69432448745  6.931151E-17
7232.21225976348  6.305119E-17
7237.73019503951  5.883404E-17
7243.24813031554  7.152653E-17
7248.76606559157  7.742489E-17
7254.2840008676  6.919568E-17
7259.80193614363  6.136242E-17
7265.31987141966  5.464339E-17
7270.83780669569  6.495778E-17
7276.35574197172  8.166066E-17
7281.87367724775  6.485064E-17
7287.39161252378  6.057080E-17
7292.90954779981  5.871159E-17
7298.42748307584  6.427710E-17
7303.94541835187  6.293390E-17
7309.4633536279  6.191298E-17
7314.98128890393  5.888824E-17
7320.49922417996  7.324160E-17
7326.01715945599  7.927211E-17
7331.53509473202  7.484854E-17
7337.05303000805  7.572741E-17
7342.57096528408  7.321069E-17
7348.08890056011  6.702785E-17
7353.60683583614  6.838762E-17
7359.12477111217  6.853025E-17
7364.6427063882  6.921276E-17
7370.16064166423  6.508474E-17
7375.67857694026  6.058002E-17
7381.19651221629  7.057769E-17
7386.71444749232  6.598748E-17
7392.23238276835  7.249562E-17
7397.75031804438  5.866934E-17
7403.26825332041  5.619587E-17
7408.78618859644  5.772385E-17
7414.30412387247  6.542698E-17
7419.8220591485  7.110637E-17
7425.33999442453  6.322140E-17
7430.85792970056  6.150239E-17
7436.37586497659  5.091582E-17
7441.89380025262  5.280068E-17
7447.41173552865  6.180288E-17
7452.92967080468  6.408980E-17
7458.44760608071  6.383398E-17
7463.96554135674  5.569507E-17
7469.48347663277  5.476089E-17
7475.0014119088  6.084706E-17
7480.51934718483  5.718624E-17
7486.03728246086  6.285935E-17
7491.55521773689  6.705239E-17
7497.07315301292  6.058348E-17
7502.59108828895  5.858102E-17
7508.10902356498  5.921611E-17
7513.62695884101  6.012980E-17
7519.14489411704  6.364345E-17
7524.66282939307  6.805888E-17
7530.1807646691  6.087673E-17
7535.69869994513  5.646004E-17
7541.21663522116  5.264678E-17
7546.73457049719  5.382102E-17
7552.25250577322  6.105057E-17
7557.77044104925  5.800269E-17
7563.28837632528  4.727315E-17
7568.80631160131  5.020919E-17
7574.32424687734  4.541285E-17
7579.84218215337  5.634899E-17
7585.3601174294  6.035666E-17
7590.87805270543  6.450510E-17
7596.39598798146  6.125587E-17
7601.91392325749  5.072003E-17
7607.43185853352  5.058095E-17
7612.94979380955  6.032001E-17
7618.46772908558  5.846931E-17
7623.98566436161  5.343359E-17
7629.50359963764  5.801505E-17
7635.02153491367  4.494266E-17
7640.5394701897  3.700110E-17
7646.05740546573  4.267494E-17
7651.57534074176  4.690581E-17
7657.09327601779  5.341658E-17
7662.61121129382  6.035678E-17
7668.12914656985  4.941016E-17
7673.64708184588  4.920185E-17
7679.16501712191  5.105960E-17
7684.68295239794  6.399248E-17
7690.20088767397  5.218895E-17
7695.71882295  5.812291E-17
7701.23675822603  5.530720E-17
7706.75469350206  4.804428E-17
7712.27262877809  6.167714E-17
7717.79056405412  5.858441E-17
7723.30849933015  6.733575E-17
7728.82643460618  6.708486E-17
7734.34436988221  5.792442E-17
7739.86230515824  4.867174E-17
7745.38024043427  4.011331E-17
7750.8981757103  4.836975E-17
7756.41611098633  5.472710E-17
7761.93404626236  4.949795E-17
7767.45198153839  5.237901E-17
7772.96991681442  4.672655E-17
7778.48785209045  4.396115E-17
7784.00578736648  5.328881E-17
7789.52372264251  5.645502E-17
7795.04165791854  5.322952E-17
7800.55959319457  4.362308E-17
7806.0775284706  4.472247E-17
7811.59546374663  5.387650E-17
7817.11339902266  4.847337E-17
7822.63133429869  4.617730E-17
7828.14926957472  5.315753E-17
7833.66720485075  4.728739E-17
7839.18514012678  4.354003E-17
7844.70307540281  3.433592E-17
7850.22101067884  5.386875E-17
7855.73894595487  4.951244E-17
7861.2568812309  5.296202E-17
7866.77481650693  5.134722E-17
7872.29275178296  3.548469E-17
7877.81068705899  3.579475E-17
7883.32862233502  4.773315E-17
7888.84655761105  5.498878E-17
7894.36449288708  6.273879E-17
7899.88242816311  5.472832E-17
7905.40036343914  3.761867E-17
7910.91829871517  2.535188E-17
7916.4362339912  3.589589E-17
7921.95416926723  4.536670E-17
7927.47210454326  5.287923E-17
7932.99003981929  6.248322E-17
7938.50797509532  5.805303E-17
7944.02591037135  4.775391E-17
7949.54384564738  4.561398E-17
7955.06178092341  4.566301E-17
7960.57971619944  6.082151E-17
7966.09765147547  5.716293E-17
7971.6155867515  5.616854E-17
7977.13352202753  4.773440E-17
7982.65145730356  4.865791E-17
7988.16939257959  5.548260E-17
7993.68732785562  6.115872E-17
7999.20526313165  5.473180E-17
8004.72319840768  5.467857E-17
8010.24113368371  5.345572E-17
8015.75906895974  4.412120E-17
8021.27700423577  4.318218E-17
8026.7949395118  5.045277E-17
8032.31287478783  5.456586E-17
8037.83081006386  4.885838E-17
8043.34874533989  4.419210E-17
8048.86668061592  4.698007E-17
8054.38461589195  4.842079E-17
8059.90255116798  4.837603E-17
8065.42048644401  4.733371E-17
8070.93842172004  5.554653E-17
8076.45635699607  4.554355E-17
8081.9742922721  4.649635E-17
8087.49222754813  4.714153E-17
8093.01016282416  5.358972E-17
8098.52809810019  4.272801E-17
8104.04603337622  4.661450E-17
8109.56396865225  6.137654E-17
8115.08190392828  5.372104E-17
8120.59983920431  4.678918E-17
8126.11777448034  4.726247E-17
8131.63570975637  4.118753E-17
8137.1536450324  5.187185E-17
8142.67158030843  4.484986E-17
8148.18951558446  4.747113E-17
8153.70745086049  5.715081E-17
8159.22538613652  5.131270E-17
8164.74332141255  4.593256E-17
8170.26125668858  4.287790E-17
8175.77919196461  4.758619E-17
8181.29712724064  5.310961E-17
8186.81506251667  5.309662E-17
8192.3329977927  4.177810E-17
8197.85093306873  4.231644E-17
8203.36886834476  5.498206E-17
8208.88680362079  5.168984E-17
8214.40473889682  5.675756E-17
8219.92267417285  4.957961E-17
8225.44060944888  5.266418E-17
8230.95854472491  5.694044E-17
8236.47648000094  4.478020E-17
8241.99441527697  3.971930E-17
8247.512350553  4.890597E-17
8253.03028582903  5.578935E-17
8258.54822110506  6.215613E-17
8264.06615638109  6.776817E-17
8269.58409165712  5.412384E-17
8275.10202693315  4.697439E-17
8280.61996220918  5.203402E-17
8286.13789748521  4.188180E-17
8291.65583276124  5.755758E-17
8297.17376803727  6.387526E-17
8302.6917033133  5.873159E-17
8308.20963858933  4.250386E-17
8313.72757386536  4.087041E-17
8319.24550914139  3.917149E-17
8324.76344441742  5.280715E-17
8330.28137969345  7.155699E-17
8335.79931496948  6.048871E-17
8341.31725024551  3.697277E-17
8346.83518552154  3.154319E-17
8352.35312079757  5.692502E-17
8357.8710560736  5.827987E-17
8363.38899134963  4.765115E-17
8368.90692662566  4.720026E-17
8374.42486190169  5.590049E-17
8379.94279717772  3.735197E-17
8385.46073245375  3.036884E-17
8390.97866772978  5.488157E-17
8396.49660300581  6.306372E-17
8402.01453828184  4.855192E-17
8407.53247355787  6.207289E-17
8413.0504088339  4.111030E-17
8418.56834410993  5.341033E-17
8424.08627938596  3.643863E-17
8429.60421466199  4.968248E-17
8435.12214993802  6.097862E-17
8440.64008521405  5.167649E-17
8446.15802049008  5.309844E-17
8451.67595576611  5.373698E-17
8457.19389104214  5.645595E-17
8462.71182631817  3.850474E-17
8468.2297615942  4.312205E-17
8473.74769687023  5.893630E-17
8479.26563214626  5.751083E-17
8484.78356742229  5.313886E-17
8490.30150269832  5.151438E-17
8495.81943797435  4.401931E-17
8501.33737325038  4.860052E-17
8506.85530852641  5.689502E-17
8512.37324380244  5.181260E-17
8517.89117907847  5.325683E-17
8523.4091143545  3.700327E-17
8528.92704963053  5.055300E-17
8534.44498490656  5.360525E-17
8539.96292018259  3.314652E-17
8545.48085545862  4.508381E-17
8550.99879073465  5.545490E-17
8556.51672601068  5.996079E-17
8562.03466128671  4.992433E-17
8567.55259656274  4.903262E-17
8573.07053183877  3.589739E-17
8578.5884671148  4.295569E-17
8584.10640239083  5.141426E-17
8589.62433766686  5.380495E-17
8595.14227294289  5.392688E-17
8600.66020821892  5.494553E-17
8606.17814349495  5.510847E-17
8611.69607877098  3.962494E-17
8617.21401404701  3.591317E-17
8622.73194932304  4.117068E-17
8628.24988459907  5.081605E-17
8633.7678198751  5.572976E-17
8639.28575515113  4.947721E-17
8644.80369042716  3.605811E-17
8650.32162570319  3.872689E-17
8655.83956097922  3.735949E-17
8661.35749625525  3.032981E-17
8666.87543153128  5.644892E-17
8672.39336680731  5.783870E-17
8677.91130208334  4.779315E-17
8683.42923735937  3.603887E-17
8688.9471726354  5.461454E-17
8694.46510791143  5.191056E-17
8699.98304318746  5.084483E-17
8705.50097846349  5.022663E-17
8711.01891373952  5.210891E-17
8716.53684901555  5.306586E-17
8722.05478429158  4.329449E-17
8727.57271956761  4.114199E-17
8733.09065484364  5.173227E-17
8738.60859011967  4.660075E-17
8744.1265253957  4.894345E-17
8749.64446067173  5.103251E-17
8755.16239594776  6.200470E-17
8760.68033122379  5.336507E-17
8766.19826649982  4.219001E-17
8771.71620177585  3.174721E-17
8777.23413705188  4.334329E-17
8782.75207232791  4.710732E-17
8788.27000760394  5.374522E-17
8793.78794287997  6.177368E-17
8799.305878156  4.829528E-17
8804.82381343203  4.878866E-17
8810.34174870806  6.033236E-17
8815.85968398409  6.177407E-17
8821.37761926012  7.339415E-17
8826.89555453615  8.294415E-17
8832.41348981218  6.803812E-17
8837.93142508821  5.343236E-17
8843.44936036424  4.429025E-17
8848.96729564027  3.943778E-17
8854.4852309163  5.325080E-17
8860.00316619233  7.099342E-17
8865.52110146836  4.855682E-17
8871.03903674439  5.388675E-17
8876.55697202042  5.641893E-17
8882.07490729645  3.538027E-17
8887.59284257248  4.748128E-17
8893.11077784851  5.419594E-17
8898.62871312454  6.498110E-17
8904.14664840057  5.036927E-17
8909.6645836766  2.514944E-17
8915.18251895263  4.151615E-17
8920.70045422866  4.668548E-17
8926.21838950469  5.464465E-17
8931.73632478072  4.930198E-17
8937.25426005675  4.022067E-17
8942.77219533278  5.163620E-17
8948.29013060881  3.144908E-17
8953.80806588484  3.770611E-17
8959.32600116087  5.030217E-17
8964.8439364369  4.180461E-17
8970.36187171293  4.728609E-17
8975.87980698896  5.222414E-17
8981.39774226499  5.685760E-17
8986.91567754102  5.667816E-17
8992.43361281705  5.439699E-17
8997.95154809308  4.801937E-17
9003.46948336911  7.032826E-17
9008.98741864514  6.049584E-17
9014.50535392117  3.747222E-17
9020.0232891972  3.966999E-17
9025.54122447323  4.774238E-17
9031.05915974926  4.859233E-17
9036.57709502529  5.041994E-17
9042.09503030132  3.812289E-17
9047.61296557735  2.636569E-17
9053.13090085338  1.581752E-17
9058.64883612941  4.513702E-17
9064.16677140544  2.990563E-17
9069.68470668147  2.544792E-17
9075.2026419575  2.631037E-17
9080.72057723353  5.142984E-17
9086.23851250956  3.844317E-17
9091.75644778559  4.584078E-17
9097.27438306162  3.490604E-17
9102.79231833765  3.716126E-17
9108.31025361368  4.579921E-17
9113.82818888971  5.025760E-17
9119.34612416574  5.466932E-17
9124.86405944177  4.764450E-17
9130.3819947178  4.040411E-17
9135.89992999383  3.892441E-17
9141.41786526986  3.381463E-17
9146.93580054589  2.893036E-17
9152.45373582192  3.318073E-17
9157.97167109795  4.133532E-17
9163.48960637398  3.701111E-17
9169.00754165001  5.649542E-17
9174.52547692604  5.274919E-17
9180.04341220207  3.291283E-17
9185.5613474781  3.745885E-17
9191.07928275413  4.100542E-17
9196.59721803016  3.586311E-17
9202.11515330619  4.804498E-17
9207.63308858222  5.027263E-17
9213.15102385825  3.219697E-17
9218.66895913428  2.972578E-17
9224.18689441031  6.413514E-17
9229.70482968634  4.196169E-17
9235.22276496237  5.805574E-17
9240.7407002384  5.668320E-17
9246.25863551443  3.771602E-17
