3654.163 1.30412e-17 
3659.682 5.94484e-18 
3665.200 -1.98920e-20 
3670.719 9.18935e-18 
3676.237 8.51671e-18 
3681.755 -4.86761e-18 
3687.273 -3.09123e-18 
3692.792 6.16822e-18 
3698.310 -1.21356e-18 
3703.829 3.82823e-18 
3709.347 -3.19534e-18 
3714.865 1.44181e-17 
3720.384 1.60481e-17 
3725.902 -1.42418e-17 
3731.420 -9.11116e-18 
3736.939 -3.02660e-18 
3742.457 9.84758e-18 
3747.976 -8.62555e-18 
3753.494 -8.08920e-18 
3759.012 4.75132e-18 
3764.531 6.67297e-18 
3770.049 2.00761e-18 
3775.567 5.67272e-18 
3781.086 -7.88474e-18 
3786.604 7.48082e-18 
3792.122 5.72536e-18 
3797.641 5.08444e-18 
3803.159 3.10023e-18 
3808.677 -1.01900e-17 
3814.196 -8.61713e-18 
3819.714 -1.09550e-17 
3825.233 3.04729e-18 
3830.751 5.75307e-18 
3836.269 7.27637e-18 
3841.788 3.18183e-18 
3847.306 1.88825e-18 
3852.824 -3.19501e-18 
3858.343 -4.82479e-18 
3863.861 -5.55669e-18 
3869.380 1.18826e-18 
3874.898 -1.13469e-18 
3880.416 6.17840e-18 
3885.935 7.06368e-18 
3891.453 6.33094e-18 
3896.971 1.04625e-17 
3902.490 -1.19002e-17 
3908.008 6.58441e-18 
3913.526 1.70078e-17 
3919.045 4.66567e-18 
3924.563 5.52029e-18 
3930.082 6.72302e-18 
3935.600 1.19347e-17 
3941.118 5.79649e-18 
3946.637 1.36700e-17 
3952.155 1.77111e-17 
3957.673 1.20062e-17 
3963.192 4.48760e-18 
3968.710 7.59165e-18 
3974.229 1.07010e-17 
3979.747 1.12381e-17 
3985.265 2.08609e-17 
3990.783 -4.63166e-18 
3996.302 -4.17834e-18 
4001.820 -2.23086e-18 
4007.339 -3.29400e-18 
4012.857 4.71692e-18 
4018.375 8.83578e-18 
4023.894 1.22294e-17 
4029.412 8.35953e-18 
4034.930 -1.16470e-17 
4040.449 -2.14072e-17 
4045.967 -7.57397e-18 
4051.486 -8.88954e-19 
4057.004 4.20637e-18 
4062.522 7.16874e-18 
4068.041 1.61643e-17 
4073.559 -1.44599e-18 
4079.077 -8.43134e-18 
4084.596 3.74873e-18 
4090.114 1.00397e-17 
4095.632 3.07447e-18 
4101.151 1.05056e-17 
4106.669 1.34053e-17 
4112.187 4.02897e-18 
4117.706 4.06800e-18 
4123.224 2.57478e-19 
4128.743 -3.93402e-18 
4134.261 2.03745e-18 
4139.779 -2.03910e-18 
4145.298 3.76701e-18 
4150.816 1.16880e-17 
4156.334 1.00393e-17 
4161.853 5.02060e-18 
4167.371 -8.72418e-18 
4172.890 -1.06978e-17 
4178.408 -1.27442e-17 
4183.926 -2.28718e-18 
4189.445 -3.74534e-18 
4194.963 -8.47459e-18 
4200.481 5.99080e-18 
4206.000 1.36515e-18 
4211.518 7.85841e-18 
4217.037 1.29369e-17 
4222.555 6.37862e-18 
4228.073 2.96403e-18 
4233.591 3.71669e-18 
4239.110 2.30994e-18 
4244.628 6.85034e-18 
4250.146 4.57080e-18 
4255.665 -9.77345e-18 
4261.183 -6.53905e-18 
4266.702 -7.99925e-18 
4272.220 9.06780e-18 
4277.738 4.54242e-18 
4283.257 -1.17998e-17 
4288.775 -1.29189e-17 
4294.293 -1.25313e-18 
4299.812 1.36990e-18 
4305.330 7.92709e-18 
4310.849 1.08356e-17 
4316.367 5.89780e-18 
4321.885 -3.73591e-18 
4327.404 -4.28496e-18 
4332.922 -5.40847e-19 
4338.440 3.36750e-18 
4343.959 -2.51011e-18 
4349.477 -1.47416e-17 
4354.996 -6.90368e-18 
4360.514 -1.33430e-17 
4366.032 -1.74863e-19 
4371.551 5.61556e-18 
4377.069 1.38248e-17 
4382.587 2.58100e-19 
4388.105 1.50363e-17 
4393.624 -1.22985e-18 
4399.143 -7.69248e-18 
4404.661 3.05501e-19 
4410.179 8.24245e-18 
4415.698 1.87800e-17 
4421.216 8.55004e-18 
4426.734 6.50848e-18 
4432.252 1.24899e-18 
4437.771 2.23019e-18 
4443.290 1.03533e-17 
4448.808 5.09181e-18 
4454.326 -8.72647e-18 
4459.844 -1.14588e-17 
4465.363 1.29793e-18 
4470.881 -4.23699e-18 
4476.399 6.13429e-18 
4481.918 1.20669e-18 
4487.436 -1.26733e-18 
4492.955 3.47657e-18 
4498.473 7.74025e-18 
4503.991 -5.45335e-18 
4509.510 -5.43484e-18 
4515.028 -8.82762e-18 
4520.546 4.00773e-18 
4526.065 5.65590e-18 
4531.583 3.79879e-18 
4537.102 9.66803e-18 
4542.620 -5.55733e-18 
4548.138 -9.82046e-18 
4553.657 -1.93992e-18 
4559.175 6.03381e-18 
4564.693 6.62711e-19 
4570.212 -1.35623e-17 
4575.730 -4.35705e-18 
4581.249 -9.35879e-18 
4586.767 -5.88400e-19 
4592.285 5.84515e-18 
4597.804 -3.48663e-18 
4603.322 -4.04369e-19 
4608.840 5.50477e-18 
4614.358 -1.37440e-17 
4619.877 -1.04360e-17 
4625.396 -1.47736e-18 
4630.914 -1.06664e-18 
4636.432 5.76886e-18 
4641.951 3.98097e-18 
4647.469 -3.76415e-18 
4652.987 -8.84430e-18 
4658.505 -5.08356e-18 
4664.024 6.13162e-18 
4669.542 4.34716e-18 
4675.061 5.92023e-18 
4680.579 1.14779e-17 
4686.097 1.57444e-17 
4691.616 4.61631e-18 
4697.134 1.10909e-17 
4702.652 -4.94494e-18 
4708.171 1.33026e-17 
4713.689 1.13515e-17 
4719.208 -3.07493e-18 
4724.726 2.19364e-18 
4730.244 1.91064e-18 
4735.763 9.69179e-18 
4741.281 1.80371e-17 
4746.799 9.52104e-18 
4752.318 -4.66400e-18 
4757.836 6.02959e-18 
4763.354 6.05392e-18 
4768.873 5.49261e-18 
4774.391 4.69313e-18 
4779.910 9.75512e-18 
4785.428 4.50935e-18 
4790.946 7.00575e-18 
4796.465 1.46611e-17 
4801.983 1.15014e-17 
4807.501 9.56621e-18 
4813.020 9.84908e-18 
4818.538 8.07907e-19 
4824.057 5.99903e-18 
4829.575 3.05180e-18 
4835.093 1.04692e-17 
4840.611 2.68509e-18 
4846.130 8.72404e-18 
4851.648 8.21675e-18 
4857.167 3.66987e-18 
4862.685 -5.46173e-18 
4868.203 3.07146e-18 
4873.722 1.27707e-18 
4879.240 2.44497e-18 
4884.758 1.08371e-17 
4890.277 4.71278e-18 
4895.795 4.35550e-18 
4901.313 7.82003e-18 
4906.832 3.87989e-18 
4912.350 1.18410e-17 
4917.869 5.08214e-18 
4923.387 2.76605e-18 
4928.905 5.18427e-18 
4934.424 1.19501e-17 
4939.942 7.99442e-18 
4945.460 5.51655e-18 
4950.979 9.52061e-18 
4956.497 -1.01509e-18 
4962.016 5.20561e-20 
4967.534 5.17335e-20 
4973.052 -4.36835e-18 
4978.571 -4.89767e-18 
4984.089 2.63456e-18 
4989.607 6.07733e-18 
4995.125 5.91126e-18 
5000.644 2.98257e-18 
5006.163 -7.38266e-18 
5011.681 6.49545e-18 
5017.199 1.11227e-17 
5022.718 1.60040e-17 
5028.236 5.65252e-18 
5033.754 2.88811e-18 
5039.272 9.08789e-18 
5044.791 5.83845e-18 
5050.310 1.44853e-17 
5055.828 9.75391e-18 
5061.346 1.27183e-17 
5066.864 8.74089e-18 
5072.383 2.74199e-18 
5077.901 1.25986e-18 
5083.419 5.97624e-18 
5088.938 7.61192e-18 
5094.456 5.31669e-18 
5099.975 -1.56352e-18 
5105.493 -4.87443e-19 
5111.011 4.47335e-18 
5116.530 1.08525e-18 
5122.048 6.88696e-18 
5127.566 7.71939e-18 
5133.085 1.64578e-17 
5138.603 2.16705e-17 
5144.122 1.82596e-17 
5149.640 1.18395e-17 
5155.158 1.38112e-17 
5160.677 1.14794e-17 
5166.195 1.34563e-17 
5171.713 6.74350e-18 
5177.232 4.64908e-18 
5182.750 4.15409e-18 
5188.269 3.75647e-18 
5193.787 1.59977e-18 
5199.305 1.38367e-17 
5204.824 1.16917e-17 
5210.342 2.24497e-18 
5215.860 9.66957e-18 
5221.378 1.37445e-17 
5226.897 6.52635e-18 
5232.416 1.04329e-17 
5237.934 4.97528e-18 
5243.452 1.21198e-17 
5248.971 1.54847e-17 
5254.489 1.10130e-17 
5260.007 2.69531e-18 
5265.525 1.60100e-18 
5271.044 6.75838e-18 
5276.562 1.57656e-17 
5282.081 3.61646e-18 
5287.599 1.61842e-17 
5293.117 1.05727e-17 
5298.636 5.35185e-18 
5304.154 9.34942e-18 
5309.672 1.96223e-17 
5315.191 7.05735e-18 
5320.709 1.88888e-17 
5326.228 1.53311e-17 
5331.746 1.49733e-18 
5337.264 5.18079e-18 
5342.783 1.63887e-17 
5348.301 6.16664e-18 
5353.819 1.19381e-17 
5359.338 5.37433e-18 
5364.856 4.32154e-18 
5370.375 1.65859e-17 
5375.893 6.01132e-18 
5381.411 9.23440e-18 
5386.930 7.58230e-18 
5392.448 9.02161e-18 
5397.966 1.53195e-17 
5403.485 6.18494e-18 
5409.003 -3.01306e-18 
5414.521 4.13089e-19 
5420.040 3.52768e-18 
5425.558 1.05061e-17 
5431.077 6.84816e-18 
5436.595 -1.95954e-18 
5442.113 5.65489e-18 
5447.631 7.68629e-18 
5453.150 -3.60667e-19 
5458.668 -1.35318e-18 
5464.187 -5.37402e-18 
5469.705 -1.01246e-17 
5475.223 -5.00557e-18 
5480.742 5.40806e-18 
5486.260 -3.55964e-19 
5491.778 5.59238e-18 
5497.297 5.53099e-18 
5502.815 8.99797e-18 
5508.333 1.19874e-17 
5513.852 1.31218e-17 
5519.370 9.58393e-18 
5524.889 4.88791e-18 
5530.407 3.68755e-18 
5535.925 8.84357e-18 
5541.444 7.36429e-18 
5546.962 3.66088e-18 
5552.480 2.80206e-18 
5557.999 -3.37878e-17 
5563.517 -1.35098e-17 
5569.036 2.66325e-17 
5574.554 1.62817e-17 
5580.072 5.69157e-17 
5585.591 -4.65768e-17 
5591.109 -1.74193e-17 
5596.627 3.93044e-18 
5602.146 3.16570e-18 
5607.664 -3.72206e-18 
5613.183 7.91810e-19 
5618.701 2.39638e-18 
5624.219 -5.72943e-19 
5629.738 1.72735e-18 
5635.256 -8.16384e-18 
5640.774 -1.16492e-17 
5646.292 8.74436e-19 
5651.811 -1.61412e-17 
5657.330 -1.13011e-17 
5662.848 -1.78297e-18 
5668.366 -1.39131e-17 
5673.884 -9.15199e-18 
5679.403 -2.94685e-18 
5684.921 -1.43586e-17 
5690.439 -5.20294e-18 
5695.958 7.33974e-19 
5701.476 1.46712e-18 
5706.995 1.56122e-18 
5712.513 -7.28065e-18 
5718.031 -7.13968e-18 
5723.550 -6.96865e-18 
5729.068 -3.41978e-18 
5734.586 -3.68562e-19 
5740.105 -1.66839e-18 
5745.623 -2.63226e-18 
5751.142 -5.97378e-18 
5756.660 -7.23564e-18 
5762.178 4.42755e-19 
5767.697 -3.09845e-20 
5773.215 1.06342e-20 
5778.733 3.49216e-19 
5784.252 -1.49213e-18 
5789.770 -5.26361e-18 
5795.289 -9.47910e-18 
5800.807 -1.40202e-17 
5806.325 -7.33293e-18 
5811.844 -7.51931e-18 
5817.362 -3.03103e-18 
5822.880 -1.15010e-17 
5828.398 -7.67195e-18 
5833.917 -6.98459e-18 
5839.436 -1.17504e-17 
5844.954 -1.24671e-17 
5850.472 -1.28794e-17 
5855.990 -1.15714e-17 
5861.509 -4.49867e-18 
5867.027 -5.47351e-18 
5872.545 -6.31986e-18 
5878.064 -5.33321e-18 
5883.583 -6.41907e-18 
5889.101 -5.37973e-18 
5894.619 5.70192e-18 
5900.137 -1.51614e-18 
5905.656 -1.94528e-18 
5911.174 -7.22017e-18 
5916.692 -1.88124e-17 
5922.211 -8.19033e-18 
5927.729 -3.51000e-18 
5933.248 3.29780e-18 
5938.766 -1.74279e-18 
5944.284 -4.10826e-18 
5949.803 -1.16051e-17 
5955.321 -5.68184e-18 
5960.839 -5.35206e-18 
5966.358 -5.61705e-18 
5971.876 -2.86591e-18 
5977.395 -2.92152e-19 
5982.913 -7.18160e-18 
5988.431 -1.53824e-17 
5993.950 -6.26320e-18 
5999.468 -5.13132e-18 
6004.986 -7.37486e-18 
6010.505 -1.08767e-17 
6016.023 -4.46348e-18 
6021.542 -5.17525e-18 
6027.060 5.80622e-18 
6032.578 -4.89479e-19 
6038.097 2.73197e-18 
6043.615 4.45777e-18 
6049.133 -7.60428e-18 
6054.651 -1.12999e-17 
6060.170 -3.89027e-18 
6065.688 -5.93468e-18 
6071.207 2.89587e-18 
6076.725 2.69496e-18 
6082.243 -3.82729e-18 
6087.762 -1.84498e-18 
6093.280 -7.11117e-18 
6098.798 -7.53108e-18 
6104.317 -1.08554e-17 
6109.835 -1.91845e-18 
6115.354 3.47270e-19 
6120.872 2.14105e-18 
6126.390 -3.19090e-18 
6131.909 -1.00752e-17 
6137.427 -7.80234e-18 
6142.945 -1.26088e-17 
6148.464 -1.16507e-17 
6153.982 -1.36034e-17 
6159.500 -1.34476e-17 
6165.019 -6.34135e-18 
6170.537 -8.49827e-18 
6176.056 -1.90486e-17 
6181.574 -9.75564e-19 
6187.092 -2.70418e-18 
6192.611 1.00002e-17 
6198.129 3.09756e-19 
6203.647 6.95600e-18 
6209.166 -4.71316e-18 
6214.684 -6.14542e-18 
6220.203 -1.15333e-17 
6225.721 -1.42970e-18 
6231.239 6.46290e-18 
6236.758 -5.13193e-19 
6242.276 -3.96900e-18 
6247.794 1.76990e-18 
6253.313 6.99930e-18 
6258.831 3.08880e-18 
6264.350 1.75691e-18 
6269.868 -3.96239e-18 
6275.386 -6.96028e-18 
6280.904 -3.62186e-18 
6286.423 1.56257e-17 
6291.941 2.23547e-17 
6297.459 1.98210e-17 
6302.978 1.27497e-17 
6308.496 -2.43362e-17 
6314.015 -4.39853e-18 
6319.533 9.92477e-18 
6325.051 4.93108e-18 
6330.570 -6.77075e-19 
6336.088 -9.30630e-18 
6341.606 -6.43061e-18 
6347.125 4.28866e-18 
6352.643 1.63653e-17 
6358.162 1.69853e-18 
6363.680 7.82691e-18 
6369.198 -6.06089e-19 
6374.717 -8.59625e-18 
6380.235 6.16003e-19 
6385.753 -9.57347e-18 
6391.272 -1.24181e-19 
6396.790 2.70148e-18 
6402.309 5.97767e-18 
6407.827 6.35010e-18 
6413.345 4.94496e-18 
6418.864 -6.04666e-18 
6424.382 1.11911e-18 
6429.900 2.86039e-18 
6435.418 2.69991e-18 
6440.937 4.47968e-18 
6446.456 -3.78790e-18 
6451.974 -1.19144e-18 
6457.492 -4.56464e-18 
6463.010 -2.99279e-18 
6468.529 3.73241e-18 
6474.047 8.81586e-18 
6479.565 1.05600e-17 
6485.084 -1.88708e-18 
6490.603 1.84203e-18 
6496.121 1.17289e-18 
6501.639 -5.77040e-18 
6507.157 -1.22282e-18 
6512.676 3.41451e-18 
6518.194 -1.09350e-18 
6523.712 -4.31385e-18 
6529.231 3.87257e-18 
6534.749 -2.02358e-19 
6540.268 -2.57642e-18 
6545.786 -5.40530e-18 
6551.304 -1.55235e-18 
6556.823 6.24369e-18 
6562.341 1.40939e-18 
6567.859 1.02165e-17 
6573.378 4.62330e-18 
6578.896 5.83191e-18 
6584.415 3.46450e-18 
6589.933 -6.97767e-18 
6595.451 3.70088e-18 
6600.970 2.48559e-18 
6606.488 5.96477e-18 
6612.006 -5.48463e-18 
6617.525 -1.01269e-17 
6623.043 -6.50874e-18 
6628.562 1.34147e-18 
6634.080 1.64475e-18 
6639.598 -3.83969e-18 
6645.117 3.04885e-18 
6650.635 -4.10553e-18 
6656.153 -7.54821e-19 
6661.671 -5.37385e-18 
6667.190 -4.00554e-18 
6672.708 -4.84019e-18 
6678.227 -1.66181e-18 
6683.745 2.83934e-18 
6689.263 -1.29893e-18 
6694.782 4.66141e-18 
6700.300 1.24973e-18 
6705.818 2.68725e-18 
6711.337 3.53096e-18 
6716.855 -9.21699e-18 
6722.374 -8.82967e-18 
6727.892 -2.66643e-18 
6733.410 3.81547e-18 
6738.929 1.01361e-17 
6744.447 4.02786e-18 
6749.965 3.85458e-19 
6755.484 3.09446e-18 
6761.002 9.46806e-18 
6766.521 -5.26493e-18 
6772.039 1.27368e-18 
6777.557 2.79919e-18 
6783.076 4.92701e-18 
6788.594 2.66634e-18 
6794.112 1.43587e-18 
6799.631 3.43431e-18 
6805.149 -1.97934e-19 
6810.667 -6.68606e-18 
6816.186 -1.14400e-18 
6821.704 4.16687e-19 
6827.223 -6.35713e-19 
6832.741 4.78860e-18 
6838.259 2.34602e-18 
6843.777 8.01426e-18 
6849.296 2.29812e-18 
6854.814 -4.71556e-18 
6860.333 4.89488e-18 
6865.851 2.52749e-18 
6871.370 7.93116e-19 
6876.888 -2.55036e-19 
6882.406 6.35313e-18 
6887.924 1.56528e-17 
6893.443 1.39588e-17 
6898.961 1.91343e-17 
6904.479 1.22218e-17 
6909.998 5.69500e-18 
6915.516 1.76221e-17 
6921.035 1.11150e-17 
6926.553 1.67023e-17 
6932.071 4.13607e-18 
6937.590 2.32307e-17 
6943.108 5.79383e-18 
6948.626 1.86416e-17 
6954.145 1.84918e-17 
6959.663 3.01153e-18 
6965.182 7.16689e-18 
6970.700 8.70528e-18 
6976.218 1.61825e-17 
6981.737 1.59746e-17 
6987.255 7.50956e-18 
6992.773 3.81228e-18 
6998.292 1.04164e-17 
7003.810 1.30671e-17 
7009.329 5.04378e-18 
7014.847 8.92896e-18 
7020.365 7.90997e-18 
7025.884 1.28502e-17 
7031.402 1.67395e-17 
7036.920 1.59485e-17 
7042.438 2.53658e-17 
7047.957 1.77079e-17 
7053.476 1.18203e-17 
7058.994 1.47301e-17 
7064.512 9.26488e-18 
7070.030 6.20006e-18 
7075.549 1.01104e-17 
7081.067 1.39116e-17 
7086.585 1.51464e-17 
7092.104 1.58474e-17 
7097.622 5.49351e-18 
7103.141 4.39426e-18 
7108.659 1.30966e-17 
7114.177 1.36352e-17 
7119.696 1.52643e-17 
7125.214 1.44103e-17 
7130.732 1.63788e-17 
7136.251 3.89867e-18 
7141.769 1.39385e-17 
7147.288 7.86602e-19 
7152.806 -1.21081e-18 
7158.324 1.56928e-17 
7163.843 4.70164e-18 
7169.361 3.73658e-18 
7174.879 8.16569e-18 
7180.398 1.72518e-17 
7185.916 9.98466e-18 
7191.435 1.08981e-17 
7196.953 2.26043e-17 
7202.471 1.40349e-17 
7207.990 7.39756e-18 
7213.508 9.89974e-18 
7219.026 7.29299e-18 
7224.545 1.91610e-18 
7230.063 9.82866e-18 
7235.582 1.30454e-17 
7241.100 7.82396e-18 
7246.618 1.40973e-17 
7252.137 1.88459e-17 
7257.655 3.37985e-18 
7263.173 8.62657e-18 
7268.691 5.28545e-18 
7274.210 -9.22083e-20 
7279.729 1.91397e-17 
7285.247 5.38806e-18 
7290.765 -4.73420e-18 
7296.283 1.28712e-17 
7301.802 3.07073e-18 
7307.320 -1.20436e-18 
7312.838 1.43131e-17 
7318.357 1.33583e-17 
7323.875 4.73477e-18 
7329.394 3.84248e-19 
7334.912 7.85629e-18 
7340.430 1.32866e-17 
7345.949 1.05698e-17 
7351.467 2.02109e-18 
7356.985 9.54793e-19 
7362.504 1.07457e-17 
7368.022 5.19370e-18 
7373.541 5.48561e-18 
7379.059 -4.64644e-18 
7384.577 1.55951e-18 
7390.096 1.44024e-17 
7395.614 7.35809e-18 
7401.132 -6.21399e-18 
7406.651 -8.26754e-18 
7412.169 8.96124e-18 
7417.688 1.82836e-17 
7423.206 2.46301e-18 
7428.724 4.03610e-18 
7434.243 9.35887e-18 
7439.761 1.24864e-17 
7445.279 7.52550e-18 
7450.797 9.52237e-18 
7456.316 6.77772e-18 
7461.834 8.57504e-18 
7467.353 6.24243e-18 
7472.871 1.12701e-17 
7478.390 1.08979e-17 
7483.908 4.06683e-18 
7489.426 2.67550e-18 
7494.944 -1.29745e-18 
7500.463 -3.79077e-18 
7505.981 -5.13625e-19 
7511.500 5.78965e-18 
7517.018 1.00123e-17 
7522.536 1.06986e-17 
7528.055 5.82529e-18 
7533.573 1.59696e-18 
7539.091 3.31489e-18 
7544.610 -6.02533e-18 
7550.128 -1.61864e-18 
7555.646 6.93754e-18 
7561.165 1.19973e-17 
7566.683 -5.50312e-19 
7572.202 -2.70133e-18 
7577.720 4.05230e-19 
7583.238 1.44361e-19 
7588.757 3.00847e-18 
7594.275 -1.16682e-17 
7599.793 -2.54326e-17 
7605.312 -3.15055e-17 
7610.830 -1.50851e-17 
7616.349 2.20550e-17 
7621.867 4.23409e-17 
7627.385 2.73827e-17 
7632.904 -8.11380e-18 
7638.422 -1.64617e-18 
7643.940 1.75986e-17 
7649.458 2.25042e-17 
7654.977 3.13885e-17 
7660.496 1.17469e-17 
7666.014 2.15898e-18 
7671.532 1.81485e-17 
7677.050 -2.61830e-18 
7682.569 2.19173e-18 
7688.087 6.77479e-18 
7693.605 1.37139e-17 
7699.124 -5.68578e-18 
7704.642 6.87854e-18 
7710.161 -5.78219e-18 
7715.679 8.00262e-19 
7721.197 1.64370e-17 
7726.716 8.23358e-18 
7732.234 -7.20026e-18 
7737.752 7.80419e-18 
7743.271 -8.81707e-18 
7748.789 -3.76562e-18 
7754.308 7.78309e-18 
7759.826 2.38384e-18 
7765.344 -8.36692e-18 
7770.863 -4.94619e-18 
7776.381 8.38736e-19 
7781.899 5.90428e-18 
7787.418 1.55051e-18 
7792.936 1.73301e-18 
7798.455 1.38576e-17 
7803.973 -5.27659e-18 
7809.491 -1.15153e-18 
7815.010 1.37708e-17 
7820.528 -3.05419e-18 
7826.046 -2.25390e-18 
7831.564 -1.70545e-18 
7837.083 -1.43449e-17 
7842.602 1.41615e-18 
7848.120 -2.11274e-18 
7853.638 3.28840e-18 
7859.157 9.39439e-18 
7864.675 9.45444e-18 
7870.193 -2.40458e-18 
7875.711 -5.48074e-19 
7881.230 -1.70705e-18 
7886.749 9.08331e-18 
7892.267 1.26308e-17 
7897.785 1.01667e-17 
7903.303 8.49709e-18 
7908.822 4.42233e-18 
7914.340 1.35923e-17 
7919.858 8.27711e-18 
7925.377 -3.80172e-18 
7930.895 2.59699e-18 
7936.414 -2.58144e-18 
7941.932 1.44543e-17 
7947.450 -8.14457e-18 
7952.969 -2.51422e-18 
7958.487 -1.13403e-17 
7964.005 -1.61731e-17 
7969.524 1.86154e-17 
7975.042 -7.98142e-18 
7980.561 -1.57473e-17 
7986.079 3.33543e-18 
7991.597 -3.99258e-18 
7997.116 -2.78256e-18 
8002.634 1.05463e-17 
8008.152 1.35254e-19 
8013.671 4.82181e-18 
8019.189 1.24689e-17 
8024.708 -1.75403e-19 
8030.226 -2.01971e-18 
8035.744 1.10417e-18 
8041.263 -2.61600e-18 
8046.781 -1.53063e-18 
8052.299 4.80829e-18 
8057.817 7.00046e-18 
8063.336 6.10660e-18 
8068.854 8.98109e-18 
8074.373 -2.68774e-19 
8079.891 8.38278e-18 
8085.410 4.69107e-18 
8090.928 -2.24717e-18 
8096.446 -3.09125e-18 
8101.964 -7.89187e-18 
8107.483 -8.66699e-18 
8113.001 2.08410e-17 
8118.520 1.98673e-17 
8124.038 -5.72371e-18 
8129.556 -4.40030e-18 
8135.075 -5.23515e-18 
8140.593 -6.72873e-18 
8146.111 -3.54493e-18 
8151.630 1.56989e-18 
8157.148 -3.92061e-18 
8162.667 1.77486e-18 
8168.185 1.00631e-18 
8173.703 -5.87236e-18 
8179.222 -1.04990e-17 
8184.740 -3.35625e-18 
8190.258 6.70704e-18 
8195.776 -2.48664e-18 
8201.295 -9.65284e-18 
8206.813 -1.04527e-17 
8212.332 6.36457e-19 
8217.851 -7.06492e-18 
8223.368 2.53807e-18 
8228.887 1.52527e-17 
8234.405 7.60213e-18 
8239.924 -1.16827e-17 
8245.442 -1.17671e-17 
8250.960 -3.02111e-18 
8256.479 1.38809e-18 
8261.997 -6.37700e-18 
8267.516 -2.23008e-18 
8273.034 -1.00093e-17 
8278.552 -8.76917e-18 
8284.070 -2.99768e-18 
8289.589 6.81489e-18 
8295.107 2.75430e-18 
8300.626 6.67637e-18 
8306.144 8.47677e-18 
8311.662 -7.01059e-18 
8317.181 -1.16575e-17 
8322.699 -7.50705e-18 
8328.218 -1.30205e-17 
8333.735 -5.69391e-19 
8339.254 7.96476e-18 
8344.772 1.92462e-17 
8350.291 1.90838e-17 
8355.810 -1.32788e-17 
8361.327 1.25905e-17 
8366.846 -1.04728e-17 
8372.364 -1.59426e-18 
8377.883 2.15674e-18 
8383.401 -7.61087e-18 
8388.919 -3.55970e-18 
8394.438 -1.55393e-17 
8399.956 -4.61966e-19 
8405.475 3.67232e-17 
8410.993 1.64493e-18 
8416.512 1.93992e-18 
8422.029 1.80950e-18 
8427.548 -1.32449e-17 
8433.066 1.79781e-17 
8438.585 6.49732e-18 
8444.104 2.12879e-18 
8449.621 2.92392e-18 
8455.140 2.32570e-17 
8460.658 1.09773e-17 
8466.177 6.67543e-18 
8471.695 1.39396e-17 
8477.213 8.50374e-18 
8482.731 8.17418e-19 
8488.250 6.59553e-18 
8493.769 1.36826e-17 
8499.287 6.52361e-18 
8504.805 -1.05328e-18 
8510.323 1.01086e-17 
8515.842 1.59133e-18 
8521.360 -5.12852e-18 
8526.879 1.90990e-17 
8532.396 -1.04235e-18 
8537.915 -3.66456e-18 
8543.434 -4.47234e-18 
8548.952 1.68767e-18 
8554.471 1.67592e-17 
8559.988 -8.19755e-18 
8565.507 8.06089e-18 
8571.025 5.83517e-18 
8576.544 -7.27432e-18 
8582.062 -6.51058e-18 
8587.580 -8.95214e-18 
8593.099 -8.13586e-19 
8598.617 -6.90645e-18 
8604.136 -1.42017e-17 
8609.654 -1.06305e-17 
8615.172 -1.15684e-17 
8620.690 -1.76027e-17 
8626.209 -1.60088e-17 
8631.728 -6.01256e-18 
8637.246 2.05267e-19 
8642.765 1.28038e-17 
8648.282 7.99697e-18 
8653.801 -8.15799e-18 
8659.319 5.00800e-20 
8664.838 2.35713e-18 
8670.356 3.11848e-18 
8675.874 5.07663e-18 
8681.393 -1.33177e-17 
8686.911 4.30336e-18 
8692.430 -5.66499e-18 
8697.948 9.84115e-18 
8703.466 1.25781e-17 
8708.984 2.88315e-18 
8714.503 9.74328e-18 
8720.021 8.18246e-18 
8725.540 1.11457e-18 
8731.058 -6.56842e-18 
8736.576 -1.26483e-17 
8742.095 -1.59527e-17 
8747.613 2.32846e-17 
8753.132 4.58102e-17 
8758.649 3.38307e-17 
8764.168 3.68806e-17 
8769.687 4.49115e-17 
8775.205 1.59843e-18 
8780.724 -7.45098e-18 
8786.241 4.93189e-19 
8791.760 4.85093e-18 
8797.278 1.05736e-17 
8802.797 -2.74997e-18 
8808.315 -1.66916e-17 
8813.833 -2.61421e-17 
8819.352 3.11285e-19 
8824.870 1.69326e-17 
8830.389 5.39391e-17 
8835.907 8.78114e-18 
8841.425 -6.42431e-18 
8846.943 -3.03392e-17 
8852.462 -8.48980e-18 
8857.980 2.75761e-17 
8863.499 3.82732e-17 
8869.017 1.34782e-17 
8874.535 1.30470e-17 
8880.054 -1.09398e-17 
8885.572 -2.27295e-17 
8891.091 2.11918e-17 
8896.609 -9.79955e-19 
8902.127 -3.77897e-18 
8907.646 3.30178e-17 
8913.164 2.82879e-17 
8918.683 1.79542e-18 
8924.201 1.51939e-17 
8929.719 3.28622e-17 
8935.237 1.44909e-17 
8940.756 3.01672e-17 
8946.274 2.29968e-17 
8951.793 6.63002e-18 
8957.311 1.63009e-17 
8962.829 6.95458e-18 
8968.348 -4.02663e-18 
8973.866 7.76008e-18 
8979.385 -7.20447e-18 
8984.902 -1.61825e-17 
8990.421 -1.37692e-17 
8995.939 -2.27161e-19 
9001.458 3.10347e-17 
9006.977 -1.19545e-18 
9012.494 -6.80935e-18 
9018.013 -1.81570e-18 
9023.531 -1.63328e-17 
9029.050 1.07525e-17 
9034.568 1.26195e-17 
9040.086 1.78271e-17 
9045.604 -1.08016e-17 
9051.123 -9.28529e-18 
9056.642 -8.90850e-18 
9062.160 -7.31012e-18 
9067.678 -1.26633e-17 
9073.196 -1.34987e-17 
9078.715 4.20154e-18 
9084.233 -8.21784e-18 
9089.752 -2.44298e-17 
9095.270 -2.58200e-18 
9100.788 3.03686e-17 
9106.307 1.23254e-17 
9111.825 -2.63127e-17 
9117.344 -1.71369e-17 
9122.861 2.74677e-18 
9128.380 1.06337e-17 
9133.898 3.06434e-17 
9139.417 -4.17786e-18 
9144.936 -1.82357e-17 
9150.454 -6.53720e-18 
9155.972 2.37247e-17 
9161.490 2.79349e-17 
9167.009 -1.59936e-17 
9172.527 -1.69390e-17 
9178.046 1.70176e-18 
9183.563 -1.16971e-18 
9189.082 5.53901e-18 
9194.601 1.68083e-17 
9200.119 -5.84127e-18 
9205.638 -6.11277e-18 
9211.155 -7.92984e-18 
9216.674 -4.27997e-18 
9222.192 2.97372e-18 
9227.711 1.80704e-18 
9233.229 6.45658e-17 
