3650.07226562  9.054388E-17
3655.59020089603  6.533303E-17
3661.10813617206  6.441262E-17
3666.62607144809  8.354878E-17
3672.14400672412  7.460024E-17
3677.66194200015  1.030582E-16
3683.17987727618  6.920432E-17
3688.69781255221  8.526977E-17
3694.21574782824  7.151963E-17
3699.73368310427  8.290375E-17
3705.2516183803  8.841082E-17
3710.76955365633  9.080990E-17
3716.28748893236  8.698354E-17
3721.80542420839  9.235330E-17
3727.32335948442  6.558301E-17
3732.84129476045  7.692809E-17
3738.35923003648  8.135812E-17
3743.87716531251  9.423032E-17
3749.39510058854  8.506131E-17
3754.91303586457  8.944056E-17
3760.4309711406  7.874034E-17
3765.94890641663  7.490462E-17
3771.46684169266  8.114011E-17
3776.98477696869  5.812524E-17
3782.50271224472  7.048250E-17
3788.02064752075  6.493468E-17
3793.53858279678  7.639771E-17
3799.05651807281  7.185384E-17
3804.57445334884  6.641103E-17
3810.09238862487  7.867853E-17
3815.6103239009  7.798123E-17
3821.12825917693  8.670544E-17
3826.64619445296  7.429063E-17
3832.16412972899  7.139927E-17
3837.68206500502  6.555009E-17
3843.20000028105  6.363503E-17
3848.71793555708  6.839786E-17
3854.23587083311  6.745621E-17
3859.75380610914  6.881065E-17
3865.27174138517  6.872141E-17
3870.7896766612  7.943156E-17
3876.30761193723  6.547678E-17
3881.82554721326  5.712675E-17
3887.34348248929  8.644310E-17
3892.86141776532  6.900779E-17
3898.37935304135  6.196632E-17
3903.89728831738  7.600454E-17
3909.41522359341  6.987864E-17
3914.93315886944  5.746583E-17
3920.45109414547  7.304427E-17
3925.9690294215  7.063014E-17
3931.48696469753  7.722202E-17
3937.00489997356  6.693943E-17
3942.52283524959  7.242925E-17
3948.04077052562  6.997266E-17
3953.55870580165  6.821563E-17
3959.07664107768  7.196272E-17
3964.59457635371  7.189655E-17
3970.11251162974  7.731377E-17
3975.63044690577  6.086069E-17
3981.1483821818  5.762572E-17
3986.66631745783  5.605757E-17
3992.18425273386  7.283306E-17
3997.70218800989  6.933408E-17
4003.22012328592  7.091291E-17
4008.73805856195  6.656806E-17
4014.25599383798  6.579762E-17
4019.77392911401  6.542690E-17
4025.29186439004  6.345424E-17
4030.80979966607  6.586592E-17
4036.3277349421  6.943881E-17
4041.84567021813  6.703968E-17
4047.36360549416  7.243893E-17
4052.88154077019  6.652971E-17
4058.39947604622  8.577460E-17
4063.91741132225  7.526236E-17
4069.43534659828  8.006304E-17
4074.95328187431  7.327080E-17
4080.47121715034  7.552577E-17
4085.98915242637  7.119054E-17
4091.5070877024  7.638912E-17
4097.02502297843  7.565101E-17
4102.54295825446  6.848472E-17
4108.06089353049  6.217060E-17
4113.57882880652  6.428766E-17
4119.09676408255  7.277057E-17
4124.61469935858  6.882457E-17
4130.13263463461  7.913352E-17
4135.65056991064  6.216391E-17
4141.16850518667  6.138078E-17
4146.6864404627  6.917170E-17
4152.20437573873  6.901691E-17
4157.72231101476  6.745294E-17
4163.24024629079  6.785640E-17
4168.75818156682  6.382129E-17
4174.27611684285  6.376224E-17
4179.79405211888  6.602317E-17
4185.31198739491  5.692883E-17
4190.82992267095  6.856156E-17
4196.34785794697  6.117052E-17
4201.865793223  6.150740E-17
4207.38372849903  5.715056E-17
4212.90166377506  6.543828E-17
4218.41959905109  6.827659E-17
4223.93753432712  7.067752E-17
4229.45546960315  7.061732E-17
4234.97340487918  6.341568E-17
4240.49134015522  5.626442E-17
4246.00927543124  5.898409E-17
4251.52721070727  6.220081E-17
4257.0451459833  6.577701E-17
4262.56308125933  5.690525E-17
4268.08101653536  6.070817E-17
4273.59895181139  6.616583E-17
4279.11688708742  6.261762E-17
4284.63482236345  5.631346E-17
4290.15275763948  5.790586E-17
4295.67069291551  4.989246E-17
4301.18862819154  5.847076E-17
4306.70656346757  6.128452E-17
4312.22449874361  6.108645E-17
4317.74243401963  6.399259E-17
4323.26036929566  6.460189E-17
4328.77830457169  6.402282E-17
4334.29623984772  5.610264E-17
4339.81417512375  6.464933E-17
4345.33211039978  7.354874E-17
4350.85004567581  6.985610E-17
4356.36798095184  6.899163E-17
4361.88591622787  7.740033E-17
4367.4038515039  6.649420E-17
4372.92178677993  6.631504E-17
4378.43972205596  7.609143E-17
4383.95765733199  6.817435E-17
4389.47559260802  6.540140E-17
4394.99352788405  6.796013E-17
4400.51146316008  6.771013E-17
4406.02939843611  7.736569E-17
4411.54733371214  6.865005E-17
4417.06526898817  7.200472E-17
4422.5832042642  7.674153E-17
4428.10113954023  7.025320E-17
4433.61907481626  7.434627E-17
4439.13701009229  6.674141E-17
4444.65494536832  7.149157E-17
4450.17288064435  6.870160E-17
4455.69081592038  7.018348E-17
4461.20875119641  7.027926E-17
4466.72668647244  7.595462E-17
4472.24462174847  6.595989E-17
4477.7625570245  7.875340E-17
4483.28049230053  6.724725E-17
4488.79842757656  6.941061E-17
4494.31636285259  6.986604E-17
4499.83429812862  6.434962E-17
4505.35223340465  7.086432E-17
4510.87016868068  7.192322E-17
4516.38810395671  6.815966E-17
4521.90603923274  5.936121E-17
4527.42397450877  7.383182E-17
4532.9419097848  6.841833E-17
4538.45984506083  5.534093E-17
4543.97778033686  6.530760E-17
4549.49571561289  5.721481E-17
4555.01365088893  6.039937E-17
4560.53158616495  6.641681E-17
4566.04952144098  6.759353E-17
4571.56745671701  6.526985E-17
4577.08539199304  7.095781E-17
4582.60332726907  7.512423E-17
4588.1212625451  7.080154E-17
4593.63919782113  7.134369E-17
4599.15713309716  7.471672E-17
4604.67506837319  7.115602E-17
4610.19300364922  6.720367E-17
4615.71093892526  6.126641E-17
4621.22887420128  6.944230E-17
4626.74680947731  7.225929E-17
4632.26474475334  7.053363E-17
4637.78268002937  7.043933E-17
4643.3006153054  6.627454E-17
4648.81855058143  7.042091E-17
4654.33648585746  6.910689E-17
4659.85442113349  6.364364E-17
4665.37235640952  6.515483E-17
4670.89029168555  7.051309E-17
4676.40822696158  6.574433E-17
4681.92616223761  6.073792E-17
4687.44409751364  6.726421E-17
4692.96203278967  6.055193E-17
4698.47996806571  6.895223E-17
4703.99790334173  6.005421E-17
4709.51583861776  6.628721E-17
4715.03377389379  6.328872E-17
4720.55170916982  6.339707E-17
4726.06964444586  6.917592E-17
4731.58757972188  6.692613E-17
4737.10551499791  7.409481E-17
4742.62345027394  7.448815E-17
4748.14138554997  6.551403E-17
4753.659320826  6.655960E-17
4759.17725610203  7.795649E-17
4764.69519137806  6.507900E-17
4770.21312665409  6.271147E-17
4775.73106193012  6.830361E-17
4781.24899720615  6.628123E-17
4786.76693248219  6.325551E-17
4792.28486775821  6.156646E-17
4797.80280303424  7.144970E-17
4803.32073831027  7.056635E-17
4808.8386735863  6.280646E-17
4814.35660886233  6.787256E-17
4819.87454413836  6.417417E-17
4825.39247941439  6.620089E-17
4830.91041469042  6.793998E-17
4836.42834996645  7.075575E-17
4841.94628524248  7.414253E-17
4847.46422051851  6.802173E-17
4852.98215579454  6.575876E-17
4858.50009107057  6.064029E-17
4864.0180263466  6.523087E-17
4869.53596162263  6.977732E-17
4875.05389689866  6.643655E-17
4880.57183217469  7.362187E-17
4886.08976745072  7.227525E-17
4891.60770272675  7.749287E-17
4897.12563800278  7.280492E-17
4902.64357327881  7.686771E-17
4908.16150855485  6.900783E-17
4913.67944383087  6.853377E-17
4919.19737910691  7.672652E-17
4924.71531438294  7.254149E-17
4930.23324965896  6.467241E-17
4935.75118493499  7.095411E-17
4941.26912021102  6.389870E-17
4946.78705548705  6.089592E-17
4952.30499076308  6.547924E-17
4957.82292603912  6.998424E-17
4963.34086131514  6.421420E-17
4968.85879659117  6.542378E-17
4974.3767318672  6.365058E-17
4979.89466714324  6.219363E-17
4985.41260241926  7.459588E-17
4990.93053769529  7.398831E-17
4996.44847297132  6.875397E-17
5001.96640824736  7.698324E-17
5007.48434352339  7.228074E-17
5013.00227879942  7.636582E-17
5018.52021407544  6.795641E-17
5024.03814935147  7.328523E-17
5029.55608462751  6.701724E-17
5035.07401990353  7.216327E-17
5040.59195517957  6.856212E-17
5046.1098904556  7.280940E-17
5051.62782573162  6.630197E-17
5057.14576100765  6.837731E-17
5062.66369628368  7.328263E-17
5068.18163155972  7.317872E-17
5073.69956683575  6.587381E-17
5079.21750211178  6.797293E-17
5084.7354373878  7.760648E-17
5090.25337266383  6.113900E-17
5095.77130793987  6.708926E-17
5101.2892432159  6.912754E-17
5106.80717849193  6.728468E-17
5112.32511376796  7.126187E-17
5117.84304904398  7.025567E-17
5123.36098432001  6.894783E-17
5128.87891959604  6.728719E-17
5134.39685487208  7.065488E-17
5139.9147901481  6.789003E-17
5145.43272542414  7.531909E-17
5150.95066070017  7.353142E-17
5156.4685959762  7.531283E-17
5161.98653125223  7.598166E-17
5167.50446652826  7.131567E-17
5173.02240180429  7.317329E-17
5178.54033708032  7.838620E-17
5184.05827235635  7.522534E-17
5189.57620763237  7.400474E-17
5195.0941429084  7.808803E-17
5200.61207818443  6.336141E-17
5206.13001346046  7.052829E-17
5211.6479487365  8.308591E-17
5217.16588401253  7.067179E-17
5222.68381928856  6.766306E-17
5228.20175456459  7.402753E-17
5233.71968984061  6.881053E-17
5239.23762511665  6.987893E-17
5244.75556039268  7.545317E-17
5250.27349566871  7.683318E-17
5255.79143094473  7.342954E-17
5261.30936622076  7.519589E-17
5266.82730149679  7.751240E-17
5272.34523677283  6.990903E-17
5277.86317204886  6.164152E-17
5283.38110732489  7.277873E-17
5288.89904260092  7.086783E-17
5294.41697787695  6.965195E-17
5299.93491315297  7.491381E-17
5305.45284842901  7.165725E-17
5310.97078370504  6.208196E-17
5316.48871898107  6.246673E-17
5322.0066542571  7.124487E-17
5327.52458953313  6.846031E-17
5333.04252480915  7.020522E-17
5338.56046008518  6.445073E-17
5344.07839536122  7.090940E-17
5349.59633063725  6.521313E-17
5355.11426591328  7.201119E-17
5360.6322011893  6.794469E-17
5366.15013646533  6.986142E-17
5371.66807174136  6.335089E-17
5377.1860070174  6.571014E-17
5382.70394229343  6.175911E-17
5388.22187756946  7.190287E-17
5393.73981284549  7.337547E-17
5399.25774812152  7.148933E-17
5404.77568339754  6.463096E-17
5410.29361867358  7.002324E-17
5415.8115539496  6.963847E-17
5421.32948922564  6.086920E-17
5426.84742450166  6.442994E-17
5432.36535977769  7.057587E-17
5437.88329505373  6.445872E-17
5443.40123032976  6.713180E-17
5448.91916560579  6.857488E-17
5454.43710088182  7.182100E-17
5459.95503615785  7.514808E-17
5465.47297143388  6.390715E-17
5470.99090670991  6.224189E-17
5476.50884198594  5.879013E-17
5482.02677726197  5.902341E-17
5487.544712538  6.663182E-17
5493.06264781403  6.580854E-17
5498.58058309006  6.583245E-17
5504.09851836609  6.325935E-17
5509.61645364211  7.016834E-17
5515.13438891815  6.745185E-17
5520.65232419418  7.262485E-17
5526.17025947021  6.894044E-17
5531.68819474624  6.546931E-17
5537.20613002227  7.177966E-17
5542.72406529829  6.284885E-17
5548.24200057433  7.297904E-17
5553.75993585036  6.263410E-17
5559.27787112639  6.722390E-17
5564.79580640241  5.575087E-17
5570.31374167844  5.464213E-17
5575.83167695448  7.151110E-17
5581.34961223051  7.398604E-17
5586.86754750654  6.964858E-17
5592.38548278257  6.745287E-17
5597.90341805859  6.677794E-17
5603.42135333462  5.660663E-17
5608.93928861066  6.061473E-17
5614.45722388669  5.999642E-17
5619.97515916272  6.047128E-17
5625.49309443875  5.534842E-17
5631.01102971478  5.210025E-17
5636.52896499081  5.966961E-17
5642.04690026684  5.052976E-17
5647.56483554286  5.085109E-17
5653.0827708189  6.046637E-17
5658.60070609493  5.716837E-17
5664.11864137096  5.772095E-17
5669.63657664699  6.395960E-17
5675.15451192302  5.868977E-17
5680.67244719905  5.425695E-17
5686.19038247508  5.834146E-17
5691.70831775111  6.221076E-17
5697.22625302714  5.568098E-17
5702.74418830317  5.837389E-17
5708.2621235792  5.834446E-17
5713.78005885523  6.322151E-17
5719.29799413126  5.953898E-17
5724.81592940729  5.935615E-17
5730.33386468332  6.432162E-17
5735.85179995934  6.095784E-17
5741.36973523538  5.077136E-17
5746.88767051141  5.738804E-17
5752.40560578744  6.295882E-17
5757.92354106346  5.696168E-17
5763.4414763395  6.263819E-17
5768.95941161553  5.939279E-17
5774.47734689156  5.720788E-17
5779.99528216759  6.389477E-17
5785.51321744362  5.728346E-17
5791.03115271965  6.324621E-17
5796.54908799568  5.581971E-17
5802.06702327171  5.869389E-17
5807.58495854774  5.439004E-17
5813.10289382377  5.118627E-17
5818.62082909979  6.189912E-17
5824.13876437583  5.728975E-17
5829.65669965186  6.323785E-17
5835.17463492789  5.446074E-17
5840.69257020392  5.901027E-17
5846.21050547995  6.038661E-17
5851.72844075598  5.976979E-17
5857.24637603201  6.024588E-17
5862.76431130804  5.957835E-17
5868.28224658407  6.493200E-17
5873.8001818601  5.382269E-17
5879.31811713612  5.071282E-17
5884.83605241216  5.405647E-17
5890.35398768819  6.062684E-17
5895.87192296422  5.849795E-17
5901.38985824025  4.894331E-17
5906.90779351628  6.040383E-17
5912.42572879231  6.911973E-17
5917.94366406834  6.496967E-17
5923.46159934437  6.232474E-17
5928.9795346204  6.257120E-17
5934.49746989643  6.099920E-17
5940.01540517246  5.977351E-17
5945.53334044849  5.663178E-17
5951.05127572452  5.741209E-17
5956.56921100055  6.030556E-17
5962.08714627658  6.134271E-17
5967.60508155261  5.520256E-17
5973.12301682864  5.500673E-17
5978.64095210467  5.138625E-17
5984.1588873807  5.241849E-17
5989.67682265673  5.955793E-17
5995.19475793276  5.526245E-17
6000.71269320879  5.380039E-17
6006.23062848482  5.377462E-17
6011.74856376085  5.652886E-17
6017.26649903688  5.052361E-17
6022.78443431291  5.326979E-17
6028.30236958894  6.123914E-17
6033.82030486497  5.330798E-17
6039.338240141  5.552594E-17
6044.85617541703  6.375106E-17
6050.37411069306  5.644679E-17
6055.89204596909  5.512385E-17
6061.40998124512  6.117405E-17
6066.92791652115  6.180250E-17
6072.44585179718  5.687045E-17
6077.96378707321  6.051870E-17
6083.48172234924  5.657365E-17
6088.99965762527  6.547407E-17
6094.5175929013  6.490678E-17
6100.03552817733  5.776865E-17
6105.55346345336  5.859244E-17
6111.07139872939  6.058123E-17
6116.58933400542  5.480428E-17
6122.10726928145  5.827131E-17
6127.62520455748  5.852913E-17
6133.14313983351  6.053895E-17
6138.66107510954  6.289649E-17
6144.17901038557  6.154639E-17
6149.6969456616  5.669962E-17
6155.21488093763  5.749629E-17
6160.73281621366  5.843958E-17
6166.25075148969  5.406380E-17
6171.76868676572  5.570007E-17
6177.28662204175  5.957272E-17
6182.80455731778  6.228151E-17
6188.32249259381  5.707550E-17
6193.84042786984  5.809774E-17
6199.35836314587  5.672690E-17
6204.8762984219  5.186338E-17
6210.39423369793  5.959342E-17
6215.91216897396  5.529384E-17
6221.43010424999  5.440291E-17
6226.94803952602  5.887968E-17
6232.46597480205  5.265600E-17
6237.98391007808  6.662813E-17
6243.50184535411  6.518121E-17
6249.01978063014  5.977305E-17
6254.53771590617  6.036912E-17
6260.0556511822  6.351261E-17
6265.57358645823  5.722781E-17
6271.09152173426  5.171397E-17
6276.60945701029  6.478762E-17
6282.12739228632  5.906649E-17
6287.64532756235  5.904968E-17
6293.16326283838  6.475114E-17
6298.68119811441  5.768374E-17
6304.19913339044  6.851098E-17
6309.71706866647  6.995081E-17
6315.2350039425  5.617605E-17
6320.75293921853  6.762731E-17
6326.27087449456  5.654461E-17
6331.78880977058  5.855536E-17
6337.30674504662  5.901729E-17
6342.82468032265  6.068267E-17
6348.34261559868  7.018993E-17
6353.86055087471  6.296109E-17
6359.37848615074  7.622425E-17
6364.89642142677  5.968032E-17
6370.4143567028  5.227481E-17
6375.93229197883  5.890542E-17
6381.45022725486  6.279337E-17
6386.96816253089  5.072551E-17
6392.48609780692  6.635154E-17
6398.00403308295  6.723335E-17
6403.52196835898  5.987891E-17
6409.03990363501  6.203802E-17
6414.55783891104  5.819517E-17
6420.07577418707  5.483978E-17
6425.5937094631  4.710945E-17
6431.11164473913  5.039826E-17
6436.62958001516  5.083523E-17
6442.14751529119  5.678340E-17
6447.66545056722  5.630770E-17
6453.18338584325  5.593661E-17
6458.70132111928  5.988626E-17
6464.21925639531  5.153508E-17
6469.73719167134  5.291687E-17
6475.25512694737  5.802649E-17
6480.7730622234  5.666467E-17
6486.29099749943  5.381324E-17
6491.80893277546  6.245394E-17
6497.32686805149  6.707253E-17
6502.84480332752  6.005618E-17
6508.36273860355  5.511702E-17
6513.88067387958  5.520767E-17
6519.39860915561  6.205947E-17
6524.91654443164  5.606625E-17
6530.43447970767  5.416242E-17
6535.9524149837  5.511643E-17
6541.47035025973  5.730141E-17
6546.98828553576  5.227257E-17
6552.50622081179  6.322358E-17
6558.02415608782  5.519213E-17
6563.54209136385  5.962757E-17
6569.06002663988  5.574763E-17
6574.57796191591  5.487499E-17
6580.09589719194  5.804806E-17
6585.61383246797  4.988007E-17
6591.131767744  5.897073E-17
6596.64970302003  5.625029E-17
6602.16763829606  5.908448E-17
6607.68557357209  5.671905E-17
6613.20350884812  5.642806E-17
6618.72144412415  5.964318E-17
6624.23937940018  6.169425E-17
6629.75731467621  5.104998E-17
6635.27524995224  5.560341E-17
6640.79318522827  5.538583E-17
6646.3111205043  5.481077E-17
6651.82905578033  5.533231E-17
6657.34699105636  5.826302E-17
6662.86492633239  6.187487E-17
6668.38286160842  6.236099E-17
6673.90079688445  6.127652E-17
6679.41873216048  5.885917E-17
6684.93666743651  5.718535E-17
6690.45460271254  5.397400E-17
6695.97253798857  6.139935E-17
6701.4904732646  6.016299E-17
6707.00840854063  5.375582E-17
6712.52634381666  5.381957E-17
6718.04427909269  5.418317E-17
6723.56221436872  5.711195E-17
6729.08014964475  5.254028E-17
6734.59808492078  5.066996E-17
6740.11602019681  5.308477E-17
6745.63395547284  5.517698E-17
6751.15189074887  5.684439E-17
6756.6698260249  5.892035E-17
6762.18776130093  5.318992E-17
6767.70569657696  5.464832E-17
6773.22363185299  5.912394E-17
6778.74156712902  4.676097E-17
6784.25950240505  4.584772E-17
6789.77743768108  4.434207E-17
6795.29537295711  5.305204E-17
6800.81330823314  5.763716E-17
6806.33124350917  4.871040E-17
6811.8491787852  5.979904E-17
6817.36711406123  6.113550E-17
6822.88504933726  5.148677E-17
6828.40298461329  5.569279E-17
6833.92091988932  5.209545E-17
6839.43885516535  5.695413E-17
6844.95679044138  5.621236E-17
6850.47472571741  5.372113E-17
6855.99266099344  5.475252E-17
6861.51059626947  5.397501E-17
6867.0285315455  4.826362E-17
6872.54646682153  4.876368E-17
6878.06440209756  5.569149E-17
6883.58233737359  5.913892E-17
6889.10027264962  6.588756E-17
6894.61820792565  5.909321E-17
6900.13614320168  5.788955E-17
6905.65407847771  6.009283E-17
6911.17201375374  6.353150E-17
6916.68994902977  7.238100E-17
6922.2078843058  6.416959E-17
6927.72581958183  6.808547E-17
6933.24375485786  6.570113E-17
6938.76169013389  5.802806E-17
6944.27962540992  6.362989E-17
6949.79756068595  6.419614E-17
6955.31549596198  6.819414E-17
6960.83343123801  6.843402E-17
6966.35136651404  6.036486E-17
6971.86930179007  6.503327E-17
6977.3872370661  6.898503E-17
6982.90517234213  6.670474E-17
6988.42310761816  6.175057E-17
6993.94104289419  6.472074E-17
6999.45897817022  6.189476E-17
7004.97691344625  6.406031E-17
7010.49484872228  6.507527E-17
7016.01278399831  5.699825E-17
7021.53071927434  5.510686E-17
7027.04865455037  5.736613E-17
7032.5665898264  6.476027E-17
7038.08452510243  6.490835E-17
7043.60246037846  5.875102E-17
7049.12039565449  6.583540E-17
7054.63833093052  6.678885E-17
7060.15626620655  6.479514E-17
7065.67420148258  6.854487E-17
7071.19213675861  6.693896E-17
7076.71007203464  6.326390E-17
7082.22800731067  6.107677E-17
7087.7459425867  5.367310E-17
7093.26387786273  5.981724E-17
7098.78181313876  6.529140E-17
7104.29974841479  6.179055E-17
7109.81768369082  6.381638E-17
7115.33561896685  6.061900E-17
7120.85355424288  6.014451E-17
7126.37148951891  6.075050E-17
7131.88942479494  6.554334E-17
7137.40736007097  7.361767E-17
7142.925295347  7.175697E-17
7148.44323062303  7.850389E-17
7153.96116589906  8.128137E-17
7159.47910117509  8.992002E-17
7164.99703645112  8.701626E-17
7170.51497172715  7.467195E-17
7176.03290700318  7.409176E-17
7181.55084227921  7.750720E-17
7187.06877755524  7.158797E-17
7192.58671283127  6.494213E-17
7198.1046481073  6.694445E-17
7203.62258338333  6.094857E-17
7209.14051865936  6.177631E-17
7214.65845393539  6.440042E-17
7220.17638921142  6.910117E-17
7225.69432448745  7.181313E-17
7231.21225976348  5.444095E-17
7236.73019503951  5.550511E-17
7242.24813031554  6.249412E-17
7247.76606559157  6.851769E-17
7253.2840008676  6.224557E-17
7258.80193614363  5.488254E-17
7264.31987141966  6.377175E-17
7269.83780669569  6.906719E-17
7275.35574197172  7.110018E-17
7280.87367724775  6.307078E-17
7286.39161252378  6.499741E-17
7291.90954779981  5.972151E-17
7297.42748307584  6.270707E-17
7302.94541835187  6.164773E-17
7308.4633536279  5.907488E-17
7313.98128890393  6.651848E-17
7319.49922417996  6.203663E-17
7325.01715945599  6.421163E-17
7330.53509473202  7.475906E-17
7336.05303000805  6.676976E-17
7341.57096528408  6.703594E-17
7347.08890056011  7.571267E-17
7352.60683583614  6.011587E-17
7358.12477111217  6.028052E-17
7363.6427063882  6.289838E-17
7369.16064166423  7.038993E-17
7374.67857694026  6.782324E-17
7380.19651221629  6.328445E-17
7385.71444749232  6.530071E-17
7391.23238276835  6.204598E-17
7396.75031804438  5.640227E-17
7402.26825332041  6.221204E-17
7407.78618859644  6.362956E-17
7413.30412387247  7.104090E-17
7418.8220591485  7.010219E-17
7424.33999442453  5.343802E-17
7429.85792970056  5.661852E-17
7435.37586497659  5.524423E-17
7440.89380025262  5.228337E-17
7446.41173552865  6.735922E-17
7451.92967080468  6.518807E-17
7457.44760608071  5.580240E-17
7462.96554135674  5.372496E-17
7468.48347663277  5.500617E-17
7474.0014119088  5.579292E-17
7479.51934718483  6.696181E-17
7485.03728246086  6.330644E-17
7490.55521773689  5.154622E-17
7496.07315301292  5.069365E-17
7501.59108828895  5.172341E-17
7507.10902356498  5.178219E-17
7512.62695884101  5.758598E-17
7518.14489411704  6.070798E-17
7523.66282939307  5.851887E-17
7529.1807646691  6.475118E-17
7534.69869994513  5.445504E-17
7540.21663522116  5.120975E-17
7545.73457049719  6.004348E-17
7551.25250577322  5.286287E-17
7556.77044104925  4.843565E-17
7562.28837632528  4.884815E-17
7567.80631160131  6.084501E-17
7573.32424687734  4.702372E-17
7578.84218215337  5.619678E-17
7584.3601174294  5.532250E-17
7589.87805270543  5.978542E-17
7595.39598798146  7.118604E-17
7600.91392325749  6.447086E-17
7606.43185853352  3.920592E-17
7611.94979380955  3.612189E-17
7617.46772908558  3.790903E-17
7622.98566436161  5.219054E-17
7628.50359963764  6.165690E-17
7634.02153491367  5.097393E-17
7639.5394701897  3.487977E-17
7645.05740546573  4.652481E-17
7650.57534074176  6.164029E-17
7656.09327601779  5.683191E-17
7661.61121129382  5.405210E-17
7667.12914656985  4.663717E-17
7672.64708184588  4.868386E-17
7678.16501712191  6.372570E-17
7683.68295239794  5.288890E-17
7689.20088767397  5.698852E-17
7694.71882295  5.608715E-17
7700.23675822603  3.525861E-17
7705.75469350206  4.434208E-17
7711.27262877809  5.806399E-17
7716.79056405412  5.149540E-17
7722.30849933015  5.939336E-17
7727.82643460618  4.725537E-17
7733.34436988221  5.130543E-17
7738.86230515824  5.201043E-17
7744.38024043427  5.608257E-17
7749.8981757103  6.204848E-17
7755.41611098633  5.477346E-17
7760.93404626236  5.551972E-17
7766.45198153839  6.184968E-17
7771.96991681442  5.106708E-17
7777.48785209045  4.304008E-17
7783.00578736648  4.770624E-17
7788.52372264251  5.411414E-17
7794.04165791854  5.485271E-17
7799.55959319457  5.451152E-17
7805.0775284706  3.692958E-17
7810.59546374663  4.993968E-17
7816.11339902266  5.123827E-17
7821.63133429869  5.840002E-17
7827.14926957472  7.149877E-17
7832.66720485075  5.817177E-17
7838.18514012678  4.592019E-17
7843.70307540281  4.708323E-17
7849.22101067884  4.536330E-17
7854.73894595487  4.160599E-17
7860.2568812309  5.268518E-17
7865.77481650693  4.616536E-17
7871.29275178296  5.063640E-17
7876.81068705899  3.931313E-17
7882.32862233502  4.106929E-17
7887.84655761105  4.545251E-17
7893.36449288708  5.227254E-17
7898.88242816311  5.046888E-17
7904.40036343914  3.602144E-17
7909.91829871517  3.737644E-17
7915.4362339912  3.991670E-17
7920.95416926723  4.323760E-17
7926.47210454326  5.807250E-17
7931.99003981929  5.142721E-17
7937.50797509532  5.424737E-17
7943.02591037135  4.865715E-17
7948.54384564738  4.933321E-17
7954.06178092341  3.465909E-17
7959.57971619944  5.522188E-17
7965.09765147547  6.276759E-17
7970.6155867515  6.501487E-17
7976.13352202753  5.742579E-17
7981.65145730356  4.243101E-17
7987.16939257959  4.894750E-17
7992.68732785562  4.944237E-17
7998.20526313165  5.753823E-17
8003.72319840768  5.350756E-17
8009.24113368371  5.489113E-17
8014.75906895974  3.644334E-17
8020.27700423577  3.968380E-17
8025.7949395118  5.583916E-17
8031.31287478783  5.582365E-17
8036.83081006386  5.025048E-17
8042.34874533989  4.628013E-17
8047.86668061592  5.585119E-17
8053.38461589195  5.226182E-17
8058.90255116798  4.090319E-17
8064.42048644401  4.584614E-17
8069.93842172004  5.332431E-17
8075.45635699607  5.296851E-17
8080.9742922721  5.414330E-17
8086.49222754813  5.704469E-17
8092.01016282416  4.645969E-17
8097.52809810019  5.323914E-17
8103.04603337622  4.694112E-17
8108.56396865225  5.926655E-17
8114.08190392828  5.498586E-17
8119.59983920431  4.969624E-17
8125.11777448034  5.056611E-17
8130.63570975637  4.759705E-17
8136.1536450324  6.067798E-17
8141.67158030843  5.467998E-17
8147.18951558446  5.731703E-17
8152.70745086049  5.134804E-17
8158.22538613652  4.908627E-17
8163.74332141255  4.968726E-17
8169.26125668858  5.904120E-17
8174.77919196461  5.812983E-17
8180.29712724064  5.597311E-17
8185.81506251667  5.741714E-17
8191.3329977927  5.062235E-17
8196.85093306873  4.878517E-17
8202.36886834476  4.946202E-17
8207.88680362079  5.120343E-17
8213.40473889682  5.522955E-17
8218.92267417285  6.031198E-17
8224.44060944888  4.687512E-17
8229.95854472491  5.088496E-17
8235.47648000094  4.980392E-17
8240.99441527697  5.596294E-17
8246.512350553  5.180118E-17
8252.03028582903  5.140148E-17
8257.54822110506  4.186185E-17
8263.06615638109  6.003751E-17
8268.58409165712  4.751152E-17
8274.10202693315  5.401815E-17
8279.61996220918  5.157472E-17
8285.13789748521  4.423148E-17
8290.65583276124  6.443253E-17
8296.17376803727  6.685757E-17
8301.6917033133  5.216547E-17
8307.20963858933  4.700729E-17
8312.72757386536  4.882558E-17
8318.24550914139  5.132840E-17
8323.76344441742  4.919960E-17
8329.28137969345  5.396369E-17
8334.79931496948  4.972087E-17
8340.31725024551  4.288287E-17
8345.83518552154  3.656378E-17
8351.35312079757  3.070307E-17
8356.8710560736  5.596948E-17
8362.38899134963  5.142939E-17
8367.90692662566  3.631698E-17
8373.42486190169  3.282954E-17
8378.94279717772  4.073237E-17
8384.46073245375  3.865839E-17
8389.97866772978  4.345972E-17
8395.49660300581  4.663916E-17
8401.01453828184  6.763554E-17
8406.53247355787  5.204363E-17
8412.0504088339  3.715986E-17
8417.56834410993  2.625435E-17
8423.08627938596  5.348210E-17
8428.60421466199  3.737769E-17
8434.12214993802  5.259532E-17
8439.64008521405  5.876333E-17
8445.15802049008  5.844079E-17
8450.67595576611  5.247563E-17
8456.19389104214  3.962651E-17
8461.71182631817  3.603619E-17
8467.2297615942  3.713462E-17
8472.74769687023  5.246664E-17
8478.26563214626  5.484507E-17
8483.78356742229  4.719084E-17
8489.30150269832  5.120386E-17
8494.81943797435  4.180010E-17
8500.33737325038  3.352771E-17
8505.85530852641  3.735320E-17
8511.37324380244  4.094735E-17
8516.89117907847  4.258405E-17
8522.4091143545  4.412174E-17
8527.92704963053  4.799073E-17
8533.44498490656  4.215247E-17
8538.96292018259  5.099493E-17
8544.48085545862  4.688574E-17
8549.99879073465  4.703707E-17
8555.51672601068  5.639499E-17
8561.03466128671  5.634331E-17
8566.55259656274  3.979870E-17
8572.07053183877  4.250645E-17
8577.5884671148  4.062817E-17
8583.10640239083  4.179246E-17
8588.62433766686  4.207566E-17
8594.14227294289  3.763609E-17
8599.66020821892  5.192348E-17
8605.17814349495  4.301693E-17
8610.69607877098  4.347567E-17
8616.21401404701  5.090086E-17
8621.73194932304  5.701308E-17
8627.24988459907  5.797592E-17
8632.7678198751  6.498845E-17
8638.28575515113  5.555012E-17
8643.80369042716  3.722111E-17
8649.32162570319  2.707689E-17
8654.83956097922  2.594635E-17
8660.35749625525  2.979110E-17
8665.87543153128  3.582580E-17
8671.39336680731  5.659551E-17
8676.91130208334  5.721761E-17
8682.42923735937  5.143752E-17
8687.9471726354  4.274673E-17
8693.46510791143  5.244667E-17
8698.98304318746  5.333084E-17
8704.50097846349  4.853741E-17
8710.01891373952  4.850812E-17
8715.53684901555  4.538611E-17
8721.05478429158  4.272407E-17
8726.57271956761  3.899797E-17
8732.09065484364  3.944818E-17
8737.60859011967  5.037266E-17
8743.1265253957  5.174818E-17
8748.64446067173  4.351807E-17
8754.16239594776  5.145287E-17
8759.68033122379  4.881300E-17
8765.19826649982  5.156031E-17
8770.71620177585  3.239686E-17
8776.23413705188  4.071293E-17
8781.75207232791  6.056265E-17
8787.27000760394  4.566512E-17
8792.78794287997  3.499658E-17
8798.305878156  2.948556E-17
8803.82381343203  3.098081E-17
8809.34174870806  3.523235E-17
8814.85968398409  5.761379E-17
8820.37761926012  8.156557E-17
8825.89555453615  5.571453E-17
8831.41348981218  6.004879E-17
8836.93142508821  5.305407E-17
8842.44936036424  4.172425E-17
8847.96729564027  4.413963E-17
8853.4852309163  5.779649E-17
8859.00316619233  5.981223E-17
8864.52110146836  6.205154E-17
8870.03903674439  3.585605E-17
8875.55697202042  4.479647E-17
8881.07490729645  3.078993E-17
8886.59284257248  3.557973E-17
8892.11077784851  4.015484E-17
8897.62871312454  5.810370E-17
8903.14664840057  5.149890E-17
8908.6645836766  4.118178E-17
8914.18251895263  5.224136E-17
8919.70045422866  4.009461E-17
8925.21838950469  3.536724E-17
8930.73632478072  3.995953E-17
8936.25426005675  4.730415E-17
8941.77219533278  4.619252E-17
8947.29013060881  3.198839E-17
8952.80806588484  2.853715E-17
8958.32600116087  3.692985E-17
8963.8439364369  3.632937E-17
8969.36187171293  4.734982E-17
8974.87980698896  5.417154E-17
8980.39774226499  5.147465E-17
8985.91567754102  3.189340E-17
8991.43361281705  2.079094E-17
8996.95154809308  6.249109E-17
9002.46948336911  5.570220E-17
9007.98741864514  4.721384E-17
9013.50535392117  4.167779E-17
9019.0232891972  3.147268E-17
9024.54122447323  4.205027E-17
9030.05915974926  5.144947E-17
9035.57709502529  4.912142E-17
9041.09503030132  5.684858E-17
9046.61296557735  4.745104E-17
9052.13090085338  7.368023E-17
9057.64883612941  5.165051E-17
9063.16677140544  5.528139E-17
9068.68470668147  5.811465E-17
9074.2026419575  4.034370E-17
9079.72057723353  3.719458E-17
9085.23851250956  1.763344E-17
9090.75644778559  4.513200E-17
9096.27438306162  6.214121E-17
9101.79231833765  5.010721E-17
9107.31025361368  1.840093E-17
9112.82818888971  3.051017E-17
9118.34612416574  2.212010E-17
9123.86405944177  5.729627E-17
9129.3819947178  5.320858E-17
9134.89992999383  2.499139E-17
9140.41786526986  5.572767E-17
9145.93580054589  4.534053E-17
9151.45373582192  4.975286E-17
9156.97167109795  5.548108E-17
9162.48960637398  4.484656E-17
9168.00754165001  5.154470E-17
9173.52547692604  4.091240E-17
9179.04341220207  3.744593E-17
9184.5613474781  4.330635E-17
9190.07928275413  4.055916E-17
9195.59721803016  4.440429E-17
9201.11515330619  4.586605E-17
9206.63308858222  5.075857E-17
9212.15102385825  4.194414E-17
9217.66895913428  2.576484E-17
9223.18689441031  6.141570E-17
9228.70482968634  4.483708E-17
9234.22276496237  2.318801E-17
9239.7407002384  2.332935E-17
9245.25863551443  3.953106E-17
