6000.31005859  1.041982E-16
6004.51637935264  1.076603E-16
6008.72270011527  1.087988E-16
6012.9290208779  1.052480E-16
6017.13534164053  1.038685E-16
6021.34166240316  1.040737E-16
6025.54798316579  1.046233E-16
6029.75430392841  1.012534E-16
6033.96062469105  1.096392E-16
6038.16694545368  1.022849E-16
6042.3732662163  1.049860E-16
6046.57958697893  1.057395E-16
6050.78590774157  1.078331E-16
6054.9922285042  1.084672E-16
6059.19854926683  1.053620E-16
6063.40487002946  1.113091E-16
6067.61119079209  1.020025E-16
6071.81751155471  1.060139E-16
6076.02383231735  9.760597E-17
6080.23015307998  1.040623E-16
6084.43647384261  1.015178E-16
6088.64279460524  1.022331E-16
6092.84911536787  9.855275E-17
6097.05543613049  9.850343E-17
6101.26175689313  9.621804E-17
6105.46807765576  9.822059E-17
6109.67439841839  1.073298E-16
6113.88071918101  9.619788E-17
6118.08703994365  1.027540E-16
6122.29336070627  1.009131E-16
6126.49968146891  1.076081E-16
6130.70600223154  1.023552E-16
6134.91232299417  9.970284E-17
6139.1186437568  9.471095E-17
6143.32496451943  9.871895E-17
6147.53128528206  1.056183E-16
6151.73760604469  1.044708E-16
6155.94392680732  9.494822E-17
6160.15024756995  1.037779E-16
6164.35656833258  9.949975E-17
6168.5628890952  9.623320E-17
6172.76920985784  1.045272E-16
6176.97553062047  1.055381E-16
6181.1818513831  9.814083E-17
6185.38817214573  1.020235E-16
6189.59449290836  1.024848E-16
6193.80081367098  1.029412E-16
6198.00713443362  1.010693E-16
6202.21345519625  9.742058E-17
6206.41977595888  9.971901E-17
6210.62609672151  9.829999E-17
6214.83241748414  1.014837E-16
6219.03873824677  9.911564E-17
6223.2450590094  9.877044E-17
6227.45137977203  1.006312E-16
6231.65770053466  1.029341E-16
6235.86402129729  1.062338E-16
6240.07034205991  1.034199E-16
6244.27666282255  1.045084E-16
6248.48298358518  1.087030E-16
6252.68930434781  1.016969E-16
6256.89562511044  1.018350E-16
6261.10194587307  1.005425E-16
6265.3082666357  9.842975E-17
6269.51458739833  1.052958E-16
6273.72090816096  1.012766E-16
6277.92722892359  9.933116E-17
6282.13354968622  9.879287E-17
6286.33987044885  9.785606E-17
6290.54619121148  1.010692E-16
6294.75251197411  1.059263E-16
6298.95883273674  9.760595E-17
6303.16515349937  1.033538E-16
6307.371474262  9.768869E-17
6311.57779502463  9.676271E-17
6315.78411578726  9.625564E-17
6319.99043654989  1.001240E-16
6324.19675731252  1.104623E-16
6328.40307807515  9.755239E-17
6332.60939883778  9.722836E-17
6336.81571960041  9.793043E-17
6341.02204036304  9.906185E-17
6345.22836112567  1.045910E-16
6349.4346818883  1.045276E-16
6353.64100265093  1.033286E-16
6357.84732341356  1.013461E-16
6362.05364417619  1.036253E-16
6366.25996493882  1.036430E-16
6370.46628570145  1.007804E-16
6374.67260646408  1.004965E-16
6378.8789272267  9.831677E-17
6383.08524798934  9.704873E-17
6387.29156875197  9.696361E-17
6391.49788951459  1.015465E-16
6395.70421027723  9.928774E-17
6399.91053103986  1.020093E-16
6404.11685180249  1.009142E-16
6408.32317256512  1.059750E-16
6412.52949332774  1.005208E-16
6416.73581409038  9.700107E-17
6420.94213485301  1.036088E-16
6425.14845561564  9.244224E-17
6429.35477637827  9.824352E-17
6433.5610971409  9.179122E-17
6437.76741790353  9.339086E-17
6441.97373866616  9.952259E-17
6446.18005942879  1.001650E-16
6450.38638019142  9.273967E-17
6454.59270095405  9.527205E-17
6458.79902171667  9.904175E-17
6463.00534247931  9.758677E-17
6467.21166324194  9.939468E-17
6471.41798400457  9.416964E-17
6475.6243047672  9.798360E-17
6479.83062552983  9.547400E-17
6484.03694629246  9.979201E-17
6488.24326705509  9.446473E-17
6492.44958781772  9.803241E-17
6496.65590858035  9.608219E-17
6500.86222934298  1.002726E-16
6505.06855010561  9.672445E-17
6509.27487086824  9.266408E-17
6513.48119163086  9.023840E-17
6517.6875123935  9.943674E-17
6521.89383315613  9.517253E-17
6526.10015391876  9.949903E-17
6530.30647468139  9.918089E-17
6534.51279544402  9.907404E-17
6538.71911620665  9.511411E-17
6542.92543696928  9.556365E-17
6547.13175773191  9.341695E-17
6551.33807849454  9.533553E-17
6555.54439925717  8.687566E-17
6559.7507200198  8.827619E-17
6563.95704078243  8.646862E-17
6568.16336154506  9.313264E-17
6572.36968230769  9.707007E-17
6576.57600307032  8.930487E-17
6580.78232383295  9.346121E-17
6584.98864459558  9.662330E-17
6589.19496535821  9.498425E-17
6593.40128612084  9.594761E-17
6597.60760688347  9.371501E-17
6601.8139276461  9.245838E-17
6606.02024840873  9.900089E-17
6610.22656917136  9.058665E-17
6614.43288993399  9.352895E-17
6618.63921069662  9.315793E-17
6622.84553145925  9.110262E-17
6627.05185222188  8.890241E-17
6631.25817298451  9.081014E-17
6635.46449374714  9.129691E-17
6639.67081450977  8.927790E-17
6643.8771352724  8.906052E-17
6648.08345603503  9.649129E-17
6652.28977679766  9.294240E-17
6656.49609756029  8.813315E-17
6660.70241832292  9.192890E-17
6664.90873908555  8.932094E-17
6669.11505984818  9.162879E-17
6673.32138061081  9.325632E-17
6677.52770137344  9.108866E-17
6681.73402213607  9.354576E-17
6685.9403428987  9.465792E-17
6690.14666366133  9.321797E-17
6694.35298442396  9.060169E-17
6698.55930518659  9.098472E-17
6702.76562594922  9.164861E-17
6706.97194671185  9.405562E-17
6711.17826747448  8.517196E-17
6715.38458823711  9.357626E-17
6719.59090899974  8.692441E-17
6723.79722976237  8.620193E-17
6728.003550525  8.952758E-17
6732.20987128763  9.126785E-17
6736.41619205026  9.012597E-17
6740.62251281289  8.922685E-17
6744.82883357552  8.806358E-17
6749.03515433815  8.845572E-17
6753.24147510078  9.087425E-17
6757.44779586341  9.157804E-17
6761.65411662604  8.992147E-17
6765.86043738867  8.882288E-17
6770.06675815129  9.281929E-17
6774.27307891393  9.192710E-17
6778.47939967656  9.133743E-17
6782.68572043919  8.940449E-17
6786.89204120182  8.978768E-17
6791.09836196445  8.904996E-17
6795.30468272708  8.634932E-17
6799.51100348971  8.601935E-17
6803.71732425234  8.557266E-17
6807.92364501497  8.612892E-17
6812.1299657776  8.731677E-17
6816.33628654023  8.534981E-17
6820.54260730286  8.633392E-17
6824.74892806549  8.816645E-17
6828.95524882812  9.457197E-17
6833.16156959075  9.125597E-17
6837.36789035338  8.830118E-17
6841.57421111601  8.917312E-17
6845.78053187864  9.047340E-17
6849.98685264127  8.582661E-17
6854.1931734039  8.503474E-17
6858.39949416653  8.981704E-17
6862.60581492916  8.631102E-17
6866.81213569179  8.308968E-17
6871.01845645442  8.739986E-17
6875.22477721705  8.462859E-17
6879.43109797967  9.508401E-17
6883.63741874231  9.377403E-17
6887.84373950494  8.648072E-17
6892.05006026757  9.550474E-17
6896.2563810302  1.002002E-16
6900.46270179283  1.010532E-16
6904.66902255546  9.677585E-17
6908.87534331809  9.460385E-17
6913.08166408072  9.867408E-17
6917.28798484335  9.823457E-17
6921.49430560598  9.715426E-17
6925.70062636861  1.041318E-16
6929.90694713124  1.002293E-16
6934.11326789387  9.520528E-17
6938.3195886565  9.556198E-17
6942.52590941913  1.037239E-16
6946.73223018176  1.009750E-16
6950.93855094439  9.621963E-17
6955.14487170702  9.763291E-17
6959.35119246965  9.702584E-17
6963.55751323228  9.726136E-17
6967.76383399491  1.026387E-16
6971.97015475754  9.614574E-17
6976.17647552017  1.015807E-16
6980.3827962828  9.774598E-17
6984.58911704543  9.837252E-17
6988.79543780806  9.784395E-17
6993.00175857069  9.286763E-17
6997.20807933332  9.659991E-17
7001.41440009595  1.022022E-16
7005.62072085858  9.730873E-17
7009.82704162121  9.362926E-17
7014.03336238384  9.365367E-17
7018.23968314647  9.522882E-17
7022.4460039091  9.660891E-17
7026.65232467173  1.006341E-16
7030.85864543436  9.868617E-17
7035.06496619699  1.003101E-16
7039.27128695962  1.015006E-16
7043.47760772225  9.981535E-17
7047.68392848488  9.815477E-17
7051.89024924751  9.379723E-17
7056.09657001014  1.014361E-16
7060.30289077277  9.893054E-17
7064.5092115354  9.789242E-17
7068.71553229803  9.502324E-17
7072.92185306066  9.593277E-17
7077.12817382329  9.572905E-17
7081.33449458592  9.621110E-17
7085.54081534855  9.309261E-17
7089.74713611118  9.467208E-17
7093.95345687381  9.923710E-17
7098.15977763644  9.593570E-17
7102.36609839907  9.650122E-17
7106.5724191617  9.581195E-17
7110.77873992433  9.139129E-17
7114.98506068696  9.822840E-17
7119.19138144958  9.999679E-17
7123.39770221222  9.816678E-17
7127.60402297485  9.616629E-17
7131.81034373748  9.382620E-17
7136.01666450011  9.958485E-17
7140.22298526274  9.593231E-17
7144.42930602537  1.032688E-16
7148.635626788  1.240012E-16
7152.84194755063  1.424130E-16
7157.04826831326  1.424043E-16
7161.25458907589  1.211526E-16
7165.46090983852  1.016673E-16
7169.66723060115  1.024071E-16
7173.87355136378  1.149108E-16
7178.07987212641  1.195388E-16
7182.28619288904  1.174081E-16
7186.49251365167  1.011274E-16
7190.6988344143  9.344131E-17
7194.90515517693  9.670112E-17
7199.11147593956  9.684799E-17
7203.31779670219  1.013780E-16
7207.52411746482  9.578683E-17
7211.73043822745  9.757839E-17
7215.93675899008  1.004213E-16
7220.14307975271  9.788413E-17
7224.34940051534  8.838539E-17
7228.55572127797  9.445198E-17
7232.7620420406  9.989921E-17
7236.96836280323  1.032217E-16
7241.17468356586  9.751916E-17
7245.38100432849  9.587410E-17
7249.58732509112  8.765425E-17
7253.79364585375  8.686505E-17
7257.99996661638  9.148752E-17
7262.20628737901  8.594690E-17
7266.41260814164  9.410602E-17
7270.61892890427  9.175100E-17
7274.8252496669  9.198991E-17
7279.03157042953  9.391115E-17
7283.23789119216  8.658393E-17
7287.44421195479  8.732364E-17
7291.65053271742  9.284633E-17
7295.85685348005  8.610504E-17
7300.06317424268  9.343503E-17
7304.26949500531  8.664579E-17
7308.47581576794  8.636852E-17
7312.68213653057  9.136522E-17
7316.8884572932  9.409379E-17
7321.09477805583  9.671089E-17
7325.30109881846  9.671021E-17
7329.50741958109  1.003780E-16
7333.71374034372  9.791807E-17
7337.92006110635  1.010693E-16
7342.12638186898  1.006072E-16
7346.33270263161  8.405672E-17
7350.53902339424  8.805225E-17
7354.74534415687  8.404254E-17
7358.9516649195  9.426827E-17
7363.15798568213  9.384294E-17
7367.36430644476  8.538755E-17
7371.57062720739  8.970327E-17
7375.77694797002  8.784496E-17
7379.98326873265  8.955926E-17
7384.18958949528  8.499145E-17
7388.39591025791  8.031119E-17
7392.60223102054  8.810321E-17
7396.80855178317  8.809785E-17
7401.0148725458  8.515177E-17
7405.22119330843  8.479031E-17
7409.42751407106  8.218894E-17
7413.63383483369  8.043780E-17
7417.84015559632  8.570416E-17
7422.04647635895  7.731855E-17
7426.25279712158  8.594594E-17
7430.45911788421  8.464297E-17
7434.66543864684  8.248376E-17
7438.87175940947  8.805231E-17
7443.0780801721  8.660308E-17
7447.28440093473  8.440931E-17
7451.49072169736  8.950352E-17
7455.69704245999  8.209077E-17
7459.90336322262  8.072186E-17
7464.10968398525  8.276399E-17
7468.31600474788  8.250656E-17
7472.52232551051  8.525996E-17
7476.72864627314  8.832498E-17
7480.93496703577  8.484728E-17
7485.1412877984  8.066929E-17
7489.34760856103  8.268044E-17
7493.55392932366  8.361365E-17
7497.76025008629  8.239471E-17
7501.96657084892  8.129141E-17
7506.17289161155  8.198438E-17
7510.37921237418  8.491603E-17
7514.58553313681  7.575548E-17
7518.79185389944  7.388248E-17
7522.99817466207  7.855386E-17
7527.2044954247  8.144910E-17
7531.41081618733  8.247547E-17
7535.61713694996  8.307810E-17
7539.82345771259  8.189540E-17
7544.02977847522  8.305500E-17
7548.23609923785  7.963926E-17
7552.44242000048  7.714681E-17
7556.64874076311  8.017103E-17
7560.85506152574  8.646841E-17
7565.06138228837  8.573276E-17
7569.267703051  8.161872E-17
7573.47402381363  7.715652E-17
7577.68034457626  8.137430E-17
7581.88666533889  8.366234E-17
7586.09298610152  8.250227E-17
7590.29930686415  7.668578E-17
7594.50562762678  7.426639E-17
7598.71194838941  6.193528E-17
7602.91826915204  5.936549E-17
7607.12458991467  7.216996E-17
7611.3309106773  8.985245E-17
7615.53723143993  9.350872E-17
7619.74355220256  8.117076E-17
7623.94987296519  7.365699E-17
7628.15619372782  7.701059E-17
7632.36251449045  7.727089E-17
7636.56883525308  7.986351E-17
7640.77515601571  7.750516E-17
7644.98147677834  8.270730E-17
7649.18779754097  7.698095E-17
7653.3941183036  8.373911E-17
7657.60043906623  8.597919E-17
7661.80675982886  7.834382E-17
7666.01308059149  7.252319E-17
7670.21940135412  7.887540E-17
7674.42572211675  7.874414E-17
7678.63204287938  7.982202E-17
7682.83836364201  8.548227E-17
7687.04468440464  8.138952E-17
7691.25100516727  7.167578E-17
7695.4573259299  7.147873E-17
7699.66364669253  6.980437E-17
7703.86996745516  6.789903E-17
7708.07628821779  6.863566E-17
7712.28260898042  7.352028E-17
7716.48892974305  7.633382E-17
7720.69525050568  7.499955E-17
7724.90157126831  7.863145E-17
7729.10789203094  7.413784E-17
7733.31421279357  7.052880E-17
7737.5205335562  6.937335E-17
7741.72685431883  6.308584E-17
7745.93317508146  8.342942E-17
7750.13949584409  7.797840E-17
7754.34581660672  7.494230E-17
7758.55213736935  7.571092E-17
7762.75845813198  7.008796E-17
7766.96477889461  6.934536E-17
7771.17109965724  7.471013E-17
7775.37742041987  7.681653E-17
7779.5837411825  7.764006E-17
7783.79006194513  8.420158E-17
7787.99638270776  8.589122E-17
7792.20270347039  7.833611E-17
7796.40902423302  7.623778E-17
7800.61534499565  6.630788E-17
7804.82166575828  7.173973E-17
7809.02798652091  7.391569E-17
7813.23430728354  7.766127E-17
7817.44062804617  8.530533E-17
7821.6469488088  8.229675E-17
7825.85326957143  6.861415E-17
7830.05959033406  6.965143E-17
7834.26591109669  6.992857E-17
7838.47223185932  6.951069E-17
7842.67855262195  7.061863E-17
7846.88487338458  7.704745E-17
7851.09119414721  7.220614E-17
7855.29751490984  7.880218E-17
7859.50383567247  6.764115E-17
7863.7101564351  7.667332E-17
7867.91647719773  7.537462E-17
7872.12279796036  7.302501E-17
7876.32911872299  7.641874E-17
7880.53543948562  7.721848E-17
7884.74176024825  8.762193E-17
7888.94808101088  7.850437E-17
7893.15440177351  7.921815E-17
7897.36072253614  7.223652E-17
7901.56704329877  7.531302E-17
7905.7733640614  7.473926E-17
7909.97968482403  8.001788E-17
7914.18600558666  7.721155E-17
7918.39232634929  7.262241E-17
7922.59864711192  7.048961E-17
7926.80496787455  7.301718E-17
7931.01128863718  7.480056E-17
7935.21760939981  7.613671E-17
7939.42393016244  7.401663E-17
7943.63025092507  7.437447E-17
7947.8365716877  7.268814E-17
7952.04289245033  6.652221E-17
7956.24921321296  7.209423E-17
7960.45553397559  7.624713E-17
7964.66185473822  7.389748E-17
7968.86817550085  7.385174E-17
7973.07449626348  7.978892E-17
7977.28081702611  7.581267E-17
7981.48713778874  6.931657E-17
7985.69345855137  7.192297E-17
7989.899779314  7.260760E-17
7994.10610007663  7.500008E-17
7998.31242083926  7.211754E-17
8002.51874160189  7.426836E-17
8006.72506236452  7.849485E-17
8010.93138312715  7.545017E-17
8015.13770388978  7.447437E-17
8019.34402465241  7.877962E-17
8023.55034541504  8.097650E-17
8027.75666617767  7.704157E-17
8031.9629869403  7.396066E-17
8036.16930770293  7.684018E-17
8040.37562846556  7.531798E-17
8044.58194922819  7.227273E-17
8048.78826999082  7.057335E-17
8052.99459075345  7.371458E-17
8057.20091151608  7.630514E-17
8061.40723227871  7.390833E-17
8065.61355304134  7.775847E-17
8069.81987380397  7.035860E-17
8074.0261945666  6.658560E-17
8078.23251532923  7.262689E-17
8082.43883609186  7.098983E-17
8086.64515685449  7.432139E-17
8090.85147761712  7.182250E-17
8095.05779837975  7.626329E-17
8099.26411914238  8.145846E-17
8103.47043990501  7.914358E-17
8107.67676066764  7.366906E-17
8111.88308143027  6.838722E-17
8116.0894021929  6.794591E-17
8120.29572295553  7.125448E-17
8124.50204371816  7.372231E-17
8128.70836448079  7.053009E-17
8132.91468524342  7.786484E-17
8137.12100600605  7.741387E-17
8141.32732676868  8.363978E-17
8145.53364753131  7.696583E-17
8149.73996829394  7.275820E-17
8153.94628905657  7.166731E-17
8158.1526098192  7.780217E-17
8162.35893058183  7.096668E-17
8166.56525134446  6.653765E-17
8170.77157210709  7.857898E-17
8174.97789286972  7.457057E-17
8179.18421363235  7.632175E-17
8183.39053439498  7.683427E-17
8187.59685515761  7.802310E-17
8191.80317592024  7.469730E-17
8196.00949668287  7.237145E-17
8200.2158174455  6.975634E-17
8204.42213820813  7.439776E-17
8208.62845897076  7.225041E-17
8212.83477973339  6.898911E-17
8217.04110049602  6.840584E-17
8221.24742125865  7.714406E-17
8225.45374202128  7.423671E-17
8229.66006278391  7.598588E-17
8233.86638354654  7.364406E-17
8238.07270430917  7.162066E-17
8242.2790250718  7.272436E-17
8246.48534583443  7.409176E-17
8250.69166659706  7.318773E-17
8254.89798735969  7.554045E-17
8259.10430812232  7.702114E-17
8263.31062888495  7.433482E-17
8267.51694964758  7.199975E-17
8271.72327041021  6.909685E-17
8275.92959117284  6.425413E-17
8280.13591193547  7.021423E-17
8284.3422326981  7.282593E-17
8288.54855346073  6.739887E-17
8292.75487422336  7.065555E-17
8296.96119498599  7.224941E-17
8301.16751574862  6.860165E-17
8305.37383651125  6.948347E-17
8309.58015727388  6.638573E-17
8313.78647803651  6.270883E-17
8317.99279879914  6.960223E-17
8322.19911956177  6.935856E-17
8326.4054403244  6.717562E-17
8330.61176108703  6.887570E-17
8334.81808184966  6.244266E-17
8339.02440261229  6.560123E-17
8343.23072337492  5.625241E-17
8347.43704413755  7.163241E-17
8351.64336490018  6.535938E-17
8355.84968566281  6.647183E-17
8360.05600642544  6.586443E-17
8364.26232718807  6.842103E-17
8368.4686479507  6.807260E-17
8372.67496871333  6.361836E-17
8376.88128947596  7.184508E-17
8381.08761023859  7.073002E-17
8385.29393100122  6.545243E-17
8389.50025176385  6.180696E-17
8393.70657252648  6.762944E-17
8397.91289328911  5.919376E-17
8402.11921405174  6.859530E-17
8406.32553481437  7.512598E-17
8410.531855577  6.484639E-17
8414.73817633963  6.238043E-17
8418.94449710226  6.108166E-17
8423.15081786489  5.814555E-17
8427.35713862752  6.682969E-17
8431.56345939015  6.238113E-17
8435.76978015278  6.422138E-17
8439.97610091541  6.355082E-17
8444.18242167804  6.938838E-17
8448.38874244067  6.838931E-17
8452.5950632033  6.349974E-17
8456.80138396593  5.540660E-17
8461.00770472856  6.357066E-17
8465.21402549119  6.952965E-17
8469.42034625382  6.709999E-17
8473.62666701645  6.250182E-17
8477.83298777908  6.584307E-17
8482.03930854171  7.100732E-17
8486.24562930434  7.174755E-17
8490.45195006697  6.690937E-17
8494.6582708296  6.151495E-17
8498.86459159223  6.100743E-17
8503.07091235486  5.763938E-17
8507.27723311749  6.905351E-17
8511.48355388012  6.737800E-17
8515.68987464275  5.888810E-17
8519.89619540538  6.678380E-17
8524.10251616801  7.293220E-17
8528.30883693064  7.018255E-17
8532.51515769327  6.687611E-17
8536.7214784559  5.969304E-17
8540.92779921853  6.785860E-17
8545.13411998116  6.408723E-17
8549.34044074379  6.969204E-17
8553.54676150642  6.133683E-17
8557.75308226905  6.352156E-17
8561.95940303168  5.596726E-17
8566.16572379431  6.435457E-17
8570.37204455694  6.652994E-17
8574.57836531957  6.225764E-17
8578.7846860822  6.638178E-17
8582.99100684483  6.685691E-17
8587.19732760746  5.891329E-17
8591.40364837009  5.969888E-17
8595.60996913272  6.443793E-17
8599.81628989535  6.584898E-17
8604.02261065798  6.473448E-17
8608.22893142061  6.069869E-17
8612.43525218324  6.868171E-17
8616.64157294587  6.836297E-17
8620.8478937085  7.890851E-17
8625.05421447113  7.206609E-17
8629.26053523376  6.356699E-17
8633.46685599639  6.594418E-17
8637.67317675902  6.430959E-17
8641.87949752165  5.697690E-17
8646.08581828428  5.934898E-17
8650.29213904691  6.861373E-17
8654.49845980954  6.657016E-17
8658.70478057217  6.244812E-17
8662.9111013348  6.629384E-17
8667.11742209743  6.249159E-17
8671.32374286006  6.363271E-17
8675.53006362269  6.217860E-17
8679.73638438532  6.385097E-17
8683.94270514795  6.572432E-17
8688.14902591058  6.314782E-17
8692.35534667321  7.056172E-17
8696.56166743584  6.732070E-17
8700.76798819847  6.456608E-17
8704.9743089611  6.369283E-17
8709.18062972373  5.949781E-17
8713.38695048636  6.108153E-17
8717.59327124899  6.559197E-17
8721.79959201162  6.251678E-17
8726.00591277425  6.105145E-17
8730.21223353688  6.464544E-17
8734.41855429951  6.458191E-17
8738.62487506214  7.037843E-17
8742.83119582477  6.542576E-17
8747.0375165874  6.440717E-17
8751.24383735003  7.745060E-17
8755.45015811266  6.925916E-17
8759.65647887529  6.247080E-17
8763.86279963792  6.401993E-17
8768.06912040055  4.802435E-17
8772.27544116318  5.470412E-17
8776.48176192581  7.014159E-17
8780.68808268844  6.470547E-17
8784.89440345107  6.409332E-17
8789.1007242137  7.216189E-17
8793.30704497633  5.889656E-17
8797.51336573896  6.036638E-17
8801.71968650159  6.626119E-17
8805.92600726422  5.843177E-17
8810.13232802685  6.076437E-17
8814.33864878948  5.472541E-17
8818.54496955211  5.129725E-17
8822.75129031474  6.044736E-17
8826.95761107737  5.989748E-17
8831.16393184  6.708572E-17
8835.37025260263  5.816244E-17
8839.57657336526  6.227027E-17
8843.78289412789  6.311775E-17
8847.98921489052  6.278519E-17
8852.19553565315  6.198292E-17
8856.40185641578  6.022611E-17
8860.60817717841  5.085851E-17
8864.81449794104  6.973971E-17
8869.02081870367  6.603216E-17
8873.2271394663  7.497118E-17
8877.43346022893  6.982881E-17
8881.63978099156  8.003726E-17
8885.84610175419  6.890720E-17
8890.05242251682  5.872796E-17
8894.25874327945  5.467035E-17
8898.46506404208  6.172427E-17
8902.67138480471  7.048863E-17
8906.87770556734  6.144466E-17
8911.08402632997  4.893931E-17
8915.2903470926  5.692448E-17
8919.49666785523  6.461139E-17
8923.70298861786  5.410906E-17
8927.90930938049  6.002757E-17
8932.11563014312  6.764744E-17
8936.32195090575  6.819204E-17
8940.52827166838  6.651961E-17
8944.73459243101  5.506227E-17
8948.94091319364  4.741909E-17
8953.14723395627  4.976705E-17
8957.3535547189  6.374603E-17
8961.55987548153  8.295986E-17
8965.76619624416  7.827331E-17
8969.97251700679  6.661579E-17
8974.17883776942  6.288755E-17
8978.38515853205  7.142178E-17
8982.59147929468  7.327496E-17
8986.79780005731  5.824225E-17
8991.00412081994  6.291919E-17
8995.21044158257  6.876858E-17
8999.4167623452  6.861006E-17
9003.62308310783  8.708883E-17
9007.82940387046  7.210913E-17
9012.03572463309  6.086490E-17
9016.24204539572  7.126428E-17
9020.44836615835  7.328254E-17
9024.65468692098  6.776437E-17
9028.86100768361  6.483003E-17
9033.06732844624  7.207176E-17
9037.27364920887  7.423831E-17
9041.4799699715  7.379412E-17
9045.68629073413  7.037133E-17
9049.89261149676  6.482290E-17
9054.09893225939  5.861099E-17
9058.30525302202  6.223326E-17
9062.51157378465  6.191399E-17
9066.71789454728  6.957748E-17
9070.92421530991  5.988657E-17
9075.13053607254  5.861888E-17
9079.33685683517  6.135972E-17
9083.5431775978  5.773819E-17
9087.74949836043  5.989230E-17
9091.95581912306  5.936295E-17
9096.16213988569  6.178056E-17
9100.36846064832  6.706759E-17
9104.57478141095  6.967199E-17
9108.78110217358  6.169402E-17
9112.98742293621  6.454445E-17
9117.19374369884  7.024132E-17
9121.40006446147  6.340433E-17
9125.6063852241  6.415848E-17
9129.81270598673  6.129196E-17
9134.01902674936  5.148375E-17
9138.22534751199  5.603278E-17
9142.43166827462  6.399260E-17
9146.63798903725  6.335027E-17
9150.84430979988  6.200963E-17
9155.05063056251  7.995321E-17
9159.25695132514  6.290353E-17
9163.46327208777  5.275045E-17
9167.6695928504  6.499393E-17
9171.87591361303  6.283344E-17
9176.08223437566  6.382743E-17
9180.28855513829  5.845855E-17
9184.49487590092  5.379746E-17
9188.70119666355  6.166005E-17
9192.90751742618  6.436165E-17
9197.11383818881  5.684266E-17
9201.32015895144  6.305238E-17
9205.52647971407  5.595087E-17
9209.7328004767  5.224720E-17
9213.93912123933  6.303736E-17
9218.14544200196  6.412623E-17
9222.35176276459  5.820295E-17
9226.55808352722  6.083113E-17
9230.76440428985  6.647428E-17
9234.97072505248  6.458705E-17
9239.17704581511  6.128283E-17
9243.38336657774  6.200644E-17
9247.58968734037  6.277471E-17
9251.796008103  6.862548E-17
9256.00232886563  7.395584E-17
9260.20864962826  5.989301E-17
9264.41497039089  5.820495E-17
9268.62129115352  5.886731E-17
9272.82761191615  5.935524E-17
9277.03393267878  6.327635E-17
9281.24025344141  6.386389E-17
9285.44657420404  6.586151E-17
9289.65289496667  5.069509E-17
9293.8592157293  7.332675E-17
9298.06553649193  9.012757E-17
9302.27185725456  9.285863E-17
9306.47817801719  7.338573E-17
9310.68449877982  5.597833E-17
9314.89081954245  5.739808E-17
9319.09714030508  5.845575E-17
9323.30346106771  7.490255E-17
9327.50978183034  6.653975E-17
9331.71610259297  5.693589E-17
9335.9224233556  5.836470E-17
9340.12874411823  6.106139E-17
9344.33506488086  6.233424E-17
9348.54138564349  6.362258E-17
9352.74770640612  6.222049E-17
9356.95402716875  6.770317E-17
9361.16034793138  7.011051E-17
9365.36666869401  5.681354E-17
9369.57298945664  7.231242E-17
9373.77931021927  9.015076E-17
9377.9856309819  1.007221E-16
9382.19195174453  9.957523E-17
9386.39827250716  6.700136E-17
9390.60459326979  6.854625E-17
9394.81091403242  8.845723E-17
9399.01723479505  5.897878E-17
9403.22355555768  7.031119E-17
9407.42987632031  5.912066E-17
9411.63619708294  7.597443E-17
9415.84251784557  8.793281E-17
9420.0488386082  7.160981E-17
9424.25515937083  8.146095E-17
9428.46148013346  5.562975E-17
9432.66780089609  6.444082E-17
9436.87412165872  4.665533E-17
9441.08044242135  6.640061E-17
9445.28676318398  6.091621E-17
9449.49308394661  5.723780E-17
9453.69940470924  5.098734E-17
9457.90572547187  8.526664E-17
9462.1120462345  7.721451E-17
9466.31836699713  4.793151E-17
9470.52468775976  6.610166E-17
9474.73100852239  7.582090E-17
9478.93732928502  7.501277E-17
9483.14365004765  8.238162E-17
9487.34997081028  5.325081E-17
9491.55629157291  3.782080E-17
9495.76261233554  4.685415E-17
9499.96893309817  5.060724E-17
9504.1752538608  5.862007E-17
9508.38157462343  6.601148E-17
9512.58789538606  7.462604E-17
9516.79421614869  5.737227E-17
9521.00053691132  9.199600E-17
9525.20685767395  5.927659E-17
9529.41317843658  6.097759E-17
9533.61949919921  6.825170E-17
9537.82581996184  8.383724E-17
9542.03214072447  6.457672E-17
9546.2384614871  7.336927E-17
9550.44478224973  9.317703E-17
9554.65110301236  8.352057E-17
9558.85742377499  8.595984E-17
9563.06374453762  8.794962E-17
9567.27006530025  7.148150E-17
9571.47638606288  5.970889E-17
9575.68270682551  6.470130E-17
9579.88902758814  7.412196E-17
9584.09534835077  7.232777E-17
9588.3016691134  6.265743E-17
9592.50798987603  6.819064E-17
9596.71431063866  5.987839E-17
9600.92063140129  5.437942E-17
9605.12695216392  7.463777E-17
9609.33327292655  7.280549E-17
9613.53959368918  6.696507E-17
9617.74591445181  6.910085E-17
9621.95223521444  5.858635E-17
9626.15855597707  7.647855E-17
9630.3648767397  6.877657E-17
9634.57119750233  6.618560E-17
9638.77751826496  5.532784E-17
9642.98383902759  4.882107E-17
9647.19015979022  6.102599E-17
9651.39648055285  5.002925E-17
9655.60280131548  6.145030E-17
9659.80912207811  7.188282E-17
9664.01544284074  5.657792E-17
9668.22176360337  6.196749E-17
9672.428084366  7.338798E-17
9676.63440512863  6.981284E-17
9680.84072589126  6.318606E-17
9685.04704665389  5.022932E-17
9689.25336741652  5.227326E-17
9693.45968817915  4.272911E-17
9697.66600894178  5.190427E-17
9701.87232970441  6.006125E-17
9706.07865046704  5.022759E-17
9710.28497122967  3.945504E-17
9714.4912919923  5.145248E-17
9718.69761275493  5.752131E-17
9722.90393351756  5.186041E-17
9727.11025428019  6.861680E-17
9731.31657504282  6.810388E-17
9735.52289580545  5.594687E-17
9739.72921656808  5.416918E-17
9743.93553733071  4.274093E-17
9748.14185809334  5.964030E-17
9752.34817885597  4.616224E-17
9756.5544996186  4.573451E-17
9760.76082038123  4.916061E-17
9764.96714114386  5.120622E-17
9769.17346190649  5.323885E-17
9773.37978266912  5.974245E-17
9777.58610343175  3.194615E-17
9781.79242419438  4.972435E-17
9785.99874495701  3.577479E-17
9790.20506571964  5.217568E-17
9794.41138648227  7.809247E-17
9798.6177072449  8.251267E-17
9802.82402800753  5.564322E-17
9807.03034877016  4.941324E-17
9811.23666953279  5.208571E-17
9815.44299029542  3.859923E-17
9819.64931105805  5.014212E-17
9823.85563182068  4.047161E-17
9828.06195258331  4.054828E-17
9832.26827334594  5.366457E-17
9836.47459410857  4.716673E-17
9840.6809148712  5.294365E-17
9844.88723563383  6.028038E-17
9849.09355639646  5.617425E-17
9853.29987715909  3.577449E-17
9857.50619792172  4.811547E-17
9861.71251868435  6.178866E-17
9865.91883944698  7.184740E-17
9870.12516020961  4.996426E-17
9874.33148097224  6.577204E-17
9878.53780173487  9.077413E-17
9882.7441224975  5.763713E-17
9886.95044326013  6.414004E-17
9891.15676402276  6.186362E-17
9895.36308478539  6.904277E-17
9899.56940554802  5.363474E-17
9903.77572631065  4.479671E-17
9907.98204707328  5.634988E-17
9912.18836783591  7.687474E-17
9916.39468859854  5.494803E-17
9920.60100936117  5.529010E-17
9924.8073301238  5.723732E-17
9929.01365088643  6.751213E-17
9933.21997164906  2.327591E-17
9937.42629241169  3.525355E-17
9941.63261317432  1.055752E-16
9945.83893393695  5.118544E-17
9950.04525469958  2.266864E-17
9954.25157546221  7.387702E-17
9958.45789622484  7.572787E-17
9962.66421698747  6.472696E-17
9966.8705377501  5.541752E-17
9971.07685851273  6.487436E-17
9975.28317927536  4.492902E-17
9979.48950003799  3.125861E-17
9983.69582080062  5.786494E-17
9987.90214156325  2.907041E-17
9992.10846232588  0.
