3349.36230469  2.094704E-16
3353.44205475104  2.080477E-16
3357.52180481208  2.553200E-16
3361.60155487312  2.226381E-16
3365.68130493416  2.275794E-16
3369.7610549952  2.186272E-16
3373.84080505624  1.906305E-16
3377.92055511728  2.673776E-16
3382.00030517832  1.781286E-16
3386.08005523936  2.631132E-16
3390.1598053004  2.135165E-16
3394.23955536144  2.415580E-16
3398.31930542248  2.216346E-16
3402.39905548352  2.185410E-16
3406.47880554456  2.950764E-16
3410.5585556056  2.291908E-16
3414.63830566664  2.235833E-16
3418.71805572768  2.550974E-16
3422.79780578872  2.232780E-16
3426.87755584976  2.271172E-16
3430.9573059108  2.521632E-16
3435.03705597184  2.373280E-16
3439.11680603288  1.935080E-16
3443.19655609392  2.281895E-16
3447.27630615496  1.886665E-16
3451.356056216  2.454816E-16
3455.43580627704  2.228513E-16
3459.51555633808  1.944562E-16
3463.59530639912  2.158783E-16
3467.67505646016  2.342964E-16
3471.7548065212  1.874129E-16
3475.83455658224  2.005002E-16
3479.91430664328  2.187428E-16
3483.99405670432  1.994436E-16
3488.07380676536  2.195858E-16
3492.1535568264  2.038935E-16
3496.23330688744  1.963854E-16
3500.31305694848  2.069285E-16
3504.39280700952  2.135794E-16
3508.47255707056  2.079517E-16
3512.5523071316  2.131446E-16
3516.63205719264  1.887350E-16
3520.71180725368  1.908757E-16
3524.79155731472  2.226959E-16
3528.87130737576  1.815563E-16
3532.9510574368  2.128143E-16
3537.03080749784  1.925927E-16
3541.11055755888  1.799258E-16
3545.19030761992  1.989290E-16
3549.27005768096  2.074517E-16
3553.349807742  1.992366E-16
3557.42955780304  2.003203E-16
3561.50930786408  1.955818E-16
3565.58905792512  2.096470E-16
3569.66880798616  1.871641E-16
3573.7485580472  2.061449E-16
3577.82830810824  1.917395E-16
3581.90805816928  1.856491E-16
3585.98780823032  1.865174E-16
3590.06755829136  1.934338E-16
3594.1473083524  2.033455E-16
3598.22705841344  1.959458E-16
3602.30680847448  2.088671E-16
3606.38655853552  1.951012E-16
3610.46630859656  1.725437E-16
3614.5460586576  1.805933E-16
3618.62580871864  1.859514E-16
3622.70555877968  1.923626E-16
3626.78530884072  1.844982E-16
3630.86505890176  1.744514E-16
3634.9448089628  1.786510E-16
3639.02455902384  1.972543E-16
3643.10430908488  1.919916E-16
3647.18405914592  1.707904E-16
3651.26380920696  1.837458E-16
3655.343559268  1.856195E-16
3659.42330932904  1.784247E-16
3663.50305939008  2.037643E-16
3667.58280945112  1.924713E-16
3671.66255951216  1.918924E-16
3675.7423095732  1.729637E-16
3679.82205963424  1.850250E-16
3683.90180969528  1.889410E-16
3687.98155975632  1.894146E-16
3692.06130981736  1.900111E-16
3696.1410598784  1.900509E-16
3700.22080993944  1.908693E-16
3704.30056000048  1.732563E-16
3708.38031006152  1.798901E-16
3712.46006012256  1.876059E-16
3716.5398101836  1.796799E-16
3720.61956024464  1.645687E-16
3724.69931030568  1.921036E-16
3728.77906036672  1.848974E-16
3732.85881042776  1.914596E-16
3736.9385604888  1.850255E-16
3741.01831054984  1.701288E-16
3745.09806061088  1.895720E-16
3749.17781067192  1.827464E-16
3753.25756073296  1.874517E-16
3757.337310794  1.891585E-16
3761.41706085504  1.764619E-16
3765.49681091608  1.697926E-16
3769.57656097712  1.829515E-16
3773.65631103816  1.755862E-16
3777.7360610992  1.752150E-16
3781.81581116024  1.694006E-16
3785.89556122128  1.680298E-16
3789.97531128232  1.680036E-16
3794.05506134336  1.595219E-16
3798.1348114044  1.615109E-16
3802.21456146544  1.646782E-16
3806.29431152648  1.585306E-16
3810.37406158752  1.803922E-16
3814.45381164856  1.756653E-16
3818.5335617096  1.752528E-16
3822.61331177064  1.655038E-16
3826.69306183168  1.756316E-16
3830.77281189272  1.678939E-16
3834.85256195376  1.574537E-16
3838.9323120148  1.562592E-16
3843.01206207584  1.733057E-16
3847.09181213688  1.726138E-16
3851.17156219792  1.524477E-16
3855.25131225896  1.626118E-16
3859.33106232  1.603303E-16
3863.41081238104  1.616444E-16
3867.49056244208  1.628038E-16
3871.57031250312  1.686282E-16
3875.65006256416  1.645839E-16
3879.7298126252  1.587208E-16
3883.80956268624  1.547299E-16
3887.88931274728  1.573776E-16
3891.96906280832  1.626641E-16
3896.04881286936  1.521210E-16
3900.1285629304  1.574536E-16
3904.20831299144  1.633546E-16
3908.28806305248  1.575448E-16
3912.36781311352  1.486729E-16
3916.44756317456  1.595570E-16
3920.5273132356  1.566921E-16
3924.60706329664  1.661452E-16
3928.68681335768  1.545630E-16
3932.76656341872  1.568256E-16
3936.84631347976  1.619424E-16
3940.9260635408  1.669384E-16
3945.00581360184  1.573717E-16
3949.08556366288  1.571267E-16
3953.16531372392  1.583244E-16
3957.24506378496  1.614026E-16
3961.324813846  1.513690E-16
3965.40456390704  1.499859E-16
3969.48431396808  1.481668E-16
3973.56406402912  1.586226E-16
3977.64381409016  1.572145E-16
3981.7235641512  1.487339E-16
3985.80331421224  1.523385E-16
3989.88306427328  1.689571E-16
3993.96281433432  1.547682E-16
3998.04256439536  1.571450E-16
4002.1223144564  1.527512E-16
4006.20206451744  1.488549E-16
4010.28181457848  1.576294E-16
4014.36156463952  1.553451E-16
4018.44131470056  1.583902E-16
4022.5210647616  1.699308E-16
4026.60081482264  1.535686E-16
4030.68056488368  1.606285E-16
4034.76031494472  1.561900E-16
4038.84006500576  1.523598E-16
4042.9198150668  1.557843E-16
4046.99956512784  1.553229E-16
4051.07931518888  1.560395E-16
4055.15906524992  1.480749E-16
4059.23881531096  1.487771E-16
4063.318565372  1.509306E-16
4067.39831543304  1.660483E-16
4071.47806549408  1.696534E-16
4075.55781555512  1.489602E-16
4079.63756561616  1.379398E-16
4083.7173156772  1.449180E-16
4087.79706573824  1.490007E-16
4091.87681579928  1.438242E-16
4095.95656586032  1.386653E-16
4100.03631592136  1.517589E-16
4104.1160659824  1.559537E-16
4108.19581604344  1.464798E-16
4112.27556610448  1.499723E-16
4116.35531616552  1.521913E-16
4120.43506622656  1.544351E-16
4124.5148162876  1.482388E-16
4128.59456634864  1.547385E-16
4132.67431640968  1.509430E-16
4136.75406647072  1.393244E-16
4140.83381653176  1.450396E-16
4144.9135665928  1.453559E-16
4148.99331665384  1.463428E-16
4153.07306671488  1.474013E-16
4157.15281677592  1.441236E-16
4161.23256683696  1.516401E-16
4165.312316898  1.447887E-16
4169.39206695904  1.486282E-16
4173.47181702008  1.455489E-16
4177.55156708112  1.319211E-16
4181.63131714216  1.318799E-16
4185.7110672032  1.481612E-16
4189.79081726424  1.444738E-16
4193.87056732528  1.478958E-16
4197.95031738632  1.432101E-16
4202.03006744736  1.517370E-16
4206.1098175084  1.524486E-16
4210.18956756944  1.495356E-16
4214.26931763048  1.394117E-16
4218.34906769152  1.365272E-16
4222.42881775256  1.447252E-16
4226.5085678136  1.421908E-16
4230.58831787464  1.411576E-16
4234.66806793568  1.428436E-16
4238.74781799672  1.318808E-16
4242.82756805776  1.415479E-16
4246.9073181188  1.359446E-16
4250.98706817984  1.390956E-16
4255.06681824088  1.413522E-16
4259.14656830192  1.408884E-16
4263.22631836296  1.437526E-16
4267.306068424  1.424224E-16
4271.38581848504  1.334146E-16
4275.46556854608  1.503703E-16
4279.54531860712  1.385747E-16
4283.62506866816  1.320183E-16
4287.7048187292  1.315026E-16
4291.78456879024  1.333008E-16
4295.86431885128  1.258430E-16
4299.94406891232  1.290463E-16
4304.02381897336  1.314469E-16
4308.1035690344  1.361598E-16
4312.18331909544  1.434762E-16
4316.26306915648  1.366181E-16
4320.34281921752  1.345174E-16
4324.42256927856  1.336939E-16
4328.5023193396  1.317968E-16
4332.58206940064  1.425247E-16
4336.66181946168  1.316674E-16
4340.74156952272  1.388280E-16
4344.82131958376  1.393068E-16
4348.9010696448  1.426057E-16
4352.98081970584  1.501626E-16
4357.06056976688  1.474800E-16
4361.14031982792  1.371038E-16
4365.22006988896  1.463517E-16
4369.29981995  1.312700E-16
4373.37957001104  1.426105E-16
4377.45932007208  1.513784E-16
4381.53907013312  1.460084E-16
4385.61882019416  1.446217E-16
4389.6985702552  1.473427E-16
4393.77832031624  1.537826E-16
4397.85807037728  1.480328E-16
4401.93782043832  1.454724E-16
4406.01757049936  1.494018E-16
4410.0973205604  1.374364E-16
4414.17707062144  1.446034E-16
4418.25682068248  1.416769E-16
4422.33657074352  1.471234E-16
4426.41632080456  1.500598E-16
4430.4960708656  1.432268E-16
4434.57582092664  1.419545E-16
4438.65557098768  1.478402E-16
4442.73532104872  1.350677E-16
4446.81507110976  1.365558E-16
4450.8948211708  1.428374E-16
4454.97457123184  1.337422E-16
4459.05432129288  1.503787E-16
4463.13407135392  1.447444E-16
4467.21382141496  1.332992E-16
4471.293571476  1.420967E-16
4475.37332153704  1.265603E-16
4479.45307159808  1.370402E-16
4483.53282165912  1.363952E-16
4487.61257172016  1.451006E-16
4491.6923217812  1.414492E-16
4495.77207184224  1.345388E-16
4499.85182190328  1.401318E-16
4503.93157196432  1.362139E-16
4508.01132202536  1.359487E-16
4512.0910720864  1.331777E-16
4516.17082214744  1.336593E-16
4520.25057220848  1.293313E-16
4524.33032226952  1.342353E-16
4528.41007233056  1.284397E-16
4532.4898223916  1.316658E-16
4536.56957245264  1.395600E-16
4540.64932251368  1.371041E-16
4544.72907257472  1.311368E-16
4548.80882263576  1.279465E-16
4552.8885726968  1.350528E-16
4556.96832275785  1.317100E-16
4561.04807281888  1.231745E-16
4565.12782287992  1.223712E-16
4569.20757294096  1.218207E-16
4573.287323002  1.254019E-16
4577.36707306304  1.252238E-16
4581.44682312408  1.339535E-16
4585.52657318512  1.339739E-16
4589.60632324616  1.393259E-16
4593.68607330721  1.322486E-16
4597.76582336824  1.361065E-16
4601.84557342928  1.272518E-16
4605.92532349032  1.370054E-16
4610.00507355136  1.262414E-16
4614.0848236124  1.255897E-16
4618.16457367345  1.329895E-16
4622.24432373448  1.255370E-16
4626.32407379552  1.334631E-16
4630.40382385656  1.316282E-16
4634.4835739176  1.344266E-16
4638.56332397864  1.339855E-16
4642.64307403968  1.234379E-16
4646.72282410072  1.219703E-16
4650.80257416176  1.288941E-16
4654.88232422281  1.260070E-16
4658.96207428384  1.280207E-16
4663.04182434488  1.350569E-16
4667.12157440592  1.217495E-16
4671.20132446696  1.261967E-16
4675.281074528  1.246181E-16
4679.36082458905  1.333150E-16
4683.44057465008  1.146948E-16
4687.52032471112  1.204633E-16
4691.60007477217  1.167325E-16
4695.6798248332  1.158572E-16
4699.75957489424  1.230299E-16
4703.83932495528  1.265665E-16
4707.91907501632  1.267610E-16
4711.99882507736  1.265072E-16
4716.07857513841  1.253666E-16
4720.15832519944  1.210557E-16
4724.23807526048  1.227890E-16
4728.31782532152  1.229906E-16
4732.39757538256  1.233987E-16
4736.4773254436  1.287765E-16
4740.55707550465  1.254284E-16
4744.63682556568  1.239165E-16
4748.71657562672  1.176551E-16
4752.79632568777  1.202113E-16
4756.8760757488  1.245306E-16
4760.95582580984  1.302502E-16
4765.03557587088  1.233121E-16
4769.11532593192  1.203038E-16
4773.19507599296  1.248335E-16
4777.274826054  1.237810E-16
4781.35457611504  1.178316E-16
4785.43432617608  1.194356E-16
4789.51407623712  1.228909E-16
4793.59382629816  1.198507E-16
4797.6735763592  1.180858E-16
4801.75332642024  1.202383E-16
4805.83307648128  1.148465E-16
4809.91282654232  1.232798E-16
4813.99257660336  1.214329E-16
4818.07232666441  1.238896E-16
4822.15207672544  1.249627E-16
4826.23182678648  1.233868E-16
4830.31157684752  1.163012E-16
4834.39132690856  1.146064E-16
4838.4710769696  1.242808E-16
4842.55082703064  1.171562E-16
4846.63057709168  1.197939E-16
4850.71032715272  1.156308E-16
4854.79007721376  1.178200E-16
4858.8698272748  1.196586E-16
4862.94957733584  1.127315E-16
4867.02932739688  1.111690E-16
4871.10907745792  1.117677E-16
4875.18882751896  1.210822E-16
4879.26857758  1.151667E-16
4883.34832764104  1.084866E-16
4887.42807770208  1.282526E-16
4891.50782776312  1.296985E-16
4895.58757782416  1.193966E-16
4899.6673278852  1.157502E-16
4903.74707794624  1.235532E-16
4907.82682800728  1.324102E-16
4911.90657806832  1.212054E-16
4915.98632812936  1.252704E-16
4920.0660781904  1.212570E-16
4924.14582825144  1.204287E-16
4928.22557831248  1.256610E-16
4932.30532837352  1.256515E-16
4936.38507843456  1.236080E-16
4940.4648284956  1.275675E-16
4944.54457855664  1.232791E-16
4948.62432861768  1.244532E-16
4952.70407867872  1.235222E-16
4956.78382873976  1.338957E-16
4960.8635788008  1.248482E-16
4964.94332886184  1.220726E-16
4969.02307892288  1.259792E-16
4973.10282898392  1.232407E-16
4977.18257904496  1.250092E-16
4981.262329106  1.289581E-16
4985.34207916704  1.321361E-16
4989.42182922808  1.267721E-16
4993.50157928912  1.345137E-16
4997.58132935016  1.264535E-16
5001.6610794112  1.344064E-16
5005.74082947224  1.360328E-16
5009.82057953329  1.261129E-16
5013.90032959433  1.220520E-16
5017.98007965536  1.304470E-16
5022.0598297164  1.269147E-16
5026.13957977744  1.287605E-16
5030.21932983848  1.297413E-16
5034.29907989953  1.304547E-16
5038.37882996056  1.252485E-16
5042.4585800216  1.209648E-16
5046.53833008265  1.232622E-16
5050.61808014368  1.290607E-16
5054.69783020472  1.309453E-16
5058.77758026576  1.234381E-16
5062.8573303268  1.235464E-16
5066.93708038785  1.248877E-16
5071.01683044889  1.156218E-16
5075.09658050992  1.147556E-16
5079.17633057097  1.229580E-16
5083.256080632  1.216983E-16
5087.33583069305  1.248588E-16
5091.41558075408  1.203001E-16
5095.49533081512  1.176201E-16
5099.57508087616  1.254321E-16
5103.6548309372  1.168165E-16
5107.73458099825  1.206229E-16
5111.81433105928  1.258236E-16
5115.89408112032  1.232061E-16
5119.97383118137  1.262910E-16
5124.0535812424  1.300033E-16
5128.13333130345  1.268244E-16
5132.21308136449  1.185421E-16
5136.29283142552  1.201668E-16
5140.37258148657  1.231392E-16
5144.45233154761  1.189752E-16
5148.53208160864  1.263292E-16
5152.61183166969  1.314782E-16
5156.69158173072  1.313022E-16
5160.77133179176  1.197005E-16
5164.85108185281  1.115837E-16
5168.93083191385  1.222271E-16
5173.01058197488  1.248723E-16
5177.09033203593  1.219237E-16
5181.17008209696  1.271031E-16
5185.249832158  1.267341E-16
5189.32958221905  1.141535E-16
5193.40933228009  1.161350E-16
5197.48908234112  1.188132E-16
5201.56883240217  1.193941E-16
5205.64858246321  1.156662E-16
5209.72833252424  1.207240E-16
5213.80808258529  1.209027E-16
5217.88783264632  1.254308E-16
5221.96758270736  1.154156E-16
5226.04733276841  1.179007E-16
5230.12708282945  1.131628E-16
5234.20683289049  1.112147E-16
5238.28658295153  1.205254E-16
5242.36633301257  1.210649E-16
5246.4460830736  1.158324E-16
5250.52583313465  1.202070E-16
5254.60558319569  1.182600E-16
5258.68533325672  1.179325E-16
5262.76508331777  1.125354E-16
5266.84483337881  1.097406E-16
5270.92458343985  1.103488E-16
5275.00433350089  1.083718E-16
5279.08408356192  1.170190E-16
5283.16383362296  1.189077E-16
5287.24358368401  1.101570E-16
5291.32333374505  1.138006E-16
5295.40308380608  1.160761E-16
5299.48283386713  1.251689E-16
5303.56258392817  1.209825E-16
5307.64233398921  1.078496E-16
5311.72208405025  1.176403E-16
5315.80183411129  1.173263E-16
5319.88158417232  1.098068E-16
5323.96133423337  1.145967E-16
5328.04108429441  1.076758E-16
5332.12083435544  1.017189E-16
5336.20058441649  1.030723E-16
5340.28033447753  1.140877E-16
5344.36008453856  1.154154E-16
5348.43983459961  1.133320E-16
5352.51958466065  1.133079E-16
5356.59933472168  1.069739E-16
5360.67908478273  1.129596E-16
5364.75883484377  1.036512E-16
5368.8385849048  1.019268E-16
5372.91833496585  1.110441E-16
5376.99808502689  1.094205E-16
5381.07783508792  1.070437E-16
5385.15758514897  1.066877E-16
5389.23733521001  1.055992E-16
5393.31708527105  1.040782E-16
5397.39683533209  1.103047E-16
5401.47658539313  1.130239E-16
5405.55633545416  1.065203E-16
5409.63608551521  1.032211E-16
5413.71583557625  9.766794E-17
5417.79558563728  9.881158E-17
5421.87533569833  1.110906E-16
5425.95508575937  1.054180E-16
5430.0348358204  1.085118E-16
5434.11458588145  1.112498E-16
5438.19433594249  9.665958E-17
5442.27408600352  1.097862E-16
5446.35383606457  1.101922E-16
5450.43358612561  1.046258E-16
5454.51333618664  1.004913E-16
5458.59308624769  1.101650E-16
5462.67283630873  1.099829E-16
5466.75258636977  1.021263E-16
5470.83233643081  9.982792E-17
5474.91208649185  1.046927E-16
5478.99183655288  9.529463E-17
5483.07158661393  1.017943E-16
5487.15133667497  1.042818E-16
5491.231086736  9.784594E-17
5495.31083679705  1.002006E-16
5499.39058685809  1.028393E-16
5503.47033691912  1.089382E-16
5507.55008698017  1.018960E-16
5511.62983704121  9.698372E-17
5515.70958710224  1.024752E-16
5519.78933716329  1.009777E-16
5523.86908722433  9.607525E-17
5527.94883728536  9.859825E-17
5532.02858734641  1.043082E-16
5536.10833740745  9.766771E-17
5540.18808746849  9.556411E-17
5544.26783752953  1.002586E-16
5548.34758759056  1.054668E-16
5552.4273376516  1.028108E-16
5556.50708771265  1.029492E-16
5560.58683777369  9.734381E-17
5564.66658783472  9.578784E-17
5568.74633789577  8.673540E-17
5572.8260879568  9.814297E-17
5576.90583801785  1.058925E-16
5580.98558807889  8.858161E-17
5585.06533813992  8.936309E-17
5589.14508820096  9.856416E-17
5593.22483826201  9.505236E-17
5597.30458832305  9.890284E-17
5601.38433838409  1.013680E-16
5605.46408844513  9.800512E-17
5609.54383850616  8.903595E-17
5613.62358856721  9.118873E-17
5617.70333862825  9.509435E-17
5621.78308868928  1.014727E-16
5625.86283875032  9.255024E-17
5629.94258881137  8.771934E-17
5634.0223388724  9.049819E-17
5638.10208893344  8.837213E-17
5642.18183899449  8.609201E-17
5646.26158905553  9.028187E-17
5650.34133911657  9.034608E-17
5654.42108917761  8.648024E-17
5658.50083923864  9.140166E-17
5662.58058929969  9.481605E-17
5666.66033936073  9.217426E-17
5670.74008942176  9.674816E-17
5674.8198394828  9.475008E-17
5678.89958954385  8.493801E-17
5682.97933960488  9.431379E-17
5687.05908966593  9.938889E-17
5691.13883972697  1.012306E-16
5695.218589788  9.907374E-17
5699.29833984905  9.666225E-17
5703.37808991009  9.878775E-17
5707.45783997112  8.909887E-17
5711.53759003216  9.464769E-17
5715.61734009321  9.347161E-17
5719.69709015425  9.229323E-17
5723.77684021529  8.649321E-17
5727.85659027633  9.064170E-17
5731.93634033736  8.946618E-17
5736.0160903984  9.043443E-17
5740.09584045945  9.093213E-17
5744.17559052048  8.254967E-17
5748.25534058152  9.321357E-17
5752.33509064257  9.560800E-17
5756.4148407036  9.398533E-17
5760.49459076465  9.091022E-17
5764.57434082568  8.510562E-17
5768.65409088672  9.102416E-17
5772.73384094777  8.295289E-17
5776.81359100881  8.532389E-17
5780.89334106984  7.978022E-17
5784.97309113089  9.083510E-17
5789.05284119193  9.256296E-17
5793.13259125297  9.308667E-17
5797.212341314  9.322599E-17
5801.29209137504  8.967237E-17
5805.37184143608  8.841573E-17
5809.45159149712  8.869248E-17
5813.53134155817  9.131963E-17
5817.6110916192  9.102894E-17
5821.69084168025  8.572038E-17
5825.77059174129  8.276254E-17
5829.85034180233  9.234130E-17
5833.93009186336  9.447111E-17
5838.00984192441  9.012196E-17
5842.08959198544  8.097033E-17
5846.16934204649  9.037824E-17
5850.24909210753  9.473716E-17
5854.32884216857  9.045599E-17
5858.40859222961  8.726106E-17
5862.48834229064  9.524638E-17
5866.56809235169  9.351295E-17
5870.64784241272  8.991080E-17
5874.72759247377  9.143726E-17
5878.8073425348  8.076725E-17
5882.88709259585  8.139877E-17
5886.96684265689  9.492693E-17
5891.04659271793  9.779737E-17
5895.12634277896  8.787898E-17
5899.20609284001  8.440985E-17
5903.28584290105  9.257185E-17
5907.36559296209  9.004690E-17
5911.44534302313  8.439098E-17
5915.52509308417  8.577102E-17
5919.60484314521  8.703293E-17
5923.68459320625  8.061191E-17
5927.76434326728  9.138493E-17
5931.84409332832  8.891202E-17
5935.92384338937  8.618458E-17
5940.00359345041  8.915508E-17
5944.08334351145  8.860839E-17
5948.16309357249  8.050748E-17
5952.24284363353  8.409450E-17
5956.32259369457  8.555862E-17
5960.40234375561  8.648668E-17
5964.48209381664  8.691291E-17
5968.56184387769  8.819546E-17
5972.64159393873  8.794623E-17
5976.72134399977  7.964343E-17
5980.80109406081  8.282194E-17
5984.88084412185  8.734487E-17
5988.96059418289  8.653467E-17
5993.04034424393  8.566003E-17
5997.12009430497  8.677422E-17
6001.199844366  8.948022E-17
6005.27959442705  8.177185E-17
6009.35934448809  8.819455E-17
6013.43909454913  9.426135E-17
6017.51884461017  8.657537E-17
6021.59859467121  9.325651E-17
6025.67834473225  8.847686E-17
6029.75809479329  8.539862E-17
6033.83784485433  8.477048E-17
6037.91759491537  8.623111E-17
6041.99734497641  9.048962E-17
6046.07709503745  8.590409E-17
6050.15684509849  8.386110E-17
6054.23659515953  9.264257E-17
6058.31634522057  9.285101E-17
6062.3960952816  8.635645E-17
6066.47584534265  8.555859E-17
6070.55559540369  8.297117E-17
6074.63534546473  8.921203E-17
6078.71509552577  9.884741E-17
6082.79484558681  8.978490E-17
6086.87459564785  8.615927E-17
6090.95434570889  9.495474E-17
6095.03409576993  9.024076E-17
6099.11384583097  8.151641E-17
6103.19359589201  8.879095E-17
6107.27334595305  9.058505E-17
6111.35309601409  8.266319E-17
6115.43284607513  8.219133E-17
6119.51259613617  9.438202E-17
6123.5923461972  9.116127E-17
6127.67209625825  8.542762E-17
6131.75184631929  8.914016E-17
6135.83159638033  8.474997E-17
6139.91134644137  8.407457E-17
6143.99109650241  8.771065E-17
6148.07084656345  8.586747E-17
6152.15059662449  8.231671E-17
6156.23034668553  8.376650E-17
6160.31009674657  8.394601E-17
6164.38984680761  8.223134E-17
6168.46959686865  8.329250E-17
6172.54934692969  7.759885E-17
6176.62909699073  8.018766E-17
6180.70884705177  7.991676E-17
6184.78859711281  8.864778E-17
6188.86834717385  9.118944E-17
6192.94809723489  8.185124E-17
6197.02784729593  8.433664E-17
6201.10759735697  8.530882E-17
6205.18734741801  8.475586E-17
6209.26709747905  8.771226E-17
6213.34684754009  8.095550E-17
6217.42659760113  8.118353E-17
6221.50634766217  8.592114E-17
6225.58609772321  8.717303E-17
6229.66584778425  9.120488E-17
6233.74559784529  8.223095E-17
6237.82534790633  7.734216E-17
6241.90509796737  8.268812E-17
6245.98484802841  8.785747E-17
6250.06459808945  9.040351E-17
6254.14434815049  8.158206E-17
6258.22409821153  8.749886E-17
6262.30384827257  9.364417E-17
6266.38359833361  7.844098E-17
6270.46334839465  8.598429E-17
6274.54309845569  7.044346E-17
6278.62284851673  7.167575E-17
6282.70259857777  8.552001E-17
6286.78234863881  8.477940E-17
6290.86209869985  8.271811E-17
6294.94184876089  8.641715E-17
6299.02159882193  7.554583E-17
6303.10134888297  8.098323E-17
6307.18109894401  8.974168E-17
6311.26084900505  8.143379E-17
6315.34059906609  7.147316E-17
6319.42034912713  7.894477E-17
6323.50009918817  8.810846E-17
6327.57984924921  7.468361E-17
6331.65959931025  7.909342E-17
6335.73934937129  8.493698E-17
6339.81909943233  7.520093E-17
6343.89884949337  7.758587E-17
6347.97859955441  8.387636E-17
6352.05834961545  8.985376E-17
6356.13809967649  8.900246E-17
6360.21784973753  8.752833E-17
6364.29759979857  8.935816E-17
6368.37734985961  8.961615E-17
6372.45709992065  8.701822E-17
6376.53684998169  7.718571E-17
6380.61660004273  7.549560E-17
6384.69635010377  8.282604E-17
6388.77610016481  8.346283E-17
6392.85585022585  8.573655E-17
6396.93560028689  9.269577E-17
6401.01535034792  8.518886E-17
6405.09510040897  8.395163E-17
6409.17485047001  8.705038E-17
6413.25460053105  8.409145E-17
6417.33435059209  8.669117E-17
6421.41410065313  8.212379E-17
6425.49385071417  7.424195E-17
6429.57360077521  7.489395E-17
6433.65335083625  7.233155E-17
6437.73310089729  7.750923E-17
6441.81285095833  8.655961E-17
6445.89260101937  8.676631E-17
6449.9723510804  8.645039E-17
6454.05210114145  7.660444E-17
6458.13185120249  8.708751E-17
6462.21160126352  8.949493E-17
6466.29135132457  7.646921E-17
6470.37110138561  7.967956E-17
6474.45085144665  8.902472E-17
6478.53060150769  8.754567E-17
6482.61035156873  7.930543E-17
6486.69010162976  7.413312E-17
6490.76985169081  8.584414E-17
6494.84960175185  8.004394E-17
6498.92935181289  7.637320E-17
6503.00910187393  8.967776E-17
6507.08885193497  8.460266E-17
6511.168601996  7.663787E-17
6515.24835205705  7.894322E-17
6519.32810211809  7.848713E-17
6523.40785217912  8.769486E-17
6527.48760224017  8.656660E-17
6531.56735230121  7.453200E-17
6535.64710236225  7.463065E-17
6539.72685242329  7.630729E-17
6543.80660248433  7.454089E-17
6547.88635254536  8.296656E-17
6551.96610260641  7.885824E-17
6556.04585266745  7.599603E-17
6560.12560272849  6.501335E-17
6564.20535278953  7.767496E-17
6568.28510285057  7.953841E-17
6572.36485291161  7.811178E-17
6576.44460297265  7.495066E-17
6580.52435303369  7.837023E-17
6584.60410309472  7.797102E-17
6588.68385315577  7.252725E-17
6592.76360321681  7.850035E-17
6596.84335327785  7.725912E-17
6600.92310333889  7.078750E-17
6605.00285339993  7.247117E-17
6609.08260346097  8.131956E-17
6613.16235352201  7.581489E-17
6617.24210358305  7.667829E-17
6621.32185364409  8.383698E-17
6625.40160370513  7.816809E-17
6629.48135376617  7.976122E-17
6633.56110382721  7.806029E-17
6637.64085388825  7.286275E-17
6641.72060394929  7.770515E-17
6645.80035401033  7.787624E-17
6649.88010407137  7.483160E-17
6653.95985413241  7.592877E-17
6658.03960419345  7.520344E-17
6662.11935425449  7.910843E-17
6666.19910431553  7.895868E-17
6670.27885437657  7.485145E-17
6674.35860443761  7.394750E-17
6678.43835449865  7.174565E-17
6682.51810455969  7.423339E-17
6686.59785462073  7.646604E-17
6690.67760468177  7.431909E-17
6694.75735474281  8.118223E-17
6698.83710480385  8.422913E-17
6702.91685486489  8.239569E-17
6706.99660492592  6.884516E-17
6711.07635498697  8.368038E-17
6715.15610504801  8.620230E-17
6719.23585510905  7.698214E-17
6723.31560517009  7.805477E-17
6727.39535523113  8.180390E-17
6731.47510529217  7.770953E-17
6735.55485535321  7.572340E-17
6739.63460541425  8.007763E-17
6743.71435547529  7.851800E-17
6747.79410553633  8.611525E-17
6751.87385559737  8.050887E-17
6755.95360565841  7.466936E-17
6760.03335571945  8.107762E-17
6764.11310578049  8.192630E-17
6768.19285584153  7.705356E-17
6772.27260590257  7.610220E-17
6776.35235596361  7.589527E-17
6780.43210602465  7.014907E-17
6784.51185608569  7.432606E-17
6788.59160614673  8.002751E-17
6792.67135620777  7.347363E-17
6796.75110626881  7.125259E-17
6800.83085632985  7.931432E-17
6804.91060639089  7.383791E-17
6808.99035645193  7.286300E-17
6813.07010651297  7.459697E-17
6817.14985657401  7.472916E-17
6821.22960663505  7.382066E-17
6825.30935669609  7.827455E-17
6829.38910675713  7.205862E-17
6833.46885681817  7.905089E-17
6837.54860687921  8.110979E-17
6841.62835694025  7.557225E-17
6845.70810700129  7.318297E-17
6849.78785706233  7.844449E-17
6853.86760712337  8.122325E-17
6857.94735718441  8.223724E-17
6862.02710724545  8.400983E-17
6866.10685730649  7.958174E-17
6870.18660736753  8.235586E-17
6874.26635742857  7.480347E-17
6878.34610748961  6.947128E-17
6882.42585755065  9.202355E-17
6886.50560761169  8.319602E-17
6890.58535767273  7.420254E-17
6894.66510773377  7.133702E-17
6898.74485779481  7.487563E-17
6902.82460785585  8.157913E-17
6906.90435791689  8.426028E-17
6910.98410797793  8.637579E-17
6915.06385803897  8.758223E-17
6919.14360810001  8.375041E-17
6923.22335816105  6.958385E-17
6927.30310822209  9.154265E-17
6931.38285828313  8.823512E-17
6935.46260834417  8.089488E-17
6939.54235840521  8.623769E-17
6943.62210846625  8.288639E-17
6947.70185852729  7.711241E-17
6951.78160858833  7.625038E-17
6955.86135864937  8.194733E-17
6959.94110871041  8.545615E-17
6964.02085877145  8.904078E-17
6968.10060883249  8.996991E-17
6972.18035889353  8.181635E-17
6976.26010895457  8.196772E-17
6980.33985901561  8.190155E-17
6984.41960907665  8.249004E-17
6988.49935913769  8.569388E-17
6992.57910919873  7.941849E-17
6996.65885925977  8.537428E-17
7000.73860932081  7.781091E-17
7004.81835938185  7.823374E-17
7008.89810944289  8.708090E-17
7012.97785950393  7.793669E-17
7017.05760956497  8.385851E-17
7021.13735962601  8.974708E-17
7025.21710968705  8.425222E-17
7029.29685974809  8.695376E-17
7033.37660980913  7.204424E-17
7037.45635987017  7.474047E-17
7041.53610993121  8.068190E-17
7045.61585999225  8.400057E-17
7049.69561005329  8.528357E-17
7053.77536011433  8.275740E-17
7057.85511017537  8.090745E-17
7061.93486023641  7.312349E-17
7066.01461029745  7.564227E-17
7070.09436035849  9.241087E-17
7074.17411041953  8.482881E-17
7078.25386048057  8.566398E-17
7082.33361054161  7.915965E-17
7086.41336060265  9.077311E-17
7090.49311066369  8.831169E-17
7094.57286072473  7.217634E-17
7098.65261078577  9.050652E-17
7102.73236084681  8.340524E-17
7106.81211090785  7.425463E-17
7110.89186096889  8.610973E-17
7114.97161102993  8.568895E-17
7119.05136109097  8.184494E-17
7123.13111115201  8.064930E-17
7127.21086121305  7.992557E-17
7131.29061127409  8.650623E-17
7135.37036133513  8.719865E-17
7139.45011139617  8.898400E-17
7143.52986145721  8.492982E-17
7147.60961151825  9.417642E-17
7151.68936157929  1.042936E-16
7155.76911164033  1.119833E-16
7159.84886170137  1.198068E-16
7163.92861176241  1.091528E-16
7168.00836182345  8.869407E-17
7172.08811188449  7.931845E-17
7176.16786194553  8.912336E-17
7180.24761200657  1.055130E-16
7184.32736206761  1.033567E-16
7188.40711212865  9.376438E-17
7192.48686218969  8.317045E-17
7196.56661225073  8.033544E-17
7200.64636231177  7.760079E-17
7204.72611237281  7.337905E-17
7208.80586243385  7.632694E-17
7212.88561249489  7.284886E-17
7216.96536255593  7.425285E-17
7221.04511261697  8.438364E-17
7225.12486267801  8.316363E-17
7229.20461273905  7.439746E-17
7233.28436280009  6.911128E-17
7237.36411286113  7.770997E-17
7241.44386292217  8.495345E-17
7245.52361298321  8.857093E-17
7249.60336304425  8.489484E-17
7253.68311310529  7.163569E-17
7257.76286316633  7.260509E-17
7261.84261322737  7.525103E-17
7265.92236328841  7.524444E-17
7270.00211334945  7.056902E-17
7274.08186341049  6.313618E-17
7278.16161347153  6.566641E-17
7282.24136353257  6.932746E-17
7286.32111359361  7.980643E-17
7290.40086365465  7.662611E-17
7294.48061371569  6.918404E-17
7298.56036377673  7.390906E-17
7302.64011383777  8.022594E-17
7306.71986389881  6.996417E-17
7310.79961395985  6.739034E-17
7314.87936402089  6.885770E-17
7318.95911408193  7.023769E-17
7323.03886414297  8.137906E-17
7327.11861420401  7.861321E-17
7331.19836426505  7.283215E-17
7335.27811432609  7.588020E-17
7339.35786438713  7.587603E-17
7343.43761444817  7.824475E-17
7347.51736450921  7.909207E-17
7351.59711457025  7.661592E-17
7355.67686463129  7.531093E-17
7359.75661469233  6.748896E-17
7363.83636475337  7.431650E-17
7367.91611481441  7.852979E-17
7371.99586487545  7.005365E-17
7376.07561493649  6.996514E-17
7380.15536499753  6.679912E-17
7384.23511505857  6.394851E-17
7388.31486511961  6.232936E-17
7392.39461518065  6.564567E-17
7396.47436524169  7.634561E-17
7400.55411530273  6.778106E-17
7404.63386536377  7.707734E-17
7408.71361542481  7.100049E-17
7412.79336548585  7.147988E-17
7416.87311554689  7.040913E-17
7420.95286560793  6.617423E-17
7425.03261566897  7.316594E-17
7429.11236573001  7.341379E-17
7433.19211579105  6.871620E-17
7437.27186585209  6.826573E-17
7441.35161591313  6.741089E-17
7445.43136597417  6.541585E-17
7449.51111603521  6.853207E-17
7453.59086609625  7.438266E-17
7457.67061615729  6.929160E-17
7461.75036621833  7.042585E-17
7465.83011627937  0.
7469.90986634041  0.
