3655.22827148  1.104495E-16
3660.74650287191  9.511178E-17
3666.26473426382  1.047947E-16
3671.78296565573  1.121639E-16
3677.30119704764  8.236951E-17
3682.81942843955  9.877323E-17
3688.33765983146  1.118733E-16
3693.85589122337  1.249648E-16
3699.37412261528  1.010498E-16
3704.89235400719  9.680794E-17
3710.4105853991  9.769247E-17
3715.92881679101  1.013253E-16
3721.44704818292  1.137201E-16
3726.96527957483  1.068474E-16
3732.48351096674  1.174888E-16
3738.00174235865  1.110300E-16
3743.51997375056  1.138201E-16
3749.03820514247  1.047393E-16
3754.55643653438  9.555341E-17
3760.07466792629  9.009570E-17
3765.5928993182  8.706605E-17
3771.11113071011  1.130978E-16
3776.62936210202  1.095848E-16
3782.14759349393  9.919245E-17
3787.66582488584  9.549514E-17
3793.18405627775  9.527632E-17
3798.70228766966  9.724250E-17
3804.22051906157  9.133320E-17
3809.73875045348  7.848855E-17
3815.25698184539  9.793834E-17
3820.7752132373  1.047323E-16
3826.29344462921  9.285666E-17
3831.81167602112  9.011552E-17
3837.32990741303  9.141133E-17
3842.84813880494  9.462259E-17
3848.36637019685  8.768895E-17
3853.88460158876  8.750539E-17
3859.40283298067  9.352639E-17
3864.92106437258  9.248678E-17
3870.43929576449  1.041027E-16
3875.9575271564  1.071812E-16
3881.47575854831  9.493973E-17
3886.99398994022  9.928092E-17
3892.51222133213  9.363311E-17
3898.03045272404  9.811727E-17
3903.54868411595  7.338892E-17
3909.06691550786  7.408108E-17
3914.58514689977  9.425545E-17
3920.10337829168  8.716530E-17
3925.62160968359  9.020384E-17
3931.1398410755  9.553706E-17
3936.65807246741  8.874011E-17
3942.17630385932  9.241428E-17
3947.69453525123  8.745537E-17
3953.21276664314  9.146266E-17
3958.73099803505  8.040282E-17
3964.24922942696  9.767433E-17
3969.76746081887  1.049019E-16
3975.28569221078  8.668467E-17
3980.80392360269  9.233007E-17
3986.3221549946  9.336141E-17
3991.84038638651  8.329144E-17
3997.35861777842  8.540633E-17
4002.87684917033  8.461699E-17
4008.39508056224  8.096251E-17
4013.91331195415  8.568244E-17
4019.43154334606  1.166232E-16
4024.94977473797  8.961593E-17
4030.46800612988  9.909206E-17
4035.98623752179  8.405115E-17
4041.5044689137  7.705448E-17
4047.02270030561  8.639843E-17
4052.54093169752  9.046285E-17
4058.05916308943  1.113713E-16
4063.57739448134  9.570294E-17
4069.09562587325  1.001613E-16
4074.61385726516  1.110559E-16
4080.13208865707  9.311838E-17
4085.65032004898  9.643892E-17
4091.16855144089  9.233674E-17
4096.6867828328  9.233396E-17
4102.20501422471  1.033792E-16
4107.72324561662  9.437824E-17
4113.24147700853  9.267745E-17
4118.75970840044  9.092866E-17
4124.27793979235  9.188824E-17
4129.79617118426  8.815376E-17
4135.31440257617  9.832771E-17
4140.83263396808  1.023451E-16
4146.35086535999  8.818406E-17
4151.8690967519  8.179597E-17
4157.38732814381  8.739033E-17
4162.90555953572  7.930314E-17
4168.42379092763  8.534364E-17
4173.94202231954  1.073964E-16
4179.46025371145  9.109460E-17
4184.97848510336  7.819377E-17
4190.49671649527  8.386121E-17
4196.01494788718  9.706740E-17
4201.53317927909  8.857100E-17
4207.051410671  8.462125E-17
4212.56964206291  9.325661E-17
4218.08787345482  8.649487E-17
4223.60610484673  7.252593E-17
4229.12433623864  8.975188E-17
4234.64256763055  8.155571E-17
4240.16079902246  9.226644E-17
4245.67903041437  7.666515E-17
4251.19726180628  8.473119E-17
4256.71549319819  8.873965E-17
4262.2337245901  8.967593E-17
4267.75195598201  9.759154E-17
4273.27018737392  8.083067E-17
4278.78841876583  8.475425E-17
4284.30665015774  9.313845E-17
4289.82488154965  7.303933E-17
4295.34311294156  8.353185E-17
4300.86134433347  8.100177E-17
4306.37957572538  8.167668E-17
4311.89780711729  8.125704E-17
4317.4160385092  7.091331E-17
4322.93426990111  7.771891E-17
4328.45250129302  8.138441E-17
4333.97073268493  7.789834E-17
4339.48896407684  7.895567E-17
4345.00719546875  9.170190E-17
4350.52542686066  8.988387E-17
4356.04365825257  9.784967E-17
4361.56188964448  8.870152E-17
4367.08012103639  9.099392E-17
4372.5983524283  1.062788E-16
4378.11658382021  7.513502E-17
4383.63481521212  9.225283E-17
4389.15304660404  7.990541E-17
4394.67127799594  8.764444E-17
4400.18950938785  9.798513E-17
4405.70774077976  8.778389E-17
4411.22597217167  7.818311E-17
4416.74420356358  8.614772E-17
4422.26243495549  8.610933E-17
4427.7806663474  8.645549E-17
4433.29889773931  7.451582E-17
4438.81712913122  8.464030E-17
4444.33536052313  8.844907E-17
4449.85359191504  9.326209E-17
4455.37182330695  9.674934E-17
4460.89005469886  1.013876E-16
4466.40828609077  8.005774E-17
4471.92651748268  9.383433E-17
4477.44474887459  9.032549E-17
4482.9629802665  8.249526E-17
4488.48121165841  7.972377E-17
4493.99944305032  8.403628E-17
4499.51767444223  8.064749E-17
4505.03590583414  8.343687E-17
4510.55413722605  9.125784E-17
4516.07236861796  8.826809E-17
4521.59060000987  8.135630E-17
4527.10883140179  9.386987E-17
4532.62706279369  7.266137E-17
4538.1452941856  7.528943E-17
4543.66352557751  7.686527E-17
4549.18175696942  6.692579E-17
4554.69998836133  7.579702E-17
4560.21821975324  7.673432E-17
4565.73645114515  7.359753E-17
4571.25468253707  7.222639E-17
4576.77291392897  8.103301E-17
4582.29114532089  7.985387E-17
4587.80937671279  7.332194E-17
4593.3276081047  8.334774E-17
4598.84583949661  7.508913E-17
4604.36407088852  7.245814E-17
4609.88230228043  8.551895E-17
4615.40053367235  7.331776E-17
4620.91876506425  8.371595E-17
4626.43699645616  7.711136E-17
4631.95522784807  8.655842E-17
4637.47345923998  7.647729E-17
4642.99169063189  8.259676E-17
4648.5099220238  8.250544E-17
4654.02815341571  7.522733E-17
4659.54638480762  7.861489E-17
4665.06461619954  7.467765E-17
4670.58284759144  7.640055E-17
4676.10107898336  6.677775E-17
4681.61931037526  8.185224E-17
4687.13754176717  7.612059E-17
4692.65577315908  6.767074E-17
4698.17400455099  8.933530E-17
4703.6922359429  6.998929E-17
4709.21046733481  7.934495E-17
4714.72869872672  8.040878E-17
4720.24693011863  7.842394E-17
4725.76516151054  7.672354E-17
4731.28339290245  8.840322E-17
4736.80162429436  7.456189E-17
4742.31985568627  8.200460E-17
4747.83808707818  6.907638E-17
4753.3563184701  7.417758E-17
4758.874549862  7.640598E-17
4764.39278125391  7.519915E-17
4769.91101264582  8.275153E-17
4775.42924403773  7.060419E-17
4780.94747542964  7.435027E-17
4786.46570682156  8.095876E-17
4791.98393821346  8.714650E-17
4797.50216960538  8.158719E-17
4803.02040099728  7.616314E-17
4808.53863238919  8.284505E-17
4814.05686378111  7.832255E-17
4819.57509517302  6.880689E-17
4825.09332656492  7.254060E-17
4830.61155795683  7.106810E-17
4836.12978934874  6.847701E-17
4841.64802074066  6.980311E-17
4847.16625213256  6.783119E-17
4852.68448352448  8.292227E-17
4858.20271491638  6.740402E-17
4863.72094630829  8.701346E-17
4869.2391777002  8.168749E-17
4874.75740909211  7.932675E-17
4880.27564048403  7.155040E-17
4885.79387187593  8.284086E-17
4891.31210326785  7.829039E-17
4896.83033465975  8.014973E-17
4902.34856605166  6.727871E-17
4907.86679744357  8.264522E-17
4913.38502883548  8.987313E-17
4918.90326022739  8.214690E-17
4924.42149161931  7.307712E-17
4929.93972301121  7.078501E-17
4935.45795440312  7.093321E-17
4940.97618579503  8.381464E-17
4946.49441718695  8.095240E-17
4952.01264857885  8.076165E-17
4957.53087997077  8.568997E-17
4963.04911136267  8.385461E-17
4968.56734275458  7.827279E-17
4974.08557414649  8.783027E-17
4979.60380553841  6.681104E-17
4985.12203693031  7.314996E-17
4990.64026832222  8.355062E-17
4996.15849971413  7.280673E-17
5001.67673110605  8.608430E-17
5007.19496249795  8.299987E-17
5012.71319388986  8.673951E-17
5018.23142528177  8.492374E-17
5023.74965667369  8.696608E-17
5029.2678880656  7.743903E-17
5034.78611945751  8.532764E-17
5040.30435084942  8.109983E-17
5045.82258224132  6.914777E-17
5051.34081363323  8.164262E-17
5056.85904502515  8.196941E-17
5062.37727641705  6.360480E-17
5067.89550780897  7.289895E-17
5073.41373920088  8.323035E-17
5078.93197059279  8.019729E-17
5084.4502019847  6.972332E-17
5089.9684333766  7.943067E-17
5095.48666476852  7.974698E-17
5101.00489616042  8.325239E-17
5106.52312755233  7.183185E-17
5112.04135894424  9.356031E-17
5117.55959033616  8.322867E-17
5123.07782172807  9.067111E-17
5128.59605311998  7.502927E-17
5134.11428451189  7.538115E-17
5139.6325159038  8.040725E-17
5145.1507472957  7.968160E-17
5150.66897868762  8.014213E-17
5156.18721007952  7.804783E-17
5161.70544147144  8.709764E-17
5167.22367286335  7.290809E-17
5172.74190425526  7.644820E-17
5178.26013564717  8.194819E-17
5183.77836703907  8.013115E-17
5189.29659843099  7.556853E-17
5194.8148298229  7.187276E-17
5200.3330612148  7.638740E-17
5205.85129260672  8.378176E-17
5211.36952399863  8.757562E-17
5216.88775539054  8.105775E-17
5222.40598678245  7.563545E-17
5227.92421817436  7.977448E-17
5233.44244956627  7.003551E-17
5238.96068095817  7.590021E-17
5244.47891235008  7.398538E-17
5249.997143742  6.414537E-17
5255.51537513391  7.864313E-17
5261.03360652581  7.187673E-17
5266.55183791773  6.107219E-17
5272.07006930964  7.347282E-17
5277.58830070155  7.339231E-17
5283.10653209345  7.307705E-17
5288.62476348536  6.681068E-17
5294.14299487728  7.306843E-17
5299.66122626919  7.933480E-17
5305.1794576611  7.723289E-17
5310.69768905301  6.991122E-17
5316.21592044491  6.843852E-17
5321.73415183683  7.168966E-17
5327.25238322874  6.952468E-17
5332.77061462064  7.374816E-17
5338.28884601255  6.290489E-17
5343.80707740447  7.756694E-17
5349.32530879638  7.967283E-17
5354.84354018829  7.154422E-17
5360.36177158019  7.210964E-17
5365.88000297211  6.239879E-17
5371.39823436401  8.092490E-17
5376.91646575592  8.419113E-17
5382.43469714783  7.395631E-17
5387.95292853975  7.094506E-17
5393.47115993166  6.632984E-17
5398.98939132356  7.704524E-17
5404.50762271548  7.885032E-17
5410.02585410739  7.407557E-17
5415.54408549929  6.785859E-17
5421.06231689121  7.219640E-17
5426.58054828311  6.669059E-17
5432.09877967503  5.835879E-17
5437.61701106694  7.458045E-17
5443.13524245885  8.527617E-17
5448.65347385076  7.622001E-17
5454.17170524267  6.761778E-17
5459.68993663457  6.903585E-17
5465.20816802649  7.034911E-17
5470.72639941839  6.140367E-17
5476.24463081031  6.506474E-17
5481.76286220222  6.646077E-17
5487.28109359413  6.519096E-17
5492.79932498604  6.962917E-17
5498.31755637795  6.299536E-17
5503.83578776986  5.683405E-17
5509.35401916177  5.938682E-17
5514.87225055368  5.671760E-17
5520.39048194559  6.776809E-17
5525.9087133375  6.992747E-17
5531.42694472941  6.766144E-17
5536.94517612131  6.449167E-17
5542.46340751323  6.132008E-17
5547.98163890514  6.929021E-17
5553.49987029705  6.134380E-17
5559.01810168896  7.354685E-17
5564.53633308087  6.483704E-17
5570.05456447278  6.233955E-17
5575.57279586469  7.667145E-17
5581.0910272566  6.696619E-17
5586.60925864851  7.594460E-17
5592.12749004042  6.006399E-17
5597.64572143233  6.583022E-17
5603.16395282424  7.003681E-17
5608.68218421615  5.129400E-17
5614.20041560806  5.822348E-17
5619.71864699997  6.948551E-17
5625.23687839188  6.988799E-17
5630.75510978379  5.584864E-17
5636.2733411757  6.406546E-17
5641.79157256761  5.078692E-17
5647.30980395952  6.490675E-17
5652.82803535143  6.128840E-17
5658.34626674334  6.302998E-17
5663.86449813525  7.115942E-17
5669.38272952716  6.117105E-17
5674.90096091907  5.753950E-17
5680.41919231098  6.087202E-17
5685.93742370289  5.869701E-17
5691.4556550948  6.436365E-17
5696.97388648671  6.460793E-17
5702.49211787862  6.241727E-17
5708.01034927053  5.674410E-17
5713.52858066244  5.116916E-17
5719.04681205435  6.297679E-17
5724.56504344626  6.446269E-17
5730.08327483817  6.293410E-17
5735.60150623008  6.669298E-17
5741.11973762199  5.385048E-17
5746.6379690139  5.329923E-17
5752.15620040581  6.123462E-17
5757.67443179772  6.349701E-17
5763.19266318963  6.410828E-17
5768.71089458154  6.471629E-17
5774.22912597345  6.598825E-17
5779.74735736536  5.743261E-17
5785.26558875727  5.312000E-17
5790.78382014918  5.896345E-17
5796.30205154109  5.556872E-17
5801.820282933  5.712312E-17
5807.33851432491  5.756932E-17
5812.85674571682  5.436841E-17
5818.37497710873  6.565861E-17
5823.89320850064  5.078690E-17
5829.41143989255  5.243840E-17
5834.92967128446  6.464365E-17
5840.44790267637  5.796559E-17
5845.96613406828  6.334861E-17
5851.48436546019  5.827323E-17
5857.0025968521  5.932545E-17
5862.52082824401  5.831830E-17
5868.03905963592  6.522412E-17
5873.55729102783  6.666041E-17
5879.07552241974  5.466497E-17
5884.59375381165  4.783534E-17
5890.11198520356  5.616489E-17
5895.63021659547  5.280632E-17
5901.14844798738  5.568766E-17
5906.66667937929  5.938264E-17
5912.1849107712  5.234818E-17
5917.70314216311  6.071283E-17
5923.22137355502  5.467451E-17
5928.73960494693  5.386439E-17
5934.25783633884  5.585982E-17
5939.77606773075  5.226589E-17
5945.29429912266  6.022192E-17
5950.81253051457  6.392939E-17
5956.33076190648  6.085320E-17
5961.84899329839  5.765321E-17
5967.36722469029  5.991727E-17
5972.88545608221  5.715683E-17
5978.40368747412  5.443152E-17
5983.92191886603  5.847321E-17
5989.44015025794  4.892390E-17
5994.95838164985  5.343143E-17
6000.47661304176  6.323880E-17
6005.99484443367  5.735052E-17
6011.51307582558  6.283326E-17
6017.03130721749  6.379443E-17
6022.5495386094  5.945097E-17
6028.06777000131  5.851265E-17
6033.58600139322  6.355047E-17
6039.10423278513  5.818005E-17
6044.62246417704  5.215356E-17
6050.14069556895  7.050330E-17
6055.65892696086  5.372354E-17
6061.17715835277  4.956765E-17
6066.69538974468  5.706562E-17
6072.21362113659  6.134816E-17
6077.7318525285  5.631755E-17
6083.25008392041  5.101004E-17
6088.76831531232  6.805659E-17
6094.28654670423  6.006442E-17
6099.80477809614  4.744493E-17
6105.32300948804  5.343185E-17
6110.84124087996  6.180148E-17
6116.35947227187  6.593144E-17
6121.87770366378  5.180224E-17
6127.39593505569  5.379294E-17
6132.9141664476  4.710764E-17
6138.43239783951  5.762152E-17
6143.95062923142  5.191991E-17
6149.46886062333  6.494012E-17
6154.98709201524  6.529526E-17
6160.50532340715  5.251673E-17
6166.02355479906  5.988271E-17
6171.54178619097  7.032828E-17
6177.06001758288  6.147179E-17
6182.57824897479  5.560894E-17
6188.0964803667  5.845199E-17
6193.61471175861  6.120390E-17
6199.13294315052  5.935502E-17
6204.65117454243  7.115144E-17
6210.16940593434  7.491406E-17
6215.68763732625  6.090688E-17
6221.20586871816  5.652958E-17
6226.72410011007  5.522906E-17
6232.24233150198  6.091613E-17
6237.76056289389  6.551567E-17
6243.2787942858  5.395371E-17
6248.79702567771  5.567315E-17
6254.31525706962  6.069952E-17
6259.83348846153  6.002770E-17
6265.35171985344  6.652509E-17
6270.86995124535  6.602914E-17
6276.38818263726  6.267738E-17
6281.90641402917  6.593101E-17
6287.42464542108  6.296924E-17
6292.94287681299  6.080521E-17
6298.4611082049  6.019698E-17
6303.97933959681  5.905748E-17
6309.49757098872  5.799208E-17
6315.01580238063  5.482370E-17
6320.53403377254  6.188940E-17
6326.05226516445  5.706317E-17
6331.57049655636  5.420046E-17
6337.08872794827  5.911377E-17
6342.60695934018  5.774294E-17
6348.12519073209  5.372806E-17
6353.643422124  5.016264E-17
6359.16165351591  6.078674E-17
6364.67988490782  5.045068E-17
6370.19811629973  5.483174E-17
6375.71634769164  6.097367E-17
6381.23457908355  5.678465E-17
6386.75281047546  6.198924E-17
6392.27104186737  6.013143E-17
6397.78927325928  5.555647E-17
6403.30750465119  6.562770E-17
6408.8257360431  6.489418E-17
6414.34396743501  6.066477E-17
6419.86219882692  5.576715E-17
6425.38043021883  5.718032E-17
6430.89866161074  5.537097E-17
6436.41689300265  5.714688E-17
6441.93512439456  5.336421E-17
6447.45335578647  5.278904E-17
6452.97158717838  5.548320E-17
6458.48981857029  6.101446E-17
6464.0080499622  6.289624E-17
6469.52628135411  5.675432E-17
6475.04451274602  5.791876E-17
6480.56274413793  5.652155E-17
6486.08097552984  6.530171E-17
6491.59920692175  6.514183E-17
6497.11743831366  4.950890E-17
6502.63566970557  5.856387E-17
6508.15390109748  5.991108E-17
6513.67213248939  5.723007E-17
6519.1903638813  5.878045E-17
6524.70859527321  5.724785E-17
6530.22682666512  5.111446E-17
6535.74505805703  5.649317E-17
6541.26328944894  4.585565E-17
6546.78152084085  4.811141E-17
6552.29975223276  6.644076E-17
6557.81798362467  5.840757E-17
6563.33621501658  5.774576E-17
6568.85444640849  6.157217E-17
6574.3726778004  5.163942E-17
6579.89090919231  6.748177E-17
6585.40914058422  5.118810E-17
6590.92737197613  5.960984E-17
6596.44560336804  6.045277E-17
6601.96383475995  5.459079E-17
6607.48206615186  5.817129E-17
6613.00029754377  5.928333E-17
6618.51852893568  4.640412E-17
6624.03676032759  5.531972E-17
6629.5549917195  5.647312E-17
6635.07322311141  5.496603E-17
6640.59145450332  5.530370E-17
6646.10968589523  5.886236E-17
6651.62791728714  5.976876E-17
6657.14614867905  5.415857E-17
6662.66438007096  5.025381E-17
6668.18261146287  5.247055E-17
6673.70084285478  4.885691E-17
6679.21907424669  4.598699E-17
6684.7373056386  5.356152E-17
6690.25553703051  6.036931E-17
6695.77376842242  5.233903E-17
6701.29199981433  4.590848E-17
6706.81023120624  5.314010E-17
6712.32846259815  4.926833E-17
6717.84669399006  5.340205E-17
6723.36492538197  4.851904E-17
6728.88315677388  5.164352E-17
6734.40138816579  5.321438E-17
6739.9196195577  5.204815E-17
6745.43785094961  5.322499E-17
6750.95608234152  4.739007E-17
6756.47431373343  5.077067E-17
6761.99254512534  5.816106E-17
6767.51077651725  5.585730E-17
6773.02900790916  5.427612E-17
6778.54723930107  5.385159E-17
6784.06547069298  5.365936E-17
6789.58370208489  4.375145E-17
6795.1019334768  4.870299E-17
6800.62016486871  4.530809E-17
6806.13839626062  4.717184E-17
6811.65662765253  4.789521E-17
6817.17485904444  4.597161E-17
6822.69309043635  5.439101E-17
6828.21132182826  5.163472E-17
6833.72955322017  5.801184E-17
6839.24778461208  5.918037E-17
6844.76601600399  5.680956E-17
6850.2842473959  5.579476E-17
6855.80247878781  5.323014E-17
6861.32071017972  5.981885E-17
6866.83894157163  6.184884E-17
6872.35717296354  5.809207E-17
6877.87540435545  5.453361E-17
6883.39363574736  5.740554E-17
6888.91186713927  5.877255E-17
6894.43009853118  6.257130E-17
6899.94832992309  6.457764E-17
6905.466561315  5.857637E-17
6910.98479270691  6.506016E-17
6916.50302409882  5.071016E-17
6922.02125549073  6.602395E-17
6927.53948688264  5.095146E-17
6933.05771827455  5.500398E-17
6938.57594966646  6.333658E-17
6944.09418105837  5.930037E-17
6949.61241245028  4.297993E-17
6955.13064384219  6.206308E-17
6960.6488752341  7.110092E-17
6966.16710662601  5.621913E-17
6971.68533801792  5.764287E-17
6977.20356940983  5.772025E-17
6982.72180080174  5.851992E-17
6988.24003219365  6.364085E-17
6993.75826358556  6.050047E-17
6999.27649497747  4.814978E-17
7004.79472636938  5.780678E-17
7010.31295776129  6.600730E-17
7015.8311891532  6.591878E-17
7021.34942054511  6.569797E-17
7026.86765193702  5.716572E-17
7032.38588332893  4.980921E-17
7037.90411472084  4.456894E-17
7043.42234611275  5.734715E-17
7048.94057750466  4.957120E-17
7054.45880889657  5.348386E-17
7059.97704028848  5.884185E-17
7065.49527168039  5.174363E-17
7071.0135030723  5.505451E-17
7076.53173446421  4.902159E-17
7082.04996585612  5.088433E-17
7087.56819724803  6.474019E-17
7093.08642863994  6.571945E-17
7098.60466003185  4.724108E-17
7104.12289142376  4.696069E-17
7109.64112281567  5.828559E-17
7115.15935420758  5.645788E-17
7120.67758559949  5.820150E-17
7126.1958169914  5.684232E-17
7131.71404838331  5.595596E-17
7137.23227977522  5.257131E-17
7142.75051116713  5.444664E-17
7148.26874255904  6.731354E-17
7153.78697395095  6.724036E-17
7159.30520534286  6.994947E-17
7164.82343673477  8.033755E-17
7170.34166812668  7.878920E-17
7175.85989951859  7.124870E-17
7181.3781309105  7.353740E-17
7186.89636230241  6.517404E-17
7192.41459369432  6.676715E-17
7197.93282508623  6.246595E-17
7203.45105647814  6.000705E-17
7208.96928787005  4.917675E-17
7214.48751926196  5.265976E-17
7220.00575065387  6.037824E-17
7225.52398204578  6.464890E-17
7231.04221343769  6.187216E-17
7236.5604448296  5.126710E-17
7242.07867622151  5.543555E-17
7247.59690761342  6.245705E-17
7253.11513900533  5.140307E-17
7258.63337039724  5.360570E-17
7264.15160178915  6.285561E-17
7269.66983318106  4.846259E-17
7275.18806457297  5.083697E-17
7280.70629596488  5.337624E-17
7286.22452735679  5.770338E-17
7291.7427587487  4.356810E-17
7297.26099014061  5.056291E-17
7302.77922153252  4.701113E-17
7308.29745292443  5.204729E-17
7313.81568431634  5.191331E-17
7319.33391570825  4.853041E-17
7324.85214710016  6.213413E-17
7330.37037849207  5.930446E-17
7335.88860988398  5.195741E-17
7341.40684127589  5.957801E-17
7346.9250726678  5.572592E-17
7352.44330405971  4.558599E-17
7357.96153545162  4.745460E-17
7363.47976684353  5.793732E-17
7368.99799823544  4.561487E-17
7374.51622962735  5.248775E-17
7380.03446101926  4.676119E-17
7385.55269241117  5.074505E-17
7391.07092380308  5.277787E-17
7396.58915519499  4.898905E-17
7402.1073865869  5.982088E-17
7407.62561797881  4.813913E-17
7413.14384937072  6.197464E-17
7418.66208076263  5.432257E-17
7424.18031215454  5.140421E-17
7429.69854354645  5.082214E-17
7435.21677493836  5.244550E-17
7440.73500633027  4.820347E-17
7446.25323772218  4.897030E-17
7451.77146911409  5.418175E-17
7457.289700506  5.244402E-17
7462.80793189791  4.519192E-17
7468.32616328982  3.985080E-17
7473.84439468173  4.667602E-17
7479.36262607364  4.155275E-17
7484.88085746555  4.943262E-17
7490.39908885746  5.170450E-17
7495.91732024937  4.645033E-17
7501.43555164128  3.959799E-17
7506.95378303319  4.802324E-17
7512.4720144251  4.929890E-17
7517.99024581701  5.892927E-17
7523.50847720892  6.175350E-17
7529.02670860083  6.037717E-17
7534.54493999274  4.102299E-17
7540.06317138465  4.678345E-17
7545.58140277656  4.417324E-17
7551.09963416847  6.353298E-17
7556.61786556038  5.981880E-17
7562.13609695229  4.656124E-17
7567.6543283442  4.491342E-17
7573.17255973611  2.641452E-17
7578.69079112802  3.986486E-17
7584.20902251993  6.335845E-17
7589.72725391184  6.786301E-17
7595.24548530375  7.860281E-17
7600.76371669566  5.492320E-17
7606.28194808757  3.896327E-17
7611.80017947948  6.958558E-17
7617.31841087139  6.860338E-17
7622.8366422633  6.218967E-17
7628.35487365521  5.356306E-17
7633.87310504712  5.508885E-17
7639.39133643903  4.666093E-17
7644.90956783094  5.146491E-17
7650.42779922285  4.570501E-17
7655.94603061476  5.789017E-17
7661.46426200667  5.801283E-17
7666.98249339858  5.029449E-17
7672.50072479049  4.864235E-17
7678.0189561824  4.016281E-17
7683.53718757431  4.447212E-17
7689.05541896622  5.808575E-17
7694.57365035813  6.134102E-17
7700.09188175004  4.554407E-17
7705.61011314195  3.032429E-17
7711.12834453386  4.156359E-17
7716.64657592577  5.913144E-17
7722.16480731768  5.902034E-17
7727.68303870959  6.378800E-17
7733.2012701015  6.016842E-17
7738.71950149341  4.347137E-17
7744.23773288532  4.382626E-17
7749.75596427723  4.244043E-17
7755.27419566914  4.841741E-17
7760.79242706105  5.766270E-17
7766.31065845296  4.947928E-17
7771.82888984487  4.070992E-17
7777.34712123678  3.508992E-17
7782.86535262869  3.183621E-17
7788.3835840206  5.661943E-17
7793.90181541251  7.194200E-17
7799.42004680442  5.795062E-17
7804.93827819633  5.002166E-17
7810.45650958824  4.582728E-17
7815.97474098015  3.082612E-17
7821.49297237206  4.211377E-17
7827.01120376397  4.870126E-17
7832.52943515588  4.969192E-17
7838.04766654779  5.196563E-17
7843.5658979397  3.051148E-17
7849.08412933161  3.377514E-17
7854.60236072352  2.740547E-17
7860.12059211543  5.046891E-17
7865.63882350734  6.575141E-17
7871.15705489925  5.481928E-17
7876.67528629116  4.744906E-17
7882.19351768307  4.260835E-17
7887.71174907498  4.023956E-17
7893.22998046689  5.517971E-17
7898.7482118588  6.566405E-17
7904.26644325071  5.983505E-17
7909.78467464262  3.454021E-17
7915.30290603453  3.085422E-17
7920.82113742644  4.603331E-17
7926.33936881835  4.879343E-17
7931.85760021026  6.560182E-17
7937.37583160217  5.873578E-17
7942.89406299408  5.661618E-17
7948.41229438599  3.470088E-17
7953.9305257779  2.930093E-17
7959.44875716981  4.160815E-17
7964.96698856172  6.487284E-17
7970.48521995363  6.580608E-17
7976.00345134554  5.217347E-17
7981.52168273745  4.369200E-17
7987.03991412936  3.688000E-17
7992.55814552127  4.917911E-17
7998.07637691318  5.082502E-17
8003.59460830509  5.136158E-17
8009.112839697  6.038967E-17
8014.63107108891  5.015147E-17
8020.14930248082  2.929725E-17
8025.66753387273  3.124389E-17
8031.18576526464  4.255139E-17
8036.70399665655  4.876163E-17
8042.22222804846  5.387259E-17
8047.74045944037  5.167729E-17
8053.25869083228  4.485964E-17
8058.77692222419  4.012149E-17
8064.2951536161  3.508693E-17
8069.81338500801  3.931994E-17
8075.33161639992  5.949062E-17
8080.84984779183  7.369113E-17
8086.36807918374  3.700542E-17
8091.88631057565  4.989184E-17
8097.40454196756  3.548974E-17
8102.92277335947  4.525853E-17
8108.44100475138  4.956123E-17
8113.95923614329  5.050639E-17
8119.4774675352  4.524936E-17
8124.99569892711  4.365130E-17
8130.51393031902  3.494748E-17
8136.03216171093  4.272271E-17
8141.55039310284  3.222709E-17
8147.06862449475  5.180370E-17
8152.58685588666  6.459508E-17
8158.10508727857  5.479412E-17
8163.62331867048  5.057871E-17
8169.14155006239  3.680212E-17
8174.6597814543  4.056811E-17
8180.17801284621  5.535153E-17
8185.69624423812  4.447007E-17
8191.21447563003  3.799168E-17
8196.73270702194  5.012899E-17
8202.25093841385  4.490422E-17
8207.76916980576  3.738072E-17
8213.28740119767  4.865812E-17
8218.80563258958  5.088790E-17
8224.32386398149  5.491774E-17
8229.8420953734  5.246339E-17
8235.36032676531  5.065725E-17
8240.87855815722  4.585177E-17
8246.39678954913  3.885941E-17
8251.91502094104  6.030094E-17
8257.43325233295  5.940303E-17
8262.95148372486  5.497645E-17
8268.46971511677  4.048098E-17
8273.98794650868  3.725056E-17
8279.50617790059  2.167565E-17
8285.0244092925  2.481216E-17
8290.54264068441  4.296485E-17
8296.06087207632  4.703598E-17
8301.57910346823  3.731675E-17
8307.09733486014  4.534409E-17
8312.61556625205  3.936963E-17
8318.13379764396  3.965515E-17
8323.65202903587  5.368143E-17
8329.17026042778  5.962412E-17
8334.68849181969  5.130008E-17
8340.2067232116  3.998009E-17
8345.72495460351  3.521964E-17
8351.24318599542  2.054620E-17
8356.76141738733  2.717903E-17
8362.27964877924  3.431747E-17
8367.79788017115  4.945917E-17
8373.31611156306  5.818656E-17
8378.83434295497  4.841339E-17
8384.35257434688  3.374454E-17
8389.87080573879  3.303554E-17
8395.3890371307  3.456342E-17
8400.90726852261  3.847184E-17
8406.42549991452  5.480278E-17
8411.94373130643  4.609624E-17
8417.46196269834  5.188549E-17
8422.98019409025  2.135869E-17
8428.49842548216  2.216153E-17
8434.01665687407  2.489998E-17
8439.53488826598  4.600317E-17
8445.05311965789  5.353040E-17
8450.5713510498  5.170101E-17
8456.08958244171  5.642872E-17
8461.60781383362  4.881097E-17
8467.12604522553  4.194615E-17
8472.64427661744  3.789027E-17
8478.16250800935  3.147582E-17
8483.68073940126  4.165811E-17
8489.19897079317  5.572352E-17
8494.71720218508  4.095492E-17
8500.23543357699  3.297403E-17
8505.7536649689  3.794967E-17
8511.27189636081  3.132786E-17
8516.79012775272  3.370520E-17
8522.30835914463  4.999181E-17
8527.82659053654  6.617948E-17
8533.34482192845  4.304135E-17
8538.86305332036  3.042360E-17
8544.38128471227  3.763287E-17
8549.89951610418  2.911600E-17
8555.41774749609  4.875414E-17
8560.935978888  6.309787E-17
8566.45421027991  5.488780E-17
8571.97244167182  3.263878E-17
8577.49067306373  3.901644E-17
8583.00890445564  3.970526E-17
8588.52713584755  3.971663E-17
8594.04536723946  3.303218E-17
8599.56359863137  4.351302E-17
8605.08183002328  4.140665E-17
8610.60006141519  2.337866E-17
8616.1182928071  3.443500E-17
8621.63652419901  4.369388E-17
8627.15475559092  4.049235E-17
8632.67298698283  5.162834E-17
8638.19121837474  6.291969E-17
8643.70944976665  4.053123E-17
8649.22768115856  3.090339E-17
8654.74591255047  2.525953E-17
8660.26414394238  6.005908E-18
8665.78237533429  3.631417E-17
8671.3006067262  4.557563E-17
8676.81883811811  4.568548E-17
8682.33706951002  4.275531E-17
8687.85530090193  2.932755E-17
8693.37353229384  3.685268E-17
8698.89176368575  2.897233E-17
8704.40999507766  5.698390E-17
8709.92822646957  4.611279E-17
8715.44645786148  5.054220E-17
8720.96468925339  2.404501E-17
8726.4829206453  3.472625E-17
8732.00115203721  4.012300E-17
8737.51938342912  4.400843E-17
8743.03761482103  5.301551E-17
8748.55584621294  5.722716E-17
8754.07407760485  3.598642E-17
8759.59230899676  3.023142E-17
8765.11054038867  3.104770E-17
8770.62877178058  3.582716E-17
8776.14700317249  4.312742E-17
8781.6652345644  2.159084E-17
8787.18346595631  4.410791E-17
8792.70169734822  6.211285E-17
8798.21992874013  3.862437E-17
8803.73816013204  3.243882E-17
8809.25639152395  4.499156E-17
8814.77462291586  5.008277E-17
8820.29285430777  5.390982E-17
8825.81108569968  6.289946E-17
8831.32931709159  7.206063E-17
8836.8475484835  4.877667E-17
8842.36577987541  2.653733E-17
8847.88401126732  4.780456E-17
8853.40224265923  4.746286E-17
8858.92047405114  4.231540E-17
8864.43870544305  5.343957E-17
8869.95693683496  3.799293E-17
8875.47516822687  1.872092E-17
8880.99339961878  1.643540E-17
8886.51163101069  8.311194E-18
8892.0298624026  3.121911E-17
8897.54809379451  3.758727E-17
8903.06632518642  5.401828E-17
8908.58455657833  3.758841E-17
8914.10278797024  1.959587E-17
8919.62101936215  1.091769E-17
8925.13925075406  4.626480E-17
8930.65748214597  3.783418E-17
8936.17571353788  4.529760E-17
8941.69394492979  6.104956E-17
8947.2121763217  3.581995E-17
8952.73040771361  2.126734E-17
8958.24863910552  2.998395E-17
8963.76687049743  3.473216E-17
8969.28510188934  3.972710E-17
8974.80333328125  3.374328E-17
8980.32156467316  3.123178E-17
8985.83979606507  5.293124E-17
8991.35802745698  3.379749E-17
8996.87625884889  5.837570E-17
9002.3944902408  3.999382E-17
9007.91272163271  4.741157E-17
9013.43095302462  2.298227E-17
9018.94918441653  4.334788E-17
9024.46741580844  4.354818E-17
9029.98564720035  3.373595E-17
9035.50387859226  6.088470E-17
9041.02210998417  3.770755E-17
9046.54034137608  4.094029E-17
9052.05857276799  4.483804E-17
9057.5768041599  4.199587E-17
9063.09503555181  4.264337E-17
9068.61326694372  3.625335E-17
9074.13149833563  5.897339E-17
9079.64972972754  6.344764E-17
9085.16796111945  6.544449E-17
9090.68619251136  3.196395E-17
9096.20442390327  5.465665E-17
9101.72265529518  4.063142E-17
9107.24088668709  4.855386E-17
9112.759118079  2.796837E-17
9118.27734947091  4.594038E-17
9123.79558086282  3.893177E-17
9129.31381225473  3.856370E-17
9134.83204364664  5.492994E-17
9140.35027503855  4.869692E-17
9145.86850643046  4.451853E-17
9151.38673782237  1.361700E-17
9156.90496921428  4.595246E-17
9162.42320060619  6.364097E-17
9167.9414319981  4.699122E-17
9173.45966339001  5.221306E-17
9178.97789478192  6.149970E-18
9184.49612617383  2.915517E-17
9190.01435756574  5.200917E-17
9195.53258895765  3.410494E-17
9201.05082034956  1.974352E-17
9206.56905174147  1.037545E-17
9212.08728313338  2.510879E-17
9217.60551452529  7.055236E-17
9223.1237459172  2.646205E-17
9228.64197730911  1.535054E-17
9234.16020870102  3.071070E-17
9239.67844009293  8.132839E-17
9245.19667148484  0.
9250.71490287675  0.
