3643.145 7.22027e-18 
3647.225 -3.29095e-17 
3651.305 4.53681e-18 
3655.385 8.87532e-18 
3659.466 2.11822e-18 
3663.546 3.29461e-17 
3667.626 1.47663e-17 
3671.707 2.21558e-17 
3675.787 3.99024e-18 
3679.867 1.02489e-17 
3683.948 2.59780e-17 
3688.028 3.43071e-17 
3692.108 2.83174e-17 
3696.189 4.34314e-18 
3700.269 2.04819e-17 
3704.349 2.54785e-18 
3708.430 7.18120e-18 
3712.510 6.66165e-18 
3716.590 2.16972e-17 
3720.671 4.43234e-18 
3724.751 2.55234e-17 
3728.831 9.81481e-18 
3732.912 2.13795e-17 
3736.992 2.30173e-17 
3741.072 1.32745e-17 
3745.152 1.72308e-17 
3749.233 1.16725e-17 
3753.313 2.06013e-17 
3757.393 2.72085e-17 
3761.474 1.57581e-17 
3765.554 4.94662e-18 
3769.634 2.48326e-17 
3773.715 2.29499e-17 
3777.795 -2.75069e-18 
3781.875 -7.51294e-18 
3785.956 3.40521e-18 
3790.036 1.57665e-17 
3794.116 -1.46179e-17 
3798.197 -1.19709e-17 
3802.277 -3.36471e-18 
3806.357 -4.16926e-18 
3810.437 1.67525e-17 
3814.518 1.56937e-17 
3818.598 1.42051e-17 
3822.678 -1.20226e-19 
3826.759 1.51969e-17 
3830.839 7.52824e-18 
3834.919 -7.58420e-18 
3839.000 -6.04511e-18 
3843.080 1.42282e-17 
3847.160 8.86171e-18 
3851.240 -1.76084e-17 
3855.321 -1.11393e-18 
3859.401 -5.80636e-18 
3863.481 -7.72243e-18 
3867.562 -3.46601e-18 
3871.642 1.09666e-17 
3875.722 4.95059e-18 
3879.803 -3.25798e-18 
3883.883 -3.42627e-18 
3887.963 4.86170e-18 
3892.044 8.17321e-18 
3896.124 -8.94101e-18 
3900.204 -3.57490e-18 
3904.285 7.38671e-18 
3908.365 1.48458e-18 
3912.445 -6.25822e-18 
3916.526 8.30450e-18 
3920.606 1.20615e-17 
3924.686 1.82529e-17 
3928.766 2.52665e-18 
3932.847 2.02499e-17 
3936.927 2.33124e-17 
3941.007 2.65874e-17 
3945.088 1.55928e-17 
3949.168 1.95055e-17 
3953.248 1.88057e-17 
3957.329 1.85774e-17 
3961.409 4.23130e-18 
3965.489 1.87464e-18 
3969.570 5.53615e-19 
3973.650 1.42318e-17 
3977.730 1.06474e-17 
3981.811 -8.80840e-18 
3985.891 6.47404e-18 
3989.971 2.46239e-17 
3994.052 -1.28705e-17 
3998.132 8.99205e-19 
4002.212 -4.87159e-18 
4006.292 -1.05319e-17 
4010.373 5.21228e-18 
4014.453 1.66028e-17 
4018.533 3.08008e-17 
4022.614 4.47154e-17 
4026.694 1.67323e-17 
4030.774 2.22567e-17 
4034.854 1.15435e-17 
4038.935 -2.25033e-19 
4043.015 3.62767e-18 
4047.095 8.09192e-18 
4051.176 4.98676e-18 
4055.256 -1.10670e-17 
4059.336 -7.41040e-18 
4063.417 -6.50709e-18 
4067.497 1.10685e-17 
4071.577 1.23996e-17 
4075.658 -6.46659e-18 
4079.738 -1.25475e-17 
4083.818 5.12012e-18 
4087.899 1.36593e-17 
4091.979 1.43495e-18 
4096.059 -4.07092e-18 
4100.140 1.78918e-17 
4104.220 2.71930e-17 
4108.300 1.37996e-17 
4112.380 1.50477e-17 
4116.461 1.52255e-17 
4120.541 9.68978e-18 
4124.622 7.46366e-18 
4128.702 1.12609e-17 
4132.782 2.91373e-18 
4136.862 4.99696e-18 
4140.942 5.74384e-18 
4145.023 6.92639e-18 
4149.103 1.28663e-17 
4153.184 1.87350e-17 
4157.264 1.69790e-17 
4161.344 1.98666e-17 
4165.424 2.70671e-18 
4169.505 4.04552e-18 
4173.585 2.19278e-18 
4177.666 -1.50722e-17 
4181.746 -1.15329e-17 
4185.826 1.53511e-17 
4189.906 1.33066e-17 
4193.987 1.42228e-17 
4198.067 8.51048e-18 
4202.147 1.85717e-17 
4206.228 1.74567e-17 
4210.308 1.40131e-17 
4214.388 1.26601e-17 
4218.469 7.50868e-19 
4222.549 7.45101e-18 
4226.629 4.59181e-18 
4230.709 8.84219e-18 
4234.790 1.17853e-17 
4238.870 1.04492e-18 
4242.950 1.38561e-17 
4247.031 1.09310e-17 
4251.111 2.48740e-18 
4255.191 -1.93356e-18 
4259.271 -4.32488e-18 
4263.352 2.02950e-18 
4267.432 -8.15931e-20 
4271.513 -4.53896e-18 
4275.593 2.18622e-17 
4279.673 5.50694e-18 
4283.753 -2.69464e-18 
4287.834 4.09554e-19 
4291.914 3.01922e-18 
4295.995 -4.00829e-18 
4300.075 3.92968e-18 
4304.155 5.43824e-18 
4308.235 -7.74770e-20 
4312.315 1.39415e-17 
4316.396 4.59219e-18 
4320.476 2.77143e-18 
4324.557 1.11995e-17 
4328.637 1.28600e-17 
4332.717 2.50132e-17 
4336.797 1.20172e-17 
4340.878 2.11829e-17 
4344.958 3.00011e-18 
4349.039 4.43116e-18 
4353.119 1.90467e-17 
4357.199 3.10807e-18 
4361.279 8.65006e-19 
4365.360 1.01208e-17 
4369.440 -1.43108e-17 
4373.521 7.75133e-18 
4377.601 2.13501e-17 
4381.681 1.73335e-17 
4385.761 2.23497e-17 
4389.842 3.04586e-17 
4393.922 2.96282e-17 
4398.002 1.54355e-17 
4402.083 1.60846e-17 
4406.163 2.62603e-17 
4410.243 1.42347e-17 
4414.323 2.37028e-17 
4418.404 2.56348e-17 
4422.484 2.67184e-17 
4426.564 3.34217e-17 
4430.645 2.54318e-17 
4434.725 1.44256e-17 
4438.805 3.10121e-17 
4442.886 1.56125e-17 
4446.966 1.33315e-17 
4451.046 1.42952e-17 
4455.126 -2.65930e-18 
4459.207 2.05581e-17 
4463.287 2.05561e-17 
4467.368 1.00459e-17 
4471.448 1.40214e-17 
4475.528 -4.32838e-18 
4479.608 1.11327e-17 
4483.689 1.38376e-17 
4487.769 2.63931e-17 
4491.849 2.05494e-17 
4495.930 9.95964e-18 
4500.010 1.85505e-17 
4504.090 8.51013e-18 
4508.170 3.03457e-18 
4512.251 2.53788e-18 
4516.331 -1.57408e-18 
4520.412 5.08580e-18 
4524.492 1.96784e-17 
4528.572 6.59570e-18 
4532.652 1.06059e-17 
4536.733 2.22710e-17 
4540.813 1.66517e-17 
4544.894 -1.90259e-18 
4548.974 -8.04419e-18 
4553.054 7.19299e-18 
4557.134 1.02090e-17 
4561.215 -2.35111e-18 
4565.295 -6.22948e-18 
4569.375 -1.00230e-17 
4573.456 -1.03466e-17 
4577.536 -6.73254e-18 
4581.616 5.07739e-18 
4585.696 1.12601e-17 
4589.777 2.33308e-17 
4593.857 1.49542e-17 
4597.937 1.46525e-17 
4602.018 7.88069e-18 
4606.098 2.63816e-17 
4610.178 1.12264e-17 
4614.259 4.05708e-18 
4618.339 7.06657e-18 
4622.419 -1.07609e-18 
4626.500 1.43462e-17 
4630.580 1.34933e-17 
4634.660 1.74052e-17 
4638.741 2.21180e-17 
4642.821 3.16363e-18 
4646.901 -3.67886e-18 
4650.981 2.40949e-18 
4655.062 4.65584e-18 
4659.142 8.89096e-18 
4663.222 1.84239e-17 
4667.303 4.22390e-18 
4671.383 1.54165e-18 
4675.463 1.44613e-17 
4679.543 2.88648e-17 
4683.624 5.58032e-18 
4687.704 1.34356e-17 
4691.785 6.06691e-18 
4695.865 4.37704e-18 
4699.945 1.76750e-17 
4704.025 1.90729e-17 
4708.106 2.01938e-17 
4712.186 1.96125e-17 
4716.267 1.26332e-17 
4720.347 1.89178e-18 
4724.427 4.40219e-18 
4728.507 7.48855e-18 
4732.588 1.16519e-17 
4736.668 2.74071e-17 
4740.749 2.23654e-17 
4744.829 1.17834e-17 
4748.909 -2.23360e-18 
4752.989 -8.14172e-18 
4757.069 4.51414e-18 
4761.150 2.25260e-17 
4765.230 1.16557e-17 
4769.311 -2.50750e-18 
4773.391 6.91412e-18 
4777.471 1.75917e-17 
4781.551 9.69213e-18 
4785.632 1.06227e-17 
4789.712 1.50061e-17 
4793.792 1.22045e-17 
4797.873 1.26639e-17 
4801.953 1.10882e-17 
4806.033 2.42842e-18 
4810.114 1.12866e-17 
4814.194 1.00748e-17 
4818.274 1.21690e-17 
4822.354 1.46021e-17 
4826.435 1.47043e-17 
4830.515 -9.00608e-19 
4834.596 -2.01461e-19 
4838.676 1.47105e-17 
4842.756 7.14853e-18 
4846.836 6.38655e-18 
4850.917 -4.11393e-19 
4854.997 1.14061e-18 
4859.077 1.55576e-19 
4863.158 -5.34435e-18 
4867.238 -6.47242e-18 
4871.318 -3.79043e-18 
4875.398 4.71955e-18 
4879.479 -5.07239e-18 
4883.559 -9.10439e-18 
4887.640 2.17967e-17 
4891.720 2.35797e-17 
4895.800 7.46670e-18 
4899.880 3.29774e-18 
4903.961 1.78049e-17 
4908.041 2.36160e-17 
4912.122 9.47818e-18 
4916.202 1.16893e-17 
4920.282 1.63048e-18 
4924.362 8.18665e-18 
4928.442 1.72519e-17 
4932.523 1.80132e-17 
4936.603 2.12335e-17 
4940.684 2.63330e-17 
4944.764 2.25684e-17 
4948.844 2.24508e-17 
4952.924 1.88063e-17 
4957.005 2.75838e-17 
4961.085 1.43225e-17 
4965.166 1.21612e-17 
4969.246 2.10369e-17 
4973.326 9.41062e-18 
4977.406 8.95839e-18 
4981.487 1.97193e-17 
4985.567 2.95243e-17 
4989.647 2.46893e-17 
4993.728 3.36915e-17 
4997.808 2.76826e-17 
5001.888 3.29759e-17 
5005.969 3.45043e-17 
5010.049 2.18796e-17 
5014.129 2.17141e-17 
5018.209 3.04326e-17 
5022.290 2.63963e-17 
5026.370 2.83301e-17 
5030.450 2.96439e-17 
5034.531 2.27028e-17 
5038.611 1.62769e-17 
5042.691 1.65320e-17 
5046.771 2.73322e-17 
5050.852 3.56775e-17 
5054.932 3.71270e-17 
5059.013 2.79105e-17 
5063.093 3.09751e-17 
5067.173 2.88329e-17 
5071.253 1.05328e-17 
5075.334 6.26178e-18 
5079.414 2.10659e-17 
5083.495 2.12552e-17 
5087.575 2.52605e-17 
5091.655 1.97809e-17 
5095.735 1.63485e-17 
5099.815 1.89472e-17 
5103.896 5.68510e-18 
5107.976 1.45550e-17 
5112.057 2.29002e-17 
5116.137 1.70255e-17 
5120.217 2.21228e-17 
5124.297 3.46894e-17 
5128.378 2.95101e-17 
5132.458 2.20979e-17 
5136.539 3.01899e-17 
5140.619 3.74900e-17 
5144.699 2.49923e-17 
5148.779 3.50947e-17 
5152.860 4.64234e-17 
5156.940 4.42891e-17 
5161.021 2.20450e-17 
5165.101 1.18061e-17 
5169.181 2.74034e-17 
5173.261 2.32988e-17 
5177.342 2.50824e-17 
5181.422 3.50491e-17 
5185.502 2.97720e-17 
5189.583 8.20318e-18 
5193.663 1.61965e-17 
5197.743 2.73149e-17 
5201.823 2.99665e-17 
5205.904 1.85384e-17 
5209.984 2.03014e-17 
5214.064 2.25636e-17 
5218.145 3.07321e-17 
5222.225 2.38227e-17 
5226.305 2.37924e-17 
5230.386 1.40715e-17 
5234.466 1.34686e-17 
5238.546 2.24500e-17 
5242.626 2.41226e-17 
5246.707 2.28715e-17 
5250.787 3.44645e-17 
5254.868 2.81027e-17 
5258.948 2.08672e-17 
5263.028 8.98076e-18 
5267.108 6.77362e-18 
5271.188 1.13957e-17 
5275.269 1.35140e-17 
5279.349 2.67766e-17 
5283.430 2.59714e-17 
5287.510 1.66993e-17 
5291.590 1.92985e-17 
5295.670 2.05010e-17 
5299.751 3.69467e-17 
5303.831 2.74446e-17 
5307.912 1.39148e-17 
5311.992 3.57112e-17 
5316.072 3.20818e-17 
5320.152 2.69497e-17 
5324.233 3.37968e-17 
5328.313 1.79852e-17 
5332.394 2.02379e-18 
5336.474 6.36775e-18 
5340.554 2.43499e-17 
5344.634 2.53332e-17 
5348.715 2.03649e-17 
5352.795 2.31618e-17 
5356.875 2.00440e-17 
5360.956 1.43115e-17 
5365.036 1.11922e-17 
5369.116 1.34571e-17 
5373.196 2.37893e-17 
5377.277 2.09849e-17 
5381.357 1.39127e-17 
5385.438 9.27380e-18 
5389.518 5.31264e-18 
5393.598 1.46368e-17 
5397.678 2.56827e-17 
5401.759 2.61649e-17 
5405.839 1.19344e-17 
5409.919 4.22021e-19 
5414.000 -6.99596e-18 
5418.080 6.92284e-19 
5422.160 2.01612e-17 
5426.241 2.36142e-17 
5430.321 2.44614e-17 
5434.401 1.76910e-17 
5438.481 3.98833e-19 
5442.562 2.15980e-17 
5446.642 2.23265e-17 
5450.722 8.17765e-18 
5454.803 -3.07891e-18 
5458.883 1.53537e-17 
5462.963 1.25505e-17 
5467.043 -3.83122e-18 
5471.124 -2.68523e-18 
5475.204 6.60843e-18 
5479.285 2.13547e-18 
5483.365 1.57559e-17 
5487.445 7.84800e-18 
5491.525 1.76338e-18 
5495.606 1.04370e-17 
5499.686 2.17505e-17 
5503.767 2.58205e-17 
5507.847 1.38508e-17 
5511.927 7.98100e-18 
5516.007 1.60634e-17 
5520.088 6.60416e-18 
5524.168 -9.86979e-19 
5528.249 6.02557e-18 
5532.329 1.52558e-17 
5536.409 8.19125e-18 
5540.489 6.28060e-18 
5544.569 1.29111e-17 
5548.650 1.47168e-17 
5552.730 1.60250e-17 
5556.811 8.20552e-18 
5560.891 -9.33532e-18 
5564.971 -1.80063e-17 
5569.051 -1.38944e-17 
5573.132 1.08246e-17 
5577.212 1.56077e-17 
5581.292 -1.79645e-17 
5585.373 -2.15028e-17 
5589.453 4.35236e-19 
5593.533 1.50331e-17 
5597.614 1.40127e-17 
5601.694 1.54227e-17 
5605.774 6.71902e-18 
5609.854 -7.15422e-18 
5613.935 -1.03773e-18 
5618.015 6.08989e-18 
5622.096 1.30182e-17 
5626.176 2.21092e-18 
5630.256 -3.33198e-18 
5634.336 -3.60982e-19 
5638.417 -3.58916e-18 
5642.497 -2.98106e-18 
5646.577 2.36083e-18 
5650.658 -3.25413e-18 
5654.738 -1.01522e-17 
5658.818 5.91136e-18 
5662.898 6.21459e-18 
5666.979 -3.08695e-18 
5671.059 -1.51531e-18 
5675.140 -7.16206e-20 
5679.220 -1.00507e-17 
5683.300 4.00394e-18 
5687.380 1.35524e-17 
5691.461 2.18275e-17 
5695.541 2.09864e-17 
5699.622 1.80315e-17 
5703.702 1.46948e-17 
5707.782 2.69824e-18 
5711.862 2.98379e-18 
5715.942 -9.49140e-20 
5720.023 6.72465e-19 
5724.103 -8.57707e-18 
5728.184 1.97087e-19 
5732.264 3.45363e-18 
5736.344 6.58833e-18 
5740.424 3.36645e-18 
5744.505 -6.00974e-18 
5748.585 9.64319e-18 
5752.666 1.53011e-17 
5756.746 9.60762e-18 
5760.826 4.74319e-19 
5764.906 -7.30287e-18 
5768.987 -1.11654e-18 
5773.067 -9.67380e-18 
5777.147 -8.00019e-18 
5781.228 -1.19284e-17 
5785.308 -3.61352e-19 
5789.388 -1.28544e-19 
5793.469 -8.39952e-19 
5797.549 -1.53723e-18 
5801.629 -8.47593e-18 
5805.709 -9.72725e-18 
5809.790 -4.48887e-18 
5813.870 5.61986e-18 
5817.950 1.57877e-18 
5822.031 -1.36530e-17 
5826.111 -1.81957e-17 
5830.191 4.22061e-19 
5834.271 2.72539e-18 
5838.352 -7.41686e-18 
5842.432 -1.97464e-17 
5846.513 -8.27413e-18 
5850.593 2.47754e-18 
5854.673 -5.71139e-18 
5858.753 -8.91251e-18 
5862.834 8.52339e-18 
5866.914 3.65705e-18 
5870.995 -1.70715e-18 
5875.075 -2.93240e-18 
5879.155 -1.93120e-17 
5883.235 -8.49326e-18 
5887.315 1.56664e-17 
5891.396 1.77711e-17 
5895.476 4.73904e-18 
5899.557 -6.23042e-18 
5903.637 2.92080e-18 
5907.717 2.79533e-18 
5911.797 -1.04078e-17 
5915.878 -1.68712e-17 
5919.958 -1.76558e-17 
5924.039 -1.19932e-17 
5928.119 2.84029e-18 
5932.199 -3.26842e-19 
5936.279 -5.01377e-18 
5940.360 -3.44072e-18 
5944.440 -3.80246e-18 
5948.521 -1.39023e-17 
5952.601 -7.97554e-18 
5956.681 -8.49680e-19 
5960.761 -1.98869e-18 
5964.842 -1.51374e-18 
5968.922 2.07942e-18 
5973.002 1.81863e-18 
5977.083 -8.14129e-18 
5981.163 -3.60479e-18 
5985.243 5.32062e-19 
5989.323 -5.32845e-18 
5993.404 -5.96708e-18 
5997.484 -1.75929e-18 
6001.564 1.26855e-18 
6005.645 2.71639e-18 
6009.725 8.79346e-18 
6013.805 9.15098e-18 
6017.886 2.59037e-18 
6021.966 6.21010e-18 
6026.046 4.19921e-18 
6030.126 2.16178e-18 
6034.207 5.18454e-18 
6038.287 2.81585e-18 
6042.368 5.40394e-18 
6046.448 1.00287e-19 
6050.528 -4.11481e-18 
6054.608 4.52328e-18 
6058.688 7.19295e-18 
6062.769 1.03820e-17 
6066.849 7.00935e-18 
6070.930 3.24578e-18 
6075.010 6.10844e-18 
6079.090 1.59949e-17 
6083.170 1.02748e-17 
6087.251 5.09014e-18 
6091.331 8.29447e-18 
6095.412 3.27292e-18 
6099.492 -4.18336e-18 
6103.572 -1.89727e-18 
6107.652 4.56663e-18 
6111.733 1.17466e-18 
6115.813 9.78852e-19 
6119.894 1.25893e-17 
6123.974 9.42087e-18 
6128.054 3.37858e-18 
6132.134 3.35686e-18 
6136.215 -6.23100e-18 
6140.295 -1.13009e-17 
6144.375 -3.59366e-18 
6148.456 -3.50160e-18 
6152.536 -6.90735e-18 
6156.616 -6.87578e-18 
6160.696 -1.37693e-18 
6164.777 2.19290e-18 
6168.857 -3.77798e-18 
6172.938 -9.52134e-18 
6177.018 -2.70358e-18 
6181.098 -6.37752e-18 
6185.178 4.26549e-18 
6189.259 1.08712e-17 
6193.339 1.15277e-17 
6197.419 6.15036e-18 
6201.500 3.23230e-18 
6205.580 7.76603e-18 
6209.660 3.59561e-18 
6213.741 -7.20143e-19 
6217.821 2.01978e-19 
6221.901 4.25467e-18 
6225.981 7.08468e-18 
6230.062 9.84398e-18 
6234.142 3.72267e-18 
6238.222 -2.09467e-18 
6242.303 1.35464e-18 
6246.383 1.31801e-17 
6250.463 1.76756e-17 
6254.543 1.16061e-17 
6258.624 8.03212e-18 
6262.704 4.95626e-18 
6266.785 -1.84272e-18 
6270.865 7.17862e-18 
6274.945 -8.67447e-18 
6279.025 -5.57270e-18 
6283.106 8.69684e-18 
6287.186 1.25137e-17 
6291.267 8.93340e-18 
6295.347 9.72822e-18 
6299.427 7.62786e-19 
6303.507 1.95003e-18 
6307.588 -7.68735e-19 
6311.668 -8.78275e-18 
6315.749 -1.00507e-17 
6319.829 5.96470e-19 
6323.909 1.19520e-17 
6327.989 -4.20206e-18 
6332.069 -4.91011e-18 
6336.150 -3.91362e-19 
6340.230 -2.26915e-18 
6344.311 4.85687e-18 
6348.391 7.75435e-18 
6352.471 1.48045e-17 
6356.551 1.17944e-17 
6360.632 9.33171e-18 
6364.712 1.09584e-17 
6368.792 9.83023e-18 
6372.873 6.85595e-18 
6376.953 6.76568e-20 
6381.033 -1.08586e-18 
6385.114 3.64634e-19 
6389.194 5.68951e-18 
6393.274 1.48994e-17 
6397.354 1.53441e-17 
6401.435 1.13769e-17 
6405.515 1.13774e-17 
6409.596 1.33347e-17 
6413.676 1.09107e-17 
6417.756 1.10527e-17 
6421.836 8.43333e-18 
6425.917 1.87166e-18 
6429.997 9.10529e-18 
6434.077 2.00061e-18 
6438.158 5.50519e-18 
6442.238 1.60205e-17 
6446.318 1.33431e-17 
6450.398 6.77601e-18 
6454.479 3.90654e-18 
6458.559 1.54437e-17 
6462.640 1.26887e-17 
6466.720 3.57982e-18 
6470.800 5.66821e-18 
6474.880 1.79819e-17 
6478.961 1.66057e-17 
6483.041 8.83598e-18 
6487.122 2.05110e-18 
6491.202 1.24309e-17 
6495.282 6.49772e-18 
6499.362 5.41791e-18 
6503.442 1.29532e-17 
6507.523 8.25794e-18 
6511.603 2.62394e-18 
6515.684 6.78550e-18 
6519.764 6.49149e-18 
6523.844 1.09746e-17 
6527.924 1.27742e-17 
6532.005 5.75111e-18 
6536.085 4.45977e-18 
6540.166 2.30979e-18 
6544.246 1.37332e-19 
6548.326 4.29364e-18 
6552.406 2.75159e-18 
6556.487 -1.11720e-18 
6560.567 -6.12955e-18 
6564.647 2.27855e-18 
6568.728 1.06726e-17 
6572.808 9.60625e-18 
6576.888 1.23152e-18 
6580.969 3.81727e-18 
6585.049 5.79916e-18 
6589.129 -3.60049e-18 
6593.209 2.21963e-18 
6597.290 5.09423e-18 
6601.370 -1.14123e-18 
6605.450 3.64508e-18 
6609.531 2.81128e-18 
6613.611 -4.40308e-18 
6617.691 -5.62296e-18 
6621.771 2.10093e-18 
6625.852 3.02571e-18 
6629.932 8.43053e-18 
6634.013 2.38176e-18 
6638.093 -1.75885e-18 
6642.173 3.23731e-18 
6646.253 1.09452e-17 
6650.334 6.24268e-18 
6654.414 3.21129e-18 
6658.495 4.21869e-18 
6662.575 5.80236e-18 
6666.655 1.65061e-18 
6670.735 7.96638e-19 
6674.815 7.90166e-19 
6678.896 -1.74091e-18 
6682.976 5.30380e-18 
6687.057 6.64841e-18 
6691.137 2.91069e-18 
6695.217 7.10766e-18 
6699.297 9.40673e-18 
6703.378 7.77732e-18 
6707.458 3.25018e-18 
6711.539 1.24354e-17 
6715.619 1.53784e-17 
6719.699 4.14468e-18 
6723.779 5.40613e-18 
6727.860 1.10063e-17 
6731.940 9.61188e-18 
6736.021 8.87116e-18 
6740.101 1.15011e-17 
6744.181 1.11648e-17 
6748.261 1.61609e-17 
6752.342 1.10665e-17 
6756.422 3.27385e-18 
6760.502 1.31193e-17 
6764.583 1.11970e-17 
6768.663 6.95317e-18 
6772.743 8.69593e-18 
6776.823 8.74142e-18 
6780.904 7.03653e-18 
6784.984 1.17695e-17 
6789.064 9.69919e-18 
6793.145 2.82396e-18 
6797.225 1.79853e-18 
6801.305 6.79904e-18 
6805.386 2.04728e-18 
6809.466 4.40719e-19 
6813.546 2.84001e-19 
6817.626 -7.81593e-19 
6821.707 6.05186e-18 
6825.787 7.77792e-18 
6829.868 8.21084e-18 
6833.948 1.72933e-17 
6838.028 1.37573e-17 
6842.108 1.05973e-17 
6846.188 8.64193e-18 
6850.269 4.60871e-18 
6854.349 5.47521e-18 
6858.430 1.34410e-17 
6862.510 1.59518e-17 
6866.590 1.11967e-17 
6870.670 1.55772e-17 
6874.751 5.10454e-18 
6878.831 7.29929e-18 
6882.912 2.37294e-17 
6886.992 1.44988e-17 
6891.072 1.09400e-17 
6895.152 1.36922e-17 
6899.233 2.23195e-17 
6903.313 2.21833e-17 
6907.394 1.92873e-17 
6911.474 2.19638e-17 
6915.554 2.71126e-17 
6919.634 2.18371e-17 
6923.715 1.96552e-17 
6927.795 3.62938e-17 
6931.875 2.46388e-17 
6935.956 2.30267e-17 
6940.036 3.15157e-17 
6944.116 2.56835e-17 
6948.196 2.05405e-17 
6952.277 1.88502e-17 
6956.357 1.95748e-17 
6960.438 1.16608e-17 
6964.518 2.26986e-17 
6968.598 2.69435e-17 
6972.678 2.12424e-17 
6976.759 2.82840e-17 
6980.839 2.33330e-17 
6984.919 2.49753e-17 
6989.000 2.60074e-17 
6993.080 1.65868e-17 
6997.160 2.38939e-17 
7001.241 2.22384e-17 
7005.321 1.92415e-17 
7009.401 1.74313e-17 
7013.481 1.45797e-17 
7017.562 2.19076e-17 
7021.642 2.56957e-17 
7025.722 2.98326e-17 
7029.803 2.75745e-17 
7033.883 1.67928e-17 
7037.963 2.13665e-17 
7042.043 2.78518e-17 
7046.124 2.71881e-17 
7050.204 2.39549e-17 
7054.285 2.76020e-17 
7058.365 2.17519e-17 
7062.445 1.08519e-17 
7066.525 1.43250e-17 
7070.606 3.03017e-17 
7074.686 2.55732e-17 
7078.767 2.60845e-17 
7082.847 2.46916e-17 
7086.927 3.00761e-17 
7091.007 3.13758e-17 
7095.088 2.33143e-17 
7099.168 2.84918e-17 
7103.249 2.07971e-17 
7107.329 1.66248e-17 
7111.409 2.36922e-17 
7115.489 2.56994e-17 
7119.569 2.22024e-17 
7123.650 2.53068e-17 
7127.730 2.65537e-17 
7131.811 2.61083e-17 
7135.891 1.97574e-17 
7139.971 1.51320e-17 
7144.051 1.23894e-17 
7148.132 2.26966e-17 
7152.212 4.03238e-17 
7156.292 4.54201e-17 
7160.373 3.53816e-17 
7164.453 1.24078e-17 
7168.533 7.26549e-18 
7172.614 1.65662e-17 
7176.694 3.49682e-17 
7180.774 4.76470e-17 
7184.854 3.36133e-17 
7188.935 2.05685e-17 
7193.015 1.99679e-17 
7197.095 2.11496e-17 
7201.176 2.34824e-17 
7205.256 2.31172e-17 
7209.336 2.22103e-17 
7213.417 1.50373e-17 
7217.497 1.78865e-17 
7221.577 2.08461e-17 
7225.658 1.64296e-17 
7229.738 2.07867e-17 
7233.818 2.26981e-17 
7237.898 2.97706e-17 
7241.979 3.14000e-17 
7246.059 2.25244e-17 
7250.140 2.07616e-17 
7254.220 1.70908e-17 
7258.300 1.19691e-17 
7262.380 1.23558e-17 
7266.461 1.30975e-17 
7270.541 1.13135e-18 
7274.622 -1.40149e-17 
7278.702 -1.07898e-18 
7282.782 8.51175e-18 
7286.862 2.01776e-17 
7290.942 1.66101e-17 
7295.023 1.09683e-17 
7299.103 1.37723e-17 
7303.184 6.98682e-18 
7307.264 -3.53101e-18 
7311.344 1.31135e-17 
7315.424 1.98819e-17 
7319.505 1.50014e-17 
7323.585 1.57343e-17 
7327.666 7.53650e-18 
7331.746 1.71464e-18 
7335.826 7.87772e-18 
7339.906 2.27111e-17 
7343.987 1.89577e-17 
7348.067 1.10008e-17 
7352.147 7.87784e-18 
7356.228 5.40208e-18 
7360.308 7.38317e-18 
7364.388 1.28716e-17 
7368.469 1.60988e-17 
7372.549 1.48866e-17 
7376.629 1.19340e-17 
7380.709 7.31948e-18 
7384.790 2.05959e-18 
7388.870 -2.78474e-18 
7392.950 4.59467e-18 
7397.031 8.77546e-18 
7401.111 1.51050e-18 
7405.191 6.96079e-18 
7409.271 3.26566e-18 
7413.352 4.86988e-18 
7417.432 7.89637e-18 
7421.513 -2.48928e-18 
7425.593 4.32842e-18 
7429.673 7.80709e-18 
7433.753 1.05785e-17 
7437.834 1.34364e-17 
7441.914 1.02295e-17 
7445.995 2.99855e-18 
7450.075 8.30726e-18 
7454.155 8.87572e-18 
7458.235 7.08076e-18 
7462.315 1.70107e-18 
7466.396 -4.86621e-17 
7470.476 -4.82429e-17 
7474.557 1.90904e-17 
7478.637 1.45526e-17 
7482.717 3.60641e-18 
7486.797 1.87251e-19 
7490.878 4.03048e-18 
7494.958 5.29637e-18 
7499.039 9.16235e-18 
7503.119 9.10589e-18 
7507.199 8.67841e-18 
7511.279 3.65351e-18 
7515.360 -1.01546e-17 
7519.440 -1.02880e-17 
7523.521 -2.45898e-19 
7527.601 9.76862e-18 
7531.681 1.56495e-17 
7535.761 1.67066e-17 
7539.842 1.16712e-17 
7543.922 3.29682e-18 
7548.002 -2.37995e-18 
7552.083 -3.64623e-18 
7556.163 4.54817e-18 
7560.243 1.91657e-17 
7564.323 2.12093e-17 
7568.404 1.49206e-17 
7572.484 7.39434e-18 
7576.564 3.84557e-18 
7580.645 4.09671e-18 
7584.725 3.09822e-18 
7588.805 1.58892e-18 
7592.886 -2.52998e-18 
7596.966 -1.11133e-17 
7601.046 -1.76384e-17 
7605.126 -5.68725e-18 
7609.207 1.18549e-17 
7613.287 2.43109e-17 
7617.368 1.42679e-17 
7621.448 -1.00247e-17 
7625.528 -8.96958e-18 
7629.608 4.12485e-18 
7633.688 1.54442e-17 
7637.769 1.43196e-17 
7641.849 1.07520e-17 
7645.930 9.96368e-18 
7650.010 3.17901e-18 
7654.090 1.36759e-17 
7658.170 1.41434e-17 
7662.251 2.84509e-18 
7666.331 -2.16608e-18 
7670.412 1.11328e-17 
7674.492 6.13889e-18 
7678.572 2.56807e-19 
7682.652 5.96285e-18 
7686.733 -5.63601e-19 
7690.813 -7.79006e-18 
7694.894 -3.36860e-18 
7698.974 -5.45554e-18 
7703.054 1.56302e-18 
7707.134 -5.82170e-20 
7711.215 -5.77653e-18 
7715.295 -1.33965e-17 
7719.375 -1.32229e-17 
7723.456 -4.82025e-18 
7727.536 3.74660e-19 
7731.616 -1.91272e-18 
7735.696 3.44131e-18 
7739.777 -7.07264e-18 
7743.857 -8.43759e-18 
7747.938 -1.57881e-18 
7752.018 -1.31054e-17 
7756.098 -1.20388e-17 
7760.178 -8.18045e-18 
7764.259 -1.07146e-17 
7768.339 -1.91492e-19 
7772.419 1.31037e-17 
7776.500 1.60112e-17 
7780.580 7.53350e-18 
7784.660 9.41600e-18 
7788.741 5.00612e-18 
7792.821 -7.02366e-18 
7796.901 -6.55291e-18 
7800.981 -1.03354e-17 
7805.062 2.82555e-18 
7809.142 1.50498e-17 
7813.222 1.64795e-17 
7817.303 2.00037e-17 
7821.383 1.00835e-17 
7825.463 -1.22580e-17 
7829.543 -1.26515e-17 
7833.624 -6.38659e-18 
7837.704 -6.74840e-19 
7841.785 2.87364e-18 
7845.865 1.48418e-17 
7849.945 1.19178e-17 
7854.025 1.00055e-17 
7858.106 -9.21881e-18 
7862.186 -5.94052e-18 
7866.267 3.24821e-18 
7870.347 -8.79538e-19 
7874.427 3.24573e-18 
7878.507 8.22682e-18 
7882.588 1.89858e-17 
7886.668 1.87316e-17 
7890.749 1.28026e-17 
7894.829 4.05543e-18 
7898.909 -5.97873e-18 
7902.989 3.81244e-18 
7907.069 2.08806e-17 
7911.150 3.37893e-17 
7915.230 2.85800e-17 
7919.311 1.21613e-17 
7923.391 -4.51193e-18 
7927.471 -6.91278e-18 
7931.551 -5.98694e-19 
7935.632 3.96724e-18 
7939.712 1.04815e-17 
7943.792 1.35177e-17 
7947.873 5.85291e-18 
7951.953 2.32206e-18 
7956.033 -3.62714e-18 
7960.114 -1.13074e-17 
7964.194 -2.12673e-17 
7968.274 -4.23336e-18 
7972.354 6.43227e-18 
7976.435 2.70296e-18 
7980.515 -6.05584e-18 
7984.595 6.98220e-18 
7988.676 8.91678e-18 
7992.756 3.17550e-18 
7996.836 -9.76114e-18 
8000.917 -5.63463e-18 
8004.997 3.10990e-18 
8009.077 5.33907e-18 
8013.158 6.61849e-18 
8017.238 1.69898e-17 
8021.318 2.28938e-17 
8025.398 1.62198e-17 
8029.479 6.81286e-18 
8033.559 5.55297e-18 
8037.640 5.87644e-18 
8041.720 -9.60466e-19 
8045.800 -5.53293e-18 
8049.880 -2.06147e-19 
8053.961 1.05954e-17 
8058.041 1.59695e-17 
8062.122 1.60606e-17 
8066.202 1.31884e-17 
8070.282 -2.72786e-18 
8074.362 -9.40941e-18 
8078.442 -1.63428e-19 
8082.523 -2.41275e-19 
8086.603 3.68680e-18 
8090.684 5.52414e-18 
8094.764 9.10551e-18 
8098.844 8.52363e-18 
8102.924 -3.98571e-18 
8107.005 -1.99728e-17 
8111.085 -1.21121e-17 
8115.166 -2.12702e-18 
8119.246 6.99904e-18 
8123.326 7.35024e-18 
8127.406 2.13778e-18 
8131.487 6.64569e-18 
8135.567 8.70344e-18 
8139.647 6.24153e-18 
8143.728 8.38695e-19 
8147.808 -8.13082e-18 
8151.888 -8.32137e-18 
8155.969 4.38413e-18 
8160.049 9.11386e-18 
8164.129 1.19566e-18 
8168.209 9.07260e-18 
8172.290 1.30825e-17 
8176.370 -2.94394e-18 
8180.450 -9.13844e-18 
8184.531 -4.60579e-18 
8188.611 4.53212e-18 
8192.691 3.90867e-18 
8196.771 1.03378e-19 
8200.852 -3.19126e-18 
8204.933 -2.34804e-18 
8209.013 -5.03078e-18 
8213.093 -8.37606e-18 
8217.173 -1.29178e-17 
8221.254 2.87524e-18 
8225.334 6.25132e-18 
8229.414 1.08873e-17 
8233.494 1.22845e-17 
8237.575 5.20789e-18 
8241.655 8.20586e-19 
8245.735 -1.20407e-18 
8249.815 4.42932e-19 
8253.896 -1.46609e-18 
8257.977 2.07930e-19 
8262.057 2.83950e-18 
8266.137 2.58512e-18 
8270.217 4.53890e-18 
8274.298 -8.35151e-19 
8278.378 -5.13786e-18 
8282.458 -2.29491e-18 
8286.538 -1.76250e-17 
8290.619 -2.87080e-17 
8294.699 -2.00577e-17 
8298.779 -1.46464e-17 
8302.859 -4.47379e-18 
8306.940 7.78111e-18 
8311.021 4.75268e-18 
8315.101 -5.55093e-18 
8319.181 -3.48506e-18 
8323.262 -6.15403e-18 
8327.342 -9.06464e-18 
8331.422 -9.74510e-18 
8335.502 -9.27601e-18 
8339.582 2.85385e-18 
8343.663 1.34485e-17 
8347.743 2.92938e-17 
8351.823 1.08527e-17 
8355.903 -8.58894e-18 
8359.984 1.35943e-18 
8364.064 9.97633e-19 
8368.145 -5.22159e-18 
8372.225 -1.26467e-17 
8376.306 3.79104e-18 
8380.386 9.91379e-18 
8384.466 4.73559e-18 
8388.546 -2.11024e-18 
8392.627 -2.91020e-18 
8396.707 -1.55305e-17 
8400.787 -1.41802e-17 
8404.867 2.18313e-18 
8408.948 5.91272e-18 
8413.028 1.76544e-18 
8417.108 8.93636e-19 
8421.188 -4.12492e-18 
8425.269 2.72579e-18 
8429.350 6.95657e-18 
8433.430 1.27451e-18 
8437.510 -9.11040e-18 
8441.590 -9.47665e-18 
8445.671 -2.79272e-18 
8449.751 -7.35648e-19 
8453.831 2.85949e-18 
8457.911 1.70088e-18 
8461.992 1.26959e-17 
8466.072 1.48706e-17 
8470.152 8.82016e-18 
8474.232 2.33195e-19 
8478.313 -4.79103e-21 
8482.394 8.65876e-19 
8486.474 1.21569e-17 
8490.554 9.57779e-18 
8494.635 2.23176e-18 
8498.715 -2.91203e-18 
8502.795 -2.94276e-18 
8506.875 4.05267e-18 
8510.955 -4.67193e-18 
8515.036 -1.93796e-17 
8519.116 -1.18570e-17 
8523.196 6.48834e-18 
8527.276 1.55399e-17 
8531.357 1.05419e-17 
8535.438 -5.18312e-18 
8539.518 -3.51340e-18 
8543.598 -2.95311e-18 
8547.679 -4.63845e-18 
8551.759 -1.11596e-17 
8555.839 -1.68011e-17 
8559.919 -2.20837e-17 
8564.000 -1.54624e-17 
8568.080 1.14375e-18 
8572.160 1.26447e-18 
8576.240 -4.07824e-18 
8580.321 -3.53438e-18 
8584.401 -1.14674e-17 
8588.481 -2.09659e-17 
8592.562 -1.60384e-17 
8596.642 -1.10588e-17 
8600.723 -1.12051e-17 
8604.803 -1.28511e-17 
8608.883 -4.57964e-18 
8612.963 5.80820e-18 
8617.044 6.51702e-18 
8621.124 1.08493e-17 
8625.204 -1.12118e-17 
8629.284 -2.52146e-17 
8633.365 -1.88823e-17 
8637.445 -1.04330e-17 
8641.525 -6.48819e-18 
8645.605 -5.11168e-19 
8649.687 1.24550e-17 
8653.767 1.31880e-17 
8657.847 1.46322e-17 
8661.927 1.83076e-18 
8666.008 -1.21294e-17 
8670.088 -1.06180e-17 
8674.168 -1.49917e-17 
8678.248 -8.21344e-18 
8682.328 2.58503e-18 
8686.409 3.84707e-18 
8690.489 1.22565e-17 
8694.569 1.45900e-17 
8698.649 4.09983e-18 
8702.730 -7.31139e-18 
8706.811 -7.75556e-18 
8710.891 -5.93047e-18 
8714.971 4.63258e-18 
8719.052 1.22037e-17 
8723.132 6.28007e-18 
8727.212 5.05680e-18 
8731.292 4.85239e-18 
8735.373 -3.55825e-18 
8739.453 8.39251e-19 
8743.533 -3.41008e-18 
8747.613 4.01574e-18 
8751.694 2.35894e-17 
8755.774 1.85371e-17 
8759.854 1.86181e-17 
8763.935 2.78138e-17 
8768.016 1.62020e-17 
8772.096 1.48963e-17 
8776.176 1.69070e-17 
8780.256 -1.04725e-17 
8784.336 -1.64635e-17 
8788.417 -3.55793e-18 
8792.497 -1.05217e-17 
8796.577 -1.10062e-17 
8800.657 6.00000e-18 
8804.738 -1.33916e-18 
8808.818 -1.05803e-17 
8812.898 -2.43013e-17 
8816.979 -4.91452e-17 
8821.060 -5.93356e-17 
8825.140 -5.74156e-17 
8829.220 -8.24832e-18 
8833.300 7.96279e-18 
8837.381 5.85998e-18 
8841.461 3.66951e-18 
8845.541 8.40882e-19 
8849.621 -2.13548e-18 
8853.702 -5.27758e-18 
8857.782 -1.48206e-17 
8861.862 -1.65645e-18 
8865.942 2.35295e-17 
8870.022 2.72668e-17 
8874.104 3.67677e-17 
8878.184 3.62738e-17 
8882.264 3.07120e-17 
8886.344 1.07705e-18 
8890.425 -1.73490e-17 
8894.505 -2.72638e-17 
8898.585 -1.01785e-17 
8902.665 1.66618e-17 
8906.746 2.79797e-17 
8910.826 1.22071e-17 
8914.906 1.08808e-17 
8918.986 8.33206e-18 
8923.067 -1.17071e-17 
8927.147 6.86069e-19 
8931.228 1.25699e-17 
8935.308 1.26669e-17 
8939.389 2.80336e-17 
8943.469 2.29588e-17 
8947.549 5.81006e-18 
8951.629 -6.61742e-18 
8955.709 6.80155e-18 
8959.790 2.66805e-17 
8963.870 2.78896e-17 
8967.950 7.89246e-18 
8972.030 2.66682e-18 
8976.111 5.34934e-18 
8980.191 1.32996e-17 
8984.271 3.32050e-18 
8988.352 -2.02554e-17 
8992.433 -1.37839e-17 
8996.513 -5.11670e-18 
9000.593 1.76273e-17 
9004.673 3.03677e-17 
9008.754 1.22599e-17 
9012.834 9.08942e-18 
9016.914 2.16866e-17 
9020.994 1.10169e-17 
9025.075 1.87035e-18 
9029.155 5.51095e-18 
9033.235 1.79736e-17 
9037.315 1.70797e-17 
9041.396 1.79948e-17 
9045.477 2.04316e-17 
9049.557 1.47570e-17 
9053.637 6.48306e-19 
9057.717 -7.29641e-18 
9061.798 -1.67043e-17 
9065.878 5.19980e-18 
9069.958 4.44711e-18 
9074.038 1.42266e-18 
9078.119 5.16306e-18 
9082.199 1.16379e-18 
9086.279 -1.07838e-17 
9090.359 -1.59485e-17 
9094.440 -3.57839e-18 
9098.521 1.98365e-17 
9102.601 2.97994e-17 
9106.681 1.67022e-17 
9110.762 -5.28515e-18 
9114.842 4.80928e-18 
9118.922 7.67984e-18 
9123.002 4.90763e-18 
9127.082 1.04851e-17 
9131.163 1.33287e-17 
9135.243 7.88285e-18 
9139.323 1.19047e-17 
9143.403 1.31249e-17 
9147.484 2.14655e-18 
9151.564 8.75159e-18 
9155.645 3.45722e-17 
9159.725 2.01344e-17 
9163.806 -5.61581e-18 
9167.886 -2.30975e-18 
9171.966 1.15524e-18 
9176.046 1.16710e-17 
9180.127 1.11903e-18 
9184.207 -7.35969e-18 
9188.287 8.78661e-18 
9192.367 2.36026e-17 
9196.448 9.06892e-18 
9200.528 6.45882e-18 
9204.608 6.63494e-18 
9208.688 -1.39777e-17 
9212.769 -9.84734e-18 
9216.850 -2.42471e-18 
9220.930 -1.23899e-18 
9225.010 9.14886e-18 
9229.090 1.89002e-17 
9233.171 7.38170e-17 
