3651.07226562  7.892110E-17
3656.59020089603  9.378649E-17
3662.10813617206  9.277279E-17
3667.62607144809  7.646608E-17
3673.14400672412  7.057964E-17
3678.66194200015  9.379374E-17
3684.17987727618  5.776150E-17
3689.69781255221  8.070363E-17
3695.21574782824  1.143084E-16
3700.73368310427  7.245978E-17
3706.2516183803  6.570189E-17
3711.76955365633  7.057443E-17
3717.28748893236  9.798124E-17
3722.80542420839  7.854368E-17
3728.32335948442  8.386492E-17
3733.84129476045  6.816951E-17
3739.35923003648  1.122293E-16
3744.87716531251  7.056872E-17
3750.39510058854  1.078061E-16
3755.91303586457  1.054506E-16
3761.4309711406  8.808439E-17
3766.94890641663  7.784878E-17
3772.46684169266  8.062210E-17
3777.98477696869  5.897540E-17
3783.50271224472  8.317871E-17
3789.02064752075  8.363523E-17
3794.53858279678  8.743398E-17
3800.05651807281  1.025466E-16
3805.57445334884  9.853315E-17
3811.09238862487  7.369426E-17
3816.6103239009  7.766764E-17
3822.12825917693  8.747430E-17
3827.64619445296  8.316230E-17
3833.16412972899  1.048571E-16
3838.68206500502  6.965208E-17
3844.20000028105  7.707250E-17
3849.71793555708  7.999552E-17
3855.23587083311  1.047071E-16
3860.75380610914  1.161102E-16
3866.27174138517  8.008095E-17
3871.7896766612  7.662150E-17
3877.30761193723  7.879787E-17
3882.82554721326  8.108595E-17
3888.34348248929  9.102604E-17
3893.86141776532  9.018118E-17
3899.37935304135  6.927771E-17
3904.89728831738  9.519889E-17
3910.41522359341  7.748016E-17
3915.93315886944  6.833966E-17
3921.45109414547  8.247695E-17
3926.9690294215  6.238181E-17
3932.48696469753  6.401931E-17
3938.00489997356  7.220307E-17
3943.52283524959  7.229397E-17
3949.04077052562  8.298997E-17
3954.55870580165  9.094321E-17
3960.07664107768  8.265713E-17
3965.59457635371  7.144851E-17
3971.11251162974  7.402551E-17
3976.63044690577  6.990678E-17
3982.1483821818  7.792627E-17
3987.66631745783  8.391831E-17
3993.18425273386  8.602844E-17
3998.70218800989  8.803534E-17
4004.22012328592  6.767801E-17
4009.73805856195  7.559106E-17
4015.25599383798  7.669265E-17
4020.77392911401  7.211981E-17
4026.29186439004  8.331680E-17
4031.80979966607  9.043274E-17
4037.3277349421  8.524003E-17
4042.84567021813  8.337021E-17
4048.36360549416  7.824254E-17
4053.88154077019  8.661239E-17
4059.39947604622  1.045210E-16
4064.91741132225  9.062208E-17
4070.43534659828  7.293992E-17
4075.95328187431  7.895765E-17
4081.47121715034  7.108922E-17
4086.98915242637  7.847890E-17
4092.5070877024  9.225839E-17
4098.02502297843  7.642736E-17
4103.54295825446  6.583229E-17
4109.06089353049  7.234429E-17
4114.57882880652  8.000525E-17
4120.09676408255  8.723995E-17
4125.61469935858  8.371892E-17
4131.13263463461  8.108837E-17
4136.65056991064  9.282269E-17
4142.16850518667  7.501637E-17
4147.6864404627  9.112659E-17
4153.20437573873  7.808547E-17
4158.72231101476  8.282483E-17
4164.24024629079  6.795984E-17
4169.75818156682  7.391221E-17
4175.27611684285  8.380577E-17
4180.79405211888  7.401605E-17
4186.31198739491  7.439397E-17
4191.82992267094  7.768236E-17
4197.34785794697  8.083343E-17
4202.865793223  7.810842E-17
4208.38372849903  7.795518E-17
4213.90166377506  8.350285E-17
4219.41959905109  7.457622E-17
4224.93753432712  7.404257E-17
4230.45546960315  8.102996E-17
4235.97340487918  8.115329E-17
4241.49134015521  7.866697E-17
4247.00927543124  7.562266E-17
4252.52721070727  7.155332E-17
4258.0451459833  7.424211E-17
4263.56308125933  7.857060E-17
4269.08101653536  7.880250E-17
4274.59895181139  8.383215E-17
4280.11688708742  8.799437E-17
4285.63482236345  6.787088E-17
4291.15275763948  6.855531E-17
4296.67069291551  6.329638E-17
4302.18862819154  7.466036E-17
4307.70656346757  7.579696E-17
4313.2244987436  7.353953E-17
4318.74243401963  7.362377E-17
4324.26036929566  6.691641E-17
4329.77830457169  7.448352E-17
4335.29623984772  6.538695E-17
4340.81417512375  6.049186E-17
4346.33211039978  8.288577E-17
4351.85004567581  8.039697E-17
4357.36798095184  8.267838E-17
4362.88591622787  8.913117E-17
4368.4038515039  8.966807E-17
4373.92178677994  8.965322E-17
4379.43972205597  9.323628E-17
4384.95765733199  8.443077E-17
4390.47559260802  8.354013E-17
4395.99352788405  8.831285E-17
4401.51146316008  8.424152E-17
4407.02939843611  9.148147E-17
4412.54733371214  9.097170E-17
4418.06526898817  8.167785E-17
4423.5832042642  7.585714E-17
4429.10113954023  8.299774E-17
4434.61907481626  8.479514E-17
4440.13701009229  7.583455E-17
4445.65494536832  8.079546E-17
4451.17288064435  8.169969E-17
4456.69081592038  7.362496E-17
4462.20875119641  8.187006E-17
4467.72668647244  8.792054E-17
4473.24462174847  8.294700E-17
4478.7625570245  8.042700E-17
4484.28049230053  8.587779E-17
4489.79842757656  7.808858E-17
4495.31636285259  8.062693E-17
4500.83429812862  8.978175E-17
4506.35223340465  8.188037E-17
4511.87016868068  8.345670E-17
4517.38810395671  9.011571E-17
4522.90603923274  7.557330E-17
4528.42397450877  7.252735E-17
4533.9419097848  6.626311E-17
4539.45984506083  6.956093E-17
4544.97778033686  8.035281E-17
4550.49571561289  8.348529E-17
4556.01365088892  6.173836E-17
4561.53158616495  8.084028E-17
4567.04952144098  7.439045E-17
4572.56745671701  9.196529E-17
4578.08539199304  8.598544E-17
4583.60332726907  7.719894E-17
4589.1212625451  7.575198E-17
4594.63919782113  9.039839E-17
4600.15713309716  8.010905E-17
4605.6750683732  8.059841E-17
4611.19300364922  8.560261E-17
4616.71093892525  8.466363E-17
4622.22887420128  7.646694E-17
4627.74680947731  7.083017E-17
4633.26474475334  8.399380E-17
4638.78268002937  8.425349E-17
4644.3006153054  8.298479E-17
4649.81855058143  8.265447E-17
4655.33648585746  7.027846E-17
4660.85442113349  7.551820E-17
4666.37235640952  8.289962E-17
4671.89029168555  7.150507E-17
4677.40822696158  7.559715E-17
4682.92616223761  7.413547E-17
4688.44409751364  6.899373E-17
4693.96203278967  7.466796E-17
4699.4799680657  7.421840E-17
4704.99790334173  7.916458E-17
4710.51583861776  7.541834E-17
4716.03377389379  6.933244E-17
4721.55170916982  7.715356E-17
4727.06964444585  8.044074E-17
4732.58757972188  8.334541E-17
4738.10551499791  8.128033E-17
4743.62345027395  8.052949E-17
4749.14138554997  7.481684E-17
4754.659320826  8.418162E-17
4760.17725610203  8.536250E-17
4765.69519137806  7.796237E-17
4771.2131266541  7.766855E-17
4776.73106193012  7.560592E-17
4782.24899720615  6.748669E-17
4787.76693248218  7.331443E-17
4793.28486775821  7.871030E-17
4798.80280303424  8.286477E-17
4804.32073831027  7.850718E-17
4809.8386735863  7.572358E-17
4815.35660886233  8.006764E-17
4820.87454413836  7.640844E-17
4826.39247941439  7.511617E-17
4831.91041469042  8.987581E-17
4837.42834996645  7.633112E-17
4842.94628524248  7.925168E-17
4848.46422051851  8.467901E-17
4853.98215579454  9.040121E-17
4859.50009107058  7.800941E-17
4865.0180263466  8.058163E-17
4870.53596162263  8.748950E-17
4876.05389689866  7.994515E-17
4881.57183217469  8.415541E-17
4887.08976745072  8.579298E-17
4892.60770272676  8.486984E-17
4898.12563800278  8.459407E-17
4903.64357327881  9.605253E-17
4909.16150855484  7.696726E-17
4914.67944383088  7.932549E-17
4920.1973791069  8.598213E-17
4925.71531438293  8.782544E-17
4931.23324965896  8.322658E-17
4936.75118493499  8.840823E-17
4942.26912021103  8.676769E-17
4947.78705548705  7.692891E-17
4953.30499076309  8.178861E-17
4958.82292603911  8.626944E-17
4964.34086131514  8.112489E-17
4969.85879659117  7.589994E-17
4975.37673186721  9.060803E-17
4980.89466714324  8.294643E-17
4986.41260241926  8.481269E-17
4991.93053769529  8.110577E-17
4997.44847297132  9.043281E-17
5002.96640824736  8.200914E-17
5008.48434352338  7.587449E-17
5014.00227879942  7.991221E-17
5019.52021407545  8.642334E-17
5025.03814935148  8.677596E-17
5030.55608462751  9.149158E-17
5036.07401990353  8.344433E-17
5041.59195517957  8.968935E-17
5047.10989045559  8.731917E-17
5052.62782573162  7.779183E-17
5058.14576100766  7.789346E-17
5063.66369628369  8.752991E-17
5069.18163155971  8.995964E-17
5074.69956683575  8.124773E-17
5080.21750211177  8.461233E-17
5085.7354373878  7.794215E-17
5091.25337266384  7.703176E-17
5096.77130793987  7.499711E-17
5102.28924321589  8.385674E-17
5107.80717849192  8.241132E-17
5113.32511376796  8.755133E-17
5118.84304904398  8.272323E-17
5124.36098432002  8.485662E-17
5129.87891959605  8.059672E-17
5135.39685487208  8.116127E-17
5140.91479014811  8.699883E-17
5146.43272542414  8.261599E-17
5151.95066070017  8.028199E-17
5157.4685959762  7.818054E-17
5162.98653125223  9.328970E-17
5168.50446652826  9.246329E-17
5174.02240180428  9.247871E-17
5179.54033708031  8.906551E-17
5185.05827235635  7.742342E-17
5190.57620763237  8.910268E-17
5196.09414290841  8.848963E-17
5201.61207818444  8.246497E-17
5207.13001346046  8.645275E-17
5212.6479487365  9.195249E-17
5218.16588401253  8.354871E-17
5223.68381928856  9.291355E-17
5229.20175456459  9.393538E-17
5234.71968984062  7.858393E-17
5240.23762511664  8.005853E-17
5245.75556039267  8.763887E-17
5251.2734956687  8.485372E-17
5256.79143094474  8.436649E-17
5262.30936622076  8.726646E-17
5267.8273014968  8.378839E-17
5273.34523677282  8.502513E-17
5278.86317204885  8.053916E-17
5284.38110732489  8.747970E-17
5289.89904260092  8.896347E-17
5295.41697787695  8.005796E-17
5300.93491315298  7.939188E-17
5306.45284842901  8.760753E-17
5311.97078370504  9.261175E-17
5317.48871898107  8.432899E-17
5323.00665425709  8.399916E-17
5328.52458953312  7.883739E-17
5334.04252480916  8.174452E-17
5339.56046008519  8.357152E-17
5345.07839536122  7.592408E-17
5350.59633063725  7.610989E-17
5356.11426591328  8.061219E-17
5361.63220118931  7.581881E-17
5367.15013646534  7.855873E-17
5372.66807174137  8.688675E-17
5378.1860070174  8.419261E-17
5383.70394229343  8.134727E-17
5389.22187756946  7.480678E-17
5394.73981284548  7.497545E-17
5400.25774812152  7.227459E-17
5405.77568339755  7.950698E-17
5411.29361867358  8.495539E-17
5416.8115539496  7.714488E-17
5422.32948922563  8.957389E-17
5427.84742450167  7.975592E-17
5433.36535977769  7.517564E-17
5438.88329505373  7.077218E-17
5444.40123032976  7.190610E-17
5449.91916560578  7.363199E-17
5455.43710088182  8.301652E-17
5460.95503615785  8.562182E-17
5466.47297143388  8.293635E-17
5471.99090670991  7.445152E-17
5477.50884198593  6.713586E-17
5483.02677726196  6.479901E-17
5488.544712538  7.529824E-17
5494.06264781402  6.960269E-17
5499.58058309006  7.345012E-17
5505.09851836609  8.080516E-17
5510.61645364212  6.644560E-17
5516.13438891815  7.882805E-17
5521.65232419418  7.686046E-17
5527.17025947021  7.550709E-17
5532.68819474624  7.346570E-17
5538.20613002227  6.926609E-17
5543.7240652983  7.898228E-17
5549.24200057433  7.353978E-17
5554.75993585035  7.926399E-17
5560.27787112639  7.102795E-17
5565.79580640241  6.844328E-17
5571.31374167845  5.234375E-17
5576.83167695448  7.178439E-17
5582.34961223051  8.727541E-17
5587.86754750654  1.294658E-16
5593.38548278257  6.524263E-17
5598.9034180586  7.098511E-17
5604.42135333463  7.496865E-17
5609.93928861066  6.449380E-17
5615.45722388669  7.018469E-17
5620.97515916272  8.282863E-17
5626.49309443875  6.463961E-17
5632.01102971477  7.127767E-17
5637.52896499081  6.323832E-17
5643.04690026684  5.757939E-17
5648.56483554286  6.744983E-17
5654.0827708189  6.480138E-17
5659.60070609493  6.821125E-17
5665.11864137095  7.679895E-17
5670.63657664699  6.543334E-17
5676.15451192302  7.598615E-17
5681.67244719905  6.743103E-17
5687.19038247508  7.362797E-17
5692.70831775111  8.336254E-17
5698.22625302714  6.950530E-17
5703.74418830317  7.482487E-17
5709.2621235792  7.141562E-17
5714.78005885523  7.122254E-17
5720.29799413126  6.599889E-17
5725.81592940728  7.239798E-17
5731.33386468332  6.882930E-17
5736.85179995935  7.977630E-17
5742.36973523538  6.731135E-17
5747.88767051141  6.432293E-17
5753.40560578744  7.241841E-17
5758.92354106347  7.350785E-17
5764.4414763395  7.235502E-17
5769.95941161553  7.361423E-17
5775.47734689156  8.035090E-17
5780.99528216759  7.702029E-17
5786.51321744361  5.718292E-17
5792.03115271965  6.791105E-17
5797.54908799568  5.935076E-17
5803.06702327171  6.541960E-17
5808.58495854774  7.808997E-17
5814.10289382377  7.153098E-17
5819.62082909979  6.306688E-17
5825.13876437583  7.248258E-17
5830.65669965186  7.607154E-17
5836.17463492789  8.071380E-17
5841.69257020392  7.912280E-17
5847.21050547995  7.062692E-17
5852.72844075598  7.536732E-17
5858.24637603201  7.214687E-17
5863.76431130804  6.951944E-17
5869.28224658407  7.236928E-17
5874.8001818601  7.272297E-17
5880.31811713613  7.079592E-17
5885.83605241216  5.431438E-17
5891.35398768819  7.111222E-17
5896.87192296422  7.389851E-17
5902.38985824025  6.618914E-17
5907.90779351628  6.473576E-17
5913.42572879231  7.147907E-17
5918.94366406834  6.964854E-17
5924.46159934437  8.037772E-17
5929.9795346204  8.324839E-17
5935.49746989643  7.375711E-17
5941.01540517246  6.778983E-17
5946.53334044849  7.166080E-17
5952.05127572452  7.261478E-17
5957.56921100055  6.486443E-17
5963.08714627658  6.758902E-17
5968.60508155261  7.633074E-17
5974.12301682864  8.050252E-17
5979.64095210467  6.693970E-17
5985.1588873807  6.919863E-17
5990.67682265673  7.355617E-17
5996.19475793276  7.196845E-17
6001.71269320879  6.724419E-17
6007.23062848482  7.071142E-17
6012.74856376085  7.269730E-17
6018.26649903688  7.094882E-17
6023.78443431291  6.866290E-17
6029.30236958894  6.789732E-17
6034.82030486497  7.072178E-17
6040.338240141  6.443251E-17
6045.85617541703  6.767129E-17
6051.37411069306  7.288889E-17
6056.89204596909  7.186161E-17
6062.40998124512  6.320928E-17
6067.92791652115  6.826079E-17
6073.44585179718  6.155115E-17
6078.96378707321  7.052484E-17
6084.48172234924  6.459446E-17
6089.99965762527  6.806888E-17
6095.5175929013  6.284687E-17
6101.03552817733  6.579518E-17
6106.55346345336  7.213652E-17
6112.07139872939  7.018099E-17
6117.58933400542  6.369670E-17
6123.10726928145  6.992870E-17
6128.62520455748  6.461883E-17
6134.14313983351  7.468180E-17
6139.66107510954  7.589985E-17
6145.17901038557  7.125935E-17
6150.6969456616  7.264987E-17
6156.21488093763  6.725287E-17
6161.73281621366  7.043250E-17
6167.25075148969  6.968306E-17
6172.76868676572  6.851912E-17
6178.28662204175  6.516255E-17
6183.80455731778  7.157062E-17
6189.32249259381  7.463991E-17
6194.84042786984  7.376195E-17
6200.35836314587  6.669443E-17
6205.8762984219  7.961045E-17
6211.39423369793  7.637576E-17
6216.91216897396  7.566731E-17
6222.43010424999  7.986885E-17
6227.94803952602  7.393527E-17
6233.46597480205  7.061663E-17
6238.98391007807  7.656552E-17
6244.5018453541  8.679139E-17
6250.01978063014  7.608409E-17
6255.53771590617  6.552235E-17
6261.0556511822  7.761330E-17
6266.57358645823  7.104969E-17
6272.09152173426  7.044782E-17
6277.60945701029  7.982735E-17
6283.12739228632  6.249343E-17
6288.64532756235  4.722209E-17
6294.16326283838  6.565436E-17
6299.68119811441  7.284549E-17
6305.19913339044  7.784712E-17
6310.71706866647  6.937908E-17
6316.2350039425  6.502862E-17
6321.75293921853  7.208377E-17
6327.27087449456  7.476898E-17
6332.78880977059  7.860665E-17
6338.30674504662  6.547756E-17
6343.82468032265  7.233315E-17
6349.34261559868  7.252112E-17
6354.86055087471  7.574276E-17
6360.37848615074  7.837612E-17
6365.89642142677  7.047202E-17
6371.4143567028  6.538247E-17
6376.93229197883  6.261093E-17
6382.45022725486  6.543355E-17
6387.96816253089  7.526982E-17
6393.48609780692  8.047201E-17
6399.00403308295  6.722934E-17
6404.52196835898  6.645008E-17
6410.03990363501  7.864809E-17
6415.55783891104  6.562480E-17
6421.07577418707  6.072138E-17
6426.5937094631  7.323639E-17
6432.11164473913  6.830849E-17
6437.62958001516  6.767859E-17
6443.14751529119  7.573639E-17
6448.66545056722  6.790486E-17
6454.18338584325  6.437815E-17
6459.70132111928  6.552988E-17
6465.21925639531  6.498489E-17
6470.73719167134  7.447893E-17
6476.25512694737  7.465693E-17
6481.7730622234  6.279683E-17
6487.29099749943  6.914407E-17
6492.80893277546  6.405858E-17
6498.32686805149  6.875701E-17
6503.84480332752  7.350687E-17
6509.36273860355  7.274602E-17
6514.88067387958  8.235742E-17
6520.39860915561  7.496134E-17
6525.91654443164  6.722429E-17
6531.43447970767  6.235865E-17
6536.9524149837  6.237891E-17
6542.47035025973  6.562486E-17
6547.98828553575  6.092473E-17
6553.50622081179  6.822483E-17
6559.02415608782  7.736420E-17
6564.54209136385  8.127741E-17
6570.06002663988  5.951529E-17
6575.57796191591  7.242207E-17
6581.09589719194  8.249901E-17
6586.61383246797  7.333615E-17
6592.131767744  6.706379E-17
6597.64970302003  7.035129E-17
6603.16763829606  6.100728E-17
6608.68557357209  7.103761E-17
6614.20350884812  5.868603E-17
6619.72144412415  7.453389E-17
6625.23937940018  6.749141E-17
6630.75731467621  6.996565E-17
6636.27524995224  7.260562E-17
6641.79318522827  6.790612E-17
6647.3111205043  6.868061E-17
6652.82905578033  6.908522E-17
6658.34699105636  6.062548E-17
6663.86492633239  6.115493E-17
6669.38286160842  7.623432E-17
6674.90079688445  7.401571E-17
6680.41873216048  5.911255E-17
6685.93666743651  6.249461E-17
6691.45460271254  6.973231E-17
6696.97253798857  6.792193E-17
6702.4904732646  6.698122E-17
6708.00840854063  7.282768E-17
6713.52634381666  6.739389E-17
6719.04427909269  5.716620E-17
6724.56221436872  6.516220E-17
6730.08014964475  6.900969E-17
6735.59808492078  6.005145E-17
6741.11602019681  7.017262E-17
6746.63395547284  7.011493E-17
6752.15189074887  6.306428E-17
6757.6698260249  7.251890E-17
6763.18776130093  6.401654E-17
6768.70569657696  7.018833E-17
6774.22363185299  6.567506E-17
6779.74156712902  6.392610E-17
6785.25950240505  6.502328E-17
6790.77743768108  6.478676E-17
6796.29537295711  6.375547E-17
6801.81330823314  6.377025E-17
6807.33124350917  6.728272E-17
6812.8491787852  7.010761E-17
6818.36711406123  7.110763E-17
6823.88504933726  6.691334E-17
6829.40298461329  6.007066E-17
6834.92091988932  6.673277E-17
6840.43885516535  6.976042E-17
6845.95679044138  6.169627E-17
6851.47472571741  6.198854E-17
6856.99266099344  6.226971E-17
6862.51059626947  6.244752E-17
6868.0285315455  6.009762E-17
6873.54646682153  6.417911E-17
6879.06440209756  7.417020E-17
6884.58233737359  6.949855E-17
6890.10027264962  7.224499E-17
6895.61820792565  7.207141E-17
6901.13614320168  6.746772E-17
6906.65407847771  7.752422E-17
6912.17201375374  8.400015E-17
6917.68994902977  7.796034E-17
6923.2078843058  7.960122E-17
6928.72581958183  7.598093E-17
6934.24375485786  8.021772E-17
6939.76169013389  7.986971E-17
6945.27962540992  8.711551E-17
6950.79756068595  7.995259E-17
6956.31549596198  7.887389E-17
6961.83343123801  8.682587E-17
6967.35136651404  7.563916E-17
6972.86930179007  6.982895E-17
6978.3872370661  7.788539E-17
6983.90517234213  7.784893E-17
6989.42310761816  7.498638E-17
6994.94104289419  7.773695E-17
7000.45897817022  7.213691E-17
7005.97691344625  8.609996E-17
7011.49484872228  8.028490E-17
7017.01278399831  7.251106E-17
7022.53071927434  7.733050E-17
7028.04865455037  8.185728E-17
7033.5665898264  8.797902E-17
7039.08452510243  8.735254E-17
7044.60246037846  9.879829E-17
7050.12039565449  8.356654E-17
7055.63833093052  7.157349E-17
7061.15626620655  7.393772E-17
7066.67420148258  7.392307E-17
7072.19213675861  7.338648E-17
7077.71007203464  7.200036E-17
7083.22800731067  7.057325E-17
7088.7459425867  7.123032E-17
7094.26387786273  6.677302E-17
7099.78181313876  7.294080E-17
7105.29974841479  7.584883E-17
7110.81768369082  7.293185E-17
7116.33561896685  6.718685E-17
7121.85355424288  7.746522E-17
7127.37148951891  8.312083E-17
7132.88942479494  7.945424E-17
7138.40736007097  7.786737E-17
7143.925295347  9.079332E-17
7149.44323062303  1.050745E-16
7154.96116589906  1.115245E-16
7160.47910117509  1.027057E-16
7165.99703645112  1.043134E-16
7171.51497172715  1.014544E-16
7177.03290700318  8.594737E-17
7182.55084227921  8.953954E-17
7188.06877755524  8.410066E-17
7193.58671283127  7.678971E-17
7199.1046481073  7.353978E-17
7204.62258338333  6.591823E-17
7210.14051865936  7.803935E-17
7215.65845393539  6.825120E-17
7221.17638921142  7.997648E-17
7226.69432448745  8.152549E-17
7232.21225976348  6.660558E-17
7237.73019503951  7.719533E-17
7243.24813031554  7.510072E-17
7248.76606559157  7.708986E-17
7254.2840008676  6.161309E-17
7259.80193614363  7.727413E-17
7265.31987141966  6.699734E-17
7270.83780669569  7.434039E-17
7276.35574197172  8.022156E-17
7281.87367724775  7.930436E-17
7287.39161252378  7.331094E-17
7292.90954779981  8.082710E-17
7298.42748307584  9.146549E-17
7303.94541835187  7.681723E-17
7309.4633536279  7.579910E-17
7314.98128890393  7.568803E-17
7320.49922417996  8.000138E-17
7326.01715945599  8.371089E-17
7331.53509473202  8.668654E-17
7337.05303000805  9.156399E-17
7342.57096528408  8.869136E-17
7348.08890056011  8.171377E-17
7353.60683583614  8.003721E-17
7359.12477111217  7.883929E-17
7364.6427063882  7.933166E-17
7370.16064166423  7.565156E-17
7375.67857694026  8.158298E-17
7381.19651221629  7.900617E-17
7386.71444749232  7.693872E-17
7392.23238276835  8.848794E-17
7397.75031804438  8.078526E-17
7403.26825332041  8.467158E-17
7408.78618859644  7.060860E-17
7414.30412387247  7.499898E-17
7419.8220591485  8.143232E-17
7425.33999442453  7.565696E-17
7430.85792970056  7.781318E-17
7436.37586497659  8.210141E-17
7441.89380025262  6.381536E-17
7447.41173552865  6.806612E-17
7452.92967080468  7.612733E-17
7458.44760608071  7.774594E-17
7463.96554135674  7.677300E-17
7469.48347663277  6.417842E-17
7475.0014119088  5.751260E-17
7480.51934718483  6.264044E-17
7486.03728246086  7.594390E-17
7491.55521773689  7.455004E-17
7497.07315301292  6.026309E-17
7502.59108828895  6.681415E-17
7508.10902356498  6.430172E-17
7513.62695884101  7.362674E-17
7519.14489411704  7.960489E-17
7524.66282939307  7.333208E-17
7530.1807646691  7.173098E-17
7535.69869994513  5.852397E-17
7541.21663522116  5.778667E-17
7546.73457049719  6.763199E-17
7552.25250577322  6.594675E-17
7557.77044104925  6.484076E-17
7563.28837632528  7.136203E-17
7568.80631160131  5.344018E-17
7574.32424687734  5.785863E-17
7579.84218215337  7.374639E-17
7585.3601174294  7.686790E-17
7590.87805270543  7.405696E-17
7596.39598798146  6.191606E-17
7601.91392325749  4.668192E-17
7607.43185853352  4.842794E-17
7612.94979380955  5.670702E-17
7618.46772908558  6.907137E-17
7623.98566436161  5.829046E-17
7629.50359963764  4.990990E-17
7635.02153491367  5.980831E-17
7640.5394701897  4.886502E-17
7646.05740546573  5.544418E-17
7651.57534074176  6.009541E-17
7657.09327601779  5.976357E-17
7662.61121129382  5.983519E-17
7668.12914656985  6.408722E-17
7673.64708184588  5.634635E-17
7679.16501712191  5.889186E-17
7684.68295239794  6.867506E-17
7690.20088767397  6.416568E-17
7695.71882295  6.706778E-17
7701.23675822603  4.840042E-17
7706.75469350206  5.845495E-17
7712.27262877809  6.307181E-17
7717.79056405412  5.673238E-17
7723.30849933015  6.165152E-17
7728.82643460618  6.935182E-17
7734.34436988221  5.749328E-17
7739.86230515824  4.801114E-17
7745.38024043427  4.939414E-17
7750.8981757103  6.270835E-17
7756.41611098633  6.890122E-17
7761.93404626236  6.491140E-17
7767.45198153839  6.616082E-17
7772.96991681442  5.573136E-17
7778.48785209045  4.485325E-17
7784.00578736648  6.007260E-17
7789.52372264251  6.964519E-17
7795.04165791854  7.529597E-17
7800.55959319457  5.575587E-17
7806.0775284706  4.545964E-17
7811.59546374663  5.066771E-17
7817.11339902266  6.297152E-17
7822.63133429869  5.550381E-17
7828.14926957472  6.381316E-17
7833.66720485075  5.566713E-17
7839.18514012678  6.821325E-17
7844.70307540281  4.646215E-17
7850.22101067884  5.209013E-17
7855.73894595487  6.768011E-17
7861.2568812309  6.726363E-17
7866.77481650693  6.680216E-17
7872.29275178296  4.446457E-17
7877.81068705899  5.079458E-17
7883.32862233502  4.703262E-17
7888.84655761105  5.454205E-17
7894.36449288708  7.036567E-17
7899.88242816311  6.686379E-17
7905.40036343914  4.883721E-17
7910.91829871517  5.033959E-17
7916.4362339912  5.852069E-17
7921.95416926723  4.988967E-17
7927.47210454326  5.741365E-17
7932.99003981929  6.868059E-17
7938.50797509532  6.534962E-17
7944.02591037135  6.680186E-17
7949.54384564738  5.801523E-17
7955.06178092341  5.352321E-17
7960.57971619944  6.605603E-17
7966.09765147547  8.070666E-17
7971.6155867515  6.613470E-17
7977.13352202753  5.081824E-17
7982.65145730356  5.825259E-17
7988.16939257959  5.482895E-17
7993.68732785562  5.923992E-17
7999.20526313165  6.209131E-17
8004.72319840768  5.862036E-17
8010.24113368371  6.336718E-17
8015.75906895974  5.744644E-17
8021.27700423577  5.679353E-17
8026.7949395118  5.977269E-17
8032.31287478783  6.539460E-17
8037.83081006386  5.904276E-17
8043.34874533989  5.154028E-17
8048.86668061592  6.023061E-17
8054.38461589195  5.497169E-17
8059.90255116798  4.281130E-17
8065.42048644401  5.063933E-17
8070.93842172004  6.304191E-17
8076.45635699607  5.590929E-17
8081.9742922721  6.100488E-17
8087.49222754813  6.017975E-17
8093.01016282416  5.191079E-17
8098.52809810019  5.715516E-17
8104.04603337622  5.817853E-17
8109.56396865225  6.213931E-17
8115.08190392828  6.826550E-17
8120.59983920431  6.783798E-17
8126.11777448034  5.439925E-17
8131.63570975637  6.318421E-17
8137.1536450324  6.177237E-17
8142.67158030843  5.966953E-17
8148.18951558446  7.049657E-17
8153.70745086049  7.447779E-17
8159.22538613652  6.787876E-17
8164.74332141255  4.876393E-17
8170.26125668858  5.647861E-17
8175.77919196461  6.903759E-17
8181.29712724064  7.022268E-17
8186.81506251667  6.740765E-17
8192.3329977927  6.056862E-17
8197.85093306873  5.593223E-17
8203.36886834476  5.927987E-17
8208.88680362079  5.411815E-17
8214.40473889682  5.863156E-17
8219.92267417285  6.390821E-17
8225.44060944888  5.313577E-17
8230.95854472491  5.220163E-17
8236.47648000094  5.378536E-17
8241.99441527697  6.015643E-17
8247.512350553  6.490174E-17
8253.03028582903  6.958811E-17
8258.54822110506  6.316442E-17
8264.06615638109  6.988136E-17
8269.58409165712  5.349654E-17
8275.10202693315  5.287469E-17
8280.61996220918  5.505168E-17
8286.13789748521  7.163726E-17
8291.65583276124  6.858374E-17
8297.17376803727  5.792001E-17
8302.6917033133  6.802654E-17
8308.20963858933  6.406649E-17
8313.72757386536  4.909569E-17
8319.24550914139  5.268165E-17
8324.76344441742  6.104543E-17
8330.28137969345  5.424990E-17
8335.79931496948  4.703297E-17
8341.31725024551  4.676335E-17
8346.83518552154  4.169009E-17
8352.35312079757  4.923935E-17
8357.8710560736  4.816869E-17
8363.38899134963  5.199264E-17
8368.90692662566  5.707420E-17
8374.42486190169  5.950903E-17
8379.94279717772  4.665439E-17
8385.46073245375  4.933181E-17
8390.97866772978  5.417374E-17
8396.49660300581  7.056301E-17
8402.01453828184  6.740520E-17
8407.53247355787  5.527805E-17
8413.0504088339  5.295828E-17
8418.56834410993  5.988226E-17
8424.08627938596  4.899710E-17
8429.60421466199  7.717544E-17
8435.12214993802  6.213665E-17
8440.64008521405  5.195655E-17
8446.15802049008  5.376908E-17
8451.67595576611  5.559297E-17
8457.19389104214  5.618465E-17
8462.71182631817  4.398553E-17
8468.2297615942  5.335843E-17
8473.74769687023  6.731094E-17
8479.26563214626  5.291887E-17
8484.78356742229  5.758649E-17
8490.30150269832  5.872480E-17
8495.81943797435  4.416508E-17
8501.33737325038  5.237050E-17
8506.85530852641  5.380041E-17
8512.37324380244  6.095866E-17
8517.89117907847  7.415840E-17
8523.4091143545  6.345852E-17
8528.92704963053  5.794932E-17
8534.44498490656  6.006186E-17
8539.96292018259  5.756899E-17
8545.48085545862  7.017939E-17
8550.99879073465  6.688964E-17
8556.51672601068  7.530701E-17
8562.03466128671  6.684669E-17
8567.55259656274  4.580462E-17
8573.07053183877  5.332189E-17
8578.5884671148  6.712329E-17
8584.10640239083  5.433039E-17
8589.62433766686  7.027396E-17
8595.14227294289  7.162472E-17
8600.66020821892  5.884362E-17
8606.17814349495  4.806779E-17
8611.69607877098  5.441858E-17
8617.21401404701  5.965608E-17
8622.73194932304  6.138174E-17
8628.24988459907  9.152748E-17
8633.7678198751  8.586421E-17
8639.28575515113  6.999056E-17
8644.80369042716  7.395109E-17
8650.32162570319  3.652423E-17
8655.83956097922  2.986186E-17
8661.35749625525  4.909475E-17
8666.87543153128  6.669649E-17
8672.39336680731  5.089974E-17
8677.91130208334  5.332800E-17
8683.42923735937  6.214229E-17
8688.9471726354  5.065786E-17
8694.46510791143  5.538785E-17
8699.98304318746  6.539759E-17
8705.50097846349  8.621314E-17
8711.01891373952  6.617050E-17
8716.53684901555  4.326306E-17
8722.05478429158  5.161095E-17
8727.57271956761  4.772914E-17
8733.09065484364  7.104653E-17
8738.60859011967  6.306034E-17
8744.1265253957  6.120236E-17
8749.64446067173  7.624715E-17
8755.16239594776  7.099351E-17
8760.68033122379  7.312246E-17
8766.19826649982  4.428659E-17
8771.71620177585  4.492765E-17
8777.23413705188  4.671691E-17
8782.75207232791  5.111214E-17
8788.27000760394  5.268906E-17
8793.78794287997  4.231262E-17
8799.305878156  4.089431E-17
8804.82381343203  3.697523E-17
8810.34174870806  4.976660E-17
8815.85968398409  5.526176E-17
8821.37761926012  8.003965E-17
8826.89555453615  7.017663E-17
8832.41348981218  7.700891E-17
8837.93142508821  7.720747E-17
8843.44936036424  5.811946E-17
8848.96729564027  4.544385E-17
8854.4852309163  6.661075E-17
8860.00316619233  5.754605E-17
8865.52110146836  6.669128E-17
8871.03903674439  5.741913E-17
8876.55697202042  4.249893E-17
8882.07490729645  4.423414E-17
8887.59284257248  6.735079E-17
8893.11077784851  6.449181E-17
8898.62871312454  5.624352E-17
8904.14664840057  7.312981E-17
8909.6645836766  4.141881E-17
8915.18251895263  5.097824E-17
8920.70045422866  7.621076E-17
8926.21838950469  7.007869E-17
8931.73632478072  7.846299E-17
8937.25426005675  6.270554E-17
8942.77219533278  4.781217E-17
8948.29013060881  6.170413E-17
8953.80806588484  4.922933E-17
8959.32600116087  5.416276E-17
8964.8439364369  6.242905E-17
8970.36187171293  5.144155E-17
8975.87980698896  6.406556E-17
8981.39774226499  5.587084E-17
8986.91567754102  3.013538E-17
8992.43361281705  6.592917E-17
8997.95154809308  4.985423E-17
9003.46948336911  4.491623E-17
9008.98741864514  6.310478E-17
9014.50535392117  4.239923E-17
9020.0232891972  6.359474E-17
9025.54122447323  6.335320E-17
9031.05915974926  8.126298E-17
9036.57709502529  7.197597E-17
9042.09503030132  3.717229E-17
9047.61296557735  4.807781E-17
9053.13090085338  5.065670E-17
9058.64883612941  3.666685E-17
9064.16677140544  6.478010E-17
9069.68470668147  3.593037E-17
9075.2026419575  4.619025E-17
9080.72057723353  5.276030E-17
9086.23851250956  5.998411E-17
9091.75644778559  6.804892E-17
9097.27438306162  4.510866E-17
9102.79231833765  6.859697E-17
9108.31025361368  6.517478E-17
9113.82818888971  4.785940E-17
9119.34612416574  4.249391E-17
9124.86405944177  5.769653E-17
9130.3819947178  4.201552E-17
9135.89992999383  1.163450E-17
9141.41786526986  2.353388E-17
9146.93580054589  3.823178E-17
9152.45373582192  5.185821E-17
9157.97167109795  4.713485E-17
9163.48960637398  4.541370E-17
9169.00754165001  5.712928E-17
9174.52547692604  3.714170E-17
9180.04341220207  4.402959E-17
9185.5613474781  5.931467E-17
9191.07928275413  4.569363E-17
9196.59721803016  4.485116E-17
9202.11515330619  3.968105E-17
9207.63308858222  6.068177E-17
9213.15102385825  4.544910E-17
9218.66895913428  6.406102E-17
9224.18689441031  5.413449E-17
9229.70482968634  2.778428E-17
9235.22276496237  3.432488E-17
9240.7407002384  4.882672E-17
9246.25863551443  4.404589E-17
