3349.36230  3.63281e-16
3353.44262  3.71419e-16
3357.52293  4.33104e-16
3361.60324  3.95842e-16
3365.68355  3.94913e-16
3369.76386  3.75536e-16
3373.84417  3.51664e-16
3377.92448  4.37182e-16
3382.00479  3.41713e-16
3386.08510  4.34032e-16
3390.16541  3.88342e-16
3394.24572  4.12478e-16
3398.32604  3.87211e-16
3402.40635  3.94753e-16
3406.48666  4.93804e-16
3410.56697  4.10075e-16
3414.64728  3.93993e-16
3418.72759  4.35706e-16
3422.80790  3.94898e-16
3426.88821  3.98370e-16
3430.96852  4.36057e-16
3435.04883  4.08819e-16
3439.12914  3.50400e-16
3443.20945  3.83224e-16
3447.28977  3.45743e-16
3451.37008  4.15980e-16
3455.45039  3.89262e-16
3459.53070  3.44524e-16
3463.61101  3.77208e-16
3467.69132  3.99355e-16
3471.77163  3.35488e-16
3475.85194  3.49720e-16
3479.93225  3.75840e-16
3484.01256  3.54907e-16
3488.09287  3.77236e-16
3492.17319  3.57253e-16
3496.25350  3.44331e-16
3500.33381  3.60533e-16
3504.41412  3.70792e-16
3508.49443  3.65443e-16
3512.57474  3.67136e-16
3516.65505  3.31852e-16
3520.73536  3.38435e-16
3524.81567  3.76405e-16
3528.89598  3.29257e-16
3532.97629  3.62534e-16
3537.05660  3.37558e-16
3541.13692  3.17380e-16
3545.21723  3.45608e-16
3549.29754  3.60030e-16
3553.37785  3.49329e-16
3557.45816  3.47527e-16
3561.53847  3.45094e-16
3565.61878  3.59186e-16
3569.69909  3.33684e-16
3573.77940  3.53986e-16
3577.85971  3.36351e-16
3581.94002  3.24029e-16
3586.02034  3.25779e-16
3590.10065  3.38429e-16
3594.18096  3.51794e-16
3598.26127  3.45565e-16
3602.34158  3.60909e-16
3606.42189  3.38907e-16
3610.50220  3.04722e-16
3614.58251  3.13750e-16
3618.66282  3.25275e-16
3622.74313  3.33934e-16
3626.82344  3.21480e-16
3630.90375  3.05341e-16
3634.98407  3.13778e-16
3639.06438  3.41719e-16
3643.14469  3.32379e-16
3647.22500  3.02547e-16
3651.30531  3.18746e-16
3655.38562  3.21910e-16
3659.46593  3.16717e-16
3663.54624  3.49737e-16
3667.62655  3.38916e-16
3671.70686  3.30790e-16
3675.78717  3.06182e-16
3679.86749  3.21051e-16
3683.94780  3.29614e-16
3688.02811  3.30501e-16
3692.10842  3.31218e-16
3696.18873  3.32371e-16
3700.26904  3.29770e-16
3704.34935  3.05405e-16
3708.42966  3.13732e-16
3712.50997  3.25983e-16
3716.59028  3.11181e-16
3720.67059  2.93624e-16
3724.75090  3.29390e-16
3728.83122  3.25753e-16
3732.91153  3.32312e-16
3736.99184  3.20671e-16
3741.07215  3.02013e-16
3745.15246  3.26276e-16
3749.23277  3.21070e-16
3753.31308  3.26719e-16
3757.39339  3.28182e-16
3761.47370  3.07918e-16
3765.55401  2.99089e-16
3769.63432  3.15962e-16
3773.71464  3.07916e-16
3777.79495  3.04456e-16
3781.87526  2.96030e-16
3785.95557  2.93430e-16
3790.03588  2.91591e-16
3794.11619  2.79579e-16
3798.19650  2.82083e-16
3802.27681  2.85053e-16
3806.35712  2.81258e-16
3810.43743  3.10677e-16
3814.51774  3.08195e-16
3818.59805  3.03408e-16
3822.67837  2.91932e-16
3826.75868  3.03795e-16
3830.83899  2.92709e-16
3834.91930  2.74865e-16
3838.99961  2.75170e-16
3843.07992  3.00791e-16
3847.16023  2.97979e-16
3851.24054  2.70278e-16
3855.32085  2.81213e-16
3859.40116  2.80641e-16
3863.48147  2.81597e-16
3867.56178  2.84988e-16
3871.64210  2.92929e-16
3875.72241  2.86997e-16
3879.80272  2.76729e-16
3883.88303  2.70430e-16
3887.96334  2.75414e-16
3892.04365  2.81207e-16
3896.12396  2.67528e-16
3900.20427  2.74745e-16
3904.28458  2.83845e-16
3908.36489  2.73787e-16
3912.44520  2.62294e-16
3916.52552  2.75709e-16
3920.60583  2.76183e-16
3924.68614  2.86400e-16
3928.76645  2.71663e-16
3932.84676  2.73443e-16
3936.92707  2.83186e-16
3941.00738  2.89089e-16
3945.08769  2.75817e-16
3949.16800  2.73792e-16
3953.24831  2.76978e-16
3957.32862  2.79509e-16
3961.40893  2.65334e-16
3965.48925  2.60727e-16
3969.56956  2.60496e-16
3973.64987  2.75413e-16
3977.73018  2.73276e-16
3981.81049  2.60296e-16
3985.89080  2.68443e-16
3989.97111  2.90184e-16
3994.05142  2.72863e-16
3998.13173  2.72712e-16
4002.21204  2.66133e-16
4006.29235  2.61626e-16
4010.37267  2.73300e-16
4014.45298  2.71531e-16
4018.53329  2.78477e-16
4022.61360  2.91910e-16
4026.69391  2.71688e-16
4030.77422  2.78108e-16
4034.85453  2.72526e-16
4038.93484  2.66690e-16
4043.01515  2.71049e-16
4047.09546  2.71575e-16
4051.17577  2.70658e-16
4055.25608  2.59461e-16
4059.33640  2.58966e-16
4063.41671  2.65436e-16
4067.49702  2.89199e-16
4071.57733  2.92813e-16
4075.65764  2.60277e-16
4079.73795  2.42343e-16
4083.81826  2.52572e-16
4087.89857  2.59067e-16
4091.97888  2.50208e-16
4096.05919  2.44411e-16
4100.13950  2.64099e-16
4104.21982  2.70161e-16
4108.30013  2.57291e-16
4112.38044  2.61106e-16
4116.46075  2.66054e-16
4120.54106  2.67775e-16
4124.62137  2.60634e-16
4128.70168  2.68741e-16
4132.78199  2.61714e-16
4136.86230  2.45318e-16
4140.94261  2.51973e-16
4145.02292  2.53868e-16
4149.10323  2.55501e-16
4153.18355  2.56082e-16
4157.26386  2.53477e-16
4161.34417  2.62082e-16
4165.42448  2.54375e-16
4169.50479  2.58536e-16
4173.58510  2.52095e-16
4177.66541  2.30966e-16
4181.74572  2.32733e-16
4185.82603  2.55702e-16
4189.90634  2.53834e-16
4193.98665  2.56173e-16
4198.06697  2.51990e-16
4202.14728  2.63661e-16
4206.22759  2.65999e-16
4210.30790  2.59517e-16
4214.38821  2.43438e-16
4218.46852  2.39779e-16
4222.54883  2.51024e-16
4226.62914  2.48276e-16
4230.70945  2.47049e-16
4234.78976  2.46526e-16
4238.87007  2.33427e-16
4242.95038  2.44268e-16
4247.03070  2.38642e-16
4251.11101  2.42476e-16
4255.19132  2.46214e-16
4259.27163  2.46381e-16
4263.35194  2.50631e-16
4267.43225  2.46259e-16
4271.51256  2.37276e-16
4275.59287  2.58123e-16
4279.67318  2.42530e-16
4283.75349  2.30388e-16
4287.83380  2.29972e-16
4291.91412  2.30847e-16
4295.99443  2.20974e-16
4300.07474  2.24780e-16
4304.15505  2.29660e-16
4308.23536  2.38626e-16
4312.31567  2.48360e-16
4316.39598  2.38948e-16
4320.47629  2.34643e-16
4324.55660  2.32408e-16
4328.63691  2.32591e-16
4332.71722  2.45001e-16
4336.79753  2.32608e-16
4340.87785  2.40941e-16
4344.95816  2.43498e-16
4349.03847  2.49787e-16
4353.11878  2.61152e-16
4357.19909  2.55361e-16
4361.27940  2.42668e-16
4365.35971  2.50695e-16
4369.44002  2.32772e-16
4373.52033  2.48792e-16
4377.60064  2.62542e-16
4381.68095  2.55183e-16
4385.76127  2.52419e-16
4389.84158  2.58119e-16
4393.92189  2.66657e-16
4398.00220  2.58334e-16
4402.08251  2.55130e-16
4406.16282  2.57546e-16
4410.24313  2.42746e-16
4414.32344  2.50279e-16
4418.40375  2.48601e-16
4422.48406  2.56717e-16
4426.56437  2.60408e-16
4430.64468  2.50097e-16
4434.72500  2.49203e-16
4438.80531  2.54784e-16
4442.88562  2.37190e-16
4446.96593  2.39307e-16
4451.04624  2.46095e-16
4455.12655  2.37811e-16
4459.20686  2.59606e-16
4463.28717  2.51012e-16
4467.36748  2.35957e-16
4471.44779  2.43164e-16
4475.52810  2.24917e-16
4479.60842  2.36841e-16
4483.68873  2.40152e-16
4487.76904  2.51691e-16
4491.84935  2.45823e-16
4495.92966  2.36534e-16
4500.00997  2.42873e-16
4504.09028  2.38315e-16
4508.17059  2.36445e-16
4512.25090  2.32942e-16
4516.33121  2.31935e-16
4520.41152  2.27320e-16
4524.49183  2.32284e-16
4528.57215  2.25117e-16
4532.65246  2.30698e-16
4536.73277  2.42455e-16
4540.81308  2.38680e-16
4544.89339  2.28349e-16
4548.97370  2.24828e-16
4553.05401  2.34452e-16
4557.13432  2.28722e-16
4561.21463  2.15555e-16
4565.29494  2.13053e-16
4569.37525  2.13342e-16
4573.45557  2.17930e-16
4577.53588  2.20289e-16
4581.61619  2.32407e-16
4585.69650  2.35321e-16
4589.77681  2.40799e-16
4593.85712  2.32814e-16
4597.93743  2.34543e-16
4602.01774  2.25443e-16
4606.09805  2.35633e-16
4610.17836  2.21203e-16
4614.25867  2.20604e-16
4618.33898  2.29406e-16
4622.41930  2.21650e-16
4626.49961  2.31214e-16
4630.57992  2.30563e-16
4634.66023  2.34453e-16
4638.74054  2.31898e-16
4642.82085  2.15813e-16
4646.90116  2.14116e-16
4650.98147  2.23503e-16
4655.06178  2.20310e-16
4659.14209  2.24976e-16
4663.22240  2.32081e-16
4667.30272  2.14989e-16
4671.38303  2.18417e-16
4675.46334  2.20314e-16
4679.54365  2.27596e-16
4683.62396  2.03595e-16
4687.70427  2.08294e-16
4691.78458  2.03816e-16
4695.86489  2.03320e-16
4699.94520  2.14537e-16
4704.02551  2.20653e-16
4708.10582  2.21126e-16
4712.18613  2.20661e-16
4716.26645  2.17861e-16
4720.34676  2.11924e-16
4724.42707  2.13950e-16
4728.50738  2.14410e-16
4732.58769  2.16415e-16
4736.66800  2.23433e-16
4740.74831  2.19281e-16
4744.82862  2.14853e-16
4748.90893  2.06219e-16
4752.98924  2.09820e-16
4757.06955  2.18313e-16
4761.14987  2.25489e-16
4765.23018  2.15142e-16
4769.31049  2.10853e-16
4773.39080  2.17300e-16
4777.47111  2.14923e-16
4781.55142  2.06247e-16
4785.63173  2.08831e-16
4789.71204  2.13565e-16
4793.79235  2.08970e-16
4797.87266  2.06796e-16
4801.95297  2.08005e-16
4806.03328  2.02759e-16
4810.11360  2.13545e-16
4814.19391  2.12710e-16
4818.27422  2.15998e-16
4822.35453  2.17930e-16
4826.43484  2.14112e-16
4830.51515  2.02712e-16
4834.59546  2.02203e-16
4838.67577  2.14201e-16
4842.75608  2.06096e-16
4846.83639  2.07516e-16
4850.91670  2.02544e-16
4854.99702  2.05845e-16
4859.07733  2.07281e-16
4863.15764  1.97098e-16
4867.23795  1.93537e-16
4871.31826  1.97020e-16
4875.39857  2.09531e-16
4879.47888  1.99486e-16
4883.55919  1.93615e-16
4887.63950  2.22329e-16
4891.71981  2.24771e-16
4895.80012  2.08194e-16
4899.88043  2.03109e-16
4903.96075  2.17059e-16
4908.04106  2.27799e-16
4912.12137  2.13748e-16
4916.20168  2.17009e-16
4920.28199  2.11670e-16
4924.36230  2.11090e-16
4928.44261  2.18799e-16
4932.52292  2.18693e-16
4936.60323  2.16813e-16
4940.68354  2.21129e-16
4944.76385  2.15940e-16
4948.84417  2.16109e-16
4952.92448  2.18158e-16
4957.00479  2.30789e-16
4961.08510  2.18169e-16
4965.16541  2.13862e-16
4969.24572  2.18720e-16
4973.32603  2.15572e-16
4977.40634  2.18436e-16
4981.48665  2.25592e-16
4985.56696  2.28747e-16
4989.64727  2.23764e-16
4993.72758  2.31693e-16
4997.80790  2.23110e-16
5001.88821  2.34196e-16
5005.96852  2.35548e-16
5010.04883  2.19676e-16
5014.12914  2.14958e-16
5018.20945  2.25863e-16
5022.28976  2.22314e-16
5026.37007  2.24427e-16
5030.45038  2.26645e-16
5034.53069  2.26621e-16
5038.61100  2.18018e-16
5042.69132  2.11503e-16
5046.77163  2.15792e-16
5050.85194  2.25405e-16
5054.93225  2.26792e-16
5059.01256  2.15942e-16
5063.09287  2.15994e-16
5067.17318  2.15894e-16
5071.25349  2.02020e-16
5075.33380  2.01830e-16
5079.41411  2.13288e-16
5083.49442  2.13486e-16
5087.57473  2.16637e-16
5091.65505  2.09365e-16
5095.73536  2.07379e-16
5099.81567  2.16044e-16
5103.89598  2.05342e-16
5107.97629  2.11047e-16
5112.05660  2.18464e-16
5116.13691  2.15739e-16
5120.21722  2.20798e-16
5124.29753  2.26235e-16
5128.37784  2.19769e-16
5132.45815  2.07621e-16
5136.53847  2.10150e-16
5140.61878  2.13408e-16
5144.69909  2.09329e-16
5148.77940  2.20597e-16
5152.85971  2.29525e-16
5156.94002  2.27102e-16
5161.02033  2.07600e-16
5165.10064  1.97237e-16
5169.18095  2.12833e-16
5173.26126  2.17012e-16
5177.34157  2.14006e-16
5181.42188  2.21675e-16
5185.50220  2.18448e-16
5189.58251  2.00536e-16
5193.66282  2.02606e-16
5197.74313  2.07461e-16
5201.82344  2.07225e-16
5205.90375  2.03226e-16
5209.98406  2.09784e-16
5214.06437  2.12503e-16
5218.14468  2.16032e-16
5222.22499  2.03086e-16
5226.30530  2.04286e-16
5230.38562  1.97071e-16
5234.46593  1.96011e-16
5238.54624  2.09780e-16
5242.62655  2.10010e-16
5246.70686  2.03533e-16
5250.78717  2.08707e-16
5254.86748  2.06757e-16
5258.94779  2.04624e-16
5263.02810  1.96120e-16
5267.10841  1.91829e-16
5271.18872  1.91559e-16
5275.26903  1.90992e-16
5279.34935  2.04167e-16
5283.42966  2.05392e-16
5287.50997  1.93689e-16
5291.59028  1.98001e-16
5295.67059  2.04523e-16
5299.75090  2.17354e-16
5303.83121  2.08242e-16
5307.91152  1.91248e-16
5311.99183  2.04370e-16
5316.07214  2.03045e-16
5320.15245  1.93485e-16
5324.23276  1.98051e-16
5328.31308  1.87271e-16
5332.39339  1.77538e-16
5336.47370  1.81938e-16
5340.55401  1.98519e-16
5344.63432  2.00967e-16
5348.71463  1.98190e-16
5352.79494  1.95821e-16
5356.87525  1.88920e-16
5360.95556  1.94441e-16
5365.03587  1.80942e-16
5369.11618  1.79786e-16
5373.19650  1.92674e-16
5377.27681  1.90714e-16
5381.35712  1.86799e-16
5385.43743  1.85955e-16
5389.51774  1.83677e-16
5393.59805  1.82873e-16
5397.67836  1.92752e-16
5401.75867  1.95735e-16
5405.83898  1.85923e-16
5409.91929  1.78943e-16
5413.99960  1.70407e-16
5418.07991  1.75217e-16
5422.16023  1.91399e-16
5426.24054  1.85111e-16
5430.32085  1.90250e-16
5434.40116  1.89997e-16
5438.48147  1.72786e-16
5442.56178  1.90377e-16
5446.64209  1.91578e-16
5450.72240  1.81503e-16
5454.80271  1.77645e-16
5458.88302  1.91615e-16
5462.96333  1.90477e-16
5467.04365  1.77908e-16
5471.12396  1.75748e-16
5475.20427  1.79763e-16
5479.28458  1.68439e-16
5483.36489  1.77682e-16
5487.44520  1.80336e-16
5491.52551  1.71689e-16
5495.60582  1.74681e-16
5499.68613  1.80962e-16
5503.76644  1.88249e-16
5507.84675  1.77041e-16
5511.92706  1.70669e-16
5516.00738  1.78138e-16
5520.08769  1.75209e-16
5524.16800  1.68173e-16
5528.24831  1.73299e-16
5532.32862  1.80183e-16
5536.40893  1.70349e-16
5540.48924  1.67489e-16
5544.56955  1.75825e-16
5548.64986  1.83013e-16
5552.73017  1.79945e-16
5556.81048  1.78190e-16
5560.89080  1.70433e-16
5564.97111  1.64481e-16
5569.05142  1.54136e-16
5573.13173  1.72739e-16
5577.21204  1.80425e-16
5581.29235  1.55715e-16
5585.37266  1.57716e-16
5589.45297  1.70319e-16
5593.53328  1.67043e-16
5597.61359  1.72764e-16
5601.69390  1.76408e-16
5605.77421  1.69089e-16
5609.85453  1.56279e-16
5613.93484  1.59232e-16
5618.01515  1.67559e-16
5622.09546  1.74761e-16
5626.17577  1.60978e-16
5630.25608  1.53887e-16
5634.33639  1.57220e-16
5638.41670  1.53662e-16
5642.49701  1.51238e-16
5646.57732  1.57362e-16
5650.65763  1.56572e-16
5654.73795  1.52099e-16
5658.81826  1.59940e-16
5662.89857  1.64398e-16
5666.97888  1.62143e-16
5671.05919  1.68424e-16
5675.13950  1.62805e-16
5679.21981  1.50818e-16
5683.30012  1.64679e-16
5687.38043  1.73769e-16
5691.46074  1.76141e-16
5695.54105  1.72248e-16
5699.62136  1.69765e-16
5703.70168  1.69531e-16
5707.78199  1.57574e-16
5711.86230  1.64184e-16
5715.94261  1.63348e-16
5720.02292  1.59432e-16
5724.10323  1.52340e-16
5728.18354  1.57350e-16
5732.26385  1.56409e-16
5736.34416  1.58252e-16
5740.42447  1.56093e-16
5744.50478  1.47038e-16
5748.58510  1.62244e-16
5752.66541  1.66597e-16
5756.74572  1.63669e-16
5760.82603  1.57008e-16
5764.90634  1.50660e-16
5768.98665  1.56127e-16
5773.06696  1.46384e-16
5777.14727  1.46579e-16
5781.22758  1.42234e-16
5785.30789  1.57896e-16
5789.38820  1.61701e-16
5793.46851  1.62528e-16
5797.54883  1.61821e-16
5801.62914  1.56382e-16
5805.70945  1.54171e-16
5809.78976  1.55286e-16
5813.87007  1.59289e-16
5817.95038  1.57806e-16
5822.03069  1.48707e-16
5826.11100  1.46639e-16
5830.19131  1.61010e-16
5834.27162  1.64347e-16
5838.35193  1.54857e-16
5842.43225  1.43817e-16
5846.51256  1.58047e-16
5850.59287  1.64378e-16
5854.67318  1.56950e-16
5858.75349  1.54329e-16
5862.83380  1.65299e-16
5866.91411  1.62392e-16
5870.99442  1.57934e-16
5875.07473  1.56790e-16
5879.15504  1.41176e-16
5883.23535  1.44784e-16
5887.31566  1.65878e-16
5891.39598  1.68500e-16
5895.47629  1.52702e-16
5899.55660  1.49335e-16
5903.63691  1.60558e-16
5907.71722  1.55994e-16
5911.79753  1.47731e-16
5915.87784  1.50130e-16
5919.95815  1.49635e-16
5924.03846  1.43835e-16
5928.11877  1.58073e-16
5932.19908  1.54698e-16
5936.27940  1.51117e-16
5940.35971  1.55573e-16
5944.44002  1.52506e-16
5948.52033  1.41780e-16
5952.60064  1.46590e-16
5956.68095  1.49476e-16
5960.76126  1.50853e-16
5964.84157  1.51855e-16
5968.92188  1.54151e-16
5973.00219  1.51265e-16
5977.08250  1.40025e-16
5981.16281  1.45237e-16
5985.24313  1.52013e-16
5989.32344  1.50831e-16
5993.40375  1.49519e-16
5997.48406  1.52495e-16
6001.56437  1.54102e-16
6005.64468  1.51707e-16
6009.72499  1.56901e-16
6013.80530  1.57963e-16
6017.88561  1.53024e-16
6021.96592  1.57118e-16
6026.04623  1.53256e-16
6030.12655  1.49890e-16
6034.20686  1.53468e-16
6038.28717  1.51581e-16
6042.36748  1.55131e-16
6046.44779  1.52380e-16
6050.52810  1.53299e-16
6054.60841  1.60182e-16
6058.68872  1.58172e-16
6062.76903  1.56277e-16
6066.84934  1.50657e-16
6070.92965  1.49894e-16
6075.00996  1.52341e-16
6079.09028  1.59790e-16
6083.17059  1.53358e-16
6087.25090  1.51235e-16
6091.33121  1.55568e-16
6095.41152  1.49970e-16
6099.49183  1.43501e-16
6103.57214  1.48481e-16
6107.65245  1.54321e-16
6111.73276  1.46869e-16
6115.81307  1.45668e-16
6119.89338  1.56599e-16
6123.97370  1.55067e-16
6128.05401  1.53137e-16
6132.13432  1.51557e-16
6136.21463  1.45797e-16
6140.29494  1.43835e-16
6144.37525  1.50158e-16
6148.45556  1.52290e-16
6152.53587  1.47007e-16
6156.61618  1.44134e-16
6160.69649  1.48595e-16
6164.77680  1.44782e-16
6168.85711  1.43240e-16
6172.93743  1.44835e-16
6177.01774  1.46577e-16
6181.09805  1.43537e-16
6185.17836  1.52090e-16
6189.25867  1.53629e-16
6193.33898  1.47512e-16
6197.41929  1.47958e-16
6201.49960  1.46274e-16
6205.57991  1.47261e-16
6209.66022  1.48034e-16
6213.74053  1.44636e-16
6217.82085  1.44760e-16
6221.90116  1.47292e-16
6225.98147  1.50126e-16
6230.06178  1.53303e-16
6234.14209  1.48502e-16
6238.22240  1.45029e-16
6242.30271  1.48507e-16
6246.38302  1.55780e-16
6250.46333  1.55104e-16
6254.54364  1.46427e-16
6258.62395  1.51837e-16
6262.70426  1.52225e-16
6266.78458  1.44461e-16
6270.86489  1.49261e-16
6274.94520  1.35636e-16
6279.02551  1.36963e-16
6283.10582  1.46492e-16
6287.18613  1.45890e-16
6291.26644  1.48148e-16
6295.34675  1.50234e-16
6299.42706  1.39331e-16
6303.50737  1.46796e-16
6307.58768  1.49289e-16
6311.66800  1.40824e-16
6315.74831  1.33967e-16
6319.82862  1.43969e-16
6323.90893  1.54647e-16
6327.98924  1.39209e-16
6332.06955  1.40840e-16
6336.14986  1.44508e-16
6340.23017  1.38651e-16
6344.31048  1.44033e-16
6348.39079  1.50797e-16
6352.47110  1.54347e-16
6356.55141  1.52225e-16
6360.63173  1.52030e-16
6364.71204  1.54247e-16
6368.79235  1.52925e-16
6372.87266  1.48598e-16
6376.95297  1.40145e-16
6381.03328  1.38427e-16
6385.11359  1.43076e-16
6389.19390  1.45778e-16
6393.27421  1.49765e-16
6397.35452  1.53386e-16
6401.43483  1.48809e-16
6405.51515  1.49176e-16
6409.59546  1.52249e-16
6413.67577  1.46563e-16
6417.75608  1.47921e-16
6421.83639  1.44750e-16
6425.91670  1.34049e-16
6429.99701  1.35954e-16
6434.07732  1.31227e-16
6438.15763  1.37716e-16
6442.23794  1.48408e-16
6446.31825  1.49023e-16
6450.39856  1.42435e-16
6454.47888  1.38223e-16
6458.55919  1.48661e-16
6462.63950  1.48300e-16
6466.71981  1.39838e-16
6470.80012  1.40485e-16
6474.88043  1.48670e-16
6478.96074  1.46201e-16
6483.04105  1.40787e-16
6487.12136  1.36979e-16
6491.20167  1.44943e-16
6495.28198  1.40260e-16
6499.36230  1.41072e-16
6503.44261  1.49751e-16
6507.52292  1.42185e-16
6511.60323  1.33839e-16
6515.68354  1.38343e-16
6519.76385  1.41429e-16
6523.84416  1.47553e-16
6527.92447  1.47146e-16
6532.00478  1.38185e-16
6536.08509  1.36920e-16
6540.16540  1.35969e-16
6544.24571  1.35903e-16
6548.32603  1.40865e-16
6552.40634  1.37265e-16
6556.48665  1.28492e-16
6560.56696  1.22981e-16
6564.64727  1.31936e-16
6568.72758  1.38385e-16
6572.80789  1.37950e-16
6576.88820  1.32060e-16
6580.96851  1.37007e-16
6585.04882  1.37870e-16
6589.12913  1.34189e-16
6593.20945  1.38560e-16
6597.28976  1.35530e-16
6601.37007  1.30024e-16
6605.45038  1.36224e-16
6609.53069  1.37899e-16
6613.61100  1.34178e-16
6617.69131  1.36573e-16
6621.77162  1.39460e-16
6625.85193  1.34268e-16
6629.93224  1.35536e-16
6634.01255  1.34379e-16
6638.09286  1.30480e-16
6642.17318  1.32787e-16
6646.25349  1.36128e-16
6650.33380  1.35532e-16
6654.41411  1.32056e-16
6658.49442  1.32135e-16
6662.57473  1.35738e-16
6666.65504  1.34447e-16
6670.73535  1.33274e-16
6674.81566  1.31989e-16
6678.89597  1.30266e-16
6682.97628  1.34120e-16
6687.05660  1.35524e-16
6691.13691  1.33684e-16
6695.21722  1.37596e-16
6699.29753  1.40445e-16
6703.37784  1.37519e-16
6707.45815  1.30083e-16
6711.53846  1.36916e-16
6715.61877  1.41738e-16
6719.69908  1.31572e-16
6723.77939  1.31988e-16
6727.85970  1.36383e-16
6731.94001  1.34401e-16
6736.02033  1.33052e-16
6740.10064  1.34862e-16
6744.18095  1.34557e-16
6748.26126  1.39171e-16
6752.34157  1.35755e-16
6756.42188  1.33277e-16
6760.50219  1.37203e-16
6764.58250  1.36142e-16
6768.66281  1.34323e-16
6772.74312  1.34427e-16
6776.82343  1.32565e-16
6780.90375  1.27931e-16
6784.98406  1.31404e-16
6789.06437  1.34689e-16
6793.14468  1.28117e-16
6797.22499  1.26626e-16
6801.30530  1.31264e-16
6805.38561  1.27340e-16
6809.46592  1.27424e-16
6813.54623  1.28728e-16
6817.62654  1.27720e-16
6821.70685  1.28812e-16
6825.78716  1.33200e-16
6829.86748  1.32982e-16
6833.94779  1.35703e-16
6838.02810  1.34975e-16
6842.10841  1.31293e-16
6846.18872  1.30466e-16
6850.26903  1.31683e-16
6854.34934  1.33749e-16
6858.42965  1.37628e-16
6862.50996  1.35980e-16
6866.59027  1.31535e-16
6870.67058  1.34426e-16
6874.75089  1.26758e-16
6878.83121  1.32480e-16
6882.91152  1.48065e-16
6886.99183  1.36306e-16
6891.07214  1.32492e-16
6895.15245  1.35502e-16
6899.23276  1.40373e-16
6903.31307  1.43562e-16
6907.39338  1.43459e-16
6911.47369  1.46785e-16
6915.55400  1.48856e-16
6919.63431  1.41799e-16
6923.71463  1.38316e-16
6927.79494  1.54597e-16
6931.87525  1.47717e-16
6935.95556  1.40959e-16
6940.03587  1.47482e-16
6944.11618  1.47548e-16
6948.19649  1.39804e-16
6952.27680  1.38096e-16
6956.35711  1.43400e-16
6960.43742  1.46043e-16
6964.51773  1.50600e-16
6968.59804  1.51474e-16
6972.67836  1.43076e-16
6976.75867  1.45400e-16
6980.83898  1.43386e-16
6984.91929  1.44844e-16
6988.99960  1.44995e-16
6993.07991  1.39105e-16
6997.16022  1.44203e-16
7001.24053  1.42368e-16
7005.32084  1.41630e-16
7009.40115  1.43337e-16
7013.48146  1.37612e-16
7017.56178  1.43670e-16
7021.64209  1.48039e-16
7025.72240  1.47716e-16
7029.80271  1.46449e-16
7033.88302  1.36592e-16
7037.96333  1.40162e-16
7042.04364  1.44548e-16
7046.12395  1.46153e-16
7050.20426  1.43814e-16
7054.28457  1.44195e-16
7058.36488  1.43316e-16
7062.44519  1.36008e-16
7066.52551  1.39358e-16
7070.60582  1.49126e-16
7074.68613  1.45022e-16
7078.76644  1.43866e-16
7082.84675  1.40698e-16
7086.92706  1.47542e-16
7091.00737  1.44966e-16
7095.08768  1.38355e-16
7099.16799  1.48245e-16
7103.24830  1.42268e-16
7107.32861  1.36097e-16
7111.40893  1.42872e-16
7115.48924  1.46567e-16
7119.56955  1.44605e-16
7123.64986  1.42086e-16
7127.73017  1.41091e-16
7131.81048  1.44798e-16
7135.89079  1.48969e-16
7139.97110  1.47718e-16
7144.05141  1.50624e-16
7148.13172  1.72293e-16
7152.21203  1.94420e-16
7156.29234  2.04103e-16
7160.37266  1.96059e-16
7164.45297  1.70325e-16
7168.53328  1.50217e-16
7172.61359  1.51727e-16
7176.69390  1.67116e-16
7180.77421  1.79201e-16
7184.85452  1.68298e-16
7188.93483  1.50582e-16
7193.01514  1.42018e-16
7197.09545  1.40807e-16
7201.17576  1.39986e-16
7205.25608  1.37296e-16
7209.33639  1.36494e-16
7213.41670  1.36183e-16
7217.49701  1.39782e-16
7221.57732  1.42665e-16
7225.65763  1.37367e-16
7229.73794  1.34547e-16
7233.81825  1.35698e-16
7237.89856  1.43429e-16
7241.97887  1.46201e-16
7246.05918  1.46333e-16
7250.13949  1.36336e-16
7254.21981  1.27136e-16
7258.30012  1.29951e-16
7262.38043  1.29824e-16
7266.46074  1.33583e-16
7270.54105  1.28097e-16
7274.62136  1.23104e-16
7278.70167  1.25995e-16
7282.78198  1.26497e-16
7286.86229  1.33155e-16
7290.94260  1.33109e-16
7295.02291  1.25350e-16
7299.10323  1.32743e-16
7303.18354  1.33714e-16
7307.26385  1.23881e-16
7311.34416  1.24816e-16
7315.42447  1.28399e-16
7319.50478  1.33394e-16
7323.58509  1.41525e-16
7327.66540  1.40357e-16
7331.74571  1.36820e-16
7335.82602  1.38896e-16
7339.90633  1.41478e-16
7343.98664  1.36676e-16
7348.06696  1.31105e-16
7352.14727  1.30275e-16
7356.22758  1.28512e-16
7360.30789  1.29658e-16
7364.38820  1.32405e-16
7368.46851  1.30640e-16
7372.54882  1.26838e-16
7376.62913  1.25456e-16
7380.70944  1.23196e-16
7384.78975  1.17148e-16
7388.87006  1.14431e-16
7392.95038  1.23650e-16
7397.03069  1.29374e-16
7401.11100  1.23606e-16
7405.19131  1.28186e-16
7409.27162  1.22581e-16
7413.35193  1.21727e-16
7417.43224  1.22664e-16
7421.51255  1.16874e-16
7425.59286  1.25549e-16
7429.67317  1.26005e-16
7433.75348  1.20740e-16
7437.83379  1.23013e-16
7441.91411  1.22601e-16
7445.99442  1.19604e-16
7450.07473  1.25399e-16
7454.15504  1.26244e-16
7458.23535  1.22098e-16
7462.31566  1.10580e-16
7466.39597  6.16813e-17
7470.47628  6.07683e-17
7474.55659  1.27892e-16
7478.63690  1.28017e-16
7482.71721  1.21539e-16
7486.79753  1.19265e-16
7490.87784  1.22207e-16
7494.95815  1.22342e-16
7499.03846  1.20414e-16
7503.11877  1.19344e-16
7507.19908  1.22137e-16
7511.27939  1.21798e-16
7515.35970  1.10392e-16
7519.44001  1.09576e-16
7523.52032  1.15904e-16
7527.60063  1.19754e-16
7531.68094  1.21267e-16
7535.76126  1.21738e-16
7539.84157  1.20669e-16
7543.92188  1.21516e-16
7548.00219  1.17379e-16
7552.08250  1.13706e-16
7556.16281  1.17162e-16
7560.24312  1.25528e-16
7564.32343  1.26516e-16
7568.40374  1.21221e-16
7572.48405  1.14576e-16
7576.56436  1.17425e-16
7580.64468  1.22241e-16
7584.72499  1.22215e-16
7588.80530  1.15649e-16
7592.88561  1.10926e-16
7596.96592  9.87056e-17
7601.04623  8.69732e-17
7605.12654  9.55132e-17
7609.20685  1.19530e-16
7613.28716  1.36801e-16
7617.36747  1.30233e-16
7621.44778  1.13434e-16
7625.52809  1.09593e-16
7629.60841  1.13312e-16
7633.68872  1.14945e-16
7637.76903  1.15983e-16
7641.84934  1.16235e-16
7645.92965  1.19161e-16
7650.00996  1.14992e-16
7654.09027  1.23927e-16
7658.17058  1.24730e-16
7662.25089  1.13802e-16
7666.33120  1.07944e-16
7670.41151  1.15190e-16
7674.49183  1.15813e-16
7678.57214  1.17737e-16
7682.65245  1.24560e-16
7686.73276  1.19937e-16
7690.81307  1.07197e-16
7694.89338  1.04569e-16
7698.97369  1.03068e-16
7703.05400  1.00213e-16
7707.13431  1.00303e-16
7711.21462  1.06022e-16
7715.29493  1.11316e-16
7719.37524  1.10692e-16
7723.45556  1.13783e-16
7727.53587  1.11933e-16
7731.61618  1.05355e-16
7735.69649  1.03123e-16
7739.77680  9.50775e-17
7743.85711  1.07697e-16
7747.93742  1.20812e-16
7752.01773  1.11721e-16
7756.09804  1.10807e-16
7760.17835  1.08203e-16
7764.25866  1.01743e-16
7768.33898  1.04305e-16
7772.41929  1.10985e-16
7776.49960  1.12812e-16
7780.57991  1.16312e-16
7784.66022  1.24798e-16
7788.74053  1.23969e-16
7792.82084  1.15152e-16
7796.90115  1.09374e-16
7800.98146  9.89332e-17
7805.06177  1.05039e-16
7809.14208  1.08804e-16
7813.22239  1.14564e-16
7817.30271  1.24324e-16
7821.38302  1.20703e-16
7825.46333  1.03488e-16
7829.54364  1.01433e-16
7833.62395  1.02795e-16
7837.70426  1.02173e-16
7841.78457  1.03198e-16
7845.86488  1.10961e-16
7849.94519  1.08170e-16
7854.02550  1.13003e-16
7858.10581  1.04821e-16
7862.18613  1.06895e-16
7866.26644  1.12532e-16
7870.34675  1.08233e-16
7874.42706  1.09850e-16
7878.50737  1.12166e-16
7882.58768  1.21690e-16
7886.66799  1.23300e-16
7890.74830  1.15501e-16
7894.82861  1.12146e-16
7898.90892  1.07353e-16
7902.98923  1.10150e-16
7907.06954  1.12330e-16
7911.14986  1.16894e-16
7915.23017  1.11690e-16
7919.31048  1.05652e-16
7923.39079  1.04192e-16
7927.47110  1.07629e-16
7931.55141  1.10290e-16
7935.63172  1.11304e-16
7939.71203  1.08965e-16
7943.79234  1.09136e-16
7947.87265  1.06031e-16
7951.95296  9.89600e-17
7956.03328  1.05115e-16
7960.11359  1.11333e-16
7964.19390  1.09125e-16
7968.27421  1.08454e-16
7972.35452  1.15518e-16
7976.43483  1.13104e-16
7980.51514  1.03792e-16
7984.59545  1.04159e-16
7988.67576  1.06453e-16
7992.75607  1.09229e-16
7996.83638  1.07482e-16
8000.91669  1.07262e-16
8004.99701  1.13181e-16
8009.07732  1.13250e-16
8013.15763  1.09405e-16
8017.23794  1.12257e-16
8021.31825  1.17902e-16
8025.39856  1.16823e-16
8029.47887  1.10702e-16
8033.55918  1.10132e-16
8037.63949  1.12515e-16
8041.71980  1.09215e-16
8045.80011  1.05049e-16
8049.88043  1.04648e-16
8053.96074  1.09490e-16
8058.04105  1.11054e-16
8062.12136  1.10063e-16
8066.20167  1.12432e-16
8070.28198  1.02532e-16
8074.36229  9.91340e-17
8078.44260  1.05723e-16
8082.52291  1.05182e-16
8086.60322  1.08264e-16
8090.68353  1.06264e-16
8094.76384  1.11428e-16
8098.84416  1.18703e-16
8102.92447  1.16966e-16
8107.00478  1.09551e-16
8111.08509  1.01801e-16
8115.16540  9.95768e-17
8119.24571  1.03306e-16
8123.32602  1.07647e-16
8127.40633  1.04788e-16
8131.48664  1.10461e-16
8135.56695  1.14042e-16
8139.64726  1.19553e-16
8143.72758  1.18119e-16
8147.80789  1.09224e-16
8151.88820  1.05152e-16
8155.96851  1.10082e-16
8160.04882  1.10792e-16
8164.12913  9.98158e-17
8168.20944  1.04728e-16
8172.28975  1.14052e-16
8176.37006  1.10020e-16
8180.45037  1.12318e-16
8184.53068  1.13573e-16
8188.61099  1.13508e-16
8192.69131  1.09052e-16
8196.77162  1.05181e-16
8200.85193  1.03813e-16
8204.93224  1.08748e-16
8209.01255  1.05720e-16
8213.09286  1.01036e-16
8217.17317  1.01864e-16
8221.25348  1.11840e-16
8225.33379  1.09978e-16
8229.41410  1.11009e-16
8233.49441  1.08617e-16
8237.57473  1.05558e-16
8241.65504  1.06463e-16
8245.73535  1.08481e-16
8249.81566  1.07815e-16
8253.89597  1.09948e-16
8257.97628  1.12799e-16
8262.05659  1.10582e-16
8266.13690  1.06833e-16
8270.21721  1.03270e-16
8274.29752  9.64941e-17
8278.37783  9.88227e-17
8282.45814  1.06301e-16
8286.53846  1.02693e-16
8290.61877  1.00669e-16
8294.69908  1.05518e-16
8298.77939  1.03787e-16
8302.85970  1.01186e-16
8306.94001  1.00815e-16
8311.02032  9.48827e-17
8315.10063  9.51234e-17
8319.18094  1.02658e-16
8323.26125  1.00831e-16
8327.34156  9.96259e-17
8331.42188  9.88613e-17
8335.50219  9.32810e-17
8339.58250  9.30535e-17
8343.66281  8.67312e-17
8347.74312  1.02822e-16
8351.82343  9.71474e-17
8355.90374  9.70964e-17
8359.98405  9.71498e-17
8364.06436  1.00154e-16
8368.14467  9.97331e-17
8372.22498  9.47163e-17
8376.30529  1.03230e-16
8380.38561  1.04722e-16
8384.46592  9.77118e-17
8388.54623  9.16254e-17
8392.62654  9.71960e-17
8396.70685  9.05808e-17
8400.78716  9.51396e-17
8404.86747  1.08490e-16
8408.94778  1.01553e-16
8413.02809  9.22521e-17
8417.10840  9.07963e-17
8421.18871  8.65345e-17
8425.26902  9.19905e-17
8429.34934  9.56760e-17
8433.42965  9.24720e-17
8437.50996  9.36168e-17
8441.59027  9.66033e-17
8445.67058  1.02104e-16
8449.75089  9.86722e-17
8453.83120  8.88780e-17
8457.91151  8.39156e-17
8461.99182  9.59353e-17
8466.07213  1.01769e-16
8470.15244  9.70615e-17
8474.23276  9.24470e-17
8478.31307  9.76582e-17
8482.39338  1.04402e-16
8486.47369  1.04797e-16
8490.55400  9.79841e-17
8494.63431  9.09721e-17
8498.71462  8.89277e-17
8502.79493  8.60586e-17
8506.87524  9.89542e-17
8510.95555  9.96388e-17
8515.03586  8.86570e-17
8519.11617  9.51276e-17
8523.19649  1.05615e-16
8527.27680  1.04589e-16
8531.35711  9.97270e-17
8535.43742  9.02676e-17
8539.51773  9.53640e-17
8543.59804  9.64051e-17
8547.67835  9.93776e-17
8551.75866  9.55577e-17
8555.83897  9.18001e-17
8559.91928  8.71690e-17
8563.99959  8.72634e-17
8568.07991  9.71834e-17
8572.16022  9.47965e-17
8576.24053  9.33545e-17
8580.32084  9.87304e-17
8584.40115  9.42250e-17
8588.48146  8.60897e-17
8592.56177  8.96245e-17
8596.64208  9.54008e-17
8600.72239  9.66916e-17
8604.80270  9.33566e-17
8608.88301  9.14700e-17
8612.96332  9.99780e-17
8617.04364  1.03036e-16
8621.12395  1.14250e-16
8625.20426  1.05339e-16
8629.28457  9.44104e-17
8633.36488  9.63105e-17
8637.44519  9.42976e-17
8641.52550  8.50205e-17
8645.60581  8.66211e-17
8649.68612  9.85397e-17
8653.76643  9.88502e-17
8657.84674  9.28320e-17
8661.92706  9.58253e-17
8666.00737  9.35751e-17
8670.08768  9.27306e-17
8674.16799  9.20566e-17
8678.24830  9.26269e-17
8682.32861  9.58899e-17
8686.40892  9.38141e-17
8690.48923  9.88094e-17
8694.56954  1.02021e-16
8698.64985  9.65302e-17
8702.73016  9.44105e-17
8706.81047  9.07332e-17
8710.89079  8.76003e-17
8714.97110  9.26100e-17
8719.05141  9.52092e-17
8723.13172  9.06414e-17
8727.21203  9.12241e-17
8731.29234  9.46402e-17
8735.37265  9.72444e-17
8739.45296  1.02013e-16
8743.53327  9.50751e-17
8747.61358  9.82317e-17
8751.69389  1.11744e-16
8755.77421  1.00986e-16
8759.85452  9.29463e-17
8763.93483  9.14145e-17
8768.01514  7.30131e-17
8772.09545  8.01431e-17
8776.17576  1.00188e-16
8780.25607  9.66780e-17
8784.33638  9.42419e-17
8788.41669  1.03655e-16
8792.49700  9.11376e-17
8796.57731  8.71024e-17
8800.65762  9.55410e-17
8804.73794  8.94385e-17
8808.81825  8.78679e-17
8812.89856  8.40150e-17
8816.97887  7.60334e-17
8821.05918  8.32634e-17
8825.13949  8.84334e-17
8829.21980  9.43108e-17
8833.30011  9.21559e-17
8837.38042  8.73815e-17
8841.46073  9.24830e-17
8845.54104  9.25731e-17
8849.62136  9.17605e-17
8853.70167  9.09872e-17
8857.78198  8.22989e-17
8861.86229  8.30300e-17
8865.94260  1.01127e-16
8870.02291  1.00640e-16
8874.10322  1.07797e-16
8878.18353  1.06222e-16
8882.26384  1.14870e-16
8886.34415  9.95565e-17
8890.42446  8.54808e-17
8894.50477  8.12622e-17
8898.58509  9.14336e-17
8902.66540  1.02016e-16
8906.74571  9.05040e-17
8910.82602  7.40556e-17
8914.90633  8.20537e-17
8918.98664  9.31777e-17
8923.06695  8.26499e-17
8927.14726  8.56502e-17
8931.22757  9.71900e-17
8935.30788  1.00438e-16
8939.38819  9.88729e-17
8943.46851  8.63976e-17
8947.54882  7.25191e-17
8951.62913  7.05071e-17
8955.70944  8.42984e-17
8959.78975  1.11359e-16
8963.87006  1.20484e-16
8967.95037  1.05866e-16
8972.03068  9.35002e-17
8976.11099  9.76064e-17
8980.19130  1.08133e-16
8984.27161  9.85240e-17
8988.35192  8.64935e-17
8992.43224  9.59977e-17
8996.51255  9.97532e-17
9000.59286  1.09539e-16
9004.67317  1.23647e-16
9008.75348  1.01001e-16
9012.83379  9.22732e-17
9016.91410  1.05389e-16
9020.99441  1.06575e-16
9025.07472  9.88246e-17
9029.15503  9.65457e-17
9033.23534  1.05509e-16
9037.31566  1.09031e-16
9041.39597  1.08240e-16
9045.47628  1.03607e-16
9049.55659  9.57270e-17
9053.63690  8.74197e-17
9057.71721  9.00827e-17
9061.79752  9.13471e-17
9065.87783  9.97999e-17
9069.95814  9.19905e-17
9074.03845  8.57576e-17
9078.11876  8.91261e-17
9082.19907  8.66151e-17
9086.27939  8.65972e-17
9090.35970  8.75633e-17
9094.44001  8.88139e-17
9098.52032  9.49955e-17
9102.60063  1.01676e-16
9106.68094  9.64465e-17
9110.76125  9.13023e-17
9114.84156  9.94015e-17
9118.92187  9.93726e-17
9123.00218  9.30949e-17
9127.08249  9.36562e-17
9131.16281  8.48770e-17
9135.24312  7.65311e-17
9139.32343  8.57421e-17
9143.40374  9.42633e-17
9147.48405  9.14018e-17
9151.56436  9.71733e-17
9155.64467  1.13297e-16
9159.72498  9.03689e-17
9163.80529  8.01810e-17
9167.88560  9.39085e-17
9171.96591  9.31692e-17
9176.04622  9.30489e-17
9180.12654  8.61508e-17
9184.20685  8.00875e-17
9188.28716  8.89701e-17
9192.36747  9.40025e-17
9196.44778  8.57577e-17
9200.52809  9.03178e-17
9204.60840  8.51747e-17
9208.68871  7.72261e-17
9212.76902  8.77556e-17
9216.84933  9.48775e-17
9220.92964  8.82974e-17
9225.00996  8.69973e-17
9229.09027  9.47230e-17
9233.17058  9.67734e-17
9237.25089  9.19522e-17
9241.33120  9.02920e-17
9245.41151  9.12747e-17
9249.49182  9.55290e-17
9253.57213  1.05729e-16
9257.65244  1.00997e-16
9261.73275  8.59424e-17
9265.81306  8.58026e-17
9269.89337  8.64618e-17
9273.97369  8.88117e-17
9278.05400  9.30255e-17
9282.13431  9.56305e-17
9286.21462  9.09472e-17
9290.29493  7.99298e-17
9294.37524  1.10607e-16
9298.45555  1.33287e-16
9302.53586  1.33661e-16
9306.61617  1.06941e-16
9310.69648  8.39252e-17
9314.77679  8.32643e-17
9318.85711  8.71989e-17
9322.93742  1.06451e-16
9327.01773  1.00131e-16
9331.09804  8.56163e-17
9335.17835  8.48095e-17
9339.25866  8.89186e-17
9343.33897  9.12072e-17
9347.41928  9.30573e-17
9351.49959  9.17889e-17
9355.57990  9.64135e-17
9359.66021  1.03234e-16
9363.74052  9.01316e-17
9367.82084  9.42366e-17
9371.90115  1.21266e-16
9375.98146  1.41613e-16
9380.06177  1.50629e-16
9384.14208  1.23953e-16
9388.22239  9.46759e-17
9392.30270  1.15513e-16
9396.38301  1.14112e-16
9400.46332  9.12767e-17
9404.54363  9.77240e-17
9408.62394  9.25106e-17
9412.70426  1.18137e-16
9416.78457  1.22865e-16
9420.86488  1.09726e-16
9424.94519  1.11468e-16
9429.02550  8.56648e-17
9433.10581  8.90200e-17
9437.18612  7.38334e-17
9441.26643  9.46219e-17
9445.34674  9.05862e-17
9449.42705  8.26356e-17
9453.50736  7.87141e-17
9457.58767  1.18588e-16
9461.66799  1.15390e-16
9465.74830  7.74206e-17
9469.82861  9.03973e-17
9473.90892  1.09472e-16
9477.98923  1.10723e-16
9482.06954  1.19116e-16
9486.14985  9.21847e-17
9490.23016  6.00779e-17
9494.31047  6.31067e-17
9498.39078  7.26051e-17
9502.47109  8.10199e-17
9506.55141  9.19523e-17
9510.63172  1.06135e-16
9514.71203  9.41050e-17
9518.79234  1.09656e-16
9522.87265  1.16785e-16
9526.95296  8.46409e-17
9531.03327  9.26550e-17
9535.11358  1.10567e-16
9539.19389  1.14274e-16
9543.27420  9.61132e-17
9547.35451  1.16922e-16
9551.43482  1.33816e-16
9555.51514  1.23094e-16
9559.59545  1.27567e-16
9563.67576  1.25487e-16
9567.75607  1.02654e-16
9571.83638  8.86227e-17
9575.91669  9.60908e-17
9579.99700  1.08210e-16
9584.07731  1.05378e-16
9588.15762  9.40672e-17
9592.23793  9.84106e-17
9596.31824  8.93958e-17
9600.39856  8.13172e-17
9604.47887  1.03890e-16
9608.55918  1.08708e-16
9612.63949  1.00080e-16
9616.71980  1.00685e-16
9620.80011  8.97734e-17
9624.88042  1.03782e-16
9628.96073  1.06408e-16
9633.04104  9.85464e-17
9637.12135  8.80643e-17
9641.20166  7.37561e-17
9645.28197  8.21363e-17
9649.36229  8.15502e-17
9653.44260  7.94772e-17
9657.52291  9.97084e-17
9661.60322  9.64024e-17
9665.68353  8.39584e-17
9669.76384  9.79447e-17
9673.84415  1.07101e-16
9677.92446  1.00177e-16
9682.00477  8.67800e-17
9686.08508  7.48002e-17
9690.16539  7.30011e-17
9694.24571  6.50168e-17
9698.32602  7.87740e-17
9702.40633  8.63563e-17
9706.48664  7.15391e-17
9710.56695  6.03565e-17
9714.64726  7.55023e-17
9718.72757  8.29483e-17
9722.80788  7.87606e-17
9726.88819  9.79227e-17
9730.96850  1.00183e-16
9735.04881  8.49653e-17
9739.12912  7.90143e-17
9743.20944  6.62160e-17
9747.28975  8.15903e-17
9751.37006  7.39319e-17
9755.45037  6.61276e-17
9759.53068  7.06968e-17
9763.61099  7.43781e-17
9767.69130  7.65800e-17
9771.77161  8.65148e-17
9775.85192  6.27053e-17
9779.93223  6.04211e-17
9784.01254  6.29476e-17
9788.09286  6.09487e-17
9792.17317  9.53161e-17
9796.25348  1.21728e-16
9800.33379  1.05690e-16
9804.41410  7.57979e-17
9808.49441  7.48962e-17
9812.57472  6.93431e-17
9816.65503  6.17051e-17
9820.73534  7.04125e-17
9824.81565  5.83352e-17
9828.89596  6.41869e-17
9832.97627  7.66870e-17
9837.05659  7.06207e-17
9841.13690  7.90964e-17
9845.21721  8.83642e-17
9849.29752  7.92461e-17
9853.37783  5.58488e-17
9857.45814  6.95696e-17
9861.53845  9.06075e-17
9865.61876  1.02510e-16
9869.69907  7.86647e-17
9873.77938  9.24986e-17
9877.85969  1.27070e-16
9881.94000  9.64124e-17
9886.02032  8.96466e-17
9890.10063  9.21850e-17
9894.18094  9.88688e-17
9898.26125  8.71262e-17
9902.34156  6.83701e-17
9906.42187  7.41676e-17
9910.50218  1.03592e-16
9914.58249  9.61697e-17
9918.66280  7.88211e-17
9922.74311  8.15502e-17
9926.82342  9.53946e-17
9930.90374  7.06021e-17
9934.98405  3.13685e-17
9939.06436  9.76049e-17
9943.14467  1.33904e-16
9947.22498  5.32897e-17
9951.30529  5.47644e-17
9955.38560  1.12425e-16
9959.46591  1.07900e-16
9963.54622  9.08558e-17
9967.62653  8.51538e-17
9971.70684  9.06629e-17
9975.78715  6.20394e-17
9979.86747  5.27376e-17
9983.94778  7.89180e-17
9988.02809  4.19024e-17
9992.10840  2.37895e-18
