3651.49853516  1.269858E-16
3657.01509857553  1.195516E-16
3662.53166199106  1.322156E-16
3668.04822540659  1.149647E-16
3673.56478882212  1.259792E-16
3679.08135223765  1.325089E-16
3684.59791565318  1.269278E-16
3690.11447906871  1.267937E-16
3695.63104248424  1.220029E-16
3701.14760589977  1.323448E-16
3706.6641693153  1.414939E-16
3712.18073273083  1.392905E-16
3717.69729614636  1.205450E-16
3723.21385956189  1.318618E-16
3728.73042297742  1.269553E-16
3734.24698639295  1.051233E-16
3739.76354980848  1.208147E-16
3745.28011322401  1.303164E-16
3750.79667663954  1.265583E-16
3756.31324005507  1.359785E-16
3761.8298034706  1.216213E-16
3767.34636688613  1.239871E-16
3772.86293030166  1.254519E-16
3778.37949371719  1.216161E-16
3783.89605713272  1.290340E-16
3789.41262054825  1.102214E-16
3794.92918396378  1.227841E-16
3800.44574737931  1.173202E-16
3805.96231079484  1.098653E-16
3811.47887421037  1.161929E-16
3816.9954376259  1.286394E-16
3822.51200104143  1.181863E-16
3828.02856445696  1.062718E-16
3833.54512787249  1.263394E-16
3839.06169128802  1.218950E-16
3844.57825470355  1.104714E-16
3850.09481811908  1.209165E-16
3855.61138153461  1.240506E-16
3861.12794495014  1.250558E-16
3866.64450836567  1.168456E-16
3872.1610717812  1.258267E-16
3877.67763519673  1.281196E-16
3883.19419861226  1.115786E-16
3888.71076202779  1.181747E-16
3894.22732544332  1.203126E-16
3899.74388885885  1.190227E-16
3905.26045227438  1.130585E-16
3910.77701568991  1.073519E-16
3916.29357910544  1.176057E-16
3921.81014252097  1.214621E-16
3927.3267059365  1.130702E-16
3932.84326935203  1.158456E-16
3938.35983276756  1.100603E-16
3943.87639618309  1.124482E-16
3949.39295959862  1.075746E-16
3954.90952301415  1.084503E-16
3960.42608642968  1.193875E-16
3965.94264984521  1.202284E-16
3971.45921326074  1.161482E-16
3976.97577667627  1.171719E-16
3982.4923400918  1.181049E-16
3988.00890350733  1.158321E-16
3993.52546692286  1.181225E-16
3999.04203033839  1.149481E-16
4004.55859375392  1.259801E-16
4010.07515716945  1.140749E-16
4015.59172058498  1.164167E-16
4021.10828400051  1.142140E-16
4026.62484741604  1.216583E-16
4032.14141083157  1.115603E-16
4037.6579742471  1.121685E-16
4043.17453766263  1.211230E-16
4048.69110107816  1.176638E-16
4054.20766449369  1.133331E-16
4059.72422790922  1.199757E-16
4065.24079132475  1.314607E-16
4070.75735474028  1.330472E-16
4076.27391815581  1.197446E-16
4081.79048157134  1.063547E-16
4087.30704498687  1.136965E-16
4092.8236084024  1.030804E-16
4098.34017181793  1.084640E-16
4103.85673523346  1.148645E-16
4109.37329864899  1.159156E-16
4114.88986206452  1.243821E-16
4120.40642548005  1.173331E-16
4125.92298889558  1.176630E-16
4131.43955231111  1.098132E-16
4136.95611572664  1.069229E-16
4142.47267914217  1.097123E-16
4147.9892425577  1.125189E-16
4153.50580597323  1.093173E-16
4159.02236938876  1.133017E-16
4164.53893280429  1.177498E-16
4170.05549621982  1.093375E-16
4175.57205963535  1.117540E-16
4181.08862305088  1.067195E-16
4186.60518646641  1.013178E-16
4192.12174988194  1.100451E-16
4197.63831329747  1.111763E-16
4203.154876713  1.185079E-16
4208.67144012853  1.150772E-16
4214.18800354406  1.101168E-16
4219.70456695959  1.128086E-16
4225.22113037512  1.172426E-16
4230.73769379065  1.169710E-16
4236.25425720618  1.158953E-16
4241.77082062171  1.097867E-16
4247.28738403724  1.093268E-16
4252.80394745277  1.109300E-16
4258.3205108683  1.129438E-16
4263.83707428383  1.136887E-16
4269.35363769936  1.135500E-16
4274.87020111489  1.146706E-16
4280.38676453042  1.025156E-16
4285.90332794595  9.758549E-17
4291.41989136148  9.817158E-17
4296.93645477701  9.288565E-17
4302.45301819254  9.104139E-17
4307.96958160807  1.012990E-16
4313.48614502361  1.052269E-16
4319.00270843913  1.081895E-16
4324.51927185466  1.022803E-16
4330.03583527019  1.038178E-16
4335.55239868572  1.006758E-16
4341.06896210125  1.095800E-16
4346.58552551678  1.125854E-16
4352.10208893231  1.102615E-16
4357.61865234784  1.121014E-16
4363.13521576337  1.232523E-16
4368.6517791789  1.166781E-16
4374.16834259443  1.215911E-16
4379.68490600996  1.218485E-16
4385.20146942549  1.239568E-16
4390.71803284102  1.208181E-16
4396.23459625655  1.194373E-16
4401.75115967208  1.209807E-16
4407.26772308761  1.200946E-16
4412.78428650314  1.163417E-16
4418.30084991867  1.243255E-16
4423.8174133342  1.221848E-16
4429.33397674973  1.215810E-16
4434.85054016526  1.178444E-16
4440.36710358079  1.127884E-16
4445.88366699632  1.246588E-16
4451.40023041185  1.198298E-16
4456.91679382738  1.145798E-16
4462.43335724291  1.220414E-16
4467.94992065844  1.196229E-16
4473.46648407397  1.100738E-16
4478.9830474895  1.077015E-16
4484.49961090503  1.170150E-16
4490.01617432056  1.144993E-16
4495.53273773609  1.165819E-16
4501.04930115162  1.134602E-16
4506.56586456715  1.106438E-16
4512.08242798268  1.131465E-16
4517.59899139821  1.093584E-16
4523.11555481374  1.035991E-16
4528.63211822927  1.032452E-16
4534.1486816448  1.027778E-16
4539.66524506033  1.019161E-16
4545.18180847586  1.031081E-16
4550.6983718914  1.026869E-16
4556.21493530692  1.052800E-16
4561.73149872245  1.006702E-16
4567.24806213798  1.109213E-16
4572.76462555351  1.074200E-16
4578.28118896904  1.088787E-16
4583.79775238457  1.127670E-16
4589.3143158001  1.160772E-16
4594.83087921563  1.138768E-16
4600.34744263116  1.170189E-16
4605.86400604669  1.090838E-16
4611.38056946222  1.103209E-16
4616.89713287776  1.036852E-16
4622.41369629328  1.053359E-16
4627.93025970881  1.155976E-16
4633.44682312434  1.163469E-16
4638.96338653987  1.161016E-16
4644.4799499554  1.080717E-16
4649.99651337093  1.104591E-16
4655.51307678646  1.064646E-16
4661.02964020199  1.105293E-16
4666.54620361752  1.148840E-16
4672.06276703305  1.162161E-16
4677.57933044858  1.099075E-16
4683.09589386411  1.016110E-16
4688.61245727964  1.071973E-16
4694.12902069517  9.980539E-17
4699.6455841107  1.002781E-16
4705.16214752623  1.061131E-16
4710.67871094176  1.091834E-16
4716.19527435729  1.069787E-16
4721.71183777282  1.064705E-16
4727.22840118835  1.113562E-16
4732.74496460388  1.077481E-16
4738.26152801941  1.047668E-16
4743.77809143494  1.085061E-16
4749.29465485048  1.100529E-16
4754.811218266  1.130521E-16
4760.32778168153  1.162164E-16
4765.84434509706  1.087887E-16
4771.36090851259  1.054344E-16
4776.87747192813  1.117191E-16
4782.39403534365  1.090018E-16
4787.91059875918  1.092472E-16
4793.42716217471  1.132082E-16
4798.94372559024  1.090569E-16
4804.46028900577  1.098352E-16
4809.9768524213  1.023556E-16
4815.49341583683  1.095892E-16
4821.00997925236  1.110269E-16
4826.52654266789  1.115951E-16
4832.04310608342  1.116808E-16
4837.55966949895  1.137809E-16
4843.07623291448  1.092346E-16
4848.59279633001  1.141587E-16
4854.10935974554  1.071562E-16
4859.62592316107  1.148119E-16
4865.1424865766  1.125997E-16
4870.65904999213  1.104105E-16
4876.17561340766  1.092430E-16
4881.69217682319  1.159955E-16
4887.20874023872  1.102054E-16
4892.72530365425  1.102842E-16
4898.24186706978  1.180302E-16
4903.75843048532  1.118408E-16
4909.27499390084  1.181116E-16
4914.79155731637  1.184843E-16
4920.30812073191  1.222023E-16
4925.82468414743  1.147000E-16
4931.34124756296  1.167912E-16
4936.85781097849  1.172946E-16
4942.37437439402  1.073775E-16
4947.89093780955  1.082177E-16
4953.40750122509  1.162897E-16
4958.92406464061  1.119249E-16
4964.44062805614  1.160324E-16
4969.95719147167  1.192066E-16
4975.4737548872  1.170137E-16
4980.99031830273  1.154968E-16
4986.50688171827  1.150960E-16
4992.02344513379  1.128546E-16
4997.54000854932  1.151395E-16
5003.05657196486  1.102420E-16
5008.57313538038  1.175024E-16
5014.08969879591  1.137657E-16
5019.60626221145  1.200990E-16
5025.12282562697  1.207828E-16
5030.6393890425  1.166124E-16
5036.15595245804  1.101405E-16
5041.67251587356  1.178800E-16
5047.1890792891  1.206462E-16
5052.70564270463  1.072456E-16
5058.22220612015  1.151455E-16
5063.73876953569  1.061388E-16
5069.25533295121  1.098430E-16
5074.77189636675  1.092994E-16
5080.28845978227  1.021326E-16
5085.80502319781  1.070550E-16
5091.32158661333  1.048966E-16
5096.83815002886  1.060359E-16
5102.3547134444  1.107607E-16
5107.87127685992  1.128730E-16
5113.38784027546  1.117259E-16
5118.90440369099  1.194173E-16
5124.42096710651  1.203982E-16
5129.93753052205  1.115302E-16
5135.45409393758  1.191977E-16
5140.9706573531  1.217368E-16
5146.48722076864  1.203501E-16
5152.00378418417  1.228088E-16
5157.5203475997  1.193691E-16
5163.03691101522  1.176855E-16
5168.55347443075  1.185516E-16
5174.07003784628  1.213097E-16
5179.58660126182  1.151472E-16
5185.10316467735  1.200040E-16
5190.61972809288  1.175751E-16
5196.1362915084  1.172789E-16
5201.65285492393  1.206438E-16
5207.16941833947  1.148489E-16
5212.685981755  1.165115E-16
5218.20254517053  1.168470E-16
5223.71910858605  1.157459E-16
5229.23567200158  1.199849E-16
5234.75223541712  1.195596E-16
5240.26879883264  1.144861E-16
5245.78536224817  1.096328E-16
5251.3019256637  1.151663E-16
5256.81848907924  1.214507E-16
5262.33505249476  1.202067E-16
5267.8516159103  1.217216E-16
5273.36817932582  1.090982E-16
5278.88474274135  1.120153E-16
5284.40130615689  1.155717E-16
5289.91786957242  1.137848E-16
5295.43443298794  1.101555E-16
5300.95099640348  1.206801E-16
5306.46755981901  1.178145E-16
5311.98412323454  1.084289E-16
5317.50068665007  1.115982E-16
5323.01725006559  1.088194E-16
5328.53381348112  1.113436E-16
5334.05037689666  1.104985E-16
5339.56694031219  1.034150E-16
5345.08350372771  1.127508E-16
5350.60006714325  1.126347E-16
5356.11663055878  1.118094E-16
5361.63319397431  1.103365E-16
5367.14975738984  1.084435E-16
5372.66632080537  1.081895E-16
5378.18288422089  1.087557E-16
5383.69944763643  1.120866E-16
5389.21601105196  1.105269E-16
5394.73257446748  1.069504E-16
5400.24913788301  1.174044E-16
5405.76570129854  1.136912E-16
5411.28226471408  1.155520E-16
5416.79882812961  1.127474E-16
5422.31539154514  1.077321E-16
5427.83195496066  1.129106E-16
5433.34851837619  1.122836E-16
5438.86508179173  1.084587E-16
5444.38164520726  1.013131E-16
5449.89820862278  1.106527E-16
5455.41477203832  1.218755E-16
5460.93133545385  1.086698E-16
5466.44789886937  1.158447E-16
5471.9644622849  1.058713E-16
5477.48102570044  1.072211E-16
5482.99758911596  1.088024E-16
5488.5141525315  1.098713E-16
5494.03071594703  1.042850E-16
5499.54727936256  1.120149E-16
5505.06384277808  1.040340E-16
5510.58040619362  1.101753E-16
5516.09696960915  9.523253E-17
5521.61353302467  1.077686E-16
5527.13009644021  1.094531E-16
5532.64665985573  1.009924E-16
5538.16322327126  1.022063E-16
5543.6797866868  1.070437E-16
5549.19635010233  1.071517E-16
5554.71291351785  1.020838E-16
5560.22947693339  1.098103E-16
5565.74604034892  9.362106E-17
5571.26260376445  1.011864E-16
5576.77916717998  1.267124E-16
5582.29573059551  1.026167E-16
5587.81229401103  1.026708E-16
5593.32885742657  1.001815E-16
5598.8454208421  1.013147E-16
5604.36198425762  8.929765E-17
5609.87854767316  9.415564E-17
5615.39511108869  1.049207E-16
5620.91167450422  1.034708E-16
5626.42823791975  9.111247E-17
5631.94480133527  8.701818E-17
5637.46136475081  8.933011E-17
5642.97792816634  9.323723E-17
5648.49449158187  8.831188E-17
5654.0110549974  9.016545E-17
5659.52761841293  9.188150E-17
5665.04418182845  9.473617E-17
5670.56074524399  9.737076E-17
5676.07730865951  9.755853E-17
5681.59387207505  9.189838E-17
5687.11043549058  9.922425E-17
5692.62699890611  9.726964E-17
5698.14356232163  9.658227E-17
5703.66012573717  9.493179E-17
5709.17668915269  9.842736E-17
5714.69325256822  9.150877E-17
5720.20981598376  9.382937E-17
5725.72637939929  9.715745E-17
5731.24294281481  9.723433E-17
5736.75950623035  1.005772E-16
5742.27606964588  9.156053E-17
5747.7926330614  9.791814E-17
5753.30919647694  9.485342E-17
5758.82575989246  9.546559E-17
5764.342323308  9.398146E-17
5769.85888672353  9.763806E-17
5775.37545013906  1.004385E-16
5780.89201355459  9.482566E-17
5786.40857697012  9.984043E-17
5791.92514038565  1.035346E-16
5797.44170380118  1.015055E-16
5802.95826721671  9.723485E-17
5808.47483063224  9.674847E-17
5813.99139404777  9.555719E-17
5819.5079574633  9.571554E-17
5825.02452087883  9.387875E-17
5830.54108429436  1.003478E-16
5836.05764770989  1.062784E-16
5841.57421112541  9.919541E-17
5847.09077454095  9.716218E-17
5852.60733795648  9.411756E-17
5858.12390137201  9.924166E-17
5863.64046478754  1.040633E-16
5869.15702820307  9.791761E-17
5874.6735916186  9.930916E-17
5880.19015503413  9.528268E-17
5885.70671844966  9.243121E-17
5891.22328186518  1.000248E-16
5896.73984528072  9.491938E-17
5902.25640869625  9.815314E-17
5907.77297211178  9.491017E-17
5913.28953552731  9.354869E-17
5918.80609894284  9.172737E-17
5924.32266235837  9.509063E-17
5929.8392257739  1.003901E-16
5935.35578918943  9.838991E-17
5940.87235260496  9.816498E-17
5946.38891602049  9.789768E-17
5951.90547943602  9.965759E-17
5957.42204285155  9.822417E-17
5962.93860626708  9.503299E-17
5968.45516968261  9.466519E-17
5973.97173309814  9.704409E-17
5979.48829651367  9.291742E-17
5985.0048599292  9.101599E-17
5990.52142334473  9.648875E-17
5996.03798676026  9.477033E-17
6001.55455017579  8.963731E-17
6007.07111359132  8.977922E-17
6012.58767700685  8.999998E-17
6018.10424042238  9.831949E-17
6023.62080383791  9.405016E-17
6029.13736725344  9.488546E-17
6034.65393066897  1.009464E-16
6040.1704940845  9.446033E-17
6045.68705750002  9.485593E-17
6051.20362091556  9.066506E-17
6056.72018433109  8.983297E-17
6062.23674774662  9.568269E-17
6067.75331116215  9.551585E-17
6073.26987457768  9.271200E-17
6078.78643799321  9.570703E-17
6084.30300140874  9.802229E-17
6089.81956482427  9.030280E-17
6095.3361282398  9.278456E-17
6100.85269165533  8.589086E-17
6106.36925507086  9.487489E-17
6111.88581848639  9.334953E-17
6117.40238190192  8.950480E-17
6122.91894531745  9.468409E-17
6128.43550873298  9.080766E-17
6133.95207214851  9.202928E-17
6139.46863556404  9.017901E-17
6144.98519897957  9.164334E-17
6150.5017623951  9.199137E-17
6156.01832581063  9.425343E-17
6161.53488922616  9.063239E-17
6167.05145264169  8.970126E-17
6172.56801605722  8.809071E-17
6178.08457947275  9.116595E-17
6183.60114288828  8.960875E-17
6189.11770630381  9.453903E-17
6194.63426971934  9.619509E-17
6200.15083313487  9.062321E-17
6205.6673965504  9.299360E-17
6211.18395996593  9.717759E-17
6216.70052338146  9.215390E-17
6222.21708679699  9.243395E-17
6227.73365021252  9.575527E-17
6233.25021362805  9.489695E-17
6238.76677704358  9.423511E-17
6244.28334045911  9.879404E-17
6249.79990387464  9.925533E-17
6255.31646729017  9.472268E-17
6260.8330307057  9.393614E-17
6266.34959412123  9.813400E-17
6271.86615753675  9.409185E-17
6277.38272095229  9.189638E-17
6282.89928436782  9.490479E-17
6288.41584778335  9.999514E-17
6293.93241119888  1.009773E-16
6299.44897461441  1.020822E-16
6304.96553802993  9.953452E-17
6310.48210144547  8.893819E-17
6315.998664861  9.647146E-17
6321.51522827653  9.772087E-17
6327.03179169206  9.463076E-17
6332.54835510759  9.300363E-17
6338.06491852312  1.000504E-16
6343.58148193865  9.966962E-17
6349.09804535418  9.663602E-17
6354.6146087697  1.002079E-16
6360.13117218524  1.011521E-16
6365.64773560077  1.063561E-16
6371.1642990163  9.048813E-17
6376.68086243183  9.176045E-17
6382.19742584736  9.793256E-17
6387.71398926289  9.698840E-17
6393.23055267842  9.102635E-17
6398.74711609395  9.445871E-17
6404.26367950948  9.740784E-17
6409.78024292501  9.543087E-17
6415.29680634054  8.941544E-17
6420.81336975607  8.799363E-17
6426.3299331716  9.563041E-17
6431.84649658713  9.216329E-17
6437.36306000266  9.028614E-17
6442.87962341819  9.716362E-17
6448.39618683372  9.162408E-17
6453.91275024925  9.814422E-17
6459.42931366478  9.167023E-17
6464.94587708031  9.352757E-17
6470.46244049584  9.624667E-17
6475.97900391137  9.274589E-17
6481.4955673269  8.981704E-17
6487.01213074243  9.296663E-17
6492.52869415796  9.429740E-17
6498.04525757349  9.200979E-17
6503.56182098902  9.352153E-17
6509.07838440454  9.165268E-17
6514.59494782008  8.887174E-17
6520.11151123561  9.396633E-17
6525.62807465114  9.704510E-17
6531.14463806667  9.229658E-17
6536.6612014822  9.082109E-17
6542.17776489773  8.666410E-17
6547.69432831326  9.509250E-17
6553.21089172879  9.116111E-17
6558.72745514432  9.005449E-17
6564.24401855985  9.529858E-17
6569.76058197538  9.427763E-17
6575.27714539091  9.123329E-17
6580.79370880644  9.429926E-17
6586.31027222197  9.530448E-17
6591.8268356375  9.784830E-17
6597.34339905303  9.478182E-17
6602.85996246856  9.664766E-17
6608.37652588409  9.192409E-17
6613.89308929962  9.351874E-17
6619.40965271515  9.624547E-17
6624.92621613068  9.898078E-17
6630.44277954621  1.014211E-16
6635.95934296174  9.800860E-17
6641.47590637727  9.154006E-17
6646.9924697928  9.337356E-17
6652.50903320833  8.913354E-17
6658.02559662386  9.373931E-17
6663.54216003939  9.158824E-17
6669.05872345492  9.010196E-17
6674.57528687045  9.700956E-17
6680.09185028598  9.752631E-17
6685.60841370151  9.263938E-17
6691.12497711704  9.047786E-17
6696.64154053257  9.049192E-17
6702.1581039481  9.368914E-17
6707.67466736363  9.571781E-17
6713.19123077916  9.148950E-17
6718.70779419469  8.699550E-17
6724.22435761022  8.480604E-17
6729.74092102575  8.546116E-17
6735.25748444128  8.851626E-17
6740.77404785681  9.258224E-17
6746.29061127234  8.927498E-17
6751.80717468787  9.429096E-17
6757.3237381034  8.937827E-17
6762.84030151893  9.358733E-17
6768.35686493446  8.468457E-17
6773.87342834999  8.210125E-17
6779.38999176552  8.955712E-17
6784.90655518105  9.304070E-17
6790.42311859658  8.753816E-17
6795.93968201211  8.690358E-17
6801.45624542764  8.815934E-17
6806.97280884317  8.726138E-17
6812.4893722587  9.213290E-17
6818.00593567423  9.413767E-17
6823.52249908976  8.692619E-17
6829.03906250529  9.015514E-17
6834.55562592082  8.645996E-17
6840.07218933635  8.879059E-17
6845.58875275188  9.364678E-17
6851.10531616741  9.112247E-17
6856.62187958294  8.512555E-17
6862.13844299847  8.736195E-17
6867.655006414  9.084154E-17
6873.17156982953  8.599049E-17
6878.68813324506  8.100043E-17
6884.20469666059  9.007272E-17
6889.72126007612  9.392379E-17
6895.23782349165  9.067082E-17
6900.75438690718  9.702543E-17
6906.27095032271  9.613602E-17
6911.78751373824  1.003823E-16
6917.30407715377  1.036172E-16
6922.8206405693  1.036808E-16
6928.33720398483  1.042817E-16
6933.85376740036  9.839337E-17
6939.37033081589  1.072764E-16
6944.88689423142  1.052461E-16
6950.40345764695  1.038363E-16
6955.92002106248  1.120577E-16
6961.43658447801  9.824362E-17
6966.95314789354  1.016158E-16
6972.46971130907  9.960601E-17
6977.9862747246  1.027803E-16
6983.50283814013  1.021364E-16
6989.01940155566  1.006052E-16
6994.53596497119  1.036050E-16
7000.05252838672  1.025750E-16
7005.56909180225  9.705843E-17
7011.08565521778  9.560501E-17
7016.60221863331  1.012821E-16
7022.11878204884  1.037225E-16
7027.63534546437  1.014125E-16
7033.1519088799  1.067626E-16
7038.66847229543  1.053784E-16
7044.18503571096  1.002896E-16
7049.70159912649  1.053984E-16
7055.21816254202  1.056720E-16
7060.73472595755  1.037337E-16
7066.25128937308  9.915225E-17
7071.76785278861  1.041620E-16
7077.28441620414  1.026595E-16
7082.80097961967  9.798468E-17
7088.3175430352  9.773899E-17
7093.83410645073  1.019992E-16
7099.35066986626  1.039855E-16
7104.86723328179  1.044010E-16
7110.38379669732  1.021823E-16
7115.90036011285  1.052716E-16
7121.41692352838  1.025798E-16
7126.93348694391  1.025963E-16
7132.45005035944  1.134482E-16
7137.96661377497  1.064262E-16
7143.4831771905  1.174082E-16
7148.99974060603  1.295624E-16
7154.51630402156  1.363890E-16
7160.03286743709  1.430383E-16
7165.54943085262  1.327384E-16
7171.06599426815  1.222590E-16
7176.58255768368  1.153696E-16
7182.09912109921  1.197440E-16
7187.61568451474  1.182895E-16
7193.13224793027  1.042519E-16
7198.6488113458  9.802412E-17
7204.16537476133  1.001089E-16
7209.68193817686  9.696833E-17
7215.19850159239  1.024424E-16
7220.71506500792  1.026045E-16
7226.23162842345  1.000188E-16
7231.74819183898  1.045821E-16
7237.26475525451  1.052598E-16
7242.78131867004  1.034305E-16
7248.29788208557  1.048520E-16
7253.8144455011  8.914283E-17
7259.33100891663  9.574246E-17
7264.84757233216  1.022810E-16
7270.36413574769  1.116646E-16
7275.88069916322  1.035738E-16
7281.39726257875  9.144872E-17
7286.91382599428  9.541582E-17
7292.43038940981  9.567027E-17
7297.94695282534  1.028468E-16
7303.46351624087  1.039510E-16
7308.9800796564  1.009046E-16
7314.49664307193  9.826139E-17
7320.01320648746  1.010623E-16
7325.52976990299  1.099319E-16
7331.04633331852  1.201199E-16
7336.56289673405  1.138107E-16
7342.07946014958  1.044345E-16
7347.59602356511  1.067123E-16
7353.11258698064  1.036735E-16
7358.62915039617  1.015478E-16
7364.1457138117  9.383473E-17
7369.66227722723  9.479301E-17
7375.17884064276  9.360228E-17
7380.69540405829  9.871484E-17
7386.21196747382  1.038260E-16
7391.72853088935  9.427128E-17
7397.24509430488  9.241982E-17
7402.76165772041  9.073868E-17
7408.27822113594  9.405545E-17
7413.79478455147  9.846125E-17
7419.311347967  9.583115E-17
7424.82791138253  9.750951E-17
7430.34447479806  9.677394E-17
7435.86103821359  9.168561E-17
7441.37760162912  9.079018E-17
7446.89416504465  9.480660E-17
7452.41072846018  9.633603E-17
7457.92729187571  8.943606E-17
7463.44385529124  8.955170E-17
7468.96041870677  9.213754E-17
7474.4769821223  9.318290E-17
7479.99354553783  9.442457E-17
7485.51010895336  9.201488E-17
7491.02667236889  8.951956E-17
7496.54323578442  9.095080E-17
7502.05979919995  8.934867E-17
7507.57636261548  9.399017E-17
7513.09292603101  9.725117E-17
7518.60948944654  9.525581E-17
7524.12605286207  9.279352E-17
7529.6426162776  9.726271E-17
7535.15917969313  8.568355E-17
7540.67574310866  8.611681E-17
7546.19230652419  8.806071E-17
7551.70886993972  9.865000E-17
7557.22543335525  9.009331E-17
7562.74199677078  8.991334E-17
7568.25856018631  9.109086E-17
7573.77512360184  8.409360E-17
7579.29168701737  9.609989E-17
7584.8082504329  9.086909E-17
7590.32481384843  8.813770E-17
7595.84137726396  8.200293E-17
7601.35794067949  7.026793E-17
7606.87450409502  6.458606E-17
7612.39106751055  7.450349E-17
7617.90763092608  8.357945E-17
7623.42419434161  8.225133E-17
7628.94075775714  7.562037E-17
7634.45732117267  7.086194E-17
7639.9738845882  7.197306E-17
7645.49044800373  8.116456E-17
7651.00701141926  8.393697E-17
7656.52357483479  7.948443E-17
7662.04013825032  8.013404E-17
7667.55670166585  7.047313E-17
7673.07326508138  7.514968E-17
7678.58982849691  9.195010E-17
7684.10639191244  9.016494E-17
7689.62295532797  8.413644E-17
7695.1395187435  8.495343E-17
7700.65608215903  8.151683E-17
7706.17264557456  7.559412E-17
7711.68920899009  8.078702E-17
7717.20577240562  9.481595E-17
7722.72233582115  8.848907E-17
7728.23889923668  7.890415E-17
7733.75546265221  7.604083E-17
7739.27202606774  7.841832E-17
7744.78858948327  8.125040E-17
7750.3051528988  8.931178E-17
7755.82171631433  9.258408E-17
7761.33827972986  8.750023E-17
7766.85484314539  7.825406E-17
7772.37140656092  7.199990E-17
7777.88796997645  7.306677E-17
7783.40453339198  8.066332E-17
7788.92109680751  8.795424E-17
7794.43766022304  8.951425E-17
7799.95422363857  7.812067E-17
7805.4707870541  7.559194E-17
7810.98735046963  7.652230E-17
7816.50391388516  8.689293E-17
7822.02047730069  8.468639E-17
7827.53704071622  7.879918E-17
7833.05360413175  8.509912E-17
7838.57016754728  7.741812E-17
7844.08673096281  7.823487E-17
7849.60329437834  7.598580E-17
7855.11985779387  9.393065E-17
7860.6364212094  8.728037E-17
7866.15298462493  8.301273E-17
7871.66954804046  7.672495E-17
7877.18611145599  6.982509E-17
7882.70267487152  7.258473E-17
7888.21923828705  7.521779E-17
7893.73580170258  8.168264E-17
7899.25236511811  8.673589E-17
7904.76892853364  8.078225E-17
7910.28549194917  7.179745E-17
7915.8020553647  7.190780E-17
7921.31861878023  8.027193E-17
7926.83518219576  8.133599E-17
7932.35174561129  9.482131E-17
7937.86830902682  9.052019E-17
7943.38487244235  8.143911E-17
7948.90143585788  7.429550E-17
7954.41799927341  8.490774E-17
7959.93456268894  8.448106E-17
7965.45112610447  1.016975E-16
7970.96768952  8.864210E-17
7976.48425293553  7.424518E-17
7982.00081635106  7.817929E-17
7987.51737976659  7.823360E-17
7993.03394318212  8.107946E-17
7998.55050659765  7.807169E-17
8004.06707001318  8.184745E-17
8009.58363342871  7.868582E-17
8015.10019684424  7.680322E-17
8020.61676025977  7.812285E-17
8026.1333236753  8.740498E-17
8031.64988709083  8.867734E-17
8037.16645050636  7.867629E-17
8042.68301392189  8.208468E-17
8048.19957733742  7.980216E-17
8053.71614075295  7.276840E-17
8059.23270416848  8.232720E-17
8064.74926758401  8.340579E-17
8070.26583099954  8.675756E-17
8075.78239441507  8.500783E-17
8081.2989578306  7.760183E-17
8086.81552124613  7.307637E-17
8092.33208466166  6.779966E-17
8097.84864807719  8.014449E-17
8103.36521149272  7.638543E-17
8108.88177490825  8.317764E-17
8114.39833832378  8.022918E-17
8119.91490173931  7.977440E-17
8125.43146515484  8.104935E-17
8130.94802857037  7.107768E-17
8136.4645919859  8.321174E-17
8141.98115540143  7.871482E-17
8147.49771881696  8.160241E-17
8153.01428223249  7.519250E-17
8158.53084564802  7.601636E-17
8164.04740906355  8.112067E-17
8169.56397247908  7.151713E-17
8175.08053589461  7.669820E-17
8180.59709931014  8.603760E-17
8186.11366272567  8.438723E-17
8191.6302261412  8.279646E-17
8197.14678955673  7.963405E-17
8202.66335297226  7.206806E-17
8208.17991638779  8.496314E-17
8213.69647980332  8.859076E-17
8219.21304321885  8.637644E-17
8224.72960663438  7.918996E-17
8230.24617004991  8.246504E-17
8235.76273346544  6.912887E-17
8241.27929688097  8.332888E-17
8246.7958602965  7.488553E-17
8252.31242371203  8.460441E-17
8257.82898712756  8.499205E-17
8263.34555054309  7.927728E-17
8268.86211395862  8.314327E-17
8274.37867737415  6.800358E-17
8279.89524078968  7.376375E-17
8285.41180420521  8.272326E-17
8290.92836762074  9.084307E-17
8296.44493103627  9.180895E-17
8301.9614944518  8.815654E-17
8307.47805786733  7.512025E-17
8312.99462128286  6.838236E-17
8318.51118469839  7.206290E-17
8324.02774811392  8.308422E-17
8329.54431152945  8.461240E-17
8335.06087494498  8.092678E-17
8340.57743836051  7.967788E-17
8346.09400177604  7.278692E-17
8351.61056519157  7.480117E-17
8357.1271286071  6.676326E-17
8362.64369202263  8.243188E-17
8368.16025543816  8.391440E-17
8373.67681885369  7.437420E-17
8379.19338226922  7.693600E-17
8384.70994568475  6.008267E-17
8390.22650910028  7.659000E-17
8395.74307251581  8.527568E-17
8401.25963593134  9.431889E-17
8406.77619934687  7.369836E-17
8412.2927627624  7.475290E-17
8417.80932617793  7.232162E-17
8423.32588959346  6.531816E-17
8428.84245300899  6.739970E-17
8434.35901642452  8.782415E-17
8439.87557984005  7.921528E-17
8445.39214325558  7.340495E-17
8450.90870667111  7.489139E-17
8456.42527008664  6.431058E-17
8461.94183350217  6.438497E-17
8467.4583969177  6.572004E-17
8472.97496033323  7.660066E-17
8478.49152374876  8.776922E-17
8484.00808716429  8.456713E-17
8489.52465057982  7.258469E-17
8495.04121399535  6.582603E-17
8500.55777741088  7.360405E-17
8506.07434082641  6.934316E-17
8511.59090424194  6.823726E-17
8517.10746765747  7.146283E-17
8522.624031073  8.854249E-17
8528.14059448853  7.079619E-17
8533.65715790406  6.762112E-17
8539.17372131959  7.435869E-17
8544.69028473512  7.947542E-17
8550.20684815065  7.988997E-17
8555.72341156618  7.638060E-17
8561.23997498171  7.033394E-17
8566.75653839724  6.962739E-17
8572.27310181277  7.387031E-17
8577.7896652283  6.890471E-17
8583.30622864383  7.863138E-17
8588.82279205936  8.536542E-17
8594.33935547489  8.024083E-17
8599.85591889042  7.097623E-17
8605.37248230595  7.076150E-17
8610.88904572148  6.039049E-17
8616.40560913701  6.834609E-17
8621.92217255254  7.645131E-17
8627.43873596807  7.944194E-17
8632.9552993836  9.084189E-17
8638.47186279913  7.457910E-17
8643.98842621466  5.065299E-17
8649.50498963019  5.443852E-17
8655.02155304572  6.989218E-17
8660.53811646125  5.625460E-17
8666.05467987678  6.374499E-17
8671.57124329231  7.789017E-17
8677.08780670784  6.866134E-17
8682.60437012337  6.534576E-17
8688.1209335389  6.372040E-17
8693.63749695443  7.283962E-17
8699.15406036996  7.334938E-17
8704.67062378549  8.745902E-17
8710.18718720102  7.972814E-17
8715.70375061655  7.456428E-17
8721.22031403208  5.984573E-17
8726.73687744761  6.453517E-17
8732.25344086314  7.196518E-17
8737.77000427867  7.859431E-17
8743.2865676942  7.049109E-17
8748.80313110973  8.302264E-17
8754.31969452526  8.414310E-17
8759.83625794079  6.588498E-17
8765.35282135632  5.354938E-17
8770.86938477185  8.509810E-17
8776.38594818738  8.016840E-17
8781.90251160291  6.943122E-17
8787.41907501844  7.881896E-17
8792.93563843397  7.543392E-17
8798.4522018495  7.320778E-17
8803.96876526503  6.539972E-17
8809.48532868056  6.977374E-17
8815.00189209609  7.193337E-17
8820.51845551162  8.382245E-17
8826.03501892715  8.755602E-17
8831.55158234268  8.608760E-17
8837.06814575821  7.626102E-17
8842.58470917374  6.690213E-17
8848.10127258927  6.719980E-17
8853.6178360048  7.917491E-17
8859.13439942033  7.676641E-17
8864.65096283586  7.552512E-17
8870.16752625139  6.014771E-17
8875.68408966692  7.990311E-17
8881.20065308245  5.449551E-17
8886.71721649798  6.454091E-17
8892.23377991351  7.920535E-17
8897.75034332904  7.450938E-17
8903.26690674457  6.510274E-17
8908.7834701601  5.832134E-17
8914.30003357563  5.472878E-17
8919.81659699116  8.061128E-17
8925.33316040669  7.888193E-17
8930.84972382222  6.579212E-17
8936.36628723775  6.876969E-17
8941.88285065328  6.710624E-17
8947.39941406881  6.428423E-17
8952.91597748434  6.452358E-17
8958.43254089987  6.671537E-17
8963.9491043154  7.908778E-17
8969.46566773093  7.847191E-17
8974.98223114646  6.647039E-17
8980.49879456199  6.921578E-17
8986.01535797752  6.689929E-17
8991.53192139305  6.352183E-17
8997.04848480858  8.210550E-17
9002.56504822411  8.044378E-17
9008.08161163964  7.562802E-17
9013.59817505517  6.632562E-17
9019.1147384707  6.090273E-17
9024.63130188623  6.541228E-17
9030.14786530176  8.092600E-17
9035.66442871729  9.268741E-17
9041.18099213282  7.386851E-17
9046.69755554835  6.149134E-17
9052.21411896388  7.716529E-17
9057.73068237941  6.077978E-17
9063.24724579494  7.957768E-17
9068.76380921047  6.553884E-17
9074.280372626  4.962706E-17
9079.79693604153  7.916128E-17
9085.31349945706  6.247146E-17
9090.83006287259  6.230010E-17
9096.34662628812  7.065241E-17
9101.86318970365  6.806198E-17
9107.37975311918  6.375194E-17
9112.89631653471  6.066961E-17
9118.41287995024  6.487901E-17
9123.92944336577  7.127070E-17
9129.4460067813  7.520731E-17
9134.96257019683  5.981369E-17
9140.47913361236  6.054959E-17
9145.99569702789  7.219239E-17
9151.51226044342  7.720930E-17
9157.02882385895  6.979761E-17
9162.54538727448  6.758049E-17
9168.06195069001  7.279752E-17
9173.57851410554  6.706916E-17
9179.09507752107  6.472993E-17
9184.6116409366  7.067654E-17
9190.12820435213  7.433156E-17
9195.64476776766  5.956894E-17
9201.16133118319  6.410197E-17
9206.67789459872  6.570672E-17
9212.19445801425  6.960577E-17
9217.71102142978  4.930293E-17
9223.22758484531  6.640454E-17
9228.74414826084  6.738614E-17
9234.26071167637  6.182846E-17
9239.7772750919  7.448274E-17
9245.29383850743  6.174214E-17
