3650.04150  2.00407e-16
3655.56050  1.98003e-16
3661.07950  2.06177e-16
3666.59850  2.04088e-16
3672.11750  1.97390e-16
3677.63650  2.00626e-16
3683.15550  1.87911e-16
3688.67450  2.05703e-16
3694.19350  1.95323e-16
3699.71250  1.82177e-16
3705.23150  1.91678e-16
3710.75050  2.04872e-16
3716.26950  1.98296e-16
3721.78850  1.85006e-16
3727.30750  1.89634e-16
3732.82650  1.78352e-16
3738.34550  2.14174e-16
3743.86450  1.98727e-16
3749.38350  1.91100e-16
3754.90250  1.95100e-16
3760.42150  2.01621e-16
3765.94051  2.02220e-16
3771.45951  1.95539e-16
3776.97851  1.75158e-16
3782.49751  1.92268e-16
3788.01651  1.86534e-16
3793.53551  1.82903e-16
3799.05451  1.98234e-16
3804.57351  1.90504e-16
3810.09251  1.83388e-16
3815.61151  1.92441e-16
3821.13051  1.85711e-16
3826.64951  1.94472e-16
3832.16851  1.80452e-16
3837.68751  1.82724e-16
3843.20651  1.91169e-16
3848.72551  1.95588e-16
3854.24451  1.86702e-16
3859.76351  1.93649e-16
3865.28251  1.88469e-16
3870.80151  1.84433e-16
3876.32051  1.87746e-16
3881.83951  1.86989e-16
3887.35851  1.78328e-16
3892.87751  1.79531e-16
3898.39651  1.87127e-16
3903.91551  1.87270e-16
3909.43451  1.75922e-16
3914.95351  1.71491e-16
3920.47251  1.85512e-16
3925.99151  1.72768e-16
3931.51051  1.63615e-16
3937.02951  1.68609e-16
3942.54851  1.88548e-16
3948.06751  1.75575e-16
3953.58651  1.81299e-16
3959.10551  1.81024e-16
3964.62451  1.78663e-16
3970.14351  1.77268e-16
3975.66251  1.71441e-16
3981.18151  1.82869e-16
3986.70051  1.77176e-16
3992.21951  1.86159e-16
3997.73851  1.79412e-16
4003.25751  1.82142e-16
4008.77651  1.76400e-16
4014.29551  1.74858e-16
4019.81451  1.70594e-16
4025.33351  1.84068e-16
4030.85251  1.72551e-16
4036.37151  1.78980e-16
4041.89051  1.77354e-16
4047.40951  1.66330e-16
4052.92851  1.63274e-16
4058.44751  1.82979e-16
4063.96651  1.84295e-16
4069.48551  1.83655e-16
4075.00451  1.94200e-16
4080.52351  1.71917e-16
4086.04251  1.68269e-16
4091.56151  1.68375e-16
4097.08051  1.68621e-16
4102.59951  1.69300e-16
4108.11851  1.75569e-16
4113.63751  1.71273e-16
4119.15651  1.74074e-16
4124.67551  1.80210e-16
4130.19451  1.76623e-16
4135.71351  1.74634e-16
4141.23251  1.70479e-16
4146.75151  1.67330e-16
4152.27051  1.62160e-16
4157.78951  1.68539e-16
4163.30851  1.62283e-16
4168.82751  1.56731e-16
4174.34651  1.63243e-16
4179.86551  1.58435e-16
4185.38451  1.58842e-16
4190.90351  1.68065e-16
4196.42251  1.65838e-16
4201.94151  1.63537e-16
4207.46051  1.60922e-16
4212.97951  1.84258e-16
4218.49851  1.64128e-16
4224.01751  1.55945e-16
4229.53651  1.59126e-16
4235.05551  1.58786e-16
4240.57451  1.59202e-16
4246.09351  1.56021e-16
4251.61251  1.58302e-16
4257.13151  1.69894e-16
4262.65051  1.65676e-16
4268.16951  1.63680e-16
4273.68851  1.73783e-16
4279.20751  1.53036e-16
4284.72651  1.52459e-16
4290.24551  1.39583e-16
4295.76451  1.33246e-16
4301.28351  1.66571e-16
4306.80251  1.53838e-16
4312.32151  1.54193e-16
4317.84051  1.57510e-16
4323.35951  1.55243e-16
4328.87851  1.54756e-16
4334.39751  1.54288e-16
4339.91651  1.55398e-16
4345.43551  1.53372e-16
4350.95451  1.67692e-16
4356.47351  1.77391e-16
4361.99251  1.77805e-16
4367.51151  1.70354e-16
4373.03051  1.74142e-16
4378.54951  1.67139e-16
4384.06851  1.68621e-16
4389.58751  1.70276e-16
4395.10651  1.77435e-16
4400.62551  1.55524e-16
4406.14451  1.64329e-16
4411.66351  1.71183e-16
4417.18251  1.65864e-16
4422.70151  1.62184e-16
4428.22051  1.70951e-16
4433.73951  1.61331e-16
4439.25851  1.62172e-16
4444.77751  1.63270e-16
4450.29651  1.56232e-16
4455.81551  1.62341e-16
4461.33451  1.59898e-16
4466.85351  1.57223e-16
4472.37251  1.59372e-16
4477.89151  1.47912e-16
4483.41051  1.57346e-16
4488.92951  1.53287e-16
4494.44851  1.50202e-16
4499.96751  1.52918e-16
4505.48651  1.55996e-16
4511.00551  1.61678e-16
4516.52451  1.50426e-16
4522.04351  1.48503e-16
4527.56251  1.52611e-16
4533.08151  1.51271e-16
4538.60051  1.53316e-16
4544.11951  1.49738e-16
4549.63851  1.44360e-16
4555.15751  1.47646e-16
4560.67651  1.54176e-16
4566.19551  1.54357e-16
4571.71451  1.51745e-16
4577.23351  1.46520e-16
4582.75251  1.52454e-16
4588.27151  1.64525e-16
4593.79051  1.53300e-16
4599.30951  1.54695e-16
4604.82851  1.61637e-16
4610.34751  1.56504e-16
4615.86651  1.54894e-16
4621.38551  1.54863e-16
4626.90451  1.50851e-16
4632.42351  1.52600e-16
4637.94251  1.49739e-16
4643.46151  1.54266e-16
4648.98051  1.56609e-16
4654.49951  1.47577e-16
4660.01851  1.55387e-16
4665.53751  1.50985e-16
4671.05651  1.49497e-16
4676.57551  1.62217e-16
4682.09451  1.51159e-16
4687.61351  1.46097e-16
4693.13251  1.47130e-16
4698.65151  1.40930e-16
4704.17051  1.44716e-16
4709.68951  1.47783e-16
4715.20851  1.47959e-16
4720.72751  1.55648e-16
4726.24651  1.49382e-16
4731.76551  1.46774e-16
4737.28451  1.53387e-16
4742.80351  1.57464e-16
4748.32251  1.43939e-16
4753.84151  1.40793e-16
4759.36051  1.50040e-16
4764.87951  1.63276e-16
4770.39851  1.52641e-16
4775.91751  1.50231e-16
4781.43651  1.57470e-16
4786.95551  1.51367e-16
4792.47451  1.53577e-16
4797.99352  1.52364e-16
4803.51252  1.49207e-16
4809.03152  1.46871e-16
4814.55052  1.46069e-16
4820.06952  1.45251e-16
4825.58852  1.48282e-16
4831.10752  1.41573e-16
4836.62652  1.46196e-16
4842.14552  1.44396e-16
4847.66452  1.44896e-16
4853.18352  1.43173e-16
4858.70252  1.41471e-16
4864.22152  1.40736e-16
4869.74052  1.50306e-16
4875.25952  1.45496e-16
4880.77852  1.45226e-16
4886.29752  1.52071e-16
4891.81652  1.53788e-16
4897.33552  1.53948e-16
4902.85452  1.57103e-16
4908.37352  1.56626e-16
4913.89252  1.47064e-16
4919.41152  1.51849e-16
4924.93052  1.59440e-16
4930.44952  1.52719e-16
4935.96852  1.53001e-16
4941.48752  1.55419e-16
4947.00652  1.50321e-16
4952.52552  1.52034e-16
4958.04452  1.46698e-16
4963.56352  1.48539e-16
4969.08252  1.49065e-16
4974.60152  1.53848e-16
4980.12052  1.51088e-16
4985.63952  1.57840e-16
4991.15852  1.53274e-16
4996.67752  1.54354e-16
5002.19652  1.49926e-16
5007.71552  1.45898e-16
5013.23452  1.56128e-16
5018.75352  1.57454e-16
5024.27252  1.52345e-16
5029.79152  1.55898e-16
5035.31052  1.55361e-16
5040.82952  1.47597e-16
5046.34852  1.50019e-16
5051.86752  1.54485e-16
5057.38652  1.44638e-16
5062.90552  1.38352e-16
5068.42452  1.43023e-16
5073.94352  1.49035e-16
5079.46252  1.51347e-16
5084.98152  1.47658e-16
5090.50052  1.43520e-16
5096.01952  1.48340e-16
5101.53852  1.43440e-16
5107.05752  1.51567e-16
5112.57652  1.52097e-16
5118.09552  1.50830e-16
5123.61452  1.57444e-16
5129.13352  1.53748e-16
5134.65252  1.48785e-16
5140.17152  1.53623e-16
5145.69052  1.61421e-16
5151.20952  1.59953e-16
5156.72852  1.59565e-16
5162.24752  1.55877e-16
5167.76652  1.56661e-16
5173.28552  1.60255e-16
5178.80452  1.51585e-16
5184.32352  1.53751e-16
5189.84252  1.54769e-16
5195.36152  1.50236e-16
5200.88052  1.58908e-16
5206.39952  1.53512e-16
5211.91852  1.51094e-16
5217.43752  1.54673e-16
5222.95652  1.53207e-16
5228.47552  1.51368e-16
5233.99452  1.50926e-16
5239.51352  1.64100e-16
5245.03252  1.56251e-16
5250.55152  1.47969e-16
5256.07052  1.53842e-16
5261.58952  1.50266e-16
5267.10852  1.44759e-16
5272.62752  1.50302e-16
5278.14652  1.52162e-16
5283.66552  1.47652e-16
5289.18452  1.47184e-16
5294.70352  1.50101e-16
5300.22252  1.44562e-16
5305.74152  1.57487e-16
5311.26052  1.51830e-16
5316.77952  1.42758e-16
5322.29852  1.43430e-16
5327.81752  1.47640e-16
5333.33652  1.45120e-16
5338.85552  1.45481e-16
5344.37452  1.44792e-16
5349.89352  1.49003e-16
5355.41252  1.49768e-16
5360.93152  1.41461e-16
5366.45052  1.49858e-16
5371.96952  1.45499e-16
5377.48852  1.44865e-16
5383.00752  1.49295e-16
5388.52652  1.42724e-16
5394.04552  1.41168e-16
5399.56452  1.46595e-16
5405.08352  1.45972e-16
5410.60252  1.40779e-16
5416.12152  1.46267e-16
5421.64052  1.44404e-16
5427.15952  1.55618e-16
5432.67852  1.40064e-16
5438.19752  1.45594e-16
5443.71652  1.42632e-16
5449.23552  1.44083e-16
5454.75452  1.44400e-16
5460.27352  1.52447e-16
5465.79252  1.41890e-16
5471.31152  1.41250e-16
5476.83052  1.42656e-16
5482.34952  1.39883e-16
5487.86852  1.35692e-16
5493.38752  1.43008e-16
5498.90652  1.38924e-16
5504.42552  1.31731e-16
5509.94452  1.41891e-16
5515.46352  1.48638e-16
5520.98252  1.42618e-16
5526.50152  1.43490e-16
5532.02052  1.30526e-16
5537.53952  1.28032e-16
5543.05852  1.31546e-16
5548.57752  1.35651e-16
5554.09652  1.28420e-16
5559.61552  1.35523e-16
5565.13452  1.41177e-16
5570.65352  1.28847e-16
5576.17252  1.45135e-16
5581.69152  1.37512e-16
5587.21052  1.28426e-16
5592.72952  1.26576e-16
5598.24852  1.26963e-16
5603.76752  1.24890e-16
5609.28652  1.27011e-16
5614.80552  1.29553e-16
5620.32452  1.25557e-16
5625.84352  1.23068e-16
5631.36252  1.19078e-16
5636.88152  1.27553e-16
5642.40052  1.14399e-16
5647.91952  1.17959e-16
5653.43852  1.28229e-16
5658.95752  1.30296e-16
5664.47652  1.25154e-16
5669.99552  1.16172e-16
5675.51452  1.29370e-16
5681.03352  1.22458e-16
5686.55252  1.22242e-16
5692.07152  1.25489e-16
5697.59052  1.25004e-16
5703.10952  1.22783e-16
5708.62852  1.25441e-16
5714.14752  1.21022e-16
5719.66652  1.30670e-16
5725.18552  1.16701e-16
5730.70452  1.19879e-16
5736.22352  1.21315e-16
5741.74252  1.20556e-16
5747.26152  1.20486e-16
5752.78052  1.19507e-16
5758.29952  1.20643e-16
5763.81852  1.22176e-16
5769.33752  1.28519e-16
5774.85652  1.22121e-16
5780.37552  1.21803e-16
5785.89452  1.18655e-16
5791.41352  1.19729e-16
5796.93252  1.33148e-16
5802.45152  1.14980e-16
5807.97052  1.15157e-16
5813.48952  1.17127e-16
5819.00852  1.18527e-16
5824.52752  1.18821e-16
5830.04653  1.24550e-16
5835.56553  1.31674e-16
5841.08453  1.27280e-16
5846.60353  1.20355e-16
5852.12253  1.24023e-16
5857.64153  1.21461e-16
5863.16053  1.24465e-16
5868.67953  1.29132e-16
5874.19853  1.18405e-16
5879.71753  1.15298e-16
5885.23653  1.20912e-16
5890.75553  1.24152e-16
5896.27453  1.22713e-16
5901.79353  1.19099e-16
5907.31253  1.19216e-16
5912.83153  1.20874e-16
5918.35053  1.23223e-16
5923.86953  1.16411e-16
5929.38853  1.20565e-16
5934.90753  1.24156e-16
5940.42653  1.15031e-16
5945.94553  1.15338e-16
5951.46453  1.20697e-16
5956.98353  1.14413e-16
5962.50253  1.13099e-16
5968.02153  1.17652e-16
5973.54053  1.19204e-16
5979.05953  1.23088e-16
5984.57853  1.18383e-16
5990.09753  1.18411e-16
5995.61653  1.17872e-16
6001.13553  1.20323e-16
6006.65453  1.17476e-16
6012.17353  1.14183e-16
6017.69253  1.17809e-16
6023.21153  1.16143e-16
6028.73053  1.16166e-16
6034.24953  1.18609e-16
6039.76853  1.17781e-16
6045.28753  1.20908e-16
6050.80653  1.26020e-16
6056.32553  1.22802e-16
6061.84453  1.18043e-16
6067.36353  1.23397e-16
6072.88253  1.13730e-16
6078.40153  1.16920e-16
6083.92053  1.20119e-16
6089.43953  1.13310e-16
6094.95853  1.10633e-16
6100.47753  1.18949e-16
6105.99653  1.17939e-16
6111.51553  1.14831e-16
6117.03453  1.14511e-16
6122.55353  1.20469e-16
6128.07253  1.19482e-16
6133.59153  1.14287e-16
6139.11053  1.15160e-16
6144.62953  1.13523e-16
6150.14853  1.18070e-16
6155.66753  1.11145e-16
6161.18653  1.15894e-16
6166.70553  1.17372e-16
6172.22453  1.20663e-16
6177.74353  1.17770e-16
6183.26253  1.24898e-16
6188.78153  1.23671e-16
6194.30053  1.17044e-16
6199.81953  1.10622e-16
6205.33853  1.13474e-16
6210.85753  1.23687e-16
6216.37653  1.22778e-16
6221.89553  1.20366e-16
6227.41453  1.15653e-16
6232.93353  1.16358e-16
6238.45253  1.21456e-16
6243.97153  1.28664e-16
6249.49053  1.27330e-16
6255.00953  1.26533e-16
6260.52853  1.24648e-16
6266.04753  1.19937e-16
6271.56653  1.20705e-16
6277.08553  1.20181e-16
6282.60453  1.20283e-16
6288.12353  1.18795e-16
6293.64253  1.18009e-16
6299.16153  1.17197e-16
6304.68053  1.21415e-16
6310.19953  1.15173e-16
6315.71853  1.20453e-16
6321.23753  1.24068e-16
6326.75653  1.20104e-16
6332.27553  1.27047e-16
6337.79453  1.24623e-16
6343.31353  1.25799e-16
6348.83253  1.21385e-16
6354.35153  1.22638e-16
6359.87053  1.20286e-16
6365.38953  1.22449e-16
6370.90853  1.22881e-16
6376.42753  1.17605e-16
6381.94653  1.12911e-16
6387.46553  1.14902e-16
6392.98453  1.09312e-16
6398.50353  1.16378e-16
6404.02253  1.27336e-16
6409.54153  1.17355e-16
6415.06053  1.13890e-16
6420.57953  1.20928e-16
6426.09853  1.04851e-16
6431.61753  1.25508e-16
6437.13653  1.20643e-16
6442.65553  1.15391e-16
6448.17453  1.17616e-16
6453.69353  1.25873e-16
6459.21253  1.24150e-16
6464.73153  1.25129e-16
6470.25053  1.18520e-16
6475.76953  1.19365e-16
6481.28853  1.16996e-16
6486.80753  1.11924e-16
6492.32653  1.14779e-16
6497.84553  1.20934e-16
6503.36453  1.25461e-16
6508.88353  1.21420e-16
6514.40253  1.18360e-16
6519.92153  1.21403e-16
6525.44053  1.25920e-16
6530.95953  1.21455e-16
6536.47853  1.13328e-16
6541.99753  1.07924e-16
6547.51653  1.16133e-16
6553.03553  1.14841e-16
6558.55453  1.13319e-16
6564.07353  1.13852e-16
6569.59253  1.15363e-16
6575.11153  1.13656e-16
6580.63053  1.20554e-16
6586.14953  1.18464e-16
6591.66853  1.25888e-16
6597.18753  1.25852e-16
6602.70653  1.18558e-16
6608.22553  1.19302e-16
6613.74453  1.16924e-16
6619.26353  1.18466e-16
6624.78253  1.26217e-16
6630.30153  1.22060e-16
6635.82053  1.17475e-16
6641.33953  1.18531e-16
6646.85853  1.17203e-16
6652.37753  1.08705e-16
6657.89653  1.20193e-16
6663.41553  1.14936e-16
6668.93453  1.08221e-16
6674.45353  1.19056e-16
6679.97253  1.16723e-16
6685.49153  1.08297e-16
6691.01053  1.06537e-16
6696.52953  1.14784e-16
6702.04853  1.19375e-16
6707.56753  1.09178e-16
6713.08653  1.13387e-16
6718.60553  1.15130e-16
6724.12453  1.08117e-16
6729.64353  1.09894e-16
6735.16253  1.10800e-16
6740.68153  1.11319e-16
6746.20053  1.13570e-16
6751.71953  1.16483e-16
6757.23853  1.19031e-16
6762.75753  1.18174e-16
6768.27653  1.10987e-16
6773.79553  1.16062e-16
6779.31453  1.02913e-16
6784.83353  1.05286e-16
6790.35253  1.07073e-16
6795.87153  1.06631e-16
6801.39053  1.05410e-16
6806.90953  1.11375e-16
6812.42853  1.12169e-16
6817.94753  1.22632e-16
6823.46653  1.33702e-16
6828.98553  1.36724e-16
6834.50453  1.26683e-16
6840.02353  1.25115e-16
6845.54253  1.32432e-16
6851.06153  1.35233e-16
6856.58053  1.30149e-16
6862.09953  1.10923e-16
6867.61854  1.08459e-16
6873.13754  1.03182e-16
6878.65654  1.00242e-16
6884.17554  1.10221e-16
6889.69454  1.13799e-16
6895.21354  1.11670e-16
6900.73254  1.17991e-16
6906.25154  1.14952e-16
6911.77054  1.12747e-16
6917.28954  1.22822e-16
6922.80854  1.26202e-16
6928.32754  1.31100e-16
6933.84654  1.17046e-16
6939.36554  1.29426e-16
6944.88454  1.33987e-16
6950.40354  1.36412e-16
6955.92254  1.28571e-16
6961.44154  1.34239e-16
6966.96054  1.37390e-16
6972.47954  1.26569e-16
6977.99854  1.31320e-16
6983.51754  1.28120e-16
6989.03654  1.24917e-16
6994.55554  1.26932e-16
7000.07454  1.26576e-16
7005.59354  1.37977e-16
7011.11254  1.36642e-16
7016.63154  1.20190e-16
7022.15054  1.21733e-16
7027.66954  1.30767e-16
7033.18854  1.24278e-16
7038.70754  1.22023e-16
7044.22654  1.24807e-16
7049.74554  1.28550e-16
7055.26454  1.28954e-16
7060.78354  1.30916e-16
7066.30254  1.19952e-16
7071.82154  1.14672e-16
7077.34054  1.20834e-16
7082.85954  1.30069e-16
7088.37854  1.27052e-16
7093.89754  1.29791e-16
7099.41654  1.24829e-16
7104.93554  1.26115e-16
7110.45454  1.26827e-16
7115.97354  1.18045e-16
7121.49254  1.27736e-16
7127.01154  1.22592e-16
7132.53054  1.34183e-16
7138.04954  1.50342e-16
7143.56854  1.67740e-16
7149.08754  1.78959e-16
7154.60654  1.79510e-16
7160.12554  1.80601e-16
7165.64454  1.55266e-16
7171.16354  1.47746e-16
7176.68254  1.41380e-16
7182.20154  1.39327e-16
7187.72054  1.38805e-16
7193.23954  1.36918e-16
7198.75854  1.30897e-16
7204.27754  1.28798e-16
7209.79654  1.36613e-16
7215.31554  1.33464e-16
7220.83454  1.31477e-16
7226.35354  1.26905e-16
7231.87254  1.24197e-16
7237.39154  1.28972e-16
7242.91054  1.31119e-16
7248.42954  1.40014e-16
7253.94854  1.26300e-16
7259.46754  1.22456e-16
7264.98654  1.25119e-16
7270.50554  1.29221e-16
7276.02454  1.38389e-16
7281.54354  1.15495e-16
7287.06254  1.16114e-16
7292.58154  1.08678e-16
7298.10054  1.18490e-16
7303.61954  1.15823e-16
7309.13854  1.04964e-16
7314.65754  1.17486e-16
7320.17654  1.19027e-16
7325.69554  1.26640e-16
7331.21454  1.35697e-16
7336.73354  1.26915e-16
7342.25254  1.09749e-16
7347.77154  1.20399e-16
7353.29054  1.24877e-16
7358.80954  1.15318e-16
7364.32854  1.18805e-16
7369.84754  1.08561e-16
7375.36654  1.08282e-16
7380.88554  1.22049e-16
7386.40454  1.16350e-16
7391.92354  1.17291e-16
7397.44254  1.12267e-16
7402.96154  1.08991e-16
7408.48054  1.13565e-16
7413.99954  1.01914e-16
7419.51854  1.12683e-16
7425.03754  1.10428e-16
7430.55654  1.00923e-16
7436.07554  1.06122e-16
7441.59454  1.04094e-16
7447.11354  1.14562e-16
7452.63254  1.12858e-16
7458.15154  1.01550e-16
7463.67054  1.04408e-16
7469.18954  1.14398e-16
7474.70854  1.08722e-16
7480.22754  1.13781e-16
7485.74654  1.19806e-16
7491.26554  1.15215e-16
7496.78454  1.03274e-16
7502.30354  9.98936e-17
7507.82254  1.12501e-16
7513.34154  1.09023e-16
7518.86054  1.19471e-16
7524.37954  1.17886e-16
7529.89854  1.06131e-16
7535.41754  1.04175e-16
7540.93654  1.17563e-16
7546.45554  1.23673e-16
7551.97454  1.75005e-16
7557.49354  2.38482e-16
7563.01254  3.53350e-16
7568.53154  3.31481e-16
7574.05054  2.66366e-16
7579.56954  2.43137e-16
7585.08854  2.12503e-16
7590.60754  1.95608e-16
7596.12654  1.29352e-16
7601.64554  8.32482e-17
7607.16454  8.07370e-17
7612.68354  8.22982e-17
7618.20254  8.22902e-17
7623.72154  7.89997e-17
7629.24054  6.80036e-17
7634.75954  6.09957e-17
7640.27854  6.24023e-17
7645.79754  7.39223e-17
7651.31654  9.36302e-17
7656.83554  8.77758e-17
7662.35454  8.28930e-17
7667.87354  9.02295e-17
7673.39254  9.22830e-17
7678.91154  1.03156e-16
7684.43054  9.28579e-17
7689.94954  1.07766e-16
7695.46854  9.27438e-17
7700.98754  8.85017e-17
7706.50654  9.11041e-17
7712.02554  1.12202e-16
7717.54454  1.15211e-16
7723.06354  1.09808e-16
7728.58254  1.01126e-16
7734.10154  1.04638e-16
7739.62054  1.16307e-16
7745.13954  1.09643e-16
7750.65854  1.10464e-16
7756.17754  1.11095e-16
7761.69654  1.11174e-16
7767.21554  9.75449e-17
7772.73454  9.11965e-17
7778.25354  9.22717e-17
7783.77254  9.89380e-17
7789.29154  1.18434e-16
7794.81054  1.12432e-16
7800.32954  1.01719e-16
7805.84854  9.06949e-17
7811.36754  8.59713e-17
7816.88654  1.00348e-16
7822.40554  9.84435e-17
7827.92454  1.03957e-16
7833.44354  9.35043e-17
7838.96254  8.35496e-17
7844.48154  8.63564e-17
7850.00054  9.82960e-17
7855.51954  1.08383e-16
7861.03854  1.06948e-16
7866.55754  1.02570e-16
7872.07654  1.02115e-16
7877.59554  8.44677e-17
7883.11454  9.96795e-17
7888.63354  1.06654e-16
7894.15254  1.07556e-16
7899.67155  1.04719e-16
7905.19055  9.51617e-17
7910.70955  8.93021e-17
7916.22855  8.90763e-17
7921.74755  9.85741e-17
7927.26655  9.72962e-17
7932.78555  1.09944e-16
7938.30455  1.03366e-16
7943.82355  8.91955e-17
7949.34255  9.01195e-17
7954.86155  1.02407e-16
7960.38055  1.14088e-16
7965.89955  1.06001e-16
7971.41855  1.03657e-16
7976.93755  9.07120e-17
7982.45655  9.57841e-17
7987.97555  8.44887e-17
7993.49455  1.01169e-16
7999.01355  1.04637e-16
8004.53255  9.74185e-17
8010.05155  9.51960e-17
8015.57055  8.75242e-17
8021.08955  9.12720e-17
8026.60855  9.36886e-17
8032.12755  1.02602e-16
8037.64655  1.05960e-16
8043.16555  1.00213e-16
8048.68455  9.44380e-17
8054.20355  9.16062e-17
8059.72255  9.55740e-17
8065.24155  9.77603e-17
8070.76055  1.02200e-16
8076.27955  9.45815e-17
8081.79855  8.86810e-17
8087.31755  9.17315e-17
8092.83655  9.57500e-17
8098.35555  9.93347e-17
8103.87455  1.12597e-16
8109.39355  1.12090e-16
8114.91255  1.09342e-16
8120.43155  1.14048e-16
8125.95055  1.00053e-16
8131.46955  9.87486e-17
8136.98855  1.17358e-16
8142.50755  1.03176e-16
8148.02655  1.06090e-16
8153.54555  1.08988e-16
8159.06455  9.98982e-17
8164.58355  8.90714e-17
8170.10255  9.23381e-17
8175.62155  9.56241e-17
8181.14055  1.10150e-16
8186.65955  1.11274e-16
8192.17855  9.31235e-17
8197.69755  9.85708e-17
8203.21655  1.01687e-16
8208.73555  9.76691e-17
8214.25455  9.75089e-17
8219.77355  1.05426e-16
8225.29255  9.71426e-17
8230.81155  9.33634e-17
8236.33055  9.94462e-17
8241.84955  9.10202e-17
8247.36855  1.01436e-16
8252.88755  1.07874e-16
8258.40655  9.01699e-17
8263.92555  1.09594e-16
8269.44455  1.06452e-16
8274.96355  7.92947e-17
8280.48255  8.07914e-17
8286.00155  9.63044e-17
8291.52055  9.58060e-17
8297.03955  1.06397e-16
8302.55855  9.47635e-17
8308.07755  8.61707e-17
8313.59655  8.04808e-17
8319.11555  8.46252e-17
8324.63455  9.84221e-17
8330.15355  9.62508e-17
8335.67255  9.83241e-17
8341.19155  8.06994e-17
8346.71055  6.96859e-17
8352.22955  8.14677e-17
8357.74855  8.18115e-17
8363.26755  1.00246e-16
8368.78655  8.79459e-17
8374.30555  7.59700e-17
8379.82455  8.70913e-17
8385.34355  8.61063e-17
8390.86255  7.38856e-17
8396.38155  8.21249e-17
8401.90055  1.02097e-16
8407.41955  9.08483e-17
8412.93855  8.62067e-17
8418.45755  8.14016e-17
8423.97655  6.93572e-17
8429.49555  9.68272e-17
8435.01455  1.08503e-16
8440.53355  1.09771e-16
8446.05255  9.65661e-17
8451.57155  7.17484e-17
8457.09055  8.15048e-17
8462.60955  9.12053e-17
8468.12855  8.91611e-17
8473.64755  8.78442e-17
8479.16655  9.43454e-17
8484.68555  9.40145e-17
8490.20455  8.34310e-17
8495.72355  8.01677e-17
8501.24255  7.35080e-17
8506.76155  7.99151e-17
8512.28055  9.09563e-17
8517.79955  1.00686e-16
8523.31855  8.44562e-17
8528.83755  7.99655e-17
8534.35655  7.91396e-17
8539.87555  8.27534e-17
8545.39455  8.66401e-17
8550.91355  1.02427e-16
8556.43255  9.80169e-17
8561.95155  8.67859e-17
8567.47055  8.61125e-17
8572.98955  9.00672e-17
8578.50855  8.86580e-17
8584.02755  9.54244e-17
8589.54655  9.37140e-17
8595.06555  8.60996e-17
8600.58455  8.50137e-17
8606.10355  7.57905e-17
8611.62255  6.81798e-17
8617.14155  9.53166e-17
8622.66055  1.05083e-16
8628.17955  9.79701e-17
8633.69855  9.05955e-17
8639.21755  7.57199e-17
8644.73655  7.19143e-17
8650.25555  7.45223e-17
8655.77455  7.00010e-17
8661.29355  9.05799e-17
8666.81255  9.77327e-17
8672.33155  9.22175e-17
8677.85055  8.85477e-17
8683.36955  8.60125e-17
8688.88855  8.87406e-17
8694.40755  8.98691e-17
8699.92655  8.78166e-17
8705.44555  1.08090e-16
8710.96455  9.05599e-17
8716.48355  8.32869e-17
8722.00255  8.28014e-17
8727.52155  7.75969e-17
8733.04055  8.61161e-17
8738.55955  9.93301e-17
8744.07855  9.04491e-17
8749.59755  1.11010e-16
8755.11655  7.75556e-17
8760.63555  7.88127e-17
8766.15455  8.30023e-17
8771.67355  7.41892e-17
8777.19255  7.82237e-17
8782.71155  9.05893e-17
8788.23055  9.14655e-17
8793.74955  8.49251e-17
8799.26855  7.83834e-17
8804.78755  6.87279e-17
8810.30655  8.01677e-17
8815.82555  8.98834e-17
8821.34455  9.94097e-17
8826.86355  9.63807e-17
8832.38255  9.00768e-17
8837.90155  8.49396e-17
8843.42055  9.46401e-17
8848.93955  7.76298e-17
8854.45855  9.20174e-17
8859.97755  8.42942e-17
8865.49655  7.87854e-17
8871.01555  9.08787e-17
8876.53455  7.15328e-17
8882.05355  8.88090e-17
8887.57255  1.09437e-16
8893.09155  7.77276e-17
8898.61055  9.90970e-17
8904.12955  7.11631e-17
8909.64855  8.12949e-17
8915.16755  7.78562e-17
8920.68655  9.37370e-17
8926.20555  1.13974e-16
8931.72456  1.04068e-16
8937.24356  1.02570e-16
8942.76256  9.17441e-17
8948.28156  8.32991e-17
8953.80056  9.39799e-17
8959.31956  1.03242e-16
8964.83856  1.05658e-16
8970.35756  1.05456e-16
8975.87656  8.41610e-17
8981.39556  9.37200e-17
8986.91456  9.92488e-17
8992.43356  1.00500e-16
8997.95256  1.05498e-16
9003.47156  8.02950e-17
9008.99056  6.99135e-17
9014.50956  7.24320e-17
9020.02856  8.49502e-17
9025.54756  1.00610e-16
9031.06656  1.22173e-16
9036.58556  1.11125e-16
9042.10456  7.42293e-17
9047.62356  8.76327e-17
9053.14256  1.07505e-16
9058.66156  9.14243e-17
9064.18056  9.69433e-17
9069.69956  7.61696e-17
9075.21856  7.54640e-17
9080.73756  8.30193e-17
9086.25656  9.13259e-17
9091.77556  9.62184e-17
9097.29456  9.98707e-17
9102.81356  9.94144e-17
9108.33256  8.06847e-17
9113.85156  6.57865e-17
9119.37056  9.14870e-17
9124.88956  8.40954e-17
9130.40856  8.04622e-17
9135.92756  8.43316e-17
9141.44656  1.00570e-16
9146.96556  8.50957e-17
9152.48456  8.19292e-17
9158.00356  8.20828e-17
9163.52256  7.89971e-17
9169.04156  7.68994e-17
9174.56056  7.13462e-17
9180.07956  6.61688e-17
9185.59856  7.61729e-17
9191.11756  7.38083e-17
9196.63656  6.34307e-17
9202.15556  8.13659e-17

