3643.14469  2.83785e-16
3647.22500  2.42924e-16
3651.30532  2.79641e-16
3655.38562  2.83252e-16
3659.46593  2.75769e-16
3663.54624  3.05873e-16
3667.62655  2.86971e-16
3671.70686  2.93640e-16
3675.78717  2.74756e-16
3679.86749  2.80298e-16
3683.94780  2.95312e-16
3688.02811  3.02928e-16
3692.10842  2.96227e-16
3696.18872  2.71543e-16
3700.26904  2.86974e-16
3704.34935  2.68334e-16
3708.42966  2.72263e-16
3712.50997  2.71041e-16
3716.59028  2.85376e-16
3720.67059  2.67412e-16
3724.75090  2.87806e-16
3728.83122  2.71402e-16
3732.91153  2.82273e-16
3736.99184  2.83219e-16
3741.07215  2.72786e-16
3745.15246  2.76054e-16
3749.23277  2.69809e-16
3753.31309  2.78053e-16
3757.39339  2.83977e-16
3761.47370  2.71845e-16
3765.55401  2.60354e-16
3769.63432  2.79562e-16
3773.71464  2.77003e-16
3777.79495  2.50628e-16
3781.87526  2.45193e-16
3785.95557  2.55440e-16
3790.03588  2.67132e-16
3794.11619  2.36080e-16
3798.19649  2.38061e-16
3802.27681  2.46003e-16
3806.35712  2.44536e-16
3810.43743  2.64797e-16
3814.51774  2.63079e-16
3818.59805  2.60933e-16
3822.67837  2.45952e-16
3826.75868  2.60615e-16
3830.83899  2.52294e-16
3834.91930  2.36531e-16
3838.99961  2.37421e-16
3843.07992  2.57047e-16
3847.16023  2.51035e-16
3851.24054  2.23921e-16
3855.32085  2.39773e-16
3859.40116  2.34440e-16
3863.48147  2.31885e-16
3867.56178  2.35504e-16
3871.64210  2.49301e-16
3875.72241  2.42651e-16
3879.80272  2.33810e-16
3883.88303  2.33011e-16
3887.96334  2.40670e-16
3892.04365  2.43354e-16
3896.12396  2.25614e-16
3900.20428  2.30356e-16
3904.28458  2.40695e-16
3908.36489  2.34172e-16
3912.44520  2.25810e-16
3916.52552  2.39755e-16
3920.60583  2.42896e-16
3924.68614  2.48473e-16
3928.76645  2.32134e-16
3932.84676  2.49246e-16
3936.92707  2.51699e-16
3941.00738  2.54366e-16
3945.08769  2.42765e-16
3949.16800  2.46073e-16
3953.24831  2.44770e-16
3957.32862  2.43940e-16
3961.40893  2.28994e-16
3965.48925  2.26039e-16
3969.56956  2.24121e-16
3973.64987  2.37204e-16
3977.73018  2.33026e-16
3981.81049  2.12978e-16
3985.89080  2.27670e-16
3989.97111  2.45231e-16
3994.05142  2.07149e-16
3998.13173  2.20333e-16
4002.21205  2.13978e-16
4006.29235  2.07735e-16
4010.37267  2.22898e-16
4014.45299  2.33709e-16
4018.53329  2.47329e-16
4022.61360  2.60667e-16
4026.69391  2.32109e-16
4030.77422  2.37060e-16
4034.85453  2.25775e-16
4038.93484  2.13436e-16
4043.01515  2.16720e-16
4047.09545  2.20617e-16
4051.17577  2.16946e-16
4055.25608  2.00328e-16
4059.33639  2.03422e-16
4063.41671  2.03764e-16
4067.49702  2.20780e-16
4071.57733  2.21553e-16
4075.65764  2.02130e-16
4079.73795  1.95494e-16
4083.81826  2.12608e-16
4087.89857  2.20595e-16
4091.97888  2.07820e-16
4096.05919  2.01765e-16
4100.13950  2.23180e-16
4104.21982  2.31935e-16
4108.30013  2.17997e-16
4112.38044  2.18702e-16
4116.46076  2.18338e-16
4120.54106  2.12262e-16
4124.62137  2.09497e-16
4128.70168  2.12757e-16
4132.78199  2.03874e-16
4136.86230  2.05423e-16
4140.94261  2.05637e-16
4145.02292  2.06288e-16
4149.10322  2.11698e-16
4153.18355  2.17038e-16
4157.26386  2.14755e-16
4161.34416  2.17117e-16
4165.42448  1.99433e-16
4169.50479  2.00249e-16
4173.58510  1.97875e-16
4177.66541  1.80090e-16
4181.74572  1.83111e-16
4185.82603  2.09478e-16
4189.90634  2.06918e-16
4193.98665  2.07320e-16
4198.06697  2.01095e-16
4202.14728  2.10645e-16
4206.22759  2.09020e-16
4210.30790  2.05068e-16
4214.38821  2.03208e-16
4218.46852  1.90793e-16
4222.54883  1.96989e-16
4226.62914  1.93627e-16
4230.70945  1.97376e-16
4234.78976  1.99819e-16
4238.87007  1.88580e-16
4242.95038  2.00894e-16
4247.03070  1.97473e-16
4251.11101  1.88535e-16
4255.19132  1.83621e-16
4259.27163  1.80738e-16
4263.35195  1.86602e-16
4267.43225  1.84002e-16
4271.51256  1.79057e-16
4275.59287  2.04972e-16
4279.67318  1.88132e-16
4283.75349  1.79447e-16
4287.83380  1.82069e-16
4291.91412  1.84198e-16
4295.99443  1.76691e-16
4300.07474  1.84151e-16
4304.15505  1.85183e-16
4308.23536  1.79192e-16
4312.31567  1.92737e-16
4316.39598  1.82915e-16
4320.47629  1.80623e-16
4324.55660  1.88581e-16
4328.63691  1.89773e-16
4332.71722  2.01459e-16
4336.79753  1.87997e-16
4340.87785  1.96698e-16
4344.95816  1.78052e-16
4349.03847  1.79021e-16
4353.11878  1.93176e-16
4357.19909  1.76778e-16
4361.27940  1.74077e-16
4365.35972  1.82876e-16
4369.44002  1.57989e-16
4373.52033  1.79597e-16
4377.60064  1.92743e-16
4381.68095  1.88275e-16
4385.76127  1.92841e-16
4389.84158  2.00501e-16
4393.92189  1.99223e-16
4398.00220  1.84584e-16
4402.08251  1.84788e-16
4406.16282  1.94520e-16
4410.24312  1.82052e-16
4414.32344  1.91079e-16
4418.40375  1.92571e-16
4422.48406  1.93216e-16
4426.56437  1.99482e-16
4430.64468  1.91056e-16
4434.72500  1.79615e-16
4438.80531  1.95768e-16
4442.88562  1.79936e-16
4446.96593  1.77224e-16
4451.04624  1.77758e-16
4455.12655  1.60375e-16
4459.20686  1.83165e-16
4463.28717  1.82737e-16
4467.36749  1.71802e-16
4471.44779  1.75354e-16
4475.52810  1.56582e-16
4479.60843  1.71622e-16
4483.68873  1.73907e-16
4487.76904  1.86044e-16
4491.84935  1.79783e-16
4495.92966  1.68777e-16
4500.00997  1.76953e-16
4504.09028  1.66499e-16
4508.17059  1.60611e-16
4512.25089  1.59703e-16
4516.33121  1.55181e-16
4520.41152  1.61432e-16
4524.49183  1.75617e-16
4528.57215  1.62128e-16
4532.65246  1.65733e-16
4536.73277  1.76994e-16
4540.81308  1.70972e-16
4544.89339  1.52016e-16
4548.97370  1.45474e-16
4553.05401  1.60312e-16
4557.13432  1.62930e-16
4561.21463  1.49973e-16
4565.29494  1.45699e-16
4569.37526  1.41511e-16
4573.45557  1.40794e-16
4577.53588  1.44016e-16
4581.61619  1.55435e-16
4585.69650  1.61228e-16
4589.77681  1.72910e-16
4593.85712  1.64146e-16
4597.93743  1.63458e-16
4602.01774  1.56301e-16
4606.09805  1.74418e-16
4610.17836  1.58880e-16
4614.25866  1.51329e-16
4618.33898  1.53958e-16
4622.41930  1.45436e-16
4626.49962  1.60480e-16
4630.57992  1.59250e-16
4634.66023  1.62786e-16
4638.74054  1.67124e-16
4642.82085  1.47796e-16
4646.90116  1.40581e-16
4650.98147  1.46298e-16
4655.06178  1.48174e-16
4659.14209  1.52040e-16
4663.22240  1.61205e-16
4667.30272  1.46638e-16
4671.38303  1.43590e-16
4675.46334  1.56145e-16
4679.54365  1.70185e-16
4683.62396  1.46538e-16
4687.70427  1.54032e-16
4691.78458  1.46303e-16
4695.86489  1.44254e-16
4699.94520  1.57194e-16
4704.02551  1.58235e-16
4708.10582  1.59000e-16
4712.18613  1.58064e-16
4716.26645  1.50731e-16
4720.34676  1.39637e-16
4724.42707  1.41796e-16
4728.50739  1.44532e-16
4732.58769  1.48346e-16
4736.66800  1.63753e-16
4740.74831  1.58364e-16
4744.82862  1.47436e-16
4748.90893  1.33074e-16
4752.98924  1.26822e-16
4757.06955  1.39135e-16
4761.14987  1.56805e-16
4765.23018  1.45594e-16
4769.31049  1.31091e-16
4773.39079  1.40174e-16
4777.47111  1.50514e-16
4781.55142  1.42278e-16
4785.63173  1.42873e-16
4789.71204  1.46922e-16
4793.79235  1.43787e-16
4797.87266  1.43914e-16
4801.95297  1.42007e-16
4806.03328  1.33017e-16
4810.11360  1.41546e-16
4814.19391  1.40006e-16
4818.27422  1.41773e-16
4822.35453  1.43880e-16
4826.43484  1.43657e-16
4830.51516  1.27728e-16
4834.59546  1.28104e-16
4838.67577  1.42694e-16
4842.75608  1.34811e-16
4846.83639  1.33729e-16
4850.91670  1.26612e-16
4854.99702  1.27846e-16
4859.07733  1.26544e-16
4863.15764  1.20728e-16
4867.23795  1.19285e-16
4871.31826  1.21653e-16
4875.39856  1.29850e-16
4879.47888  1.19746e-16
4883.55919  1.15403e-16
4887.63950  1.45994e-16
4891.71981  1.47468e-16
4895.80012  1.31047e-16
4899.88043  1.26571e-16
4903.96075  1.40772e-16
4908.04106  1.46278e-16
4912.12137  1.31836e-16
4916.20168  1.33744e-16
4920.28199  1.23383e-16
4924.36230  1.29638e-16
4928.44261  1.38403e-16
4932.52293  1.38865e-16
4936.60323  1.41787e-16
4940.68354  1.46589e-16
4944.76385  1.42528e-16
4948.84417  1.42115e-16
4952.92448  1.38176e-16
4957.00479  1.46660e-16
4961.08510  1.33106e-16
4965.16541  1.30653e-16
4969.24572  1.39238e-16
4973.32603  1.27322e-16
4977.40633  1.26581e-16
4981.48665  1.37054e-16
4985.56696  1.46572e-16
4989.64727  1.41451e-16
4993.72758  1.50168e-16
4997.80790  1.43875e-16
5001.88821  1.48885e-16
5005.96852  1.50131e-16
5010.04883  1.37225e-16
5014.12914  1.36779e-16
5018.20945  1.45218e-16
5022.28976  1.40903e-16
5026.37007  1.42559e-16
5030.45038  1.43596e-16
5034.53070  1.36379e-16
5038.61100  1.29678e-16
5042.69132  1.29659e-16
5046.77163  1.40186e-16
5050.85194  1.48259e-16
5054.93225  1.49437e-16
5059.01256  1.39950e-16
5063.09287  1.42745e-16
5067.17318  1.40334e-16
5071.25349  1.21766e-16
5075.33380  1.17228e-16
5079.41410  1.31766e-16
5083.49442  1.31690e-16
5087.57473  1.35431e-16
5091.65506  1.29688e-16
5095.73536  1.25993e-16
5099.81567  1.28330e-16
5103.89598  1.14807e-16
5107.97629  1.23417e-16
5112.05660  1.31503e-16
5116.13691  1.25370e-16
5120.21722  1.30210e-16
5124.29753  1.42520e-16
5128.37784  1.37085e-16
5132.45815  1.29418e-16
5136.53846  1.37256e-16
5140.61878  1.44303e-16
5144.69909  1.31553e-16
5148.77940  1.41404e-16
5152.85971  1.52482e-16
5156.94002  1.50098e-16
5161.02033  1.27605e-16
5165.10064  1.17118e-16
5169.18095  1.32468e-16
5173.26126  1.28117e-16
5177.34157  1.29655e-16
5181.42189  1.39377e-16
5185.50220  1.33856e-16
5189.58251  1.12044e-16
5193.66283  1.19795e-16
5197.74313  1.30672e-16
5201.82344  1.33083e-16
5205.90375  1.21415e-16
5209.98406  1.22939e-16
5214.06437  1.24963e-16
5218.14468  1.32894e-16
5222.22499  1.25748e-16
5226.30530  1.25482e-16
5230.38562  1.15526e-16
5234.46593  1.14689e-16
5238.54623  1.23437e-16
5242.62655  1.24877e-16
5246.70686  1.23394e-16
5250.78717  1.34756e-16
5254.86748  1.28164e-16
5258.94779  1.20699e-16
5263.02810  1.08584e-16
5267.10841  1.06149e-16
5271.18872  1.10544e-16
5275.26903  1.12436e-16
5279.34935  1.25473e-16
5283.42966  1.24443e-16
5287.50997  1.14947e-16
5291.59028  1.17323e-16
5295.67060  1.18303e-16
5299.75090  1.34527e-16
5303.83121  1.24804e-16
5307.91152  1.11054e-16
5311.99183  1.32631e-16
5316.07214  1.28783e-16
5320.15245  1.23433e-16
5324.23276  1.30063e-16
5328.31308  1.14035e-16
5332.39339  9.78579e-17
5336.47370  1.01987e-16
5340.55400  1.19755e-16
5344.63432  1.20525e-16
5348.71463  1.15344e-16
5352.79494  1.17929e-16
5356.87525  1.14600e-16
5360.95556  1.08657e-16
5365.03587  1.05328e-16
5369.11618  1.07384e-16
5373.19650  1.17508e-16
5377.27681  1.14496e-16
5381.35712  1.07217e-16
5385.43743  1.02372e-16
5389.51774  9.82055e-17
5393.59805  1.07325e-16
5397.67836  1.18167e-16
5401.75867  1.18446e-16
5405.83898  1.04013e-16
5409.91929  9.22989e-17
5413.99960  8.46798e-17
5418.07991  9.21677e-17
5422.16023  1.11437e-16
5426.24054  1.14691e-16
5430.32085  1.15340e-16
5434.40116  1.08372e-16
5438.48147  9.08830e-17
5442.56177  1.11886e-16
5446.64209  1.12419e-16
5450.72240  9.80754e-17
5454.80271  8.66247e-17
5458.88302  1.04864e-16
5462.96333  1.01868e-16
5467.04365  8.52943e-17
5471.12396  8.62489e-17
5475.20427  9.53519e-17
5479.28458  9.06889e-17
5483.36489  1.04120e-16
5487.44520  9.60235e-17
5491.52551  8.97509e-17
5495.60582  9.82372e-17
5499.68613  1.09364e-16
5503.76644  1.13248e-16
5507.84675  1.01093e-16
5511.92706  9.50386e-17
5516.00738  1.02937e-16
5520.08769  9.32944e-17
5524.16800  8.55206e-17
5528.24831  9.23511e-17
5532.32862  1.01400e-16
5536.40893  9.41547e-17
5540.48924  9.20640e-17
5544.56956  9.85151e-17
5548.64986  1.00142e-16
5552.73017  1.01272e-16
5556.81048  9.32750e-17
5560.89080  7.55573e-17
5564.97111  6.67101e-17
5569.05142  7.06464e-17
5573.13173  9.51904e-17
5577.21204  9.97992e-17
5581.29235  6.60533e-17
5585.37266  6.23419e-17
5589.45297  8.41075e-17
5593.53328  9.85335e-17
5597.61359  9.73419e-17
5601.69390  9.85813e-17
5605.77421  8.97077e-17
5609.85453  7.56651e-17
5613.93484  8.16128e-17
5618.01515  8.85723e-17
5622.09546  9.53331e-17
5626.17577  8.43589e-17
5630.25608  7.86497e-17
5634.33639  8.14550e-17
5638.41670  7.80617e-17
5642.49701  7.85053e-17
5646.57733  8.36833e-17
5650.65763  7.79050e-17
5654.73795  7.08442e-17
5658.81827  8.67457e-17
5662.89857  8.68874e-17
5666.97888  7.74249e-17
5671.05919  7.88362e-17
5675.13950  8.01201e-17
5679.21981  6.99818e-17
5683.30012  8.38779e-17
5687.38043  9.32684e-17
5691.46073  1.01386e-16
5695.54105  1.00388e-16
5699.62136  9.72768e-17
5703.70167  9.37844e-17
5707.78199  8.16327e-17
5711.86230  8.17637e-17
5715.94261  7.85310e-17
5720.02292  7.91449e-17
5724.10323  6.97425e-17
5728.18354  7.83643e-17
5732.26385  8.14691e-17
5736.34416  8.44526e-17
5740.42447  8.10801e-17
5744.50478  7.15538e-17
5748.58510  8.70572e-17
5752.66541  9.25661e-17
5756.74572  8.67242e-17
5760.82604  7.74430e-17
5764.90634  6.95185e-17
5768.98665  7.55580e-17
5773.06696  6.68545e-17
5777.14727  6.83824e-17
5781.22758  6.43090e-17
5785.30789  7.57314e-17
5789.38820  7.58201e-17
5793.46850  7.49651e-17
5797.54883  7.41248e-17
5801.62914  6.70436e-17
5805.70944  6.56503e-17
5809.78976  7.07472e-17
5813.87007  8.07150e-17
5817.95038  7.65335e-17
5822.03069  6.11618e-17
5826.11100  5.64798e-17
5830.19131  7.49587e-17
5834.27162  7.71237e-17
5838.35193  6.68436e-17
5842.43225  5.43768e-17
5846.51256  6.57122e-17
5850.59287  7.63276e-17
5854.67318  6.80029e-17
5858.75349  6.46665e-17
5862.83380  8.19676e-17
5866.91411  7.69670e-17
5870.99442  7.14690e-17
5875.07473  7.01105e-17
5879.15504  5.35981e-17
5883.23535  6.42846e-17
5887.31566  8.83125e-17
5891.39598  9.02859e-17
5895.47629  7.71230e-17
5899.55660  6.60232e-17
5903.63691  7.50446e-17
5907.71723  7.47898e-17
5911.79753  6.14578e-17
5915.87784  5.48660e-17
5919.95815  5.39535e-17
5924.03846  5.94887e-17
5928.11877  7.41952e-17
5932.19908  7.09016e-17
5936.27940  6.60887e-17
5940.35971  6.75362e-17
5944.44002  6.70494e-17
5948.52033  5.68250e-17
5952.60063  6.26276e-17
5956.68095  6.96298e-17
5960.76126  6.83676e-17
5964.84157  6.87198e-17
5968.92188  7.21907e-17
5973.00219  7.18081e-17
5977.08250  6.17268e-17
5981.16281  6.61424e-17
5985.24313  7.01588e-17
5989.32344  6.41783e-17
5993.40375  6.34201e-17
5997.48406  6.75088e-17
6001.56437  7.04180e-17
6005.64468  7.17476e-17
6009.72500  7.77069e-17
6013.80530  7.79471e-17
6017.88561  7.12696e-17
6021.96592  7.47729e-17
6026.04623  7.26460e-17
6030.12655  7.04930e-17
6034.20686  7.34006e-17
6038.28717  7.09172e-17
6042.36748  7.33910e-17
6046.44779  6.79735e-17
6050.52810  6.36450e-17
6054.60840  7.21701e-17
6058.68872  7.47272e-17
6062.76903  7.78041e-17
6066.84934  7.43197e-17
6070.92965  7.04448e-17
6075.00996  7.31966e-17
6079.09028  8.29726e-17
6083.17059  7.71424e-17
6087.25090  7.18481e-17
6091.33121  7.49432e-17
6095.41152  6.98128e-17
6099.49183  6.22481e-17
6103.57214  6.44262e-17
6107.65245  7.07825e-17
6111.73277  6.72833e-17
6115.81307  6.69807e-17
6119.89338  7.84847e-17
6123.97371  7.52103e-17
6128.05401  6.90624e-17
6132.13432  6.89355e-17
6136.21463  5.92428e-17
6140.29494  5.40685e-17
6144.37525  6.16717e-17
6148.45556  6.16601e-17
6152.53587  5.81511e-17
6156.61617  5.80798e-17
6160.69649  6.34762e-17
6164.77680  6.69439e-17
6168.85711  6.08713e-17
6172.93743  5.50266e-17
6177.01774  6.17434e-17
6181.09805  5.79689e-17
6185.17836  6.85117e-17
6189.25867  7.50176e-17
6193.33898  7.55746e-17
6197.41929  7.00982e-17
6201.49960  6.70814e-17
6205.57991  7.15168e-17
6209.66022  6.72484e-17
6213.74054  6.28350e-17
6217.82085  6.36599e-17
6221.90116  6.76157e-17
6225.98147  7.03492e-17
6230.06178  7.30123e-17
6234.14209  6.67952e-17
6238.22240  6.08824e-17
6242.30271  6.42366e-17
6246.38302  7.59673e-17
6250.46333  8.03684e-17
6254.54364  7.42049e-17
6258.62394  7.05372e-17
6262.70426  6.73680e-17
6266.78458  6.04760e-17
6270.86490  6.94047e-17
6274.94520  5.34593e-17
6279.02551  5.64691e-17
6283.10582  7.06470e-17
6287.18613  7.43726e-17
6291.26644  7.07013e-17
6295.34675  7.14055e-17
6299.42706  6.23498e-17
6303.50737  6.34471e-17
6307.58768  6.06387e-17
6311.66800  5.25354e-17
6315.74831  5.11785e-17
6319.82862  6.17370e-17
6323.90893  7.30042e-17
6327.98924  5.67622e-17
6332.06955  5.59665e-17
6336.14986  6.03979e-17
6340.23017  5.84331e-17
6344.31048  6.54724e-17
6348.39079  6.82835e-17
6352.47110  7.52476e-17
6356.55141  7.21517e-17
6360.63173  6.96036e-17
6364.71204  7.11452e-17
6368.79235  6.99322e-17
6372.87267  6.68734e-17
6376.95297  6.00009e-17
6381.03328  5.87635e-17
6385.11359  6.01304e-17
6389.19390  6.53720e-17
6393.27421  7.44989e-17
6397.35452  7.48609e-17
6401.43483  7.08113e-17
6405.51515  7.07297e-17
6409.59546  7.26052e-17
6413.67577  7.00998e-17
6417.75607  7.01606e-17
6421.83639  6.74603e-17
6425.91670  6.08180e-17
6429.99701  6.79713e-17
6434.07732  6.07866e-17
6438.15763  6.42114e-17
6442.23794  7.46473e-17
6446.31825  7.18907e-17
6450.39856  6.52447e-17
6454.47888  6.22966e-17
6458.55919  7.37554e-17
6462.63950  7.09224e-17
6466.71981  6.17357e-17
6470.80012  6.37466e-17
6474.88044  7.59831e-17
6478.96074  7.45299e-17
6483.04105  6.66835e-17
6487.12136  5.98222e-17
6491.20167  7.01259e-17
6495.28198  6.41168e-17
6499.36230  6.29614e-17
6503.44261  7.04214e-17
6507.52292  6.56510e-17
6511.60323  5.99422e-17
6515.68354  6.40292e-17
6519.76384  6.36609e-17
6523.84416  6.80700e-17
6527.92447  6.97958e-17
6532.00478  6.26992e-17
6536.08509  6.13346e-17
6540.16540  5.91116e-17
6544.24571  5.68664e-17
6548.32603  6.09502e-17
6552.40634  5.93359e-17
6556.48665  5.53951e-17
6560.56696  5.03110e-17
6564.64727  5.86476e-17
6568.72758  6.69704e-17
6572.80789  6.58330e-17
6576.88821  5.73875e-17
6580.96851  5.99027e-17
6585.04882  6.18143e-17
6589.12913  5.23446e-17
6593.20945  5.80949e-17
6597.28976  6.08999e-17
6601.37007  5.45951e-17
6605.45038  5.93123e-17
6609.53069  5.84096e-17
6613.61100  5.11266e-17
6617.69131  4.98383e-17
6621.77161  5.74940e-17
6625.85193  5.83508e-17
6629.93224  6.36879e-17
6634.01255  5.75716e-17
6638.09286  5.33637e-17
6642.17318  5.82928e-17
6646.25349  6.59339e-17
6650.33380  6.11647e-17
6654.41411  5.80669e-17
6658.49442  5.90081e-17
6662.57473  6.05258e-17
6666.65504  5.63083e-17
6670.73535  5.53888e-17
6674.81566  5.53170e-17
6678.89598  5.27208e-17
6682.97628  5.97006e-17
6687.05660  6.09805e-17
6691.13691  5.71783e-17
6695.21722  6.13110e-17
6699.29753  6.35460e-17
6703.37784  6.18527e-17
6707.45815  5.72619e-17
6711.53846  6.63836e-17
6715.61877  6.92634e-17
6719.69908  5.79666e-17
6723.77938  5.91652e-17
6727.85970  6.47027e-17
6731.94001  6.32458e-17
6736.02034  6.24428e-17
6740.10064  6.50107e-17
6744.18095  6.46125e-17
6748.26126  6.95469e-17
6752.34157  6.43910e-17
6756.42188  5.65370e-17
6760.50219  6.63213e-17
6764.58250  6.43381e-17
6768.66281  6.00335e-17
6772.74312  6.17157e-17
6776.82343  6.17008e-17
6780.90374  5.99357e-17
6784.98406  6.46086e-17
6789.06437  6.24785e-17
6793.14468  5.55436e-17
6797.22499  5.44587e-17
6801.30530  5.93999e-17
6805.38561  5.45890e-17
6809.46592  5.29235e-17
6813.54623  5.27080e-17
6817.62654  5.15838e-17
6821.70685  5.83588e-17
6825.78717  6.00266e-17
6829.86748  6.04014e-17
6833.94779  6.94259e-17
6838.02811  6.58322e-17
6842.10841  6.26146e-17
6846.18872  6.06018e-17
6850.26903  5.65113e-17
6854.34934  5.73207e-17
6858.42965  6.52295e-17
6862.50996  6.76836e-17
6866.59027  6.28718e-17
6870.67058  6.71959e-17
6874.75089  5.66669e-17
6878.83121  5.88055e-17
6882.91151  7.51796e-17
6886.99183  6.58932e-17
6891.07214  6.22787e-17
6895.15245  6.49754e-17
6899.23276  7.35473e-17
6903.31307  7.33558e-17
6907.39338  7.04047e-17
6911.47369  7.30263e-17
6915.55400  7.81203e-17
6919.63431  7.27902e-17
6923.71463  7.05538e-17
6927.79494  8.71380e-17
6931.87525  7.54288e-17
6935.95556  7.37626e-17
6940.03588  8.21977e-17
6944.11618  7.63117e-17
6948.19649  7.11151e-17
6952.27680  6.93712e-17
6956.35711  7.00425e-17
6960.43742  6.20752e-17
6964.51773  7.30599e-17
6968.59804  7.72518e-17
6972.67836  7.14979e-17
6976.75867  7.84868e-17
6980.83898  7.34832e-17
6984.91928  7.50730e-17
6988.99960  7.60528e-17
6993.07991  6.65800e-17
6997.16022  7.38350e-17
7001.24053  7.21276e-17
7005.32084  6.90788e-17
7009.40115  6.72170e-17
7013.48146  6.43138e-17
7017.56178  7.15902e-17
7021.64209  7.53270e-17
7025.72240  7.94127e-17
7029.80271  7.71035e-17
7033.88302  6.62708e-17
7037.96333  7.07937e-17
7042.04365  7.72282e-17
7046.12395  7.65139e-17
7050.20426  7.32302e-17
7054.28457  7.68268e-17
7058.36488  7.09265e-17
7062.44519  5.99763e-17
7066.52551  6.33993e-17
7070.60582  7.93260e-17
7074.68613  7.45477e-17
7078.76644  7.50092e-17
7082.84675  7.35667e-17
7086.92705  7.89017e-17
7091.00737  8.01519e-17
7095.08768  7.20411e-17
7099.16799  7.71694e-17
7103.24830  6.94255e-17
7107.32861  6.52042e-17
7111.40893  7.22227e-17
7115.48924  7.41811e-17
7119.56955  7.06354e-17
7123.64986  7.36911e-17
7127.73017  7.48895e-17
7131.81048  7.43956e-17
7135.89079  6.79964e-17
7139.97110  6.33227e-17
7144.05141  6.05320e-17
7148.13172  7.07911e-17
7152.21203  8.83703e-17
7156.29234  9.34188e-17
7160.37266  8.33324e-17
7164.45297  6.03109e-17
7168.53328  5.51210e-17
7172.61359  6.43742e-17
7176.69390  8.27287e-17
7180.77421  9.53601e-17
7184.85452  8.12792e-17
7188.93484  6.81872e-17
7193.01514  6.75394e-17
7197.09545  6.86741e-17
7201.17576  7.09599e-17
7205.25608  7.05479e-17
7209.33639  6.95942e-17
7213.41670  6.23744e-17
7217.49701  6.51770e-17
7221.57732  6.80900e-17
7225.65763  6.36270e-17
7229.73794  6.79377e-17
7233.81825  6.98027e-17
7237.89856  7.68290e-17
7241.97887  7.84122e-17
7246.05918  6.94904e-17
7250.13949  6.76816e-17
7254.21981  6.39648e-17
7258.30012  5.87971e-17
7262.38043  5.91380e-17
7266.46074  5.98339e-17
7270.54105  4.78220e-17
7274.62136  3.26301e-17
7278.70167  4.55204e-17
7282.78198  5.50656e-17
7286.86229  6.66860e-17
7290.94261  6.30731e-17
7295.02291  5.73859e-17
7299.10323  6.01446e-17
7303.18355  5.33139e-17
7307.26385  4.27509e-17
7311.34416  5.93503e-17
7315.42447  6.60737e-17
7319.50478  6.11481e-17
7323.58509  6.18361e-17
7327.66540  5.35934e-17
7331.74571  4.77267e-17
7335.82601  5.38450e-17
7339.90633  6.86337e-17
7343.98664  6.48356e-17
7348.06695  5.68340e-17
7352.14727  5.36665e-17
7356.22758  5.11462e-17
7360.30789  5.30828e-17
7364.38820  5.85268e-17
7368.46851  6.17096e-17
7372.54882  6.04531e-17
7376.62913  5.74562e-17
7380.70944  5.27974e-17
7384.78975  4.74933e-17
7388.87006  4.26048e-17
7392.95038  4.99401e-17
7397.03069  5.40768e-17
7401.11100  4.67678e-17
7405.19132  5.21741e-17
7409.27162  4.84350e-17
7413.35193  4.99953e-17
7417.43224  5.29779e-17
7421.51255  4.25484e-17
7425.59286  4.93223e-17
7429.67317  5.27572e-17
7433.75348  5.54849e-17
7437.83378  5.82991e-17
7441.91411  5.50485e-17
7445.99442  4.77739e-17
7450.07472  5.30390e-17
7454.15504  5.35639e-17
7458.23535  5.17254e-17
7462.31566  4.63022e-17
7466.39597 -4.10443e-18
7470.47628 -3.72874e-18
7474.55659  6.35611e-17
7478.63690  5.89800e-17
7482.71721  4.79904e-17
7486.79753  4.45279e-17
7490.87784  4.83278e-17
7494.95815  4.95504e-17
7499.03846  5.33731e-17
7503.11877  5.32734e-17
7507.19908  5.28027e-17
7511.27939  4.77346e-17
7515.35970  3.38833e-17
7519.44001  3.37067e-17
7523.52032  4.37057e-17
7527.60063  5.36771e-17
7531.68094  5.95149e-17
7535.76126  6.05289e-17
7539.84157  5.54504e-17
7543.92188  4.70330e-17
7548.00219  4.13132e-17
7552.08251  4.00039e-17
7556.16281  4.81553e-17
7560.24312  6.27298e-17
7564.32343  6.47305e-17
7568.40374  5.83988e-17
7572.48405  5.08296e-17
7576.56436  4.72379e-17
7580.64468  4.74461e-17
7584.72499  4.64047e-17
7588.80530  4.48525e-17
7592.88561  4.06907e-17
7596.96592  3.20645e-17
7601.04623  2.54965e-17
7605.12654  3.74048e-17
7609.20685  5.49041e-17
7613.28716  6.73172e-17
7617.36747  5.72314e-17
7621.44778  3.28959e-17
7625.52809  3.39082e-17
7629.60841  4.69598e-17
7633.68872  5.82363e-17
7637.76903  5.70689e-17
7641.84934  5.34585e-17
7645.92965  5.26273e-17
7650.00996  4.57998e-17
7654.09028  5.62539e-17
7658.17058  5.66785e-17
7662.25089  4.53374e-17
7666.33120  4.02834e-17
7670.41151  5.35394e-17
7674.49183  4.85027e-17
7678.57214  4.25778e-17
7682.65245  4.82410e-17
7686.73276  4.16717e-17
7690.81307  3.44024e-17
7694.89338  3.87810e-17
7698.97368  3.66512e-17
7703.05400  4.36269e-17
7707.13431  4.19628e-17
7711.21462  3.62016e-17
7715.29493  2.85387e-17
7719.37524  2.86695e-17
7723.45556  3.70292e-17
7727.53587  4.21812e-17
7731.61618  3.98509e-17
7735.69649  4.51620e-17
7739.77680  3.46051e-17
7743.85711  3.31972e-17
7747.93742  4.00130e-17
7752.01773  2.84434e-17
7756.09805  2.94671e-17
7760.17835  3.32824e-17
7764.25866  3.07052e-17
7768.33899  4.11853e-17
7772.41929  5.44374e-17
7776.49960  5.73019e-17
7780.57991  4.87811e-17
7784.66022  5.06205e-17
7788.74053  4.61675e-17
7792.82084  3.40946e-17
7796.90115  3.45222e-17
7800.98145  3.06965e-17
7805.06177  4.38143e-17
7809.14208  5.59954e-17
7813.22239  5.73818e-17
7817.30271  6.08628e-17
7821.38302  5.08993e-17
7825.46333  2.85145e-17
7829.54364  2.80777e-17
7833.62395  3.42993e-17
7837.70426  3.99677e-17
7841.78457  4.34728e-17
7845.86488  5.53976e-17
7849.94519  5.24301e-17
7854.02550  5.04744e-17
7858.10582  3.12066e-17
7862.18613  3.44414e-17
7866.26644  4.35866e-17
7870.34675  3.94153e-17
7874.42706  4.34970e-17
7878.50737  4.84345e-17
7882.58768  5.91498e-17
7886.66799  5.88520e-17
7890.74830  5.28793e-17
7894.82861  4.40884e-17
7898.90892  3.40105e-17
7902.98922  4.37579e-17
7907.06954  6.07823e-17
7911.14986  7.36471e-17
7915.23018  6.83940e-17
7919.31048  5.19314e-17
7923.39079  3.52142e-17
7927.47110  3.27694e-17
7931.55141  3.90395e-17
7935.63172  4.35614e-17
7939.71203  5.00316e-17
7943.79234  5.30237e-17
7947.87265  4.53148e-17
7951.95296  4.17398e-17
7956.03328  3.57464e-17
7960.11359  2.80219e-17
7964.19390  1.80178e-17
7968.27421  3.50074e-17
7972.35452  4.56287e-17
7976.43483  4.18550e-17
7980.51514  3.30518e-17
7984.59545  4.60454e-17
7988.67576  4.79355e-17
7992.75607  4.21497e-17
7996.83638  2.91685e-17
8000.91669  3.32504e-17
8004.99701  4.19503e-17
8009.07732  4.41348e-17
8013.15763  4.53695e-17
8017.23795  5.56961e-17
8021.31825  6.15553e-17
8025.39856  5.48364e-17
8029.47887  4.53846e-17
8033.55918  4.40798e-17
8037.63949  4.43583e-17
8041.71980  3.74764e-17
8045.80011  3.28589e-17
8049.88043  3.81406e-17
8053.96074  4.88970e-17
8058.04105  5.42259e-17
8062.12135  5.42718e-17
8066.20167  5.13544e-17
8070.28198  3.53928e-17
8074.36229  2.86659e-17
8078.44260  3.78665e-17
8082.52291  3.77432e-17
8086.60322  4.16258e-17
8090.68353  4.34176e-17
8094.76384  4.69534e-17
8098.84416  4.63259e-17
8102.92447  3.37709e-17
8107.00478  1.77381e-17
8111.08509  2.55530e-17
8115.16540  3.54923e-17
8119.24572  4.45725e-17
8123.32602  4.48778e-17
8127.40633  3.96194e-17
8131.48664  4.40813e-17
8135.56695  4.60930e-17
8139.64726  4.35850e-17
8143.72758  3.81360e-17
8147.80789  2.91203e-17
8151.88820  2.88835e-17
8155.96851  4.15427e-17
8160.04882  4.62261e-17
8164.12912  3.82615e-17
8168.20944  4.60920e-17
8172.28975  5.00554e-17
8176.37006  3.39824e-17
8180.45037  2.77413e-17
8184.53068  3.22273e-17
8188.61099  4.13185e-17
8192.69131  4.06483e-17
8196.77162  3.67962e-17
8200.85193  3.34547e-17
8204.93224  3.42510e-17
8209.01255  3.15213e-17
8213.09286  2.81290e-17
8217.17317  2.35402e-17
8221.25349  3.92861e-17
8225.33379  4.26150e-17
8229.41410  4.72038e-17
8233.49441  4.85537e-17
8237.57473  4.14297e-17
8241.65504  3.69950e-17
8245.73535  3.49229e-17
8249.81566  3.65224e-17
8253.89597  3.45658e-17
8257.97628  3.61922e-17
8262.05659  3.87761e-17
8266.13689  3.84740e-17
8270.21721  4.03800e-17
8274.29752  3.49581e-17
8278.37783  3.06075e-17
8282.45814  3.34025e-17
8286.53846  1.80244e-17
8290.61877  6.89334e-18
8294.69908  1.54955e-17
8298.77939  2.08586e-17
8302.85970  3.09830e-17
8306.94001  4.31896e-17
8311.02032  4.01128e-17
8315.10063  2.97608e-17
8319.18094  3.17782e-17
8323.26126  2.90607e-17
8327.34156  2.61015e-17
8331.42188  2.53724e-17
8335.50219  2.57928e-17
8339.58250  3.78739e-17
8343.66281  4.84197e-17
8347.74312  6.42162e-17
8351.82343  4.57261e-17
8355.90374  2.62355e-17
8359.98405  3.61348e-17
8364.06436  3.57239e-17
8368.14466  2.94555e-17
8372.22498  2.19812e-17
8376.30529  3.83696e-17
8380.38562  4.44430e-17
8384.46592  3.92154e-17
8388.54623  3.23201e-17
8392.62654  3.14706e-17
8396.70685  1.88007e-17
8400.78716  2.01014e-17
8404.86747  3.64150e-17
8408.94778  4.00948e-17
8413.02809  3.58977e-17
8417.10840  3.49760e-17
8421.18871  2.99075e-17
8425.26902  3.67082e-17
8429.34934  4.08889e-17
8433.42965  3.51567e-17
8437.50996  2.47216e-17
8441.59027  2.43051e-17
8445.67058  3.09387e-17
8449.75089  3.29454e-17
8453.83120  3.64901e-17
8457.91151  3.52810e-17
8461.99182  4.62254e-17
8466.07213  4.83495e-17
8470.15245  4.22484e-17
8474.23276  3.36107e-17
8478.31307  3.33219e-17
8482.39339  3.41417e-17
8486.47369  4.53818e-17
8490.55400  4.27517e-17
8494.63431  3.53546e-17
8498.71462  3.01597e-17
8502.79493  3.00778e-17
8506.87524  3.70220e-17
8510.95555  2.82461e-17
8515.03586  1.34871e-17
8519.11617  2.09582e-17
8523.19649  3.92521e-17
8527.27679  4.82521e-17
8531.35711  4.32025e-17
8535.43742  2.74258e-17
8539.51773  2.90438e-17
8543.59804  2.95523e-17
8547.67835  2.78151e-17
8551.75866  2.12420e-17
8555.83897  1.55486e-17
8559.91928  1.02139e-17
8563.99959  1.67831e-17
8568.07991  3.33371e-17
8572.16022  3.34056e-17
8576.24053  2.80106e-17
8580.32084  2.85021e-17
8584.40116  2.05167e-17
8588.48146  1.09657e-17
8592.56177  1.58407e-17
8596.64208  2.07677e-17
8600.72239  2.05687e-17
8604.80270  1.88700e-17
8608.88301  2.70887e-17
8612.96332  3.74237e-17
8617.04364  3.80796e-17
8621.12395  4.23589e-17
8625.20426  2.02448e-17
8629.28456  6.18895e-18
8633.36488  1.24681e-17
8637.44519  2.08642e-17
8641.52550  2.47557e-17
8645.60581  3.06794e-17
8649.68612  4.35922e-17
8653.76643  4.42717e-17
8657.84674  4.56624e-17
8661.92706  3.28074e-17
8666.00737  1.87936e-17
8670.08768  2.02513e-17
8674.16799  1.58239e-17
8678.24830  2.25483e-17
8682.32861  3.32929e-17
8686.40892  3.45010e-17
8690.48923  4.28564e-17
8694.56954  4.51359e-17
8698.64985  3.45916e-17
8702.73016  2.31262e-17
8706.81047  2.26278e-17
8710.89079  2.43986e-17
8714.97110  3.49073e-17
8719.05141  4.24240e-17
8723.13172  3.64459e-17
8727.21203  3.51681e-17
8731.29233  3.49091e-17
8735.37265  2.64438e-17
8739.45296  3.07866e-17
8743.53327  2.64825e-17
8747.61358  3.38535e-17
8751.69389  5.33723e-17
8755.77421  4.82650e-17
8759.85452  4.82910e-17
8763.93483  5.74317e-17
8768.01514  4.57648e-17
8772.09545  4.44039e-17
8776.17576  4.63594e-17
8780.25607  1.89246e-17
8784.33638  1.28782e-17
8788.41669  2.57284e-17
8792.49700  1.87092e-17
8796.57731  1.81692e-17
8800.65762  3.51198e-17
8804.73794  2.77250e-17
8808.81825  1.84282e-17
8812.89856  4.65139e-18
8816.97887 -2.02483e-17
8821.05918 -3.04945e-17
8825.13949 -2.86304e-17
8829.21980  2.04809e-17
8833.30012  3.66360e-17
8837.38042  3.44771e-17
8841.46073  3.22305e-17
8845.54104  2.93457e-17
8849.62136  2.63131e-17
8853.70167  2.31147e-17
8857.78198  1.35153e-17
8861.86229  2.66231e-17
8865.94260  5.17526e-17
8870.02291  5.54334e-17
8874.10322  6.48777e-17
8878.18353  6.43272e-17
8882.26384  5.87088e-17
8886.34415  2.90171e-17
8890.42446  1.05343e-17
8894.50477  5.62670e-19
8898.58509  1.75911e-17
8902.66540  4.43744e-17
8906.74571  5.56354e-17
8910.82602  3.98057e-17
8914.90633  3.84224e-17
8918.98664  3.58165e-17
8923.06695  1.57202e-17
8927.14726  2.80561e-17
8931.22757  3.98827e-17
8935.30789  3.99223e-17
8939.38819  5.52316e-17
8943.46851  5.00994e-17
8947.54883  3.28932e-17
8951.62913  2.04082e-17
8955.70944  3.37696e-17
8959.78975  5.35909e-17
8963.87006  5.47423e-17
8967.95037  3.46875e-17
8972.03068  2.94041e-17
8976.11099  3.20288e-17
8980.19129  3.99212e-17
8984.27161  2.98842e-17
8988.35192  6.25034e-18
8992.43223  1.26638e-17
8996.51255  2.12730e-17
9000.59286  4.39589e-17
9004.67317  5.66412e-17
9008.75348  3.84752e-17
9012.83379  3.52465e-17
9016.91410  4.77854e-17
9020.99441  3.70574e-17
9025.07472  2.78525e-17
9029.15503  3.14347e-17
9033.23534  4.38389e-17
9037.31566  4.28865e-17
9041.39597  4.37431e-17
9045.47628  4.61213e-17
9049.55660  4.03881e-17
9053.63690  2.62208e-17
9057.71721  1.82174e-17
9061.79752  8.75078e-18
9065.87783  3.05961e-17
9069.95814  2.97846e-17
9074.03845  2.67013e-17
9078.11876  3.03828e-17
9082.19906  2.63246e-17
9086.27939  1.43180e-17
9090.35970  9.09435e-18
9094.44000  2.14054e-17
9098.52032  4.47612e-17
9102.60063  5.46650e-17
9106.68094  4.15086e-17
9110.76125  1.94621e-17
9114.84156  2.94973e-17
9118.92187  3.23086e-17
9123.00218  2.94771e-17
9127.08249  3.49952e-17
9131.16281  3.77794e-17
9135.24312  3.22742e-17
9139.32343  3.62366e-17
9143.40374  3.73974e-17
9147.48405  2.63595e-17
9151.56436  3.29050e-17
9155.64467  5.86660e-17
9159.72498  4.41687e-17
9163.80529  1.83588e-17
9167.88560  2.16052e-17
9171.96591  2.50105e-17
9176.04622  3.54665e-17
9180.12654  2.48548e-17
9184.20685  1.63163e-17
9188.28716  3.24028e-17
9192.36747  4.71589e-17
9196.44779  3.25654e-17
9200.52809  2.98954e-17
9204.60840  3.00116e-17
9208.68871  9.33903e-18
9212.76902  1.34094e-17
9216.84933  2.07720e-17
9220.92964  2.18977e-17
9225.00996  3.22255e-17
9229.09027  4.19168e-17
9233.17058  9.67734e-17
