3666.8046875  6.252028E-17
3672.32448959351  5.515438E-17
3677.84429168702  7.110179E-17
3683.36409378053  8.052190E-17
3688.88389587404  6.236446E-17
3694.40369796755  6.204019E-17
3699.92350006106  3.696044E-17
3705.44330215457  6.014681E-17
3710.96310424808  5.963905E-17
3716.48290634159  4.849642E-17
3722.0027084351  5.303085E-17
3727.52251052861  6.923780E-17
3733.04231262212  5.265939E-17
3738.56211471563  6.109011E-17
3744.08191680914  5.807659E-17
3749.60171890265  5.149908E-17
3755.12152099616  4.902880E-17
3760.64132308967  4.370069E-17
3766.16112518318  6.333560E-17
3771.68092727669  5.054761E-17
3777.2007293702  4.080801E-17
3782.72053146371  4.156426E-17
3788.24033355722  5.489589E-17
3793.76013565073  4.201104E-17
3799.27993774424  4.591830E-17
3804.79973983775  5.124369E-17
3810.31954193126  4.343815E-17
3815.83934402477  4.526759E-17
3821.35914611828  4.954390E-17
3826.87894821179  5.376628E-17
3832.3987503053  4.368042E-17
3837.91855239881  3.533441E-17
3843.43835449232  5.728551E-17
3848.95815658583  6.609612E-17
3854.47795867934  4.402175E-17
3859.99776077285  3.966030E-17
3865.51756286636  5.177232E-17
3871.03736495987  5.422750E-17
3876.55716705338  5.057042E-17
3882.07696914689  5.552579E-17
3887.5967712404  4.990668E-17
3893.11657333391  4.818901E-17
3898.63637542742  4.245997E-17
3904.15617752093  4.925448E-17
3909.67597961444  4.350002E-17
3915.19578170795  4.059249E-17
3920.71558380146  4.736817E-17
3926.23538589497  5.249090E-17
3931.75518798848  4.551020E-17
3937.27499008199  3.801128E-17
3942.7947921755  4.818354E-17
3948.31459426901  4.490088E-17
3953.83439636252  4.738569E-17
3959.35419845603  4.224250E-17
3964.87400054954  5.251995E-17
3970.39380264305  4.619238E-17
3975.91360473656  4.706544E-17
3981.43340683007  4.566356E-17
3986.95320892358  5.053279E-17
3992.47301101709  5.955055E-17
3997.9928131106  5.219843E-17
4003.51261520411  5.000658E-17
4009.03241729762  5.422107E-17
4014.55221939113  4.626613E-17
4020.07202148464  4.458023E-17
4025.59182357815  5.489306E-17
4031.11162567166  5.282737E-17
4036.63142776517  4.654917E-17
4042.15122985868  4.050310E-17
4047.67103195219  5.762357E-17
4053.1908340457  4.926233E-17
4058.71063613921  5.205926E-17
4064.23043823272  6.094523E-17
4069.75024032623  6.990888E-17
4075.27004241974  6.016815E-17
4080.78984451325  4.269774E-17
4086.30964660676  4.468002E-17
4091.82944870027  5.249587E-17
4097.34925079378  5.129721E-17
4102.86905288729  4.103497E-17
4108.3888549808  5.079965E-17
4113.90865707431  4.986606E-17
4119.42845916782  4.979330E-17
4124.94826126133  5.607248E-17
4130.46806335484  5.436552E-17
4135.98786544835  5.338723E-17
4141.50766754186  4.922482E-17
4147.02746963537  4.561109E-17
4152.54727172888  5.443979E-17
4158.06707382239  5.395741E-17
4163.5868759159  5.242070E-17
4169.10667800941  4.974320E-17
4174.62648010292  5.049152E-17
4180.14628219643  4.813639E-17
4185.66608428994  4.069352E-17
4191.18588638345  4.935962E-17
4196.70568847696  5.324655E-17
4202.22549057047  5.338028E-17
4207.74529266398  5.508411E-17
4213.26509475749  5.377401E-17
4218.784896851  5.064428E-17
4224.30469894451  5.272272E-17
4229.82450103802  4.946288E-17
4235.34430313153  5.091394E-17
4240.86410522504  4.772051E-17
4246.38390731855  4.492368E-17
4251.90370941206  4.676517E-17
4257.42351150557  5.991182E-17
4262.94331359908  5.675775E-17
4268.46311569259  4.991146E-17
4273.9829177861  4.760874E-17
4279.50271987961  5.561133E-17
4285.02252197312  4.668290E-17
4290.54232406663  4.427916E-17
4296.06212616014  4.560949E-17
4301.58192825365  4.897083E-17
4307.10173034716  4.389449E-17
4312.62153244067  5.216320E-17
4318.14133453418  4.417280E-17
4323.66113662769  4.811314E-17
4329.1809387212  3.901994E-17
4334.70074081471  3.867269E-17
4340.22054290822  5.022395E-17
4345.74034500173  5.143296E-17
4351.26014709524  5.394071E-17
4356.77994918875  5.311550E-17
4362.29975128226  5.642149E-17
4367.81955337577  5.989922E-17
4373.33935546928  5.776661E-17
4378.85915756279  5.406544E-17
4384.3789596563  6.163085E-17
4389.89876174981  6.278857E-17
4395.41856384332  5.764513E-17
4400.93836593683  6.044145E-17
4406.45816803034  6.108332E-17
4411.97797012385  5.721752E-17
4417.49777221736  5.778240E-17
4423.01757431087  6.053111E-17
4428.53737640438  6.237552E-17
4434.05717849789  5.504152E-17
4439.5769805914  5.458363E-17
4445.09678268491  5.954718E-17
4450.61658477842  6.094174E-17
4456.13638687193  5.908681E-17
4461.65618896544  6.024407E-17
4467.17599105895  5.898302E-17
4472.69579315246  6.276326E-17
4478.21559524597  5.486822E-17
4483.73539733948  5.617777E-17
4489.25519943299  5.626787E-17
4494.7750015265  5.664629E-17
4500.29480362001  6.066088E-17
4505.81460571352  5.591845E-17
4511.33440780703  6.323689E-17
4516.85420990054  5.081140E-17
4522.37401199405  5.536891E-17
4527.89381408756  5.319665E-17
4533.41361618107  5.202476E-17
4538.93341827458  5.258461E-17
4544.45322036809  5.982140E-17
4549.9730224616  5.966834E-17
4555.49282455511  5.896104E-17
4561.01262664862  5.155523E-17
4566.53242874213  4.745774E-17
4572.05223083564  6.051143E-17
4577.57203292915  5.452045E-17
4583.09183502266  5.861332E-17
4588.61163711617  5.336453E-17
4594.13143920968  5.807318E-17
4599.65124130319  5.777647E-17
4605.1710433967  5.670712E-17
4610.69084549021  6.060867E-17
4616.21064758372  4.898886E-17
4621.73044967723  5.600202E-17
4627.25025177074  5.595296E-17
4632.77005386425  5.555788E-17
4638.28985595776  5.514223E-17
4643.80965805127  5.371492E-17
4649.32946014478  5.784851E-17
4654.84926223829  6.107934E-17
4660.36906433181  6.125380E-17
4665.88886642531  5.538961E-17
4671.40866851882  4.966883E-17
4676.92847061233  5.327648E-17
4682.44827270584  5.576467E-17
4687.96807479935  5.763885E-17
4693.48787689286  5.015516E-17
4699.00767898637  4.960176E-17
4704.52748107988  5.343520E-17
4710.04728317339  5.341407E-17
4715.56708526691  4.993325E-17
4721.08688736041  5.855299E-17
4726.60668945392  5.408381E-17
4732.12649154744  5.553681E-17
4737.64629364094  5.681624E-17
4743.16609573445  5.794824E-17
4748.68589782796  5.836402E-17
4754.20569992147  6.267876E-17
4759.72550201498  5.454127E-17
4765.24530410849  5.523440E-17
4770.765106202  6.150620E-17
4776.28490829551  5.404151E-17
4781.80471038902  5.129630E-17
4787.32451248253  5.351478E-17
4792.84431457604  5.170859E-17
4798.36411666955  6.117773E-17
4803.88391876306  5.962296E-17
4809.40372085657  6.005989E-17
4814.92352295008  5.600607E-17
4820.44332504359  5.751595E-17
4825.9631271371  5.956165E-17
4831.48292923061  6.121932E-17
4837.00273132413  5.709367E-17
4842.52253341763  5.554307E-17
4848.04233551114  5.881322E-17
4853.56213760465  6.250349E-17
4859.08193969816  6.031448E-17
4864.60174179167  5.649980E-17
4870.12154388518  5.774711E-17
4875.64134597869  5.796444E-17
4881.1611480722  5.759872E-17
4886.68095016571  6.069874E-17
4892.20075225922  6.160807E-17
4897.72055435273  6.127510E-17
4903.24035644624  6.132848E-17
4908.76015853975  5.540908E-17
4914.27996063326  5.659406E-17
4919.79976272677  6.224255E-17
4925.31956482029  6.237420E-17
4930.83936691379  5.875117E-17
4936.3591690073  6.387810E-17
4941.87897110081  5.866998E-17
4947.39877319432  5.619019E-17
4952.91857528783  5.697662E-17
4958.43837738134  5.941943E-17
4963.95817947485  5.720341E-17
4969.47798156837  5.761317E-17
4974.99778366188  6.357389E-17
4980.51758575538  6.310209E-17
4986.03738784889  6.320021E-17
4991.5571899424  5.891279E-17
4997.07699203591  5.529372E-17
5002.59679412942  6.097110E-17
5008.11659622294  6.360902E-17
5013.63639831645  5.894137E-17
5019.15620040995  5.834671E-17
5024.67600250346  6.300107E-17
5030.19580459698  7.076119E-17
5035.71560669048  6.343927E-17
5041.235408784  6.470769E-17
5046.75521087751  6.985518E-17
5052.27501297102  6.732808E-17
5057.79481506452  6.342327E-17
5063.31461715804  6.455235E-17
5068.83441925154  6.745913E-17
5074.35422134506  5.847354E-17
5079.87402343856  5.671308E-17
5085.39382553207  6.521050E-17
5090.91362762559  7.247204E-17
5096.43342971909  6.763844E-17
5101.9532318126  6.543658E-17
5107.47303390611  6.480187E-17
5112.99283599963  7.412662E-17
5118.51263809314  6.554564E-17
5124.03244018665  6.261812E-17
5129.55224228015  6.238153E-17
5135.07204437367  7.011962E-17
5140.59184646717  6.679673E-17
5146.11164856068  6.625082E-17
5151.6314506542  6.803282E-17
5157.15125274771  7.088107E-17
5162.67105484121  6.062841E-17
5168.19085693473  5.764469E-17
5173.71065902824  5.817689E-17
5179.23046112175  6.381665E-17
5184.75026321525  6.716190E-17
5190.27006530876  6.453543E-17
5195.78986740228  6.211474E-17
5201.30966949578  6.429243E-17
5206.82947158929  5.645271E-17
5212.34927368281  6.311145E-17
5217.86907577631  6.922179E-17
5223.38887786983  6.472825E-17
5228.90867996334  6.397623E-17
5234.42848205684  5.876009E-17
5239.94828415036  6.425104E-17
5245.46808624387  6.636937E-17
5250.98788833738  6.748409E-17
5256.50769043088  5.936062E-17
5262.0274925244  6.559309E-17
5267.54729461791  6.648604E-17
5273.06709671142  6.314959E-17
5278.58689880492  6.130961E-17
5284.10670089844  6.341724E-17
5289.62650299195  6.604973E-17
5295.14630508545  6.517389E-17
5300.66610717897  5.917843E-17
5306.18590927247  6.494532E-17
5311.70571136599  6.067437E-17
5317.2255134595  5.921171E-17
5322.74531555301  5.686707E-17
5328.26511764652  6.215571E-17
5333.78491974002  5.996854E-17
5339.30472183353  5.773996E-17
5344.82452392705  5.924889E-17
5350.34432602056  6.291145E-17
5355.86412811407  5.745776E-17
5361.38393020758  6.108244E-17
5366.90373230109  5.700591E-17
5372.4235343946  5.899482E-17
5377.9433364881  6.074398E-17
5383.46313858161  5.847654E-17
5388.98294067513  5.577488E-17
5394.50274276863  6.417173E-17
5400.02254486214  6.587850E-17
5405.54234695565  6.316768E-17
5411.06214904916  5.995400E-17
5416.58195114267  6.025035E-17
5422.10175323619  5.995659E-17
5427.6215553297  5.928900E-17
5433.14135742321  5.648253E-17
5438.66115951672  5.930398E-17
5444.18096161022  6.186351E-17
5449.70076370374  6.207654E-17
5455.22056579724  6.054455E-17
5460.74036789076  6.073012E-17
5466.26016998427  6.594224E-17
5471.77997207778  6.383373E-17
5477.29977417128  5.669405E-17
5482.8195762648  5.747942E-17
5488.33937835831  6.139749E-17
5493.85918045182  5.882195E-17
5499.37898254533  5.858105E-17
5504.89878463884  5.962267E-17
5510.41858673235  5.601023E-17
5515.93838882585  5.970306E-17
5521.45819091937  5.934536E-17
5526.97799301288  5.509013E-17
5532.49779510639  5.717632E-17
5538.0175971999  5.692889E-17
5543.5373992934  5.573348E-17
5549.05720138692  5.690199E-17
5554.57700348043  5.850283E-17
5560.09680557394  5.739937E-17
5565.61660766745  5.474517E-17
5571.13640976096  5.591977E-17
5576.65621185447  7.073237E-17
5582.17601394798  6.583817E-17
5587.69581604149  5.133539E-17
5593.21561813499  5.430739E-17
5598.73542022851  5.409148E-17
5604.25522232202  5.412872E-17
5609.77502441552  5.225666E-17
5615.29482650903  5.431270E-17
5620.81462860255  5.374808E-17
5626.33443069606  5.594359E-17
5631.85423278957  5.145096E-17
5637.37403488308  5.109807E-17
5642.89383697659  4.911246E-17
5648.4136390701  4.807876E-17
5653.9334411636  4.922964E-17
5659.45324325712  5.110395E-17
5664.97304535063  5.261958E-17
5670.49284744414  4.957079E-17
5676.01264953765  5.329641E-17
5681.53245163116  5.531634E-17
5687.05225372467  5.700665E-17
5692.57205581818  5.585478E-17
5698.09185791168  5.388519E-17
5703.6116600052  5.391178E-17
5709.13146209871  5.568648E-17
5714.65126419222  5.370799E-17
5720.17106628573  5.132289E-17
5725.69086837924  5.719615E-17
5731.21067047274  5.637558E-17
5736.73047256626  5.465159E-17
5742.25027465977  5.044072E-17
5747.77007675328  5.520548E-17
5753.28987884678  5.861935E-17
5758.8096809403  5.973888E-17
5764.32948303381  6.045287E-17
5769.84928512731  5.248026E-17
5775.36908722083  5.755882E-17
5780.88888931434  6.238447E-17
5786.40869140785  5.383371E-17
5791.92849350136  5.129705E-17
5797.44829559487  5.837308E-17
5802.96809768838  6.027236E-17
5808.48789978189  5.962851E-17
5814.0077018754  5.380880E-17
5819.52750396891  5.112411E-17
5825.04730606242  5.585793E-17
5830.56710815593  5.450283E-17
5836.08691024944  5.624861E-17
5841.60671234295  5.740997E-17
5847.12651443646  5.996511E-17
5852.64631652997  5.717519E-17
5858.16611862347  5.318251E-17
5863.68592071699  5.714232E-17
5869.2057228105  5.950288E-17
5874.72552490401  5.616574E-17
5880.24532699752  5.523679E-17
5885.76512909103  5.518501E-17
5891.28493118454  5.843575E-17
5896.80473327805  5.663734E-17
5902.32453537156  5.630961E-17
5907.84433746506  5.418920E-17
5913.36413955858  5.777044E-17
5918.88394165209  5.428110E-17
5924.4037437456  5.217998E-17
5929.9235458391  5.881948E-17
5935.44334793262  5.444855E-17
5940.96315002613  5.959924E-17
5946.48295211964  5.611348E-17
5952.00275421315  6.100716E-17
5957.52255630666  5.909698E-17
5963.04235840017  5.471462E-17
5968.56216049368  5.341074E-17
5974.08196258719  5.195546E-17
5979.6017646807  5.717321E-17
5985.12156677421  5.902022E-17
5990.64136886772  5.446595E-17
5996.16117096123  5.610699E-17
6001.68097305474  5.309184E-17
6007.20077514825  5.525324E-17
6012.72057724176  4.929550E-17
6018.24037933527  5.345625E-17
6023.76018142878  5.041139E-17
6029.27998352229  5.449114E-17
6034.7997856158  5.209171E-17
6040.31958770931  5.194007E-17
6045.83938980282  5.874694E-17
6051.35919189633  5.454715E-17
6056.87899398984  5.470909E-17
6062.39879608335  5.630024E-17
6067.91859817685  5.304696E-17
6073.43840027037  5.515623E-17
6078.95820236388  5.042726E-17
6084.47800445739  4.971587E-17
6089.9978065509  5.516776E-17
6095.51760864441  5.272138E-17
6101.03741073792  5.119913E-17
6106.55721283143  5.346804E-17
6112.07701492494  5.578173E-17
6117.59681701845  5.537122E-17
6123.11661911196  5.618118E-17
6128.63642120547  5.265012E-17
6134.15622329898  5.652510E-17
6139.67602539249  5.810209E-17
6145.195827486  5.673242E-17
6150.71562957951  5.329723E-17
6156.23543167302  5.369183E-17
6161.75523376653  5.524912E-17
6167.27503586004  5.046954E-17
6172.79483795354  5.654442E-17
6178.31464004706  6.122401E-17
6183.83444214057  5.844635E-17
6189.35424423408  5.557093E-17
6194.87404632759  5.420837E-17
6200.3938484211  5.444733E-17
6205.91365051461  5.608963E-17
6211.43345260812  5.942777E-17
6216.95325470163  5.416953E-17
6222.47305679514  5.179353E-17
6227.99285888865  5.971280E-17
6233.51266098216  5.679017E-17
6239.03246307567  5.509450E-17
6244.55226516917  5.634079E-17
6250.07206726269  5.633310E-17
6255.5918693562  5.764031E-17
6261.11167144971  5.600264E-17
6266.63147354322  5.456732E-17
6272.15127563673  6.007703E-17
6277.67107773024  5.926179E-17
6283.19087982375  5.569793E-17
6288.71068191726  5.005650E-17
6294.23048401077  5.568888E-17
6299.75028610428  5.868524E-17
6305.27008819779  5.777084E-17
6310.7898902913  4.760410E-17
6316.30969238481  5.874991E-17
6321.82949447832  5.880502E-17
6327.34929657183  5.370964E-17
6332.86909866534  6.188270E-17
6338.38890075885  5.848890E-17
6343.90870285236  5.858338E-17
6349.42850494587  5.656927E-17
6354.94830703938  6.027923E-17
6360.46810913289  5.565644E-17
6365.9879112264  6.109397E-17
6371.50771331991  6.228509E-17
6377.02751541342  5.442509E-17
6382.54731750693  5.488797E-17
6388.06711960044  5.853006E-17
6393.58692169395  6.004551E-17
6399.10672378746  5.615756E-17
6404.62652588097  5.510453E-17
6410.14632797448  6.470110E-17
6415.66613006799  6.221918E-17
6421.1859321615  5.310915E-17
6426.70573425501  5.641357E-17
6432.22553634852  5.865201E-17
6437.74533844203  5.273860E-17
6443.26514053554  5.641715E-17
6448.78494262905  6.112568E-17
6454.30474472256  5.896532E-17
6459.82454681607  5.831781E-17
6465.34434890958  5.825529E-17
6470.86415100309  5.616977E-17
6476.3839530966  5.890529E-17
6481.90375519011  5.892506E-17
6487.42355728362  5.418236E-17
6492.94335937713  5.834723E-17
6498.46316147064  5.629109E-17
6503.98296356415  5.969557E-17
6509.50276565766  5.269393E-17
6515.02256775117  5.502050E-17
6520.54236984468  5.287252E-17
6526.06217193819  5.737754E-17
6531.5819740317  5.228388E-17
6537.10177612521  5.816146E-17
6542.62157821872  5.138819E-17
6548.14138031223  5.811563E-17
6553.66118240574  6.167698E-17
6559.18098449925  5.261157E-17
6564.70078659276  5.204854E-17
6570.22058868627  6.131595E-17
6575.74039077978  5.495241E-17
6581.26019287329  5.695572E-17
6586.7799949668  5.524141E-17
6592.29979706031  5.996292E-17
6597.81959915382  5.163263E-17
6603.33940124733  5.499797E-17
6608.85920334084  4.948843E-17
6614.37900543435  5.647305E-17
6619.89880752786  5.555794E-17
6625.41860962137  5.561133E-17
6630.93841171488  5.605103E-17
6636.45821380839  5.584029E-17
6641.9780159019  5.844270E-17
6647.49781799541  5.809514E-17
6653.01762008892  5.300912E-17
6658.53742218243  5.366974E-17
6664.05722427594  5.989141E-17
6669.57702636945  5.878094E-17
6675.09682846296  4.924849E-17
6680.61663055647  5.190234E-17
6686.13643264998  5.662373E-17
6691.65623474349  4.744647E-17
6697.176036837  4.757359E-17
6702.69583893051  5.403820E-17
6708.21564102402  5.132415E-17
6713.73544311753  5.376070E-17
6719.25524521104  5.202341E-17
6724.77504730455  4.928348E-17
6730.29484939806  5.301181E-17
6735.81465149157  5.753444E-17
6741.33445358508  4.906537E-17
6746.85425567859  4.852705E-17
6752.3740577721  5.209019E-17
6757.89385986561  5.786283E-17
6763.41366195912  4.679492E-17
6768.93346405263  5.208569E-17
6774.45326614614  5.308851E-17
6779.97306823965  5.412334E-17
6785.49287033316  4.831207E-17
6791.01267242667  5.044708E-17
6796.53247452018  5.455664E-17
6802.05227661369  5.160217E-17
6807.5720787072  5.263608E-17
6813.09188080071  4.563484E-17
6818.61168289422  4.898087E-17
6824.13148498773  5.824729E-17
6829.65128708124  5.637141E-17
6835.17108917475  5.155440E-17
6840.69089126826  5.073903E-17
6846.21069336177  4.996738E-17
6851.73049545528  5.301428E-17
6857.25029754879  5.093222E-17
6862.7700996423  4.727334E-17
6868.28990173581  4.630194E-17
6873.80970382932  5.090880E-17
6879.32950592283  5.274784E-17
6884.84930801634  5.087730E-17
6890.36911010985  5.547450E-17
6895.88891220336  5.839780E-17
6901.40871429687  5.344409E-17
6906.92851639038  5.672479E-17
6912.44831848389  6.157751E-17
6917.9681205774  6.043008E-17
6923.48792267091  5.567848E-17
6929.00772476442  5.532650E-17
6934.52752685793  5.745166E-17
6940.04732895144  5.296947E-17
6945.56713104495  4.859685E-17
6951.08693313846  5.818046E-17
6956.60673523197  5.949753E-17
6962.12653732548  5.859031E-17
6967.64633941899  5.715868E-17
6973.1661415125  5.561410E-17
6978.68594360601  5.384931E-17
6984.20574569952  5.435577E-17
6989.72554779303  5.505795E-17
6995.24534988654  5.436530E-17
7000.76515198005  5.160974E-17
7006.28495407356  5.662653E-17
7011.80475616707  5.591636E-17
7017.32455826058  5.126978E-17
7022.84436035409  5.153664E-17
7028.3641624476  5.673557E-17
7033.88396454111  5.859167E-17
7039.40376663462  5.707921E-17
7044.92356872813  5.790700E-17
7050.44337082164  6.193063E-17
7055.96317291515  6.383403E-17
7061.48297500866  6.011000E-17
7067.00277710217  5.996883E-17
7072.52257919568  5.722275E-17
7078.04238128919  5.735393E-17
7083.5621833827  6.206201E-17
7089.08198547621  5.260712E-17
7094.60178756972  5.752800E-17
7100.12158966323  6.170414E-17
7105.64139175674  5.485617E-17
7111.16119385025  6.204103E-17
7116.68099594376  5.511398E-17
7122.20079803727  5.866937E-17
7127.72060013078  6.064767E-17
7133.24040222429  5.960857E-17
7138.7602043178  6.186061E-17
7144.28000641131  7.321614E-17
7149.79980850482  7.646059E-17
7155.31961059833  8.291546E-17
7160.83941269184  9.098798E-17
7166.35921478535  8.192867E-17
7171.87901687886  7.008905E-17
7177.39881897237  6.857153E-17
7182.91862106588  7.146630E-17
7188.43842315939  6.957671E-17
7193.9582252529  6.206589E-17
7199.47802734641  5.804935E-17
7204.99782943992  5.632532E-17
7210.51763153343  5.731722E-17
7216.03743362694  5.993614E-17
7221.55723572045  5.947015E-17
7227.07703781396  5.148587E-17
7232.59683990747  6.004546E-17
7238.11664200098  6.664565E-17
7243.63644409449  5.833830E-17
7249.156246188  5.092434E-17
7254.67604828151  5.072700E-17
7260.19585037502  6.197778E-17
7265.71565246853  6.619240E-17
7271.23545456204  6.260891E-17
7276.75525665555  5.862633E-17
7282.27505874906  5.656089E-17
7287.79486084257  6.027768E-17
7293.31466293608  6.212315E-17
7298.83446502959  5.826298E-17
7304.3542671231  5.745757E-17
7309.87406921661  5.810454E-17
7315.39387131012  5.732558E-17
7320.91367340363  5.356480E-17
7326.43347549714  6.256210E-17
7331.95327759065  6.547960E-17
7337.47307968416  5.978605E-17
7342.99288177767  5.903000E-17
7348.51268387118  5.480465E-17
7354.03248596469  5.815520E-17
7359.5522880582  5.560614E-17
7365.07209015171  5.090536E-17
7370.59189224522  4.489813E-17
7376.11169433873  5.112164E-17
7381.63149643224  5.819016E-17
7387.15129852575  5.439009E-17
7392.67110061926  5.399691E-17
7398.19090271277  6.166119E-17
7403.71070480628  5.400467E-17
7409.23050689979  5.702146E-17
7414.7503089933  5.377798E-17
7420.27011108681  5.493451E-17
7425.78991318032  5.886243E-17
7431.30971527383  5.644512E-17
7436.82951736734  4.839735E-17
7442.34931946085  5.347231E-17
7447.86912155436  6.001438E-17
7453.38892364787  5.608704E-17
7458.90872574138  5.337475E-17
7464.42852783489  4.927447E-17
7469.9483299284  5.408721E-17
7475.46813202191  6.163319E-17
7480.98793411542  5.985330E-17
7486.50773620893  5.368783E-17
7492.02753830244  5.335404E-17
7497.54734039595  5.345389E-17
7503.06714248946  5.091893E-17
7508.58694458297  5.742344E-17
7514.10674667648  5.940229E-17
7519.62654876999  5.589726E-17
7525.1463508635  5.042989E-17
7530.66615295701  4.595827E-17
7536.18595505052  5.339239E-17
7541.70575714403  5.283251E-17
7547.22555923754  5.222267E-17
7552.74536133105  5.292836E-17
7558.26516342456  5.110876E-17
7563.78496551807  4.649109E-17
7569.30476761158  4.885877E-17
7574.82456970509  5.225756E-17
7580.3443717986  5.398473E-17
7585.86417389211  4.576950E-17
7591.38397598562  4.151696E-17
7596.90377807913  3.381102E-17
7602.42358017264  2.486113E-17
7607.94338226615  3.140127E-17
7613.46318435966  4.619199E-17
7618.98298645317  4.305352E-17
7624.50278854668  4.449679E-17
7630.02259064019  4.596665E-17
7635.5423927337  3.982674E-17
7641.06219482721  3.870788E-17
7646.58199692072  3.388750E-17
7652.10179901423  3.545201E-17
7657.62160110774  4.702859E-17
7663.14140320125  4.465952E-17
7668.66120529476  4.597547E-17
7674.18100738827  5.323232E-17
7679.70080948178  5.900539E-17
7685.22061157529  5.889624E-17
7690.7404136688  5.126236E-17
7696.26021576231  4.467066E-17
7701.78001785582  5.201699E-17
7707.29981994933  4.895753E-17
7712.81962204284  4.654546E-17
7718.33942413635  6.358238E-17
7723.85922622986  5.660350E-17
7729.37902832337  4.623038E-17
7734.89883041688  4.685453E-17
7740.41863251039  5.022842E-17
7745.9384346039  5.820345E-17
7751.45823669741  5.212946E-17
7756.97803879092  5.446062E-17
7762.49784088443  4.871073E-17
7768.01764297794  4.321690E-17
7773.53744507145  4.449506E-17
7779.05724716496  4.192839E-17
7784.57704925847  5.447902E-17
7790.09685135198  5.369414E-17
7795.61665344549  4.886235E-17
7801.136455539  5.620502E-17
7806.65625763251  4.184997E-17
7812.17605972602  4.109034E-17
7817.69586181953  5.527381E-17
7823.21566391304  6.117358E-17
7828.73546600655  4.238476E-17
7834.25526810006  4.409122E-17
7839.77507019357  4.251312E-17
7845.29487228708  4.232082E-17
7850.81467438059  4.837422E-17
7856.3344764741  5.022846E-17
7861.85427856761  5.482974E-17
7867.37408066112  5.002843E-17
7872.89388275463  4.435930E-17
7878.41368484814  3.985880E-17
7883.93348694165  4.372960E-17
7889.45328903516  4.905292E-17
7894.97309112867  5.009538E-17
7900.49289322218  4.811922E-17
7906.01269531569  3.921767E-17
7911.5324974092  3.818032E-17
7917.05229950271  4.527668E-17
7922.57210159622  4.472599E-17
7928.09190368973  5.603392E-17
7933.61170578324  5.687082E-17
7939.13150787675  5.135273E-17
7944.65130997026  4.473035E-17
7950.17111206377  4.429483E-17
7955.69091415728  5.156255E-17
7961.21071625079  5.452334E-17
7966.7305183443  5.322309E-17
7972.25032043781  4.893059E-17
7977.77012253132  4.544102E-17
7983.28992462483  5.083816E-17
7988.80972671834  4.565422E-17
7994.32952881185  5.534992E-17
7999.84933090536  5.601561E-17
8005.36913299887  5.204047E-17
8010.88893509238  4.645938E-17
8016.40873718589  4.192351E-17
8021.9285392794  4.190400E-17
8027.44834137291  5.211570E-17
8032.96814346642  5.034196E-17
8038.48794555993  4.849324E-17
8044.00774765344  5.295246E-17
8049.52754974695  5.166187E-17
8055.04735184046  4.323853E-17
8060.56715393397  3.977306E-17
8066.08695602748  4.648717E-17
8071.60675812099  5.598064E-17
8077.1265602145  5.466789E-17
8082.64636230801  4.819480E-17
8088.16616440152  4.391537E-17
8093.68596649503  5.244820E-17
8099.20576858854  5.521382E-17
8104.72557068205  5.237295E-17
8110.24537277556  5.080234E-17
8115.76517486907  4.912628E-17
8121.28497696258  4.558951E-17
8126.80477905609  4.341236E-17
8132.3245811496  5.272066E-17
8137.84438324311  4.936127E-17
8143.36418533662  5.170523E-17
8148.88398743013  5.265074E-17
8154.40378952364  4.583425E-17
8159.92359161715  4.879116E-17
8165.44339371066  5.314553E-17
8170.96319580417  4.825575E-17
8176.48299789768  4.803923E-17
8182.00279999119  5.113624E-17
8187.5226020847  5.828807E-17
8193.04240417821  5.272258E-17
8198.56220627172  4.090681E-17
8204.08200836523  4.418573E-17
8209.60181045874  5.646437E-17
8215.12161255225  5.575125E-17
8220.64141464576  4.992917E-17
8226.16121673927  4.605886E-17
8231.68101883278  4.922453E-17
8237.20082092629  4.333567E-17
8242.7206230198  4.222567E-17
8248.24042511331  4.311243E-17
8253.76022720682  5.617777E-17
8259.28002930033  5.442968E-17
8264.79983139384  4.618516E-17
8270.31963348735  5.008901E-17
8275.83943558086  4.037279E-17
8281.35923767437  5.866806E-17
8286.87903976788  6.096474E-17
8292.39884186139  5.633165E-17
8297.9186439549  4.776599E-17
8303.43844604841  4.893007E-17
8308.95824814192  4.841444E-17
8314.47805023543  4.764042E-17
8319.99785232894  4.471016E-17
8325.51765442245  5.161431E-17
8331.03745651596  5.456622E-17
8336.55725860947  4.902096E-17
8342.07706070298  4.268504E-17
8347.59686279649  4.124069E-17
8353.11666489  4.742947E-17
8358.63646698351  5.067677E-17
8364.15626907702  4.441982E-17
8369.67607117053  5.434780E-17
8375.19587326404  5.718531E-17
8380.71567535755  3.382715E-17
8386.23547745106  4.010099E-17
8391.75527954457  4.807683E-17
8397.27508163808  5.458972E-17
8402.79488373159  4.935937E-17
8408.3146858251  3.682869E-17
8413.83448791861  4.242862E-17
8419.35429001212  4.631226E-17
8424.87409210563  5.008742E-17
8430.39389419914  4.104309E-17
8435.91369629265  5.327461E-17
8441.43349838616  5.923559E-17
8446.95330047967  5.526633E-17
8452.47310257318  4.674436E-17
8457.99290466669  4.884757E-17
8463.5127067602  4.944590E-17
8469.03250885371  4.971864E-17
8474.55231094722  4.822188E-17
8480.07211304073  4.446910E-17
8485.59191513424  4.781769E-17
8491.11171722775  4.445390E-17
8496.63151932126  3.591896E-17
8502.15132141477  3.879882E-17
8507.67112350828  4.251564E-17
8513.19092560179  4.229593E-17
8518.7107276953  3.986487E-17
8524.23052978881  5.119330E-17
8529.75033188232  4.356341E-17
8535.27013397583  4.515421E-17
8540.78993606934  4.484387E-17
8546.30973816285  4.380686E-17
8551.82954025636  5.464071E-17
8557.34934234987  5.130773E-17
8562.86914444338  4.954548E-17
8568.38894653689  4.461190E-17
8573.9087486304  3.743827E-17
8579.42855072391  4.897814E-17
8584.94835281742  4.660074E-17
8590.46815491093  4.183558E-17
8595.98795700444  4.861847E-17
8601.50775909795  5.278475E-17
8607.02756119146  5.654119E-17
8612.54736328497  4.090706E-17
8618.06716537848  3.981427E-17
8623.58696747199  5.475607E-17
8629.1067695655  5.591137E-17
8634.62657165901  5.011874E-17
8640.14637375252  4.015236E-17
8645.66617584603  3.680950E-17
8651.18597793954  4.361846E-17
8656.70578003305  5.339964E-17
8662.22558212656  4.493112E-17
8667.74538422007  5.293172E-17
8673.26518631358  6.564353E-17
8678.78498840709  4.841424E-17
8684.3047905006  3.877105E-17
8689.82459259411  5.045091E-17
8695.34439468762  3.896374E-17
8700.86419678113  4.291761E-17
8706.38399887464  4.657326E-17
8711.90380096815  3.917296E-17
8717.42360306166  4.446239E-17
8722.94340515517  3.910321E-17
8728.46320724868  4.204655E-17
8733.98300934219  4.137112E-17
8739.5028114357  5.188664E-17
8745.02261352921  5.063079E-17
8750.54241562272  5.093843E-17
8756.06221771623  4.954096E-17
8761.58201980974  4.289539E-17
8767.10182190325  2.821592E-17
8772.62162399676  3.487822E-17
8778.14142609027  4.256909E-17
8783.66122818378  5.481524E-17
8789.18103027729  5.113043E-17
8794.7008323708  5.122987E-17
8800.22063446431  5.102261E-17
8805.74043655782  4.755456E-17
8811.26023865133  4.653494E-17
8816.78004074484  3.873602E-17
8822.29984283835  3.690815E-17
8827.81964493186  7.025183E-17
8833.33944702537  7.473429E-17
8838.85924911888  5.523249E-17
8844.37905121239  3.605977E-17
8849.8988533059  4.418710E-17
8855.41865539941  5.364540E-17
8860.93845749292  5.271012E-17
8866.45825958643  5.364404E-17
8871.97806167994  5.439479E-17
8877.49786377345  4.031176E-17
8883.01766586696  4.182951E-17
8888.53746796047  4.469578E-17
8894.05727005398  4.317434E-17
8899.57707214749  5.445035E-17
8905.096874241  6.199529E-17
8910.61667633451  4.212125E-17
8916.13647842802  3.435394E-17
8921.65628052153  5.502693E-17
8927.17608261504  7.115714E-17
8932.69588470855  4.742199E-17
8938.21568680206  4.965045E-17
8943.73548889557  4.953691E-17
8949.25529098908  3.247359E-17
8954.77509308259  5.518723E-17
8960.2948951761  3.950157E-17
8965.81469726961  2.816047E-17
8971.33449936312  4.412530E-17
8976.85430145663  3.753125E-17
8982.37410355014  4.268935E-17
8987.89390564365  4.809368E-17
8993.41370773716  4.880200E-17
8998.93350983067  4.926057E-17
9004.45331192418  4.465611E-17
9009.97311401769  2.917668E-17
9015.4929161112  3.622723E-17
9021.01271820471  4.829231E-17
9026.53252029822  4.909806E-17
9032.05232239173  3.905232E-17
9037.57212448524  4.133415E-17
9043.09192657875  4.867513E-17
9048.61172867226  3.397755E-17
9054.13153076577  3.321049E-17
9059.65133285928  3.403885E-17
9065.17113495279  4.407646E-17
9070.6909370463  3.232975E-17
9076.21073913981  4.815865E-17
9081.73054123332  4.199498E-17
9087.25034332683  4.014028E-17
9092.77014542034  4.682011E-17
9098.28994751385  3.793347E-17
9103.80974960736  5.108230E-17
9109.32955170087  4.826711E-17
9114.84935379438  3.928504E-17
9120.36915588789  3.896883E-17
9125.8889579814  4.961643E-17
9131.40876007491  5.165055E-17
9136.92856216842  3.826759E-17
9142.44836426193  2.565692E-17
9147.96816635544  3.003889E-17
9153.48796844895  4.720387E-17
9159.00777054246  4.785012E-17
9164.52757263597  3.054023E-17
9170.04737472948  3.436749E-17
9175.56717682299  4.301556E-17
9181.0869789165  5.307562E-17
9186.60678101001  3.925585E-17
9192.12658310352  3.084356E-17
9197.64638519703  4.501398E-17
9203.16618729054  4.321328E-17
9208.68598938405  4.908807E-17
9214.20579147756  3.356999E-17
9219.72559357107  3.794317E-17
9225.24539566458  4.089264E-17
9230.76519775809  3.482783E-17
9236.2849998516  3.794438E-17
9241.80480194511  3.976552E-17
9247.32460403862  4.023166E-17
9252.84440613213  3.894002E-17
9258.36420822564  3.238969E-17
9263.88401031915  2.532449E-17
