3651.83325  1.91303e-16
3657.35088  1.79535e-16
3662.86851  1.77521e-16
3668.38614  1.71672e-16
3673.90378  1.67729e-16
3679.42141  1.97421e-16
3684.93904  1.83679e-16
3690.45667  1.79874e-16
3695.97430  1.70002e-16
3701.49193  1.74145e-16
3707.00956  1.78604e-16
3712.52719  1.73713e-16
3718.04482  1.82900e-16
3723.56245  1.70834e-16
3729.08008  1.65175e-16
3734.59771  1.72852e-16
3740.11535  1.68315e-16
3745.63298  1.66097e-16
3751.15061  1.65838e-16
3756.66824  1.74917e-16
3762.18587  1.65854e-16
3767.70350  1.75015e-16
3773.22113  1.73322e-16
3778.73876  1.71546e-16
3784.25639  1.68633e-16
3789.77402  1.62744e-16
3795.29165  1.77902e-16
3800.80929  1.66746e-16
3806.32692  1.75177e-16
3811.84455  1.71859e-16
3817.36218  1.68465e-16
3822.87981  1.76651e-16
3828.39744  1.77128e-16
3833.91507  1.71757e-16
3839.43270  1.68405e-16
3844.95033  1.74278e-16
3850.46796  1.69374e-16
3855.98559  1.59312e-16
3861.50322  1.72515e-16
3867.02086  1.70613e-16
3872.53849  1.70884e-16
3878.05612  1.67927e-16
3883.57375  1.61608e-16
3889.09138  1.58145e-16
3894.60901  1.61942e-16
3900.12664  1.65323e-16
3905.64427  1.58014e-16
3911.16190  1.53607e-16
3916.67953  1.68477e-16
3922.19716  1.63503e-16
3927.71479  1.67648e-16
3933.23243  1.61621e-16
3938.75006  1.60044e-16
3944.26769  1.65369e-16
3949.78532  1.67674e-16
3955.30295  1.59347e-16
3960.82058  1.69675e-16
3966.33821  1.65313e-16
3971.85584  1.61047e-16
3977.37347  1.57245e-16
3982.89110  1.63925e-16
3988.40873  1.58572e-16
3993.92636  1.57058e-16
3999.44400  1.65480e-16
4004.96163  1.64253e-16
4010.47926  1.62681e-16
4015.99689  1.52125e-16
4021.51452  1.61978e-16
4027.03215  1.58004e-16
4032.54978  1.60682e-16
4038.06741  1.59849e-16
4043.58504  1.54681e-16
4049.10267  1.59711e-16
4054.62030  1.65313e-16
4060.13794  1.69151e-16
4065.65557  1.76420e-16
4071.17320  1.91913e-16
4076.69083  1.58502e-16
4082.20846  1.49866e-16
4087.72609  1.47530e-16
4093.24372  1.52801e-16
4098.76135  1.53297e-16
4104.27898  1.53180e-16
4109.79661  1.49401e-16
4115.31424  1.57634e-16
4120.83187  1.54963e-16
4126.34951  1.65744e-16
4131.86714  1.54529e-16
4137.38477  1.55554e-16
4142.90240  1.47115e-16
4148.42003  1.45440e-16
4153.93766  1.54534e-16
4159.45529  1.44427e-16
4164.97292  1.47070e-16
4170.49055  1.55625e-16
4176.00818  1.49010e-16
4181.52581  1.41890e-16
4187.04344  1.43975e-16
4192.56108  1.53027e-16
4198.07871  1.45398e-16
4203.59634  1.56023e-16
4209.11397  1.52727e-16
4214.63160  1.57331e-16
4220.14923  1.56124e-16
4225.66686  1.60262e-16
4231.18449  1.59065e-16
4236.70212  1.53540e-16
4242.21975  1.46123e-16
4247.73738  1.43738e-16
4253.25501  1.43809e-16
4258.77265  1.61384e-16
4264.29028  1.46593e-16
4269.80791  1.44783e-16
4275.32554  1.48126e-16
4280.84317  1.43247e-16
4286.36080  1.29043e-16
4291.87843  1.28216e-16
4297.39606  1.28130e-16
4302.91369  1.38910e-16
4308.43132  1.36444e-16
4313.94895  1.47502e-16
4319.46659  1.42738e-16
4324.98422  1.41161e-16
4330.50185  1.36204e-16
4336.01948  1.33232e-16
4341.53711  1.40758e-16
4347.05474  1.50089e-16
4352.57237  1.52390e-16
4358.09000  1.51789e-16
4363.60763  1.57173e-16
4369.12526  1.49411e-16
4374.64289  1.68939e-16
4380.16052  1.61357e-16
4385.67816  1.65473e-16
4391.19579  1.60261e-16
4396.71342  1.62438e-16
4402.23105  1.55053e-16
4407.74868  1.63133e-16
4413.26631  1.56521e-16
4418.78394  1.54990e-16
4424.30157  1.57135e-16
4429.81920  1.55745e-16
4435.33683  1.59896e-16
4440.85446  1.51691e-16
4446.37209  1.53960e-16
4451.88973  1.44667e-16
4457.40736  1.52365e-16
4462.92499  1.57405e-16
4468.44262  1.56278e-16
4473.96025  1.48063e-16
4479.47788  1.51597e-16
4484.99551  1.47592e-16
4490.51314  1.41630e-16
4496.03077  1.48013e-16
4501.54840  1.50394e-16
4507.06603  1.49147e-16
4512.58367  1.42038e-16
4518.10130  1.45007e-16
4523.61893  1.42226e-16
4529.13656  1.38959e-16
4534.65419  1.41063e-16
4540.17182  1.37690e-16
4545.68945  1.35402e-16
4551.20708  1.38085e-16
4556.72471  1.34092e-16
4562.24234  1.41808e-16
4567.75997  1.44673e-16
4573.27760  1.46101e-16
4578.79524  1.43380e-16
4584.31287  1.46839e-16
4589.83050  1.45148e-16
4595.34813  1.48730e-16
4600.86576  1.46746e-16
4606.38339  1.47917e-16
4611.90102  1.45913e-16
4617.41865  1.41222e-16
4622.93628  1.46384e-16
4628.45391  1.54899e-16
4633.97154  1.56025e-16
4639.48917  1.48167e-16
4645.00681  1.43779e-16
4650.52444  1.49663e-16
4656.04207  1.49733e-16
4661.55970  1.45990e-16
4667.07733  1.40895e-16
4672.59496  1.44429e-16
4678.11259  1.39095e-16
4683.63022  1.39313e-16
4689.14785  1.31581e-16
4694.66548  1.36544e-16
4700.18311  1.29907e-16
4705.70074  1.32034e-16
4711.21838  1.36077e-16
4716.73601  1.35431e-16
4722.25364  1.39727e-16
4727.77127  1.42638e-16
4733.28890  1.45364e-16
4738.80653  1.45773e-16
4744.32416  1.47913e-16
4749.84179  1.38283e-16
4755.35942  1.41241e-16
4760.87705  1.46723e-16
4766.39468  1.47500e-16
4771.91232  1.41547e-16
4777.42995  1.43447e-16
4782.94758  1.36416e-16
4788.46521  1.39615e-16
4793.98284  1.41805e-16
4799.50047  1.42490e-16
4805.01810  1.43996e-16
4810.53573  1.40743e-16
4816.05336  1.39523e-16
4821.57099  1.44218e-16
4827.08862  1.43476e-16
4832.60625  1.45031e-16
4838.12389  1.44386e-16
4843.64152  1.40697e-16
4849.15915  1.40625e-16
4854.67678  1.38880e-16
4860.19441  1.43628e-16
4865.71204  1.37070e-16
4871.22967  1.43769e-16
4876.74730  1.38425e-16
4882.26493  1.41352e-16
4887.78256  1.45932e-16
4893.30019  1.37249e-16
4898.81782  1.45577e-16
4904.33546  1.45855e-16
4909.85309  1.47812e-16
4915.37072  1.48713e-16
4920.88835  1.52264e-16
4926.40598  1.52429e-16
4931.92361  1.41821e-16
4937.44124  1.47666e-16
4942.95887  1.43649e-16
4948.47650  1.41723e-16
4953.99413  1.44147e-16
4959.51176  1.37923e-16
4965.02940  1.36552e-16
4970.54703  1.47464e-16
4976.06466  1.52056e-16
4981.58229  1.48485e-16
4987.09992  1.57840e-16
4992.61755  1.44119e-16
4998.13518  1.46210e-16
5003.65281  1.45347e-16
5009.17044  1.45475e-16
5014.68807  1.54355e-16
5020.20570  1.46405e-16
5025.72333  1.51235e-16
5031.24097  1.46177e-16
5036.75860  1.44843e-16
5042.27623  1.41242e-16
5047.79386  1.43412e-16
5053.31149  1.39546e-16
5058.82912  1.43444e-16
5064.34675  1.32427e-16
5069.86438  1.34331e-16
5075.38201  1.38846e-16
5080.89964  1.34842e-16
5086.41727  1.36228e-16
5091.93490  1.33533e-16
5097.45254  1.31822e-16
5102.97017  1.38513e-16
5108.48780  1.42349e-16
5114.00543  1.42070e-16
5119.52306  1.44335e-16
5125.04069  1.45704e-16
5130.55832  1.46643e-16
5136.07595  1.48206e-16
5141.59358  1.42253e-16
5147.11121  1.54308e-16
5152.62884  1.57803e-16
5158.14647  1.50464e-16
5163.66411  1.48334e-16
5169.18174  1.54499e-16
5174.69937  1.56081e-16
5180.21700  1.51009e-16
5185.73463  1.48813e-16
5191.25226  1.47008e-16
5196.76989  1.53702e-16
5202.28752  1.49200e-16
5207.80515  1.47546e-16
5213.32278  1.51030e-16
5218.84041  1.53241e-16
5224.35805  1.53342e-16
5229.87568  1.47296e-16
5235.39331  1.41463e-16
5240.91094  1.43646e-16
5246.42857  1.46007e-16
5251.94620  1.51445e-16
5257.46383  1.51899e-16
5262.98146  1.46747e-16
5268.49909  1.43862e-16
5274.01672  1.39260e-16
5279.53435  1.40366e-16
5285.05198  1.37494e-16
5290.56962  1.42575e-16
5296.08725  1.41971e-16
5301.60488  1.43095e-16
5307.12251  1.47267e-16
5312.64014  1.40385e-16
5318.15777  1.36339e-16
5323.67540  1.36665e-16
5329.19303  1.39577e-16
5334.71066  1.40241e-16
5340.22829  1.41765e-16
5345.74592  1.41673e-16
5351.26355  1.42614e-16
5356.78119  1.38246e-16
5362.29882  1.35153e-16
5367.81645  1.38187e-16
5373.33408  1.33221e-16
5378.85171  1.40444e-16
5384.36934  1.42047e-16
5389.88697  1.41303e-16
5395.40460  1.39608e-16
5400.92223  1.39143e-16
5406.43986  1.45852e-16
5411.95749  1.41344e-16
5417.47513  1.42485e-16
5422.99276  1.33151e-16
5428.51039  1.30187e-16
5434.02802  1.35020e-16
5439.54565  1.33018e-16
5445.06328  1.38572e-16
5450.58091  1.37245e-16
5456.09854  1.40574e-16
5461.61617  1.42624e-16
5467.13380  1.38296e-16
5472.65143  1.34696e-16
5478.16906  1.27716e-16
5483.68670  1.34046e-16
5489.20433  1.37161e-16
5494.72196  1.36343e-16
5500.23959  1.28548e-16
5505.75722  1.33011e-16
5511.27485  1.32153e-16
5516.79248  1.30115e-16
5522.31011  1.35534e-16
5527.82774  1.30686e-16
5533.34537  1.29621e-16
5538.86300  1.30686e-16
5544.38063  1.31284e-16
5549.89827  1.28682e-16
5555.41590  1.32330e-16
5560.93353  1.28265e-16
5566.45116  1.28241e-16
5571.96879  1.23576e-16
5577.48642  1.28697e-16
5583.00405  1.34120e-16
5588.52168  1.18649e-16
5594.03931  1.23711e-16
5599.55694  1.18897e-16
5605.07457  1.17686e-16
5610.59220  1.20691e-16
5616.10984  1.20652e-16
5621.62747  1.22774e-16
5627.14510  1.18078e-16
5632.66273  1.16903e-16
5638.18036  1.09358e-16
5643.69799  1.06645e-16
5649.21562  1.09235e-16
5654.73325  1.08094e-16
5660.25088  1.17757e-16
5665.76851  1.21268e-16
5671.28614  1.21008e-16
5676.80378  1.16009e-16
5682.32141  1.14994e-16
5687.83904  1.21834e-16
5693.35667  1.18313e-16
5698.87430  1.16234e-16
5704.39193  1.13836e-16
5709.90956  1.15086e-16
5715.42719  1.18158e-16
5720.94482  1.12517e-16
5726.46245  1.17637e-16
5731.98008  1.22890e-16
5737.49771  1.17047e-16
5743.01535  1.17226e-16
5748.53298  1.08381e-16
5754.05061  1.10262e-16
5759.56824  1.17070e-16
5765.08587  1.21120e-16
5770.60350  1.19495e-16
5776.12113  1.16261e-16
5781.63876  1.09625e-16
5787.15639  1.19569e-16
5792.67402  1.21002e-16
5798.19165  1.23532e-16
5803.70928  1.16285e-16
5809.22692  1.10550e-16
5814.74455  1.15731e-16
5820.26218  1.17189e-16
5825.77981  1.19090e-16
5831.29744  1.14935e-16
5836.81507  1.18675e-16
5842.33270  1.21345e-16
5847.85033  1.16741e-16
5853.36796  1.17337e-16
5858.88559  1.24707e-16
5864.40322  1.24345e-16
5869.92086  1.19732e-16
5875.43849  1.12934e-16
5880.95612  1.19685e-16
5886.47375  1.11916e-16
5891.99138  1.13808e-16
5897.50901  1.10703e-16
5903.02664  1.09467e-16
5908.54427  1.15003e-16
5914.06190  1.13406e-16
5919.57953  1.17163e-16
5925.09716  1.12787e-16
5930.61479  1.14254e-16
5936.13243  1.18376e-16
5941.65006  1.15089e-16
5947.16769  1.14061e-16
5952.68532  1.12377e-16
5958.20295  1.13104e-16
5963.72058  1.15304e-16
5969.23821  1.14477e-16
5974.75584  1.14761e-16
5980.27347  1.17771e-16
5985.79110  1.21335e-16
5991.30873  1.17473e-16
5996.82636  1.11580e-16
6002.34400  1.10571e-16
6007.86163  1.09212e-16
6013.37926  1.18720e-16
6018.89689  1.18590e-16
6024.41452  1.11647e-16
6029.93215  1.20554e-16
6035.44978  1.17703e-16
6040.96741  1.13442e-16
6046.48504  1.14768e-16
6052.00267  1.13354e-16
6057.52030  1.18546e-16
6063.03793  1.17351e-16
6068.55557  1.16351e-16
6074.07320  1.16958e-16
6079.59083  1.12527e-16
6085.10846  1.11234e-16
6090.62609  1.07542e-16
6096.14372  1.12408e-16
6101.66135  1.14536e-16
6107.17898  1.06228e-16
6112.69661  1.09961e-16
6118.21424  1.08495e-16
6123.73187  1.12625e-16
6129.24951  1.06700e-16
6134.76714  1.10655e-16
6140.28477  1.11543e-16
6145.80240  1.00458e-16
6151.32003  1.16170e-16
6156.83766  1.14210e-16
6162.35529  1.04243e-16
6167.87292  1.10972e-16
6173.39055  1.08693e-16
6178.90818  1.10332e-16
6184.42581  1.13956e-16
6189.94344  1.12583e-16
6195.46108  1.17510e-16
6200.97871  1.19105e-16
6206.49634  1.11801e-16
6212.01397  1.19207e-16
6217.53160  1.13412e-16
6223.04923  1.10624e-16
6228.56686  1.17718e-16
6234.08449  1.17511e-16
6239.60212  1.14696e-16
6245.11975  1.13796e-16
6250.63738  1.16359e-16
6256.15501  1.15593e-16
6261.67265  1.22048e-16
6267.19028  1.19017e-16
6272.70791  1.08306e-16
6278.22554  1.13281e-16
6283.74317  1.18016e-16
6289.26080  1.17099e-16
6294.77843  1.14915e-16
6300.29606  1.17405e-16
6305.81369  1.17125e-16
6311.33132  1.16221e-16
6316.84895  1.11425e-16
6322.36659  1.16527e-16
6327.88422  1.18264e-16
6333.40185  1.15443e-16
6338.91948  1.21133e-16
6344.43711  1.16040e-16
6349.95474  1.18222e-16
6355.47237  1.21885e-16
6360.99000  1.12934e-16
6366.50763  1.19526e-16
6372.02526  1.13881e-16
6377.54289  1.10693e-16
6383.06052  1.11894e-16
6388.57816  1.15593e-16
6394.09579  1.14897e-16
6399.61342  1.15599e-16
6405.13105  1.10886e-16
6410.64868  1.19654e-16
6416.16631  1.14026e-16
6421.68394  1.11197e-16
6427.20157  1.02327e-16
6432.71920  1.07295e-16
6438.23683  1.05014e-16
6443.75446  1.10445e-16
6449.27209  1.07857e-16
6454.78973  1.11190e-16
6460.30736  1.19442e-16
6465.82499  1.19755e-16
6471.34262  1.10544e-16
6476.86025  1.11444e-16
6482.37788  1.12737e-16
6487.89551  1.13576e-16
6493.41314  1.12935e-16
6498.93077  1.14424e-16
6504.44840  1.15312e-16
6509.96603  1.09623e-16
6515.48366  1.09552e-16
6521.00130  1.10526e-16
6526.51893  1.09955e-16
6532.03656  1.11289e-16
6537.55419  1.14610e-16
6543.07182  1.10894e-16
6548.58945  1.06824e-16
6554.10708  1.09961e-16
6559.62471  1.10610e-16
6565.14234  1.13968e-16
6570.65997  1.15675e-16
6576.17760  1.09497e-16
6581.69524  1.11529e-16
6587.21287  1.15333e-16
6592.73050  1.09012e-16
6598.24813  1.17830e-16
6603.76576  1.10979e-16
6609.28339  1.13240e-16
6614.80102  1.09147e-16
6620.31865  1.10495e-16
6625.83628  1.10873e-16
6631.35391  1.08224e-16
6636.87154  1.12686e-16
6642.38917  1.11492e-16
6647.90681  1.11399e-16
6653.42444  1.07786e-16
6658.94207  1.09641e-16
6664.45970  1.14100e-16
6669.97733  1.14687e-16
6675.49496  1.12713e-16
6681.01259  1.08818e-16
6686.53022  1.10245e-16
6692.04785  1.08587e-16
6697.56548  1.04494e-16
6703.08311  1.10477e-16
6708.60074  1.11665e-16
6714.11838  1.10816e-16
6719.63601  1.00992e-16
6725.15364  9.47571e-17
6730.67127  1.02602e-16
6736.18890  1.04486e-16
6741.70653  1.04451e-16
6747.22416  1.12792e-16
6752.74179  1.09231e-16
6758.25942  1.08945e-16
6763.77705  1.10080e-16
6769.29468  1.05872e-16
6774.81232  1.01856e-16
6780.32995  1.00210e-16
6785.84758  1.00668e-16
6791.36521  1.00308e-16
6796.88284  1.01866e-16
6802.40047  1.02317e-16
6807.91810  1.14847e-16
6813.43573  1.08841e-16
6818.95336  1.08285e-16
6824.47099  1.07680e-16
6829.98862  1.07468e-16
6835.50625  1.06666e-16
6841.02389  1.03108e-16
6846.54152  1.04755e-16
6852.05915  1.05659e-16
6857.57678  1.05222e-16
6863.09441  9.98663e-17
6868.61204  9.44552e-17
6874.12967  9.64299e-17
6879.64730  1.04948e-16
6885.16493  1.09084e-16
6890.68256  1.08942e-16
6896.20019  1.08759e-16
6901.71782  1.13512e-16
6907.23546  1.19981e-16
6912.75309  1.20076e-16
6918.27072  1.14535e-16
6923.78835  1.17040e-16
6929.30598  1.18865e-16
6934.82361  1.20656e-16
6940.34124  1.28977e-16
6945.85887  1.29214e-16
6951.37650  1.18524e-16
6956.89413  1.24692e-16
6962.41176  1.25944e-16
6967.92939  1.21173e-16
6973.44703  1.17561e-16
6978.96466  1.18579e-16
6984.48229  1.19343e-16
6989.99992  1.23370e-16
6995.51755  1.18077e-16
7001.03518  1.18818e-16
7006.55281  1.23001e-16
7012.07044  1.26164e-16
7017.58807  1.23229e-16
7023.10570  1.17568e-16
7028.62333  1.19615e-16
7034.14097  1.24444e-16
7039.65860  1.21205e-16
7045.17623  1.22105e-16
7050.69386  1.23776e-16
7056.21149  1.16203e-16
7061.72912  1.18367e-16
7067.24675  1.26679e-16
7072.76438  1.23518e-16
7078.28201  1.17089e-16
7083.79964  1.14274e-16
7089.31727  1.14379e-16
7094.83490  1.21039e-16
7100.35254  1.16626e-16
7105.87017  1.17337e-16
7111.38780  1.14898e-16
7116.90543  1.19968e-16
7122.42306  1.22235e-16
7127.94069  1.15779e-16
7133.45832  1.20144e-16
7138.97595  1.27705e-16
7144.49358  1.30630e-16
7150.01121  1.41240e-16
7155.52884  1.54157e-16
7161.04647  1.64520e-16
7166.56411  1.57407e-16
7172.08174  1.36661e-16
7177.59937  1.37597e-16
7183.11700  1.49626e-16
7188.63463  1.39875e-16
7194.15226  1.25013e-16
7199.66989  1.21738e-16
7205.18752  1.21054e-16
7210.70515  1.17278e-16
7216.22278  1.16946e-16
7221.74041  1.23137e-16
7227.25805  1.20271e-16
7232.77568  1.14373e-16
7238.29331  1.20733e-16
7243.81094  1.26952e-16
7249.32857  1.16816e-16
7254.84620  1.18903e-16
7260.36383  1.14325e-16
7265.88146  1.16652e-16
7271.39909  1.26271e-16
7276.91672  1.25861e-16
7282.43435  1.22577e-16
7287.95198  1.07043e-16
7293.46962  1.12937e-16
7298.98725  1.16474e-16
7304.50488  1.20381e-16
7310.02251  1.10015e-16
7315.54014  1.12050e-16
7321.05777  1.23405e-16
7326.57540  1.32172e-16
7332.09303  1.31461e-16
7337.61066  1.27797e-16
7343.12829  1.22009e-16
7348.64592  1.18010e-16
7354.16355  1.17697e-16
7359.68119  1.20948e-16
7365.19882  1.13303e-16
7370.71645  1.05125e-16
7376.23408  1.04894e-16
7381.75171  1.05889e-16
7387.26934  1.15974e-16
7392.78697  1.14960e-16
7398.30460  1.19197e-16
7403.82223  1.11318e-16
7409.33986  1.06229e-16
7414.85749  1.13106e-16
7420.37512  1.18089e-16
7425.89276  1.17172e-16
7431.41039  1.11420e-16
7436.92802  1.03260e-16
7442.44565  1.07314e-16
7447.96328  1.10561e-16
7453.48091  1.11072e-16
7458.99854  1.06909e-16
7464.51617  1.07592e-16
7470.03380  1.06855e-16
7475.55143  1.05521e-16
7481.06906  1.05558e-16
7486.58670  1.13445e-16
7492.10433  1.13880e-16
7497.62196  1.03600e-16
7503.13959  1.05348e-16
7508.65722  1.02295e-16
7514.17485  1.06343e-16
7519.69248  1.16021e-16
7525.21011  1.07816e-16
7530.72774  1.07800e-16
7536.24537  9.82216e-17
7541.76300  9.96463e-17
7547.28063  1.08139e-16
7552.79827  1.06360e-16
7558.31590  9.78003e-17
7563.83353  9.90450e-17
7569.35116  9.97129e-17
7574.86879  9.27348e-17
7580.38642  1.12035e-16
7585.90405  1.08314e-16
7591.42168  1.00409e-16
7596.93931  8.98719e-17
7602.45694  6.50614e-17
7607.97457  5.98065e-17
7613.49220  8.63403e-17
7619.00984  1.01601e-16
7624.52747  1.04122e-16
7630.04510  9.48541e-17
7635.56273  8.63600e-17
7641.08036  8.71928e-17
7646.59799  8.90870e-17
7652.11562  1.04449e-16
7657.63325  1.07325e-16
7663.15088  9.56388e-17
7668.66851  9.31382e-17
7674.18614  9.58165e-17
7679.70378  1.02189e-16
7685.22141  9.96001e-17
7690.73904  1.07807e-16
7696.25667  1.07350e-16
7701.77430  9.16152e-17
7707.29193  8.73997e-17
7712.80956  9.50820e-17
7718.32719  1.00012e-16
7723.84482  9.91685e-17
7729.36245  1.00019e-16
7734.88008  9.95279e-17
7740.39771  8.82988e-17
7745.91535  9.06005e-17
7751.43298  1.05239e-16
7756.95061  1.09747e-16
7762.46824  1.02093e-16
7767.98587  9.12428e-17
7773.50350  8.94547e-17
7779.02113  9.77162e-17
7784.53876  9.63549e-17
7790.05639  1.06947e-16
7795.57402  1.05177e-16
7801.09165  9.56351e-17
7806.60928  9.11072e-17
7812.12692  8.34667e-17
7817.64455  9.42544e-17
7823.16218  1.02437e-16
7828.67981  8.80442e-17
7834.19744  8.86045e-17
7839.71507  8.86421e-17
7845.23270  8.71499e-17
7850.75033  9.45389e-17
7856.26796  9.41133e-17
7861.78559  9.75044e-17
7867.30322  9.53141e-17
7872.82085  8.88548e-17
7878.33849  8.48823e-17
7883.85612  8.50745e-17
7889.37375  9.15934e-17
7894.89138  1.03724e-16
7900.40901  9.71459e-17
7905.92664  7.76819e-17
7911.44427  7.76703e-17
7916.96190  8.24987e-17
7922.47953  8.52868e-17
7927.99716  8.67616e-17
7933.51479  1.05120e-16
7939.03243  8.77818e-17
7944.55006  9.08897e-17
7950.06769  8.48950e-17
7955.58532  8.80468e-17
7961.10295  9.50541e-17
7966.62058  1.08577e-16
7972.13821  1.06620e-16
7977.65584  8.02446e-17
7983.17347  7.91063e-17
7988.69110  8.80950e-17
7994.20873  8.94158e-17
7999.72636  8.97538e-17
8005.24400  9.46211e-17
8010.76163  9.84583e-17
8016.27926  8.47760e-17
8021.79689  8.25021e-17
8027.31452  8.93135e-17
8032.83215  9.40898e-17
8038.34978  9.65173e-17
8043.86741  1.01703e-16
8049.38504  9.79117e-17
8054.90267  8.70244e-17
8060.42030  8.97010e-17
8065.93793  9.62985e-17
8071.45557  9.59885e-17
8076.97320  8.51974e-17
8082.49083  9.38354e-17
8088.00846  8.87248e-17
8093.52609  8.23964e-17
8099.04372  9.08467e-17
8104.56135  8.67444e-17
8110.07898  9.82257e-17
8115.59661  8.99592e-17
8121.11424  8.45626e-17
8126.63187  8.72802e-17
8132.14951  6.96399e-17
8137.66714  8.29185e-17
8143.18477  1.02803e-16
8148.70240  1.01127e-16
8154.22003  9.32576e-17
8159.73766  8.00747e-17
8165.25529  8.51935e-17
8170.77292  9.39597e-17
8176.29055  9.27605e-17
8181.80818  9.83399e-17
8187.32581  1.03913e-16
8192.84344  9.21822e-17
8198.36108  8.17842e-17
8203.87871  8.87202e-17
8209.39634  8.78640e-17
8214.91397  9.71947e-17
8220.43160  9.80257e-17
8225.94923  1.01558e-16
8231.46686  9.20036e-17
8236.98449  8.89362e-17
8242.50212  9.35057e-17
8248.01975  8.87862e-17
8253.53738  9.74001e-17
8259.05501  1.04679e-16
8264.57265  9.37611e-17
8270.09028  9.41369e-17
8275.60791  8.63877e-17
8281.12554  8.08487e-17
8286.64317  9.32890e-17
8292.16080  1.02108e-16
8297.67843  1.08362e-16
8303.19606  9.85614e-17
8308.71369  6.68497e-17
8314.23132  4.68172e-17
8319.74895  6.45490e-17
8325.26658  8.60252e-17
8330.78422  9.19701e-17
8336.30185  9.08482e-17
8341.81948  7.51506e-17
8347.33711  7.15205e-17
8352.85474  7.57088e-17
8358.37237  7.31475e-17
8363.89000  8.09974e-17
8369.40763  8.82658e-17
8374.92526  8.70479e-17
8380.44289  6.91921e-17
8385.96052  7.06224e-17
8391.47816  7.35615e-17
8396.99579  8.53810e-17
8402.51342  8.72197e-17
8408.03105  7.96556e-17
8413.54868  9.46312e-17
8419.06631  7.87798e-17
8424.58394  7.00115e-17
8430.10157  8.31448e-17
8435.61920  8.76390e-17
8441.13683  9.05812e-17
8446.65446  7.91040e-17
8452.17209  7.82434e-17
8457.68973  6.92251e-17
8463.20736  7.02799e-17
8468.72499  8.63454e-17
8474.24262  8.95517e-17
8479.76025  8.95017e-17
8485.27788  8.84330e-17
8490.79551  7.86965e-17
8496.31314  7.53882e-17
8501.83077  8.80990e-17
8507.34840  8.26371e-17
8512.86603  7.55820e-17
8518.38366  8.44795e-17
8523.90130  8.27050e-17
8529.41893  7.91629e-17
8534.93656  6.81586e-17
8540.45419  7.04335e-17
8545.97182  7.62634e-17
8551.48945  9.41525e-17
8557.00708  8.67132e-17
8562.52471  7.72767e-17
8568.04234  8.11644e-17
8573.55997  7.36381e-17
8579.07760  7.67393e-17
8584.59524  8.62705e-17
8590.11287  9.25289e-17
8595.63050  9.03739e-17
8601.14813  8.58943e-17
8606.66576  8.03474e-17
8612.18339  8.18181e-17
8617.70102  8.45520e-17
8623.21865  8.12248e-17
8628.73628  8.73874e-17
8634.25391  8.72914e-17
8639.77154  8.83600e-17
8645.28917  8.15693e-17
8650.80681  7.24549e-17
8656.32444  7.64874e-17
8661.84207  8.09904e-17
8667.35970  9.26812e-17
8672.87733  8.42603e-17
8678.39496  8.54734e-17
8683.91259  7.92824e-17
8689.43022  7.31590e-17
8694.94785  8.75570e-17
8700.46548  8.39186e-17
8705.98311  8.57538e-17
8711.50074  8.90183e-17
8717.01838  8.95166e-17
8722.53601  8.65742e-17
8728.05364  7.83649e-17
8733.57127  8.11654e-17
8739.08890  8.04764e-17
8744.60653  8.78273e-17
8750.12416  9.81187e-17
8755.64179  9.06299e-17
8761.15942  9.09290e-17
8766.67705  7.73156e-17
8772.19468  6.18856e-17
8777.71231  7.95878e-17
8783.22995  9.08827e-17
8788.74758  9.99390e-17
8794.26521  9.26756e-17
8799.78284  7.88393e-17
8805.30047  8.22904e-17
8810.81810  8.30360e-17
8816.33573  9.32366e-17
8821.85336  1.04784e-16
8827.37099  1.18124e-16
8832.88862  8.99470e-17
8838.40625  8.01670e-17
8843.92389  8.00139e-17
8849.44152  6.49318e-17
8854.95915  8.26075e-17
8860.47678  8.34521e-17
8865.99441  8.11674e-17
8871.51204  8.55492e-17
8877.02967  6.75044e-17
8882.54730  7.51668e-17
8888.06493  9.51451e-17
8893.58256  7.67402e-17
8899.10019  8.94757e-17
8904.61782  8.68830e-17
8910.13546  7.62454e-17
8915.65309  7.85119e-17
8921.17072  8.89654e-17
8926.68835  8.14729e-17
8932.20598  7.92836e-17
8937.72361  8.36230e-17
8943.24124  7.79678e-17
8948.75887  5.89006e-17
8954.27650  6.42095e-17
8959.79413  8.58883e-17
8965.31176  8.82237e-17
8970.82939  8.49175e-17
8976.34703  8.96373e-17
8981.86466  8.78502e-17
8987.38229  7.43967e-17
8992.89992  9.06318e-17
8998.41755  1.13109e-16
9003.93518  1.02676e-16
9009.45281  9.45661e-17
9014.97044  6.18269e-17
9020.48807  8.12109e-17
9026.00570  8.38937e-17
9031.52333  8.49812e-17
9037.04097  7.94485e-17
9042.55860  7.86635e-17
9048.07623  6.61615e-17
9053.59386  7.57968e-17
9059.11149  7.84668e-17
9064.62912  8.88192e-17
9070.14675  7.82095e-17
9075.66438  7.30581e-17
9081.18201  7.52018e-17
9086.69964  6.50694e-17
9092.21727  7.74403e-17
9097.73490  8.77551e-17
9103.25254  7.83875e-17
9108.77017  6.18113e-17
9114.28780  7.09108e-17
9119.80543  8.42271e-17
9125.32306  9.23827e-17
9130.84069  8.58829e-17
9136.35832  7.58665e-17
9141.87595  7.78041e-17
9147.39358  9.03203e-17
9152.91121  9.42187e-17
9158.42884  9.70013e-17
9163.94647  1.02339e-16
9169.46411  8.61201e-17
9174.98174  7.13624e-17
9180.49937  7.70866e-17
9186.01700  8.51159e-17
9191.53463  8.07318e-17
9197.05226  7.92506e-17
9202.56989  7.54890e-17
9208.08752  6.68564e-17
9213.60515  7.11269e-17
9219.12278  8.35305e-17
9224.64041  7.81200e-17
9230.15804  9.21534e-17
9235.67568  8.51646e-17
9241.19331  8.72198e-17
9246.71094  6.85918e-17
