3650.042 -7.54742e-18 
3655.561 -2.56943e-18 
3661.080 3.36390e-18 
3666.598 -6.23856e-18 
3672.117 2.53549e-18 
3677.636 5.06192e-18 
3683.156 -6.00717e-18 
3688.675 2.15250e-17 
3694.194 -1.11514e-17 
3699.712 -1.94136e-17 
3705.231 -9.47221e-19 
3710.750 7.45548e-19 
3716.270 1.58709e-17 
3721.789 6.16455e-19 
3727.308 -1.29535e-17 
3732.826 -2.41422e-17 
3738.345 3.08617e-17 
3743.865 4.09616e-18 
3749.384 -1.04940e-17 
3754.903 -1.89580e-18 
3760.421 1.43597e-17 
3765.940 1.45850e-17 
3771.459 1.57486e-17 
3776.979 -2.12541e-17 
3782.498 -3.54751e-18 
3788.017 1.08996e-17 
3793.535 -3.15595e-18 
3799.054 1.09142e-17 
3804.573 8.91578e-18 
3810.093 -5.11094e-18 
3815.612 6.04470e-18 
3821.131 -1.09412e-18 
3826.649 9.67347e-18 
3832.168 -3.12476e-20 
3837.687 4.47253e-18 
3843.207 7.51404e-18 
3848.726 9.31693e-18 
3854.245 5.46842e-18 
3859.763 8.99235e-18 
3865.282 1.08898e-18 
3870.802 2.89828e-18 
3876.321 6.95908e-18 
3881.840 1.14665e-17 
3887.358 8.26033e-18 
3892.877 6.31793e-18 
3898.396 9.96714e-18 
3903.916 1.08340e-17 
3909.435 4.89851e-18 
3914.954 3.31555e-18 
3920.472 2.06952e-17 
3925.991 1.20152e-18 
3931.510 4.09650e-18 
3937.030 7.17227e-18 
3942.549 2.48526e-17 
3948.068 1.78135e-17 
3953.586 2.05731e-17 
3959.105 1.73934e-17 
3964.625 1.66955e-17 
3970.144 1.41861e-17 
3975.663 6.77555e-18 
3981.181 1.13645e-17 
3986.700 1.37353e-17 
3992.219 4.01380e-18 
3997.739 2.10608e-18 
4003.258 5.67202e-18 
4008.777 1.93969e-18 
4014.295 1.45210e-17 
4019.814 1.91381e-17 
4025.333 2.63030e-17 
4030.853 1.10427e-17 
4036.372 9.17110e-18 
4041.891 3.93525e-18 
4047.409 -3.19994e-18 
4052.928 -1.21493e-17 
4058.448 8.82631e-18 
4063.967 4.27356e-18 
4069.486 -4.39738e-18 
4075.004 1.76663e-17 
4080.523 1.13800e-17 
4086.042 1.41845e-17 
4091.562 1.16188e-17 
4097.081 1.19479e-17 
4102.600 1.63548e-17 
4108.119 2.30546e-17 
4113.638 1.48642e-17 
4119.157 8.92660e-18 
4124.675 1.73437e-17 
4130.194 5.67888e-18 
4135.713 1.88738e-17 
4141.232 1.32477e-17 
4146.751 1.13764e-17 
4152.271 1.26871e-17 
4157.790 2.08996e-17 
4163.309 3.39098e-18 
4168.828 -8.93504e-18 
4174.347 2.59941e-18 
4179.866 1.07148e-18 
4185.384 5.72635e-18 
4190.903 1.46352e-17 
4196.422 1.01751e-17 
4201.941 5.49479e-18 
4207.460 -2.14153e-18 
4212.979 3.52151e-17 
4218.499 1.13177e-17 
4224.018 -2.55378e-18 
4229.537 5.16767e-18 
4235.056 9.86209e-18 
4240.575 1.29025e-17 
4246.094 1.28328e-17 
4251.612 1.54307e-18 
4257.131 4.63637e-18 
4262.650 1.18069e-18 
4268.169 1.99597e-18 
4273.688 1.95663e-17 
4279.208 -1.02967e-19 
4284.727 4.16596e-18 
4290.246 -5.67542e-18 
4295.765 -8.76558e-18 
4301.284 2.99820e-17 
4306.803 2.32040e-18 
4312.321 2.25033e-18 
4317.840 4.77021e-18 
4323.359 1.29367e-17 
4328.878 1.69203e-17 
4334.397 1.54059e-17 
4339.917 1.68218e-17 
4345.436 -8.56029e-18 
4350.955 6.73737e-18 
4356.474 7.67030e-18 
4361.993 1.88153e-17 
4367.512 5.18622e-18 
4373.030 1.24585e-17 
4378.549 5.48303e-18 
4384.068 1.54332e-17 
4389.587 2.19078e-17 
4395.106 1.59224e-17 
4400.625 -6.07449e-18 
4406.145 1.18142e-17 
4411.664 2.15592e-17 
4417.183 2.03374e-17 
4422.702 9.98510e-18 
4428.221 2.51922e-17 
4433.740 6.75098e-18 
4439.258 1.72565e-17 
4444.777 1.72244e-17 
4450.296 2.63255e-18 
4455.815 -2.71875e-18 
4461.334 2.59563e-18 
4466.854 7.24936e-18 
4472.373 5.50202e-18 
4477.892 -2.75582e-18 
4483.411 6.96616e-18 
4488.930 4.08171e-18 
4494.449 -6.60990e-19 
4499.967 3.85292e-18 
4505.486 -1.50485e-18 
4511.005 5.42532e-18 
4516.524 -8.55711e-18 
4522.043 7.80643e-18 
4527.562 9.82352e-18 
4533.082 5.08752e-18 
4538.601 7.32980e-18 
4544.120 -5.28526e-18 
4549.639 -1.54071e-17 
4555.158 -5.64164e-19 
4560.676 9.26170e-18 
4566.195 7.58524e-18 
4571.714 -2.52641e-18 
4577.233 -8.11591e-18 
4582.752 -2.77108e-18 
4588.271 1.73330e-17 
4593.791 7.33552e-18 
4599.310 5.65277e-18 
4604.829 2.17643e-17 
4610.348 1.78019e-17 
4615.867 5.96330e-18 
4621.386 3.07845e-18 
4626.904 5.28686e-18 
4632.423 4.58218e-18 
4637.942 8.87536e-18 
4643.461 1.12467e-17 
4648.980 5.53736e-18 
4654.500 9.36163e-19 
4660.019 8.65179e-18 
4665.538 9.65958e-18 
4671.057 2.30234e-18 
4676.576 2.91790e-17 
4682.095 2.14206e-17 
4687.613 1.97931e-17 
4693.132 1.63572e-17 
4698.651 1.21471e-17 
4704.170 1.10295e-17 
4709.689 1.56929e-17 
4715.208 1.15231e-17 
4720.728 1.26690e-17 
4726.247 8.42829e-18 
4731.766 8.70756e-18 
4737.285 2.56409e-17 
4742.804 2.40564e-17 
4748.323 2.83794e-18 
4753.841 -1.28230e-17 
4759.360 1.04395e-17 
4764.879 2.58626e-17 
4770.398 2.14760e-18 
4775.917 1.52126e-17 
4781.437 2.63753e-17 
4786.956 1.77557e-17 
4792.475 2.12744e-17 
4797.994 2.32500e-17 
4803.513 1.53675e-17 
4809.032 9.62287e-18 
4814.550 7.80259e-18 
4820.069 4.97670e-18 
4825.588 1.21894e-17 
4831.107 1.21595e-18 
4836.626 9.46092e-18 
4842.146 8.87886e-18 
4847.665 6.63412e-18 
4853.184 2.53239e-18 
4858.703 -2.44947e-18 
4864.222 2.51651e-18 
4869.741 1.29322e-17 
4875.259 3.27730e-18 
4880.778 3.26926e-18 
4886.297 1.32570e-17 
4891.816 1.45156e-17 
4897.335 1.52649e-17 
4902.854 1.96955e-17 
4908.374 1.34568e-17 
4913.893 4.73294e-18 
4919.412 3.51271e-18 
4924.931 1.84309e-17 
4930.450 1.12746e-17 
4935.969 1.71871e-17 
4941.487 2.11526e-17 
4947.006 1.81753e-17 
4952.525 1.32881e-17 
4958.044 2.42564e-18 
4963.563 5.37251e-18 
4969.083 1.07641e-17 
4974.602 3.85769e-18 
4980.121 2.79180e-18 
4985.640 1.77757e-17 
4991.159 1.26046e-17 
4996.678 1.77357e-17 
5002.196 6.80809e-18 
5007.715 4.07854e-18 
5013.234 2.04579e-17 
5018.753 1.97759e-17 
5024.272 1.44012e-17 
5029.792 1.68103e-17 
5035.311 7.67122e-18 
5040.830 6.98682e-18 
5046.349 1.81079e-17 
5051.868 2.14134e-17 
5057.387 1.25722e-17 
5062.906 9.93067e-18 
5068.424 1.17410e-17 
5073.943 1.00537e-17 
5079.462 1.54162e-17 
5084.981 1.12951e-17 
5090.500 9.75222e-18 
5096.020 1.29784e-17 
5101.539 -1.11556e-18 
5107.058 9.98556e-18 
5112.577 1.19430e-17 
5118.096 5.04642e-18 
5123.615 1.98627e-17 
5129.133 1.85437e-17 
5134.652 2.13212e-17 
5140.171 3.17640e-17 
5145.690 2.93277e-17 
5151.209 3.05555e-17 
5156.729 3.07686e-17 
5162.248 2.33021e-17 
5167.767 2.65220e-17 
5173.286 2.00571e-17 
5178.805 1.84680e-17 
5184.324 1.91573e-17 
5189.842 1.53042e-17 
5195.361 2.01196e-17 
5200.880 3.48208e-17 
5206.399 2.05619e-17 
5211.918 1.22093e-17 
5217.437 2.08273e-17 
5222.957 2.72090e-17 
5228.476 2.06768e-17 
5233.995 2.02464e-17 
5239.514 2.73635e-17 
5245.033 2.47130e-17 
5250.552 2.47825e-17 
5256.070 2.50073e-17 
5261.589 1.42607e-17 
5267.108 1.06803e-17 
5272.627 2.28014e-17 
5278.146 2.57893e-17 
5283.666 1.86438e-17 
5289.185 2.19080e-17 
5294.704 1.64428e-17 
5300.223 1.46575e-17 
5305.742 2.59482e-17 
5311.261 3.22768e-17 
5316.779 2.10393e-17 
5322.298 2.99875e-17 
5327.817 2.83538e-17 
5333.336 1.73717e-17 
5338.855 2.06161e-17 
5344.375 1.81665e-17 
5349.894 1.93100e-17 
5355.413 3.18499e-17 
5360.932 9.87962e-18 
5366.451 3.26499e-17 
5371.970 2.52344e-17 
5377.488 2.31424e-17 
5383.007 2.29012e-17 
5388.526 1.07264e-17 
5394.045 2.16656e-17 
5399.564 2.66150e-17 
5405.083 2.01523e-17 
5410.603 8.69643e-18 
5416.122 1.74171e-17 
5421.641 1.93060e-17 
5427.160 4.30900e-17 
5432.679 1.50881e-17 
5438.198 1.96888e-17 
5443.716 2.12294e-17 
5449.235 1.93742e-17 
5454.754 9.84001e-18 
5460.273 2.38527e-17 
5465.792 5.48948e-18 
5471.312 8.63001e-18 
5476.831 1.72192e-17 
5482.350 2.49539e-17 
5487.869 7.35699e-18 
5493.388 2.04823e-17 
5498.907 2.48103e-17 
5504.425 1.36214e-17 
5509.944 2.33506e-17 
5515.463 3.16275e-17 
5520.982 1.70124e-17 
5526.501 1.95467e-17 
5532.021 9.57089e-18 
5537.540 1.06681e-17 
5543.059 1.42880e-17 
5548.578 1.12086e-17 
5554.097 9.66674e-18 
5559.616 4.69438e-19 
5565.134 1.93873e-18 
5570.653 1.02829e-17 
5576.172 2.54014e-17 
5581.691 5.92566e-18 
5587.210 -1.02331e-17 
5592.729 1.76648e-17 
5598.249 9.72763e-18 
5603.768 5.72572e-18 
5609.287 5.57276e-18 
5614.806 1.21305e-17 
5620.325 4.67071e-18 
5625.844 6.04995e-18 
5631.362 4.06082e-18 
5636.881 1.09018e-17 
5642.400 1.64224e-18 
5647.919 4.09487e-18 
5653.438 4.90569e-18 
5658.958 1.76854e-17 
5664.477 6.11362e-18 
5669.996 -1.44939e-17 
5675.515 7.89633e-18 
5681.034 2.84274e-18 
5686.553 1.40416e-18 
5692.071 1.24321e-17 
5697.590 1.52481e-17 
5703.109 8.10071e-18 
5708.628 1.05512e-17 
5714.147 -4.81115e-18 
5719.667 1.18095e-17 
5725.186 -5.17026e-18 
5730.705 5.88729e-18 
5736.224 9.04938e-18 
5741.743 6.73084e-18 
5747.262 6.58213e-18 
5752.781 7.23328e-18 
5758.299 4.36328e-18 
5763.818 2.77117e-18 
5769.337 9.96733e-18 
5774.856 5.10825e-18 
5780.375 6.87746e-18 
5785.895 -1.92565e-18 
5791.414 -5.65458e-18 
5796.933 8.03228e-18 
5802.452 -1.22455e-17 
5807.971 -1.00387e-17 
5813.490 1.34903e-18 
5819.008 -9.10938e-19 
5824.527 -1.03686e-17 
5830.046 1.29029e-18 
5835.565 6.90719e-18 
5841.084 1.68039e-18 
5846.604 -8.93477e-18 
5852.123 4.03294e-19 
5857.642 -6.84762e-18 
5863.161 4.55060e-18 
5868.680 5.87006e-18 
5874.199 -4.81294e-18 
5879.718 -8.80779e-18 
5885.236 7.45860e-18 
5890.755 8.97655e-18 
5896.274 1.07506e-17 
5901.793 -5.44948e-18 
5907.313 2.14467e-18 
5912.832 -3.17963e-18 
5918.351 -1.35538e-17 
5923.870 -4.15251e-18 
5929.389 6.69930e-19 
5934.908 4.10364e-18 
5940.427 -8.99486e-18 
5945.945 -5.27838e-18 
5951.464 -3.34800e-19 
5956.983 -1.31871e-18 
5962.502 -6.24713e-18 
5968.021 -6.26536e-19 
5973.541 4.29007e-18 
5979.060 9.46438e-18 
5984.579 1.69670e-18 
5990.098 -4.38665e-18 
5995.617 -3.01328e-18 
6001.136 7.80829e-19 
6006.654 2.81214e-18 
6012.173 -4.54698e-19 
6017.692 7.57502e-19 
6023.211 -1.47576e-18 
6028.730 1.76654e-18 
6034.250 3.34718e-18 
6039.769 1.71328e-18 
6045.288 2.89392e-18 
6050.807 1.40782e-18 
6056.326 7.76590e-19 
6061.845 4.11503e-18 
6067.364 1.20123e-17 
6072.882 -1.80100e-18 
6078.401 5.15366e-18 
6083.920 8.89660e-18 
6089.439 -2.46518e-18 
6094.958 -4.13067e-18 
6100.478 2.58534e-18 
6105.997 -2.04386e-18 
6111.516 5.83933e-19 
6117.035 1.48283e-18 
6122.554 7.70764e-18 
6128.073 9.10547e-19 
6133.591 -2.90374e-18 
6139.110 -9.43480e-18 
6144.629 -9.49463e-18 
6150.148 -7.30445e-18 
6155.667 -9.45634e-18 
6161.187 -2.82249e-18 
6166.706 7.04298e-18 
6172.225 -4.24561e-18 
6177.744 -9.58458e-19 
6183.263 5.03604e-18 
6188.782 1.01427e-17 
6194.300 1.11600e-17 
6199.819 -4.72289e-18 
6205.338 3.98192e-18 
6210.857 7.90499e-18 
6216.376 7.12341e-18 
6221.896 6.73021e-18 
6227.415 1.85228e-18 
6232.934 1.50552e-18 
6238.453 3.42545e-18 
6243.972 1.11960e-17 
6249.491 1.81712e-17 
6255.010 1.95243e-17 
6260.528 6.27147e-18 
6266.047 1.45863e-18 
6271.566 7.06098e-18 
6277.085 3.73034e-18 
6282.604 1.02315e-17 
6288.124 1.32722e-17 
6293.643 4.00707e-18 
6299.162 7.02456e-18 
6304.681 2.80588e-18 
6310.200 -8.92158e-18 
6315.719 4.12068e-18 
6321.237 8.51476e-18 
6326.756 4.97128e-18 
6332.275 8.73484e-18 
6337.794 7.91283e-18 
6343.313 1.48059e-17 
6348.833 5.82304e-18 
6354.352 1.08570e-17 
6359.871 4.60524e-18 
6365.390 5.98097e-18 
6370.909 6.86145e-18 
6376.428 4.07260e-18 
6381.946 -5.16991e-19 
6387.465 -1.91832e-18 
6392.984 1.00183e-18 
6398.503 4.29375e-18 
6404.022 1.63797e-17 
6409.542 4.44163e-18 
6415.061 4.49458e-18 
6420.580 9.23232e-18 
6426.099 -1.32844e-18 
6431.618 2.49302e-17 
6437.137 1.40102e-17 
6442.656 8.14522e-18 
6448.174 6.54084e-18 
6453.693 1.66369e-17 
6459.212 1.57694e-17 
6464.731 1.38093e-17 
6470.250 8.16061e-18 
6475.770 1.39916e-17 
6481.289 1.18671e-17 
6486.808 1.54740e-18 
6492.327 6.91495e-18 
6497.846 1.05898e-17 
6503.365 1.30709e-17 
6508.883 1.27905e-17 
6514.402 1.22240e-17 
6519.921 1.05922e-17 
6525.440 1.36280e-17 
6530.959 1.30138e-17 
6536.479 4.67177e-18 
6541.998 -2.65820e-18 
6547.517 2.90448e-18 
6553.036 4.73493e-18 
6558.555 8.60774e-18 
6564.074 7.39431e-18 
6569.593 1.09761e-17 
6575.111 7.68877e-18 
6580.630 1.04795e-17 
6586.149 8.46293e-18 
6591.668 9.69429e-18 
6597.187 1.83791e-17 
6602.707 9.86445e-18 
6608.226 8.09476e-18 
6613.745 9.07877e-19 
6619.264 -5.54420e-19 
6624.783 1.61411e-17 
6630.302 1.69357e-17 
6635.820 6.83360e-18 
6641.339 1.02603e-17 
6646.858 1.35779e-17 
6652.377 7.14108e-19 
6657.896 1.45685e-17 
6663.416 6.32845e-18 
6668.935 -3.36594e-18 
6674.454 9.67069e-18 
6679.973 7.01455e-18 
6685.492 1.97744e-18 
6691.011 -2.75552e-18 
6696.529 5.60063e-18 
6702.048 9.96865e-18 
6707.567 3.64759e-18 
6713.086 9.89679e-18 
6718.605 8.56323e-18 
6724.125 2.62812e-18 
6729.644 5.78467e-18 
6735.163 7.25967e-18 
6740.682 8.69834e-18 
6746.201 1.09483e-17 
6751.720 1.32144e-17 
6757.239 1.07127e-17 
6762.757 1.55623e-17 
6768.276 3.80028e-18 
6773.795 1.10727e-17 
6779.314 8.03732e-19 
6784.833 5.94608e-18 
6790.353 1.65312e-18 
6795.872 1.51884e-18 
6801.391 7.85557e-19 
6806.910 5.32217e-18 
6812.429 3.72187e-18 
6817.948 1.42025e-17 
6823.466 3.05364e-17 
6828.985 2.98297e-17 
6834.504 2.72752e-17 
6840.023 2.28771e-17 
6845.542 3.06969e-17 
6851.062 2.70773e-17 
6856.581 2.21114e-17 
6862.100 9.92311e-18 
6867.619 7.39963e-18 
6873.138 2.45578e-18 
6878.657 -6.20804e-18 
6884.176 5.27667e-18 
6889.694 1.13551e-17 
6895.213 8.45509e-18 
6900.732 1.77927e-17 
6906.251 9.57297e-18 
6911.771 6.46198e-18 
6917.290 2.02315e-17 
6922.809 2.54656e-17 
6928.328 3.02614e-17 
6933.847 1.29430e-17 
6939.366 3.24700e-17 
6944.885 3.04778e-17 
6950.403 3.54190e-17 
6955.922 2.36139e-17 
6961.441 1.90967e-17 
6966.960 2.97150e-17 
6972.479 2.20047e-17 
6977.999 3.09631e-17 
6983.518 2.47794e-17 
6989.037 2.31793e-17 
6994.556 2.20391e-17 
7000.075 2.41389e-17 
7005.594 3.24201e-17 
7011.112 2.82871e-17 
7016.631 1.56841e-17 
7022.150 1.67988e-17 
7027.669 2.99205e-17 
7033.188 2.10395e-17 
7038.708 2.02525e-17 
7044.227 2.41736e-17 
7049.746 2.47878e-17 
7055.265 2.75997e-17 
7060.784 2.33316e-17 
7066.303 1.08739e-17 
7071.822 1.19580e-17 
7077.340 1.81434e-17 
7082.859 3.01461e-17 
7088.378 2.67303e-17 
7093.897 3.23350e-17 
7099.417 2.08550e-17 
7104.936 2.09808e-17 
7110.455 2.37984e-17 
7115.974 1.26770e-17 
7121.493 2.27822e-17 
7127.012 2.41815e-17 
7132.531 2.91181e-17 
7138.049 3.37456e-17 
7143.568 4.62562e-17 
7149.087 4.35920e-17 
7154.606 3.79543e-17 
7160.125 3.49172e-17 
7165.645 1.68064e-17 
7171.164 2.61534e-17 
7176.683 2.41881e-17 
7182.202 2.16798e-17 
7187.721 2.06855e-17 
7193.240 2.97642e-17 
7198.758 2.71774e-17 
7204.277 2.88768e-17 
7209.796 3.61294e-17 
7215.315 2.58965e-17 
7220.834 2.41408e-17 
7226.354 2.15766e-17 
7231.873 2.59498e-17 
7237.392 2.96176e-17 
7242.911 2.84595e-17 
7248.430 3.25861e-17 
7253.949 3.08790e-17 
7259.468 1.86344e-17 
7264.986 2.02605e-17 
7270.505 1.62350e-17 
7276.024 1.83242e-17 
7281.543 8.75298e-18 
7287.062 1.66737e-17 
7292.582 6.42004e-18 
7298.101 1.55222e-17 
7303.620 2.55316e-18 
7309.139 -3.03250e-18 
7314.658 2.43337e-17 
7320.177 1.27696e-17 
7325.695 1.04689e-17 
7331.214 1.34368e-17 
7336.733 1.17996e-17 
7342.252 6.16068e-18 
7347.771 1.35306e-17 
7353.291 1.52848e-17 
7358.810 5.45353e-18 
7364.329 1.20887e-17 
7369.848 7.72860e-18 
7375.367 8.69405e-18 
7380.886 1.89271e-17 
7386.404 1.31681e-17 
7391.923 1.12364e-17 
7397.442 4.07027e-18 
7402.961 -3.55708e-19 
7408.480 6.19767e-18 
7414.000 -2.22419e-18 
7419.519 8.49291e-18 
7425.038 1.18808e-18 
7430.557 -3.31128e-18 
7436.076 9.30773e-18 
7441.595 4.19871e-18 
7447.114 9.88556e-18 
7452.632 7.57408e-18 
7458.151 -1.64301e-18 
7463.670 6.94587e-18 
7469.189 1.64082e-17 
7474.708 1.15447e-17 
7480.228 1.03183e-17 
7485.747 1.22129e-17 
7491.266 8.78828e-18 
7496.785 2.07192e-19 
7502.304 1.75439e-18 
7507.823 9.81509e-18 
7513.341 9.36392e-19 
7518.860 1.05378e-17 
7524.379 1.43714e-17 
7529.898 1.00678e-17 
7535.417 1.06578e-17 
7540.937 1.72785e-17 
7546.456 1.47338e-17 
7551.975 6.86193e-17 
7557.494 1.38948e-16 
7563.013 2.59381e-16 
7568.532 2.36098e-16 
7574.051 1.67624e-16 
7579.569 1.36789e-16 
7585.088 1.04637e-16 
7590.607 9.26934e-17 
7596.126 2.90451e-17 
7601.646 -1.02033e-17 
7607.165 -1.25213e-17 
7612.684 -1.92557e-17 
7618.203 -2.46885e-17 
7623.722 -3.22744e-17 
7629.241 -3.18033e-17 
7634.760 -2.86895e-17 
7640.278 -3.11019e-17 
7645.797 -2.48844e-17 
7651.316 -7.43425e-18 
7656.835 -1.22731e-17 
7662.354 -1.78868e-17 
7667.874 -7.47668e-18 
7673.393 -4.33089e-18 
7678.912 -4.38814e-18 
7684.431 -1.65728e-17 
7689.950 6.16839e-19 
7695.469 -5.37603e-18 
7700.987 -5.72874e-18 
7706.506 2.25401e-18 
7712.025 7.61093e-18 
7717.544 -2.53878e-19 
7723.063 1.66078e-19 
7728.583 3.18114e-19 
7734.102 1.13078e-17 
7739.621 2.42982e-17 
7745.140 1.07016e-18 
7750.659 -4.46321e-18 
7756.178 -2.17369e-18 
7761.697 5.65981e-18 
7767.215 -2.35617e-19 
7772.734 2.73265e-18 
7778.253 -3.86393e-19 
7783.772 -6.37765e-18 
7789.292 8.25179e-18 
7794.811 2.22222e-18 
7800.330 5.35441e-19 
7805.849 -7.86142e-19 
7811.368 -4.00326e-19 
7816.887 5.72579e-18 
7822.406 -4.47040e-18 
7827.924 -2.34218e-18 
7833.443 -7.06656e-18 
7838.962 -9.63823e-18 
7844.481 -2.49680e-18 
7850.000 1.07685e-17 
7855.520 1.01179e-17 
7861.039 1.25668e-18 
7866.558 1.99956e-18 
7872.077 2.73775e-18 
7877.596 -1.14458e-17 
7883.115 5.33870e-18 
7888.633 1.15081e-17 
7894.152 9.63083e-18 
7899.671 1.19883e-18 
7905.190 5.01675e-18 
7910.709 1.43246e-17 
7916.229 1.18335e-17 
7921.748 4.67100e-18 
7927.267 -9.08606e-18 
7932.786 8.44191e-18 
7938.305 9.68822e-18 
7943.824 1.78507e-18 
7949.343 -5.63356e-19 
7954.861 6.76197e-18 
7960.380 -9.97772e-19 
7965.899 -8.86017e-18 
7971.418 3.20528e-18 
7976.938 -1.15512e-17 
7982.457 7.81520e-21 
7987.976 -3.76679e-18 
7993.495 1.07624e-18 
7999.014 -2.73457e-18 
8004.533 -4.85933e-18 
8010.052 -3.58864e-18 
8015.570 -3.05769e-18 
8021.089 4.45642e-18 
8026.608 -6.69189e-20 
8032.127 5.88541e-18 
8037.646 7.08420e-18 
8043.166 -2.36245e-18 
8048.685 -4.87084e-18 
8054.204 6.46141e-19 
8059.723 8.60398e-18 
8065.242 7.94440e-18 
8070.761 4.15529e-18 
8076.280 -5.11766e-18 
8081.798 -9.06564e-18 
8087.317 -4.62534e-18 
8092.836 1.77184e-18 
8098.355 -1.95461e-18 
8103.875 -2.87057e-18 
8109.394 -1.72476e-18 
8114.913 1.45796e-17 
8120.432 2.39957e-17 
8125.951 5.54376e-18 
8131.470 2.30631e-18 
8136.989 1.65926e-17 
8142.507 -5.86766e-18 
8148.026 -3.77156e-18 
8153.545 5.96344e-18 
8159.064 4.81392e-18 
8164.583 -1.91520e-18 
8170.103 1.44988e-18 
8175.622 -7.40435e-18 
8181.141 -3.55639e-18 
8186.660 5.07087e-18 
8192.179 -4.97347e-18 
8197.697 1.98381e-19 
8203.217 -5.09848e-19 
8208.735 -6.20929e-18 
8214.255 -6.34012e-18 
8219.773 9.26853e-19 
8225.293 4.39640e-19 
8230.812 1.58362e-18 
8236.330 7.81692e-18 
8241.850 -7.84767e-18 
8247.368 -3.24155e-19 
8252.888 4.88208e-18 
8258.406 -1.49270e-17 
8263.926 1.04091e-17 
8269.444 1.34763e-17 
8274.964 -1.21948e-17 
8280.482 -1.86425e-17 
8286.002 -1.51134e-17 
8291.521 -2.58379e-17 
8297.039 -8.24429e-18 
8302.559 -5.22069e-18 
8308.077 8.04731e-19 
8313.597 -9.00552e-18 
8319.115 -1.46711e-17 
8324.635 -2.31034e-18 
8330.153 -5.65421e-18 
8335.673 3.05415e-18 
8341.191 3.96863e-18 
8346.711 4.04327e-18 
8352.229 -3.17998e-19 
8357.749 -1.26281e-17 
8363.268 9.35863e-18 
8368.786 -1.07178e-17 
8374.306 -2.06035e-17 
8379.824 -1.41677e-18 
8385.344 -2.97894e-19 
8390.862 -1.67284e-17 
8396.382 -1.68015e-17 
8401.900 3.16784e-19 
8407.420 -2.25136e-18 
8412.938 2.40502e-18 
8418.458 -2.04883e-18 
8423.977 -1.37374e-17 
8429.495 1.47867e-17 
8435.015 1.95176e-17 
8440.533 1.08236e-17 
8446.053 -1.24383e-18 
8451.571 -1.50035e-17 
8457.091 5.75029e-18 
8462.609 1.40602e-17 
8468.129 8.26163e-18 
8473.647 3.01767e-18 
8479.167 2.04799e-18 
8484.686 3.27234e-18 
8490.204 1.61486e-18 
8495.724 -2.72715e-18 
8501.242 -9.97481e-18 
8506.762 -7.99300e-18 
8512.280 -7.88904e-18 
8517.800 -1.07001e-19 
8523.318 -7.60871e-18 
8528.838 -2.45474e-18 
8534.356 -7.70222e-18 
8539.876 -9.41172e-18 
8545.395 -8.07917e-18 
8550.913 2.86445e-18 
8556.433 -4.10064e-18 
8561.951 -1.25143e-17 
8567.471 -4.22713e-18 
8572.989 2.46338e-18 
8578.509 -4.74373e-18 
8584.027 -3.28748e-18 
8589.547 -6.24924e-18 
8595.065 -1.33115e-17 
8600.585 -1.60804e-17 
8606.104 -2.04292e-17 
8611.622 -1.96755e-17 
8617.142 5.44417e-18 
8622.660 3.50346e-18 
8628.180 -1.43939e-17 
8633.698 -1.70008e-17 
8639.218 -1.64668e-17 
8644.736 -8.95663e-18 
8650.256 -4.82711e-18 
8655.774 -5.15733e-18 
8661.294 6.91766e-18 
8666.813 -5.57971e-19 
8672.332 -6.30043e-18 
8677.851 -6.39149e-18 
8683.369 4.48519e-19 
8688.889 7.75084e-18 
8694.407 9.47334e-18 
8699.927 -5.91661e-19 
8705.445 1.53129e-17 
8710.965 4.09100e-18 
8716.483 4.12486e-18 
8722.003 5.97353e-18 
8727.521 -1.69442e-18 
8733.041 -1.37207e-18 
8738.560 4.88357e-18 
8744.078 -4.57297e-19 
8749.598 2.68102e-17 
8755.116 1.28757e-18 
8760.636 1.37256e-17 
8766.154 3.02176e-17 
8771.674 1.74850e-17 
8777.192 -4.08691e-18 
8782.712 -1.15211e-17 
8788.230 -8.84916e-18 
8793.750 -8.42462e-18 
8799.269 -6.84920e-18 
8804.787 -1.48711e-17 
8810.307 -1.45974e-17 
8815.825 -2.30918e-17 
8821.345 -3.70854e-17 
8826.863 -2.38278e-17 
8832.383 9.87008e-18 
8837.901 9.75973e-18 
8843.421 1.18441e-17 
8848.939 -8.48702e-18 
8854.459 2.70808e-18 
8859.978 1.35816e-18 
8865.496 8.10215e-18 
8871.016 2.56441e-17 
8876.534 8.71869e-18 
8882.054 1.32876e-17 
8887.572 1.72798e-17 
8893.092 -2.11731e-17 
8898.610 5.24789e-18 
8904.130 1.70968e-18 
8909.648 2.72351e-17 
8915.168 1.34811e-17 
8920.687 1.27251e-17 
8926.205 3.42298e-17 
8931.725 2.62871e-17 
8937.243 3.07189e-17 
8942.763 3.52250e-17 
8948.281 2.23482e-17 
8953.801 2.46402e-17 
8959.319 2.76027e-17 
8964.839 1.95151e-17 
8970.357 1.97769e-17 
8975.877 2.69474e-19 
8981.396 7.07609e-18 
8986.915 4.75210e-18 
8992.434 -1.06106e-18 
8997.952 1.34573e-17 
9003.472 -4.24171e-18 
9008.990 -1.00347e-17 
9014.510 -2.59917e-18 
9020.028 7.89359e-19 
9025.548 1.28671e-17 
9031.066 4.12567e-17 
9036.586 2.86742e-17 
9042.104 -6.04894e-18 
9047.624 1.42146e-17 
9053.143 3.02774e-17 
9058.661 -5.31971e-19 
9064.181 5.46618e-18 
9069.699 -2.94147e-18 
9075.219 7.80213e-20 
9080.737 6.94482e-18 
9086.257 2.92127e-18 
9091.775 5.46332e-18 
9097.295 2.85082e-17 
9102.813 3.63571e-17 
9108.333 3.18498e-18 
9113.852 -2.03707e-17 
9119.370 9.27502e-18 
9124.890 7.42735e-18 
9130.408 1.58844e-17 
9135.928 2.41957e-17 
9141.446 3.22734e-17 
9146.966 6.27753e-18 
9152.484 5.17799e-18 
9158.004 1.77512e-17 
9163.522 4.23551e-18 
9169.042 -8.73482e-18 
9174.561 -4.27031e-18 
9180.079 -9.07941e-18 
9185.599 9.02702e-19 
9191.117 1.01989e-17 
9196.637 -4.04477e-18 
9202.155 9.52090e-18 
