3651.83325195  1.347173E-16
3657.35088300392  1.314403E-16
3662.86851405784  1.294458E-16
3668.38614511176  1.195928E-16
3673.90377616568  1.227345E-16
3679.4214072196  1.384275E-16
3684.93903827352  1.228287E-16
3690.45666932744  1.322956E-16
3695.97430038136  1.222468E-16
3701.49193143528  1.252549E-16
3707.0095624892  1.284149E-16
3712.52719354312  1.233430E-16
3718.04482459704  1.267719E-16
3723.56245565096  1.201862E-16
3729.08008670488  1.125307E-16
3734.5977177588  1.221203E-16
3740.11534881272  1.217940E-16
3745.63297986664  1.197175E-16
3751.15061092056  1.117257E-16
3756.66824197448  1.170385E-16
3762.1858730284  1.207724E-16
3767.70350408232  1.250742E-16
3773.22113513624  1.227936E-16
3778.73876619016  1.167076E-16
3784.25639724408  1.250800E-16
3789.774028298  1.196160E-16
3795.29165935192  1.301334E-16
3800.80929040584  1.169581E-16
3806.32692145976  1.137780E-16
3811.84455251368  1.210826E-16
3817.3621835676  1.187840E-16
3822.87981462152  1.196231E-16
3828.39744567544  1.205692E-16
3833.91507672936  1.201884E-16
3839.43270778328  1.161369E-16
3844.9503388372  1.206146E-16
3850.46796989112  1.127169E-16
3855.98560094504  1.141647E-16
3861.50323199896  1.207217E-16
3867.02086305288  1.274069E-16
3872.5384941068  1.192789E-16
3878.05612516072  1.184956E-16
3883.57375621464  1.177934E-16
3889.09138726856  1.109171E-16
3894.60901832248  1.120355E-16
3900.1266493764  1.168636E-16
3905.64428043032  1.108804E-16
3911.16191148424  1.014259E-16
3916.67954253816  1.155876E-16
3922.19717359208  1.162790E-16
3927.714804646  1.134530E-16
3933.23243569992  1.167665E-16
3938.75006675384  1.155047E-16
3944.26769780776  1.097616E-16
3949.78532886168  1.196847E-16
3955.3029599156  1.129183E-16
3960.82059096952  1.221187E-16
3966.33822202344  1.145892E-16
3971.85585307736  1.111707E-16
3977.37348413128  1.126512E-16
3982.8911151852  1.156631E-16
3988.40874623912  1.094746E-16
3993.92637729304  1.109996E-16
3999.44400834696  1.102846E-16
4004.96163940088  1.132153E-16
4010.4792704548  1.124074E-16
4015.99690150872  1.056130E-16
4021.51453256264  1.108877E-16
4027.03216361656  1.072388E-16
4032.54979467048  1.159052E-16
4038.0674257244  1.145521E-16
4043.58505677832  1.029275E-16
4049.10268783224  1.086449E-16
4054.62031888616  1.125949E-16
4060.13794994008  1.200482E-16
4065.655580994  1.210864E-16
4071.17321204792  1.346875E-16
4076.69084310184  1.018924E-16
4082.20847415576  1.020654E-16
4087.72610520968  1.001342E-16
4093.2437362636  1.064476E-16
4098.76136731752  1.046171E-16
4104.27899837144  1.067936E-16
4109.79662942536  1.043776E-16
4115.31426047928  1.067309E-16
4120.8318915332  1.029228E-16
4126.34952258712  1.104868E-16
4131.86715364104  1.064755E-16
4137.38478469496  1.085539E-16
4142.90241574888  1.027154E-16
4148.4200468028  1.016743E-16
4153.93767785672  1.065035E-16
4159.45530891064  9.372709E-17
4164.97293996456  9.786281E-17
4170.49057101848  1.088228E-16
4176.0082020724  1.032946E-16
4181.52583312632  9.671938E-17
4187.04346418024  1.004002E-16
4192.56109523416  1.065139E-16
4198.07872628808  9.566044E-17
4203.596357342  1.062743E-16
4209.11398839592  1.036014E-16
4214.63161944984  1.045157E-16
4220.14925050376  1.072545E-16
4225.66688155768  1.103199E-16
4231.1845126116  1.137017E-16
4236.70214366552  1.040549E-16
4242.21977471944  1.002762E-16
4247.73740577336  9.883192E-17
4253.25503682728  9.835084E-17
4258.77266788121  1.168247E-16
4264.29029893512  1.013322E-16
4269.80792998904  1.012809E-16
4275.32556104296  1.046329E-16
4280.84319209688  9.916479E-17
4286.3608231508  9.252975E-17
4291.87845420472  8.670029E-17
4297.39608525864  8.564755E-17
4302.91371631256  9.374374E-17
4308.43134736648  9.379725E-17
4313.9489784204  1.003045E-16
4319.46660947432  9.943187E-17
4324.98424052824  1.004243E-16
4330.50187158216  9.301367E-17
4336.01950263608  9.223622E-17
4341.53713369  9.751959E-17
4347.05476474392  1.009666E-16
4352.57239579784  1.039937E-16
4358.09002685176  1.045107E-16
4363.60765790568  1.097561E-16
4369.1252889596  1.027757E-16
4374.64292001352  1.159182E-16
4380.16055106744  1.082187E-16
4385.67818212136  1.130347E-16
4391.19581317528  1.067401E-16
4396.7134442292  1.165700E-16
4402.23107528312  1.117118E-16
4407.74870633704  1.112986E-16
4413.26633739096  1.048298E-16
4418.78396844488  1.011854E-16
4424.3015994988  1.035345E-16
4429.81923055272  1.049192E-16
4435.33686160664  1.084817E-16
4440.85449266056  1.027785E-16
4446.37212371448  1.016201E-16
4451.8897547684  9.738199E-17
4457.40738582232  1.047313E-16
4462.92501687624  1.056670E-16
4468.44264793016  1.054224E-16
4473.96027898408  9.873086E-17
4479.477910038  1.021208E-16
4484.99554109192  1.019970E-16
4490.51317214584  9.664392E-17
4496.03080319976  1.024549E-16
4501.54843425368  1.031795E-16
4507.0660653076  1.000038E-16
4512.58369636152  9.738051E-17
4518.10132741544  1.004780E-16
4523.61895846936  9.581981E-17
4529.13658952328  9.765208E-17
4534.6542205772  9.625520E-17
4540.17185163112  9.476297E-17
4545.68948268504  8.926573E-17
4551.20711373896  9.621624E-17
4556.72474479288  9.487589E-17
4562.2423758468  9.873570E-17
4567.76000690072  9.648552E-17
4573.27763795465  1.037986E-16
4578.79526900856  9.871980E-17
4584.31290006248  1.015848E-16
4589.8305311164  1.015988E-16
4595.34816217032  9.939299E-17
4600.86579322424  1.018538E-16
4606.38342427816  1.010442E-16
4611.90105533208  1.001450E-16
4617.418686386  9.497902E-17
4622.93631743992  1.000985E-16
4628.45394849384  1.061147E-16
4633.97157954776  1.028634E-16
4639.48921060168  9.974381E-17
4645.0068416556  9.695462E-17
4650.52447270952  9.880453E-17
4656.04210376344  1.011234E-16
4661.55973481736  9.926635E-17
4667.07736587128  9.392449E-17
4672.5949969252  9.398948E-17
4678.11262797912  9.580241E-17
4683.63025903305  9.471602E-17
4689.14789008696  8.613260E-17
4694.66552114088  9.283177E-17
4700.1831521948  9.164282E-17
4705.70078324873  8.877561E-17
4711.21841430264  9.122662E-17
4716.73604535656  9.231097E-17
4722.25367641048  9.152873E-17
4727.7713074644  9.307549E-17
4733.28893851832  9.369155E-17
4738.80656957225  8.910500E-17
4744.32420062616  9.614877E-17
4749.84183168009  9.396463E-17
4755.359462734  9.534178E-17
4760.87709378792  9.786550E-17
4766.39472484184  1.010723E-16
4771.91235589576  9.687336E-17
4777.42998694968  9.610560E-17
4782.9476180036  9.531056E-17
4788.46524905753  9.372638E-17
4793.98288011145  9.689097E-17
4799.50051116536  9.455582E-17
4805.01814221928  9.743939E-17
4810.5357732732  9.142559E-17
4816.05340432713  9.610416E-17
4821.57103538105  9.668957E-17
4827.08866643497  9.235630E-17
4832.60629748888  9.946163E-17
4838.1239285428  9.258917E-17
4843.64155959672  9.574203E-17
4849.15919065065  9.678792E-17
4854.67682170456  9.103598E-17
4860.19445275849  9.349253E-17
4865.7120838124  9.239809E-17
4871.22971486632  9.567724E-17
4876.74734592025  9.143708E-17
4882.26497697417  9.588745E-17
4887.78260802808  9.937383E-17
4893.300239082  9.199639E-17
4898.81787013592  9.469413E-17
4904.33550118985  9.785762E-17
4909.85313224376  1.008445E-16
4915.37076329769  9.767792E-17
4920.88839435161  9.855193E-17
4926.40602540553  1.009569E-16
4931.92365645944  9.398134E-17
4937.44128751336  9.974003E-17
4942.95891856728  9.645294E-17
4948.4765496212  9.348208E-17
4953.99418067513  9.567158E-17
4959.51181172905  9.281637E-17
4965.02944278297  9.343244E-17
4970.54707383689  9.697694E-17
4976.0647048908  1.032649E-16
4981.58233594472  1.028079E-16
4987.09996699865  1.045833E-16
4992.61759805256  9.777878E-17
4998.13522910648  1.002734E-16
5003.6528601604  9.466925E-17
5009.17049121433  9.899668E-17
5014.68812226824  1.014527E-16
5020.20575332216  1.000277E-16
5025.72338437608  1.076148E-16
5031.24101543001  9.464937E-17
5036.75864648393  9.610468E-17
5042.27627753785  9.921143E-17
5047.79390859177  9.698616E-17
5053.31153964569  9.644529E-17
5058.8291706996  9.537461E-17
5064.34680175353  8.888947E-17
5069.86443280744  8.908165E-17
5075.38206386136  9.256151E-17
5080.89969491528  9.251818E-17
5086.41732596921  9.061840E-17
5091.93495702312  9.119050E-17
5097.45258807705  8.851228E-17
5102.97021913097  8.865434E-17
5108.48785018488  9.413354E-17
5114.0054812388  9.589524E-17
5119.52311229273  9.510426E-17
5125.04074334664  9.587571E-17
5130.55837440057  9.674129E-17
5136.07600545449  1.000374E-16
5141.59363650841  9.445567E-17
5147.11126756233  1.002637E-16
5152.62889861625  9.955389E-17
5158.14652967017  9.743328E-17
5163.66416072408  9.693700E-17
5169.181791778  1.001036E-16
5174.69942283193  1.056770E-16
5180.21705388585  9.840837E-17
5185.73468493976  9.444171E-17
5191.25231599369  1.002031E-16
5196.7699470476  1.031432E-16
5202.28757810153  9.945721E-17
5207.80520915545  1.017888E-16
5213.32284020937  1.019713E-16
5218.84047126328  1.008850E-16
5224.3581023172  1.016182E-16
5229.87573337113  1.017563E-16
5235.39336442505  9.624416E-17
5240.91099547896  9.610323E-17
5246.42862653289  9.164480E-17
5251.94625758681  9.947435E-17
5257.46388864073  1.003066E-16
5262.98151969465  9.735848E-17
5268.49915074857  9.649147E-17
5274.01678180249  9.136818E-17
5279.53441285641  9.393270E-17
5285.05204391032  9.243839E-17
5290.56967496424  9.282336E-17
5296.08730601816  9.337562E-17
5301.60493707209  9.617319E-17
5307.122568126  9.655809E-17
5312.64019917993  9.299910E-17
5318.15783023385  9.099549E-17
5323.67546128777  9.105032E-17
5329.19309234168  9.325999E-17
5334.7107233956  9.409873E-17
5340.22835444953  9.633520E-17
5345.74598550345  9.350137E-17
5351.26361655736  9.455191E-17
5356.78124761129  9.494967E-17
5362.29887866521  9.081093E-17
5367.81650971913  8.785071E-17
5373.33414077305  9.162009E-17
5378.85177182697  9.322551E-17
5384.36940288089  9.451300E-17
5389.88703393481  9.223126E-17
5395.40466498873  9.560959E-17
5400.92229604265  9.603519E-17
5406.43992709656  9.710983E-17
5411.95755815049  9.287090E-17
5417.4751892044  9.192352E-17
5422.99282025833  8.688076E-17
5428.51045131225  8.507888E-17
5434.02808236617  8.526901E-17
5439.54571342009  8.737865E-17
5445.06334447401  9.428216E-17
5450.58097552793  9.172718E-17
5456.09860658185  9.204358E-17
5461.61623763576  9.400958E-17
5467.13386868969  8.942967E-17
5472.65149974361  9.205601E-17
5478.16913079753  8.919061E-17
5483.68676185145  9.148505E-17
5489.20439290537  9.144226E-17
5494.72202395929  8.972995E-17
5500.23965501321  7.834860E-17
5505.75728606713  8.925232E-17
5511.27491712105  8.672604E-17
5516.79254817497  8.548594E-17
5522.31017922889  8.632228E-17
5527.82781028281  8.719247E-17
5533.34544133673  8.368634E-17
5538.86307239065  8.689822E-17
5544.38070344457  8.473207E-17
5549.89833449849  8.498231E-17
5555.41596555241  8.696272E-17
5560.93359660633  8.400556E-17
5566.45122766025  8.072437E-17
5571.96885871417  8.244841E-17
5577.48648976809  8.545767E-17
5583.00412082201  8.578534E-17
5588.52175187593  7.880963E-17
5594.03938292985  8.076544E-17
5599.55701398377  7.723419E-17
5605.07464503769  7.643825E-17
5610.59227609161  8.059043E-17
5616.10990714553  7.844383E-17
5621.62753819945  7.793354E-17
5627.14516925337  7.048105E-17
5632.66280030729  7.881687E-17
5638.18043136121  7.583479E-17
5643.69806241513  6.818605E-17
5649.21569346905  7.356819E-17
5654.73332452297  7.267261E-17
5660.25095557689  7.598877E-17
5665.76858663081  7.796651E-17
5671.28621768473  7.782870E-17
5676.80384873865  7.582292E-17
5682.32147979257  7.606008E-17
5687.83911084649  7.614147E-17
5693.3567419004  7.790312E-17
5698.87437295433  7.170952E-17
5704.39200400825  7.617504E-17
5709.90963506217  7.656742E-17
5715.42726611609  7.972504E-17
5720.94489717001  7.540093E-17
5726.46252822393  8.079776E-17
5731.98015927785  7.905896E-17
5737.49779033177  7.788252E-17
5743.01542138569  7.335196E-17
5748.53305243961  7.123033E-17
5754.05068349353  7.285072E-17
5759.56831454745  7.201166E-17
5765.08594560137  8.015957E-17
5770.60357665529  7.648428E-17
5776.12120770921  7.483680E-17
5781.63883876313  7.073956E-17
5787.15646981705  7.834285E-17
5792.67410087097  8.185891E-17
5798.19173192489  7.786580E-17
5803.70936297881  7.802813E-17
5809.22699403273  7.192647E-17
5814.74462508665  7.679195E-17
5820.26225614057  7.808641E-17
5825.77988719449  7.762165E-17
5831.29751824841  7.376253E-17
5836.81514930233  7.889548E-17
5842.33278035625  7.656895E-17
5847.85041141017  7.726112E-17
5853.36804246409  7.724347E-17
5858.88567351801  8.215430E-17
5864.40330457193  8.265574E-17
5869.92093562585  7.989864E-17
5875.43856667977  7.600372E-17
5880.95619773369  7.994765E-17
5886.47382878761  7.214480E-17
5891.99145984153  7.408751E-17
5897.50909089545  7.320474E-17
5903.02672194937  7.157186E-17
5908.54435300329  7.501109E-17
5914.06198405721  7.338555E-17
5919.57961511113  8.044030E-17
5925.09724616505  7.454376E-17
5930.61487721897  7.505442E-17
5936.13250827289  7.872666E-17
5941.65013932681  7.719957E-17
5947.16777038073  7.559942E-17
5952.68540143465  7.339810E-17
5958.20303248857  7.386602E-17
5963.72066354249  7.304913E-17
5969.23829459641  7.600170E-17
5974.75592565033  7.817207E-17
5980.27355670425  7.708094E-17
5985.79118775817  8.040704E-17
5991.30881881209  7.966975E-17
5996.826449866  6.943793E-17
6002.34408091993  6.973103E-17
6007.86171197385  6.923986E-17
6013.37934302777  7.246471E-17
6018.89697408169  7.548727E-17
6024.41460513561  7.237263E-17
6029.93223618953  8.158339E-17
6035.44986724345  7.456489E-17
6040.96749829737  7.395399E-17
6046.48512935129  7.357878E-17
6052.00276040521  7.432415E-17
6057.52039145913  7.455657E-17
6063.03802251305  7.493345E-17
6068.55565356697  7.541570E-17
6074.07328462089  7.538340E-17
6079.59091567481  7.245206E-17
6085.10854672873  6.991582E-17
6090.62617778265  6.991790E-17
6096.14380883657  7.236308E-17
6101.66143989049  7.524736E-17
6107.17907094441  7.240761E-17
6112.69670199833  7.010467E-17
6118.21433305225  7.412937E-17
6123.73196410617  7.432721E-17
6129.24959516009  6.996694E-17
6134.76722621401  7.333785E-17
6140.28485726793  7.176338E-17
6145.80248832185  6.561127E-17
6151.32011937577  7.597498E-17
6156.83775042969  7.575704E-17
6162.35538148361  6.896217E-17
6167.87301253753  6.946152E-17
6173.39064359145  7.181247E-17
6178.90827464537  7.290955E-17
6184.42590569929  7.537398E-17
6189.94353675321  7.126637E-17
6195.46116780713  7.565283E-17
6200.97879886105  7.859679E-17
6206.49642991497  7.110050E-17
6212.01406096889  7.719934E-17
6217.53169202281  7.345770E-17
6223.04932307673  6.983988E-17
6228.56695413065  7.229107E-17
6234.08458518457  7.703213E-17
6239.60221623849  7.428722E-17
6245.11984729241  7.009828E-17
6250.63747834633  7.251413E-17
6256.15510940025  7.428445E-17
6261.67274045417  7.773199E-17
6267.19037150809  7.643032E-17
6272.70800256201  6.999984E-17
6278.22563361593  7.344077E-17
6283.74326466985  7.928916E-17
6289.26089572377  7.642124E-17
6294.77852677769  7.531982E-17
6300.29615783161  7.526673E-17
6305.81378888553  7.125865E-17
6311.33141993945  7.548401E-17
6316.84905099337  7.072621E-17
6322.36668204729  7.550074E-17
6327.88431310121  7.875993E-17
6333.40194415513  7.472408E-17
6338.91957520905  7.874603E-17
6344.43720626297  7.325348E-17
6349.95483731688  7.872981E-17
6355.47246837081  7.889664E-17
6360.99009942473  7.075027E-17
6366.50773047865  8.095036E-17
6372.02536153257  7.281661E-17
6377.54299258649  7.107976E-17
6383.06062364041  7.921793E-17
6388.57825469433  7.631090E-17
6394.09588574824  7.061775E-17
6399.61351680217  7.564042E-17
6405.13114785608  7.611254E-17
6410.64877891001  7.918583E-17
6416.16640996393  7.244313E-17
6421.68404101785  7.013574E-17
6427.20167207177  6.357978E-17
6432.71930312569  7.065561E-17
6438.23693417961  6.256139E-17
6443.75456523353  7.369258E-17
6449.27219628745  7.501815E-17
6454.78982734137  6.958857E-17
6460.30745839529  7.510320E-17
6465.82508944921  7.796069E-17
6471.34272050313  7.167355E-17
6476.86035155705  7.172425E-17
6482.37798261097  7.143355E-17
6487.89561366489  7.442395E-17
6493.41324471881  7.402841E-17
6498.93087577273  6.921639E-17
6504.44850682665  7.454499E-17
6509.96613788057  7.226878E-17
6515.48376893449  6.804889E-17
6521.00139998841  6.929178E-17
6526.51903104233  6.905975E-17
6532.03666209625  7.107033E-17
6537.55429315017  7.321389E-17
6543.07192420409  6.870706E-17
6548.58955525801  6.873419E-17
6554.10718631193  6.961471E-17
6559.62481736585  7.124156E-17
6565.14244841977  7.658931E-17
6570.66007947369  7.422820E-17
6576.17771052761  7.117900E-17
6581.69534158153  7.578471E-17
6587.21297263545  7.394295E-17
6592.73060368937  7.209422E-17
6598.24823474329  7.505163E-17
6603.76586579721  7.403425E-17
6609.28349685113  7.159498E-17
6614.80112790505  6.974901E-17
6620.31875895897  7.169403E-17
6625.83639001289  6.946693E-17
6631.35402106681  6.926524E-17
6636.87165212073  7.438448E-17
6642.38928317465  6.966714E-17
6647.90691422857  7.153045E-17
6653.42454528249  6.552170E-17
6658.94217633641  6.783651E-17
6664.45980739033  7.364169E-17
6669.97743844425  7.024519E-17
6675.49506949817  7.314608E-17
6681.01270055209  7.021132E-17
6686.53033160601  7.021064E-17
6692.04796265993  6.667223E-17
6697.56559371385  6.670646E-17
6703.08322476777  7.479789E-17
6708.60085582169  7.207670E-17
6714.11848687561  6.939880E-17
6719.63611792953  6.501320E-17
6725.15374898345  6.403051E-17
6730.67138003737  6.831008E-17
6736.18901109129  6.536333E-17
6741.70664214521  6.671871E-17
6747.22427319913  7.425436E-17
6752.74190425305  7.147347E-17
6758.25953530697  7.223344E-17
6763.77716636089  7.289161E-17
6769.29479741481  6.727713E-17
6774.81242846873  6.485784E-17
6780.33005952265  6.482389E-17
6785.84769057657  6.506114E-17
6791.36532163049  6.376456E-17
6796.88295268441  6.437935E-17
6802.40058373833  6.640325E-17
6807.91821479225  7.148218E-17
6813.43584584617  7.049246E-17
6818.95347690009  6.969789E-17
6824.47110795401  6.483112E-17
6829.98873900793  6.452528E-17
6835.50637006185  6.608483E-17
6841.02400111577  6.660699E-17
6846.54163216969  6.827068E-17
6852.05926322361  6.628052E-17
6857.57689427753  6.401978E-17
6863.09452533145  6.416614E-17
6868.61215638537  6.145288E-17
6874.12978743929  6.354155E-17
6879.64741849321  6.997002E-17
6885.16504954713  7.175593E-17
6890.68268060105  7.270309E-17
6896.20031165497  6.989828E-17
6901.71794270889  7.153551E-17
6907.23557376281  7.434666E-17
6912.75320481673  7.577184E-17
6918.27083587065  7.358321E-17
6923.78846692457  7.763655E-17
6929.30609797849  7.244182E-17
6934.82372903241  7.654408E-17
6940.34136008633  8.412092E-17
6945.85899114025  8.582824E-17
6951.37662219417  7.720319E-17
6956.89425324809  7.953952E-17
6962.41188430201  8.126106E-17
6967.92951535593  7.714938E-17
6973.44714640985  7.674394E-17
6978.96477746377  7.632647E-17
6984.48240851769  7.650652E-17
6990.00003957161  7.998709E-17
6995.51767062553  7.491936E-17
7001.03530167945  7.454235E-17
7006.55293273337  8.081383E-17
7012.07056378729  8.143413E-17
7017.58819484121  7.966268E-17
7023.10582589513  7.435180E-17
7028.62345694905  7.619994E-17
7034.14108800297  7.723859E-17
7039.65871905689  7.652099E-17
7045.17635011081  7.988036E-17
7050.69398116473  7.741209E-17
7056.21161221865  7.280655E-17
7061.72924327257  7.343859E-17
7067.24687432649  8.187731E-17
7072.76450538041  7.958560E-17
7078.28213643433  7.298396E-17
7083.79976748825  7.151392E-17
7089.31739854217  7.305160E-17
7094.83502959609  7.516832E-17
7100.35266065001  7.490811E-17
7105.87029170393  7.870608E-17
7111.38792275785  7.156903E-17
7116.90555381177  7.689898E-17
7122.42318486569  8.112573E-17
7127.94081591961  7.456894E-17
7133.45844697353  7.528766E-17
7138.97607802745  8.091942E-17
7144.49370908137  8.476031E-17
7150.01134013529  9.035793E-17
7155.52897118921  9.482874E-17
7161.04660224313  1.047499E-16
7166.56423329705  1.055231E-16
7172.08186435097  8.900949E-17
7177.59949540489  8.692686E-17
7183.11712645881  9.343818E-17
7188.63475751273  8.556180E-17
7194.15238856665  7.755602E-17
7199.67001962057  7.663826E-17
7205.18765067449  7.602812E-17
7210.70528172841  7.059188E-17
7216.22291278233  7.184638E-17
7221.74054383625  7.614270E-17
7227.25817489017  7.183637E-17
7232.77580594409  7.156618E-17
7238.29343699801  7.973572E-17
7243.81106805193  7.556459E-17
7249.32869910585  7.138328E-17
7254.84633015977  8.169622E-17
7260.36396121369  7.658877E-17
7265.88159226761  7.606875E-17
7271.39922332153  7.977235E-17
7276.91685437545  7.783573E-17
7282.43448542937  7.720362E-17
7287.95211648329  6.972349E-17
7293.46974753721  7.317017E-17
7298.98737859113  7.695324E-17
7304.50500964505  7.928974E-17
7310.02264069897  6.689112E-17
7315.54027175289  6.842372E-17
7321.05790280681  7.782793E-17
7326.57553386073  8.297035E-17
7332.09316491465  8.366069E-17
7337.61079596857  7.815005E-17
7343.12842702249  7.597156E-17
7348.64605807641  7.444321E-17
7354.16368913033  6.975111E-17
7359.68132018425  7.336469E-17
7365.19895123817  6.852602E-17
7370.71658229209  6.440024E-17
7376.23421334601  6.602865E-17
7381.75184439993  6.589435E-17
7387.26947545385  7.122132E-17
7392.78710650777  7.176917E-17
7398.30473756169  7.453774E-17
7403.82236861561  7.150545E-17
7409.33999966953  6.524616E-17
7414.85763072345  6.938241E-17
7420.37526177737  7.637587E-17
7425.89289283129  7.565048E-17
7431.41052388521  6.958105E-17
7436.92815493913  6.294880E-17
7442.44578599305  6.951170E-17
7447.96341704697  6.829789E-17
7453.48104810089  6.644614E-17
7458.99867915481  6.978080E-17
7464.51631020873  6.959743E-17
7470.03394126265  7.005169E-17
7475.55157231657  6.777363E-17
7481.06920337049  6.783426E-17
7486.58683442441  7.027510E-17
7492.10446547833  6.824321E-17
7497.62209653225  6.426197E-17
7503.13972758617  6.493936E-17
7508.65735864009  6.653076E-17
7514.17498969401  6.306644E-17
7519.69262074793  7.372339E-17
7525.21025180185  7.266558E-17
7530.72788285577  6.433823E-17
7536.24551390969  6.246323E-17
7541.76314496361  5.837873E-17
7547.28077601753  7.245141E-17
7552.79840707145  7.005900E-17
7558.31603812537  6.181784E-17
7563.83366917929  6.322227E-17
7569.35130023321  6.024231E-17
7574.86893128713  5.797100E-17
7580.38656234105  7.041017E-17
7585.90419339497  6.599808E-17
7591.42182444889  6.267725E-17
7596.93945550281  5.440071E-17
7602.45708655673  3.774722E-17
7607.97471761065  3.381230E-17
7613.49234866457  5.790041E-17
7619.00997971849  6.526619E-17
7624.52761077241  6.254687E-17
7630.04524182633  5.705198E-17
7635.56287288025  5.246572E-17
7641.08050393417  5.444774E-17
7646.59813498809  5.641486E-17
7652.11576604201  6.423418E-17
7657.63339709593  6.709012E-17
7663.15102814985  6.432680E-17
7668.66865920377  5.822115E-17
7674.18629025769  6.256457E-17
7679.70392131161  6.532617E-17
7685.22155236553  6.890720E-17
7690.73918341945  6.874893E-17
7696.25681447337  6.403322E-17
7701.77444552729  5.498812E-17
7707.29207658121  5.222579E-17
7712.80970763513  6.156236E-17
7718.32733868905  5.761299E-17
7723.84496974297  6.002077E-17
7729.36260079689  6.694232E-17
7734.88023185081  6.070417E-17
7740.39786290473  5.238467E-17
7745.91549395865  5.975902E-17
7751.43312501257  6.614285E-17
7756.95075606649  6.570462E-17
7762.46838712041  6.594055E-17
7767.98601817433  6.115800E-17
7773.50364922825  5.244008E-17
7779.02128028217  5.838187E-17
7784.53891133609  6.063395E-17
7790.05654239001  6.356291E-17
7795.57417344393  6.613546E-17
7801.09180449785  6.046467E-17
7806.60943555177  4.994492E-17
7812.12706660569  5.418307E-17
7817.64469765961  5.905600E-17
7823.16232871353  6.085601E-17
7828.67995976745  5.741322E-17
7834.19759082137  5.712072E-17
7839.71522187529  5.691821E-17
7845.23285292921  5.339343E-17
7850.75048398313  6.437822E-17
7856.26811503705  6.542878E-17
7861.78574609097  6.001527E-17
7867.30337714489  5.909077E-17
7872.82100819881  5.717905E-17
7878.33863925273  4.988298E-17
7883.85627030665  5.269111E-17
7889.37390136057  6.631978E-17
7894.89153241449  6.693274E-17
7900.40916346841  5.824923E-17
7905.92679452233  5.048154E-17
7911.44442557625  4.894688E-17
7916.96205663017  5.289617E-17
7922.47968768409  5.022809E-17
7927.99731873801  4.847679E-17
7933.51494979193  6.566688E-17
7939.03258084585  5.280320E-17
7944.55021189977  5.996968E-17
7950.06784295369  5.930358E-17
7955.58547400761  5.686509E-17
7961.10310506153  5.329624E-17
7966.62073611545  7.148083E-17
7972.13836716937  6.664134E-17
7977.65599822329  4.963666E-17
7983.17362927721  4.978395E-17
7988.69126033113  5.460429E-17
7994.20889138505  5.698732E-17
7999.72652243897  5.684975E-17
8005.24415349289  6.050276E-17
8010.76178454681  6.467485E-17
8016.27941560073  5.638974E-17
8021.79704665465  5.268435E-17
8027.31467770857  6.053140E-17
8032.83230876249  6.071504E-17
8038.34993981641  5.477880E-17
8043.86757087033  6.260950E-17
8049.38520192425  6.337904E-17
8054.90283297817  5.547814E-17
8060.42046403209  5.688153E-17
8065.93809508601  5.938332E-17
8071.45572613993  5.717149E-17
8076.97335719385  4.978871E-17
8082.49098824777  5.594972E-17
8088.00861930169  5.304134E-17
8093.52625035561  5.329113E-17
8099.04388140953  5.472619E-17
8104.56151246345  5.802683E-17
8110.07914351737  5.926541E-17
8115.59677457129  5.719156E-17
8121.11440562521  5.779011E-17
8126.63203667913  5.530251E-17
8132.14966773305  5.156353E-17
8137.66729878697  5.395179E-17
8143.18492984089  7.026512E-17
8148.70256089481  6.743353E-17
8154.22019194873  5.961787E-17
8159.73782300265  5.362065E-17
8165.25545405657  5.111342E-17
8170.77308511049  5.896280E-17
8176.29071616441  5.857023E-17
8181.80834721833  5.773009E-17
8187.32597827225  6.664692E-17
8192.84360932617  5.913822E-17
8198.36124038009  5.005365E-17
8203.87887143401  5.718903E-17
8209.39650248793  5.563979E-17
8214.91413354185  6.040265E-17
8220.43176459577  6.244499E-17
8225.94939564969  5.982961E-17
8231.46702670361  5.410166E-17
8236.98465775753  5.548089E-17
8242.50228881145  5.853229E-17
8248.01991986537  5.877326E-17
8253.53755091929  5.769356E-17
8259.05518197321  6.448582E-17
8264.57281302713  5.777334E-17
8270.09044408105  6.069798E-17
8275.60807513497  5.616454E-17
8281.12570618889  5.838024E-17
8286.64333724281  6.443590E-17
8292.16096829673  6.978747E-17
8297.67859935065  6.633322E-17
8303.19623040457  6.662827E-17
8308.71386145849  4.597399E-17
8314.23149251241  4.588398E-17
8319.74912356633  5.617567E-17
8325.26675462025  5.937260E-17
8330.78438567417  6.174582E-17
8336.30201672809  5.381006E-17
8341.81964778201  4.447820E-17
8347.33727883593  3.853266E-17
8352.85490988985  4.594808E-17
8358.37254094377  5.820311E-17
8363.89017199769  4.847715E-17
8369.40780305161  5.179986E-17
8374.92543410553  5.226735E-17
8380.44306515945  4.115050E-17
8385.96069621337  4.765010E-17
8391.47832726729  4.117028E-17
8396.99595832121  5.769101E-17
8402.51358937513  5.252703E-17
8408.03122042905  5.119051E-17
8413.54885148297  5.714612E-17
8419.06648253689  5.183571E-17
8424.58411359081  4.057688E-17
8430.10174464473  5.194868E-17
8435.61937569865  5.443707E-17
8441.13700675257  6.166577E-17
8446.65463780649  4.876538E-17
8452.17226886041  4.840230E-17
8457.68989991433  4.849258E-17
8463.20753096825  5.353344E-17
8468.72516202217  6.666911E-17
8474.24279307609  6.339471E-17
8479.76042413001  5.525763E-17
8485.27805518393  5.425303E-17
8490.79568623785  4.778513E-17
8496.31331729177  4.117412E-17
8501.83094834569  5.879470E-17
8507.34857939961  5.869117E-17
8512.86621045353  4.170099E-17
8518.38384150745  5.682833E-17
8523.90147256137  4.846806E-17
8529.41910361529  5.216132E-17
8534.93673466921  4.698521E-17
8540.45436572313  4.716807E-17
8545.97199677705  4.070915E-17
8551.48962783097  6.344437E-17
8557.00725888489  4.763783E-17
8562.52488993881  4.878344E-17
8568.04252099273  5.265866E-17
8573.56015204665  5.092671E-17
8579.07778310057  5.235149E-17
8584.59541415449  4.687583E-17
8590.11304520841  5.452908E-17
8595.63067626233  5.730703E-17
8601.14830731625  5.239237E-17
8606.66593837017  5.209560E-17
8612.18356942409  5.376738E-17
8617.70120047801  5.382920E-17
8623.21883153193  5.665447E-17
8628.73646258585  5.759624E-17
8634.25409363977  4.942477E-17
8639.77172469369  5.989260E-17
8645.28935574761  6.085238E-17
8650.80698680153  4.496528E-17
8656.32461785545  4.804181E-17
8661.84224890937  4.905049E-17
8667.35987996329  5.138811E-17
8672.87751101721  5.561325E-17
8678.39514207113  5.728353E-17
8683.91277312505  5.281273E-17
8689.43040417897  5.098006E-17
8694.94803523289  4.992448E-17
8700.46566628681  5.372472E-17
8705.98329734073  5.205142E-17
8711.50092839465  5.645161E-17
8717.01855944857  5.774670E-17
8722.53619050249  5.767776E-17
8728.05382155641  5.371240E-17
8733.57145261033  4.502949E-17
8739.08908366425  5.095064E-17
8744.60671471817  5.478026E-17
8750.12434577209  6.032095E-17
8755.64197682601  5.691619E-17
8761.15960787993  5.692341E-17
8766.67723893385  5.041508E-17
8772.19486998777  3.982310E-17
8777.71250104169  5.178719E-17
8783.23013209561  5.692891E-17
8788.74776314953  5.701866E-17
8794.26539420345  5.448725E-17
8799.78302525737  4.711987E-17
8805.30065631129  4.837000E-17
8810.81828736521  5.378477E-17
8816.33591841913  5.426425E-17
8821.85354947305  5.914224E-17
8827.37118052697  7.555138E-17
8832.88881158089  6.910271E-17
8838.40644263481  4.627961E-17
8843.92407368873  4.989289E-17
8849.44170474265  4.042855E-17
8854.95933579657  5.660832E-17
8860.47696685049  5.076425E-17
8865.99459790441  4.908747E-17
8871.51222895833  5.682702E-17
8877.02986001225  4.559386E-17
8882.54749106617  5.287368E-17
8888.06512212009  4.812931E-17
8893.58275317401  4.947895E-17
8899.10038422793  5.401280E-17
8904.61801528185  4.223985E-17
8910.13564633577  5.030858E-17
8915.65327738969  5.011023E-17
8921.17090844361  5.604951E-17
8926.68853949753  5.426438E-17
8932.20617055145  5.371309E-17
8937.72380160537  5.401423E-17
8943.24143265929  4.599308E-17
8948.75906371321  2.957955E-17
8954.27669476713  3.280899E-17
8959.79432582105  5.179605E-17
8965.31195687497  5.503249E-17
8970.82958792889  5.364467E-17
8976.34721898281  5.269301E-17
8981.86485003673  4.946221E-17
8987.38248109065  5.019867E-17
8992.90011214457  6.175942E-17
8998.41774319849  6.937997E-17
9003.93537425241  6.012725E-17
9009.45300530633  5.405628E-17
9014.97063636025  4.429908E-17
9020.48826741417  4.689154E-17
9026.00589846809  5.309909E-17
9031.52352952201  4.038692E-17
9037.04116057593  4.900402E-17
9042.55879162985  5.619827E-17
9048.07642268377  5.272952E-17
9053.59405373769  4.483891E-17
9059.11168479161  4.173617E-17
9064.62931584553  4.872828E-17
9070.14694689945  4.642749E-17
9075.66457795337  4.080794E-17
9081.18220900729  4.449987E-17
9086.69984006121  4.033447E-17
9092.21747111513  4.742423E-17
9097.73510216905  5.636302E-17
9103.25273322297  5.393617E-17
9108.77036427689  3.478784E-17
9114.28799533081  3.727622E-17
9119.80562638473  4.879170E-17
9125.32325743865  5.196212E-17
9130.84088849257  5.406143E-17
9136.35851954649  4.348692E-17
9141.87615060041  4.299657E-17
9147.39378165433  5.514736E-17
9152.91141270825  6.454772E-17
9158.42904376217  6.104216E-17
9163.94667481609  6.257116E-17
9169.46430587001  5.534861E-17
9174.98193692393  4.269048E-17
9180.49956797785  4.783301E-17
9186.01719903177  5.811799E-17
9191.53483008569  4.269257E-17
9197.05246113961  4.285852E-17
9202.57009219353  5.193321E-17
9208.08772324745  4.040566E-17
9213.60535430137  3.639395E-17
9219.12298535529  5.351800E-17
9224.64061640921  5.234181E-17
9230.15824746313  5.927128E-17
9235.67587851705  5.227453E-17
9241.19350957097  4.407583E-17
9246.71114062489  3.749727E-17
