3654.16333  8.28412e-17
3659.68169  7.54395e-17
3665.20006  6.91708e-17
3670.71842  7.80773e-17
3676.23679  7.71033e-17
3681.75515  6.34189e-17
3687.27351  6.48965e-17
3692.79188  7.38584e-17
3698.31024  6.61804e-17
3703.82860  7.09272e-17
3709.34696  6.36100e-17
3714.86533  8.09310e-17
3720.38371  8.22699e-17
3725.90206  5.16901e-17
3731.42042  5.65322e-17
3736.93879  6.23294e-17
3742.45715  7.49175e-17
3747.97551  5.61595e-17
3753.49388  5.64123e-17
3759.01224  6.89705e-17
3764.53061  7.06110e-17
3770.04897  6.56658e-17
3775.56733  6.90523e-17
3781.08570  5.52174e-17
3786.60406  7.03068e-17
3792.12242  6.82764e-17
3797.64079  6.73617e-17
3803.15914  6.51050e-17
3808.67752  5.15435e-17
3814.19589  5.28462e-17
3819.71424  5.02394e-17
3825.23261  6.39740e-17
3830.75097  6.64133e-17
3836.26933  6.76713e-17
3841.78770  6.33126e-17
3847.30606  6.17561e-17
3852.82443  5.64111e-17
3858.34279  5.45207e-17
3863.86115  5.35294e-17
3869.37952  6.00161e-17
3874.89788  5.74361e-17
3880.41624  6.44933e-17
3885.93461  6.51238e-17
3891.45297  6.41375e-17
3896.97134  6.80166e-17
3902.48970  4.54026e-17
3908.00807  6.36371e-17
3913.52643  7.38115e-17
3919.04479  6.12215e-17
3924.56315  6.18294e-17
3930.08152  6.27865e-17
3935.59988  6.77537e-17
3941.11825  6.13722e-17
3946.63661  6.90035e-17
3952.15497  7.28035e-17
3957.67334  6.68586e-17
3963.19170  5.91011e-17
3968.71006  6.19674e-17
3974.22843  6.48400e-17
3979.74679  6.51416e-17
3985.26516  7.45299e-17
3990.78352  4.88040e-17
3996.30188  4.90250e-17
4001.82024  5.07413e-17
4007.33861  4.94480e-17
4012.85697  5.72299e-17
4018.37534  6.11208e-17
4023.89370  6.42875e-17
4029.41207  6.01918e-17
4034.93043  3.99605e-17
4040.44879  2.99766e-17
4045.96716  4.35872e-17
4051.48552  5.00506e-17
4057.00388  5.49254e-17
4062.52225  5.76683e-17
4068.04061  6.64454e-17
4073.55898  4.86177e-17
4079.07734  4.14160e-17
4084.59570  5.33807e-17
4090.11407  5.94574e-17
4095.63242  5.22789e-17
4101.15079  5.94977e-17
4106.66917  6.21862e-17
4112.18752  5.25997e-17
4117.70589  5.24295e-17
4123.22425  4.84108e-17
4128.74261  4.40121e-17
4134.26098  4.97774e-17
4139.77934  4.54957e-17
4145.29770  5.10976e-17
4150.81607  5.88154e-17
4156.33443  5.69645e-17
4161.85280  5.17446e-17
4167.37116  3.77996e-17
4172.88952  3.56267e-17
4178.40789  3.33821e-17
4183.92625  4.36418e-17
4189.44462  4.19873e-17
4194.96298  3.70627e-17
4200.48134  5.13337e-17
4205.99971  4.65146e-17
4211.51807  5.28154e-17
4217.03643  5.77023e-17
4222.55480  5.09535e-17
4228.07316  4.73493e-17
4233.59152  4.79133e-17
4239.10989  4.63188e-17
4244.62825  5.06724e-17
4250.14662  4.82070e-17
4255.66498  3.36778e-17
4261.18334  3.67282e-17
4266.70171  3.50849e-17
4272.22007  5.19698e-17
4277.73843  4.72632e-17
4283.25680  3.07406e-17
4288.77516  2.94421e-17
4294.29352  4.09294e-17
4299.81189  4.33748e-17
4305.33025  4.97553e-17
4310.84862  5.24880e-17
4316.36698  4.73753e-17
4321.88534  3.75676e-17
4327.40371  3.68454e-17
4332.92207  4.04173e-17
4338.44044  4.41543e-17
4343.95880  3.81062e-17
4349.47716  2.57051e-17
4354.99553  3.33743e-17
4360.51389  2.67671e-17
4366.03225  3.97683e-17
4371.55062  4.53926e-17
4377.06897  5.34366e-17
4382.58735  3.97055e-17
4388.10572  5.43202e-17
4393.62407  3.78913e-17
4399.14245  3.12668e-17
4404.66080  3.91038e-17
4410.17916  4.68806e-17
4415.69753  5.72588e-17
4421.21589  4.68704e-17
4426.73426  4.46712e-17
4432.25262  3.92549e-17
4437.77098  4.00801e-17
4443.28935  4.80480e-17
4448.80771  4.26322e-17
4454.32607  2.86604e-17
4459.84444  2.57754e-17
4465.36280  3.83802e-17
4470.88117  3.26942e-17
4476.39953  4.29152e-17
4481.91790  3.78381e-17
4487.43626  3.52154e-17
4492.95462  3.98114e-17
4498.47298  4.39280e-17
4503.99135  3.05881e-17
4509.50971  3.04611e-17
4515.02808  2.69236e-17
4520.54644  3.96150e-17
4526.06480  4.11200e-17
4531.58317  3.91205e-17
4537.10153  4.48481e-17
4542.61989  2.94819e-17
4548.13826  2.50787e-17
4553.65662  3.28199e-17
4559.17499  4.06551e-17
4564.69335  3.51462e-17
4570.21171  2.07841e-17
4575.73007  2.98531e-17
4581.24844  2.47158e-17
4586.76680  3.33514e-17
4592.28517  3.96509e-17
4597.80353  3.01858e-17
4603.32190  3.31355e-17
4608.84026  3.89128e-17
4614.35862  1.95329e-17
4619.87699  2.27105e-17
4625.39535  3.15395e-17
4630.91372  3.18213e-17
4636.43208  3.85286e-17
4641.95044  3.66132e-17
4647.46881  2.87413e-17
4652.98717  2.35351e-17
4658.50553  2.71705e-17
4664.02390  3.82610e-17
4669.54225  3.63526e-17
4675.06063  3.78024e-17
4680.57900  4.32375e-17
4686.09735  4.73822e-17
4691.61572  3.61329e-17
4697.13408  4.24870e-17
4702.65244  2.63314e-17
4708.17081  4.44598e-17
4713.68917  4.23903e-17
4719.20754  2.78461e-17
4724.72590  3.29976e-17
4730.24426  3.25982e-17
4735.76263  4.02636e-17
4741.28099  4.84938e-17
4746.79935  3.98634e-17
4752.31772  2.55646e-17
4757.83608  3.61451e-17
4763.35445  3.60570e-17
4768.87281  3.53839e-17
4774.39118  3.44733e-17
4779.90954  3.94248e-17
4785.42790  3.40692e-17
4790.94626  3.64564e-17
4796.46463  4.40032e-17
4801.98299  4.07356e-17
4807.50136  3.86931e-17
4813.01972  3.88693e-17
4818.53808  2.97221e-17
4824.05645  3.48078e-17
4829.57481  3.17558e-17
4835.09317  3.90691e-17
4840.61154  3.11814e-17
4846.12990  3.71174e-17
4851.64827  3.65078e-17
4857.16663  3.18592e-17
4862.68499  2.26265e-17
4868.20335  3.10592e-17
4873.72172  2.91649e-17
4879.24008  3.02335e-17
4884.75845  3.85269e-17
4890.27681  3.23045e-17
4895.79518  3.18497e-17
4901.31354  3.52173e-17
4906.83190  3.11808e-17
4912.35027  3.90461e-17
4917.86863  3.21921e-17
4923.38699  2.97814e-17
4928.90536  3.21056e-17
4934.42372  3.87780e-17
4939.94209  3.47294e-17
4945.46045  3.21592e-17
4950.97881  3.60715e-17
4956.49718  2.54446e-17
4962.01553  2.64211e-17
4967.53390  2.63307e-17
4973.05228  2.18211e-17
4978.57063  2.12028e-17
4984.08900  2.86466e-17
4989.60736  3.20015e-17
4995.12572  3.17481e-17
5000.64409  2.87326e-17
5006.16245  1.82811e-17
5011.68081  3.20735e-17
5017.19918  3.66156e-17
5022.71754  4.14122e-17
5028.23591  3.09766e-17
5033.75427  2.81286e-17
5039.27263  3.42453e-17
5044.79100  3.09133e-17
5050.30936  3.94781e-17
5055.82773  3.46652e-17
5061.34609  3.75486e-17
5066.86445  3.34907e-17
5072.38282  2.74118e-17
5077.90118  2.58502e-17
5083.41954  3.04876e-17
5088.93791  3.20448e-17
5094.45627  2.96716e-17
5099.97463  2.27139e-17
5105.49300  2.37130e-17
5111.01136  2.85973e-17
5116.52973  2.51332e-17
5122.04809  3.08594e-17
5127.56645  3.16168e-17
5133.08482  4.02807e-17
5138.60318  4.54193e-17
5144.12154  4.19348e-17
5149.63991  3.54416e-17
5155.15827  3.73406e-17
5160.67663  3.49367e-17
5166.19500  3.68418e-17
5171.71336  3.00578e-17
5177.23173  2.78926e-17
5182.75009  2.73273e-17
5188.26845  2.68598e-17
5193.78682  2.46337e-17
5199.30518  3.68017e-17
5204.82355  3.45882e-17
5210.34191  2.50734e-17
5215.86027  3.24304e-17
5221.37864  3.64382e-17
5226.89700  2.91533e-17
5232.41536  3.29936e-17
5237.93373  2.74701e-17
5243.45209  3.45492e-17
5248.97046  3.78491e-17
5254.48881  3.33129e-17
5260.00718  2.49311e-17
5265.52556  2.37731e-17
5271.04391  2.88672e-17
5276.56227  3.78116e-17
5282.08064  2.56000e-17
5287.59900  3.81057e-17
5293.11737  3.24326e-17
5298.63573  2.71506e-17
5304.15409  3.10874e-17
5309.67246  4.12999e-17
5315.19082  2.86750e-17
5320.70918  4.04469e-17
5326.22755  3.68300e-17
5331.74591  2.29375e-17
5337.26428  2.65626e-17
5342.78264  3.77125e-17
5348.30101  2.74329e-17
5353.81937  3.31472e-17
5359.33773  2.65266e-17
5364.85609  2.54174e-17
5370.37446  3.76257e-17
5375.89282  2.69955e-17
5381.41119  3.01633e-17
5386.92955  2.84563e-17
5392.44791  2.98411e-17
5397.96628  3.60848e-17
5403.48464  2.68965e-17
5409.00300  1.76451e-17
5414.52137  2.10182e-17
5420.03973  2.40801e-17
5425.55810  3.10062e-17
5431.07646  2.72963e-17
5436.59482  1.84370e-17
5442.11319  2.60002e-17
5447.63155  2.79807e-17
5453.14991  1.98832e-17
5458.66828  1.88405e-17
5464.18664  1.47698e-17
5469.70501  9.96976e-18
5475.22337  1.50396e-17
5480.74173  2.54044e-17
5486.26010  1.95919e-17
5491.77846  2.54921e-17
5497.29682  2.53829e-17
5502.81519  2.88024e-17
5508.33355  3.17447e-17
5513.85192  3.28323e-17
5519.37028  2.92479e-17
5524.88864  2.45057e-17
5530.40701  2.32595e-17
5535.92536  2.83700e-17
5541.44373  2.68455e-17
5546.96211  2.30972e-17
5552.48046  2.21938e-17
5557.99884 -1.44403e-17
5563.51719  5.79372e-18
5569.03555  4.58923e-17
5574.55392  3.54982e-17
5580.07228  7.60892e-17
5585.59065 -2.74461e-17
5591.10901  1.66905e-18
5596.62737  2.29766e-17
5602.14574  2.21700e-17
5607.66410  1.52407e-17
5613.18246  1.97133e-17
5618.70083  2.12769e-17
5624.21919  1.82669e-17
5629.73756  2.05268e-17
5635.25592  1.05955e-17
5640.77429  7.07027e-18
5646.29265  1.95544e-17
5651.81101  2.49946e-18
5657.32937  7.30054e-18
5662.84774  1.67800e-17
5668.36610  4.61148e-18
5673.88447  9.33437e-18
5679.40283  1.55016e-17
5684.92119  4.05224e-18
5690.43956  1.31705e-17
5695.95792  1.90703e-17
5701.47628  1.97666e-17
5706.99465  1.98241e-17
5712.51301  1.09459e-17
5718.03138  1.10508e-17
5723.54974  1.11860e-17
5729.06810  1.46993e-17
5734.58647  1.77152e-17
5740.10483  1.63803e-17
5745.62319  1.53816e-17
5751.14156  1.20055e-17
5756.65992  1.07093e-17
5762.17829  1.83536e-17
5767.69665  1.78460e-17
5773.21501  1.78540e-17
5778.73338  1.81592e-17
5784.25174  1.62847e-17
5789.77010  1.24803e-17
5795.28847  8.23212e-18
5800.80683  3.65859e-18
5806.32520  1.03136e-17
5811.84356  1.00952e-17
5817.36192  1.45517e-17
5822.88029  6.05019e-18
5828.39864  9.84788e-18
5833.91701  1.05041e-17
5839.43539  5.70738e-18
5844.95374  4.95999e-18
5850.47211  4.51717e-18
5855.99047  5.79496e-18
5861.50883  1.28376e-17
5867.02720  1.18329e-17
5872.54556  1.09569e-17
5878.06392  1.19141e-17
5883.58229  1.07990e-17
5889.10065  1.18093e-17
5894.61902  2.28621e-17
5900.13738  1.56154e-17
5905.65574  1.51578e-17
5911.17411  9.85466e-18
5916.69247 -1.76561e-18
5922.21082  8.82856e-18
5927.72920  1.34812e-17
5933.24757  2.02615e-17
5938.76593  1.51936e-17
5944.28429  1.28010e-17
5949.80265  5.27725e-18
5955.32102  1.11737e-17
5960.83938  1.14769e-17
5966.35774  1.11855e-17
5971.87611  1.39104e-17
5977.39447  1.64581e-17
5982.91284  9.54276e-18
5988.43120  1.31629e-18
5993.94956  1.04099e-17
5999.46793  1.15164e-17
6004.98629  9.24765e-18
6010.50465  5.72080e-18
6016.02302  1.21091e-17
6021.54138  1.13726e-17
6027.05974  2.23295e-17
6032.57811  1.60094e-17
6038.09647  1.92066e-17
6043.61484  2.09083e-17
6049.13320  8.82232e-18
6054.65156  5.10288e-18
6060.16993  1.24889e-17
6065.68829  1.04210e-17
6071.20666  1.92282e-17
6076.72502  1.90041e-17
6082.24338  1.24588e-17
6087.76175  1.44182e-17
6093.28011  9.12924e-18
6098.79847  8.68671e-18
6104.31684  5.33994e-18
6109.83520  1.42545e-17
6115.35357  1.64980e-17
6120.87192  1.82697e-17
6126.39029  1.29158e-17
6131.90867  6.00972e-18
6137.42702  8.26085e-18
6142.94538  3.43285e-18
6148.46375  4.36953e-18
6153.98211  2.39550e-18
6159.50048  2.53014e-18
6165.01884  9.61528e-18
6170.53720  7.43742e-18
6176.05557 -3.13369e-18
6181.57393  1.49186e-17
6187.09229  1.31694e-17
6192.61066  2.58533e-17
6198.12902  1.61425e-17
6203.64739  2.27685e-17
6209.16575  1.10792e-17
6214.68412  9.62691e-18
6220.20248  4.21907e-18
6225.72085  1.43029e-17
6231.23920  2.21758e-17
6236.75757  1.51801e-17
6242.27593  1.17048e-17
6247.79430  1.74243e-17
6253.31266  2.26344e-17
6258.83102  1.87047e-17
6264.34939  1.73537e-17
6269.86775  1.16154e-17
6275.38611  8.59860e-18
6280.90448  1.19182e-17
6286.42284  3.11470e-17
6291.94121  3.78574e-17
6297.45957  3.53052e-17
6302.97793  2.82154e-17
6308.49630 -8.88885e-18
6314.01466  1.10305e-17
6319.53302  2.53356e-17
6325.05139  2.03238e-17
6330.56975  1.46976e-17
6336.08812  6.05042e-18
6341.60648  8.90823e-18
6347.12484  1.96097e-17
6352.64321  3.16686e-17
6358.16157  1.69842e-17
6363.67993  2.30950e-17
6369.19830  1.46445e-17
6374.71666  6.63691e-18
6380.23503  1.58318e-17
6385.75339  5.62504e-18
6391.27175  1.50571e-17
6396.79012  1.78656e-17
6402.30847  2.11247e-17
6407.82684  2.14801e-17
6413.34520  2.00580e-17
6418.86357  9.04948e-18
6424.38195  1.61984e-17
6429.90030  1.79229e-17
6435.41866  1.77457e-17
6440.93703  1.95088e-17
6446.45539  1.12246e-17
6451.97375  1.38045e-17
6457.49212  1.04148e-17
6463.01048  1.19702e-17
6468.52885  1.86790e-17
6474.04721  2.37461e-17
6479.56557  2.54739e-17
6485.08394  1.30106e-17
6490.60230  1.67235e-17
6496.12065  1.60382e-17
6501.63903  9.07879e-18
6507.15740  1.36103e-17
6512.67576  1.82316e-17
6518.19412  1.37076e-17
6523.71248  1.04713e-17
6529.23085  1.86418e-17
6534.74921  1.45510e-17
6540.26757  1.21611e-17
6545.78594  9.31642e-18
6551.30430  1.31536e-17
6556.82267  2.09339e-17
6562.34103  1.60839e-17
6567.85939  2.48753e-17
6573.37776  1.92665e-17
6578.89612  2.04595e-17
6584.41449  1.80765e-17
6589.93285  7.61878e-18
6595.45121  1.82818e-17
6600.96958  1.70510e-17
6606.48794  2.05147e-17
6612.00630  9.04984e-18
6617.52467  4.39217e-18
6623.04303  7.99488e-18
6628.56140  1.58297e-17
6634.07976  1.61176e-17
6639.59812  1.06178e-17
6645.11649  1.74910e-17
6650.63485  1.03213e-17
6656.15321  1.36567e-17
6661.67158  9.02237e-18
6667.18994  1.03754e-17
6672.70831  9.52548e-18
6678.22667  1.26886e-17
6683.74503  1.71745e-17
6689.26340  1.30210e-17
6694.78175  1.89661e-17
6700.30012  1.55392e-17
6705.81850  1.69615e-17
6711.33685  1.77900e-17
6716.85523  5.02685e-18
6722.37358  5.39896e-18
6727.89194  1.15470e-17
6733.41031  1.80137e-17
6738.92867  2.43191e-17
6744.44703  1.81957e-17
6749.96540  1.45381e-17
6755.48376  1.72319e-17
6761.00213  2.35903e-17
6766.52049  8.84210e-18
6772.03885  1.53655e-17
6777.55722  1.68758e-17
6783.07558  1.89884e-17
6788.59393  1.67125e-17
6794.11231  1.54668e-17
6799.63068  1.74500e-17
6805.14904  1.38025e-17
6810.66740  7.29911e-18
6816.18576  1.28259e-17
6821.70413  1.43713e-17
6827.22249  1.33036e-17
6832.74085  1.87126e-17
6838.25922  1.62547e-17
6843.77758  2.19076e-17
6849.29595  1.61761e-17
6854.81431  9.14705e-18
6860.33267  1.87421e-17
6865.85104  1.63593e-17
6871.36940  1.46095e-17
6876.88776  1.35459e-17
6882.40613  2.01386e-17
6887.92449  2.94228e-17
6893.44286  2.77133e-17
6898.96122  3.28732e-17
6904.47958  2.59452e-17
6909.99795  1.94028e-17
6915.51631  3.13143e-17
6921.03467  2.47916e-17
6926.55304  3.03632e-17
6932.07140  1.77813e-17
6937.58977  3.68602e-17
6943.10813  1.94076e-17
6948.62649  3.22396e-17
6954.14486  3.20740e-17
6959.66322  1.65779e-17
6965.18158  2.07174e-17
6970.69995  2.22399e-17
6976.21831  2.97012e-17
6981.73668  2.94773e-17
6987.25503  2.09963e-17
6992.77340  1.72830e-17
6998.29178  2.38711e-17
7003.81013  2.65056e-17
7009.32849  1.84662e-17
7014.84686  2.23352e-17
7020.36522  2.13000e-17
7025.88359  2.62240e-17
7031.40195  3.00970e-17
7036.92031  2.92897e-17
7042.43868  3.86906e-17
7047.95704  3.10163e-17
7053.47540  2.51122e-17
7058.99377  2.80056e-17
7064.51213  2.25238e-17
7070.03050  1.94424e-17
7075.54886  2.33361e-17
7081.06721  2.71207e-17
7086.58559  2.83388e-17
7092.10396  2.90230e-17
7097.62231  1.86523e-17
7103.14068  1.75362e-17
7108.65904  2.62216e-17
7114.17741  2.67433e-17
7119.69577  2.83554e-17
7125.21413  2.74844e-17
7130.73250  2.94358e-17
7136.25086  1.69385e-17
7141.76922  2.69611e-17
7147.28759  1.37920e-17
7152.80595  1.17773e-17
7158.32432  2.86636e-17
7163.84268  1.76550e-17
7169.36104  1.66725e-17
7174.87941  2.10841e-17
7180.39777  3.01527e-17
7185.91613  2.28679e-17
7191.43450  2.37637e-17
7196.95286  3.54522e-17
7202.47123  2.68650e-17
7207.98959  2.02098e-17
7213.50795  2.26941e-17
7219.02632  2.00694e-17
7224.54468  1.46745e-17
7230.06304  2.25690e-17
7235.58141  2.57676e-17
7241.09977  2.05280e-17
7246.61814  2.67831e-17
7252.13650  3.15134e-17
7257.65486  1.60290e-17
7263.17323  2.12573e-17
7268.69159  1.78977e-17
7274.20995  1.25015e-17
7279.72831  3.17148e-17
7285.24668  1.79445e-17
7290.76506  7.80351e-18
7296.28341  2.53901e-17
7301.80177  1.55708e-17
7307.32014  1.12768e-17
7312.83850  2.67753e-17
7318.35686  2.58014e-17
7323.87523  1.71588e-17
7329.39359  1.27891e-17
7334.91196  2.02419e-17
7340.43032  2.56529e-17
7345.94868  2.29167e-17
7351.46705  1.43486e-17
7356.98541  1.32628e-17
7362.50376  2.30341e-17
7368.02214  1.74625e-17
7373.54051  1.77347e-17
7379.05887  7.58289e-18
7384.57724  1.37690e-17
7390.09559  2.65920e-17
7395.61396  1.95277e-17
7401.13232  5.93557e-18
7406.65068  3.86191e-18
7412.16905  2.10705e-17
7417.68741  3.03726e-17
7423.20578  1.45317e-17
7428.72414  1.60844e-17
7434.24250  2.13867e-17
7439.76087  2.44937e-17
7445.27923  1.95122e-17
7450.79759  2.14884e-17
7456.31596  1.87230e-17
7461.83432  2.04995e-17
7467.35269  1.81460e-17
7472.87105  2.31527e-17
7478.38941  2.27595e-17
7483.90778  1.59073e-17
7489.42614  1.44948e-17
7494.94450  1.05006e-17
7500.46287  7.98595e-18
7505.98123  1.12417e-17
7511.49960  1.75235e-17
7517.01796  2.17246e-17
7522.53632  2.23893e-17
7528.05469  1.74943e-17
7533.57305  1.32442e-17
7539.09142  1.49403e-17
7544.60978  5.57817e-18
7550.12814  9.96287e-18
7555.64651  1.84970e-17
7561.16487  2.35346e-17
7566.68323  1.09648e-17
7572.20159  8.79150e-18
7577.71996  1.18757e-17
7583.23834  1.15924e-17
7588.75669  1.44340e-17
7594.27505 -2.65232e-19
7599.79342 -1.40523e-17
7605.31178 -2.01479e-17
7610.83014 -3.75032e-18
7616.34851  3.33669e-17
7621.86687  5.36298e-17
7627.38524  3.86486e-17
7632.90360  3.12896e-18
7638.42196  9.57341e-18
7643.94033  2.87949e-17
7649.45869  3.36772e-17
7654.97704  4.25381e-17
7660.49542  2.28730e-17
7666.01379  1.32615e-17
7671.53215  2.92274e-17
7677.05051  8.43687e-18
7682.56887  1.32231e-17
7688.08724  1.77823e-17
7693.60560  2.46975e-17
7699.12396  5.27377e-18
7704.64233  1.78140e-17
7710.16069  5.12909e-18
7715.67906  1.16873e-17
7721.19742  2.72997e-17
7726.71578  1.90719e-17
7732.23415  3.61359e-18
7737.75251  1.85935e-17
7743.27087  1.94761e-18
7748.78924  6.97436e-18
7754.30760  1.84983e-17
7759.82597  1.30742e-17
7765.34433  2.29852e-18
7770.86269  5.69425e-18
7776.38106  1.14541e-17
7781.89942  1.64945e-17
7787.41778  1.21155e-17
7792.93615  1.22727e-17
7798.45451  2.43719e-17
7803.97288  5.21228e-18
7809.49124  9.31182e-18
7815.00960  2.42086e-17
7820.52797  7.35789e-18
7826.04633  8.13244e-18
7831.56469  8.65507e-18
7837.08306 -4.01030e-18
7842.60142  1.17248e-17
7848.11979  8.16987e-18
7853.63814  1.35449e-17
7859.15651  1.96247e-17
7864.67489  1.96585e-17
7870.19324  7.77315e-18
7875.71160  9.60325e-18
7881.22997  8.41779e-18
7886.74833  1.91816e-17
7892.26670  2.27025e-17
7897.78506  2.02117e-17
7903.30342  1.85153e-17
7908.82179  1.44137e-17
7914.34015  2.35568e-17
7919.85851  1.82146e-17
7925.37688  6.10871e-18
7930.89524  1.24803e-17
7936.41361  7.27468e-18
7941.93197  2.42832e-17
7947.45032  1.65696e-18
7952.96870  7.25991e-18
7958.48707 -1.59360e-18
7964.00542 -6.45394e-18
7969.52379  2.83069e-17
7975.04215  1.68241e-18
7980.56052 -6.11124e-18
7986.07888  1.29437e-17
7991.59724  5.58781e-18
7997.11561  6.76988e-18
8002.63397  2.00707e-17
8008.15233  9.63160e-18
8013.67070  1.42900e-17
8019.18906  2.19089e-17
8024.70743  9.23629e-18
8030.22579  7.36364e-18
8035.74415  1.04591e-17
8041.26252  6.71045e-18
8046.78088  7.76729e-18
8052.29925  1.40776e-17
8057.81761  1.62411e-17
8063.33597  1.53185e-17
8068.85434  1.81642e-17
8074.37270  8.88547e-18
8079.89106  1.75081e-17
8085.40943  1.37874e-17
8090.92779  6.82012e-18
8096.44615  5.94694e-18
8101.96452  1.11715e-18
8107.48288  3.12798e-19
8113.00125  2.97915e-17
8118.51961  2.87884e-17
8124.03797  3.16803e-18
8129.55634  4.46197e-18
8135.07470  3.59759e-18
8140.59306  2.07443e-18
8146.11142  5.22859e-18
8151.62979  1.03137e-17
8157.14817  4.79345e-18
8162.66652  1.04591e-17
8168.18488  9.66069e-18
8173.70325  2.75210e-18
8179.22161 -1.90452e-18
8184.73997  5.20819e-18
8190.25834  1.52414e-17
8195.77670  6.01757e-18
8201.29507 -1.17882e-18
8206.81343 -2.00892e-18
8212.33179  9.04993e-18
8217.85016  1.31820e-18
8223.36852  1.08908e-17
8228.88688  2.35750e-17
8234.40525  1.58939e-17
8239.92360 -3.42146e-18
8245.44198 -3.53649e-18
8250.96035  5.17886e-18
8256.47870  9.55736e-18
8261.99707  1.76152e-18
8267.51543  5.87765e-18
8273.03379 -1.93238e-18
8278.55216 -7.23159e-19
8284.07052  5.01740e-18
8289.58889  1.47990e-17
8295.10725  1.07074e-17
8300.62561  1.45984e-17
8306.14398  1.63677e-17
8311.66234  8.49192e-19
8317.18070 -3.82890e-18
8322.69907  2.90315e-19
8328.21743 -5.25443e-18
8333.73580  7.16540e-18
8339.25416  1.56682e-17
8344.77252  2.69183e-17
8350.29089  2.67244e-17
8355.80925 -5.66964e-18
8361.32761  2.01682e-17
8366.84598 -2.92663e-18
8372.36434  5.92030e-18
8377.88271  9.63969e-18
8383.40107 -1.59555e-19
8388.91943  3.85994e-18
8394.43780 -8.15134e-18
8399.95616  6.89423e-18
8405.47452  4.40476e-17
8410.99289  8.93755e-18
8416.51125  9.20071e-18
8422.02962  9.03843e-18
8427.54798 -6.04791e-18
8433.06634  2.51432e-17
8438.58470  1.36305e-17
8444.10307  9.22999e-18
8449.62143  9.99313e-18
8455.13980  3.02942e-17
8460.65816  1.79824e-17
8466.17653  1.36485e-17
8471.69489  2.08806e-17
8477.21325  1.54126e-17
8482.73162  7.69414e-18
8488.24998  1.34401e-17
8493.76834  2.04950e-17
8499.28671  1.33038e-17
8504.80507  5.69470e-18
8510.32344  1.68243e-17
8515.84180  8.27482e-18
8521.36015  1.52270e-18
8526.87853  2.57179e-17
8532.39690  5.54430e-18
8537.91526  2.88977e-18
8543.43362  2.04967e-18
8548.95198  8.17734e-18
8554.47035  2.32165e-17
8559.98871 -1.77258e-18
8565.50707  1.44535e-17
8571.02544  1.21954e-17
8576.54380 -9.46476e-19
8582.06217 -2.15127e-19
8587.58053 -2.68908e-18
8593.09889  5.41707e-18
8598.61726 -7.08201e-19
8604.13562 -8.03589e-18
8609.65398 -4.49713e-18
8615.17235 -5.46741e-18
8620.69071 -1.15341e-17
8626.20908 -9.97257e-18
8631.72744 -8.80154e-21
8637.24580  6.17661e-18
8642.76417  1.87427e-17
8648.28253  1.39035e-17
8653.80089 -2.28387e-18
8659.31926  5.89180e-18
8664.83762  8.16646e-18
8670.35599  8.89542e-18
8675.87435  1.08212e-17
8681.39271 -7.60555e-18
8686.91108  9.98320e-18
8692.42944 -1.75000e-20
8697.94780  1.54563e-17
8703.46617  1.81609e-17
8708.98453  8.43367e-18
8714.50290  1.52615e-17
8720.02126  1.36684e-17
8725.53962  6.56825e-18
8731.05798 -1.14698e-18
8736.57635 -7.25907e-18
8742.09471 -1.05957e-17
8747.61308  2.86094e-17
8753.13144  5.11028e-17
8758.64981  3.90912e-17
8764.16817  4.21090e-17
8769.68653  5.01078e-17
8775.20490  6.76265e-18
8780.72326 -2.31880e-18
8786.24162  5.59336e-18
8791.75999  9.91911e-18
8797.27835  1.56098e-17
8802.79672  2.25433e-18
8808.31508 -1.17192e-17
8813.83343 -2.12016e-17
8819.35181  5.22001e-18
8824.87018  2.18095e-17
8830.38853  5.87843e-17
8835.90690  1.35946e-17
8841.42526 -1.64253e-18
8846.94363 -2.55891e-17
8852.46199 -3.77126e-18
8857.98035  3.22631e-17
8863.49872  4.29287e-17
8869.01708  1.81022e-17
8874.53544  1.76396e-17
8880.05381 -6.37861e-18
8885.57217 -1.81996e-17
8891.09054  2.56904e-17
8896.60890  3.48739e-18
8902.12726  6.57192e-19
8907.64563  3.74228e-17
8913.16399  3.26619e-17
8918.68236  6.13835e-18
8924.20072  1.95059e-17
8929.71908  3.71432e-17
8935.23745  1.87411e-17
8940.75581  3.43866e-17
8946.27417  2.71855e-17
8951.79254  1.07880e-17
8957.31090  2.04283e-17
8962.82926  1.10514e-17
8968.34763  3.97077e-20
8973.86599  1.17960e-17
8979.38436 -3.19890e-18
8984.90272 -1.22072e-17
8990.42108 -9.82414e-18
8995.93945  3.68777e-18
9001.45781  3.49196e-17
9006.97617  2.65941e-18
9012.49453 -2.98441e-18
9018.01290  1.97940e-18
9023.53128 -1.25675e-17
9029.04963  1.44881e-17
9034.56799  1.63255e-17
9040.08636  2.15036e-17
9045.60472 -7.15459e-18
9051.12308 -5.66760e-18
9056.64145 -5.32009e-18
9062.15981 -3.75090e-18
9067.67818 -9.13316e-18
9073.19654 -9.99756e-18
9078.71490  7.67371e-18
9084.23327 -4.77450e-18
9089.75163 -2.10152e-17
9095.26999  8.03951e-19
9100.78836  3.37260e-17
9106.30671  1.56543e-17
9111.82509 -2.30121e-17
9117.34346 -1.38646e-17
9122.86181  5.99094e-18
9128.38018  1.38498e-17
9133.89854  3.38316e-17
9139.41690 -1.01755e-18
9144.93527 -1.51031e-17
9150.45363 -3.43226e-18
9155.97200  2.68021e-17
9161.49036  3.09849e-17
9167.00872 -1.29709e-17
9172.52709 -1.39435e-17
9178.04545  4.67019e-18
9183.56381  1.77177e-18
9189.08218  8.45365e-18
9194.60054  1.96962e-17
9200.11891 -2.97996e-18
9205.63727 -3.27794e-18
9211.15564 -5.12136e-18
9216.67400 -1.49773e-18
9222.19236  5.72985e-18
9227.71072  4.53719e-18
9233.22909  6.72701e-17
