3650.072 -8.26812e-18 
3655.591 1.73280e-18 
3661.110 9.45031e-19 
3666.629 -1.32957e-17 
3672.148 -3.39301e-18 
3677.667 1.83548e-17 
3683.186 -1.26511e-17 
3688.705 6.66681e-18 
3694.224 8.68669e-18 
3699.743 -4.45903e-19 
3705.261 -5.61770e-18 
3710.781 -1.52524e-17 
3716.299 2.23236e-17 
3721.818 8.30178e-18 
3727.337 -1.41052e-17 
3732.856 -1.46049e-17 
3738.375 2.23139e-17 
3743.894 -1.54147e-19 
3749.413 7.97213e-18 
3754.932 2.26816e-17 
3760.451 2.02677e-17 
3765.970 2.71014e-18 
3771.489 1.20290e-17 
3777.008 -1.71410e-17 
3782.526 -6.17797e-18 
3788.045 1.12473e-17 
3793.564 5.60001e-18 
3799.083 8.60156e-18 
3804.602 1.00751e-17 
3810.121 8.70710e-19 
3815.640 -2.73759e-18 
3821.159 2.99274e-19 
3826.678 -2.23028e-18 
3832.197 1.66540e-17 
3837.716 2.50170e-18 
3843.235 -4.80553e-18 
3848.753 -3.66764e-18 
3854.272 8.69121e-18 
3859.791 1.77028e-17 
3865.310 -2.29238e-18 
3870.829 3.21358e-18 
3876.348 -3.96865e-18 
3881.867 4.13405e-18 
3887.386 1.76477e-17 
3892.905 9.04702e-18 
3898.424 -6.32660e-18 
3903.943 8.59013e-18 
3909.462 3.45709e-18 
3914.980 -4.84454e-18 
3920.500 1.01219e-17 
3926.018 -1.72502e-18 
3931.537 9.11869e-18 
3937.056 1.16103e-17 
3942.575 9.47140e-18 
3948.094 2.29859e-17 
3953.613 2.46991e-17 
3959.132 1.67318e-17 
3964.651 1.74304e-17 
3970.170 9.68455e-18 
3975.689 -6.96985e-18 
3981.208 -1.40027e-17 
3986.727 6.64800e-18 
3992.245 -2.86749e-18 
3997.764 4.40947e-18 
4003.283 -3.08731e-18 
4008.802 -9.84667e-18 
4014.321 6.21902e-18 
4019.840 1.50084e-17 
4025.359 1.47333e-17 
4030.878 1.52655e-17 
4036.397 7.13317e-18 
4041.916 1.39655e-18 
4047.435 6.84938e-18 
4052.954 -9.48015e-19 
4058.472 1.78893e-17 
4063.991 4.82339e-18 
4069.510 -1.12565e-17 
4075.029 -7.94874e-19 
4080.548 3.48459e-18 
4086.067 1.33746e-17 
4091.586 2.37589e-17 
4097.105 1.93453e-17 
4102.624 7.62571e-18 
4108.143 8.29305e-18 
4113.662 1.22213e-17 
4119.181 4.21630e-18 
4124.700 7.11623e-18 
4130.218 7.99895e-18 
4135.737 1.75151e-17 
4141.256 6.79704e-18 
4146.775 1.66132e-17 
4152.294 1.64318e-17 
4157.813 1.59724e-17 
4163.332 1.80687e-18 
4168.851 -9.23443e-18 
4174.370 3.51647e-18 
4179.889 -2.84655e-18 
4185.408 -2.39109e-18 
4190.927 9.11096e-18 
4196.445 2.77108e-18 
4201.964 -1.75835e-18 
4207.483 -5.28699e-18 
4213.002 1.16971e-17 
4218.521 9.54752e-18 
4224.040 2.72695e-18 
4229.559 1.24473e-17 
4235.078 9.73901e-18 
4240.597 6.52913e-18 
4246.116 1.13821e-17 
4251.635 -1.04373e-17 
4257.154 -1.36612e-17 
4262.672 -1.32260e-17 
4268.191 -6.37735e-18 
4273.710 1.12840e-17 
4279.229 9.89123e-19 
4284.748 -1.00762e-17 
4290.267 -3.81911e-18 
4295.786 1.70651e-19 
4301.305 1.69157e-17 
4306.824 2.67793e-18 
4312.343 -1.42016e-18 
4317.862 -2.80293e-18 
4323.381 4.06620e-18 
4328.899 9.16272e-18 
4334.418 3.79348e-18 
4339.937 1.53858e-18 
4345.457 -1.90148e-18 
4350.975 -1.30769e-18 
4356.494 -8.99732e-18 
4362.013 6.79279e-18 
4367.532 -2.44386e-18 
4373.051 4.88501e-18 
4378.570 9.75445e-18 
4384.089 1.18303e-17 
4389.608 1.10530e-17 
4395.126 -2.39931e-18 
4400.646 7.18019e-19 
4406.165 1.78594e-17 
4411.684 1.70494e-17 
4417.202 1.49451e-17 
4422.721 6.38721e-18 
4428.240 1.68572e-17 
4433.759 1.02472e-17 
4439.278 1.18695e-17 
4444.797 1.02829e-17 
4450.316 8.03886e-18 
4455.835 -9.80802e-18 
4461.354 2.33201e-18 
4466.873 1.57961e-17 
4472.392 4.14752e-18 
4477.911 7.89902e-18 
4483.429 4.20502e-18 
4488.948 -5.25028e-20 
4494.467 1.96358e-18 
4499.986 4.79175e-18 
4505.505 -8.99741e-19 
4511.024 1.96582e-18 
4516.543 -1.62145e-18 
4522.062 6.42153e-18 
4527.581 3.97318e-18 
4533.100 -3.73889e-18 
4538.619 -9.26359e-18 
4544.138 -1.11905e-17 
4549.656 -1.47223e-17 
4555.175 -9.02225e-18 
4560.694 5.55009e-18 
4566.213 1.95654e-18 
4571.732 1.00918e-18 
4577.251 2.87422e-18 
4582.770 -4.53132e-18 
4588.289 2.58435e-18 
4593.808 9.07784e-18 
4599.327 5.87304e-18 
4604.846 1.51177e-17 
4610.365 1.39506e-17 
4615.884 6.98107e-19 
4621.402 -1.92609e-18 
4626.921 3.61299e-18 
4632.440 4.76481e-18 
4637.959 8.35808e-18 
4643.478 4.60570e-18 
4648.997 1.31174e-19 
4654.516 -3.69239e-18 
4660.035 -5.28237e-18 
4665.554 3.74681e-18 
4671.073 -1.67564e-18 
4676.592 1.10992e-17 
4682.111 1.07722e-17 
4687.629 1.03361e-17 
4693.148 4.11115e-18 
4698.667 1.21577e-17 
4704.187 4.14023e-18 
4709.705 1.01453e-17 
4715.224 -5.87616e-19 
4720.743 -4.33992e-18 
4726.262 3.62149e-18 
4731.781 6.91461e-18 
4737.300 2.02991e-17 
4742.819 1.62402e-17 
4748.338 1.35254e-18 
4753.856 -4.20324e-18 
4759.375 1.59567e-17 
4764.895 5.27927e-18 
4770.414 -1.13882e-17 
4775.932 8.68621e-18 
4781.451 5.33758e-18 
4786.970 2.42869e-18 
4792.489 9.31227e-18 
4798.008 1.95758e-17 
4803.527 1.17069e-17 
4809.046 3.23260e-18 
4814.565 6.15895e-18 
4820.083 -1.12064e-18 
4825.603 3.44332e-18 
4831.122 9.90722e-18 
4836.641 1.06324e-17 
4842.159 1.34937e-17 
4847.678 1.27550e-17 
4853.197 1.15531e-17 
4858.716 -6.39375e-18 
4864.235 1.24795e-18 
4869.754 8.92498e-18 
4875.273 2.12501e-18 
4880.792 6.66286e-18 
4886.311 9.96635e-18 
4891.830 9.21805e-18 
4897.349 8.16940e-18 
4902.868 1.94914e-17 
4908.386 4.48526e-18 
4913.905 2.87651e-18 
4919.424 2.40311e-18 
4924.943 8.95347e-18 
4930.462 6.88575e-19 
4935.981 1.02466e-17 
4941.500 1.06654e-17 
4947.019 5.84294e-18 
4952.538 2.90400e-18 
4958.057 1.54113e-18 
4963.576 -1.22487e-18 
4969.095 2.20961e-18 
4974.613 -5.43506e-18 
4980.132 -8.36321e-18 
4985.651 7.22703e-18 
4991.170 6.45556e-18 
4996.689 1.09118e-17 
5002.208 3.32101e-18 
5007.727 -7.50256e-19 
5013.246 1.58444e-17 
5018.765 1.25219e-17 
5024.284 1.26870e-17 
5029.803 1.06960e-17 
5035.322 -4.49614e-18 
5040.840 5.86477e-18 
5046.359 1.73784e-17 
5051.878 5.69740e-18 
5057.397 3.56242e-18 
5062.916 1.92673e-17 
5068.435 1.47172e-17 
5073.954 3.84924e-19 
5079.473 2.89672e-18 
5084.992 4.85126e-18 
5090.511 1.11246e-18 
5096.030 -2.25688e-19 
5101.549 -4.92137e-18 
5107.067 -2.19340e-18 
5112.586 2.85076e-18 
5118.105 -2.99062e-18 
5123.625 6.53470e-18 
5129.143 9.19497e-18 
5134.662 1.80726e-17 
5140.181 2.47230e-17 
5145.700 1.54606e-17 
5151.219 1.63362e-17 
5156.738 1.54222e-17 
5162.257 1.68866e-17 
5167.776 1.82376e-17 
5173.294 8.52323e-18 
5178.813 1.71215e-17 
5184.333 6.49994e-18 
5189.852 4.42811e-18 
5195.370 1.93126e-17 
5200.889 1.70401e-17 
5206.408 1.39233e-17 
5211.927 1.39317e-17 
5217.446 9.77967e-18 
5222.965 1.78042e-17 
5228.484 2.06333e-17 
5234.003 1.17184e-17 
5239.521 3.29340e-18 
5245.041 1.60198e-17 
5250.560 2.27235e-17 
5256.079 1.52682e-17 
5261.597 7.93891e-18 
5267.116 9.70602e-18 
5272.635 1.11668e-17 
5278.154 8.37964e-18 
5283.673 1.08253e-17 
5289.192 1.69927e-17 
5294.711 6.25641e-18 
5300.230 1.18897e-17 
5305.749 1.11886e-17 
5311.268 1.79376e-17 
5316.787 1.25175e-17 
5322.306 2.45845e-17 
5327.824 1.89582e-17 
5333.343 8.09612e-18 
5338.862 1.09143e-17 
5344.381 8.14979e-18 
5349.900 -4.53225e-19 
5355.419 1.91088e-17 
5360.938 2.68928e-18 
5366.457 1.52356e-17 
5371.976 1.36084e-17 
5377.495 1.28503e-17 
5383.014 2.79821e-18 
5388.533 -1.95976e-19 
5394.051 1.38483e-17 
5399.570 8.59924e-18 
5405.089 1.02925e-17 
5410.608 5.96821e-18 
5416.127 6.21549e-18 
5421.646 9.27004e-18 
5427.165 1.78216e-17 
5432.684 5.55887e-18 
5438.203 -3.15873e-18 
5443.722 3.55162e-18 
5449.241 7.48672e-18 
5454.760 1.04248e-18 
5460.278 1.54711e-17 
5465.797 -6.46885e-19 
5471.316 -7.50051e-18 
5476.835 -1.01169e-17 
5482.354 1.00816e-18 
5487.873 -1.02094e-18 
5493.392 3.46145e-18 
5498.911 1.37799e-17 
5504.430 9.79618e-18 
5509.949 6.58382e-18 
5515.468 1.34828e-17 
5520.987 8.56760e-18 
5526.506 7.41184e-18 
5532.024 2.39877e-18 
5537.543 7.80601e-18 
5543.063 9.19037e-18 
5548.582 3.11753e-18 
5554.100 5.93289e-18 
5559.619 -1.03550e-17 
5565.138 -2.69219e-17 
5570.657 -1.49533e-17 
5576.176 9.74765e-18 
5581.695 1.65154e-17 
5587.214 1.27868e-17 
5592.733 1.17790e-17 
5598.251 3.43613e-18 
5603.771 2.19194e-18 
5609.290 -3.91031e-18 
5614.809 -1.97233e-20 
5620.327 3.27860e-18 
5625.846 -3.74903e-18 
5631.365 -5.91219e-18 
5636.884 -6.50051e-18 
5642.403 -1.12122e-17 
5647.922 -9.81679e-18 
5653.441 -1.44957e-17 
5658.960 -8.61413e-19 
5664.479 -1.03443e-18 
5669.998 -1.22624e-17 
5675.517 -2.99676e-18 
5681.036 -4.49487e-18 
5686.554 2.13520e-18 
5692.073 1.16920e-17 
5697.592 6.59017e-18 
5703.111 4.87839e-18 
5708.630 -6.53218e-19 
5714.149 -1.20084e-17 
5719.668 -8.44476e-18 
5725.187 -7.43109e-18 
5730.706 2.24118e-18 
5736.225 2.79064e-18 
5741.744 -1.11217e-17 
5747.263 -5.00173e-18 
5752.781 3.59564e-18 
5758.300 -3.89158e-18 
5763.819 -6.13319e-18 
5769.338 -2.21649e-18 
5774.857 4.08243e-18 
5780.376 6.31816e-18 
5785.895 -1.13311e-17 
5791.414 -1.23264e-17 
5796.933 -1.80460e-17 
5802.452 -1.62706e-17 
5807.971 -1.22802e-17 
5813.490 -5.16062e-18 
5819.008 -7.67100e-18 
5824.527 -1.92662e-17 
5830.046 -6.06283e-18 
5835.565 -8.04329e-18 
5841.084 -5.04081e-18 
5846.603 -1.21773e-17 
5852.122 -8.20129e-18 
5857.641 -1.15554e-17 
5863.160 2.16010e-19 
5868.679 -5.23475e-18 
5874.198 -1.26709e-17 
5879.717 -1.30388e-17 
5885.235 -9.53109e-18 
5890.754 -4.96612e-18 
5896.273 -2.34370e-19 
5901.792 -2.53072e-17 
5907.311 -8.07377e-18 
5912.830 -4.58471e-18 
5918.349 -2.12431e-17 
5923.868 -2.18117e-18 
5929.387 1.41911e-18 
5934.906 1.70283e-19 
5940.425 -1.08413e-17 
5945.944 -7.10662e-18 
5951.462 -5.30390e-18 
5956.981 -4.53188e-18 
5962.500 -7.25397e-18 
5968.020 -2.55396e-18 
5973.538 2.44223e-18 
5979.057 -7.16147e-18 
5984.576 -7.45606e-18 
5990.095 -4.34706e-18 
5995.614 -7.86805e-18 
6001.133 -9.45814e-18 
6006.652 -6.59232e-18 
6012.171 -7.02938e-18 
6017.689 -1.09752e-17 
6023.208 -1.02125e-17 
6028.728 -3.45429e-18 
6034.247 -5.98878e-18 
6039.765 -6.70776e-18 
6045.284 -1.78322e-18 
6050.803 -1.15058e-17 
6056.322 -1.08194e-17 
6061.841 -4.75582e-18 
6067.360 3.18754e-18 
6072.879 -7.97297e-18 
6078.398 -2.17334e-18 
6083.917 -4.75217e-18 
6089.436 -1.16567e-18 
6094.955 -4.06132e-18 
6100.474 -1.04170e-17 
6105.992 -1.04122e-17 
6111.511 -3.90919e-19 
6117.030 -5.49019e-18 
6122.549 -3.02711e-18 
6128.068 -9.38287e-18 
6133.587 1.88042e-18 
6139.106 -3.66004e-18 
6144.625 -6.32484e-18 
6150.144 -1.36861e-17 
6155.663 -1.31580e-17 
6161.182 -6.95905e-18 
6166.701 3.45450e-18 
6172.219 -1.31753e-17 
6177.738 -1.15763e-17 
6183.257 -7.86382e-18 
6188.776 3.57762e-18 
6194.295 1.01691e-17 
6199.814 -3.63958e-18 
6205.333 6.17238e-18 
6210.852 1.11373e-18 
6216.371 -3.94984e-18 
6221.890 6.09877e-19 
6227.409 6.80773e-19 
6232.928 -4.41394e-18 
6238.446 7.64293e-18 
6243.965 1.02256e-17 
6249.484 7.39466e-18 
6255.003 7.81611e-18 
6260.522 4.11475e-18 
6266.041 -1.42619e-18 
6271.560 -3.53955e-18 
6277.079 2.92849e-18 
6282.598 3.24242e-19 
6288.117 -6.96690e-18 
6293.636 -4.60644e-18 
6299.155 1.04218e-17 
6304.673 6.28619e-18 
6310.192 -9.71532e-18 
6315.711 -6.74042e-18 
6321.230 2.29550e-18 
6326.749 1.57823e-18 
6332.268 -6.49826e-19 
6337.787 -8.53386e-18 
6343.306 2.11126e-19 
6348.825 3.85793e-18 
6354.344 9.32876e-18 
6359.863 1.20013e-17 
6365.382 -1.93119e-18 
6370.900 -9.35169e-18 
6376.419 -7.68684e-18 
6381.938 -3.92927e-18 
6387.458 -3.95116e-18 
6392.976 1.20278e-17 
6398.495 5.54376e-18 
6404.014 1.87227e-18 
6409.533 4.74693e-18 
6415.052 -5.47984e-19 
6420.571 -8.46385e-18 
6426.090 -5.55167e-19 
6431.609 7.21786e-18 
6437.127 8.85927e-19 
6442.646 6.91004e-18 
6448.166 -1.29469e-18 
6453.685 -2.95147e-18 
6459.204 -1.49240e-18 
6464.722 -6.63778e-18 
6470.241 1.22899e-18 
6475.760 7.39063e-18 
6481.279 7.08520e-19 
6486.798 -2.33073e-18 
6492.317 5.29258e-18 
6497.836 9.39355e-18 
6503.355 2.85949e-18 
6508.874 2.31019e-18 
6514.393 1.02590e-17 
6519.912 3.15158e-18 
6525.431 -3.10951e-18 
6530.949 1.30056e-19 
6536.468 1.66909e-18 
6541.987 -3.31359e-18 
6547.506 -7.12090e-18 
6553.025 3.11456e-18 
6558.544 7.33110e-18 
6564.063 1.06291e-17 
6569.582 1.05011e-18 
6575.101 3.99769e-18 
6580.620 1.07784e-17 
6586.139 5.77779e-19 
6591.658 -3.71560e-18 
6597.176 3.97200e-18 
6602.695 -1.21410e-18 
6608.214 1.62618e-18 
6613.733 -9.05945e-18 
6619.252 -3.18340e-18 
6624.771 4.95425e-18 
6630.290 7.35592e-19 
6635.809 -4.31567e-18 
6641.328 -4.15145e-19 
6646.847 4.39287e-18 
6652.366 1.00220e-18 
6657.885 4.98291e-18 
6663.403 1.34973e-18 
6668.922 5.21124e-18 
6674.441 6.91836e-18 
6679.960 -5.21871e-18 
6685.479 -3.00659e-18 
6690.998 1.66823e-18 
6696.517 5.62477e-18 
6702.036 -7.80991e-19 
6707.555 1.37475e-18 
6713.074 4.00201e-18 
6718.593 -6.57693e-18 
6724.112 -1.81355e-18 
6729.630 2.10374e-18 
6735.149 -5.21687e-18 
6740.668 2.60215e-18 
6746.188 3.81508e-18 
6751.706 2.60702e-18 
6757.225 1.63318e-18 
6762.744 3.42556e-18 
6768.263 1.48355e-18 
6773.782 4.64657e-18 
6779.301 -1.33593e-19 
6784.820 1.04046e-18 
6790.339 -8.81905e-18 
6795.857 -1.41095e-18 
6801.376 -2.13362e-18 
6806.896 -1.79057e-18 
6812.415 2.92212e-18 
6817.933 3.82572e-18 
6823.452 5.89955e-19 
6828.971 -4.94181e-19 
6834.490 7.63231e-18 
6840.009 8.65744e-18 
6845.528 6.24099e-18 
6851.047 -3.13622e-18 
6856.566 -3.66240e-18 
6862.084 3.80555e-18 
6867.604 1.20474e-18 
6873.123 3.62197e-18 
6878.642 6.33573e-18 
6884.160 1.05037e-17 
6889.679 1.39548e-17 
6895.198 8.09444e-18 
6900.717 1.75109e-17 
6906.236 2.05139e-17 
6911.755 2.20052e-17 
6917.274 2.61913e-17 
6922.793 2.46778e-17 
6928.312 2.72142e-17 
6933.831 2.42516e-17 
6939.350 2.67798e-17 
6944.869 2.41560e-17 
6950.387 2.68036e-17 
6955.906 2.50526e-17 
6961.425 1.36050e-17 
6966.944 1.39665e-17 
6972.463 1.40299e-17 
6977.982 2.68351e-17 
6983.501 2.43430e-17 
6989.020 2.22710e-17 
6994.539 1.69866e-17 
7000.058 1.54717e-17 
7005.577 2.13104e-17 
7011.096 1.77673e-17 
7016.614 1.26630e-17 
7022.133 1.32979e-17 
7027.652 2.17416e-17 
7033.171 2.58050e-17 
7038.690 2.85430e-17 
7044.209 3.11578e-17 
7049.728 2.35455e-17 
7055.247 2.13298e-17 
7060.766 1.39576e-17 
7066.285 1.43934e-17 
7071.804 2.23364e-17 
7077.323 1.88617e-17 
7082.841 1.70749e-17 
7088.360 1.07673e-17 
7093.879 2.12796e-17 
7099.398 1.61731e-17 
7104.917 1.44275e-17 
7110.436 1.64361e-17 
7115.955 1.34546e-17 
7121.474 1.60141e-17 
7126.993 2.61758e-17 
7132.512 2.17075e-17 
7138.031 2.10722e-17 
7143.550 2.34879e-17 
7149.068 2.47616e-17 
7154.587 2.70756e-17 
7160.106 2.45465e-17 
7165.625 2.57726e-17 
7171.144 3.01346e-17 
7176.663 2.63997e-17 
7182.182 2.81568e-17 
7187.701 1.79096e-17 
7193.220 1.70888e-17 
7198.739 1.86359e-17 
7204.258 1.55921e-17 
7209.777 2.12517e-17 
7215.295 1.58907e-17 
7220.814 2.43374e-17 
7226.333 2.58380e-17 
7231.853 1.47847e-17 
7237.371 1.59097e-17 
7242.890 2.33304e-17 
7248.409 2.43665e-17 
7253.928 2.24949e-17 
7259.447 1.20922e-17 
7264.966 9.18603e-18 
7270.485 1.18481e-17 
7276.004 1.66856e-17 
7281.522 1.94924e-17 
7287.042 2.02172e-17 
7292.561 1.82940e-17 
7298.080 2.65764e-17 
7303.598 9.11870e-18 
7309.117 1.10878e-17 
7314.636 2.82806e-17 
7320.155 2.21834e-17 
7325.674 2.06617e-17 
7331.193 1.87224e-17 
7336.712 2.45002e-17 
7342.231 3.48390e-17 
7347.750 2.71502e-17 
7353.269 1.60853e-17 
7358.788 1.54872e-17 
7364.307 2.09959e-17 
7369.826 2.66417e-17 
7375.344 2.66693e-17 
7380.863 2.44993e-17 
7386.382 2.34945e-17 
7391.901 2.53844e-17 
7397.420 1.29323e-17 
7402.939 1.22982e-17 
7408.458 1.08599e-17 
7413.977 2.29717e-17 
7419.496 2.71430e-17 
7425.015 9.04142e-18 
7430.534 1.39659e-17 
7436.053 1.68868e-17 
7441.571 6.23899e-18 
7447.090 1.37168e-17 
7452.609 1.78033e-17 
7458.128 1.61388e-17 
7463.647 1.61269e-17 
7469.166 8.87999e-18 
7474.685 1.00806e-17 
7480.204 1.03871e-17 
7485.723 1.28169e-17 
7491.242 1.03012e-17 
7496.761 3.53621e-18 
7502.280 9.18802e-18 
7507.798 5.47680e-18 
7513.317 8.12597e-18 
7518.836 1.37782e-17 
7524.355 1.86932e-17 
7529.874 2.28304e-17 
7535.393 1.09024e-17 
7540.912 5.27832e-19 
7546.431 5.83854e-19 
7551.950 2.90505e-18 
7557.469 5.55292e-18 
7562.988 1.01052e-17 
7568.507 4.85548e-18 
7574.025 -3.90433e-18 
7579.544 5.40623e-18 
7585.063 9.70168e-18 
7590.583 1.84818e-17 
7596.101 1.79474e-17 
7601.620 5.44354e-18 
7607.139 -7.03122e-18 
7612.658 -7.57081e-18 
7618.177 -4.84083e-18 
7623.696 -8.34768e-18 
7629.215 3.70715e-18 
7634.734 4.53484e-18 
7640.252 -1.46510e-17 
7645.771 -8.26975e-18 
7651.291 1.91177e-18 
7656.810 4.47895e-18 
7662.328 4.94189e-18 
7667.847 1.42242e-18 
7673.366 1.00211e-18 
7678.885 -1.59824e-18 
7684.404 2.58119e-18 
7689.923 1.47159e-18 
7695.442 9.25766e-18 
7700.961 -5.06181e-18 
7706.479 6.42678e-18 
7711.999 5.05486e-18 
7717.518 -1.02048e-17 
7723.037 3.45849e-18 
7728.555 1.14953e-17 
7734.074 1.03188e-17 
7739.593 1.43367e-18 
7745.112 -1.62119e-17 
7750.631 -1.00929e-17 
7756.150 -4.57075e-18 
7761.669 9.85794e-19 
7767.188 1.11365e-17 
7772.707 6.65078e-18 
7778.226 -7.85728e-18 
7783.745 -6.43638e-18 
7789.264 4.16576e-19 
7794.782 1.70648e-18 
7800.301 -6.12494e-18 
7805.820 -9.17230e-18 
7811.339 8.82019e-18 
7816.858 5.88974e-18 
7822.377 -8.27847e-19 
7827.896 6.19322e-18 
7833.415 -7.09572e-20 
7838.934 2.73632e-18 
7844.453 -5.26265e-18 
7849.972 4.42664e-18 
7855.491 1.38448e-18 
7861.009 1.79169e-19 
7866.528 6.92916e-19 
7872.047 -1.56533e-17 
7877.566 -1.67678e-17 
7883.085 -8.77144e-18 
7888.604 1.89592e-18 
7894.123 1.45679e-17 
7899.642 1.08956e-18 
7905.161 -1.07905e-17 
7910.680 -1.56840e-18 
7916.199 6.06599e-18 
7921.718 -4.65017e-18 
7927.236 -3.41910e-18 
7932.755 9.87623e-18 
7938.274 1.54725e-17 
7943.793 1.43480e-17 
7949.312 2.80586e-18 
7954.831 -8.10864e-18 
7960.350 -3.92530e-18 
7965.869 7.33237e-18 
7971.388 1.41826e-17 
7976.907 -5.33496e-18 
7982.426 -2.72656e-18 
7987.945 1.07693e-17 
7993.463 5.17092e-18 
7998.982 -3.03278e-19 
8004.501 1.90236e-18 
8010.021 4.42283e-18 
8015.539 -2.89877e-18 
8021.058 2.52826e-18 
8026.577 8.82762e-18 
8032.096 1.04277e-17 
8037.615 -9.13863e-19 
8043.134 -1.15695e-17 
8048.653 5.49868e-19 
8054.172 4.54447e-18 
8059.690 -2.58490e-18 
8065.209 1.26875e-18 
8070.729 6.10954e-18 
8076.248 -2.05636e-18 
8081.766 2.27916e-18 
8087.285 4.19031e-18 
8092.804 1.48278e-18 
8098.323 -6.62964e-18 
8103.842 -1.91667e-17 
8109.361 -3.27222e-18 
8114.880 1.37959e-17 
8120.399 1.17264e-17 
8125.917 3.01936e-19 
8131.437 -2.21580e-19 
8136.956 4.88092e-18 
8142.475 -8.81118e-18 
8147.993 -3.02727e-18 
8153.512 8.17885e-18 
8159.031 8.58118e-18 
8164.550 1.43922e-18 
8170.069 7.19416e-18 
8175.588 3.69591e-18 
8181.107 -3.45024e-18 
8186.626 1.93782e-18 
8192.145 -2.52383e-18 
8197.664 -6.01726e-18 
8203.183 -2.32761e-18 
8208.701 -5.24176e-18 
8214.221 1.32600e-18 
8219.739 6.90747e-19 
8225.258 -7.56511e-19 
8230.777 6.08663e-18 
8236.296 2.07286e-18 
8241.815 -2.64272e-18 
8247.334 2.37694e-19 
8252.853 3.38879e-18 
8258.372 9.85687e-19 
8263.891 1.77101e-17 
8269.409 5.48002e-18 
8274.929 3.93877e-18 
8280.447 -2.89321e-18 
8285.967 -1.14656e-17 
8291.485 -6.00390e-18 
8297.004 -1.96533e-19 
8302.523 7.88502e-18 
8308.042 1.03381e-17 
8313.562 -2.01775e-18 
8319.080 -1.02428e-17 
8324.599 -4.21629e-19 
8330.118 6.67869e-18 
8335.637 1.42708e-18 
8341.155 2.42504e-18 
8346.675 4.60477e-18 
8352.193 4.45867e-18 
8357.713 5.07773e-18 
8363.231 1.41105e-18 
8368.750 -1.14896e-17 
8374.270 -5.89671e-18 
8379.788 -9.21811e-18 
8385.307 -1.06983e-17 
8390.826 2.69398e-18 
8396.345 1.17106e-17 
8401.864 1.00072e-17 
8407.383 7.64607e-18 
8412.901 -1.39079e-18 
8418.421 3.30270e-18 
8423.939 4.27533e-18 
8429.458 1.73908e-17 
8434.978 1.86227e-17 
8440.496 1.60932e-18 
8446.016 2.31363e-18 
8451.534 1.11781e-17 
8457.053 1.58613e-17 
8462.572 -1.23278e-18 
8468.091 3.56089e-18 
8473.609 2.19357e-17 
8479.129 8.84984e-18 
8484.647 6.23031e-18 
8490.167 1.47868e-17 
8495.686 -1.67096e-18 
8501.204 -8.19897e-19 
8506.724 2.74399e-18 
8512.242 -3.87260e-18 
8517.761 4.10933e-19 
8523.280 -1.07751e-18 
8528.799 1.17335e-17 
8534.318 7.91866e-18 
8539.837 -3.53413e-18 
8545.355 2.07850e-18 
8550.875 4.64174e-18 
8556.394 1.22364e-17 
8561.912 3.76694e-18 
8567.432 -6.97008e-18 
8572.950 -6.03721e-18 
8578.470 -3.16142e-18 
8583.988 -7.49984e-18 
8589.507 -1.37835e-18 
8595.026 7.91137e-19 
8600.545 -1.80648e-18 
8606.063 -7.45970e-18 
8611.583 -2.96832e-18 
8617.102 -6.16145e-19 
8622.621 -3.90408e-18 
8628.140 6.23287e-18 
8633.658 1.43423e-17 
8639.178 1.19983e-17 
8644.696 5.92566e-18 
8650.215 -1.48288e-17 
8655.734 -1.68875e-17 
8661.253 -1.48127e-17 
8666.772 -3.29897e-18 
8672.291 1.79423e-18 
8677.810 -4.15984e-19 
8683.329 3.62028e-18 
8688.848 8.68140e-18 
8694.366 1.55744e-17 
8699.886 1.29723e-17 
8705.404 1.57045e-17 
8710.924 1.29675e-17 
8716.442 6.68864e-18 
8721.961 4.67385e-18 
8727.480 -4.12578e-19 
8732.999 7.97785e-18 
8738.518 2.21683e-18 
8744.037 4.73036e-18 
8749.556 1.74434e-17 
8755.075 3.23731e-17 
8760.594 3.81728e-17 
8766.112 2.87587e-17 
8771.632 1.02851e-17 
8777.150 -1.99697e-18 
8782.669 -9.38016e-18 
8788.188 -1.15085e-17 
8793.707 -1.17791e-17 
8799.227 -1.39319e-17 
8804.745 -1.26629e-17 
8810.264 -8.09771e-18 
8815.783 -5.24577e-18 
8821.302 -4.01952e-18 
8826.820 2.45046e-18 
8832.340 3.89049e-17 
8837.858 3.09441e-17 
8843.378 2.29701e-18 
8848.896 -6.39224e-18 
8854.415 1.32313e-17 
8859.935 2.72188e-17 
8865.453 3.02229e-17 
8870.972 2.21127e-17 
8876.491 1.89010e-17 
8882.010 -7.27946e-18 
8887.529 -6.16006e-18 
8893.048 -3.81058e-18 
8898.566 1.03303e-17 
8904.086 2.76368e-17 
8909.604 1.43787e-17 
8915.123 1.78905e-17 
8920.643 1.18941e-17 
8926.161 1.38735e-17 
8931.681 1.88712e-17 
8937.199 1.63191e-17 
8942.718 2.57970e-17 
8948.237 1.08563e-17 
8953.756 -5.35839e-19 
8959.274 4.78115e-18 
8964.794 -4.18368e-18 
8970.313 6.69586e-20 
8975.832 1.33493e-17 
8981.351 4.44632e-18 
8986.869 -2.54175e-17 
8992.389 -1.91098e-17 
8997.907 1.08546e-18 
9003.426 1.20861e-17 
9008.945 1.45567e-17 
9014.464 -3.88471e-18 
9019.983 -7.97717e-18 
9025.502 1.24281e-18 
9031.021 2.09774e-17 
9036.540 1.46017e-17 
9042.059 -5.02939e-18 
9047.577 -2.11176e-18 
9053.097 2.48424e-19 
9058.615 -1.60790e-17 
9064.135 -8.58655e-18 
9069.653 -1.22985e-17 
9075.172 -1.15929e-17 
9080.691 -1.62069e-18 
9086.210 -1.88653e-17 
9091.729 -2.44224e-18 
9097.248 1.02788e-17 
9102.767 1.87443e-17 
9108.286 -4.23894e-18 
9113.805 -1.62850e-17 
9119.323 -1.16993e-17 
9124.843 1.28828e-17 
9130.361 5.95641e-18 
9135.880 -1.42329e-17 
9141.399 -8.22383e-18 
9146.918 -1.64251e-17 
9152.438 -2.48410e-18 
9157.956 1.25854e-17 
9163.475 -1.95712e-18 
9168.994 1.55120e-18 
9174.513 -4.34471e-18 
9180.031 -1.13453e-17 
9185.551 -9.73888e-19 
9191.069 5.99543e-18 
9196.589 3.14019e-19 
9202.107 2.18217e-18 
9207.626 6.86659e-18 
9213.146 -2.43918e-17 
9218.664 -1.49144e-17 
9224.183 2.27933e-17 
9229.702 -4.67104e-18 
9235.221 4.71321e-17 
