3666.80469  1.06095e-16
3672.32449  8.50406e-17
3677.84429  1.02817e-16
3683.36409  1.22378e-16
3688.88390  1.06736e-16
3694.40370  8.97596e-17
3699.92350  7.75466e-17
3705.44330  1.12137e-16
3710.96310  1.05810e-16
3716.48290  9.21074e-17
3722.00271  8.75480e-17
3727.52251  1.01598e-16
3733.04231  8.63610e-17
3738.56211  9.71942e-17
3744.08191  9.35813e-17
3749.60172  7.91617e-17
3755.12152  7.98385e-17
3760.64132  8.05412e-17
3766.16112  9.62043e-17
3771.68092  9.37136e-17
3777.20073  7.97216e-17
3782.72053  7.57957e-17
3788.24033  8.87259e-17
3793.76013  8.28112e-17
3799.27993  7.99492e-17
3804.79973  8.43527e-17
3810.31954  8.35909e-17
3815.83934  7.74531e-17
3821.35914  9.46247e-17
3826.87894  1.01777e-16
3832.39874  8.48265e-17
3837.91855  7.50565e-17
3843.43835  9.64206e-17
3848.95815  9.73254e-17
3854.47795  8.02508e-17
3859.99775  7.04254e-17
3865.51756  8.47894e-17
3871.03736  9.66997e-17
3876.55716  8.44971e-17
3882.07696  8.13685e-17
3887.59676  8.19499e-17
3893.11656  7.36808e-17
3898.63637  7.56130e-17
3904.15617  7.25200e-17
3909.67597  6.84749e-17
3915.19577  7.21303e-17
3920.71557  7.95847e-17
3926.23538  8.57772e-17
3931.75518  6.37054e-17
3937.27498  6.99383e-17
3942.79478  8.09016e-17
3948.31458  7.55124e-17
3953.83439  8.18311e-17
3959.35419  8.25653e-17
3964.87399  8.63942e-17
3970.39379  8.04669e-17
3975.91359  8.26700e-17
3981.43339  8.37150e-17
3986.95320  8.06487e-17
3992.47300  9.35888e-17
3997.99280  8.27261e-17
4003.51260  8.28341e-17
4009.03240  7.95919e-17
4014.55221  7.63460e-17
4020.07201  7.75808e-17
4025.59181  8.72066e-17
4031.11161  8.54355e-17
4036.63141  8.29537e-17
4042.15122  7.35781e-17
4047.67102  8.57050e-17
4053.19082  8.34645e-17
4058.71062  9.62841e-17
4064.23042  1.03349e-16
4069.75022  1.13513e-16
4075.27003  9.47860e-17
4080.78983  7.21999e-17
4086.30963  7.27625e-17
4091.82943  9.27521e-17
4097.34923  8.17031e-17
4102.86904  7.24102e-17
4108.38884  8.33268e-17
4113.90864  8.17803e-17
4119.42844  8.31762e-17
4124.94824  9.89929e-17
4130.46805  8.89840e-17
4135.98785  8.33928e-17
4141.50765  8.06748e-17
4147.02745  7.98517e-17
4152.54725  8.62776e-17
4158.06705  8.50649e-17
4163.58686  8.87043e-17
4169.10666  7.69316e-17
4174.62646  7.13168e-17
4180.14626  8.32838e-17
4185.66606  6.98257e-17
4191.18587  8.07099e-17
4196.70567  7.99233e-17
4202.22547  8.64995e-17
4207.74527  9.32049e-17
4213.26507  8.35824e-17
4218.78488  8.07166e-17
4224.30468  8.76880e-17
4229.82448  7.90093e-17
4235.34428  8.40680e-17
4240.86408  7.83268e-17
4246.38388  7.25607e-17
4251.90369  8.02688e-17
4257.42349  9.09023e-17
4262.94329  9.04027e-17
4268.46309  8.16577e-17
4273.98289  8.24993e-17
4279.50270  8.65654e-17
4285.02250  7.63178e-17
4290.54230  7.10270e-17
4296.06210  7.36974e-17
4301.58190  7.26222e-17
4307.10171  7.56339e-17
4312.62151  8.47893e-17
4318.14131  8.02316e-17
4323.66111  7.95950e-17
4329.18091  6.30225e-17
4334.70071  6.93730e-17
4340.22052  8.26116e-17
4345.74032  8.92441e-17
4351.26012  9.02761e-17
4356.77992  9.08228e-17
4362.29972  9.22489e-17
4367.81953  9.43414e-17
4373.33933  9.78923e-17
4378.85913  8.92826e-17
4384.37893  9.95496e-17
4389.89873  9.82897e-17
4395.41854  9.99554e-17
4400.93834  9.47809e-17
4406.45814  9.75972e-17
4411.97794  9.68536e-17
4417.49774  9.94262e-17
4423.01754  9.63506e-17
4428.53735  1.00307e-16
4434.05715  9.79480e-17
4439.57695  9.07420e-17
4445.09675  9.93636e-17
4450.61655  1.01900e-16
4456.13636  9.43453e-17
4461.65616  9.79214e-17
4467.17596  9.76375e-17
4472.69576  1.02263e-16
4478.21556  9.24621e-17
4483.73537  9.05303e-17
4489.25517  9.44572e-17
4494.77497  9.22367e-17
4500.29477  1.00603e-16
4505.81457  9.55749e-17
4511.33437  9.83500e-17
4516.85418  9.09379e-17
4522.37398  9.43101e-17
4527.89378  9.11899e-17
4533.41358  9.03264e-17
4538.93338  9.36438e-17
4544.45319  9.65422e-17
4549.97299  9.58220e-17
4555.49279  9.60075e-17
4561.01259  8.90058e-17
4566.53239  8.53397e-17
4572.05220  9.29870e-17
4577.57200  9.06613e-17
4583.09180  9.78560e-17
4588.61160  8.94654e-17
4594.13140  9.38196e-17
4599.65120  1.00372e-16
4605.17101  9.40836e-17
4610.69081  9.71192e-17
4616.21061  8.71181e-17
4621.73041  9.53414e-17
4627.25021  9.35274e-17
4632.77002  9.18028e-17
4638.28982  9.18526e-17
4643.80962  9.39255e-17
4649.32942  9.28078e-17
4654.84922  9.46084e-17
4660.36903  9.51466e-17
4665.88883  9.29209e-17
4671.40863  8.32954e-17
4676.92843  8.70830e-17
4682.44823  8.91272e-17
4687.96803  9.23336e-17
4693.48784  8.44593e-17
4699.00764  7.89285e-17
4704.52744  8.48430e-17
4710.04724  8.82422e-17
4715.56704  8.81421e-17
4721.08685  9.30472e-17
4726.60665  9.52150e-17
4732.12645  9.74765e-17
4737.64625  1.00417e-16
4743.16605  9.61088e-17
4748.68586  8.87448e-17
4754.20566  9.93505e-17
4759.72546  9.18586e-17
4765.24526  9.62918e-17
4770.76506  9.71008e-17
4776.28486  9.54078e-17
4781.80467  8.77094e-17
4787.32447  8.54226e-17
4792.84427  9.39695e-17
4798.36407  9.95951e-17
4803.88387  9.65213e-17
4809.40368  9.74308e-17
4814.92348  9.39951e-17
4820.44328  9.73393e-17
4825.96308  9.71305e-17
4831.48288  9.90524e-17
4837.00269  9.67450e-17
4842.52249  9.19502e-17
4848.04229  9.80096e-17
4853.56209  1.05808e-16
4859.08189  9.80635e-17
4864.60169  9.11351e-17
4870.12150  9.75645e-17
4875.64130  9.96199e-17
4881.16110  9.45665e-17
4886.68090  9.96104e-17
4892.20070  1.05976e-16
4897.72051  1.00157e-16
4903.24031  1.00166e-16
4908.76011  9.76029e-17
4914.27991  1.01605e-16
4919.79971  1.07704e-16
4925.31952  1.00181e-16
4930.83932  1.00251e-16
4936.35912  1.01984e-16
4941.87892  1.01036e-16
4947.39872  9.80508e-17
4952.91852  1.01318e-16
4958.43833  9.93775e-17
4963.95813  9.47095e-17
4969.47793  1.02718e-16
4974.99773  1.10322e-16
4980.51753  1.10224e-16
4986.03734  1.03416e-16
4991.55714  1.03026e-16
4997.07694  9.21446e-17
5002.59674  9.90712e-17
5008.11654  1.04165e-16
5013.63635  9.98901e-17
5019.15615  9.91771e-17
5024.67595  1.01860e-16
5030.19575  1.10852e-16
5035.71555  1.06779e-16
5041.23535  1.05090e-16
5046.75516  1.12683e-16
5052.27496  1.14486e-16
5057.79476  1.04303e-16
5063.31456  1.03759e-16
5068.83436  1.10872e-16
5074.35417  1.01625e-16
5079.87397  1.00441e-16
5085.39377  1.05477e-16
5090.91357  1.14579e-16
5096.43337  1.09375e-16
5101.95318  1.03708e-16
5107.47298  1.10871e-16
5112.99278  1.16808e-16
5118.51258  1.06725e-16
5124.03238  1.04967e-16
5129.55218  1.08355e-16
5135.07199  1.12250e-16
5140.59179  1.05630e-16
5146.11159  1.07189e-16
5151.63139  1.08732e-16
5157.15119  1.14645e-16
5162.67100  1.01741e-16
5168.19080  9.94585e-17
5173.71060  1.04145e-16
5179.23040  1.08021e-16
5184.75020  1.06727e-16
5190.27001  1.10698e-16
5195.78981  1.02092e-16
5201.30961  1.05180e-16
5206.82941  1.00718e-16
5212.34921  1.04654e-16
5217.86901  1.13934e-16
5223.38882  1.06307e-16
5228.90862  1.07474e-16
5234.42842  1.05451e-16
5239.94822  1.06298e-16
5245.46802  1.12483e-16
5250.98783  1.11035e-16
5256.50763  1.00677e-16
5262.02743  1.07029e-16
5267.54723  1.07717e-16
5273.06703  1.06668e-16
5278.58684  9.99983e-17
5284.10664  1.03257e-16
5289.62644  1.07183e-16
5295.14624  9.87728e-17
5300.66604  9.76882e-17
5306.18584  1.11662e-16
5311.70565  1.01973e-16
5317.22545  9.60680e-17
5322.74525  1.00368e-16
5328.26505  1.02434e-16
5333.78485  1.00901e-16
5339.30466  9.93554e-17
5344.82446  1.01240e-16
5350.34426  1.05796e-16
5355.86406  9.55863e-17
5361.38386  9.65898e-17
5366.90367  9.96200e-17
5372.42347  9.81663e-17
5377.94327  9.82663e-17
5383.46307  1.01113e-16
5388.98287  9.79127e-17
5394.50267  1.03001e-16
5400.02248  1.06282e-16
5405.54228  1.05347e-16
5411.06208  1.03596e-16
5416.58188  9.60296e-17
5422.10168  9.91852e-17
5427.62149  1.01220e-16
5433.14129  9.64070e-17
5438.66109  9.73985e-17
5444.18089  1.00324e-16
5449.70069  1.04807e-16
5455.22050  1.03397e-16
5460.74030  1.03081e-16
5466.26010  1.04036e-16
5471.77990  1.02183e-16
5477.29970  9.38353e-17
5482.81950  9.52764e-17
5488.33931  9.89130e-17
5493.85911  9.29467e-17
5499.37891  9.40144e-17
5504.89871  9.43359e-17
5510.41851  9.34235e-17
5515.93832  9.70251e-17
5521.45812  9.70556e-17
5526.97792  9.23812e-17
5532.49772  9.86028e-17
5538.01752  9.59011e-17
5543.53733  9.36313e-17
5549.05713  9.67542e-17
5554.57693  9.60612e-17
5560.09673  9.23932e-17
5565.61653  8.08111e-17
5571.13633  9.09439e-17
5576.65614  1.15605e-16
5582.17594  1.02341e-16
5587.69574  8.31015e-17
5593.21554  8.97679e-17
5598.73534  8.94427e-17
5604.25515  9.00897e-17
5609.77495  9.17451e-17
5615.29475  9.15349e-17
5620.81455  8.69537e-17
5626.33435  9.16286e-17
5631.85416  8.93797e-17
5637.37396  8.35384e-17
5642.89376  8.15735e-17
5648.41356  8.34097e-17
5653.93336  8.35076e-17
5659.45316  8.97847e-17
5664.97297  9.00631e-17
5670.49277  8.54565e-17
5676.01257  8.85584e-17
5681.53237  9.33774e-17
5687.05217  9.33255e-17
5692.57198  8.96972e-17
5698.09178  9.00215e-17
5703.61158  9.26870e-17
5709.13138  9.29716e-17
5714.65118  9.27447e-17
5720.17099  8.54458e-17
5725.69079  9.22630e-17
5731.21059  9.43807e-17
5736.73039  9.01890e-17
5742.25019  8.22565e-17
5747.76999  8.62452e-17
5753.28980  9.38876e-17
5758.80960  9.67345e-17
5764.32940  9.67128e-17
5769.84920  9.29803e-17
5775.36900  9.89755e-17
5780.88881  9.67180e-17
5786.40861  8.93736e-17
5791.92841  9.24257e-17
5797.44821  9.84075e-17
5802.96801  9.22597e-17
5808.48782  9.33535e-17
5814.00762  9.07412e-17
5819.52742  8.93023e-17
5825.04722  8.90801e-17
5830.56702  8.92579e-17
5836.08682  9.17046e-17
5841.60663  8.99392e-17
5847.12643  9.37737e-17
5852.64623  9.49297e-17
5858.16603  8.88597e-17
5863.68583  9.42922e-17
5869.20564  9.82454e-17
5874.72544  9.01705e-17
5880.24524  8.79867e-17
5885.76504  8.94602e-17
5891.28484  9.50077e-17
5896.80465  9.37401e-17
5902.32445  9.08455e-17
5907.84425  8.92599e-17
5913.36405  9.73397e-17
5918.88385  8.73905e-17
5924.40365  8.93464e-17
5929.92346  9.45104e-17
5935.44326  9.15926e-17
5940.96306  9.96070e-17
5946.48286  9.41627e-17
5952.00266  1.00267e-16
5957.52247  1.00551e-16
5963.04227  8.90301e-17
5968.56207  8.70427e-17
5974.08187  8.65450e-17
5979.60167  9.69787e-17
5985.12148  9.44738e-17
5990.64128  9.25974e-17
5996.16108  9.14609e-17
6001.68088  9.14557e-17
6007.20068  9.30054e-17
6012.72048  8.67015e-17
6018.24029  9.03209e-17
6023.76009  8.73060e-17
6029.27989  8.63052e-17
6034.79969  8.80252e-17
6040.31949  8.86698e-17
6045.83930  9.29784e-17
6051.35910  9.22118e-17
6056.87890  9.06937e-17
6062.39870  8.99411e-17
6067.91850  8.64985e-17
6073.43831  8.96276e-17
6078.95811  9.34797e-17
6084.47791  8.78432e-17
6089.99771  8.74444e-17
6095.51751  8.27749e-17
6101.03731  8.92528e-17
6106.55712  9.00740e-17
6112.07692  9.23953e-17
6117.59672  9.26981e-17
6123.11652  9.32445e-17
6128.63632  8.36934e-17
6134.15613  9.20712e-17
6139.67593  9.37322e-17
6145.19573  9.14363e-17
6150.71553  9.13047e-17
6156.23533  9.38815e-17
6161.75514  9.35119e-17
6167.27494  8.91920e-17
6172.79474  9.28440e-17
6178.31454  9.49748e-17
6183.83434  9.52561e-17
6189.35414  9.55416e-17
6194.87395  9.66532e-17
6200.39375  9.05967e-17
6205.91355  9.04035e-17
6211.43335  9.41055e-17
6216.95315  8.71326e-17
6222.47296  8.80487e-17
6227.99276  9.59680e-17
6233.51256  8.98296e-17
6239.03236  8.91972e-17
6244.55216  9.37150e-17
6250.07197  8.62994e-17
6255.59177  9.06118e-17
6261.11157  9.59303e-17
6266.63137  9.08197e-17
6272.15117  9.04887e-17
6277.67097  9.13630e-17
6283.19078  9.03855e-17
6288.71058  8.29893e-17
6294.23038  9.52789e-17
6299.75018  9.15316e-17
6305.26998  9.76760e-17
6310.78979  8.25274e-17
6316.30959  9.18317e-17
6321.82939  9.25962e-17
6327.34919  9.64546e-17
6332.86899  1.02551e-16
6338.38880  9.42361e-17
6343.90860  1.01202e-16
6349.42840  9.86806e-17
6354.94820  9.63403e-17
6360.46800  9.52825e-17
6365.98780  9.92575e-17
6371.50761  9.96852e-17
6377.02741  8.76379e-17
6382.54721  9.11425e-17
6388.06701  9.37183e-17
6393.58681  9.39095e-17
6399.10662  9.50343e-17
6404.62642  9.28543e-17
6410.14622  1.00538e-16
6415.66602  1.02202e-16
6421.18582  8.68342e-17
6426.70563  9.00159e-17
6432.22543  9.79755e-17
6437.74523  9.01648e-17
6443.26503  9.27272e-17
6448.78483  9.55243e-17
6454.30463  9.50773e-17
6459.82444  9.78075e-17
6465.34424  9.37164e-17
6470.86404  9.19591e-17
6476.38384  9.09327e-17
6481.90364  9.34769e-17
6487.42345  9.12812e-17
6492.94325  9.49267e-17
6498.46305  9.12386e-17
6503.98285  9.74018e-17
6509.50265  9.30045e-17
6515.02246  9.35633e-17
6520.54226  8.73922e-17
6526.06206  8.52347e-17
6531.58186  8.81262e-17
6537.10166  9.73625e-17
6542.62146  8.59636e-17
6548.14127  9.40028e-17
6553.66107  9.29093e-17
6559.18087  8.78287e-17
6564.70067  8.46675e-17
6570.22047  9.16300e-17
6575.74028  9.01489e-17
6581.26008  9.40520e-17
6586.77988  9.48732e-17
6592.29968  9.87004e-17
6597.81948  9.07943e-17
6603.33929  9.17271e-17
6608.85909  8.75069e-17
6614.37889  9.34329e-17
6619.89869  9.17143e-17
6625.41849  9.32536e-17
6630.93829  9.29101e-17
6636.45810  9.12567e-17
6641.97790  9.43003e-17
6647.49770  9.35664e-17
6653.01750  9.37732e-17
6658.53730  9.44337e-17
6664.05711  9.27828e-17
6669.57691  9.41852e-17
6675.09671  8.32072e-17
6680.61651  8.32517e-17
6686.13631  9.63137e-17
6691.65612  8.31417e-17
6697.17592  8.35207e-17
6702.69572  8.91893e-17
6708.21552  8.77312e-17
6713.73532  8.59157e-17
6719.25512  8.72344e-17
6724.77493  8.35069e-17
6730.29473  8.60499e-17
6735.81453  8.66649e-17
6741.33433  8.50943e-17
6746.85413  8.11270e-17
6752.37394  8.86554e-17
6757.89374  9.15710e-17
6763.41354  8.52856e-17
6768.93334  8.60334e-17
6774.45314  8.89072e-17
6779.97295  8.93831e-17
6785.49275  8.69918e-17
6791.01255  8.59085e-17
6796.53235  8.73239e-17
6802.05215  8.73029e-17
6807.57195  8.63477e-17
6813.09176  7.59965e-17
6818.61156  7.97742e-17
6824.13136  8.60526e-17
6829.65116  9.12111e-17
6835.17096  8.86547e-17
6840.69077  8.33292e-17
6846.21057  8.62485e-17
6851.73037  8.85957e-17
6857.25017  8.61179e-17
6862.76997  8.39940e-17
6868.28978  8.29947e-17
6873.80958  8.52948e-17
6879.32938  8.77152e-17
6884.84918  8.82788e-17
6890.36898  9.42917e-17
6895.88878  8.98325e-17
6901.40859  9.14163e-17
6906.92839  9.20402e-17
6912.44819  9.01202e-17
6917.96799  9.46654e-17
6923.48779  9.36456e-17
6929.00760  9.03628e-17
6934.52740  9.38973e-17
6940.04720  8.34097e-17
6945.56700  8.61507e-17
6951.08680  9.16563e-17
6956.60661  9.40499e-17
6962.12641  9.20877e-17
6967.64621  9.19765e-17
6973.16601  9.88343e-17
6978.68581  9.02767e-17
6984.20561  8.88518e-17
6989.72542  8.87996e-17
6995.24522  8.90908e-17
7000.76502  8.63318e-17
7006.28482  9.21371e-17
7011.80462  9.61418e-17
7017.32443  9.00636e-17
7022.84423  9.02728e-17
7028.36403  9.53339e-17
7033.88383  9.68140e-17
7039.40363  9.19479e-17
7044.92344  9.29269e-17
7050.44324  9.92860e-17
7055.96304  9.81095e-17
7061.48284  9.76465e-17
7067.00264  9.72536e-17
7072.52244  9.66475e-17
7078.04225  9.47460e-17
7083.56205  9.72975e-17
7089.08185  8.83967e-17
7094.60165  9.76848e-17
7100.12145  1.04476e-16
7105.64126  9.05272e-17
7111.16106  1.00215e-16
7116.68086  9.80445e-17
7122.20066  9.70768e-17
7127.72046  9.56160e-17
7133.24027  1.02774e-16
7138.76007  1.05194e-16
7144.27987  1.17381e-16
7149.79967  1.26100e-16
7155.31947  1.35581e-16
7160.83927  1.48301e-16
7166.35908  1.31051e-16
7171.87888  1.12430e-16
7177.39868  1.15435e-16
7182.91848  1.21886e-16
7188.43828  1.11892e-16
7193.95809  9.65941e-17
7199.47789  9.56048e-17
7204.99769  9.36141e-17
7210.51749  9.29100e-17
7216.03729  9.77146e-17
7221.55710  9.80421e-17
7227.07690  8.71272e-17
7232.59670  9.13686e-17
7238.11650  9.79050e-17
7243.63630  9.46588e-17
7249.15610  8.39300e-17
7254.67591  8.36071e-17
7260.19571  9.52296e-17
7265.71551  1.02905e-16
7271.23531  9.96304e-17
7276.75511  9.61891e-17
7282.27492  9.24129e-17
7287.79472  9.30954e-17
7293.31452  9.63174e-17
7298.83432  9.50801e-17
7304.35412  9.76028e-17
7309.87393  9.28648e-17
7315.39373  9.20826e-17
7320.91353  9.46898e-17
7326.43333  1.08905e-16
7331.95313  1.08663e-16
7337.47293  9.68427e-17
7342.99274  9.85253e-17
7348.51254  9.49368e-17
7354.03234  9.14260e-17
7359.55214  8.93701e-17
7365.07194  8.69285e-17
7370.59175  8.02405e-17
7376.11155  8.29728e-17
7381.63135  9.35490e-17
7387.15115  9.47254e-17
7392.67095  8.48716e-17
7398.19076  9.12939e-17
7403.71056  8.41828e-17
7409.23036  9.05156e-17
7414.75016  9.09752e-17
7420.26996  8.55890e-17
7425.78976  9.06986e-17
7431.30957  9.27373e-17
7436.82937  8.38744e-17
7442.34917  8.50153e-17
7447.86897  9.53529e-17
7453.38877  9.31233e-17
7458.90858  8.43654e-17
7464.42838  7.48826e-17
7469.94818  9.15918e-17
7475.46798  1.00708e-16
7480.98778  9.10528e-17
7486.50759  8.67401e-17
7492.02739  8.62018e-17
7497.54719  8.61600e-17
7503.06699  8.43823e-17
7508.58679  9.17275e-17
7514.10659  9.86220e-17
7519.62640  9.31885e-17
7525.14620  8.26191e-17
7530.66600  8.04954e-17
7536.18580  8.43097e-17
7541.70560  8.02746e-17
7547.22541  8.47889e-17
7552.74521  8.65264e-17
7558.26501  8.02250e-17
7563.78481  8.15885e-17
7569.30461  7.68834e-17
7574.82442  8.34143e-17
7580.34422  8.86271e-17
7585.86402  7.62854e-17
7591.38382  7.61623e-17
7596.90362  7.71407e-17
7602.42342  6.22357e-17
7607.94323  4.74505e-17
7613.46303  7.64435e-17
7618.98283  8.47930e-17
7624.50263  7.75066e-17
7630.02243  7.50832e-17
7635.54224  6.79480e-17
7641.06204  6.98491e-17
7646.58184  6.44230e-17
7652.10164  7.18587e-17
7657.62144  8.12387e-17
7663.14125  7.55089e-17
7668.66105  7.46279e-17
7674.18085  8.80522e-17
7679.70065  9.15738e-17
7685.22045  9.44616e-17
7690.74025  8.22034e-17
7696.26006  7.76819e-17
7701.77986  8.26150e-17
7707.29966  7.54763e-17
7712.81946  8.39402e-17
7718.33926  1.05870e-16
7723.85907  8.43189e-17
7729.37887  8.33178e-17
7734.89867  7.72311e-17
7740.41847  8.75258e-17
7745.93827  9.57345e-17
7751.45808  9.13239e-17
7756.97788  8.99857e-17
7762.49768  8.12061e-17
7768.01748  7.45854e-17
7773.53728  6.81052e-17
7779.05708  6.76445e-17
7784.57689  9.24861e-17
7790.09669  1.00256e-16
7795.61649  7.96802e-17
7801.13629  8.83034e-17
7806.65609  7.31255e-17
7812.17590  6.64461e-17
7817.69570  8.74431e-17
7823.21550  9.71838e-17
7828.73530  7.83080e-17
7834.25510  7.05079e-17
7839.77491  6.69328e-17
7845.29471  6.43977e-17
7850.81451  8.37028e-17
7856.33431  9.12325e-17
7861.85411  9.03229e-17
7867.37391  8.19489e-17
7872.89372  7.34774e-17
7878.41352  6.49425e-17
7883.93332  6.86929e-17
7889.45312  8.20196e-17
7894.97292  8.45586e-17
7900.49273  7.57674e-17
7906.01253  6.49264e-17
7911.53233  5.91000e-17
7917.05213  6.91468e-17
7922.57193  8.00683e-17
7928.09174  9.01517e-17
7933.61154  9.09005e-17
7939.13134  8.20645e-17
7944.65114  7.09651e-17
7950.17094  6.77388e-17
7955.69074  8.52814e-17
7961.21055  8.94232e-17
7966.73035  8.72331e-17
7972.25015  8.30938e-17
7977.76995  7.69211e-17
7983.28975  7.55460e-17
7988.80956  8.04124e-17
7994.32936  8.56043e-17
7999.84916  9.38623e-17
8005.36896  8.91062e-17
8010.88876  7.15165e-17
8016.40857  6.26248e-17
8021.92837  6.43287e-17
8027.44817  7.83575e-17
8032.96797  7.15960e-17
8038.48777  8.15153e-17
8044.00757  8.89745e-17
8049.52738  7.67235e-17
8055.04718  6.98575e-17
8060.56698  6.84547e-17
8066.08678  8.08221e-17
8071.60658  9.18252e-17
8077.12639  8.62069e-17
8082.64619  8.31511e-17
8088.16599  7.13898e-17
8093.68579  7.68792e-17
8099.20559  8.45886e-17
8104.72540  8.90197e-17
8110.24520  7.92684e-17
8115.76500  8.25553e-17
8121.28480  7.62365e-17
8126.80460  6.86646e-17
8132.32440  8.30975e-17
8137.84421  8.01840e-17
8143.36401  8.43265e-17
8148.88381  8.72017e-17
8154.40361  7.52404e-17
8159.92341  7.73388e-17
8165.44322  8.62881e-17
8170.96302  7.86448e-17
8176.48282  7.10338e-17
8182.00262  7.94165e-17
8187.52242  9.12174e-17
8193.04223  8.41071e-17
8198.56203  6.88560e-17
8204.08183  7.37743e-17
8209.60163  9.14555e-17
8215.12143  9.15399e-17
8220.64123  8.74975e-17
8226.16104  8.09471e-17
8231.68084  8.73002e-17
8237.20064  7.16335e-17
8242.72044  7.70047e-17
8248.24024  7.49403e-17
8253.76005  8.45630e-17
8259.27985  8.58872e-17
8264.79965  7.63835e-17
8270.31945  7.61710e-17
8275.83925  5.84556e-17
8281.35906  8.89867e-17
8286.87886  8.94341e-17
8292.39866  9.84153e-17
8297.91846  8.35626e-17
8303.43826  7.74343e-17
8308.95806  7.70926e-17
8314.47787  7.52747e-17
8319.99767  7.08635e-17
8325.51747  8.04179e-17
8331.03727  8.58573e-17
8336.55707  7.44068e-17
8342.07688  6.18540e-17
8347.59668  5.99902e-17
8353.11648  7.37319e-17
8358.63628  8.91187e-17
8364.15608  8.00893e-17
8369.67589  8.08990e-17
8375.19569  8.67981e-17
8380.71549  6.27691e-17
8386.23529  6.46528e-17
8391.75509  7.28800e-17
8397.27489  9.06179e-17
8402.79470  8.25956e-17
8408.31450  7.71056e-17
8413.83430  7.44852e-17
8419.35410  6.33174e-17
8424.87390  6.12845e-17
8430.39371  6.28505e-17
8435.91351  9.96201e-17
8441.43331  9.38254e-17
8446.95311  9.19559e-17
8452.47291  8.19031e-17
8457.99272  7.01966e-17
8463.51252  7.15519e-17
8469.03232  8.19290e-17
8474.55212  7.77925e-17
8480.07192  7.59019e-17
8485.59172  7.96307e-17
8491.11153  7.18852e-17
8496.63133  6.01858e-17
8502.15113  6.06547e-17
8507.67093  7.00197e-17
8513.19073  7.27742e-17
8518.71054  7.60913e-17
8524.23034  8.24725e-17
8529.75014  7.07812e-17
8535.26994  6.71627e-17
8540.78974  7.36065e-17
8546.30955  7.62136e-17
8551.82935  7.83683e-17
8557.34915  8.54764e-17
8562.86895  7.40579e-17
8568.38875  6.84630e-17
8573.90855  6.19831e-17
8579.42836  6.98631e-17
8584.94816  7.49982e-17
8590.46796  6.10886e-17
8595.98776  7.08671e-17
8601.50756  9.24505e-17
8607.02737  8.46636e-17
8612.54717  6.66912e-17
8618.06697  6.14116e-17
8623.58677  7.51489e-17
8629.10657  8.90892e-17
8634.62638  9.07038e-17
8640.14618  7.23367e-17
8645.66598  7.11580e-17
8651.18578  7.15503e-17
8656.70558  6.71772e-17
8662.22538  7.60702e-17
8667.74519  9.83470e-17
8673.26499  1.04522e-16
8678.78479  7.18620e-17
8684.30459  6.20756e-17
8689.82439  8.25146e-17
8695.34420  7.35403e-17
8700.86400  6.16099e-17
8706.38380  8.68402e-17
8711.90360  7.69246e-17
8717.42340  7.00179e-17
8722.94321  6.45760e-17
8728.46301  6.54339e-17
8733.98281  7.79108e-17
8739.50261  7.64033e-17
8745.02241  7.44255e-17
8750.54221  8.47766e-17
8756.06202  7.97968e-17
8761.58182  6.65524e-17
8767.10162  3.86134e-17
8772.62142  6.01704e-17
8778.14122  7.68079e-17
8783.66103  8.02884e-17
8789.18083  8.08164e-17
8794.70063  9.55249e-17
8800.22043  8.08490e-17
8805.74023  7.03223e-17
8811.26004  7.82359e-17
8816.77984  6.98903e-17
8822.29964  7.46257e-17
8827.81944  1.02294e-16
8833.33924  1.09596e-16
8838.85904  8.18736e-17
8844.37885  5.74021e-17
8849.89865  7.68354e-17
8855.41845  8.19759e-17
8860.93825  9.04870e-17
8866.45805  9.05890e-17
8871.97786  7.64740e-17
8877.49766  4.95035e-17
8883.01746  3.97654e-17
8888.53726  6.32519e-17
8894.05706  8.29421e-17
8899.57687  8.72789e-17
8905.09667  8.67733e-17
8910.61647  7.17019e-17
8916.13627  5.45185e-17
8921.65607  8.83431e-17
8927.17587  8.98788e-17
8932.69568  8.82210e-17
8938.21548  8.28210e-17
8943.73528  7.29053e-17
8949.25508  3.93965e-17
8954.77488  6.76608e-17
8960.29469  6.55312e-17
8965.81449  5.93127e-17
8971.33429  7.16135e-17
8976.85409  6.66971e-17
8982.37389  7.33528e-17
8987.89370  7.53976e-17
8993.41350  7.63836e-17
8998.93330  8.35764e-17
9004.45310  7.88619e-17
9009.97290  6.24497e-17
9015.49270  6.40003e-17
9021.01251  8.28552e-17
9026.53231  9.50820e-17
9032.05211  7.16784e-17
9037.57191  7.21671e-17
9043.09171  7.81259e-17
9048.61152  6.17282e-17
9054.13132  6.51399e-17
9059.65112  4.91024e-17
9065.17092  7.89164e-17
9070.69072  6.49313e-17
9076.21053  7.29576e-17
9081.73033  6.70774e-17
9087.25013  6.35991e-17
9092.76993  7.64755e-17
9098.28973  5.52837e-17
9103.80953  8.55204e-17
9109.32934  7.74768e-17
9114.84914  5.94255e-17
9120.36894  6.85296e-17
9125.88874  8.67948e-17
9131.40854  8.90803e-17
9136.92835  6.82678e-17
9142.44815  5.67050e-17
9147.96795  5.33718e-17
9153.48775  7.01541e-17
9159.00755  7.79273e-17
9164.52736  6.22737e-17
9170.04716  6.63406e-17
9175.56696  7.46979e-17
9181.08676  7.23815e-17
9186.60656  5.68686e-17
9192.12636  6.24721e-17
9197.64617  7.16209e-17
9203.16597  6.00914e-17
9208.68577  7.02273e-17
9214.20557  6.78196e-17
9219.72537  6.24914e-17
9225.24518  7.05549e-17
9230.76498  5.60217e-17
9236.28478  5.85974e-17
9241.80458  6.28814e-17
9247.32438  7.26060e-17
9252.84419  7.65259e-17
9258.36399  6.54647e-17
9263.88379  5.35823e-17
