3654.16333008  9.902073E-17
3659.68169403264  8.354082E-17
3665.20005798528  7.655893E-17
3670.71842193792  9.088382E-17
3676.23678589056  9.326271E-17
3681.7551498432  7.697012E-17
3687.27351379584  7.614200E-17
3692.79187774848  8.184689E-17
3698.31024170112  8.668221E-17
3703.82860565376  8.303340E-17
3709.3469696064  8.965012E-17
3714.86533355904  8.540856E-17
3720.38369751168  8.288256E-17
3725.90206146432  8.462340E-17
3731.42042541696  9.134264E-17
3736.9387893696  7.949723E-17
3742.45715332224  8.700503E-17
3747.97551727488  7.677753E-17
3753.49388122752  7.663707E-17
3759.01224518016  8.490260E-17
3764.5306091328  8.145793E-17
3770.04897308544  7.901667E-17
3775.56733703808  8.760863E-17
3781.08570099072  7.782263E-17
3786.60406494336  9.025533E-17
3792.122428896  8.202287E-17
3797.64079284864  8.786144E-17
3803.15915680128  7.030233E-17
3808.67752075392  7.167410E-17
3814.19588470656  6.934941E-17
3819.7142486592  7.386493E-17
3825.23261261184  8.347113E-17
3830.75097656448  8.788506E-17
3836.26934051712  8.199000E-17
3841.78770446976  8.119101E-17
3847.3060684224  8.796552E-17
3852.82443237504  8.032067E-17
3858.34279632768  8.137919E-17
3863.86116028032  8.577298E-17
3869.37952423296  8.533548E-17
3874.8978881856  7.717438E-17
3880.41625213824  8.128248E-17
3885.93461609088  8.092051E-17
3891.45298004352  8.473859E-17
3896.97134399616  8.229597E-17
3902.4897079488  6.973741E-17
3908.00807190144  7.249995E-17
3913.52643585408  8.169907E-17
3919.04479980672  7.590035E-17
3924.56316375936  7.304495E-17
3930.081527712  7.119876E-17
3935.59989166464  8.185012E-17
3941.11825561728  6.990003E-17
3946.63661956992  6.993493E-17
3952.15498352256  7.993282E-17
3957.6733474752  8.013030E-17
3963.19171142784  7.831029E-17
3968.71007538048  7.797703E-17
3974.22843933312  8.515983E-17
3979.74680328576  7.751787E-17
3985.2651672384  9.023577E-17
3990.78353119104  7.608990E-17
3996.30189514368  8.154976E-17
4001.82025909632  8.253931E-17
4007.33862304896  7.186529E-17
4012.8569870016  7.570679E-17
4018.37535095424  7.489220E-17
4023.89371490688  7.271073E-17
4029.41207885952  7.303748E-17
4034.93044281216  5.734324E-17
4040.4488067648  5.145113E-17
4045.96717071744  7.393625E-17
4051.48553467008  8.628431E-17
4057.00389862272  7.896385E-17
4062.52226257536  8.819171E-17
4068.040626528  9.669877E-17
4073.55899048064  8.740155E-17
4079.07735443328  7.190823E-17
4084.59571838592  7.873462E-17
4090.11408233856  8.126331E-17
4095.6324462912  7.302247E-17
4101.15081024384  7.433619E-17
4106.66917419649  8.149970E-17
4112.18753814912  7.663422E-17
4117.70590210176  8.408497E-17
4123.2242660544  7.860726E-17
4128.74263000704  7.925388E-17
4134.26099395968  7.639810E-17
4139.77935791232  7.369385E-17
4145.29772186496  7.849885E-17
4150.8160858176  8.408408E-17
4156.33444977024  6.897085E-17
4161.85281372288  7.550857E-17
4167.37117767552  7.427818E-17
4172.88954162816  7.475900E-17
4178.4079055808  6.988988E-17
4183.92626953344  6.949001E-17
4189.44463348608  6.488593E-17
4194.96299743872  6.521295E-17
4200.48136139136  7.968811E-17
4205.999725344  8.128648E-17
4211.51808929664  8.005421E-17
4217.03645324928  8.339380E-17
4222.55481720192  8.609593E-17
4228.07318115456  8.164635E-17
4233.5915451072  7.486224E-17
4239.10990905984  7.165815E-17
4244.62827301248  7.125065E-17
4250.14663696513  7.982606E-17
4255.66500091776  8.002830E-17
4261.1833648704  7.959682E-17
4266.70172882304  8.016660E-17
4272.22009277569  8.419590E-17
4277.73845672832  8.130779E-17
4283.25682068096  6.994414E-17
4288.7751846336  6.359531E-17
4294.29354858624  6.360542E-17
4299.81191253888  6.537344E-17
4305.33027649152  7.608691E-17
4310.84864044416  8.585367E-17
4316.3670043968  7.915240E-17
4321.88536834944  7.039293E-17
4327.40373230208  6.700929E-17
4332.92209625472  6.791852E-17
4338.44046020736  6.659327E-17
4343.95882416  7.831246E-17
4349.47718811264  8.028575E-17
4354.99555206528  8.942214E-17
4360.51391601792  7.588710E-17
4366.03227997056  8.825642E-17
4371.5506439232  8.834178E-17
4377.06900787584  9.482100E-17
4382.58737182848  8.426216E-17
4388.10573578112  9.485103E-17
4393.62409973376  8.139056E-17
4399.1424636864  8.234309E-17
4404.66082763904  8.315803E-17
4410.17919159168  8.845138E-17
4415.69755554432  9.049498E-17
4421.21591949696  8.294089E-17
4426.7342834496  8.593571E-17
4432.25264740224  7.974307E-17
4437.77101135488  7.781134E-17
4443.28937530752  8.424590E-17
4448.80773926016  8.674705E-17
4454.3261032128  7.912713E-17
4459.84446716544  8.018538E-17
4465.36283111808  8.613879E-17
4470.88119507072  7.952072E-17
4476.39955902337  8.623521E-17
4481.917922976  7.386631E-17
4487.43628692864  8.018380E-17
4492.95465088128  8.581202E-17
4498.47301483392  8.960891E-17
4503.99137878656  8.188195E-17
4509.5097427392  8.105535E-17
4515.02810669184  7.942848E-17
4520.54647064448  8.587209E-17
4526.06483459712  7.472561E-17
4531.58319854976  8.155316E-17
4537.1015625024  8.907270E-17
4542.61992645504  8.457124E-17
4548.13829040768  8.397323E-17
4553.65665436032  8.687436E-17
4559.17501831296  8.435264E-17
4564.6933822656  8.148146E-17
4570.21174621824  7.177831E-17
4575.73011017088  7.399907E-17
4581.24847412352  7.743559E-17
4586.76683807616  8.785351E-17
4592.28520202881  8.658202E-17
4597.80356598144  7.638104E-17
4603.32192993408  7.398897E-17
4608.84029388672  7.652590E-17
4614.35865783936  6.586055E-17
4619.87702179201  7.276241E-17
4625.39538574464  8.248847E-17
4630.91374969728  8.315191E-17
4636.43211364992  7.968368E-17
4641.95047760257  8.080793E-17
4647.4688415552  8.486373E-17
4652.98720550784  8.043124E-17
4658.50556946048  7.819989E-17
4664.02393341312  8.771202E-17
4669.54229736576  8.478521E-17
4675.06066131841  8.345776E-17
4680.57902527104  8.028591E-17
4686.09738922368  8.191992E-17
4691.61575317632  7.172807E-17
4697.13411712896  8.370784E-17
4702.6524810816  6.842002E-17
4708.17084503424  8.770730E-17
4713.68920898688  8.842890E-17
4719.20757293952  8.257530E-17
4724.72593689216  8.620758E-17
4730.2443008448  8.132993E-17
4735.76266479745  8.272652E-17
4741.28102875009  8.934488E-17
4746.79939270273  9.013926E-17
4752.31775665536  9.145394E-17
4757.836120608  9.256571E-17
4763.35448456064  8.083328E-17
4768.87284851328  9.005409E-17
4774.39121246592  8.488870E-17
4779.90957641856  8.395095E-17
4785.4279403712  7.980271E-17
4790.94630432384  8.344783E-17
4796.46466827648  8.675746E-17
4801.98303222912  8.284887E-17
4807.50139618176  8.698501E-17
4813.0197601344  9.196742E-17
4818.53812408705  7.963706E-17
4824.05648803968  8.130257E-17
4829.57485199233  9.190871E-17
4835.09321594496  8.502353E-17
4840.6115798976  8.407253E-17
4846.12994385025  8.747702E-17
4851.64830780289  9.171973E-17
4857.16667175552  8.864010E-17
4862.68503570817  8.102193E-17
4868.2033996608  8.304992E-17
4873.72176361344  8.447888E-17
4879.24012756609  8.465732E-17
4884.75849151872  9.928013E-17
4890.27685547137  9.188044E-17
4895.795219424  8.752194E-17
4901.31358337664  9.009336E-17
4906.83194732929  9.230416E-17
4912.35031128192  9.518197E-17
4917.86867523456  8.932311E-17
4923.3870391872  9.289103E-17
4928.90540313984  9.318948E-17
4934.42376709248  9.168897E-17
4939.94213104512  9.133607E-17
4945.46049499777  8.327997E-17
4950.9788589504  9.138558E-17
4956.49722290304  8.478298E-17
4962.01558685568  8.886526E-17
4967.53395080832  8.954689E-17
4973.05231476097  8.584439E-17
4978.5706787136  8.655237E-17
4984.08904266625  9.352379E-17
4989.60740661889  9.896339E-17
4995.12577057152  9.247251E-17
5000.64413452417  9.067899E-17
5006.16249847681  8.563614E-17
5011.68086242945  8.710241E-17
5017.19922638208  9.339677E-17
5022.71759033473  1.003360E-16
5028.23595428736  9.703828E-17
5033.75431824001  9.030382E-17
5039.27268219264  9.309540E-17
5044.79104614529  9.109249E-17
5050.30941009793  9.598495E-17
5055.82777405057  9.244597E-17
5061.34613800321  9.218956E-17
5066.86450195584  9.072866E-17
5072.38286590848  9.318484E-17
5077.90122986112  8.750830E-17
5083.41959381377  9.407614E-17
5088.93795776641  8.915439E-17
5094.45632171904  8.911473E-17
5099.97468567168  9.224515E-17
5105.49304962433  9.295727E-17
5111.01141357697  1.000443E-16
5116.52977752961  9.417250E-17
5122.04814148224  9.303566E-17
5127.56650543489  8.901754E-17
5133.08486938753  9.514732E-17
5138.60323334017  9.171883E-17
5144.12159729281  9.722173E-17
5149.63996124544  9.330583E-17
5155.15832519809  9.240115E-17
5160.67668915073  9.697706E-17
5166.19505310337  9.619044E-17
5171.71341705601  9.614202E-17
5177.23178100865  8.883356E-17
5182.75014496129  8.698699E-17
5188.26850891393  9.779830E-17
5193.78687286657  8.956184E-17
5199.30523681921  9.052050E-17
5204.82360077184  9.327697E-17
5210.34196472449  9.806240E-17
5215.86032867713  9.859062E-17
5221.37869262977  9.180512E-17
5226.8970565824  9.044149E-17
5232.41542053505  9.270752E-17
5237.93378448769  9.155916E-17
5243.45214844032  1.012395E-16
5248.97051239297  9.431816E-17
5254.48887634561  9.244096E-17
5260.00724029825  8.976262E-17
5265.52560425089  8.621804E-17
5271.04396820352  8.664429E-17
5276.56233215617  9.542643E-17
5282.08069610881  8.968544E-17
5287.59906006145  9.588951E-17
5293.11742401409  9.293777E-17
5298.63578796673  8.958318E-17
5304.15415191937  8.765878E-17
5309.67251587201  9.355716E-17
5315.19087982465  8.093453E-17
5320.70924377729  8.727547E-17
5326.22760772992  8.625256E-17
5331.74597168256  8.600409E-17
5337.26433563521  8.349259E-17
5342.78269958785  9.887958E-17
5348.30106354049  9.188183E-17
5353.81942749312  8.608009E-17
5359.33779144577  9.038002E-17
5364.85615539841  8.160493E-17
5370.37451935105  9.542402E-17
5375.89288330369  8.997003E-17
5381.41124725633  9.302594E-17
5386.92961120896  9.625329E-17
5392.44797516161  9.058859E-17
5397.96633911424  9.097649E-17
5403.48470306689  9.234725E-17
5409.00306701952  8.554780E-17
5414.52143097217  9.265338E-17
5420.03979492481  8.305593E-17
5425.55815887745  8.763660E-17
5431.07652283009  8.449275E-17
5436.59488678273  8.103276E-17
5442.11325073537  8.344981E-17
5447.63161468801  8.639301E-17
5453.14997864065  8.601334E-17
5458.66834259329  8.904241E-17
5464.18670654593  8.310081E-17
5469.70507049857  8.477652E-17
5475.22343445121  8.138995E-17
5480.74179840385  8.439509E-17
5486.26016235649  8.392767E-17
5491.77852630913  8.828532E-17
5497.29689026177  7.742557E-17
5502.81525421441  7.653404E-17
5508.33361816705  9.264561E-17
5513.85198211969  8.527339E-17
5519.37034607233  8.587627E-17
5524.88871002497  8.505641E-17
5530.40707397761  8.842662E-17
5535.92543793025  8.887099E-17
5541.44380188289  7.951384E-17
5546.96216583553  8.833840E-17
5552.48052978817  8.623506E-17
5557.99889374081  7.055064E-17
5563.51725769345  9.368854E-17
5569.03562164609  9.972690E-17
5574.55398559873  8.683278E-17
5580.07234955137  1.134982E-16
5585.59071350401  5.607322E-17
5591.10907745665  6.362444E-17
5596.62744140928  7.637080E-17
5602.14580536193  8.879065E-17
5607.66416931457  8.037664E-17
5613.18253326721  7.993613E-17
5618.70089721985  7.657057E-17
5624.21926117249  7.658609E-17
5629.73762512513  7.654228E-17
5635.25598907777  7.492930E-17
5640.7743530304  6.662124E-17
5646.29271698305  7.366411E-17
5651.81108093569  6.401560E-17
5657.32944488833  7.001294E-17
5662.84780884097  7.411123E-17
5668.36617279361  7.023384E-17
5673.88453674625  7.849874E-17
5679.40290069889  8.210902E-17
5684.92126465153  6.857685E-17
5690.43962860417  7.439039E-17
5695.95799255681  6.853246E-17
5701.47635650945  7.226493E-17
5706.99472046209  7.588705E-17
5712.51308441473  7.279057E-17
5718.03144836737  7.847094E-17
5723.54981232001  7.834644E-17
5729.06817627265  7.288206E-17
5734.58654022529  7.147236E-17
5740.10490417793  7.408841E-17
5745.62326813057  7.399427E-17
5751.14163208321  6.896352E-17
5756.65999603585  7.717561E-17
5762.17835998849  7.569573E-17
5767.69672394113  7.704546E-17
5773.21508789377  7.845048E-17
5778.73345184641  7.935617E-17
5784.25181579905  7.999797E-17
5789.77017975169  7.872902E-17
5795.28854370433  7.697488E-17
5800.80690765697  7.766305E-17
5806.32527160961  7.853723E-17
5811.84363556225  7.572254E-17
5817.36199951489  7.579965E-17
5822.88036346753  8.081721E-17
5828.39872742017  7.934653E-17
5833.91709137281  7.998317E-17
5839.43545532545  7.412935E-17
5844.95381927809  8.078422E-17
5850.47218323073  7.558551E-17
5855.99054718337  7.876714E-17
5861.50891113601  8.106543E-17
5867.02727508865  8.260885E-17
5872.54563904129  8.339232E-17
5878.06400299393  7.944127E-17
5883.58236694657  7.394314E-17
5889.10073089921  7.386261E-17
5894.61909485185  8.541840E-17
5900.13745880449  8.548382E-17
5905.65582275713  7.762823E-17
5911.17418670977  7.642320E-17
5916.69255066241  7.976380E-17
5922.21091461505  7.899069E-17
5927.72927856769  8.083928E-17
5933.24764252033  8.727271E-17
5938.76600647297  8.301673E-17
5944.2843704256  7.908575E-17
5949.80273437825  7.278886E-17
5955.32109833089  7.745276E-17
5960.83946228353  7.819119E-17
5966.35782623617  7.927677E-17
5971.87619018881  8.024655E-17
5977.39455414145  7.807760E-17
5982.91291809409  7.270731E-17
5988.43128204673  6.939552E-17
5993.94964599937  8.008565E-17
5999.46800995201  8.094118E-17
6004.98637390465  7.374475E-17
6010.50473785729  6.665782E-17
6016.02310180993  7.811386E-17
6021.54146576257  7.852858E-17
6027.05982971521  8.257773E-17
6032.57819366785  7.786923E-17
6038.09655762049  8.332440E-17
6043.61492157313  7.956743E-17
6049.13328552577  7.542487E-17
6054.65164947841  7.315348E-17
6060.17001343105  7.711660E-17
6065.68837738369  7.468964E-17
6071.20674133633  8.165887E-17
6076.72510528897  8.288136E-17
6082.24346924161  7.242257E-17
6087.76183319425  7.731367E-17
6093.28019714688  7.513129E-17
6098.79856109953  7.638193E-17
6104.31692505217  7.071945E-17
6109.83528900481  7.825051E-17
6115.35365295745  8.092943E-17
6120.87201691009  7.818014E-17
6126.39038086273  8.257106E-17
6131.90874481537  7.108838E-17
6137.42710876801  8.192045E-17
6142.94547272065  7.615595E-17
6148.46383667329  7.836632E-17
6153.98220062593  7.458400E-17
6159.50056457857  7.167746E-17
6165.01892853121  7.101199E-17
6170.53729248385  8.290043E-17
6176.05565643649  6.827087E-17
6181.57402038913  8.415887E-17
6187.09238434177  7.706414E-17
6192.61074829441  8.321984E-17
6198.12911224705  8.226178E-17
6203.64747619969  8.136375E-17
6209.16584015233  7.400066E-17
6214.68420410497  7.480880E-17
6220.20256805761  7.428512E-17
6225.72093201025  8.215225E-17
6231.23929596289  8.398178E-17
6236.75765991553  8.591015E-17
6242.27602386817  8.073679E-17
6247.79438782081  7.634056E-17
6253.31275177345  8.238812E-17
6258.83111572609  8.122572E-17
6264.34947967873  8.038540E-17
6269.86784363137  7.062992E-17
6275.38620758401  7.292670E-17
6280.90457153665  7.672339E-17
6286.42293548929  8.816792E-17
6291.94129944193  1.029597E-16
6297.45966339457  9.499557E-17
6302.97802734721  8.898195E-17
6308.49639129985  5.865748E-17
6314.01475525249  7.854801E-17
6319.53311920513  8.714288E-17
6325.05148315777  8.392945E-17
6330.56984711041  8.345890E-17
6336.08821106305  7.855620E-17
6341.60657501569  7.474323E-17
6347.12493896833  8.392211E-17
6352.64330292097  9.215885E-17
6358.16166687361  7.936511E-17
6363.68003082625  9.194562E-17
6369.19839477889  7.756956E-17
6374.71675873153  7.030555E-17
6380.23512268417  7.530468E-17
6385.75348663681  7.124183E-17
6391.27185058945  7.633006E-17
6396.79021454209  7.454493E-17
6402.30857849473  8.318353E-17
6407.82694244737  8.763265E-17
6413.34530640001  7.743471E-17
6418.86367035265  7.508007E-17
6424.38203430529  7.558423E-17
6429.90039825793  7.245164E-17
6435.41876221057  7.093428E-17
6440.93712616321  7.476526E-17
6446.45549011585  7.875006E-17
6451.97385406849  7.563364E-17
6457.49221802113  7.352633E-17
6463.01058197377  7.654929E-17
6468.52894592641  7.662245E-17
6474.04730987905  7.981490E-17
6479.56567383169  8.292398E-17
6485.08403778433  7.340997E-17
6490.60240173697  8.083213E-17
6496.12076568961  7.936601E-17
6501.63912964225  7.386653E-17
6507.15749359489  7.553379E-17
6512.67585754753  7.677143E-17
6518.19422150017  7.948101E-17
6523.71258545281  7.932236E-17
6529.23094940545  7.508120E-17
6534.74931335809  7.654549E-17
6540.26767731073  7.675086E-17
6545.78604126337  7.367966E-17
6551.30440521601  7.888860E-17
6556.82276916865  8.099438E-17
6562.34113312129  7.743584E-17
6567.85949707393  7.769242E-17
6573.37786102657  7.363242E-17
6578.89622497921  7.999443E-17
6584.41458893185  7.652303E-17
6589.93295288449  7.839424E-17
6595.45131683713  7.625618E-17
6600.96968078977  7.939820E-17
6606.48804474241  7.889498E-17
6612.00640869505  7.140257E-17
6617.52477264769  7.479230E-17
6623.04313660033  7.363973E-17
6628.56150055297  7.288910E-17
6634.07986450561  7.310865E-17
6639.59822845825  7.540759E-17
6645.11659241089  7.178218E-17
6650.63495636353  6.741353E-17
6656.15332031617  7.120412E-17
6661.67168426881  7.151077E-17
6667.19004822145  7.494188E-17
6672.70841217409  7.146394E-17
6678.22677612673  7.588374E-17
6683.74514007937  7.699675E-17
6689.26350403201  7.071492E-17
6694.78186798465  7.664441E-17
6700.30023193729  7.597091E-17
6705.81859588993  7.204523E-17
6711.33695984257  7.225366E-17
6716.85532379521  6.631247E-17
6722.37368774785  6.731272E-17
6727.89205170049  6.930926E-17
6733.41041565313  7.135538E-17
6738.92877960577  8.235511E-17
6744.44714355841  7.345826E-17
6749.96550751105  6.934127E-17
6755.48387146369  7.181141E-17
6761.00223541633  7.864846E-17
6766.52059936897  6.590988E-17
6772.03896332161  7.378425E-17
6777.55732727425  7.197320E-17
6783.07569122689  7.379614E-17
6788.59405517953  7.276376E-17
6794.11241913217  7.450219E-17
6799.63078308481  7.476165E-17
6805.14914703745  7.098319E-17
6810.66751099009  6.993239E-17
6816.18587494273  7.339736E-17
6821.70423889537  7.263223E-17
6827.22260284801  7.884353E-17
6832.74096680065  7.334715E-17
6838.25933075329  7.236660E-17
6843.77769470593  7.908055E-17
6849.29605865857  7.496833E-17
6854.81442261121  7.113968E-17
6860.33278656385  7.303768E-17
6865.85115051649  6.913580E-17
6871.36951446913  6.804485E-17
6876.88787842177  7.110942E-17
6882.40624237441  8.132651E-17
6887.92460632705  8.745401E-17
6893.44297027969  8.323992E-17
6898.96133423233  8.565297E-17
6904.47969818497  8.331744E-17
6909.99806213761  7.851651E-17
6915.51642609025  8.889789E-17
6921.03479004289  7.868113E-17
6926.55315399553  8.145692E-17
6932.07151794817  7.828525E-17
6937.58988190081  8.948807E-17
6943.10824585345  7.500751E-17
6948.62660980609  8.015610E-17
6954.14497375873  7.899967E-17
6959.66333771137  8.080225E-17
6965.18170166401  7.740546E-17
6970.70006561665  8.430913E-17
6976.21842956929  8.312563E-17
6981.73679352193  8.189760E-17
6987.25515747457  7.715184E-17
6992.77352142721  8.100811E-17
6998.29188537985  7.794375E-17
7003.81024933249  8.686466E-17
7009.32861328513  8.206847E-17
7014.84697723777  7.838815E-17
7020.36534119041  7.728851E-17
7025.88370514305  7.742720E-17
7031.40206909569  9.196861E-17
7036.92043304833  8.578693E-17
7042.43879700097  8.261018E-17
7047.95716095361  8.737459E-17
7053.47552490625  8.218894E-17
7058.99388885889  8.710917E-17
7064.51225281153  8.365800E-17
7070.03061676417  7.756689E-17
7075.54898071681  7.556410E-17
7081.06734466945  8.251166E-17
7086.58570862209  7.862773E-17
7092.10407257473  7.979285E-17
7097.62243652737  7.819371E-17
7103.14080048001  8.053630E-17
7108.65916443265  8.250873E-17
7114.17752838529  8.405999E-17
7119.69589233793  8.433504E-17
7125.21425629057  8.078237E-17
7130.73262024321  7.946361E-17
7136.25098419585  8.450417E-17
7141.76934814849  9.208442E-17
7147.28771210113  9.728410E-17
7152.80607605377  1.032219E-16
7158.32444000641  1.215040E-16
7163.84280395905  1.072263E-16
7169.36116791169  9.636888E-17
7174.87953186433  9.512766E-17
7180.39789581697  9.443790E-17
7185.91625976961  9.499200E-17
7191.43462372225  8.490903E-17
7196.95298767489  8.812496E-17
7202.47135162753  8.218131E-17
7207.98971558017  7.321937E-17
7213.50807953281  8.023085E-17
7219.02644348545  7.685321E-17
7224.54480743809  7.663713E-17
7230.06317139073  7.809460E-17
7235.58153534337  7.515594E-17
7241.09989929601  7.603755E-17
7246.61826324865  9.199216E-17
7252.13662720129  7.398917E-17
7257.65499115393  7.108085E-17
7263.17335510657  7.658068E-17
7268.69171905921  7.651069E-17
7274.21008301185  8.261321E-17
7279.72844696449  8.623572E-17
7285.24681091713  7.429898E-17
7290.76517486977  6.433414E-17
7296.28353882241  7.423472E-17
7301.80190277505  8.015176E-17
7307.32026672769  7.168333E-17
7312.83863068033  7.782516E-17
7318.35699463297  8.192509E-17
7323.87535858561  8.137291E-17
7329.39372253825  9.115573E-17
7334.91208649089  9.478884E-17
7340.43045044353  8.506835E-17
7345.94881439617  7.731627E-17
7351.46717834881  7.954299E-17
7356.98554230145  8.288581E-17
7362.50390625409  8.404226E-17
7368.02227020673  7.376161E-17
7373.54063415937  7.089420E-17
7379.05899811201  6.651402E-17
7384.57736206465  7.007890E-17
7390.09572601729  9.015442E-17
7395.61408996993  7.694723E-17
7401.13245392257  7.130334E-17
7406.65081787521  7.409466E-17
7412.16918182785  8.226265E-17
7417.68754578049  8.720478E-17
7423.20590973313  8.369696E-17
7428.72427368577  7.904014E-17
7434.24263763841  7.541048E-17
7439.76100159105  7.660258E-17
7445.27936554369  7.778680E-17
7450.79772949633  7.852274E-17
7456.31609344897  7.601462E-17
7461.83445740161  7.068508E-17
7467.35282135425  7.576274E-17
7472.87118530689  7.779828E-17
7478.38954925953  7.832663E-17
7483.90791321217  7.597999E-17
7489.42627716481  7.340624E-17
7494.94464111745  7.143210E-17
7500.46300507009  6.139010E-17
7505.98136902273  6.983083E-17
7511.49973297537  7.999637E-17
7517.01809692801  8.354889E-17
7522.53646088065  7.416519E-17
7528.05482483329  7.788464E-17
7533.57318878593  6.608975E-17
7539.09155273857  6.883619E-17
7544.60991669121  7.055928E-17
7550.12828064385  7.141447E-17
7555.64664459649  7.543258E-17
7561.16500854913  7.485811E-17
7566.68337250177  5.949038E-17
7572.20173645441  5.967145E-17
7577.72010040705  6.439009E-17
7583.23846435969  7.268103E-17
7588.75682831233  7.260571E-17
7594.27519226497  6.001240E-17
7599.79355621761  3.731941E-17
7605.31192017025  3.489083E-17
7610.83028412289  5.423147E-17
7616.34864807553  8.480904E-17
7621.86701202817  1.153177E-16
7627.38537598081  1.041101E-16
7632.90373993345  5.811829E-17
7638.42210388609  5.040008E-17
7643.94046783873  8.948047E-17
7649.45883179137  9.244445E-17
7654.97719574401  9.042983E-17
7660.49555969665  8.795126E-17
7666.01392364929  7.247841E-17
7671.53228760193  7.329106E-17
7677.05065155457  6.899100E-17
7682.56901550721  8.322743E-17
7688.08737945985  7.674238E-17
7693.60574341249  8.012518E-17
7699.12410736513  6.851102E-17
7704.64247131777  5.273788E-17
7710.16083527041  5.692642E-17
7715.67919922305  8.148322E-17
7721.19756317569  9.397546E-17
7726.71592712833  7.361761E-17
7732.23429108097  5.777865E-17
7737.75265503361  6.231967E-17
7743.27101898625  6.628223E-17
7748.78938293889  7.652866E-17
7754.30774689153  8.293381E-17
7759.82611084417  7.332732E-17
7765.34447479681  6.415036E-17
7770.86283874945  5.103629E-17
7776.38120270209  4.746570E-17
7781.89956665473  6.555076E-17
7787.41793060737  6.959563E-17
7792.93629456001  7.681136E-17
7798.45465851265  8.089419E-17
7803.97302246529  6.435909E-17
7809.49138641793  6.153045E-17
7815.00975037057  7.253231E-17
7820.52811432321  6.960803E-17
7826.04647827585  6.694036E-17
7831.56484222849  6.239272E-17
7837.08320618113  4.741005E-17
7842.60157013377  6.403750E-17
7848.11993408641  5.534531E-17
7853.63829803905  5.969939E-17
7859.15666199169  7.732687E-17
7864.67502594433  7.976004E-17
7870.19338989697  6.727784E-17
7875.71175384961  6.441513E-17
7881.23011780225  6.327946E-17
7886.74848175489  6.096676E-17
7892.26684570753  7.107467E-17
7897.78520966017  7.859090E-17
7903.30357361281  6.586999E-17
7908.82193756545  5.009493E-17
7914.34030151809  4.990120E-17
7919.85866547073  5.896383E-17
7925.37702942337  7.161488E-17
7930.89539337601  6.587314E-17
7936.41375732865  5.771756E-17
7941.93212128129  6.614091E-17
7947.45048523393  5.575909E-17
7952.96884918657  5.433504E-17
7958.48721313921  6.245313E-17
7964.00557709185  7.446914E-17
7969.52394104449  7.570213E-17
7975.04230499713  6.576272E-17
7980.56066894977  5.930493E-17
7986.07903290241  5.857142E-17
7991.59739685505  6.216154E-17
7997.11576080769  7.241096E-17
8002.63412476033  7.831813E-17
8008.15248871297  6.664517E-17
8013.67085266561  6.820976E-17
8019.18921661825  6.731450E-17
8024.70758057089  5.745666E-17
8030.22594452353  5.832310E-17
8035.74430847617  6.462656E-17
8041.26267242881  6.312135E-17
8046.78103638145  6.298716E-17
8052.29940033409  6.626412E-17
8057.81776428673  6.629314E-17
8063.33612823937  5.976177E-17
8068.85449219201  6.980559E-17
8074.37285614465  6.513920E-17
8079.89122009729  6.965855E-17
8085.40958404993  7.332784E-17
8090.92794800257  6.368253E-17
8096.44631195521  5.795324E-17
8101.96467590785  7.216003E-17
8107.48303986049  7.845603E-17
8113.00140381313  7.964175E-17
8118.51976776577  8.175251E-17
8124.03813171841  5.723171E-17
8129.55649567105  5.360154E-17
8135.07485962369  6.457204E-17
8140.59322357633  7.407002E-17
8146.11158752897  7.220776E-17
8151.62995148161  7.095143E-17
8157.14831543425  5.997693E-17
8162.66667938689  6.055611E-17
8168.18504333953  5.756403E-17
8173.70340729217  5.818913E-17
8179.22177124481  7.347357E-17
8184.74013519745  7.197064E-17
8190.25849915009  6.675203E-17
8195.77686310273  6.453355E-17
8201.29522705537  6.090324E-17
8206.81359100801  6.334677E-17
8212.33195496065  7.300780E-17
8217.85031891329  6.884503E-17
8223.36868286593  6.362469E-17
8228.88704681857  7.908375E-17
8234.40541077121  5.839247E-17
8239.92377472385  5.526074E-17
8245.44213867649  5.041128E-17
8250.96050262913  6.603133E-17
8256.47886658177  7.129562E-17
8261.99723053441  6.467809E-17
8267.51559448705  5.953186E-17
8273.03395843969  6.260997E-17
8278.55232239233  5.175995E-17
8284.07068634497  7.005419E-17
8289.58905029761  8.887591E-17
8295.10741425025  8.274057E-17
8300.62577820289  7.584687E-17
8306.14414215553  5.593701E-17
8311.66250610817  4.850218E-17
8317.18087006081  5.884337E-17
8322.69923401345  6.226617E-17
8328.21759796609  6.683363E-17
8333.73596191873  6.900841E-17
8339.25432587137  6.271535E-17
8344.77268982401  5.717630E-17
8350.29105377665  5.453425E-17
8355.80941772929  5.705756E-17
8361.32778168193  6.534058E-17
8366.84614563457  6.144551E-17
8372.36450958721  7.002677E-17
8377.88287353985  5.929321E-17
8383.40123749249  5.309579E-17
8388.91960144513  5.573004E-17
8394.43796539777  6.611172E-17
8399.95632935041  6.707816E-17
8405.47469330305  8.692946E-17
8410.99305725569  5.640266E-17
8416.51142120833  5.450569E-17
8422.02978516097  5.314373E-17
8427.54814911361  4.839958E-17
8433.06651306625  7.073640E-17
8438.58487701889  6.806754E-17
8444.10324097153  7.236514E-17
8449.62160492417  6.797790E-17
8455.13996887681  5.898691E-17
8460.65833282945  5.010551E-17
8466.17669678209  5.441619E-17
8471.69506073473  6.780594E-17
8477.21342468737  7.376858E-17
8482.73178864001  6.959763E-17
8488.25015259265  6.164704E-17
8493.76851654529  6.904935E-17
8499.28688049793  6.374534E-17
8504.80524445057  5.219877E-17
8510.32360840321  7.815739E-17
8515.84197235585  6.931291E-17
8521.36033630849  6.222036E-17
8526.87870026113  6.280026E-17
8532.39706421377  5.320412E-17
8537.91542816641  5.775280E-17
8543.43379211905  5.828802E-17
8548.95215607169  6.954346E-17
8554.47052002433  7.889068E-17
8559.98888397697  7.216153E-17
8565.50724792961  7.071836E-17
8571.02561188225  6.575037E-17
8576.54397583489  5.397524E-17
8582.06233978753  6.506782E-17
8587.58070374017  5.919467E-17
8593.09906769281  6.001105E-17
8598.61743164545  6.554093E-17
8604.13579559809  6.081616E-17
8609.65415955073  5.604229E-17
8615.17252350337  4.947124E-17
8620.69088745601  4.723140E-17
8626.20925140865  6.030858E-17
8631.72761536129  6.705208E-17
8637.24597931393  6.221143E-17
8642.76434326657  6.093372E-17
8648.28270721921  5.398934E-17
8653.80107117185  4.735229E-17
8659.31943512449  4.836238E-17
8664.83779907713  6.584245E-17
8670.35616302977  6.332711E-17
8675.87452698241  7.614235E-17
8681.39289093505  4.535929E-17
8686.91125488769  5.231256E-17
8692.42961884033  4.673516E-17
8697.94798279297  6.715719E-17
8703.46634674561  6.625903E-17
8708.98471069825  6.546851E-17
8714.50307465089  6.303853E-17
8720.02143860353  4.766092E-17
8725.53980255617  5.185684E-17
8731.05816650881  5.359621E-17
8736.57653046145  5.988851E-17
8742.09489441409  5.346360E-17
8747.61325836673  8.369997E-17
8753.13162231937  8.679901E-17
8758.64998627201  6.971292E-17
8764.16835022465  6.549853E-17
8769.68671417729  6.727942E-17
8775.20507812993  4.571407E-17
8780.72344208257  6.593045E-17
8786.24180603521  7.645023E-17
8791.76016998785  7.113549E-17
8797.27853394049  7.107271E-17
8802.79689789313  5.683930E-17
8808.31526184577  5.581140E-17
8813.83362579841  5.776059E-17
8819.35198975105  9.372255E-17
8824.87035370369  1.004593E-16
8830.38871765633  9.124950E-17
8835.90708160897  4.971736E-17
8841.42544556161  4.925708E-17
8846.94380951425  2.777606E-17
8852.46217346689  4.046181E-17
8857.98053741953  8.118258E-17
8863.49890137217  6.832299E-17
8869.01726532481  6.278511E-17
8874.53562927745  4.567741E-17
8880.05399323009  4.338413E-17
8885.57235718273  4.339528E-17
8891.09072113537  7.588675E-17
8896.60908508801  6.404622E-17
8902.12744904065  4.466214E-17
8907.64581299329  6.858838E-17
8913.16417694593  7.232237E-17
8918.68254089857  5.857216E-17
8924.20090485121  6.485995E-17
8929.71926880385  6.895852E-17
8935.23763275649  6.475242E-17
8940.75599670913  6.103022E-17
8946.27436066177  5.414366E-17
8951.79272461441  5.269421E-17
8957.31108856705  6.123144E-17
8962.82945251969  5.613600E-17
8968.34781647233  4.871938E-17
8973.86618042497  5.712533E-17
8979.38454437761  4.884786E-17
8984.90290833025  4.581985E-17
8990.42127228289  6.245503E-17
8995.93963623553  6.969776E-17
9001.45800018817  8.464219E-17
9006.97636414081  5.463012E-17
9012.49472809345  5.255172E-17
9018.01309204609  5.943641E-17
9023.53145599873  5.729903E-17
9029.04981995137  8.311823E-17
9034.56818390401  7.825596E-17
9040.08654785665  6.519979E-17
9045.60491180929  4.500580E-17
9051.12327576193  4.003049E-17
9056.64163971457  5.211669E-17
9062.16000366721  6.362806E-17
9067.67836761985  5.467454E-17
9073.19673157249  4.275032E-17
9078.71509552513  6.211038E-17
9084.23345947777  4.871567E-17
9089.75182343041  5.462346E-17
9095.27018738305  6.337144E-17
9100.78855133569  5.717535E-17
9106.30691528833  5.741773E-17
9111.82527924097  3.581428E-17
9117.34364319361  3.856929E-17
9122.86200714625  6.364809E-17
9128.38037109889  5.798247E-17
9133.89873505153  6.945456E-17
9139.41709900417  4.502069E-17
9144.93546295681  3.225168E-17
9150.45382690945  5.298045E-17
9155.97219086209  7.148541E-17
9161.49055481473  6.001886E-17
9167.00891876737  4.700475E-17
9172.52728272001  4.807020E-17
9178.04564667265  4.755559E-17
9183.56401062529  4.575167E-17
9189.08237457793  4.957906E-17
9194.60073853057  6.365035E-17
9200.11910248321  5.124547E-17
9205.63746643585  5.134697E-17
9211.15583038849  7.436496E-17
9216.67419434113  5.568524E-17
9222.19255829377  4.710712E-17
9227.71092224641  3.850491E-17
9233.22928619905  5.622298E-17
9238.74765015169  5.570965E-17
9244.26601410433  5.997455E-17
9249.78437805697  5.478137E-17
