3650.04150  1.54947e-16
3655.56050  1.59230e-16
3661.07950  1.64471e-16
3666.59849  1.54179e-16
3672.11750  1.62266e-16
3677.63650  1.64108e-16
3683.15550  1.52357e-16
3688.67450  1.79210e-16
3694.19350  1.45857e-16
3699.71250  1.36921e-16
3705.23150  1.54716e-16
3710.75050  1.55740e-16
3716.26950  1.70199e-16
3721.78850  1.54281e-16
3727.30751  1.40050e-16
3732.82650  1.28203e-16
3738.34550  1.82551e-16
3743.86450  1.55132e-16
3749.38350  1.39891e-16
3754.90250  1.47841e-16
3760.42150  1.63451e-16
3765.94051  1.63033e-16
3771.45951  1.63556e-16
3776.97851  1.25915e-16
3782.49751  1.42986e-16
3788.01651  1.56800e-16
3793.53551  1.42114e-16
3799.05451  1.55556e-16
3804.57351  1.52932e-16
3810.09251  1.38282e-16
3815.61151  1.48817e-16
3821.13051  1.41060e-16
3826.64951  1.51212e-16
3832.16851  1.40894e-16
3837.68751  1.44787e-16
3843.20651  1.47220e-16
3848.72550  1.48417e-16
3854.24451  1.43965e-16
3859.76351  1.46888e-16
3865.28251  1.38386e-16
3870.80151  1.39599e-16
3876.32051  1.43066e-16
3881.83951  1.46982e-16
3887.35851  1.43187e-16
3892.87751  1.40658e-16
3898.39651  1.43723e-16
3903.91551  1.44008e-16
3909.43452  1.37493e-16
3914.95351  1.35333e-16
3920.47251  1.52138e-16
3925.99151  1.32072e-16
3931.51051  1.34397e-16
3937.02951  1.36905e-16
3942.54851  1.54020e-16
3948.06751  1.46418e-16
3953.58651  1.48617e-16
3959.10551  1.44879e-16
3964.62451  1.43625e-16
3970.14352  1.40562e-16
3975.66251  1.32600e-16
3981.18151  1.36640e-16
3986.70051  1.38464e-16
3992.21951  1.28198e-16
3997.73851  1.25748e-16
4003.25751  1.28774e-16
4008.77650  1.24504e-16
4014.29551  1.36550e-16
4019.81451  1.40634e-16
4025.33351  1.47268e-16
4030.85251  1.31479e-16
4036.37151  1.29081e-16
4041.89051  1.23321e-16
4047.40951  1.15664e-16
4052.92851  1.06195e-16
4058.44751  1.26653e-16
4063.96651  1.21585e-16
4069.48550  1.12401e-16
4075.00451  1.33954e-16
4080.52351  1.27159e-16
4086.04251  1.29457e-16
4091.56151  1.26387e-16
4097.08051  1.26214e-16
4102.59951  1.30121e-16
4108.11851  1.36323e-16
4113.63751  1.27637e-16
4119.15651  1.21206e-16
4124.67551  1.29132e-16
4130.19452  1.16978e-16
4135.71351  1.29686e-16
4141.23251  1.23575e-16
4146.75151  1.21221e-16
4152.27051  1.22051e-16
4157.78951  1.29785e-16
4163.30851  1.11800e-16
4168.82751  9.89997e-17
4174.34651  1.10062e-16
4179.86551  1.08064e-16
4185.38451  1.12251e-16
4190.90351  1.20694e-16
4196.42251  1.15770e-16
4201.94151  1.10628e-16
4207.46051  1.02532e-16
4212.97951  1.39431e-16
4218.49851  1.15078e-16
4224.01751  1.00753e-16
4229.53650  1.08023e-16
4235.05551  1.12268e-16
4240.57451  1.14861e-16
4246.09351  1.14346e-16
4251.61251  1.02613e-16
4257.13151  1.05265e-16
4262.65051  1.01370e-16
4268.16951  1.01748e-16
4273.68851  1.18883e-16
4279.20751  9.87804e-17
4284.72651  1.02618e-16
4290.24552  9.23473e-17
4295.76451  8.88298e-17
4301.28351  1.27152e-16
4306.80251  9.90670e-17
4312.32151  9.85756e-17
4317.84051  1.00676e-16
4323.35951  1.08425e-16
4328.87851  1.11993e-16
4334.39751  1.10065e-16
4339.91651  1.11069e-16
4345.43551  8.52772e-17
4350.95452  1.00167e-16
4356.47351  1.00694e-16
4361.99251  1.11435e-16
4367.51151  9.74038e-17
4373.03051  1.04276e-16
4378.54951  9.69022e-17
4384.06851  1.06456e-16
4389.58751  1.12536e-16
4395.10651  1.06158e-16
4400.62551  8.37703e-17
4406.14451  1.01270e-16
4411.66351  1.10628e-16
4417.18251  1.09021e-16
4422.70151  9.82854e-17
4428.22051  1.13111e-16
4433.73951  9.42902e-17
4439.25851  1.04418e-16
4444.77751  1.04010e-16
4450.29650  8.90440e-17
4455.81551  8.33204e-17
4461.33451  8.82643e-17
4466.85351  9.25493e-17
4472.37251  9.04351e-17
4477.89151  8.18122e-17
4483.41051  9.11709e-17
4488.92951  8.79250e-17
4494.44851  8.28226e-17
4499.96751  8.69787e-17
4505.48651  8.12648e-17
4511.00552  8.78406e-17
4516.52451  7.35056e-17
4522.04351  8.95183e-17
4527.56251  9.11863e-17
4533.08151  8.61029e-17
4538.60051  8.79996e-17
4544.11951  7.50407e-17
4549.63851  6.45768e-17
4555.15751  7.90793e-17
4560.67651  8.85666e-17
4566.19551  8.65532e-17
4571.71452  7.61063e-17
4577.23351  7.01833e-17
4582.75251  7.51963e-17
4588.27151  9.49702e-17
4593.79051  8.46443e-17
4599.30951  8.26348e-17
4604.82851  9.84213e-17
4610.34750  9.41355e-17
4615.86651  8.19752e-17
4621.38551  7.87703e-17
4626.90451  8.06604e-17
4632.42351  7.96390e-17
4637.94251  8.36171e-17
4643.46151  8.56750e-17
4648.98051  7.96539e-17
4654.49951  7.47425e-17
4660.01851  8.21496e-17
4665.53751  8.28505e-17
4671.05650  7.51880e-17
4676.57551  1.01761e-16
4682.09451  9.37006e-17
4687.61351  9.17727e-17
4693.13251  8.80379e-17
4698.65151  8.35306e-17
4704.17051  8.21174e-17
4709.68951  8.64867e-17
4715.20851  8.20244e-17
4720.72751  8.28793e-17
4726.24651  7.83493e-17
4731.76552  7.83408e-17
4737.28451  9.49879e-17
4742.80351  9.31188e-17
4748.32251  7.16172e-17
4753.84151  5.56748e-17
4759.36051  7.86573e-17
4764.87951  9.38019e-17
4770.39851  6.98099e-17
4775.91751  8.25995e-17
4781.43651  9.34882e-17
4786.95551  8.45962e-17
4792.47451  8.78441e-17
4797.99352  8.95503e-17
4803.51252  8.13999e-17
4809.03152  7.53889e-17
4814.55052  7.33038e-17
4820.06952  7.02145e-17
4825.58852  7.71653e-17
4831.10752  6.59314e-17
4836.62652  7.39174e-17
4842.14552  7.30778e-17
4847.66452  7.05770e-17
4853.18351  6.62207e-17
4858.70252  6.09857e-17
4864.22152  6.57000e-17
4869.74052  7.58654e-17
4875.25952  6.59618e-17
4880.77852  6.57064e-17
4886.29752  7.54482e-17
4891.81652  7.64623e-17
4897.33552  7.69685e-17
4902.85452  8.11574e-17
4908.37352  7.46783e-17
4913.89253  6.57156e-17
4919.41152  6.42579e-17
4924.93052  7.89400e-17
4930.44952  7.15490e-17
4935.96852  7.72282e-17
4941.48752  8.09618e-17
4947.00652  7.77540e-17
4952.52552  7.26376e-17
4958.04452  6.15473e-17
4963.56352  6.42677e-17
4969.08252  6.94342e-17
4974.60152  6.23040e-17
4980.12052  6.10157e-17
4985.63952  7.57785e-17
4991.15852  7.03877e-17
4996.67752  7.53004e-17
5002.19652  6.41558e-17
5007.71552  6.12105e-17
5013.23451  7.73754e-17
5018.75352  7.64803e-17
5024.27252  7.08938e-17
5029.79152  7.30924e-17
5035.31052  6.37441e-17
5040.82952  6.28518e-17
5046.34852  7.37663e-17
5051.86752  7.68664e-17
5057.38652  6.78212e-17
5062.90552  6.49769e-17
5068.42452  6.65858e-17
5073.94353  6.46982e-17
5079.46252  6.98618e-17
5084.98152  6.55429e-17
5090.50052  6.38036e-17
5096.01952  6.68345e-17
5101.53852  5.25466e-17
5107.05752  6.34550e-17
5112.57652  6.52209e-17
5118.09552  5.81341e-17
5123.61452  7.27613e-17
5129.13352  7.12546e-17
5134.65253  7.38455e-17
5140.17152  8.41029e-17
5145.69052  8.14824e-17
5151.20952  8.25272e-17
5156.72852  8.25585e-17
5162.24752  7.49114e-17
5167.76652  7.79519e-17
5173.28552  7.13088e-17
5178.80452  6.95426e-17
5184.32352  7.00561e-17
5189.84252  6.60284e-17
5195.36152  7.06702e-17
5200.88052  8.51991e-17
5206.39952  7.07690e-17
5211.91852  6.22463e-17
5217.43752  7.06954e-17
5222.95652  7.69093e-17
5228.47552  7.02105e-17
5233.99451  6.96146e-17
5239.51352  7.65674e-17
5245.03252  7.37536e-17
5250.55152  7.36611e-17
5256.07052  7.37249e-17
5261.58952  6.28184e-17
5267.10852  5.90793e-17
5272.62752  7.10427e-17
5278.14652  7.38741e-17
5283.66552  6.65731e-17
5289.18452  6.96829e-17
5294.70353  6.40644e-17
5300.22252  6.21269e-17
5305.74152  7.32665e-17
5311.26052  7.94450e-17
5316.77952  6.80585e-17
5322.29852  7.68588e-17
5327.81752  7.50783e-17
5333.33652  6.39504e-17
5338.85552  6.70500e-17
5344.37452  6.44567e-17
5349.89352  6.54575e-17
5355.41253  7.78558e-17
5360.93152  5.57449e-17
5366.45052  7.83756e-17
5371.96952  7.08216e-17
5377.48852  6.85921e-17
5383.00752  6.82144e-17
5388.52652  5.59041e-17
5394.04551  6.67088e-17
5399.56452  7.15248e-17
5405.08352  6.49296e-17
5410.60252  5.33422e-17
5416.12152  6.19324e-17
5421.64052  6.36918e-17
5427.15952  8.73473e-17
5432.67852  5.92178e-17
5438.19752  6.36920e-17
5443.71652  6.51070e-17
5449.23552  6.31272e-17
5454.75451  5.34693e-17
5460.27352  6.73593e-17
5465.79252  4.88743e-17
5471.31152  5.18940e-17
5476.83052  6.03633e-17
5482.34952  6.79791e-17
5487.86852  5.02642e-17
5493.38752  6.32724e-17
5498.90652  6.74843e-17
5504.42552  5.61802e-17
5509.94452  6.57952e-17
5515.46353  7.39587e-17
5520.98252  5.92311e-17
5526.50152  6.16539e-17
5532.02052  5.15674e-17
5537.53952  5.25549e-17
5543.05852  5.60659e-17
5548.57752  5.28785e-17
5554.09652  5.12296e-17
5559.61552  4.19261e-17
5565.13452  4.32901e-17
5570.65352  5.15298e-17
5576.17252  6.65447e-17
5581.69152  4.69663e-17
5587.21052  3.07057e-17
5592.72952  5.85026e-17
5598.24852  5.04653e-17
5603.76752  4.63641e-17
5609.28652  4.61127e-17
5614.80551  5.25728e-17
5620.32452  4.50163e-17
5625.84352  4.62996e-17
5631.36252  4.42154e-17
5636.88152  5.09621e-17
5642.40052  4.16091e-17
5647.91952  4.39691e-17
5653.43852  4.46881e-17
5658.95752  5.73768e-17
5664.47652  4.57148e-17
5669.99552  2.50179e-17
5675.51453  4.73195e-17
5681.03352  4.21781e-17
5686.55252  4.06525e-17
5692.07152  5.15942e-17
5697.59052  5.43248e-17
5703.10952  4.70927e-17
5708.62852  4.94593e-17
5714.14752  3.40138e-17
5719.66652  5.05521e-17
5725.18552  3.34907e-17
5730.70452  4.44674e-17
5736.22353  4.75494e-17
5741.74252  4.51515e-17
5747.26152  4.49242e-17
5752.78052  4.54975e-17
5758.29952  4.25504e-17
5763.81852  4.08819e-17
5769.33752  4.80024e-17
5774.85651  4.30684e-17
5780.37552  4.47634e-17
5785.89452  3.58868e-17
5791.41352  3.20851e-17
5796.93252  4.56999e-17
5802.45152  2.53508e-17
5807.97052  2.74869e-17
5813.48952  3.88047e-17
5819.00852  3.64755e-17
5824.52752  2.69493e-17
5830.04653  3.85403e-17
5835.56553  4.40900e-17
5841.08453  3.87967e-17
5846.60353  2.81157e-17
5852.12253  3.73886e-17
5857.64154  3.00732e-17
5863.16053  4.14076e-17
5868.67953  4.26639e-17
5874.19853  3.19184e-17
5879.71753  2.78617e-17
5885.23653  4.40669e-17
5890.75553  4.55243e-17
5896.27453  4.72384e-17
5901.79353  3.09791e-17
5907.31253  3.85146e-17
5912.83153  3.31323e-17
5918.35054  2.27007e-17
5923.86953  3.20453e-17
5929.38853  3.68116e-17
5934.90753  4.01898e-17
5940.42653  2.70364e-17
5945.94553  3.06986e-17
5951.46453  3.55885e-17
5956.98353  3.45515e-17
5962.50253  2.95706e-17
5968.02153  3.51393e-17
5973.54053  4.00046e-17
5979.05953  4.51282e-17
5984.57853  3.73104e-17
5990.09753  3.11775e-17
5995.61653  3.25019e-17
6001.13553  3.62476e-17
6006.65453  3.82311e-17
6012.17353  3.49170e-17
6017.69252  3.60825e-17
6023.21153  3.38031e-17
6028.73053  3.69998e-17
6034.24953  3.85354e-17
6039.76853  3.68570e-17
6045.28753  3.79937e-17
6050.80653  3.64642e-17
6056.32553  3.57901e-17
6061.84453  3.90862e-17
6067.36353  4.69417e-17
6072.88253  3.30871e-17
6078.40154  4.00010e-17
6083.92053  4.37037e-17
6089.43953  3.23022e-17
6094.95853  3.05975e-17
6100.47753  3.72748e-17
6105.99653  3.26074e-17
6111.51553  3.51975e-17
6117.03453  3.60592e-17
6122.55353  4.22473e-17
6128.07253  3.54140e-17
6133.59153  3.15640e-17
6139.11054  2.49977e-17
6144.62953  2.49031e-17
6150.14853  2.70590e-17
6155.66753  2.48733e-17
6161.18653  3.14738e-17
6166.70553  4.13064e-17
6172.22453  2.99854e-17
6177.74352  3.32406e-17
6183.26253  3.92036e-17
6188.78153  4.42792e-17
6194.30053  4.52659e-17
6199.81953  2.93529e-17
6205.33853  3.80280e-17
6210.85753  4.19218e-17
6216.37653  4.11114e-17
6221.89553  4.06898e-17
6227.41453  3.57839e-17
6232.93353  3.54096e-17
6238.45252  3.73024e-17
6243.97153  4.50463e-17
6249.49053  5.19952e-17
6255.00953  5.33224e-17
6260.52853  4.00441e-17
6266.04753  3.52062e-17
6271.56653  4.07839e-17
6277.08553  3.74290e-17
6282.60453  4.39063e-17
6288.12353  4.69235e-17
6293.64253  3.76353e-17
6299.16154  4.06301e-17
6304.68053  3.63891e-17
6310.19953  2.46397e-17
6315.71853  3.76604e-17
6321.23753  4.20333e-17
6326.75653  3.84690e-17
6332.27553  4.22121e-17
6337.79453  4.13700e-17
6343.31353  4.82433e-17
6348.83253  3.92411e-17
6354.35153  4.42560e-17
6359.87053  3.79856e-17
6365.38953  3.93430e-17
6370.90853  4.02055e-17
6376.42753  3.73990e-17
6381.94653  3.27921e-17
6387.46553  3.13738e-17
6392.98453  3.42773e-17
6398.50352  3.75529e-17
6404.02253  4.96229e-17
6409.54153  3.76691e-17
6415.06053  3.77067e-17
6420.57953  4.24294e-17
6426.09853  3.18539e-17
6431.61753  5.80981e-17
6437.13653  4.71640e-17
6442.65553  4.12852e-17
6448.17453  3.96673e-17
6453.69353  4.97501e-17
6459.21254  4.88697e-17
6464.73153  4.68970e-17
6470.25053  4.12359e-17
6475.76953  4.70548e-17
6481.28853  4.49185e-17
6486.80753  3.45873e-17
6492.32653  3.99436e-17
6497.84553  4.36075e-17
6503.36453  4.60779e-17
6508.88353  4.57870e-17
6514.40253  4.52103e-17
6519.92154  4.35686e-17
6525.44053  4.65947e-17
6530.95953  4.59711e-17
6536.47853  3.76199e-17
6541.99753  3.02810e-17
6547.51653  3.58350e-17
6553.03553  3.76570e-17
6558.55453  4.15216e-17
6564.07353  4.03002e-17
6569.59253  4.38743e-17
6575.11153  4.05794e-17
6580.63053  4.33628e-17
6586.14953  4.13392e-17
6591.66853  4.25637e-17
6597.18753  5.12419e-17
6602.70653  4.27208e-17
6608.22553  4.09449e-17
6613.74453  3.37520e-17
6619.26352  3.22839e-17
6624.78253  4.89738e-17
6630.30153  4.97630e-17
6635.82053  3.96557e-17
6641.33953  4.30774e-17
6646.85853  4.63901e-17
6652.37753  3.35217e-17
6657.89653  4.73716e-17
6663.41553  3.91273e-17
6668.93453  2.94288e-17
6674.45353  4.24615e-17
6679.97254  3.98016e-17
6685.49153  3.47609e-17
6691.01053  3.00245e-17
6696.52953  3.83774e-17
6702.04853  4.27423e-17
6707.56753  3.64183e-17
6713.08653  4.26647e-17
6718.60553  4.13285e-17
6724.12453  3.53909e-17
6729.64353  3.85451e-17
6735.16253  4.00179e-17
6740.68154  4.14545e-17
6746.20053  4.37025e-17
6751.71953  4.59668e-17
6757.23853  4.34635e-17
6762.75753  4.83115e-17
6768.27653  3.65481e-17
6773.79553  4.38192e-17
6779.31452  3.35491e-17
6784.83353  3.86904e-17
6790.35253  3.43965e-17
6795.87153  3.42614e-17
6801.39053  3.35274e-17
6806.90953  3.80634e-17
6812.42853  3.64626e-17
6817.94753  4.69428e-17
6823.46653  6.32764e-17
6828.98553  6.25695e-17
6834.50453  6.00149e-17
6840.02352  5.56168e-17
6845.54253  6.34366e-17
6851.06153  5.98172e-17
6856.58053  5.48515e-17
6862.09953  4.26635e-17
6867.61854  4.01404e-17
6873.13754  3.51970e-17
6878.65654  2.65337e-17
6884.17554  3.80190e-17
6889.69454  4.40981e-17
6895.21354  4.11988e-17
6900.73254  5.05372e-17
6906.25154  4.23183e-17
6911.77054  3.92082e-17
6917.28954  5.29787e-17
6922.80855  5.82138e-17
6928.32754  6.30106e-17
6933.84654  4.56933e-17
6939.36554  6.52214e-17
6944.88454  6.32304e-17
6950.40354  6.81728e-17
6955.92254  5.63689e-17
6961.44153  5.18530e-17
6966.96054  6.24726e-17
6972.47954  5.47636e-17
6977.99854  6.37233e-17
6983.51754  5.75410e-17
6989.03654  5.59423e-17
6994.55554  5.48035e-17
7000.07454  5.69047e-17
7005.59354  6.51873e-17
7011.11254  6.10558e-17
7016.63154  4.84542e-17
7022.15053  4.95704e-17
7027.66954  6.26935e-17
7033.18854  5.38139e-17
7038.70754  5.30284e-17
7044.22654  5.69509e-17
7049.74554  5.75665e-17
7055.26454  6.03798e-17
7060.78354  5.61131e-17
7066.30254  4.36568e-17
7071.82154  4.47423e-17
7077.34054  5.09290e-17
7082.85955  6.29330e-17
7088.37854  5.95185e-17
7093.89754  6.51244e-17
7099.41654  5.36457e-17
7104.93554  5.37726e-17
7110.45454  5.65914e-17
7115.97354  4.54711e-17
7121.49254  5.55774e-17
7127.01154  5.69777e-17
7132.53054  6.19153e-17
7138.04954  6.65437e-17
7143.56854  7.90552e-17
7149.08754  7.63918e-17
7154.60654  7.07549e-17
7160.12554  6.77185e-17
7165.64454  4.96084e-17
7171.16354  5.89560e-17
7176.68254  5.69912e-17
7182.20153  5.44833e-17
7187.72054  5.34894e-17
7193.23954  6.25684e-17
7198.75854  5.99819e-17
7204.27754  6.16814e-17
7209.79654  6.89341e-17
7215.31554  5.87012e-17
7220.83454  5.69454e-17
7226.35354  5.43811e-17
7231.87254  5.87540e-17
7237.39154  6.24215e-17
7242.91055  6.12629e-17
7248.42954  6.53890e-17
7253.94854  6.36812e-17
7259.46754  5.14359e-17
7264.98654  5.30612e-17
7270.50554  4.90347e-17
7276.02454  5.11229e-17
7281.54354  4.15505e-17
7287.06254  4.94699e-17
7292.58154  3.92149e-17
7298.10054  4.83156e-17
7303.61955  3.53449e-17
7309.13854  2.97575e-17
7314.65754  5.71218e-17
7320.17654  4.55558e-17
7325.69554  4.32529e-17
7331.21454  4.62186e-17
7336.73354  4.45790e-17
7342.25254  3.89376e-17
7347.77154  4.63049e-17
7353.29054  4.80563e-17
7358.80954  3.82221e-17
7364.32854  4.48542e-17
7369.84754  4.04909e-17
7375.36654  4.14530e-17
7380.88554  5.16825e-17
7386.40454  4.59199e-17
7391.92354  4.39844e-17
7397.44254  3.68143e-17
7402.96153  3.23842e-17
7408.48054  3.89333e-17
7413.99954  3.05070e-17
7419.51854  4.12195e-17
7425.03754  3.39099e-17
7430.55654  2.94056e-17
7436.07554  4.20195e-17
7441.59454  3.69052e-17
7447.11354  4.25866e-17
7452.63254  4.02695e-17
7458.15154  3.10466e-17
7463.67055  3.96295e-17
7469.18954  4.90857e-17
7474.70854  4.42158e-17
7480.22754  4.29829e-17
7485.74654  4.48707e-17
7491.26554  4.14392e-17
7496.78454  3.28510e-17
7502.30354  3.43909e-17
7507.82254  4.24441e-17
7513.34154  3.35577e-17
7518.86054  4.31512e-17
7524.37954  4.69767e-17
7529.89854  4.26648e-17
7535.41754  4.32463e-17
7540.93654  4.98583e-17
7546.45554  4.73046e-17
7551.97454  1.01181e-16
7557.49354  1.71500e-16
7563.01253  2.91924e-16
7568.53154  2.68631e-16
7574.05054  2.00147e-16
7579.56954  1.69302e-16
7585.08854  1.37139e-16
7590.60754  1.25185e-16
7596.12654  6.15258e-17
7601.64554  2.22662e-17
7607.16454  1.99369e-17
7612.68354  1.31909e-17
7618.20254  7.74622e-18
7623.72153  1.48242e-19
7629.24054  6.07089e-19
7634.75954  3.70823e-18
7640.27854  1.28305e-18
7645.79754  7.48752e-18
7651.31654  2.49244e-17
7656.83554  2.00720e-17
7662.35454  1.44445e-17
7667.87354  2.48406e-17
7673.39254  2.79721e-17
7678.91154  2.79003e-17
7684.43055  1.57008e-17
7689.94954  3.28754e-17
7695.46854  2.68672e-17
7700.98754  2.64989e-17
7706.50654  3.44658e-17
7712.02554  3.98066e-17
7717.54454  3.19254e-17
7723.06354  3.23287e-17
7728.58254  3.24638e-17
7734.10154  4.34363e-17
7739.62054  5.64092e-17
7745.13954  3.31634e-17
7750.65854  2.76120e-17
7756.17754  2.98832e-17
7761.69654  3.76981e-17
7767.21554  3.17838e-17
7772.73454  3.47329e-17
7778.25354  3.15944e-17
7783.77253  2.55834e-17
7789.29154  4.01928e-17
7794.81054  3.41429e-17
7800.32954  3.24355e-17
7805.84854  3.10930e-17
7811.36754  3.14576e-17
7816.88654  3.75622e-17
7822.40554  2.73442e-17
7827.92454  2.94503e-17
7833.44354  2.47035e-17
7838.96254  2.21091e-17
7844.48155  2.92275e-17
7850.00054  4.24694e-17
7855.51954  4.17952e-17
7861.03854  3.29100e-17
7866.55754  3.36286e-17
7872.07654  3.43422e-17
7877.59554  2.01337e-17
7883.11454  3.68930e-17
7888.63354  4.30369e-17
7894.15254  4.11337e-17
7899.67155  3.26755e-17
7905.19055  3.64669e-17
7910.70955  4.57479e-17
7916.22855  4.32296e-17
7921.74755  3.60396e-17
7927.26655  2.22547e-17
7932.78555  3.97545e-17
7938.30455  4.09723e-17
7943.82355  3.30403e-17
7949.34255  3.06627e-17
7954.86155  3.79585e-17
7960.38055  3.01689e-17
7965.89954  2.22763e-17
7971.41855  3.43112e-17
7976.93755  1.95238e-17
7982.45655  3.10516e-17
7987.97555  2.72454e-17
7993.49455  3.20565e-17
7999.01355  2.82134e-17
8004.53255  2.60560e-17
8010.05155  2.72937e-17
8015.57055  2.77913e-17
8021.08955  3.52717e-17
8026.60856  3.07143e-17
8032.12755  3.66322e-17
8037.64655  3.77962e-17
8043.16555  2.83144e-17
8048.68455  2.57705e-17
8054.20355  3.12516e-17
8059.72255  3.91732e-17
8065.24155  3.84770e-17
8070.76055  3.46509e-17
8076.27955  2.53406e-17
8081.79855  2.13549e-17
8087.31756  2.57571e-17
8092.83655  3.21158e-17
8098.35555  2.83505e-17
8103.87455  2.73953e-17
8109.39355  2.85015e-17
8114.91255  4.47659e-17
8120.43155  5.41416e-17
8125.95055  3.56489e-17
8131.46955  3.23703e-17
8136.98855  4.66151e-17
8142.50755  2.41129e-17
8148.02655  2.61667e-17
8153.54555  3.58590e-17
8159.06455  3.46664e-17
8164.58355  2.78938e-17
8170.10255  3.12150e-17
8175.62155  2.23165e-17
8181.14055  2.61198e-17
8186.65954  3.47020e-17
8192.17855  2.46122e-17
8197.69755  2.97382e-17
8203.21655  2.89837e-17
8208.73555  2.32376e-17
8214.25455  2.30597e-17
8219.77355  3.02792e-17
8225.29255  2.97441e-17
8230.81155  3.08398e-17
8236.33055  3.70244e-17
8241.84955  2.13107e-17
8247.36856  2.87847e-17
8252.88755  3.39410e-17
8258.40655  1.40816e-17
8263.92555  3.93669e-17
8269.44455  4.23829e-17
8274.96355  1.66602e-17
8280.48255  1.01605e-17
8286.00155  1.36372e-17
8291.52055  2.85982e-18
8297.03955  2.04002e-17
8302.55855  2.33701e-17
8308.07755  2.93414e-17
8313.59655  1.94766e-17
8319.11555  1.37560e-17
8324.63455  2.60614e-17
8330.15355  2.26617e-17
8335.67255  3.13138e-17
8341.19155  3.21716e-17
8346.71054  3.21891e-17
8352.22955  2.77703e-17
8357.74855  1.54022e-17
8363.26755  3.73305e-17
8368.78655  1.71952e-17
8374.30555  7.25025e-18
8379.82455  2.63772e-17
8385.34355  2.74359e-17
8390.86255  1.09448e-17
8396.38155  1.08106e-17
8401.90055  2.78674e-17
8407.41954  2.52373e-17
8412.93855  2.98313e-17
8418.45755  2.53146e-17
8423.97655  1.35628e-17
8429.49555  4.20231e-17
8435.01455  4.66898e-17
8440.53355  3.79312e-17
8446.05255  2.57987e-17
8451.57155  1.19735e-17
8457.09055  3.26613e-17
8462.60955  4.09048e-17
8468.12856  3.50393e-17
8473.64755  2.97280e-17
8479.16655  2.86905e-17
8484.68555  2.98466e-17
8490.20455  2.81204e-17
8495.72355  2.37092e-17
8501.24255  1.63919e-17
8506.76155  1.83036e-17
8512.28055  1.83370e-17
8517.79955  2.60480e-17
8523.31855  1.84748e-17
8528.83755  2.35568e-17
8534.35655  1.82369e-17
8539.87555  1.64545e-17
8545.39455  1.77137e-17
8550.91355  2.85835e-17
8556.43255  2.15441e-17
8561.95155  1.30557e-17
8567.47054  2.12676e-17
8572.98955  2.78824e-17
8578.50855  2.05991e-17
8584.02755  2.19787e-17
8589.54655  1.89398e-17
8595.06555  1.17999e-17
8600.58455  8.95293e-18
8606.10355  4.52558e-18
8611.62255  5.20026e-18
8617.14155  3.02404e-17
8622.66055  2.82197e-17
8628.17956  1.02419e-17
8633.69855  7.55398e-18
8639.21755  8.00654e-18
8644.73655  1.54348e-17
8650.25555  1.94819e-17
8655.77455  1.90688e-17
8661.29355  3.10604e-17
8666.81255  2.35009e-17
8672.33155  1.76741e-17
8677.85055  1.74982e-17
8683.36955  2.42529e-17
8688.88856  3.14694e-17
8694.40755  3.31056e-17
8699.92655  2.29538e-17
8705.44555  3.87711e-17
8710.96455  2.74614e-17
8716.48355  2.74070e-17
8722.00255  2.91669e-17
8727.52154  2.14097e-17
8733.04055  2.16423e-17
8738.55955  2.78077e-17
8744.07855  2.23761e-17
8749.59755  4.95524e-17
8755.11655  2.39380e-17
8760.63555  3.62838e-17
8766.15455  5.26831e-17
8771.67355  3.98572e-17
8777.19255  1.81916e-17
8782.71155  1.06632e-17
8788.23054  1.32404e-17
8793.74955  1.35697e-17
8799.26855  1.50494e-17
8804.78755  6.93126e-18
8810.30655  7.10826e-18
8815.82555 -1.48343e-18
8821.34455 -1.55748e-17
8826.86355 -2.41544e-18
8832.38255  3.11837e-17
8837.90155  3.09741e-17
8843.42055  3.29587e-17
8848.93956  1.25273e-17
8854.45855  2.36216e-17
8859.97755  2.21704e-17
8865.49655  2.88126e-17
8871.01555  4.62522e-17
8876.53455  2.92240e-17
8882.05355  3.36896e-17
8887.57255  3.75779e-17
8893.09155 -9.79350e-19
8898.61055  2.53368e-17
8904.12955  2.16932e-17
8909.64855  4.71127e-17
8915.16755  3.32523e-17
8920.68655  3.23894e-17
8926.20555  5.37867e-17
8931.72456  4.57360e-17
8937.24356  5.00594e-17
8942.76256  5.44565e-17
8948.28156  4.14702e-17
8953.80056  4.36522e-17
8959.31956  4.65041e-17
8964.83856  3.83055e-17
8970.35755  3.84557e-17
8975.87656  1.88362e-17
8981.39556  2.55302e-17
8986.91456  2.30931e-17
8992.43356  1.71663e-17
8997.95256  3.15705e-17
9003.47156  1.37568e-17
9008.99056  7.84862e-18
9014.50956  1.51684e-17
9020.02856  1.84407e-17
9025.54756  3.04017e-17
9031.06657  5.86740e-17
9036.58556  4.59737e-17
9042.10456  1.11322e-17
9047.62356  3.12768e-17
9053.14256  4.72203e-17
9058.66156  1.62910e-17
9064.18056  2.21687e-17
9069.69956  1.36401e-17
9075.21856  1.65381e-17
9080.73756  2.32829e-17
9086.25656  1.91368e-17
9091.77556  2.15558e-17
9097.29456  4.44771e-17
9102.81356  5.22019e-17
9108.33256  1.89051e-17
9113.85156 -4.77576e-18
9119.37056  2.47443e-17
9124.88956  2.27704e-17
9130.40855  3.11007e-17
9135.92756  3.92847e-17
9141.44656  4.72346e-17
9146.96556  2.11104e-17
9152.48456  1.98820e-17
9158.00356  3.23258e-17
9163.52256  1.86802e-17
9169.04156  5.57941e-18
9174.56056  9.91294e-18
9180.07956  4.97234e-18
9185.59856  1.48224e-17
9191.11755  2.39860e-17
9196.63656  9.60925e-18
9202.15556  2.30413e-17
