3651.499 -8.67825e-19 
3657.015 -1.02955e-17 
3662.532 -4.51335e-18 
3668.048 -3.35909e-17 
3673.565 1.49653e-17 
3679.081 5.28672e-18 
3684.598 6.77800e-18 
3690.115 1.79862e-17 
3695.631 -2.28779e-17 
3701.148 4.24472e-18 
3706.664 8.31920e-18 
3712.181 -7.09540e-18 
3717.697 1.54027e-17 
3723.214 1.10788e-17 
3728.730 -7.75234e-18 
3734.247 -2.74276e-17 
3739.764 9.35308e-18 
3745.280 -1.21982e-17 
3750.797 -1.45532e-17 
3756.313 1.16709e-18 
3761.830 2.77626e-18 
3767.346 -5.69776e-18 
3772.863 7.99823e-18 
3778.379 -2.52214e-17 
3783.896 -1.97018e-18 
3789.413 1.03956e-17 
3794.929 -9.27047e-18 
3800.446 1.08674e-18 
3805.962 -5.37712e-18 
3811.479 -1.28531e-17 
3816.995 6.12310e-18 
3822.512 -5.31399e-18 
3828.029 -9.58360e-18 
3833.545 1.15872e-17 
3839.062 1.15673e-20 
3844.578 -1.43951e-17 
3850.095 -8.08292e-18 
3855.611 8.18849e-18 
3861.128 4.59884e-18 
3866.645 -4.36575e-18 
3872.161 9.61657e-18 
3877.678 4.03805e-18 
3883.194 -1.62534e-18 
3888.711 7.49800e-18 
3894.227 1.31435e-17 
3899.744 -2.05925e-18 
3905.260 -1.59608e-18 
3910.777 -8.02620e-18 
3916.294 1.24745e-17 
3921.810 1.68663e-17 
3927.327 -4.27171e-18 
3932.843 2.38175e-17 
3938.360 1.36553e-18 
3943.876 7.20501e-18 
3949.393 1.41075e-17 
3954.909 2.08444e-18 
3960.426 1.00848e-17 
3965.943 1.54207e-17 
3971.459 1.27696e-17 
3976.976 6.27045e-18 
3982.492 3.42862e-18 
3988.009 1.10855e-17 
3993.525 -1.61023e-17 
3999.042 2.56213e-18 
4004.559 5.63225e-18 
4010.075 -5.41241e-20 
4015.592 8.15739e-18 
4021.108 2.19650e-17 
4026.625 1.31938e-17 
4032.141 1.18928e-17 
4037.658 2.96474e-18 
4043.175 4.70842e-18 
4048.691 -4.70784e-18 
4054.208 -1.35954e-17 
4059.724 3.55465e-18 
4065.241 6.68257e-18 
4070.757 6.97864e-18 
4076.274 7.65019e-18 
4081.791 -2.22636e-18 
4087.307 7.43398e-18 
4092.824 3.70689e-19 
4098.340 7.04981e-18 
4103.857 1.84882e-17 
4109.374 1.87079e-17 
4114.890 1.87249e-17 
4120.406 -1.68712e-18 
4125.923 1.04250e-17 
4131.439 -6.92357e-18 
4136.956 1.01313e-17 
4142.473 1.61167e-18 
4147.989 9.65277e-18 
4153.506 1.71655e-17 
4159.022 1.79111e-17 
4164.539 3.60248e-18 
4170.056 -5.88209e-18 
4175.572 7.87621e-19 
4181.089 -3.84510e-18 
4186.605 -2.51729e-18 
4192.122 9.38876e-19 
4197.638 3.94159e-18 
4203.155 1.29751e-17 
4208.671 4.42555e-18 
4214.188 1.84354e-17 
4219.705 1.03917e-17 
4225.221 6.71687e-18 
4230.738 1.45169e-17 
4236.254 1.15958e-17 
4241.771 1.21774e-17 
4247.288 1.67705e-17 
4252.804 -2.43723e-18 
4258.320 -4.37395e-18 
4263.837 -2.89462e-18 
4269.354 -1.39362e-18 
4274.870 1.14377e-17 
4280.387 -6.92520e-18 
4285.903 -5.42380e-18 
4291.420 -9.81034e-18 
4296.937 -8.51465e-18 
4302.453 -9.68013e-19 
4307.970 -7.36958e-18 
4313.486 2.59586e-18 
4319.003 3.95893e-18 
4324.519 1.01618e-17 
4330.036 6.85453e-18 
4335.552 4.41524e-18 
4341.069 1.15759e-17 
4346.585 -6.86866e-18 
4352.102 -1.36100e-18 
4357.619 -1.51071e-17 
4363.135 1.48272e-17 
4368.652 -4.66063e-18 
4374.168 3.90061e-18 
4379.685 8.03078e-18 
4385.202 1.76939e-17 
4390.718 1.92573e-17 
4396.234 -4.61190e-19 
4401.751 4.76620e-18 
4407.268 1.42296e-17 
4412.784 1.04673e-17 
4418.301 1.82222e-17 
4423.817 1.22219e-17 
4429.334 1.69784e-17 
4434.851 3.05825e-18 
4440.367 1.64279e-17 
4445.884 2.02791e-17 
4451.400 9.83043e-18 
4456.917 -8.11480e-18 
4462.434 6.24984e-18 
4467.950 1.59590e-17 
4473.466 -4.81482e-18 
4478.983 7.21448e-18 
4484.500 6.71239e-18 
4490.016 4.80566e-18 
4495.533 4.95418e-18 
4501.049 7.93266e-18 
4506.566 -4.01130e-18 
4512.083 -3.50241e-18 
4517.599 -1.27686e-17 
4523.116 6.01441e-18 
4528.632 1.20155e-18 
4534.149 -1.26600e-18 
4539.665 -3.04535e-18 
4545.182 -1.21660e-17 
4550.698 -1.86305e-17 
4556.215 -7.77695e-18 
4561.731 -2.43793e-18 
4567.248 2.64910e-19 
4572.765 -9.56386e-18 
4578.281 -2.07810e-18 
4583.798 -7.74899e-18 
4589.314 1.06912e-17 
4594.831 4.51502e-18 
4600.348 4.32125e-18 
4605.864 1.24681e-17 
4611.380 1.06386e-17 
4616.897 -7.40292e-18 
4622.414 -3.48718e-18 
4627.930 9.01745e-18 
4633.447 3.53884e-18 
4638.963 1.42714e-17 
4644.480 1.83208e-18 
4649.997 -4.07945e-18 
4655.513 -2.98804e-18 
4661.030 4.67245e-18 
4666.546 6.33990e-18 
4672.063 -5.79655e-19 
4677.580 1.95977e-17 
4683.096 7.29420e-18 
4688.612 1.47834e-17 
4694.129 2.01182e-18 
4699.646 1.10416e-17 
4705.162 5.11646e-18 
4710.679 1.50960e-17 
4716.195 5.94434e-18 
4721.712 -6.41966e-18 
4727.229 8.71471e-19 
4732.745 7.94210e-18 
4738.262 1.56041e-17 
4743.778 6.99862e-18 
4749.295 5.03313e-18 
4754.811 -1.18104e-17 
4760.328 9.08007e-18 
4765.844 8.48802e-18 
4771.361 -9.84044e-18 
4776.877 1.06726e-17 
4782.394 8.77006e-18 
4787.911 6.28885e-18 
4793.427 1.52403e-17 
4798.944 1.07255e-17 
4804.460 8.18351e-18 
4809.977 3.56698e-18 
4815.494 1.19077e-18 
4821.010 7.79923e-18 
4826.526 1.25049e-17 
4832.043 5.03566e-18 
4837.560 8.44753e-18 
4843.076 7.00411e-18 
4848.593 1.03682e-17 
4854.109 -1.35071e-18 
4859.626 1.24842e-18 
4865.143 6.24371e-18 
4870.659 7.35533e-18 
4876.176 -6.60990e-19 
4881.692 7.42966e-18 
4887.209 3.23000e-18 
4892.725 4.51259e-18 
4898.242 1.30027e-17 
4903.758 6.25253e-18 
4909.275 5.25690e-18 
4914.792 5.10156e-18 
4920.308 3.39940e-18 
4925.825 1.06922e-17 
4931.341 6.17461e-18 
4936.858 1.31092e-17 
4942.375 3.31771e-18 
4947.891 1.51561e-18 
4953.408 4.67227e-18 
4958.924 5.91835e-19 
4964.440 3.95693e-18 
4969.957 7.93689e-18 
4975.474 -7.17858e-18 
4980.990 1.13925e-18 
4986.507 1.01226e-17 
4992.023 1.72150e-18 
4997.540 1.04834e-17 
5003.057 -6.94352e-19 
5008.573 3.80481e-18 
5014.090 1.20813e-17 
5019.606 7.67727e-18 
5025.123 1.70822e-17 
5030.640 9.40440e-18 
5036.156 -7.69382e-18 
5041.672 1.13938e-17 
5047.189 2.42104e-17 
5052.706 4.11298e-18 
5058.222 1.17920e-17 
5063.739 7.33473e-18 
5069.255 5.35487e-18 
5074.772 -1.21863e-18 
5080.289 -2.32441e-18 
5085.805 -1.32878e-18 
5091.322 1.07721e-18 
5096.838 1.60994e-18 
5102.355 -7.01089e-18 
5107.871 2.34474e-18 
5113.388 3.91593e-18 
5118.904 4.78955e-18 
5124.421 1.25258e-17 
5129.937 4.89994e-18 
5135.454 2.17833e-17 
5140.971 3.12309e-17 
5146.487 1.89227e-17 
5152.004 1.87509e-17 
5157.521 1.95802e-17 
5163.037 1.75299e-17 
5168.554 1.84945e-17 
5174.070 7.44562e-18 
5179.586 1.44128e-17 
5185.103 1.36238e-17 
5190.620 3.67901e-18 
5196.136 1.51447e-17 
5201.653 2.07225e-17 
5207.169 9.34925e-18 
5212.686 6.88587e-18 
5218.203 1.60571e-17 
5223.719 1.94138e-17 
5229.236 1.59108e-17 
5234.752 1.27190e-17 
5240.269 3.65972e-18 
5245.785 7.30680e-18 
5251.302 2.14709e-17 
5256.818 1.79861e-17 
5262.335 1.13709e-17 
5267.852 1.28712e-17 
5273.368 9.68698e-18 
5278.885 1.66718e-17 
5284.401 9.34746e-18 
5289.918 8.98404e-18 
5295.435 4.52321e-18 
5300.951 1.47943e-17 
5306.468 1.62241e-17 
5311.984 1.69667e-17 
5317.500 1.37169e-17 
5323.017 2.16672e-17 
5328.534 1.76071e-17 
5334.050 8.53302e-18 
5339.567 7.98567e-18 
5345.083 1.42129e-17 
5350.600 7.58702e-18 
5356.117 1.79330e-17 
5361.633 5.44361e-18 
5367.150 1.62056e-17 
5372.667 1.26386e-17 
5378.183 1.23226e-17 
5383.700 7.05584e-18 
5389.216 1.41104e-18 
5394.732 1.34923e-17 
5400.249 1.75969e-17 
5405.766 1.02120e-17 
5411.282 7.74834e-18 
5416.799 7.40829e-18 
5422.315 8.02432e-18 
5427.832 2.57210e-17 
5433.349 8.69715e-18 
5438.865 6.96634e-18 
5444.382 2.72613e-18 
5449.898 1.09059e-17 
5455.415 8.42440e-18 
5460.931 6.42909e-18 
5466.448 -1.53900e-18 
5471.964 -2.00040e-18 
5477.481 1.82774e-18 
5482.998 1.65799e-17 
5488.514 2.91726e-18 
5494.031 2.86336e-18 
5499.547 1.77854e-17 
5505.064 6.98995e-18 
5510.581 1.17986e-17 
5516.097 5.95279e-18 
5521.614 3.30128e-18 
5527.130 6.48951e-18 
5532.646 5.85687e-19 
5538.163 1.02122e-17 
5543.680 6.90153e-18 
5549.196 3.67379e-18 
5554.713 9.00762e-18 
5560.229 -1.11548e-17 
5565.746 -1.97336e-17 
5571.263 6.71953e-18 
5576.779 3.24734e-17 
5582.296 2.27144e-19 
5587.813 -1.60924e-17 
5593.329 1.21848e-17 
5598.846 3.61408e-18 
5604.362 -9.72626e-18 
5609.878 -7.29770e-18 
5615.395 1.31687e-18 
5620.912 -2.51954e-18 
5626.428 -2.93296e-18 
5631.945 -8.66237e-18 
5637.461 -1.12132e-17 
5642.978 -4.38103e-18 
5648.495 -6.13397e-18 
5654.011 -1.02993e-17 
5659.528 -2.60819e-18 
5665.044 -2.72456e-18 
5670.561 -1.07447e-17 
5676.077 -3.84597e-18 
5681.594 -9.75381e-18 
5687.110 -4.10081e-18 
5692.627 4.04184e-18 
5698.144 4.06555e-18 
5703.660 1.47797e-19 
5709.177 -1.46439e-18 
5714.693 -1.09608e-17 
5720.210 -5.35618e-18 
5725.727 -4.00567e-18 
5731.243 1.59841e-18 
5736.760 1.16072e-17 
5742.276 2.41169e-19 
5747.792 -4.30473e-18 
5753.309 -8.30132e-19 
5758.826 -8.65766e-18 
5764.342 -6.36740e-18 
5769.859 -1.55915e-18 
5775.375 2.21980e-18 
5780.892 -9.82492e-20 
5786.409 -7.10789e-18 
5791.925 -6.08035e-18 
5797.442 -5.93789e-18 
5802.958 -1.82721e-17 
5808.475 -1.11451e-17 
5813.991 -2.95145e-18 
5819.508 -8.20903e-18 
5825.024 -2.05645e-17 
5830.541 -6.11103e-18 
5836.058 -5.27523e-18 
5841.574 -9.52892e-18 
5847.091 -1.35063e-17 
5852.607 -1.40247e-17 
5858.124 -9.58524e-18 
5863.641 1.92134e-18 
5869.157 -7.14565e-18 
5874.674 -7.64949e-18 
5880.190 -8.72978e-18 
5885.707 -7.00920e-18 
5891.223 -2.10549e-18 
5896.740 -3.86270e-18 
5902.256 -9.45956e-18 
5907.773 -7.49514e-18 
5913.290 -1.63242e-17 
5918.806 -2.92997e-17 
5924.323 -1.21522e-17 
5929.839 -8.50203e-19 
5935.356 -5.42083e-18 
5940.873 -1.18380e-17 
5946.389 -7.45823e-18 
5951.906 -5.88230e-18 
5957.422 -9.95290e-19 
5962.938 -9.41599e-18 
5968.455 -6.56838e-18 
5973.972 -2.21048e-18 
5979.488 -3.54728e-18 
5985.005 -7.92568e-18 
5990.521 -1.20904e-17 
5996.038 -1.13828e-17 
6001.555 -1.28682e-17 
6007.071 -6.83760e-18 
6012.588 -6.71144e-18 
6018.104 -6.68277e-18 
6023.621 -6.84958e-18 
6029.137 -6.23896e-18 
6034.654 1.77868e-18 
6040.170 -1.10415e-18 
6045.687 -6.29265e-18 
6051.204 -1.56236e-17 
6056.720 -1.12830e-17 
6062.237 -4.08336e-19 
6067.753 1.03641e-18 
6073.270 -5.72239e-18 
6078.787 -1.78705e-18 
6084.303 2.19093e-18 
6089.820 -8.55513e-18 
6095.336 -9.27504e-18 
6100.853 -1.09450e-17 
6106.369 -1.29854e-17 
6111.886 -4.10772e-18 
6117.402 -1.99260e-18 
6122.919 -3.26720e-18 
6128.436 -1.32822e-17 
6133.952 -9.17512e-18 
6139.469 -1.87070e-17 
6144.985 -1.08422e-17 
6150.502 -1.45689e-17 
6156.019 -1.26785e-17 
6161.535 -1.45580e-17 
6167.051 -5.54634e-18 
6172.568 -1.67148e-17 
6178.084 -1.39328e-17 
6183.601 -1.09210e-17 
6189.118 -1.39866e-18 
6194.634 7.51608e-18 
6200.151 -5.25967e-18 
6205.667 -1.82692e-18 
6211.184 -2.77317e-18 
6216.701 -5.51001e-18 
6222.217 -3.82626e-18 
6227.734 -1.41778e-18 
6233.250 -3.14081e-18 
6238.767 -5.17472e-18 
6244.283 -5.50214e-19 
6249.800 6.56111e-18 
6255.316 1.56045e-18 
6260.833 -6.69448e-18 
6266.350 -3.36650e-18 
6271.866 -3.76288e-18 
6277.383 -6.20125e-18 
6282.899 5.04219e-19 
6288.416 3.78852e-18 
6293.933 -7.02842e-19 
6299.449 8.72573e-18 
6304.966 -5.17586e-18 
6310.482 -2.24457e-17 
6315.999 -4.23973e-18 
6321.515 4.25280e-18 
6327.032 1.00538e-18 
6332.548 -8.70130e-18 
6338.065 -2.72520e-19 
6343.582 7.12241e-18 
6349.098 -2.55561e-18 
6354.615 5.27253e-18 
6360.131 2.72792e-18 
6365.648 6.01277e-18 
6371.165 -6.07792e-18 
6376.681 -4.75573e-18 
6382.197 -1.97190e-18 
6387.714 -5.49188e-18 
6393.230 3.65945e-20 
6398.747 -4.11956e-19 
6404.264 3.15717e-18 
6409.780 -4.65537e-19 
6415.297 5.92036e-19 
6420.813 -5.70871e-18 
6426.330 1.78682e-18 
6431.847 6.10753e-18 
6437.363 -2.37388e-18 
6442.880 -1.07189e-18 
6448.396 -6.26073e-18 
6453.913 2.43353e-18 
6459.429 6.58876e-19 
6464.946 -2.46189e-18 
6470.462 8.80742e-19 
6475.979 5.51128e-18 
6481.496 9.40898e-19 
6487.012 -1.21238e-18 
6492.529 2.91635e-18 
6498.045 -5.17332e-19 
6503.562 -9.13197e-19 
6509.079 3.25347e-19 
6514.595 -3.23442e-18 
6520.111 -4.16687e-18 
6525.628 1.26450e-18 
6531.145 1.28680e-19 
6536.661 -1.77474e-18 
6542.178 -6.90713e-18 
6547.694 -4.77691e-18 
6553.211 -1.18907e-18 
6558.728 -2.12810e-19 
6564.244 2.94147e-18 
6569.761 6.45688e-18 
6575.277 3.06540e-18 
6580.794 2.86005e-18 
6586.311 3.81524e-18 
6591.827 -2.58916e-18 
6597.343 1.81418e-18 
6602.860 1.56106e-18 
6608.376 -4.40714e-18 
6613.893 -8.32349e-18 
6619.410 -5.29011e-18 
6624.926 6.62200e-18 
6630.443 7.92806e-18 
6635.959 8.03725e-18 
6641.476 -7.08215e-19 
6646.993 3.63627e-18 
6652.509 -1.45291e-18 
6658.026 4.62586e-18 
6663.542 4.02837e-20 
6669.059 -4.34835e-18 
6674.575 -1.97713e-18 
6680.092 4.64535e-19 
6685.608 1.52935e-18 
6691.125 -2.83737e-18 
6696.642 -2.84013e-18 
6702.158 1.03175e-18 
6707.675 7.44460e-18 
6713.191 6.11590e-18 
6718.708 -1.84584e-18 
6724.225 -3.70131e-18 
6729.741 -3.04412e-18 
6735.257 7.71429e-19 
6740.774 6.48145e-18 
6746.291 5.90914e-18 
6751.807 8.11628e-18 
6757.324 1.17101e-18 
6762.840 9.71239e-18 
6768.357 -1.41154e-18 
6773.874 -1.69680e-18 
6779.390 -3.27994e-19 
6784.907 6.59459e-18 
6790.423 -1.66016e-18 
6795.940 -9.32233e-20 
6801.457 8.22896e-19 
6806.973 -4.06062e-18 
6812.489 -2.03525e-18 
6818.006 1.15441e-18 
6823.522 4.03504e-18 
6829.039 -1.72684e-18 
6834.556 6.61816e-18 
6840.072 3.39525e-18 
6845.589 6.48023e-19 
6851.105 -1.99532e-18 
6856.622 -1.88007e-18 
6862.139 7.06897e-18 
6867.655 8.28499e-18 
6873.171 9.03814e-19 
6878.688 -8.97737e-18 
6884.205 3.74954e-18 
6889.721 1.10942e-17 
6895.238 5.53102e-18 
6900.754 1.16901e-17 
6906.271 1.07338e-17 
6911.788 1.44369e-17 
6917.304 1.96604e-17 
6922.821 2.43788e-17 
6928.337 2.29198e-17 
6933.854 1.86082e-17 
6939.371 2.79020e-17 
6944.887 2.22403e-17 
6950.403 2.17143e-17 
6955.920 2.56810e-17 
6961.437 3.77524e-18 
6966.953 1.56027e-17 
6972.470 1.35633e-17 
6977.986 2.13468e-17 
6983.503 2.28527e-17 
6989.020 1.84423e-17 
6994.536 1.63313e-17 
7000.053 2.00014e-17 
7005.569 1.10088e-17 
7011.086 1.01924e-17 
7016.602 2.05848e-17 
7022.119 1.72174e-17 
7027.635 2.19098e-17 
7033.152 2.49501e-17 
7038.668 2.47083e-17 
7044.185 1.91694e-17 
7049.702 1.98479e-17 
7055.218 2.67876e-17 
7060.735 1.70352e-17 
7066.251 1.05100e-17 
7071.768 1.62785e-17 
7077.285 1.88995e-17 
7082.801 2.08981e-17 
7088.317 1.93908e-17 
7093.834 2.86915e-17 
7099.351 2.15468e-17 
7104.867 1.68600e-17 
7110.384 1.85853e-17 
7115.900 2.68472e-17 
7121.417 2.04490e-17 
7126.934 2.52585e-17 
7132.450 2.62196e-17 
7137.967 1.14074e-17 
7143.483 1.97838e-17 
7149.000 1.90939e-17 
7154.517 2.03849e-17 
7160.033 2.45304e-17 
7165.549 2.23328e-17 
7171.066 2.34381e-17 
7176.583 1.95804e-17 
7182.099 2.56718e-17 
7187.616 2.53082e-17 
7193.132 1.96218e-17 
7198.649 1.47866e-17 
7204.166 2.08051e-17 
7209.682 1.90197e-17 
7215.199 1.63392e-17 
7220.715 1.73548e-17 
7226.232 1.45116e-17 
7231.748 1.75895e-17 
7237.265 2.16017e-17 
7242.781 2.70219e-17 
7248.298 2.04505e-17 
7253.814 1.58918e-17 
7259.331 9.56380e-18 
7264.848 1.95651e-17 
7270.364 1.72656e-17 
7275.881 6.20602e-18 
7281.397 6.73999e-18 
7286.914 1.98385e-17 
7292.431 1.53465e-17 
7297.947 1.74318e-17 
7303.463 1.06978e-17 
7308.980 1.17471e-17 
7314.497 2.24172e-17 
7320.013 1.46061e-17 
7325.530 1.72109e-17 
7331.046 2.00393e-17 
7336.563 2.19740e-17 
7342.080 2.43444e-17 
7347.596 1.98451e-17 
7353.113 1.39405e-17 
7358.629 1.37889e-17 
7364.146 8.86140e-18 
7369.662 1.31957e-17 
7375.179 1.46420e-17 
7380.695 1.20416e-17 
7386.212 1.97655e-17 
7391.729 9.46670e-18 
7397.245 1.11107e-17 
7402.762 3.11611e-18 
7408.278 6.43185e-18 
7413.795 1.91246e-17 
7419.312 1.37397e-17 
7424.828 1.36097e-17 
7430.345 1.26112e-17 
7435.861 1.83870e-17 
7441.377 1.50152e-17 
7446.894 1.20476e-17 
7452.411 1.43749e-17 
7457.927 9.01352e-18 
7463.444 8.45271e-18 
7468.960 1.09609e-17 
7474.477 1.75913e-17 
7479.994 1.16060e-17 
7485.510 9.10507e-18 
7491.027 3.82792e-18 
7496.543 3.09299e-18 
7502.060 9.72181e-18 
7507.577 1.10380e-17 
7513.093 1.16157e-17 
7518.609 1.51816e-17 
7524.126 5.51845e-18 
7529.643 1.60209e-17 
7535.159 1.15087e-17 
7540.676 5.89453e-18 
7546.192 -2.09383e-18 
7551.709 7.89786e-18 
7557.226 9.55627e-18 
7562.742 1.15053e-17 
7568.259 1.39528e-17 
7573.775 6.64925e-18 
7579.292 7.63188e-18 
7584.808 8.34101e-18 
7590.325 8.32609e-18 
7595.841 -6.21692e-18 
7601.358 -9.12220e-18 
7606.875 -1.31019e-17 
7612.391 -1.05866e-17 
7617.908 -2.81398e-18 
7623.424 -9.42057e-18 
7628.941 -2.69432e-18 
7634.458 -2.06485e-18 
7639.974 -5.11117e-18 
7645.491 -1.52826e-18 
7651.007 -1.08623e-18 
7656.523 8.55109e-19 
7662.040 5.75288e-18 
7667.557 -1.82372e-18 
7673.073 2.25658e-18 
7678.590 5.28750e-18 
7684.106 4.36754e-18 
7689.623 -8.65492e-19 
7695.140 8.98979e-18 
7700.656 3.12077e-18 
7706.173 6.96339e-18 
7711.689 -8.96095e-19 
7717.206 -1.72105e-18 
7722.722 1.15509e-18 
7728.239 -3.07225e-18 
7733.755 -5.65378e-19 
7739.272 1.02731e-17 
7744.789 -5.46148e-18 
7750.305 -2.95458e-18 
7755.822 -4.46065e-19 
7761.338 -3.07005e-18 
7766.855 -3.58341e-18 
7772.372 1.53593e-18 
7777.888 1.54367e-18 
7783.405 -3.13698e-18 
7788.921 -8.49425e-19 
7794.438 -1.73986e-18 
7799.954 -5.19661e-18 
7805.471 3.52556e-18 
7810.987 8.47492e-18 
7816.504 1.33676e-17 
7822.021 2.42456e-18 
7827.537 -5.18818e-18 
7833.054 -2.05511e-18 
7838.570 5.60633e-19 
7844.087 7.52939e-18 
7849.604 6.16005e-18 
7855.120 6.99739e-18 
7860.637 2.70464e-18 
7866.153 7.72406e-18 
7871.669 -3.47052e-18 
7877.186 -1.04638e-17 
7882.703 -3.12510e-18 
7888.219 7.35439e-18 
7893.736 6.72247e-18 
7899.252 -2.66317e-18 
7904.769 5.40619e-18 
7910.286 1.32268e-17 
7915.802 1.55569e-17 
7921.319 1.04006e-17 
7926.835 -2.74246e-18 
7932.352 1.13756e-17 
7937.868 1.51603e-17 
7943.385 1.26091e-17 
7948.901 5.77207e-18 
7954.418 1.15338e-17 
7959.935 -4.27169e-18 
7965.451 2.42653e-18 
7970.968 1.41686e-17 
7976.484 -1.18401e-17 
7982.001 -3.61625e-18 
7987.518 1.03787e-17 
7993.034 5.59524e-18 
7998.551 -1.65011e-18 
8004.067 6.21590e-18 
8009.583 -1.74013e-18 
8015.100 3.38172e-18 
8020.617 1.15634e-17 
8026.133 1.24540e-17 
8031.650 1.25657e-17 
8037.167 3.75660e-18 
8042.683 2.78124e-18 
8048.200 6.20284e-18 
8053.716 3.42729e-18 
8059.233 1.41819e-17 
8064.750 1.40236e-17 
8070.266 1.14556e-17 
8075.783 1.51943e-18 
8081.299 9.79026e-19 
8086.815 -3.27813e-18 
8092.332 -6.85732e-18 
8097.849 4.52343e-18 
8103.365 -1.36141e-17 
8108.882 -5.11566e-18 
8114.398 8.82620e-18 
8119.915 1.10132e-17 
8125.432 5.53416e-18 
8130.948 8.18636e-19 
8136.465 6.70025e-18 
8141.981 -4.83211e-18 
8147.498 -5.76273e-18 
8153.014 -1.81772e-18 
8158.531 3.48361e-18 
8164.047 1.28487e-17 
8169.564 3.93756e-18 
8175.081 -1.00934e-17 
8180.597 -9.21619e-18 
8186.114 3.22677e-18 
8191.630 4.91134e-18 
8197.146 -9.63682e-20 
8202.663 -1.05438e-17 
8208.180 6.44865e-19 
8213.696 6.62300e-18 
8219.213 5.16975e-18 
8224.729 -1.54490e-18 
8230.246 6.89117e-18 
8235.763 1.82365e-18 
8241.279 1.08683e-18 
8246.796 -2.98609e-18 
8252.313 7.68700e-18 
8257.829 8.07274e-19 
8263.346 3.85946e-18 
8268.862 1.14425e-17 
8274.379 -2.30420e-18 
8279.896 -6.08842e-18 
8285.412 -9.24867e-18 
8290.929 -9.29813e-18 
8296.445 5.15621e-18 
8301.962 5.74613e-18 
8307.479 7.23204e-18 
8312.995 1.67853e-18 
8318.512 -6.10960e-18 
8324.028 7.62464e-18 
8329.544 7.19996e-18 
8335.061 3.20056e-18 
8340.577 2.19638e-17 
8346.094 2.32363e-17 
8351.610 8.31190e-18 
8357.127 -1.40939e-17 
8362.644 2.24382e-17 
8368.160 8.49025e-18 
8373.677 5.38328e-19 
8379.193 5.69468e-19 
8384.710 1.40776e-18 
8390.227 3.08112e-18 
8395.743 2.20572e-18 
8401.260 1.93757e-17 
8406.776 -8.51000e-19 
8412.293 1.47213e-17 
8417.810 1.75337e-18 
8423.326 3.00622e-19 
8428.843 9.58552e-18 
8434.359 2.10551e-17 
8439.876 9.36453e-18 
8445.393 -2.01875e-18 
8450.909 5.67750e-18 
8456.426 5.89908e-18 
8461.942 5.61259e-18 
8467.458 5.97042e-18 
8472.975 1.42711e-17 
8478.491 1.85041e-17 
8484.008 1.56333e-17 
8489.524 1.27578e-17 
8495.041 3.23158e-18 
8500.558 7.65465e-18 
8506.074 3.10063e-18 
8511.591 -1.21992e-17 
8517.107 -8.92877e-18 
8522.624 1.27014e-17 
8528.141 6.31686e-18 
8533.657 4.51498e-18 
8539.174 1.71620e-18 
8544.690 9.33782e-18 
8550.207 7.39584e-18 
8555.724 -3.42975e-18 
8561.240 -4.39195e-18 
8566.757 -3.99846e-18 
8572.273 -4.99758e-18 
8577.790 -4.24721e-18 
8583.307 6.43384e-18 
8588.823 7.69417e-18 
8594.340 2.26897e-18 
8599.856 -4.32574e-18 
8605.373 -6.65619e-18 
8610.889 -1.06477e-18 
8616.405 6.35503e-18 
8621.922 -1.48311e-18 
8627.438 -1.01463e-17 
8632.955 3.61961e-18 
8638.472 -1.46525e-18 
8643.988 -1.03767e-17 
8649.505 -8.20958e-18 
8655.021 6.18514e-18 
8660.538 -8.99780e-18 
8666.055 -1.50027e-17 
8671.571 6.14126e-18 
8677.088 -6.18854e-18 
8682.604 3.83549e-18 
8688.121 -7.32063e-18 
8693.638 1.52845e-17 
8699.154 6.99952e-18 
8704.671 1.26814e-17 
8710.188 1.61361e-17 
8715.704 8.87612e-18 
8721.221 -1.74370e-20 
8726.737 4.08513e-18 
8732.254 -1.28719e-18 
8737.771 -4.98879e-19 
8743.287 8.81542e-18 
8748.804 1.91618e-17 
8754.319 2.36744e-17 
8759.836 1.76710e-17 
8765.353 2.01614e-17 
8770.869 4.16318e-17 
8776.386 1.19239e-17 
8781.902 -7.45340e-18 
8787.419 2.78351e-18 
8792.936 -1.61896e-20 
8798.452 1.58392e-19 
8803.969 3.22946e-18 
8809.485 -2.01769e-18 
8815.002 -1.44690e-17 
8820.519 -2.21879e-17 
8826.035 -1.19559e-17 
8831.552 2.38422e-17 
8837.068 2.46232e-17 
8842.585 -4.21877e-18 
8848.102 5.83366e-18 
8853.618 1.26348e-17 
8859.135 1.77370e-17 
8864.651 1.89503e-17 
8870.168 1.43895e-17 
8875.685 2.53859e-17 
8881.201 3.34286e-18 
8886.718 -6.58796e-18 
8892.233 2.45315e-18 
8897.750 1.84711e-18 
8903.267 2.16097e-17 
8908.783 1.44186e-17 
8914.300 1.32624e-17 
8919.816 2.23459e-17 
8925.333 1.16677e-17 
8930.850 7.36479e-18 
8936.366 1.02331e-17 
8941.883 2.60473e-17 
8947.399 1.67573e-17 
8952.916 -4.34508e-18 
8958.433 -8.69041e-19 
8963.949 1.79230e-18 
8969.466 1.79784e-18 
8974.982 -9.79418e-19 
8980.499 -1.14373e-17 
8986.016 -1.46969e-17 
8991.532 -1.47094e-17 
8997.049 7.17310e-18 
9002.565 8.04596e-18 
9008.082 5.08449e-18 
9013.599 5.88900e-18 
9019.115 -5.58473e-18 
9024.632 -1.68048e-18 
9030.148 1.71071e-17 
9035.664 2.34425e-17 
9041.181 -1.87560e-18 
9046.697 6.87857e-18 
9052.214 7.32170e-18 
9057.730 -1.02743e-17 
9063.247 -2.06522e-18 
9068.764 -1.21301e-17 
9074.280 -8.53022e-18 
9079.797 2.85935e-18 
9085.313 -8.60342e-18 
9090.830 -9.85495e-18 
9096.347 2.86231e-18 
9101.863 2.26394e-17 
9107.380 -3.16871e-18 
9112.896 -1.35942e-17 
9118.413 9.67226e-19 
9123.930 8.81891e-18 
9129.446 2.57687e-17 
9134.963 1.30088e-17 
9140.479 1.22273e-17 
9145.996 1.33404e-17 
9151.513 9.88523e-18 
9157.029 1.57037e-17 
9162.546 1.10092e-17 
9168.063 -8.49675e-18 
9173.579 -7.61112e-18 
9179.095 4.57444e-18 
9184.611 2.02608e-18 
9190.128 1.72717e-17 
9195.645 5.32148e-18 
9201.161 -6.68918e-18 
9206.678 4.96122e-18 
9212.194 -2.69593e-18 
9217.711 -2.66915e-17 
9223.228 1.25470e-17 
9228.744 1.65539e-17 
9234.261 6.24634e-17 
