3666.805 9.90275e-18 
3672.324 5.29034e-18 
3677.844 2.03051e-17 
3683.364 4.19571e-17 
3688.884 3.56209e-17 
3694.404 -5.91428e-18 
3699.924 -1.13033e-17 
3705.443 3.08962e-17 
3710.963 1.18902e-17 
3716.483 2.16694e-17 
3722.003 1.23109e-17 
3727.522 7.91144e-18 
3733.042 -6.72152e-18 
3738.562 2.35054e-17 
3744.082 6.08402e-18 
3749.602 -1.45421e-17 
3755.122 -9.58445e-18 
3760.641 6.63316e-19 
3766.161 1.48242e-17 
3771.681 2.05411e-17 
3777.201 -1.22854e-17 
3782.720 -1.42372e-17 
3788.240 1.87872e-17 
3793.760 7.82480e-20 
3799.280 -3.06620e-18 
3804.800 6.44023e-18 
3810.320 -2.30766e-18 
3815.839 -5.94011e-18 
3821.359 9.89874e-18 
3826.879 1.90062e-17 
3832.399 5.93763e-18 
3837.918 -2.12777e-18 
3843.438 1.30151e-17 
3848.958 1.12358e-17 
3854.478 -8.93815e-19 
3859.998 -1.51913e-17 
3865.518 -3.64239e-18 
3871.037 1.40973e-17 
3876.557 1.77062e-18 
3882.077 3.97796e-18 
3887.597 9.43321e-18 
3893.116 -2.82746e-18 
3898.636 -5.10167e-18 
3904.156 -7.63457e-18 
3909.676 -6.46525e-18 
3915.196 -5.88701e-19 
3920.716 9.96288e-18 
3926.235 8.34115e-18 
3931.755 -6.32218e-19 
3937.275 1.85706e-18 
3942.795 1.07306e-17 
3948.315 1.11850e-17 
3953.834 1.34886e-17 
3959.354 1.12059e-17 
3964.874 1.65024e-17 
3970.394 8.83970e-18 
3975.914 9.14958e-18 
3981.433 2.62538e-18 
3986.953 8.33006e-18 
3992.473 8.54047e-20 
3997.993 -4.00858e-18 
4003.513 -4.55931e-18 
4009.032 -5.65641e-18 
4014.552 5.44320e-18 
4020.072 1.46426e-17 
4025.592 1.68319e-17 
4031.112 1.14053e-17 
4036.631 -1.95784e-19 
4042.151 -1.30680e-17 
4047.671 2.90316e-18 
4053.191 -6.33150e-18 
4058.711 8.14074e-18 
4064.230 8.25423e-18 
4069.750 1.01592e-17 
4075.270 3.83256e-18 
4080.790 -3.24933e-18 
4086.310 2.84868e-18 
4091.829 1.94271e-17 
4097.349 8.43727e-18 
4102.869 2.65798e-18 
4108.389 1.34035e-17 
4113.909 7.42874e-18 
4119.428 -5.05536e-19 
4124.948 1.80717e-17 
4130.468 -1.31770e-18 
4135.988 9.81920e-18 
4141.508 3.55202e-18 
4147.027 4.44844e-18 
4152.547 1.71136e-17 
4158.067 1.70663e-17 
4163.587 8.36076e-18 
4169.106 -9.95820e-18 
4174.626 -1.02642e-17 
4180.146 4.34256e-18 
4185.666 -5.01966e-18 
4191.186 4.86687e-18 
4196.706 1.51545e-18 
4202.226 5.38827e-18 
4207.745 6.57862e-18 
4213.265 1.20153e-17 
4218.785 3.42513e-18 
4224.305 4.78466e-18 
4229.825 9.11960e-19 
4235.344 1.05487e-17 
4240.864 7.00470e-18 
4246.384 4.11338e-18 
4251.904 -3.22656e-18 
4257.423 -6.88453e-19 
4262.943 -3.06656e-19 
4268.463 -6.52919e-18 
4273.983 1.79857e-18 
4279.503 6.10390e-18 
4285.022 8.28089e-19 
4290.542 -1.97701e-18 
4296.062 3.73497e-18 
4301.582 7.91424e-18 
4307.102 -5.75830e-18 
4312.622 4.12376e-18 
4318.141 -1.96931e-18 
4323.661 8.45914e-18 
4329.181 -4.61511e-18 
4334.701 2.09639e-19 
4340.221 1.36181e-17 
4345.740 -5.10817e-18 
4351.260 -1.17351e-18 
4356.780 -1.09887e-17 
4362.300 2.64157e-18 
4367.819 -3.41555e-18 
4373.339 4.49918e-18 
4378.859 -4.92617e-18 
4384.379 1.42930e-17 
4389.899 1.71101e-17 
4395.418 4.19659e-18 
4400.938 -8.61641e-20 
4406.458 1.18665e-17 
4411.978 1.32134e-17 
4417.498 1.98425e-17 
4423.018 8.98895e-18 
4428.537 2.02877e-17 
4434.057 7.43122e-18 
4439.577 1.13349e-17 
4445.097 1.73378e-17 
4450.617 1.19061e-17 
4456.136 -7.61658e-18 
4461.656 4.92221e-18 
4467.176 1.13076e-17 
4472.696 1.10603e-17 
4478.215 4.90625e-18 
4483.735 2.61969e-18 
4489.255 7.62928e-18 
4494.775 3.25055e-18 
4500.295 1.34793e-17 
4505.814 -1.06713e-18 
4511.334 3.62394e-18 
4516.854 -7.28181e-18 
4522.374 1.58120e-17 
4527.894 8.44432e-18 
4533.414 4.29670e-18 
4538.934 7.75096e-18 
4544.453 6.38995e-19 
4549.973 -4.57637e-18 
4555.493 8.03026e-18 
4561.013 3.21477e-18 
4566.532 -2.73213e-18 
4572.052 -3.20234e-18 
4577.572 -5.50654e-18 
4583.092 7.07660e-19 
4588.612 8.01563e-19 
4594.131 5.48655e-18 
4599.651 8.55256e-18 
4605.171 1.21687e-17 
4610.691 1.53306e-17 
4616.210 -5.81337e-18 
4621.730 3.60866e-20 
4627.250 4.75425e-18 
4632.770 -4.22357e-19 
4638.290 7.45445e-18 
4643.810 6.25078e-18 
4649.330 -3.40267e-18 
4654.849 3.61670e-18 
4660.369 3.28631e-18 
4665.889 6.78894e-18 
4671.409 -9.89792e-18 
4676.928 9.56711e-18 
4682.448 1.35115e-17 
4687.968 2.01878e-17 
4693.488 6.97265e-18 
4699.008 3.84921e-18 
4704.527 3.99230e-18 
4710.047 9.40946e-18 
4715.567 4.17127e-18 
4721.087 2.26722e-18 
4726.606 6.92972e-18 
4732.126 1.18110e-17 
4737.646 2.54584e-17 
4743.166 1.39288e-17 
4748.686 -1.23658e-18 
4754.206 -3.74318e-18 
4759.726 4.72748e-18 
4765.245 9.82880e-18 
4770.765 -3.59719e-18 
4776.285 1.24014e-17 
4781.805 7.08913e-18 
4787.325 1.82385e-18 
4792.844 1.18333e-17 
4798.364 2.05408e-17 
4803.884 1.19090e-17 
4809.404 9.43300e-18 
4814.923 4.93991e-18 
4820.443 5.98172e-18 
4825.963 1.02747e-17 
4831.483 6.98782e-18 
4837.003 8.86930e-18 
4842.522 4.78986e-18 
4848.042 7.65654e-18 
4853.562 1.29642e-17 
4859.082 1.67269e-18 
4864.602 9.94668e-19 
4870.122 7.58295e-18 
4875.641 4.23832e-18 
4881.161 -2.63781e-19 
4886.681 7.90222e-18 
4892.201 1.33183e-17 
4897.721 8.04517e-18 
4903.240 9.18921e-18 
4908.760 1.16867e-19 
4914.280 5.40266e-18 
4919.800 4.67716e-18 
4925.319 5.48428e-18 
4930.839 4.14614e-18 
4936.359 1.19496e-17 
4941.879 1.19604e-17 
4947.399 1.10356e-17 
4952.918 6.81054e-18 
4958.438 -6.33043e-19 
4963.958 -3.84759e-18 
4969.478 9.09690e-18 
4974.998 3.46343e-18 
4980.518 6.18070e-18 
4986.037 7.80220e-18 
4991.557 5.87437e-18 
4997.077 -6.30222e-19 
5002.597 -1.29306e-18 
5008.117 5.70415e-18 
5013.636 7.72011e-18 
5019.156 4.13263e-18 
5024.676 6.62911e-18 
5030.196 1.42197e-17 
5035.715 7.87243e-19 
5041.235 7.39611e-18 
5046.755 2.34999e-17 
5052.275 2.31797e-17 
5057.795 1.41309e-17 
5063.314 1.72670e-17 
5068.834 2.08080e-17 
5074.354 3.37772e-18 
5079.874 6.03078e-18 
5085.394 1.00889e-17 
5090.914 2.19393e-17 
5096.434 1.46129e-17 
5101.953 -9.83885e-19 
5107.473 1.00939e-17 
5112.993 1.70656e-17 
5118.513 6.47884e-19 
5124.032 8.17331e-18 
5129.552 1.31779e-17 
5135.072 2.51925e-17 
5140.592 2.38054e-17 
5146.112 1.36838e-17 
5151.631 1.90112e-17 
5157.151 2.50866e-17 
5162.671 7.93014e-18 
5168.191 8.50857e-18 
5173.710 1.88949e-18 
5179.230 1.42745e-17 
5184.750 1.04945e-17 
5190.270 9.26026e-18 
5195.790 1.10990e-17 
5201.310 1.96896e-17 
5206.830 5.00664e-18 
5212.349 3.24217e-18 
5217.869 1.83355e-17 
5223.389 1.85886e-17 
5228.909 1.38524e-17 
5234.428 1.22137e-17 
5239.948 6.31688e-18 
5245.468 1.85911e-17 
5250.988 2.55231e-17 
5256.508 8.20952e-18 
5262.027 7.28080e-18 
5267.547 1.05399e-17 
5273.067 1.62266e-17 
5278.587 1.00832e-17 
5284.106 1.03866e-17 
5289.626 1.83166e-17 
5295.146 5.84750e-19 
5300.666 4.04943e-18 
5306.186 1.59835e-17 
5311.706 1.89865e-17 
5317.226 9.87868e-18 
5322.745 2.29234e-17 
5328.265 1.79537e-17 
5333.785 7.94790e-18 
5339.305 9.85286e-18 
5344.824 9.48128e-18 
5350.344 1.11192e-17 
5355.864 1.29538e-17 
5361.384 -8.12682e-19 
5366.904 1.78939e-17 
5372.423 1.21424e-17 
5377.943 1.07596e-17 
5383.463 8.60386e-18 
5388.983 1.76532e-19 
5394.502 1.82991e-17 
5400.022 2.00495e-17 
5405.542 1.29081e-17 
5411.062 5.09708e-18 
5416.582 1.18235e-18 
5422.102 8.30030e-18 
5427.622 2.23486e-17 
5433.141 4.14516e-18 
5438.661 4.94447e-18 
5444.181 1.21973e-17 
5449.701 1.26343e-17 
5455.221 1.64677e-18 
5460.740 7.34265e-18 
5466.260 2.58038e-19 
5471.780 2.77102e-18 
5477.300 1.78481e-18 
5482.819 1.26621e-17 
5488.339 2.74219e-18 
5493.859 3.41589e-18 
5499.379 1.22588e-17 
5504.899 8.20561e-18 
5510.418 7.02143e-18 
5515.938 1.15960e-17 
5521.458 3.13662e-18 
5526.978 4.67882e-19 
5532.498 9.65496e-18 
5538.018 1.02791e-17 
5543.537 7.50049e-18 
5549.057 3.88923e-18 
5554.577 7.87540e-18 
5560.097 -1.20815e-17 
5565.617 -2.60533e-17 
5571.136 3.95855e-18 
5576.656 2.61107e-17 
5582.176 9.68738e-19 
5587.696 -2.28966e-17 
5593.215 1.17575e-17 
5598.735 2.59406e-18 
5604.255 1.36431e-18 
5609.775 1.09170e-18 
5615.295 4.41643e-18 
5620.814 -3.32684e-18 
5626.334 5.13781e-18 
5631.854 4.51287e-18 
5637.374 -2.68701e-18 
5642.894 -1.12314e-18 
5648.414 -1.17891e-18 
5653.934 -9.17419e-18 
5659.453 6.66440e-18 
5664.973 -1.79648e-19 
5670.493 -1.48774e-17 
5676.013 -3.03340e-18 
5681.532 3.24880e-18 
5687.052 2.62229e-18 
5692.572 6.40055e-18 
5698.092 9.22747e-18 
5703.612 7.24966e-18 
5709.131 6.35371e-18 
5714.651 -3.36785e-18 
5720.171 -4.57692e-18 
5725.691 1.05353e-19 
5731.210 9.50433e-18 
5736.730 6.66414e-18 
5742.250 -2.75996e-18 
5747.770 1.24329e-18 
5753.290 9.92973e-18 
5758.810 8.78595e-18 
5764.330 5.94406e-18 
5769.849 3.06494e-18 
5775.369 1.05922e-17 
5780.889 9.63457e-18 
5786.409 -3.35154e-18 
5791.928 -4.68551e-18 
5797.448 1.27537e-18 
5802.968 -6.65930e-18 
5808.488 -2.88106e-18 
5814.008 2.63200e-18 
5819.527 -3.12642e-18 
5825.047 -1.16535e-17 
5830.567 -6.31532e-18 
5836.087 -5.36402e-18 
5841.606 -8.30961e-18 
5847.126 -7.30206e-18 
5852.646 -1.55595e-18 
5858.166 -1.10818e-17 
5863.686 1.54463e-18 
5869.206 2.42776e-18 
5874.726 -5.77403e-18 
5880.245 -7.74271e-18 
5885.765 3.10622e-18 
5891.285 7.40380e-18 
5896.805 7.68930e-18 
5902.324 -5.82670e-18 
5907.844 -1.39785e-18 
5913.364 -1.00565e-18 
5918.884 -2.08077e-17 
5924.404 -4.23310e-18 
5929.923 1.48020e-18 
5935.443 -2.05060e-18 
5940.963 2.69562e-18 
5946.483 2.07361e-19 
5952.002 6.45717e-18 
5957.522 1.10766e-17 
5963.042 -3.64062e-18 
5968.562 -4.36605e-18 
5974.082 -1.73918e-18 
5979.602 9.50885e-18 
5985.122 3.54999e-18 
5990.641 -3.65749e-18 
5996.161 -3.00078e-18 
6001.681 -1.32104e-18 
6007.201 4.57468e-18 
6012.721 -2.00672e-18 
6018.240 -6.71814e-19 
6023.760 -3.88231e-18 
6029.280 -2.13142e-18 
6034.800 -1.30498e-18 
6040.319 -1.60000e-18 
6045.839 1.84779e-19 
6051.359 -6.28629e-18 
6056.879 -4.64671e-18 
6062.399 2.11331e-18 
6067.918 4.18815e-19 
6073.438 2.20136e-19 
6078.958 7.48904e-18 
6084.478 1.77900e-18 
6089.998 -2.59998e-18 
6095.518 -6.55839e-18 
6101.037 -1.99793e-18 
6106.557 -3.79489e-18 
6112.077 3.74261e-18 
6117.597 5.17128e-18 
6123.117 5.23452e-18 
6128.636 -9.31288e-18 
6134.156 -6.14526e-19 
6139.676 -5.37837e-18 
6145.196 -6.61750e-18 
6150.715 -8.33034e-18 
6156.235 -1.39541e-18 
6161.755 9.99196e-19 
6167.275 2.32355e-18 
6172.795 -6.27301e-18 
6178.314 1.13402e-18 
6183.834 1.05863e-18 
6189.354 7.95152e-18 
6194.874 1.46217e-17 
6200.394 9.01677e-19 
6205.914 5.11084e-18 
6211.434 3.19640e-18 
6216.953 -3.44536e-18 
6222.473 -7.80135e-19 
6227.993 6.86743e-18 
6233.513 -6.22582e-19 
6239.032 -4.11561e-18 
6244.552 1.87062e-18 
6250.072 2.17845e-18 
6255.592 6.95239e-18 
6261.111 2.11132e-18 
6266.631 -2.46925e-18 
6272.151 1.02661e-18 
6277.671 1.39913e-19 
6283.191 5.47612e-18 
6288.710 9.19990e-19 
6294.230 6.27957e-18 
6299.750 4.88526e-18 
6305.270 2.75206e-18 
6310.790 -1.62691e-17 
6316.310 -4.82544e-20 
6321.830 1.47775e-18 
6327.349 5.25612e-18 
6332.869 8.65120e-18 
6338.389 2.54490e-18 
6343.909 1.38649e-17 
6349.428 7.85076e-18 
6354.948 8.31203e-18 
6360.468 3.69252e-18 
6365.988 6.97754e-18 
6371.508 8.10258e-18 
6377.027 -1.69785e-18 
6382.547 1.28365e-18 
6388.067 2.06928e-18 
6393.587 9.18284e-18 
6399.106 7.16494e-18 
6404.626 5.62637e-18 
6410.146 1.21016e-17 
6415.666 1.64388e-17 
6421.186 -3.10782e-19 
6426.706 8.56623e-18 
6432.226 2.05792e-17 
6437.745 7.42899e-18 
6443.265 8.87218e-18 
6448.785 8.53392e-18 
6454.305 9.85330e-18 
6459.824 1.28944e-17 
6465.344 6.26179e-18 
6470.864 6.01721e-18 
6476.384 9.47407e-18 
6481.904 1.14124e-17 
6487.423 5.01715e-18 
6492.943 1.05334e-17 
6498.463 4.30323e-18 
6503.983 9.14805e-18 
6509.502 8.46763e-18 
6515.022 1.05465e-17 
6520.542 -1.17228e-20 
6526.062 -2.90993e-18 
6531.582 3.32280e-18 
6537.102 1.21369e-17 
6542.622 -1.39446e-18 
6548.141 4.66718e-18 
6553.661 7.12773e-18 
6559.181 6.41634e-18 
6564.701 2.05512e-18 
6570.221 1.06649e-17 
6575.740 7.14859e-18 
6581.260 7.65847e-18 
6586.780 7.38052e-18 
6592.300 7.17255e-18 
6597.819 6.68054e-18 
6603.339 6.25681e-18 
6608.859 -7.90511e-19 
6614.379 2.92284e-19 
6619.899 -2.80156e-18 
6625.418 7.39212e-18 
6630.938 1.04269e-17 
6636.458 4.21690e-18 
6641.978 1.01581e-17 
6647.498 1.26710e-17 
6653.018 9.53085e-18 
6658.537 1.18450e-17 
6664.057 7.06714e-18 
6669.577 6.26556e-18 
6675.097 -2.98156e-18 
6680.617 -2.59556e-18 
6686.136 1.28947e-17 
6691.656 -2.80941e-18 
6697.176 -2.48000e-18 
6702.696 3.54232e-18 
6708.215 5.84446e-18 
6713.735 5.24839e-18 
6719.255 4.04762e-18 
6724.775 1.45544e-18 
6730.295 5.24276e-18 
6735.814 6.49538e-18 
6741.334 5.69029e-18 
6746.854 1.80650e-18 
6752.374 7.71141e-18 
6757.894 7.40262e-18 
6763.414 5.17794e-18 
6768.933 2.29555e-18 
6774.453 7.40517e-18 
6779.973 1.10219e-17 
6785.493 9.95133e-18 
6791.013 3.68076e-18 
6796.532 5.47181e-18 
6802.052 5.68946e-18 
6807.572 3.13542e-18 
6813.092 -9.49423e-18 
6818.611 -4.59392e-18 
6824.131 5.23036e-18 
6829.651 8.62936e-18 
6835.171 1.18979e-17 
6840.691 4.46712e-18 
6846.210 6.72327e-18 
6851.730 3.33673e-18 
6857.250 2.22751e-18 
6862.770 6.02592e-18 
6868.290 5.26174e-18 
6873.810 6.77327e-18 
6879.330 4.47244e-18 
6884.849 6.83462e-18 
6890.369 1.46645e-17 
6895.889 1.02928e-17 
6901.409 1.35552e-17 
6906.928 9.46569e-18 
6912.448 7.38669e-18 
6917.968 1.53615e-17 
6923.488 1.61195e-17 
6929.008 1.17560e-17 
6934.527 1.41687e-17 
6940.047 8.38434e-18 
6945.567 6.09222e-18 
6951.087 1.35069e-17 
6956.606 1.02910e-17 
6962.126 1.03736e-18 
6967.646 7.60208e-18 
6973.166 1.80606e-17 
6978.686 1.23640e-17 
6984.206 8.90654e-18 
6989.726 9.45240e-18 
6995.245 7.65600e-18 
7000.765 6.54614e-18 
7006.285 8.96082e-18 
7011.805 1.14375e-17 
7017.324 8.28032e-18 
7022.844 9.06382e-18 
7028.364 1.70459e-17 
7033.884 1.66881e-17 
7039.404 1.34933e-17 
7044.923 1.46021e-17 
7050.443 1.90923e-17 
7055.963 1.88533e-17 
7061.483 1.24998e-17 
7067.002 1.21841e-17 
7072.522 1.67494e-17 
7078.042 1.55176e-17 
7083.562 2.00584e-17 
7089.082 1.17434e-17 
7094.602 2.21923e-17 
7100.122 2.31323e-17 
7105.641 8.75329e-18 
7111.161 1.98103e-17 
7116.681 1.53296e-17 
7122.201 1.62834e-17 
7127.721 1.95486e-17 
7133.240 1.87903e-17 
7138.760 1.12941e-17 
7144.280 1.67389e-17 
7149.800 1.28513e-17 
7155.319 1.61191e-17 
7160.839 2.59744e-17 
7166.359 1.81084e-17 
7171.879 1.44484e-17 
7177.398 2.12384e-17 
7182.918 2.65478e-17 
7188.438 1.83932e-17 
7193.958 1.27451e-17 
7199.478 1.53365e-17 
7204.998 1.68507e-17 
7210.518 1.40898e-17 
7216.037 1.30809e-17 
7221.557 1.35426e-17 
7227.077 5.93931e-18 
7232.597 1.58266e-17 
7238.117 2.13509e-17 
7243.636 1.32572e-17 
7249.156 1.90466e-18 
7254.676 9.56778e-18 
7260.196 1.43517e-17 
7265.715 2.00676e-17 
7271.235 7.67500e-18 
7276.755 8.29431e-19 
7282.275 1.00040e-17 
7287.795 1.58611e-17 
7293.314 1.73527e-17 
7298.834 1.31786e-17 
7304.354 7.03877e-18 
7309.874 1.09503e-17 
7315.394 1.98789e-17 
7320.914 9.91604e-18 
7326.433 1.42941e-17 
7331.953 9.75984e-18 
7337.473 6.75757e-18 
7342.993 1.73129e-17 
7348.513 1.04364e-17 
7354.032 4.50447e-18 
7359.552 2.56864e-18 
7365.072 3.91891e-18 
7370.592 2.67026e-18 
7376.111 5.48820e-18 
7381.631 1.33536e-17 
7387.151 1.39076e-17 
7392.671 1.30647e-18 
7398.191 5.59377e-18 
7403.710 -2.18880e-18 
7409.230 6.37996e-18 
7414.750 9.98055e-18 
7420.270 3.08343e-18 
7425.790 4.61240e-18 
7431.310 1.27328e-17 
7436.830 9.54834e-18 
7442.349 7.00711e-18 
7447.869 1.33198e-17 
7453.389 1.05307e-17 
7458.909 5.08599e-18 
7464.428 -1.32148e-19 
7469.948 1.68053e-17 
7475.468 2.53726e-17 
7480.988 9.46302e-18 
7486.508 1.99818e-18 
7492.027 2.68064e-18 
7497.547 6.93491e-18 
7503.067 8.40328e-18 
7508.587 1.08423e-17 
7514.106 1.28209e-17 
7519.626 7.52621e-18 
7525.146 2.92440e-18 
7530.666 7.83409e-18 
7536.186 1.28238e-17 
7541.706 8.95898e-19 
7547.226 -1.35387e-18 
7552.745 3.64904e-18 
7558.265 4.49797e-18 
7563.785 1.00348e-17 
7569.305 3.95216e-18 
7574.824 6.06433e-18 
7580.344 4.19450e-18 
7585.864 -8.02751e-18 
7591.384 -4.09547e-18 
7596.904 5.16889e-19 
7602.423 -7.99494e-18 
7607.943 -2.46951e-17 
7613.463 -3.03259e-18 
7618.983 -1.07057e-18 
7624.502 -9.84965e-18 
7630.022 3.68054e-20 
7635.542 3.72647e-19 
7641.062 -1.95690e-18 
7646.582 -1.24540e-17 
7652.102 -6.40511e-18 
7657.622 3.48496e-18 
7663.141 -2.65800e-18 
7668.661 5.64279e-19 
7674.181 1.17611e-17 
7679.701 6.27007e-18 
7685.220 7.10625e-18 
7690.740 -5.80220e-19 
7696.260 1.87697e-18 
7701.780 1.28888e-17 
7707.300 6.89367e-18 
7712.819 -7.64149e-19 
7718.339 1.33513e-17 
7723.859 -1.46288e-18 
7729.379 5.71636e-18 
7734.898 7.88764e-18 
7740.418 1.49392e-17 
7745.938 8.27428e-18 
7751.458 -1.51880e-18 
7756.978 3.30627e-19 
7762.498 -1.23311e-18 
7768.018 9.91679e-19 
7773.537 2.14494e-18 
7779.057 -5.10273e-18 
7784.577 8.69116e-18 
7790.097 1.16856e-17 
7795.617 -6.96232e-18 
7801.136 1.06451e-17 
7806.656 5.52754e-18 
7812.176 1.11621e-18 
7817.696 1.36996e-17 
7823.215 1.54227e-17 
7828.735 -5.24882e-18 
7834.255 -6.53788e-18 
7839.775 -3.62231e-18 
7845.295 -1.40996e-18 
7850.814 1.70109e-17 
7856.334 1.28512e-17 
7861.854 7.84079e-18 
7867.374 3.45848e-18 
7872.894 -3.35200e-18 
7878.414 -8.39104e-18 
7883.933 -4.00621e-18 
7889.453 9.26902e-18 
7894.973 6.64330e-18 
7900.493 -4.37524e-18 
7906.013 -1.28991e-19 
7911.532 6.64394e-18 
7917.052 1.17310e-17 
7922.572 4.84752e-18 
7928.092 6.40172e-18 
7933.611 1.19903e-17 
7939.131 1.22843e-17 
7944.651 4.26625e-18 
7950.171 -4.03599e-19 
7955.691 7.96781e-18 
7961.210 -5.75725e-18 
7966.730 -2.25438e-18 
7972.250 3.91894e-18 
7977.770 -3.49993e-18 
7983.290 4.07120e-18 
7988.810 1.23436e-17 
7994.330 4.89863e-18 
7999.849 9.21625e-18 
8005.369 8.71292e-18 
8010.889 -4.59815e-18 
8016.409 -4.75479e-18 
8021.928 -2.16940e-18 
8027.448 5.48464e-18 
8032.968 -3.62128e-18 
8038.488 3.32696e-18 
8044.008 7.81224e-18 
8049.527 4.22439e-19 
8055.047 1.19003e-18 
8060.567 3.14204e-18 
8066.087 1.08477e-17 
8071.606 1.44551e-17 
8077.126 8.42686e-18 
8082.646 6.62736e-18 
8088.166 -2.84634e-18 
8093.686 3.84020e-18 
8099.206 2.16245e-18 
8104.726 -6.98173e-18 
8110.245 -9.61085e-18 
8115.765 1.06665e-17 
8121.285 6.53240e-18 
8126.805 -5.12520e-18 
8132.324 7.73021e-18 
8137.844 -1.14410e-18 
8143.364 -4.26894e-18 
8148.884 -8.83555e-19 
8154.404 -5.11529e-18 
8159.923 3.85342e-18 
8165.443 1.70061e-17 
8170.963 7.59213e-18 
8176.483 -1.41963e-17 
8182.002 -1.26942e-17 
8187.522 7.83828e-18 
8193.042 7.05057e-18 
8198.563 -9.10272e-18 
8204.082 -8.52292e-18 
8209.602 9.08154e-18 
8215.121 7.28843e-18 
8220.642 5.23858e-18 
8226.161 5.68378e-18 
8231.681 1.69802e-17 
8237.200 -5.55672e-19 
8242.721 -2.34039e-18 
8248.240 -5.76128e-18 
8253.760 8.61905e-19 
8259.280 2.35720e-18 
8264.800 -1.57879e-18 
8270.319 4.98389e-18 
8275.839 -1.40556e-17 
8281.359 8.93811e-18 
8286.879 -4.89393e-18 
8292.398 -2.09264e-18 
8297.919 -9.23229e-18 
8303.438 1.19160e-18 
8308.958 1.25744e-17 
8314.478 3.43337e-18 
8319.998 -8.40904e-18 
8325.518 -5.61669e-19 
8331.037 4.12090e-18 
8336.557 1.68308e-18 
8342.077 8.81403e-18 
8347.597 1.33922e-17 
8353.116 6.93718e-18 
8358.637 1.67479e-17 
8364.156 7.40437e-18 
8369.676 1.43570e-18 
8375.195 1.17626e-17 
8380.716 -5.26412e-18 
8386.235 -2.18054e-18 
8391.755 5.67984e-19 
8397.274 1.00864e-17 
8402.795 1.10146e-18 
8408.314 6.03705e-18 
8413.834 1.04547e-17 
8419.354 -7.86972e-19 
8424.874 -1.96956e-18 
8430.394 1.51758e-19 
8435.913 2.74907e-17 
8441.434 1.38557e-17 
8446.953 1.44127e-17 
8452.473 1.73864e-17 
8457.993 1.39201e-17 
8463.513 1.27516e-17 
8469.032 1.98881e-17 
8474.552 1.09792e-17 
8480.072 1.29059e-18 
8485.592 1.03403e-17 
8491.111 9.27322e-18 
8496.631 -4.45087e-18 
8502.151 -3.24703e-18 
8507.671 -1.57995e-18 
8513.190 -8.08309e-18 
8518.711 -5.59030e-18 
8524.230 1.20011e-17 
8529.750 7.01839e-18 
8535.270 -2.66277e-18 
8540.790 1.06013e-19 
8546.310 -9.96503e-19 
8551.829 -3.18593e-18 
8557.350 1.49144e-18 
8562.869 -5.35802e-18 
8568.389 -1.98966e-18 
8573.908 -8.16478e-18 
8579.429 -6.35083e-18 
8584.948 -6.11918e-18 
8590.468 -2.03777e-17 
8595.987 -1.05927e-17 
8601.508 9.03872e-18 
8607.027 8.78163e-18 
8612.547 -2.86975e-18 
8618.067 -1.16408e-17 
8623.587 -1.15251e-17 
8629.106 -5.83569e-18 
8634.626 3.13718e-18 
8640.146 8.99449e-19 
8645.666 8.56382e-18 
8651.186 9.69970e-18 
8656.706 1.13088e-17 
8662.226 4.80986e-18 
8667.745 1.81887e-17 
8673.265 2.25887e-17 
8678.785 -3.40610e-18 
8684.305 -5.39847e-18 
8689.824 1.95800e-17 
8695.344 9.67221e-18 
8700.864 -1.17687e-17 
8706.384 1.20197e-17 
8711.903 8.83673e-18 
8717.424 9.00132e-18 
8722.943 4.23826e-18 
8728.463 2.64543e-18 
8733.982 4.71222e-18 
8739.503 -9.41192e-19 
8745.022 1.15141e-18 
8750.542 1.86433e-17 
8756.063 2.14363e-17 
8761.582 2.06026e-17 
8767.102 3.89473e-18 
8772.621 1.67490e-17 
8778.142 5.09516e-18 
8783.661 -6.33532e-18 
8789.181 -1.70718e-18 
8794.700 1.91974e-17 
8800.221 1.37599e-17 
8805.740 1.21446e-18 
8811.260 -2.82193e-18 
8816.780 -3.11864e-17 
8822.300 -5.00711e-17 
8827.819 8.05565e-18 
8833.339 4.86859e-17 
8838.859 2.04615e-17 
8844.379 -1.04383e-17 
8849.898 5.82450e-18 
8855.418 7.53030e-18 
8860.938 2.59286e-17 
8866.458 3.65950e-17 
8871.978 2.71362e-17 
8877.498 2.20077e-18 
8883.018 -2.53268e-17 
8888.537 -1.48032e-17 
8894.057 -2.24754e-18 
8899.577 1.15591e-17 
8905.097 3.76568e-17 
8910.616 3.24584e-17 
8916.137 1.34097e-18 
8921.656 1.97944e-17 
8927.176 2.74751e-17 
8932.695 2.30376e-17 
8938.216 2.95202e-17 
8943.735 3.22111e-17 
8949.255 -1.00893e-17 
8954.774 1.25404e-17 
8960.295 2.00679e-18 
8965.814 -1.42727e-17 
8971.334 1.73928e-18 
8976.854 -4.21036e-18 
8982.374 6.92932e-19 
8987.894 -7.98966e-18 
8993.413 -1.11869e-17 
8998.934 8.38455e-18 
9004.453 7.61807e-18 
9009.973 -1.98760e-18 
9015.493 2.35713e-18 
9021.013 9.08245e-18 
9026.532 2.23075e-17 
9032.052 4.89575e-18 
9037.572 1.60144e-18 
9043.092 1.29487e-17 
9048.611 1.90444e-18 
9054.131 -9.18447e-19 
9059.651 -3.33575e-17 
9065.171 3.53315e-18 
9070.690 -1.73797e-19 
9076.211 1.03684e-17 
9081.730 3.23519e-18 
9087.250 -1.61962e-17 
9092.770 8.43991e-19 
9098.290 4.80511e-19 
9103.810 3.38115e-17 
9109.329 8.05799e-18 
9114.850 -1.39395e-17 
9120.369 -9.19623e-19 
9125.889 2.33067e-17 
9131.408 3.93881e-17 
9136.929 1.87783e-17 
9142.448 -1.67948e-18 
9147.968 -1.58542e-17 
9153.487 7.37637e-18 
9159.008 2.71382e-17 
9164.527 -6.45373e-18 
9170.047 -7.13916e-18 
9175.567 1.29040e-17 
9181.087 6.12740e-18 
9186.606 -5.60573e-18 
9192.126 1.22230e-17 
9197.646 1.16502e-17 
9203.166 3.31196e-19 
9208.686 -3.41654e-19 
9214.206 -1.01260e-17 
9219.726 -8.78000e-18 
9225.245 1.39196e-17 
9230.765 -1.42986e-18 
