3651.49854  1.55012e-16
3657.01510  1.46701e-16
3662.53166  1.54660e-16
3668.04823  1.35499e-16
3673.56479  1.58782e-16
3679.08135  1.61146e-16
3684.59792  1.54944e-16
3690.11448  1.56497e-16
3695.63104  1.50525e-16
3701.14761  1.56652e-16
3706.66417  1.58136e-16
3712.18073  1.59333e-16
3717.69730  1.45411e-16
3723.21386  1.59218e-16
3728.73042  1.57492e-16
3734.24699  1.31633e-16
3739.76355  1.45179e-16
3745.28012  1.48543e-16
3750.79668  1.45587e-16
3756.31324  1.56154e-16
3761.82981  1.46675e-16
3767.34637  1.43230e-16
3772.86293  1.44247e-16
3778.37950  1.39117e-16
3783.89606  1.50613e-16
3789.41262  1.40903e-16
3794.92919  1.43961e-16
3800.44575  1.47099e-16
3805.96231  1.36391e-16
3811.47888  1.40033e-16
3816.99544  1.52108e-16
3822.51200  1.44355e-16
3828.02857  1.36083e-16
3833.54513  1.53262e-16
3839.06169  1.40343e-16
3844.57826  1.33952e-16
3850.09482  1.41061e-16
3855.61139  1.50647e-16
3861.12795  1.54434e-16
3866.64451  1.46563e-16
3872.16108  1.52665e-16
3877.67764  1.49244e-16
3883.19420  1.35818e-16
3888.71077  1.40731e-16
3894.22733  1.52257e-16
3899.74389  1.40426e-16
3905.26046  1.39068e-16
3910.77702  1.26340e-16
3916.29358  1.45499e-16
3921.81015  1.46023e-16
3927.32671  1.35536e-16
3932.84327  1.43929e-16
3938.35984  1.31419e-16
3943.87640  1.36715e-16
3949.39297  1.36310e-16
3954.90953  1.31029e-16
3960.42609  1.40697e-16
3965.94266  1.43596e-16
3971.45922  1.43540e-16
3976.97578  1.38467e-16
3982.49235  1.44510e-16
3988.00891  1.38690e-16
3993.52547  1.41280e-16
3999.04204  1.43475e-16
4004.55860  1.51665e-16
4010.07516  1.41602e-16
4015.59173  1.32921e-16
4021.10829  1.40830e-16
4026.62485  1.42389e-16
4032.14142  1.42771e-16
4037.65798  1.44602e-16
4043.17455  1.47807e-16
4048.69111  1.33156e-16
4054.20767  1.33990e-16
4059.72424  1.46471e-16
4065.24080  1.59180e-16
4070.75736  1.67092e-16
4076.27393  1.50532e-16
4081.79049  1.25546e-16
4087.30705  1.31651e-16
4092.82362  1.29303e-16
4098.34018  1.34572e-16
4103.85674  1.41865e-16
4109.37331  1.43049e-16
4114.88987  1.48035e-16
4120.40643  1.37699e-16
4125.92300  1.43959e-16
4131.43956  1.39275e-16
4136.95612  1.32802e-16
4142.47269  1.33822e-16
4147.98925  1.37278e-16
4153.50582  1.38095e-16
4159.02238  1.38696e-16
4164.53894  1.39194e-16
4170.05551  1.34205e-16
4175.57207  1.33345e-16
4181.08863  1.26994e-16
4186.60520  1.23509e-16
4192.12176  1.29022e-16
4197.63832  1.34478e-16
4203.15489  1.46084e-16
4208.67145  1.43478e-16
4214.18801  1.37898e-16
4219.70458  1.40730e-16
4225.22114  1.41270e-16
4230.73770  1.42284e-16
4236.25427  1.35109e-16
4241.77083  1.33727e-16
4247.28740  1.35084e-16
4252.80396  1.34409e-16
4258.32052  1.38231e-16
4263.83709  1.37394e-16
4269.35365  1.36195e-16
4274.87021  1.40441e-16
4280.38678  1.23325e-16
4285.90334  1.18453e-16
4291.41990  1.12197e-16
4296.93647  1.10052e-16
4302.45303  1.11845e-16
4307.96959  1.26241e-16
4313.48616  1.31165e-16
4319.00272  1.35217e-16
4324.51928  1.27602e-16
4330.03585  1.22614e-16
4335.55241  1.22112e-16
4341.06898  1.28552e-16
4346.58554  1.40104e-16
4352.10210  1.36468e-16
4357.61867  1.36562e-16
4363.13523  1.49383e-16
4368.65179  1.42507e-16
4374.16836  1.43460e-16
4379.68492  1.49798e-16
4385.20148  1.48371e-16
4390.71805  1.46976e-16
4396.23461  1.44756e-16
4401.75117  1.45705e-16
4407.26774  1.45079e-16
4412.78430  1.40479e-16
4418.30086  1.43476e-16
4423.81743  1.47262e-16
4429.33399  1.41610e-16
4434.85056  1.41606e-16
4440.36712  1.39497e-16
4445.88368  1.48888e-16
4451.40025  1.46660e-16
4456.91681  1.41162e-16
4462.43337  1.42900e-16
4467.94994  1.46802e-16
4473.46650  1.32510e-16
4478.98306  1.39116e-16
4484.49963  1.39776e-16
4490.01619  1.36298e-16
4495.53275  1.39070e-16
4501.04932  1.39363e-16
4506.56588  1.38704e-16
4512.08244  1.35130e-16
4517.59901  1.30342e-16
4523.11557  1.25665e-16
4528.63213  1.29173e-16
4534.14870  1.29096e-16
4539.66526  1.26729e-16
4545.18183  1.29030e-16
4550.69839  1.25834e-16
4556.21495  1.21944e-16
4561.73152  1.26814e-16
4567.24808  1.32112e-16
4572.76464  1.30999e-16
4578.28121  1.37137e-16
4583.79777  1.32576e-16
4589.31433  1.41182e-16
4594.83090  1.35889e-16
4600.34746  1.39288e-16
4605.86402  1.35730e-16
4611.38059  1.35312e-16
4616.89715  1.29470e-16
4622.41371  1.34277e-16
4627.93028  1.39318e-16
4633.44684  1.38424e-16
4638.96341  1.39818e-16
4644.47997  1.32185e-16
4649.99653  1.34966e-16
4655.51310  1.29136e-16
4661.02966  1.38401e-16
4666.54622  1.33566e-16
4672.06279  1.34840e-16
4677.57935  1.36694e-16
4683.09591  1.24258e-16
4688.61248  1.27952e-16
4694.12904  1.21313e-16
4699.64560  1.27036e-16
4705.16217  1.27638e-16
4710.67873  1.34710e-16
4716.19529  1.31497e-16
4721.71186  1.25751e-16
4727.22842  1.29494e-16
4732.74499  1.33782e-16
4738.26155  1.30218e-16
4743.77811  1.30623e-16
4749.29468  1.36359e-16
4754.81124  1.32409e-16
4760.32780  1.34786e-16
4765.84437  1.35511e-16
4771.36093  1.31790e-16
4776.87749  1.31865e-16
4782.39406  1.29302e-16
4787.91062  1.29933e-16
4793.42718  1.36881e-16
4798.94375  1.29330e-16
4804.46031  1.32958e-16
4809.97687  1.31336e-16
4815.49344  1.29801e-16
4821.01000  1.38562e-16
4826.52657  1.38406e-16
4832.04313  1.36619e-16
4837.55969  1.35065e-16
4843.07626  1.33281e-16
4848.59282  1.40013e-16
4854.10938  1.30668e-16
4859.62595  1.36521e-16
4865.14251  1.34668e-16
4870.65907  1.36214e-16
4876.17564  1.33688e-16
4881.69220  1.40635e-16
4887.20876  1.33234e-16
4892.72533  1.35628e-16
4898.24189  1.43365e-16
4903.75845  1.35642e-16
4909.27502  1.41301e-16
4914.79158  1.39560e-16
4920.30814  1.44603e-16
4925.82471  1.42907e-16
4931.34127  1.40091e-16
4936.85784  1.40608e-16
4942.37440  1.30069e-16
4947.89096  1.26420e-16
4953.40753  1.37449e-16
4958.92409  1.38401e-16
4964.44065  1.39757e-16
4969.95722  1.39291e-16
4975.47378  1.37626e-16
4980.99034  1.42008e-16
4986.50691  1.42678e-16
4992.02347  1.35988e-16
4997.54003  1.40512e-16
5003.05660  1.37011e-16
5008.57316  1.38923e-16
5014.08972  1.41072e-16
5019.60629  1.39752e-16
5025.12285  1.49210e-16
5030.63942  1.43272e-16
5036.15598  1.34994e-16
5041.67254  1.45051e-16
5047.18911  1.49796e-16
5052.70567  1.31987e-16
5058.22223  1.38234e-16
5063.73880  1.30294e-16
5069.25536  1.32274e-16
5074.77192  1.33395e-16
5080.28849  1.28261e-16
5085.80505  1.30150e-16
5091.32161  1.29878e-16
5096.83818  1.32986e-16
5102.35474  1.33757e-16
5107.87130  1.38939e-16
5113.38787  1.39862e-16
5118.90443  1.46399e-16
5124.42100  1.44846e-16
5129.93756  1.35387e-16
5135.45412  1.44118e-16
5140.97069  1.49207e-16
5146.48725  1.48016e-16
5152.00381  1.43936e-16
5157.52038  1.44843e-16
5163.03694  1.46678e-16
5168.55350  1.45388e-16
5174.07007  1.44704e-16
5179.58663  1.43477e-16
5185.10319  1.45389e-16
5190.61976  1.39764e-16
5196.13632  1.40877e-16
5201.65288  1.41817e-16
5207.16945  1.40462e-16
5212.68601  1.42972e-16
5218.20258  1.46112e-16
5223.71914  1.42322e-16
5229.23570  1.44349e-16
5234.75227  1.41124e-16
5240.26883  1.38018e-16
5245.78539  1.35398e-16
5251.30196  1.42014e-16
5256.81852  1.45454e-16
5262.33508  1.45518e-16
5267.85165  1.44169e-16
5273.36821  1.34546e-16
5278.88477  1.41151e-16
5284.40134  1.36353e-16
5289.91790  1.32660e-16
5295.43446  1.36734e-16
5300.95103  1.42767e-16
5306.46759  1.45418e-16
5311.98415  1.34253e-16
5317.50072  1.33543e-16
5323.01728  1.33498e-16
5328.53385  1.36507e-16
5334.05041  1.35268e-16
5339.56697  1.31504e-16
5345.08354  1.39990e-16
5350.60010  1.35501e-16
5356.11666  1.35054e-16
5361.63323  1.35854e-16
5367.14979  1.31822e-16
5372.66635  1.32377e-16
5378.18292  1.33657e-16
5383.69948  1.33381e-16
5389.21604  1.32107e-16
5394.73261  1.31739e-16
5400.24917  1.37530e-16
5405.76573  1.36314e-16
5411.28230  1.39466e-16
5416.79886  1.35436e-16
5422.31543  1.31692e-16
5427.83199  1.38365e-16
5433.34855  1.34177e-16
5438.86512  1.32413e-16
5444.38168  1.24116e-16
5449.89824  1.36531e-16
5455.41481  1.42988e-16
5460.93137  1.35472e-16
5466.44793  1.35064e-16
5471.96450  1.30101e-16
5477.48106  1.26424e-16
5482.99762  1.32517e-16
5488.51419  1.31697e-16
5494.03075  1.24912e-16
5499.54731  1.32422e-16
5505.06388  1.25835e-16
5510.58044  1.30823e-16
5516.09701  1.24272e-16
5521.61357  1.29758e-16
5527.13013  1.30878e-16
5532.64670  1.21958e-16
5538.16326  1.28320e-16
5543.67982  1.25673e-16
5549.19639  1.28798e-16
5554.71295  1.29989e-16
5560.22951  1.25753e-16
5565.74608  1.18935e-16
5571.26264  1.26016e-16
5576.77920  1.54473e-16
5582.29577  1.33950e-16
5587.81233  1.21423e-16
5593.32889  1.22515e-16
5598.84546  1.22593e-16
5604.36202  1.11104e-16
5609.87859  1.15304e-16
5615.39515  1.20493e-16
5620.91171  1.19648e-16
5626.42828  1.15448e-16
5631.94484  1.08122e-16
5637.46140  1.06805e-16
5642.97797  1.10156e-16
5648.49453  1.10384e-16
5654.01109  1.13983e-16
5659.52766  1.12324e-16
5665.04422  1.19358e-16
5670.56078  1.21129e-16
5676.07735  1.19348e-16
5681.59391  1.11979e-16
5687.11047  1.18077e-16
5692.62704  1.18831e-16
5698.14360  1.16399e-16
5703.66016  1.17047e-16
5709.17673  1.16672e-16
5714.69329  1.16494e-16
5720.20986  1.16052e-16
5725.72642  1.19433e-16
5731.24298  1.17765e-16
5736.75955  1.26409e-16
5742.27611  1.16495e-16
5747.79267  1.11896e-16
5753.30924  1.14316e-16
5758.82580  1.10443e-16
5764.34236  1.15511e-16
5769.85893  1.19434e-16
5775.37549  1.21650e-16
5780.89205  1.18007e-16
5786.40862  1.16605e-16
5791.92518  1.21988e-16
5797.44174  1.22118e-16
5802.95831  1.11546e-16
5808.47487  1.15977e-16
5813.99144  1.15982e-16
5819.50800  1.14989e-16
5825.02456  1.10968e-16
5830.54113  1.20199e-16
5836.05769  1.22503e-16
5841.57425  1.19381e-16
5847.09082  1.18261e-16
5852.60738  1.13050e-16
5858.12394  1.21016e-16
5863.64051  1.25205e-16
5869.15707  1.19207e-16
5874.67363  1.18789e-16
5880.19020  1.17584e-16
5885.70676  1.09771e-16
5891.22332  1.15955e-16
5896.73989  1.12421e-16
5902.25645  1.17667e-16
5907.77302  1.13403e-16
5913.28958  1.12137e-16
5918.80614  1.09403e-16
5924.32271  1.11678e-16
5929.83927  1.22391e-16
5935.35583  1.18338e-16
5940.87240  1.15285e-16
5946.38896  1.16611e-16
5951.90552  1.18122e-16
5957.42209  1.18477e-16
5962.93865  1.13311e-16
5968.45521  1.14916e-16
5973.97178  1.16083e-16
5979.48834  1.13814e-16
5985.00490  1.12785e-16
5990.52147  1.14101e-16
5996.03803  1.12971e-16
6001.55460  1.09862e-16
6007.07116  1.11405e-16
6012.58772  1.11717e-16
6018.10429  1.14043e-16
6023.62085  1.14148e-16
6029.13741  1.11870e-16
6034.65398  1.20755e-16
6040.17054  1.18758e-16
6045.68710  1.15916e-16
6051.20367  1.12520e-16
6056.72023  1.13851e-16
6062.23679  1.17030e-16
6067.75336  1.16475e-16
6073.26992  1.13273e-16
6078.78648  1.13670e-16
6084.30305  1.17512e-16
6089.81961  1.10910e-16
6095.33617  1.09366e-16
6100.85274  1.09492e-16
6106.36930  1.10387e-16
6111.88587  1.13859e-16
6117.40243  1.14801e-16
6122.91899  1.13731e-16
6128.43556  1.08983e-16
6133.95212  1.12372e-16
6139.46868  1.09604e-16
6144.98525  1.16204e-16
6150.50181  1.14334e-16
6156.01837  1.11695e-16
6161.53494  1.07377e-16
6167.05150  1.09658e-16
6172.56806  1.11641e-16
6178.08463  1.08771e-16
6183.60119  1.12440e-16
6189.11775  1.15456e-16
6194.63432  1.17930e-16
6200.15088  1.13557e-16
6205.66745  1.11955e-16
6211.18401  1.16898e-16
6216.70057  1.13904e-16
6222.21714  1.13705e-16
6227.73370  1.16322e-16
6233.25026  1.15799e-16
6238.76683  1.16754e-16
6244.28339  1.20314e-16
6249.79995  1.19417e-16
6255.31652  1.13143e-16
6260.83308  1.15603e-16
6266.34964  1.18690e-16
6271.86621  1.13963e-16
6277.38277  1.13783e-16
6282.89933  1.14120e-16
6288.41590  1.13704e-16
6293.93246  1.16907e-16
6299.44903  1.23214e-16
6304.96559  1.17652e-16
6310.48215  1.05076e-16
6315.99872  1.15909e-16
6321.51528  1.23615e-16
6327.03184  1.20164e-16
6332.54841  1.13399e-16
6338.06497  1.19934e-16
6343.58153  1.22213e-16
6349.09810  1.16605e-16
6354.61466  1.21070e-16
6360.13122  1.22259e-16
6365.64779  1.26272e-16
6371.16435  1.13610e-16
6376.68091  1.12531e-16
6382.19748  1.15456e-16
6387.71404  1.14647e-16
6393.23061  1.12302e-16
6398.74717  1.15353e-16
6404.26373  1.17972e-16
6409.78030  1.15992e-16
6415.29686  1.13846e-16
6420.81342  1.09472e-16
6426.32999  1.11368e-16
6431.84655  1.10656e-16
6437.36311  1.07942e-16
6442.87968  1.10025e-16
6448.39624  1.08393e-16
6453.91280  1.15257e-16
6459.42937  1.12802e-16
6464.94593  1.12461e-16
6470.46249  1.14634e-16
6475.97906  1.14434e-16
6481.49562  1.09887e-16
6487.01218  1.12611e-16
6492.52875  1.14420e-16
6498.04531  1.13466e-16
6503.56188  1.14863e-16
6509.07844  1.12337e-16
6514.59500  1.06568e-16
6520.11157  1.10200e-16
6525.62813  1.16868e-16
6531.14469  1.12015e-16
6536.66126  1.10367e-16
6542.17782  1.07199e-16
6547.69438  1.11763e-16
6553.21095  1.12088e-16
6558.72751  1.07935e-16
6564.24407  1.12665e-16
6569.76064  1.14203e-16
6575.27720  1.12490e-16
6580.79376  1.16183e-16
6586.31033  1.17343e-16
6591.82689  1.16564e-16
6597.34346  1.12552e-16
6602.86002  1.13530e-16
6608.37658  1.10127e-16
6613.89315  1.11003e-16
6619.40971  1.16641e-16
6624.92627  1.19656e-16
6630.44284  1.16340e-16
6635.95940  1.21731e-16
6641.47596  1.10480e-16
6646.99253  1.10452e-16
6652.50909  1.09493e-16
6658.02565  1.13327e-16
6663.54222  1.11728e-16
6669.05878  1.10143e-16
6674.57534  1.10379e-16
6680.09191  1.12996e-16
6685.60847  1.10824e-16
6691.12504  1.09326e-16
6696.64160  1.09217e-16
6702.15816  1.13189e-16
6707.67473  1.15722e-16
6713.19129  1.12462e-16
6718.70785  1.07462e-16
6724.22442  1.04495e-16
6729.74098  1.03768e-16
6735.25754  1.06979e-16
6740.77411  1.11766e-16
6746.29067  1.11157e-16
6751.80723  1.14116e-16
6757.32380  1.11953e-16
6762.84036  1.14973e-16
6768.35692  1.08279e-16
6773.87349  1.05766e-16
6779.39005  1.04199e-16
6784.90662  1.08488e-16
6790.42318  1.06187e-16
6795.93974  1.07412e-16
6801.45631  1.07838e-16
6806.97287  1.04371e-16
6812.48943  1.08751e-16
6818.00600  1.11797e-16
6823.52256  1.09534e-16
6829.03912  1.07311e-16
6834.55569  1.08273e-16
6840.07225  1.07797e-16
6845.58881  1.04600e-16
6851.10538  1.08300e-16
6856.62194  1.08190e-16
6862.13850  1.10141e-16
6867.65507  1.11371e-16
6873.17163  1.03685e-16
6878.68819  9.94476e-17
6884.20476  1.10627e-16
6889.72132  1.15470e-16
6895.23789  1.10616e-16
6900.75445  1.13774e-16
6906.27101  1.17952e-16
6911.78758  1.22511e-16
6917.30414  1.24017e-16
6922.82070  1.26853e-16
6928.33727  1.25480e-16
6933.85383  1.24376e-16
6939.37039  1.26514e-16
6944.88696  1.27365e-16
6950.40352  1.24293e-16
6955.92008  1.32186e-16
6961.43665  1.20448e-16
6966.95321  1.24772e-16
6972.46977  1.19598e-16
6977.98634  1.23121e-16
6983.50290  1.27597e-16
6989.01947  1.21528e-16
6994.53603  1.22568e-16
7000.05259  1.23726e-16
7005.56916  1.17810e-16
7011.08572  1.19806e-16
7016.60228  1.26280e-16
7022.11885  1.23353e-16
7027.63541  1.23870e-16
7033.15197  1.29297e-16
7038.66854  1.27566e-16
7044.18510  1.20798e-16
7049.70166  1.24649e-16
7055.21823  1.29052e-16
7060.73479  1.25517e-16
7066.25135  1.20565e-16
7071.76792  1.19848e-16
7077.28448  1.22463e-16
7082.80105  1.21597e-16
7088.31761  1.20539e-16
7093.83417  1.26789e-16
7099.35074  1.26187e-16
7104.86730  1.22696e-16
7110.38386  1.22209e-16
7115.90043  1.32778e-16
7121.41699  1.26091e-16
7126.93355  1.24127e-16
7132.45012  1.31563e-16
7137.96668  1.28430e-16
7143.48324  1.41436e-16
7148.99981  1.54745e-16
7154.51637  1.62184e-16
7160.03293  1.70584e-16
7165.54950  1.61416e-16
7171.06606  1.45368e-16
7176.58262  1.36991e-16
7182.09919  1.43405e-16
7187.61575  1.43814e-16
7193.13232  1.26936e-16
7198.64888  1.18655e-16
7204.16544  1.20796e-16
7209.68201  1.19301e-16
7215.19857  1.23871e-16
7220.71513  1.24604e-16
7226.23170  1.19937e-16
7231.74826  1.15656e-16
7237.26482  1.20756e-16
7242.78139  1.29171e-16
7248.29795  1.28078e-16
7253.81451  1.10744e-16
7259.33108  1.13069e-16
7264.84764  1.23896e-16
7270.36420  1.29494e-16
7275.88077  1.26195e-16
7281.39733  1.13302e-16
7286.91390  1.18636e-16
7292.43046  1.17148e-16
7297.94702  1.19443e-16
7303.46359  1.23318e-16
7308.98015  1.19785e-16
7314.49671  1.14464e-16
7320.01328  1.19835e-16
7325.52984  1.32331e-16
7331.04640  1.41618e-16
7336.56297  1.36760e-16
7342.07953  1.26954e-16
7347.59609  1.25696e-16
7353.11266  1.22551e-16
7358.62922  1.22731e-16
7364.14578  1.14779e-16
7369.66235  1.13086e-16
7375.17891  1.12962e-16
7380.69548  1.14068e-16
7386.21204  1.21672e-16
7391.72860  1.14242e-16
7397.24517  1.17994e-16
7402.76173  1.11241e-16
7408.27829  1.12612e-16
7413.79486  1.22018e-16
7419.31142  1.16249e-16
7424.82798  1.21540e-16
7430.34455  1.15805e-16
7435.86111  1.13635e-16
7441.37767  1.13136e-16
7446.89424  1.15132e-16
7452.41080  1.18046e-16
7457.92736  1.10921e-16
7463.44393  1.04160e-16
7468.96049  1.07389e-16
7474.47706  1.12759e-16
7479.99362  1.13032e-16
7485.51018  1.14929e-16
7491.02675  1.08469e-16
7496.54331  1.04637e-16
7502.05987  1.05771e-16
7507.57644  1.11483e-16
7513.09300  1.17583e-16
7518.60956  1.22284e-16
7524.12613  1.07352e-16
7529.64269  1.10234e-16
7535.15925  1.02684e-16
7540.67582  1.03421e-16
7546.19238  1.04696e-16
7551.70894  1.12347e-16
7557.22551  1.07228e-16
7562.74207  1.03095e-16
7568.25863  1.06937e-16
7573.77520  1.02583e-16
7579.29176  1.11324e-16
7584.80833  1.14109e-16
7590.32489  1.08788e-16
7595.84145  9.19821e-17
7601.35802  8.20225e-17
7606.87458  7.70353e-17
7612.39114  8.81734e-17
7617.90771  1.00975e-16
7623.42427  9.96960e-17
7628.94083  9.52514e-17
7634.45740  8.47120e-17
7639.97396  8.52935e-17
7645.49052  9.42375e-17
7651.00709  9.72494e-17
7656.52365  9.79461e-17
7662.04021  1.03672e-16
7667.55678  9.34072e-17
7673.07334  9.50255e-17
7678.58991  1.09734e-16
7684.10647  1.10604e-16
7689.62303  1.04006e-16
7695.13960  1.03957e-16
7700.65616  9.50863e-17
7706.17272  9.17435e-17
7711.68929  9.94310e-17
7717.20585  1.10750e-16
7722.72241  1.08170e-16
7728.23898  9.48041e-17
7733.75554  9.01479e-17
7739.27210  9.76501e-17
7744.78867  9.91889e-17
7750.30523  1.08451e-16
7755.82179  1.09955e-16
7761.33836  9.93143e-17
7766.85492  9.15446e-17
7772.37149  8.65666e-17
7777.88805  8.95658e-17
7783.40461  9.82493e-17
7788.92118  1.05420e-16
7794.43774  1.05437e-16
7799.95430  9.29151e-17
7805.47087  9.20828e-17
7810.98743  9.05688e-17
7816.50399  1.03610e-16
7822.02056  1.01064e-16
7827.53712  9.75723e-17
7833.05368  9.53336e-17
7838.57025  9.01183e-17
7844.08681  9.29337e-17
7849.60337  8.91428e-17
7855.11994  1.00228e-16
7860.63650  1.04976e-16
7866.15307  1.04299e-16
7871.66963  9.21256e-17
7877.18619  8.16676e-17
7882.70276  8.69453e-17
7888.21932  9.85922e-17
7893.73588  9.95119e-17
7899.25245  9.74183e-17
7904.76901  9.29775e-17
7910.28557  8.42991e-17
7915.80214  8.74852e-17
7921.31870  9.83732e-17
7926.83526  9.97511e-17
7932.35183  1.08955e-16
7937.86839  1.05592e-16
7943.38495  9.50761e-17
7948.90152  9.24693e-17
7954.41808  1.00931e-16
7959.93464  1.05391e-16
7965.45121  1.14799e-16
7970.96777  1.09908e-16
7976.48434  8.60063e-17
7982.00090  8.90776e-17
7987.51746  9.32876e-17
7993.03403  9.98869e-17
7998.55059  1.01755e-16
8004.06715  1.04053e-16
8009.58372  9.30347e-17
8015.10028  9.02470e-17
8020.61684  9.30328e-17
8026.13341  1.01173e-16
8031.64997  1.04588e-16
8037.16653  9.74685e-17
8042.68310  1.00601e-16
8048.19966  1.01668e-16
8053.71622  9.01293e-17
8059.23279  9.65231e-17
8064.74935  9.81501e-17
8070.26592  1.04291e-16
8075.78248  9.67355e-17
8081.29904  9.38312e-17
8086.81561  8.87135e-17
8092.33217  8.20545e-17
8097.84873  9.95071e-17
8103.36530  9.59031e-17
8108.88186  1.06031e-16
8114.39842  9.96863e-17
8119.91499  9.56396e-17
8125.43155  9.48432e-17
8130.94811  9.22792e-17
8136.46468  1.01484e-16
8141.98124  9.88511e-17
8147.49780  9.95602e-17
8153.01437  9.72272e-17
8158.53093  9.39325e-17
8164.04750  9.92730e-17
8169.56406  8.91019e-17
8175.08062  8.59362e-17
8180.59719  9.98855e-17
8186.11375  1.05612e-16
8191.63031  9.80715e-17
8197.14688  9.29499e-17
8202.66344  8.60074e-17
8208.18000  9.99157e-17
8213.69657  1.04650e-16
8219.21313  1.05563e-16
8224.72969  9.05493e-17
8230.24626  9.40901e-17
8235.76282  8.75698e-17
8241.27938  9.41375e-17
8246.79595  9.39784e-17
8252.31251  1.04735e-16
8257.82908  1.01479e-16
8263.34564  9.84101e-17
8268.86220  1.00180e-16
8274.37877  8.30917e-17
8279.89533  8.75405e-17
8285.41189  9.48387e-17
8290.92846  1.07757e-16
8296.44502  1.15712e-16
8301.96158  1.02956e-16
8307.47815  8.78837e-17
8312.99471  8.42878e-17
8318.51127  8.79577e-17
8324.02784  1.02966e-16
8329.54440  1.04025e-16
8335.06096  9.50606e-17
8340.57753  9.61105e-17
8346.09409  8.30979e-17
8351.61065  8.15139e-17
8357.12722  7.67343e-17
8362.64378  1.07034e-16
8368.16035  1.01592e-16
8373.67691  9.32304e-17
8379.19347  8.44786e-17
8384.71004  8.26048e-17
8390.22660  8.76169e-17
8395.74316  9.51516e-17
8401.25973  1.16563e-16
8406.77629  8.89471e-17
8412.29285  9.36339e-17
8417.80942  8.00450e-17
8423.32598  7.86325e-17
8428.84254  8.65405e-17
8434.35911  1.03182e-16
8439.87567  1.03040e-16
8445.39223  9.15047e-17
8450.90880  8.96344e-17
8456.42536  7.68745e-17
8461.94193  7.71849e-17
8467.45849  8.17210e-17
8472.97505  9.33649e-17
8478.49162  1.04869e-16
8484.00818  1.03302e-16
8489.52474  8.98685e-17
8495.04131  8.07594e-17
8500.55787  8.68154e-17
8506.07443  8.42658e-17
8511.59100  8.12218e-17
8517.10756  8.73437e-17
8522.62412  1.02190e-16
8528.14069  8.39785e-17
8533.65725  8.53965e-17
8539.17381  8.92389e-17
8544.69038  9.85821e-17
8550.20694  1.01924e-16
8555.72351  9.38070e-17
8561.24007  9.14446e-17
8566.75663  8.29429e-17
8572.27320  7.73772e-17
8577.78976  8.37763e-17
8583.30632  1.00147e-16
8588.82289  1.03430e-16
8594.33945  9.70888e-17
8599.85601  9.20302e-17
8605.37258  8.69925e-17
8610.88914  8.26710e-17
8616.40570  9.10049e-17
8621.92227  9.34153e-17
8627.43883  9.76258e-17
8632.95539  1.08770e-16
8638.47196  8.89303e-17
8643.98852  6.67924e-17
8649.50509  6.68862e-17
8655.02165  7.86135e-17
8660.53821  6.64309e-17
8666.05478  7.97784e-17
8671.57134  9.99689e-17
8677.08790  8.66578e-17
8682.60447  8.60979e-17
8688.12103  7.04220e-17
8693.63759  9.12617e-17
8699.15416  8.98374e-17
8704.67072  1.02386e-16
8710.18728  9.99712e-17
8715.70385  8.52983e-17
8721.22041  7.27842e-17
8726.73697  7.94489e-17
8732.25354  8.05141e-17
8737.77010  9.07013e-17
8743.28666  9.70132e-17
8748.80323  1.01113e-16
8754.31979  9.76569e-17
8759.83636  8.16088e-17
8765.35292  7.09914e-17
8770.86948  9.24244e-17
8776.38605  8.61331e-17
8781.90261  9.08098e-17
8787.41917  1.01318e-16
8792.93574  9.10004e-17
8798.45230  8.41240e-17
8803.96886  8.25308e-17
8809.48543  8.78772e-17
8815.00199  9.21773e-17
8820.51855  1.07992e-16
8826.03512  1.14321e-16
8831.55168  1.04450e-16
8837.06824  9.55096e-17
8842.58481  7.54286e-17
8848.10137  8.90456e-17
8853.61794  9.89410e-17
8859.13450  1.00868e-16
8864.65106  8.84662e-17
8870.16763  7.78792e-17
8875.68419  8.62351e-17
8881.20075  7.25241e-17
8886.71732  8.25984e-17
8892.23388  9.81569e-17
8897.75044  9.65536e-17
8903.26701  9.40204e-17
8908.78357  6.66387e-17
8914.30013  7.26852e-17
8919.81670  9.96636e-17
8925.33326  9.22286e-17
8930.84982  8.18267e-17
8936.36639  8.42670e-17
8941.88295  8.24260e-17
8947.39952  7.37553e-17
8952.91608  6.36734e-17
8958.43264  7.16729e-17
8963.94921  8.53766e-17
8969.46577  8.80210e-17
8974.98233  8.10205e-17
8980.49890  7.43727e-17
8986.01546  7.64707e-17
8991.53202  8.63138e-17
8997.04859  1.01458e-16
9002.56515  9.16966e-17
9008.08171  8.63476e-17
9013.59828  8.04217e-17
9019.11484  7.54437e-17
9024.63140  8.73396e-17
9030.14797  9.86802e-17
9035.66453  1.04608e-16
9041.18110  8.02811e-17
9046.69766  8.09256e-17
9052.21422  8.30622e-17
9057.73079  7.87801e-17
9063.24735  9.28840e-17
9068.76391  6.86520e-17
9074.28048  6.75512e-17
9079.79704  7.92616e-17
9085.31360  7.68587e-17
9090.83017  8.43142e-17
9096.34673  7.91821e-17
9101.86329  8.58619e-17
9107.37986  7.15459e-17
9112.89642  7.44574e-17
9118.41298  8.52235e-17
9123.92955  8.81117e-17
9129.44611  9.47948e-17
9134.96267  7.36921e-17
9140.47924  8.05428e-17
9145.99580  9.20490e-17
9151.51237  9.09551e-17
9157.02893  8.41267e-17
9162.54549  8.27529e-17
9168.06206  8.02622e-17
9173.57862  7.29505e-17
9179.09518  8.02459e-17
9184.61175  8.16322e-17
9190.12831  8.59693e-17
9195.64487  7.23349e-17
9201.16144  6.93934e-17
9206.67800  8.29116e-17
9212.19456  8.77054e-17
9217.71113  6.22044e-17
9223.22769  8.89221e-17
9228.74425  8.52985e-17
9234.26082  7.88268e-17
9239.77738  8.12683e-17
9245.29395  7.11596e-17
